40 GB
0
0
0
0
0
3.2
8
12.8
16
20.8
25.6
30.4
33.6
38.4
43.2
48
52.8
57.6
62.4
67.2
72
76.8
80
84.8
89.6
91.2
91.2
91.2
94.4
92.8
92.8
92.8
94.4
94.4
94.4
92.8
92.8
92.8
91.2
91.2
89.6
89.6
91.2
91.2
91.2
91.2
89.6
89.6
88
88
86.4
86.4
86.4
86.4
86.4
88
88
88
89.6
89.6
91.2
91.2
91.2
91.2
91.2
91.2
92.8
91.2
89.6
91.2
92.8
91.2
91.2
91.2
91.2
91.2
91.2
91.2
89.6
89.6
89.6
89.6
89.6
88
88
88
86.4
88
89.6
89.6
88
89.6
89.6
89.6
89.6
89.6
89.6
88
89.6
89.6
89.6
89.6
89.6
91.2
89.6
89.6
91.2
91.2
91.2
91.2
92.8
92.8
92.8
92.8
92.8
91.2
91.2
92.8
92.8
92.8
92.8
92.8
91.2
91.2
92.8
92.8
92.8
91.2
91.2
91.2
91.2
89.6
89.6
89.6
89.6
91.2
91.2
91.2
91.2
91.2
86.4
81.6
78.4
73.6
68.8
64
59.2
56
51.2
46.4
41.6
38.4
35.2
35.2
35.2
35.2
33.6
33.6
33.6
33.6
38.4
43.2
48
52.8
57.6
62.4
67.2
72
76.8
81.6
88
92.8
96
96
96
96
97.6
96
96
96
96
94.4
94.4
94.4
94.4
94.4
94.4
94.4
94.4
94.4
92.8
92.8
92.8
92.8
92.8
96
99.2
100.8
100.8
100.8
99.2
100.8
99.2
102.4
102.4
100.8
102.4
104
104
102.4
102.4
102.4
102.4
104
104
100.8
97.6
97.6
99.2
100.8
105.6
105.6
107.2
105.6
107.2
110.4
108.8
107.2
107.2
108.8
108.8
107.2
107.2
105.6
105.6
104
104
102.4
100.8
99.2
96
96
96
94.4
92.8
92.8
92.8
94.4
96
97.6
99.2
102.4
100.8
105.6
107.2
107.2
108.8
108.8
108.8
108.8
108.8
107.2
107.2
107.2
107.2
108.8
108.8
107.2
108.8
107.2
107.2
107.2
108.8
104
102.4
107.2
105.6
107.2
107.2
108.8
107.2
112
112
110.4
113.6
110.4
112
116.8
115.2
115.2
113.6
115.2
118.4
116.8
120
116.8
118.4
118.4
118.4
115.2
120
118.4
118.4
120
118.4
120
118.4
115.2
115.2
118.4
118.4
115.2
116.8
123.2
126.4
129.6
128
128
129.6
132.8
131.2
129.6
129.6
129.6
131.2
129.6
131.2
129.6
129.6
129.6
131.2
132.8
128
126.4
118.4
115.2
116.8
120
118.4
118.4
116.8
118.4
120
121.6
120
120
118.4
116.8
115.2
115.2
115.2
115.2
113.6
113.6
118.4
121.6
120
118.4
118.4
118.4
120
120
116.8
115.2
113.6
113.6
113.6
116.8
116.8
116.8
113.6
113.6
115.2
113.6
108.8
108.8
110.4
110.4
112
110.4
112
112
115.2
115.2
116.8
118.4
120
118.4
120
116.8
121.6
118.4
120
120
123.2
123.2
123.2
121.6
120
120
120
118.4
121.6
123.2
123.2
124.8
126.4
129.6
126.4
129.6
124.8
128
129.6
129.6
129.6
126.4
123.2
123.2
126.4
126.4
124.8
124.8
123.2
123.2
124.8
121.6
118.4
116.8
121.6
120
124.8
124.8
123.2
123.2
123.2
124.8
128
129.6
128
132.8
136
137.6
137.6
137.6
136
137.6
137.6
139.2
140.8
145.6
150.4
155.2
161.6
161.6
160
158.4
160
158.4
158.4
153.6
152
150.4
147.2
147.2
152
153.6
160
156.8
153.6
150.4
142.4
137.6
131.2
129.6
132.8
136
134.4
137.6
137.6
136
136
137.6
139.2
137.6
132.8
129.6
124.8
128
128
128
132.8
136
139.2
139.2
137.6
136
136
132.8
132.8
136
134.4
136
137.6
142.4
144
144
145.6
144
145.6
147.2
144
140.8
137.6
139.2
139.2
139.2
140.8
142.4
144
142.4
142.4
140.8
139.2
136
132.8
134.4
136
134.4
134.4
131.2
132.8
131.2
131.2
131.2
129.6
131.2
131.2
131.2
129.6
131.2
131.2
131.2
131.2
132.8
136
136
131.2
132.8
131.2
129.6
128
131.2
132.8
132.8
136
132.8
131.2
132.8
131.2
131.2
131.2
132.8
134.4
132.8
132.8
132.8
134.4
134.4
134.4
136
136
134.4
132.8
131.2
131.2
134.4
132.8
131.2
132.8
132.8
134.4
132.8
132.8
131.2
131.2
131.2
129.6
128
128
129.6
128
128
129.6
132.8
131.2
129.6
131.2
131.2
129.6
129.6
129.6
131.2
129.6
131.2
129.6
131.2
131.2
132.8
134.4
131.2
132.8
134.4
131.2
129.6
131.2
129.6
131.2
129.6
132.8
134.4
134.4
131.2
131.2
129.6
128
124.8
124.8
123.2
121.6
121.6
124.8
124.8
126.4
126.4
129.6
134.4
136
139.2
140.8
145.6
147.2
155.2
160
168
172.8
179.2
184
185.6
185.6
188.8
192
195.2
196.8
200
196.8
200
201.6
206.4
204.8
200
203.2
196.8
192
190.4
192
187.2
187.2
190.4
192
195.2
195.2
195.2
198.4
201.6
204.8
201.6
201.6
200
204.8
208
208
212.8
217.6
217.6
216
220.8
224
225.6
225.6
225.6
224
222.4
222.4
220.8
220.8
224
224
225.6
224
222.4
216
211.2
206.4
200
198.4
198.4
196.8
196.8
200
196.8
196.8
200
200
201.6
201.6
200
200
200
200
203.2
208
208
209.6
211.2
216
216
217.6
217.6
217.6
217.6
214.4
208
206.4
204.8
204.8
204.8
206.4
204.8
206.4
204.8
203.2
206.4
209.6
214.4
214.4
214.4
214.4
214.4
211.2
214.4
219.2
224
225.6
225.6
220.8
216
209.6
211.2
209.6
208
211.2
206.4
204.8
206.4
198.4
195.2
195.2
195.2
196.8
198.4
196.8
196.8
198.4
198.4
203.2
209.6
212.8
212.8
209.6
211.2
209.6
216
217.6
217.6
224
227.2
225.6
225.6
227.2
220.8
217.6
212.8
212.8
212.8
214.4
212.8
214.4
212.8
217.6
214.4
214.4
216
214.4
214.4
214.4
216
216
217.6
217.6
220.8
225.6
230.4
230.4
230.4
230.4
230.4
232
232
232
233.6
235.2
233.6
235.2
235.2
235.2
235.2
235.2
235.2
235.2
238.4
236.8
235.2
228.8
220.8
212.8
209.6
201.6
198.4
190.4
185.6
176
171.2
164.8
156.8
148.8
140.8
132.8
124.8
118.4
110.4
102.4
97.6
96
97.6
96
92.8
92.8
88
88
88
89.6
88
86.4
86.4
88
86.4
88
88
86.4
86.4
86.4
86.4
86.4
84.8
86.4
86.4
86.4
86.4
86.4
84.8
84.8
83.2
84.8
84.8
83.2
84.8
84.8
83.2
84.8
84.8
86.4
84.8
83.2
84.8
84.8
84.8
83.2
84.8
84.8
84.8
