1658 1
1658 2
1659 3
1659 4
1660 5
1660 6
1661 7
1661 8
1662 9
1662 10
1663 11
1663 12
1663 13
1664 14
1664 15
1665 16
1665 17
1666 18
1666 19
1667 20
1667 21
1668 22
1668 23
1669 24
1669 25
1670 26
1670 27
1671 28
1671 29
1671 30
1672 31
1672 32
1673 33
1673 34
1674 35
1674 36
1675 37
1675 38
1675 39
1676 40
1676 41
1677 42
1677 43
1678 44
1678 45
1678 46
1679 47
1679 48
1680 49
1680 50
1681 51
1681 52
1682 53
1682 54
1682 55
1683 56
1683 57
1684 58
1684 59
1685 60
1685 61
1686 62
1686 63
1686 64
1687 65
1687 66
1688 67
1688 68
1689 69
1689 70
1690 71
1690 72
1690 73
1691 74
1691 75
1692 76
1692 77
1693 78
1693 79
1694 80
1694 81
1694 82
1695 83
1695 84
1696 85
1696 0
1696 86
1697 87
1697 88
1698 90
1698 89
1698 91
1699 93
1699 92
1699 94
1700 95
1700 96
1701 97
1701 100
1701 99
1701 98
1702 101
1702 102
1702 103
1703 104
1703 105
1704 108
1704 107
1704 106
1704 109
1704 111
1705 110
1705 112
1705 113
1705 115
1705 114
1705 116
1706 117
1706 119
1706 118
1706 120
1706 121
1706 123
1707 122
1707 124
1707 125
1707 127
1707 126
1708 128
1708 129
1708 130
1708 131
1708 132
1708 133
1709 135
1709 134
1709 136
1709 138
1709 137
1710 139
1710 141
1710 140
1710 143
1710 142
1710 144
1711 145
1711 147
1711 146
1711 148
1711 150
1712 149
1712 151
1712 152
1712 153
1713 155
1713 154
1713 157
1713 156
1713 158
1714 159
1714 161
1714 160
1714 162
1714 163
1714 164
1714 166
1715 165
1715 167
1715 168
1716 171
1716 170
1716 169
1716 172
1716 173
1716 175
1717 177
1717 176
1717 178
1717 174
1717 179
1717 180
1718 181
1718 183
1718 182
1718 184
1718 185
1718 186
1719 188
1719 187
1719 189
1719 191
1720 190
1720 192
1720 195
1720 194
1720 196
1720 193
1721 198
1721 197
1721 199
1721 200
1721 201
1722 202
1722 203
1722 205
1722 204
1722 208
1722 206
1723 207
1723 209
1723 211
1723 210
1723 212
1724 213
1724 215
1724 214
1724 216
1724 217
1724 219
1725 218
1725 220
1725 221
1725 222
1725 223
1726 224
1726 225
1726 227
1726 226
1726 228
1727 229
1727 231
1727 230
1727 232
1727 233
1728 235
1728 234
1728 236
1728 237
1728 238
1728 239
1729 240
1729 242
1729 241
1729 243
1729 244
1730 245
1730 246
1730 247
1730 249
1730 248
1731 250
1731 252
1731 251
1731 253
1731 254
1732 256
1732 255
1732 257
1732 258
1732 259
1732 260
1733 261
1733 262
1733 264
1733 263
1733 265
1734 266
1734 267
1734 268
1734 269
1734 270
1735 271
1735 273
1735 274
1735 272
1735 276
1735 275
1736 277
1736 278
1736 279
1736 280
1737 281
1737 282
1737 284
1737 285
1738 283
1738 286
1738 287
1738 289
1738 288
1738 290
1739 291
1739 293
1739 292
1739 294
1739 295
1740 296
1740 297
1740 298
1740 299
1740 300
1741 301
1741 302
1741 304
1741 303
1741 305
1742 306
1742 307
1742 308
1742 310
1742 309
1742 311
1743 312
1743 314
1743 313
1743 315
1744 316
1744 318
1744 317
1744 319
1744 320
1745 322
1745 321
1745 323
1745 324
1745 326
1745 325
1746 327
1746 328
1746 330
1746 329
1746 331
1746 332
1747 333
1747 334
1747 336
1747 335
1747 337
1748 338
1748 340
1748 339
1748 341
1748 342
1749 344
1749 343
1749 345
1749 346
1749 348
1749 347
1750 349
1750 350
1750 352
1750 351
1750 353
1750 354
1751 355
1751 356
1751 359
1751 358
1752 357
1752 360
1752 361
1752 363
1752 362
1752 364
1753 365
1753 367
1753 366
1753 368
1753 369
1754 371
1754 370
1754 372
1754 373
1754 374
1755 375
1755 377
1755 376
1755 378
1755 380
1755 379
1756 381
1756 382
1756 384
1756 383
1756 385
1757 386
1757 388
1757 387
1757 389
1757 390
1758 392
1758 391
1758 393
1758 394
1758 395
1758 397
1759 396
1759 399
1759 398
1759 400
1759 401
1760 402
1760 403
1760 405
1760 404
1760 407
1761 406
1761 408
1761 409
1761 411
1761 410
1762 412
1762 414
1762 413
1762 415
1762 416
1763 417
1763 419
1763 418
1763 420
1763 421
1764 422
1764 423
1764 425
1764 424
1764 427
1764 426
1765 428
1765 429
1765 431
1765 430
1765 432
1766 435
1766 433
1766 437
1766 434
1766 436
1767 438
1767 439
1767 440
1767 441
1767 442
1767 443
1768 444
1768 446
1768 445
1768 447
1768 448
1769 450
1769 449
1769 451
1769 452
1769 453
1769 454
1770 455
1770 457
1770 456
1770 458
1770 459
1771 461
1771 460
1771 462
1771 463
1771 464
1772 465
1772 466
1772 467
1772 468
1772 469
1773 471
1773 470
1773 473
1773 472
1773 474
1773 475
1774 477
1774 476
1774 478
1774 479
1774 481
1774 480
1775 482
1775 483
1775 484
1775 485
1775 486
1776 488
1776 487
1776 489
1776 490
1776 492
1776 491
1777 493
1777 494
1777 496
1777 495
1777 497
1777 498
1778 500
1778 499
1778 501
1778 502
1778 504
1779 503
1779 505
1779 506
1779 508
1779 507
1779 509
1780 511
1780 510
1780 512
1780 513
1780 514
1781 516
1781 515
1781 517
1781 518
1781 520
1781 519
1782 521
1782 522
1782 524
1782 523
1782 525
1783 527
1783 526
1783 528
1783 530
1783 529
1784 532
1784 533
1784 531
1784 534
1785 535
1785 536
1785 537
1785 538
1785 540
1785 539
1785 541
1786 542
1786 543
1786 544
1787 545
1787 547
1787 546
1787 548
1787 549
1787 550
1788 551
1788 552
1788 553
1788 554
1788 555
1788 557
1788 556
1789 558
1789 559
1789 560
1789 561
1790 563
1790 562
1790 565
1790 564
1790 567
1790 566
1791 568
1791 569
1791 571
1791 570
1791 572
1791 573
1792 574
1792 576
1792 575
1792 577
1792 579
1793 578
1793 581
1793 580
1793 583
1793 582
1793 584
1794 585
1794 587
1794 586
1794 588
1794 589
1794 590
1795 592
1795 591
1795 593
1795 594
1795 595
1796 597
1796 596
1796 599
1796 598
1796 600
1797 601
1797 603
1797 602
1797 604
1798 605
1798 606
1798 607
1798 608
1798 609
1798 610
1798 612
1799 611
1799 613
1799 614
1799 616
1799 615
1800 617
1800 618
1800 619
1800 620
1800 621
1801 623
1801 622
1801 625
1801 624
1801 626
1801 627
1801 628
1802 629
1802 630
1802 631
1802 632
1802 633
1803 634
1803 635
1803 636
1803 638
1803 637
1804 639
1804 641
1804 640
1804 642
1804 643
1805 644
1805 645
1805 646
1805 647
1806 648
1806 650
1806 649
1806 651
1806 653
1806 652
1807 654
1807 655
1807 656
1807 657
1807 659
1807 658
1808 661
1808 660
1808 663
1808 662
1808 664
1809 665
1809 666
1809 667
1809 668
1809 669
1809 670
1810 672
1810 671
1810 673
1810 674
1811 676
1811 675
1811 677
1811 679
1811 678
1811 680
1812 681
1812 682
1812 683
1812 685
1812 684
1812 687
1813 688
1813 686
1813 689
1813 690
1813 692
1814 693
1814 691
1814 694
1814 695
1814 696
1815 697
1815 698
1815 699
1815 700
1815 702
1816 701
1816 703
1816 704
1816 705
1816 706
1816 707
1817 709
1817 708
1817 710
1817 711
1817 713
1818 712
1818 714
1818 715
1818 717
1818 716
1818 718
1819 719
1819 720
1819 721
1819 722
1820 723
1820 726
1820 725
1820 727
1820 724
1821 728
1821 729
1821 730
1821 732
1821 731
1821 734
1822 733
1822 736
1822 735
1822 737
1822 738
1823 740
1823 739
1823 741
1823 742
1823 744
1823 743
1824 745
1824 746
1824 748
1824 747
1824 749
1824 750
1825 751
1825 753
1825 752
1825 754
1825 756
1826 755
1826 758
1826 757
1826 760
1826 759
1826 761
1827 762
1827 763
1827 764
1827 765
1828 766
1828 767
1828 768
1828 769
1828 771
1828 770
1829 772
1829 773
1829 774
1829 775
1829 776
1829 777
1830 779
1830 778
1830 780
1830 781
1831 782
1831 783
1831 784
1831 785
1831 787
1832 786
1832 788
1832 789
1832 790
1832 792
1832 791
1833 794
1833 793
1833 795
1833 796
1833 797
1834 798
1834 800
1834 799
1834 801
1834 803
1834 802
1835 805
1835 804
1835 806
1835 807
1835 808
1836 810
1836 809
1836 811
1836 812
1836 813
1836 815
1837 814
1837 816
1837 817
1837 819
1837 818
1838 820
1838 821
1838 823
1838 822
1838 824
1839 825
1839 827
1839 826
1839 828
1839 829
1839 831
1840 832
1840 833
1840 834
1840 830
1841 835
1841 836
1841 838
1841 837
1841 839
1842 840
1842 841
1842 842
1842 844
1842 843
1842 846
1843 845
1843 847
1843 848
1843 849
1843 850
1843 852
1844 851
1844 853
1844 854
1844 856
1844 855
1844 857
1845 858
1845 860
1845 859
1845 861
1845 862
1846 864
1846 863
1846 865
1846 866
1846 867
1847 869
1847 868
1847 871
1847 870
1847 872
1848 873
1848 874
1848 876
1848 877
1848 878
1848 875
1849 879
1849 880
1849 882
1849 883
1849 881
1850 884
1850 885
1850 886
1850 887
1850 889
1850 888
1851 890
1851 891
1851 893
1851 892
1851 894
1852 895
1852 897
1852 896
1852 898
1852 899
1852 900
1853 901
1853 903
1853 902
1853 904
1854 905
1854 906
1854 907
1854 908
1854 909
1854 911
1855 910
1855 913
1855 912
1855 914
1855 915
1855 917
1856 918
1856 916
1856 919
1856 920
1856 921
1856 922
1857 923
1857 924
1857 926
1857 925
1857 927
1858 928
1858 930
1858 929
1858 931
1858 932
1858 934
1859 933
1859 935
1859 936
1859 937
1859 939
1860 938
1860 940
1860 942
1860 941
1860 943
1860 944
1861 945
1861 946
1861 947
1861 949
1862 948
1862 950
1862 951
1862 952
1862 953
1862 955
1863 954
1863 956
1863 957
1863 958
1863 959
1864 961
1864 960
1864 962
1864 964
1864 965
1865 963
1865 966
1865 967
1865 968
1865 969
1865 970
1866 971
1866 973
1866 972
1866 974
1866 975
1867 977
1867 976
1867 978
1867 979
1867 980
1867 981
1868 983
1868 982
1868 984
1868 986
1869 985
1869 988
1869 989
1869 987
1869 990
1869 991
1870 993
1870 994
1870 992
1870 995
1870 996
1870 998
1870 997
1871 999
1871 1000
1871 1002
1871 1001
1871 1003
1872 1004
1872 1006
1872 1005
1872 1007
1872 1009
1873 1008
1873 1010
1873 1011
1873 1013
1873 1012
1873 1014
1874 1015
1874 1017
1874 1016
1874 1018
1874 1019
1874 1021
1875 1020
1875 1022
1875 1023
1875 1024
1875 1025
1876 1026
1876 1028
1876 1027
1876 1029
1876 1030
1876 1032
1877 1031
1877 1033
1877 1035
1877 1034
1878 1036
1878 1038
1878 1037
1878 1039
1878 1040
1878 1041
1879 1043
1879 1044
1879 1042
1880 1045
1880 1046
1880 1047
1880 1048
1880 1049
1880 1050
1881 1051
1881 1052
1881 1053
1881 1054
1881 1055
1881 1056
1882 1057
1882 1058
1882 1060
1882 1059
1882 1061
1883 1062
1883 1063
1883 1064
1883 1066
1883 1065
1883 1067
1884 1068
1884 1069
1884 1071
1884 1070
1884 1072
1885 1073
1885 1074
1885 1075
1885 1076
1885 1078
1885 1077
1886 1079
1886 1080
1886 1081
1886 1082
1886 1083
1886 1084
1887 1086
1887 1085
1887 1088
1887 1087
1887 1089
1887 1090
1888 1091
1888 1092
1888 1093
1888 1094
1888 1096
1889 1095
1889 1098
1889 1097
1889 1099
1890 1102
1890 1100
1890 1101
1890 1103
1890 1104
1890 1105
1890 1106
1891 1108
1891 1107
1891 1109
1891 1110
1892 1111
1892 1112
1892 1114
1892 1113
1893 1116
1893 1115
1893 1118
1893 1117
1893 1119
1893 1120
1894 1121
1894 1122
1894 1124
1894 1123
1894 1125
1895 1127
1895 1126
1895 1129
1895 1130
1895 1128
1896 1131
1896 1132
1896 1133
1896 1134
1896 1135
1896 1137
1897 1138
1897 1136
1897 1140
1897 1139
1897 1142
1898 1144
1898 1141
1898 1143
1898 1145
1899 1146
1899 1148
1899 1147
1899 1149
1899 1150
1899 1151
1900 1152
1900 1153
1900 1154
1900 1155
1900 1156
1901 1157
1901 1158
1901 1159
1901 1160
1901 1161
1901 1162
1902 1163
1902 1164
1902 1166
1902 1165
1902 1167
1902 1168
1903 1170
1903 1169
1903 1171
1903 1172
1903 1174
1904 1173
1904 1175
1904 1176
1904 1178
1904 1177
1905 1179
1905 1182
1905 1180
1905 1181
1905 1183
1905 1184
1906 1185
1906 1186
1906 1187
1906 1188
1907 1190
1907 1191
1907 1189
1907 1193
1907 1192
1907 1195
1908 1194
1908 1196
1908 1197
1908 1199
1908 1198
1908 1201
1909 1200
1909 1203
1909 1202
1909 1204
1909 1205
1909 1206
1910 1207
1910 1208
1910 1209
1910 1210
1910 1211
1911 1212
1911 1213
1911 1214
1911 1215
1911 1216
1911 1217
1912 1218
1912 1220
1912 1219
1912 1221
1912 1222
1913 1224
1913 1223
1913 1225
1913 1226
1913 1227
1913 1229
1914 1228
1914 1231
1914 1230
1914 1232
1914 1233
1915 1234
1915 1235
1915 1237
1915 1236
1915 1238
1915 1240
1916 1239
1916 1241
1916 1243
1916 1242
1916 1244
1916 1245
1917 1246
1917 1248
1917 1247
1917 1249
1917 1250
1918 1252
1918 1251
1918 1254
1918 1253
1918 1255
1918 1256
1919 1257
1919 1258
1919 1260
1919 1259
1919 1262
1920 1261
1920 1263
1920 1264
1920 1265
1920 1266
1921 1268
1921 1267
1921 1269
1921 1271
1921 1270
1922 1273
1922 1272
1922 1274
1922 1275
1922 1276
1922 1278
1923 1277
1923 1279
1923 1281
1923 1280
1923 1282
1924 1283
1924 1284
1924 1285
1924 1287
1925 1288
1925 1286
1925 1289
1925 1290
1925 1291
1925 1293
1926 1294
1926 1292
1926 1295
1926 1297
1926 1296
1927 1298
1927 1300
1927 1299
1927 1301
1928 1303
1928 1302
1928 1304
1928 1305
1928 1306
1928 1307
1928 1309
1929 1308
1929 1310
1929 1311
1929 1313
1929 1312
1930 1314
1930 1315
1930 1317
1930 1318
1930 1316
1931 1320
1931 1319
1931 1321
1931 1322
1931 1324
1931 1323
1931 1325
1932 1326
1932 1328
1932 1327
1932 1329
1932 1330
1933 1332
1933 1331
1933 1333
1933 1334
1934 1336
1934 1335
1934 1337
1934 1338
1934 1340
1934 1339
1935 1341
1935 1342
1935 1344
1935 1343
1935 1345
1936 1346
1936 1347
1936 1348
1936 1349
1936 1351
1937 1350
1937 1352
1937 1354
1937 1353
1937 1356
1938 1355
1938 1357
1938 1358
1938 1359
1938 1360
1938 1362
1939 1361
1939 1363
1939 1364
1939 1366
1939 1365
1939 1367
1940 1368
1940 1369
1940 1370
1940 1371
1940 1373
1940 1372
1941 1374
1941 1375
1941 1377
1941 1376
1941 1378
1942 1379
1942 1381
1942 1380
1942 1382
1942 1383
1942 1385
1943 1384
1943 1386
1943 1387
1943 1389
1944 1388
1944 1390
1944 1392
1944 1391
1944 1393
1944 1395
1945 1396
1945 1394
1945 1397
1945 1398
1946 1399
1946 1400
1946 1401
1946 1403
1946 1402
1946 1404
1947 1406
1947 1405
1947 1407
1947 1408
1947 1409
1948 1410
1948 1411
1948 1413
1948 1412
1948 1415
1949 1414
1949 1418
1949 1416
1949 1417
1949 1419
1950 1420
1950 1422
1950 1421
1950 1423
1950 1424
1951 1425
1951 1427
1951 1428
1951 1426
1951 1429
1952 1430
1952 1431
1952 1432
1952 1433
1952 1434
1952 1435
1953 1437
1953 1436
1953 1438
1953 1439
1953 1440
1954 1441
1954 1443
1954 1442
1954 1445
1954 1444
1954 1446
1955 1447
1955 1449
1955 1448
1955 1451
1956 1450
1956 1452
1956 1453
1956 1454
1956 1455
1956 1457
1957 1456
1957 1459
1957 1458
1957 1460
1957 1461
1957 1463
1958 1462
1958 1464
1958 1465
1958 1466
1958 1467
1958 1468
1959 1469
1959 1470
1959 1472
1959 1471
1959 1473
1960 1474
1960 1476
1960 1475
1960 1477
1960 1478
1960 1480
1961 1479
1961 1481
1961 1482
1961 1483
1961 1484
1962 1486
1962 1485
1962 1488
1962 1487
1962 1489
1962 1490
1963 1491
1963 1492
1963 1494
1963 1493
1963 1495
1964 1497
1964 1496
1964 1498
1964 1500
1964 1499
1965 1502
1965 1501
1965 1504
1965 1503
1965 1505
1965 1506
1966 1508
1966 1509
1966 1507
1966 1510
1966 1511
1966 1512
1967 1515
1967 1513
1967 1514
1967 1516
1968 1517
1968 1518
1968 1520
1968 1519
1968 1521
1969 1522
1969 1523
1969 1524
1969 1525
1969 1526
1969 1527
1970 1529
1970 1528
1970 1530
1970 1532
1970 1531
1971 1533
1971 1534
1971 1535
1971 1536
1971 1537
1971 1539
1972 1538
1972 1540
1972 1541
1972 1542
1972 1543
1973 1545
1973 1544
1973 1547
1973 1546
1973 1548
1973 1549
1974 1550
1974 1551
1974 1554
1975 1552
1975 1553
1975 1556
1975 1557
1976 1555
1976 1559
1976 1558
1977 1560
1977 1562
1977 1561
1977 1566
1977 1564
1977 1563
1977 1567
1977 1568
1978 1565
1978 1569
1978 1570
1978 1571
1978 1572
1979 1573
1979 1574
1979 1575
1979 1576
1979 1577
1980 1578
1980 1579
1980 1580
1980 1582
1980 1581
1981 1584
1981 1585
1981 1583
1981 1586
1981 1588
1981 1589
1981 1590
1982 1587
1982 1591
1982 1594
1982 1595
1982 1593
1982 1596
1982 1592
1983 1597
1983 1599
1983 1600
1983 1598
1983 1601
1983 1602
1983 1604
1984 1605
1984 1606
1984 1603
1984 1607
1984 1610
1984 1611
1984 1612
1984 1608
1985 1609
1985 1613
1985 1615
1985 1616
1985 1614
1985 1618
1986 1617
1986 1619
1986 1620
1986 1621
1986 1622
1987 1623
1987 1624
1987 1625
1987 1627
1987 1626
1988 1629
1988 1630
1988 1628
1988 1633
1988 1631
1989 1632
1989 1634
1989 1635
1989 1636
1989 1637
1990 1639
1990 1640
1990 1638
1990 1641
1990 1642
1990 1644
1990 1645
1991 1646
1991 1643
1991 1647
1991 1648
1991 1649
1991 1650
1992 1652
1992 1653
1992 1654
1992 1651
1992 1655
1992 1657
1992 1658
1993 1656
1993 1659
1993 1660
1993 1661
1993 1663
1993 1662
1994 1665
1994 1666
1994 1664
1994 1667
1994 1669
1994 1670
1994 1671
1995 1668
1995 1672
1995 1675
1995 1676
1995 1674
1995 1673
1996 1677
1996 1678
1996 1679
1996 1681
1996 1682
1996 1683
1996 1680
1997 1684
1997 1685
1997 1686
1997 1687
1997 1688
1998 1689
1998 1690
1998 1691
1998 1693
1998 1692
1999 1694
1999 1695
1999 1697
1999 1696
1999 1698
2000 1699
2000 1700
2000 1701
2000 1702
2000 1704
2000 1705
2000 1703
2001 1706
2001 1708
2001 1707
2001 1709
2001 1710
2002 1711
2002 1712
2002 1713
2002 1715
2002 1716
2002 1714
2002 1717
2003 1720
2003 1721
2003 1719
2003 1722
2003 1718
2003 1724
2003 1725
2004 1723
2004 1727
2004 1726
2004 1728
2004 1729
2005 1731
2005 1732
2005 1733
2005 1730
2005 1734
2005 1737
2005 1736
2006 1735
2006 1738
2006 1739
2007 1740
2007 1742
2007 1741
2007 1743
2007 1744
2007 1745
2008 1747
2008 1746
2008 1748
2008 1749
2008 1750
2008 1751
2009 1753
2009 1754
2009 1755
2009 1752
2009 1758
2009 1756
2009 1757
2010 1759
2010 1760
2010 1761
2010 1762
2010 1763
2011 1764
2011 1765
2011 1766
2011 1767
2011 1769
2011 1768
2012 1771
2012 1770
2012 1772
2012 1773
2012 1774
2013 1775
2013 1776
2013 1778
2013 1777
2014 1779
2014 1781
2015 1780
2015 1782
2016 1784
2016 1783
2016 1785
2017 1787
2017 1786
2017 1788
2018 1790
2018 1789
2018 1791
2019 1793
2019 1792
2020 1794
2021 1796
2021 1795
2021 1797
2022 1799
2022 1798
2022 1800
2023 1802
2023 1801
2024 1803
2025 1804
2025 1805
2025 1806
2026 1809
2026 1808
2026 1807
2026 1810
2027 1811
2027 1813
2027 1812
2028 1814
2029 1816
2029 1815
2029 1817
2030 1818
2030 1819
2030 1820
2031 1822
2031 1823
2031 1821
2032 1825
2032 1824
2033 1826
2033 1828
2033 1827
2034 1829
2035 1831
2035 1830
2035 1832
2036 1834
2036 1833
2036 1835
2037 1837
2037 1836
2037 1838
2038 1839
2038 1840
2039 1841
2039 1842
2040 1844
2040 1843
2040 1845
2041 1847
2041 1848
2041 1846
2042 1849
2042 1850
2043 1851
2043 1852
2043 1854
2044 1853
2044 1855
2045 1857
2045 1856
2045 1858
2046 1860
2046 1859
2046 1861
2047 1862
2047 1863
2047 1864
2048 1866
2048 1865
2049 1867
2049 1869
2050 1868
2050 1870
2051 1872
2051 1871
2051 1873
2052 1875
2052 1874
2052 1876
2053 1878
2053 1877
2053 1879
2054 1881
2054 1880
2054 1882
2055 1884
2055 1883
2056 1885
2056 1887
2056 1886
2057 1888
2057 1890
2057 1889
2058 1891
2059 1893
2059 1892
2059 1894
2060 1896
2060 1895
2060 1897
2061 1899
2061 1898
2061 1900
2062 1902
2062 1901
2063 1903
2063 1905
2064 1904
2064 1906
2064 1908
2065 1907
2065 1909
2066 1911
2066 1910
2066 1912
2067 1914
2067 1913
2067 1915
2068 1916
2068 1917
2068 1918
2069 1921
2069 1920
2069 1919
2070 1922
2070 1923
2070 1924
2071 1925
2071 1927
2072 1926
2072 1928
2073 1930
2073 1929
2073 1931
2074 1933
2074 1932
2074 1934
2075 1935
2075 1936
2075 1937
2076 1939
2076 1938
2076 1940
2077 1941
2077 1943
2077 1942
2078 1944
2078 1946
2079 1947
2079 1945
2079 1948
2080 1949
2080 1950
2080 1952
2081 1951
2081 1953
2082 1955
2082 1954
2082 1956
2083 1958
2083 1957
2083 1959
2084 1961
2084 1960
2084 1962
2085 1964
2085 1963
2085 1965
2086 1967
2086 1966
2087 1968
2087 1970
2087 1969
2088 1971
2088 1973
2088 1972
2089 1974
2089 1976
2090 1975
2090 1977
2090 1978
2091 1979
2091 1980
2092 1983
2092 1982
2092 1981
2092 1984
2093 1986
2093 1985
2093 1987
2094 1989
2094 1988
2094 1990
2095 1992
2095 1991
2096 1993
2096 1995
2096 1994
2097 1996
2097 1998
2097 1997
2098 1999
2098 2001
2098 2000
2099 2002
2099 2004
2100 2003
2100 2005
2100 2006
2101 2007
2101 2010
2102 2009
2102 2008
2102 2011
2103 2012
2103 2014
2103 2013
2103 2015
2104 2017
2104 2016
2104 2018
2105 2020
2105 2019
2105 2021
2106 2023
2106 2022
2106 2024
2107 2025
2107 2026
2108 2027
2108 2029
2108 2028
2109 2030
2109 2031
2109 2032
2110 2033
2111 2035
2111 2036
2111 2034
2111 2037
2112 2038
2112 2041
2113 2040
2113 2039
2113 2042
2113 2044
2114 2045
2114 2043
2114 2046
2115 2047
2115 2049
2116 2050
2116 2048
2116 2052
2117 2051
2117 2053
2117 2055
2118 2054
2118 2056
2118 2058
2119 2057
2119 2059
2119 2061
2120 2060
2120 2062
2121 2064
2121 2063
2121 2065
2122 2067
2122 2066
2122 2068
2123 2070
2123 2069
2123 2071
2123 2072
