# dirty_pages redo_length page_writes xct_end updates
2230 0 0 401 5657
6359 1 161 948 20963
8277 10 189 1131 21911
8772 20 1895 1228.5 21270
9629 29 1956 1291.2 21152
10340 38 1876 1325.67 21308
11835 46 79 1343.29 20426
12152 56 1911 1387.12 23144
12670 65 1833 1394.56 20170
13396 73 1681 1395.4 19448
14100 82 1807 1397.55 20054
15047 90 974 1404.92 20719
15333 99 1089 1414.38 21301
15445 108 1733 1415.36 19476
15844 118 1978 1434.93 23899
16158 126 1755 1432.56 19592
16449 135 1769 1431.88 20234
16679 144 1864 1437.33 21599
16548 153 1661 1441.84 20762
16832 162 990 1445.05 21350
16731 170 1759 1490.55 18459
17107 180 2020 1499.6 23071
17353 190 2094 1508.65 23592
17757 200 1893 1513.4 22585
18141 209 1818 1511.8 22239
18233 219 1918 1516.1 22632
17475 228 2978 1522 21929
18232 237 272 1512.95 20656
18150 246 1906 1520.15 22194
18314 256 1942 1530.85 21830
18579 266 1954 1539.45 22695
18904 276 1967 1549.6 23938
19220 286 2062 1560.35 23346
19580 296 2020 1576.3 25022
19498 307 1967 1575 23214
18595 315 3007 1577.85 20664
18999 324 641 1581.9 21288
18939 335 2011 1592.2 24179
19172 345 1991 1603.1 24003
19445 355 2003 1614.15 23711
19778 366 2009 1634.85 24363
19980 375 1993 1631.35 22595
20244 384 2015 1622.3 21086
20126 394 2009 1623.15 23060
19013 403 3628 1625.9 22392
19570 413 537 1628.35 23048
19467 424 1986 1635.2 23965
19621 433 1992 1643 23043
19775 443 2033 1645.85 23018
19956 453 2064 1648.3 23907
20075 463 1951 1647.5 22114
20454 473 1977 1641.95 22363
20400 482 1952 1633.65 22652
20095 491 1917 1617.2 20577
19668 501 2789 1614.45 22771
19548 488 1670 1620.4 22177
19518 497 1971 1624.15 22132
19680 506 1826 1607.9 19789
19863 516 1975 1600.9 23138
20089 525 1980 1592.6 22564
20216 535 1982 1585.75 22557
20521 545 1961 1584.45 23067
20470 554 1978 1589.75 22497
18919 564 4400 1585.25 22221
19747 573 212 1585.45 21511
19605 583 2031 1588.85 23545
19631 593 1992 1583.45 22829
19768 601 1752 1567.95 18964
19785 609 2005 1557.45 20287
20054 620 2237 1559 24251
20406 630 2184 1564.35 23596
20424 640 2131 1572.8 23917
20294 650 1922 1574.1 22330
19523 659 3365 1578.85 21572
19507 669 1310 1578.2 22986
19568 678 1741 1576.35 21656
19732 686 1748 1567.85 19150
19835 695 1854 1567.7 20005
20077 704 1751 1561.7 20530
20098 712 1840 1551.3 19533
20437 722 2312 1559.05 24247
20545 732 1835 1557.25 22336
20377 741 1872 1553.45 21374
19422 749 3556 1544.4 19053
19393 757 1278 1533.65 18825
19423 767 1881 1527.05 22267
19668 777 1956 1526.85 22317
19948 786 1768 1534.7 21343
20184 795 1796 1538.2 21522
20372 804 1838 1529.45 20890
20748 813 1837 1521 22263
20813 823 1802 1510.3 22127
20609 830 1426 1487.75 16852
19052 837 4252 1473.7 17509
20016 847 80 1470.8 23043
19635 857 2199 1477.75 24332
19689 867 2184 1492.65 24358
19875 878 2215 1508.45 24949
20181 887 1718 1508.7 20499
20484 895 1533 1512.4 19790
20890 905 1971 1510 23351
20978 916 2116 1521.05 24810
20873 926 1798 1523.55 21886
19720 935 3965 1532.4 21271
20028 944 926 1544.65 22706
19924 955 2201 1552.7 24328
20074 965 2138 1557.5 23318
20313 974 1854 1558.5 21775
20558 984 1803 1560.3 22081
20741 2017 1825 1561.4 21977
21197 2026 1796 1564.35 22076
21291 2036 1735 1566.55 21864
21180 2046 1819 1589.6 22541
19964 2055 3950 1602.25 20860
20459 2064 691 1604.05 23028
20370 2073 1785 1595.7 20883
20540 2082 1670 1585.75 21069
20661 2092 1928 1575.7 21589
20808 2102 2116 1585.4 23820
20909 2112 2117 1596.5 23159
21097 2120 1911 1583.15 20110
21183 2130 1984 1574.95 22306
21059 2139 1772 1572.55 21384
19445 2147 4354 1558.85 17731
20260 2156 408 1557.45 21839
20050 2166 2212 1557.85 24421
20058 2176 2194 1559.15 24517
20183 2187 2170 1568.8 24484
20360 2196 1861 1565.4 20860
20602 2206 1909 1569.5 23002
20992 2215 1967 1572.6 22470
20948 2226 2264 1581.3 24097
20557 2236 2266 1586.55 24518
19905 2246 3381 1591.3 22231
19954 2256 1709 1600.5 24177
19926 2266 2126 1607.3 23619
20083 2276 2246 1615.6 23745
20261 2287 2254 1627.35 24615
20526 2297 1874 1621.15 22466
20939 2306 1802 1615.4 21894
21233 2315 1807 1621.55 20801
21100 2325 1852 1620.55 22314
19532 2334 4697 1624.9 22692
20471 2344 154 1637.75 21423
20151 2352 1896 1629.95 19715
20202 2362 2146 1628.4 24032
20478 2372 2186 1628.3 24078
20651 2383 2237 1628.9 24307
20899 2393 2117 1638.65 23150
21243 2402 1900 1634.65 21216
21280 2411 1731 1625.5 20502
21231 2420 1689 1613 21120
19885 2429 4151 1600.45 20500
20418 2437 598 1593.55 20229
20360 2447 1769 1579.4 22027
20540 2456 1718 1572.2 21167
20722 2465 1823 1565.55 21891
20821 2474 1710 1550.75 20595
21106 2483 1924 1553.1 21947
21312 2493 1895 1557.7 22152
21693 2503 1891 1559.75 21834
21597 2511 1659 1553.4 20536
21345 2521 1879 1549.5 21823
20449 2530 3641 1550.15 21342
20557 2539 1231 1555.15 21783
20550 2549 1827 1545.15 21616
20753 2558 1820 1537.8 22149
20871 2567 1857 1525.55 20978
21111 2576 1899 1519.95 21854
21332 2586 1841 1520.9 21713
21655 2596 2127 1532.15 23681
21598 2606 2182 1540.65 23263
21254 2616 2191 1548.1 22973
20423 2625 3592 1554.25 22310
20529 2635 1375 1560.65 22673
20624 2645 1812 1563.45 22322
20842 2654 1817 1563.5 21534
20987 2663 1846 1566.55 21732
21041 2671 1773 1553.55 19875
21233 2680 1736 1544.55 20316
21511 2689 1605 1531.85 19784
21715 2698 1863 1535.25 22040
21571 2707 1858 1538.45 22531
21258 2717 1860 1540.95 22354
20705 2726 3245 1545.2 22196
20592 2736 1781 1552.4 22900
20659 2747 2153 1561.3 24596
20856 2757 2157 1573.6 24301
21082 2768 2209 1583.75 24587
21223 2778 2145 1591.95 24623
21596 2789 2115 1593.85 23799
21474 2799 2260 1596.8 24934
21093 2810 2277 1600.4 23963
20371 2820 3658 1605.35 23609
20539 2828 1322 1601.2 21083
20584 2838 1849 1602.3 21770
20887 2848 1724 1602.6 22202
21042 2857 1878 1603.65 21319
21145 2866 1953 1612.7 21733
21312 2875 1844 1617.35 21542
21675 2884 1761 1625 21406
21739 2894 1909 1625.6 21630
21576 2903 1947 1628.4 22568
19920 2913 4689 1630.2 23576
20760 2923 315 1628.3 22537
20564 2931 1804 1615.55 19997
20649 2941 1970 1606.85 21448
20896 2950 1888 1596.75 22016
21127 2959 1943 1587.55 21905
21310 2969 1982 1579.9 21976
21558 2978 1934 1571.15 21764
21855 2988 1913 1565.2 22284
21758 2997 1773 1555.3 21143
21383 3006 1879 1545.95 21103
20940 3015 3288 1549.1 21661
20866 3024 1638 1548.3 21410
20849 3034 1847 1545.05 22103
20951 3043 1821 1540.65 20240
21023 3053 2076 1545.95 24025
21349 3063 2030 1554.95 24638
21442 3074 2053 1563.45 24348
21812 3084 2166 1573.9 24163
21658 3095 2045 1576.3 24101
20858 3105 3988 1580.25 23920
20909 3114 1197 1580 22371
20684 3125 2088 1597.05 24546
20768 3135 2111 1603.65 24171
21185 3146 2071 1613.4 24108
21428 3156 1876 1618.45 24756
21684 3166 2084 1627.7 24582
21917 3177 2083 1635.05 24148
22024 3187 2023 1640.25 24657
21845 3197 1972 1647 22324
20105 3206 4793 1652.5 21932
21088 3216 197 1649.95 21772
20870 3225 1918 1647.45 21446
20872 3234 1878 1648.05 21499
21084 3243 1854 1646.9 20026
21249 3252 1860 1643.45 21694
21552 3261 1880 1634.7 21475
21740 3270 1750 1626.3 21517
22051 3280 1900 1618.1 21914
22012 3289 1860 1610.45 21394
21825 3298 1882 1604.15 21499
20560 3306 3947 1595.95 19554
20956 3316 1001 1589.35 22568
21055 3326 1968 1589.9 24057
21191 3337 2003 1588.4 23476
21381 3347 2054 1589.65 24171
21601 3357 2023 1586.35 23849
21771 3367 2080 1588.4 23602
22186 3377 2082 1587.9 24132
22080 3388 1965 1591.15 24430
21811 3398 2079 1596.1 23960
20719 3408 3902 1597.15 22283
21065 3418 1117 1604.95 23439
21085 3428 2051 1616.3 24576
21282 3438 2051 1632 24700
21355 3448 1926 1629.35 21733
21655 3458 1889 1631.1 23044
21869 3467 1851 1638.45 22499
22160 3477 1896 1637.75 21925
22261 3486 1878 1638.4 21783
22017 3496 1821 1635.6 21362
20345 3504 4630 1640 20514
21330 3513 216 1637 21460
21197 3523 1899 1631.15 22424
21353 3533 1951 1628.9 23421
21539 3543 1939 1619.45 21955
21491 3552 1971 1607.15 20958
21744 3561 1867 1596.4 21057
21915 3570 1791 1586.65 21987
22337 3579 1582 1576.2 21752
22115 3588 1937 1564 20845
21823 3599 2088 1571.45 23974
20623 3608 3968 1566.4 22403
21079 3618 1057 1564.8 23176
21096 3628 2061 1565.3 24802
21402 3639 1988 1575.9 24379
21432 3649 2133 1577.25 22737
21740 3659 2090 1579.7 24253
21975 3669 2088 1588.5 24160
22310 3679 1939 1588.55 21822
22187 3688 1908 1590.05 22144
21786 3698 1992 1590.35 21639
20664 3708 4114 1596.55 23373
21009 3717 991 1595.05 22513
21018 3726 1919 1591.15 21822
21219 3736 1868 1592.1 22584
21437 3746 1968 1600.85 23596
21668 3756 1922 1605.5 21966
21855 3765 1886 1608.55 22322
22220 3774 1883 1612.45 21709
22240 3784 1866 1618.5 22570
22131 3794 1904 1612.5 21932
20199 3803 5013 1612.55 20861
21228 3811 48 1598.45 20100
21147 3821 2046 1597.9 24546
21345 3832 1987 1598.7 24729
21631 3843 2064 1604.85 24328
21843 3853 2049 1606.75 24550
22100 3863 2119 1608.05 24186
22488 3874 2034 1617.1 24066
22630 3884 2047 1627.95 24796
22372 3895 2098 1642.6 24881
20581 3904 4749 1634.35 21051
21500 3913 241 1632.45 20870
21437 3923 1861 1632.15 22488
21577 3933 2016 1641.9 24413
21879 3943 2115 1647.35 24111
22022 3954 2063 1651.45 24335
22376 3964 2045 1661.9 24105
22661 3974 1979 1665.9 22353
22802 3983 1939 1670.1 22469
22633 3993 1902 1669.3 22052
22215 4002 2765 1665.6 21414
21607 4011 2324 1668.1 20931
21492 4021 1782 1660.6 23082
21431 4030 1894 1648.9 21224
21719 4040 1897 1640.95 22644
21900 4050 1897 1634.2 22200
22150 4059 1817 1622.25 22394
22370 4068 1780 1611.7 20785
22724 4075 1308 1582.25 16097
22880 4084 1857 1570.25 22403
22697 4095 1968 1578.35 23547
22188 4105 1978 1584.35 23596
21604 4114 3401 1580.7 21099
21545 4124 1817 1578.95 23632
21662 4134 2065 1579.5 24490
21853 4145 2093 1580.05 24737
22010 4155 2000 1575 23972
22273 4166 2122 1579.75 23976
22578 4176 2019 1583.45 25204
22884 4187 2067 1593.85 24628
22730 4197 1995 1607.3 24822
22243 4208 2056 1618.75 23124
21673 4217 3439 1615.9 21024
21571 4226 1663 1616.65 21401
21496 4234 1859 1605.85 19235
21726 4243 1906 1604.05 22417
21897 4253 1858 1603.15 22145
22187 4263 1931 1606.7 22465
22351 4272 1919 1627.6 22311
22793 4282 1941 1631.35 23243
22731 4291 1899 1625.05 21184
22471 4301 1884 1616.9 20965
20500 4310 4877 1614.6 20498
21419 4318 301 1604.4 20913
21431 4328 1879 1597.4 22886
21549 4337 1854 1590 21962
21928 4347 1911 1584.1 22058
22111 4357 1960 1578.55 22972
22421 4367 1924 1571.3 22233
22591 4376 1869 1560.2 22020
22992 4386 1923 1556.55 23911
22836 4396 2054 1558.4 23968
22642 4406 1774 1559.4 22232
21288 4416 4354 1562.65 22120
21843 4425 829 1576.35 22719
21921 4436 2034 1585.35 25102
22175 4447 2044 1598.15 24641
22336 4457 1903 1595.65 22836
22609 4466 1914 1595.95 22530
22804 4476 1878 1593.45 22556
23079 4485 1878 1593.15 21882
23267 4496 1991 1605.55 24596
23032 4506 1973 1615.05 23429
21080 4516 5035 1616.9 21823
22070 4525 191 1612.65 21571
22005 4535 1983 1621.85 24034
22128 4545 1952 1627.8 23880
22356 4552 1302 1601.65 15842
22505 4563 2119 1607.8 25119
22846 4574 2102 1614.9 24681
23073 4584 1957 1615.15 23336
23491 4594 1994 1616.35 24651
23412 4605 2030 1625.65 24709
22972 4615 2093 1630.75 23708
21775 4625 4230 1630.15 22386
22096 4635 1164 1624.8 23395
22152 4645 2140 1622.3 23827
22472 4655 2025 1629.25 24023
22575 4665 1967 1627.2 22432
22925 4675 1809 1626.95 22323
23145 4684 1926 1631.15 22104
23445 4693 1911 1621.85 21097
23533 4703 1872 1619.3 21873
23268 4713 1824 1616.95 22091
21687 4722 4802 1619.1 21663
22345 4732 679 1616.2 23326
22175 4742 2273 1622 24709
22276 4753 2175 1652.65 24792
22450 4764 2102 1650.45 23938
22617 4773 1920 1646.05 22156
22879 4782 1866 1638.05 20947
23230 4791 1777 1626.65 20607
23498 4800 1685 1610.25 20161
23499 4809 1840 1604.55 21476
23225 4819 1959 1606.6 22321
21686 4828 4672 1604.35 22239
22195 4838 814 1595.5 22477
22285 4848 1902 1590.85 22542
22516 4858 2028 1598.55 23917
22716 4868 2009 1599.5 22797
22863 4877 1903 1595.65 22150
23095 4887 1869 1593.85 21333
23382 4896 1938 1589.6 20942
23372 4904 2003 1586.55 20745
23235 4915 1931 1589.35 22373
22792 4924 1931 1580.4 21010
21880 4933 4033 1566.6 21945
22056 4942 1557 1561.45 22106
22296 4953 2023 1566.25 24380
22608 4964 1968 1569.25 23851
22840 4974 2095 1579.65 24410
23194 4985 2048 1590.6 24847
23374 4995 2024 1604 24690
23744 5005 1970 1609.7 23774
23736 5016 1933 1610.45 22942
23441 5024 1771 1601.65 20136
21196 5031 4950 1580.9 15518
22318 5040 63 1573.5 20617
22083 5048 2031 1560.55 20384
22333 5058 1748 1556.95 21397
22625 5068 1935 1557.1 22369
22921 5077 1811 1560.25 21601
23233 5086 1908 1563.1 22022
23454 5096 1764 1568.55 21837
23915 5105 1918 1568.4 22772
23886 5115 1887 1570.3 21805
23668 5124 1897 1570.55 21547
21511 5133 5198 1564.35 21143
22368 5142 254 1546.35 19161
22288 5151 1966 1542 22559
22420 5161 1818 1530.5 21982
22679 5171 1928 1521.4 22010
22896 5180 1901 1513.9 21831
23254 5190 2011 1511.35 22439
23511 5199 1920 1506.95 22273
23941 5209 1716 1509.85 20677
23831 5217 1667 1523.8 19781
23578 5225 1705 1518.55 19178
23385 5235 1530 1524.35 21634
22474 5244 3936 1524.9 21276
22539 5254 1589 1527.3 22797
22648 5264 1916 1528.05 22526
22962 5273 1903 1530.65 22517
23187 5283 1911 1535.65 23080
23381 5293 1947 1533.25 23187
23470 5303 1966 1534.25 22060
23964 5312 1908 1537.1 22059
24116 5322 1875 1542.55 21745
23894 5331 1999 1551.85 22639
21695 5341 5445 1552 22543
22733 5350 130 1552.6 21724
22677 5361 1970 1559.55 23446
22887 5371 1982 1567.55 24575
23154 5381 2026 1569.15 23980
23388 5392 1981 1575.05 23712
23711 5402 1969 1586.2 23576
23870 5412 1907 1595.05 22268
24237 5422 2009 1612.7 23464
24155 5432 1953 1616.65 23212
23633 5441 2021 1619.6 22909
22067 5451 4729 1618.3 22387
22695 5461 885 1619.85 22319
22671 5471 2005 1620.55 22657
22852 5481 2161 1625 24678
23091 5492 2309 1634.05 24421
23382 5502 2258 1642.7 24309
23601 5513 2173 1650.7 23966
24016 5523 2187 1657.35 24475
23895 5534 2131 1664.15 24088
23240 5544 2328 1670.15 24211
22111 5553 4343 1671.55 21774
22296 5563 1545 1669.45 23466
22391 5573 1759 1657 20902
22725 5583 1919 1653.7 22971
22906 5592 2039 1651.2 22574
23250 5603 1996 1651.05 24004
23474 5613 2011 1657.75 23829
23981 5624 1979 1656.4 23413
24022 5634 2022 1658.3 23453
23643 5644 2130 1662.1 23116
21678 5654 5380 1669.15 23479
22453 5663 402 1664.5 21103
22429 5670 1298 1637.9 15724
22662 5680 2004 1636.55 23846
23034 5690 2016 1635.2 24177
23227 5700 1844 1625 21393
23510 5708 1670 1606 19394
23515 5717 1887 1590.05 20060
23781 5726 1998 1574.95 20201
23734 5734 2000 1560.95 20264
23391 5743 1942 1555.3 20523
21434 5753 5372 1552.7 22593
22591 5763 223 1566.65 23778
22496 5772 1804 1559.9 20902
22714 5782 1946 1561.85 23813
22946 5793 2075 1560.5 24034
23099 5803 2108 1559.85 24287
23398 5813 2085 1559.2 22399
23851 5823 1955 1559.1 23596
24231 5834 1938 1561.9 24233
24129 5844 2002 1561.35 24103
23631 5854 2019 1570.45 24049
22285 5864 4394 1589.2 21570
22597 5874 1273 1583.9 22775
22697 5884 1983 1578.2 22635
22938 5893 1972 1582.4 22349
23202 5903 1919 1591.6 22232
23517 5912 1979 1601.5 22139
23720 5922 1975 1610.05 22707
24141 5932 1934 1614.65 22393
24173 5942 1895 1623.6 23644
23955 5951 1927 1622 21899
23462 5961 3820 1614.9 22210
22708 5970 1955 1615.9 21150
22666 5980 1734 1609.65 21998
22898 5989 1803 1605.6 22786
23189 5999 1930 1600.45 22413
23380 6008 1989 1596.05 22167
23677 6018 1895 1591.45 22179
23942 6028 1817 1585.6 22903
24447 6039 2004 1586.7 24260
24469 6049 1926 1587.2 23906
24220 6059 1821 1596.9 23928
23868 6068 1703 1594.45 21703
22750 6078 4073 1587.9 21006
22928 6087 1350 1583.75 21206
23052 6096 1826 1585.85 22060
23306 6107 2116 1592.4 23823
23572 6117 2043 1600.45 23940
23947 6127 2054 1607.45 23348
24159 6134 1304 1583.65 15378
24636 6144 1941 1590.6 24225
24823 6154 1929 1594.55 23178
24602 6164 2051 1602.2 22465
24171 6173 1619 1594.45 20189
22720 6182 4550 1588.2 20215
23077 6191 973 1585.2 21437
23122 6200 1840 1584.3 22059
23220 6209 1840 1578.7 21235
23357 6220 2250 1581.1 23824
23581 6230 2266 1580.05 23783
23782 6240 2319 1581.15 23584
24205 6251 2274 1582.1 24324
24122 6261 2134 1587.2 23982
23543 6272 2200 1597.6 23534
21993 6281 4890 1601.25 22777
22345 6291 1136 1600.9 22440
22424 6301 2173 1599 24455
22688 6312 2317 1600 24517
22984 6322 2116 1602.1 24316
23248 6329 1279 1596.65 14699
23414 6339 2227 1595.95 23930
23943 6350 2177 1600.35 24374
23989 6360 2068 1601.5 23418
23528 6370 2186 1616.6 23221
21376 6380 5542 1619.75 20984
22491 6389 170 1618.95 21910
22504 6398 1734 1613.9 20698
22687 6407 1675 1613 20785
23066 6416 1824 1612.35 21744
23325 6426 1901 1607.7 22241
23636 6435 1729 1594.85 21333
23839 6444 1785 1586.85 21288
24336 6453 1761 1580.15 21496
24508 6463 1797 1571.95 21467
24354 6472 1786 1567.35 21481
23646 6482 2317 1569.95 22293
22721 6491 4044 1560.2 21258
22765 6500 1502 1544.35 20158
22931 6509 1896 1539.25 22554
23197 6519 1734 1562.9 21499
23382 6528 1743 1551.05 20326
23641 6536 1738 1537 20592
23827 6546 1890 1530.8 21723
24198 6555 1828 1521.65 21227
24346 6564 1887 1523.7 22413
24158 6574 1888 1524.95 21725
23772 6584 1891 1530.35 22364
22298 6592 4526 1527.4 20358
22756 6601 893 1521.1 21567
22792 6611 1941 1520.35 21923
22975 6620 1921 1524.95 21624
23246 6630 1918 1525.6 21710
23519 6639 1834 1527.15 22261
23773 6648 1908 1529.45 21623
24064 6658 1945 1534.9 22282
24351 6668 1910 1531.95 22355
24209 6677 1935 1534.3 21879
23704 6687 1920 1540.1 22733
22158 6696 4825 1540.4 22427
22764 6706 749 1546.55 22700
22791 6717 1985 1556.5 23759
23025 6727 2013 1568.25 24152
23376 6737 2097 1577.9 23057
23698 6747 2003 1585 22885
23965 6755 1854 1582.75 20436
24436 6765 1868 1584.4 21913
24650 6775 1892 1585.7 22408
24452 6784 1911 1595 21826
23991 6794 1971 1598.25 22270
22597 6803 4513 1595.35 21758
23087 6812 852 1592.7 20501
23146 6821 1708 1587.45 19468
23412 6831 1981 1596.55 23968
23584 6840 2131 1597.3 22813
23861 6851 2032 1601.05 23471
24162 6861 2029 1607.05 23693
24658 6871 1966 1614.7 24010
24834 6882 1994 1623.05 24304
24698 6892 1678 1627 23692
24383 6902 1829 1629 24314
22881 6912 4693 1627.9 23473
23477 6922 698 1618.2 21779
23531 6931 1686 1604.75 21628
23635 6940 1712 1595.4 20686
23922 6950 2057 1604.55 23701
24136 6960 2064 1611.1 24471
24375 6971 1987 1616.1 23665
24648 6981 2001 1620.85 23309
25008 6991 1954 1626.75 23431
24854 7002 2001 1635.9 25001
24314 7011 2070 1644.5 22972
22551 7021 4955 1650.6 21818
23259 7030 730 1644.35 21455
23293 7040 2021 1647.85 23635
23386 7050 2014 1643.8 22700
23640 7060 1988 1638.8 23045
23926 7069 1934 1635.1 22790
24207 7080 2004 1630.05 23252
24521 7089 1824 1622.15 22201
24845 7099 1873 1617.45 21891
24764 7108 1857 1612.6 21571
24345 7114 1190 1586.1 13635
24013 7124 1972 1593.7 22320
22953 7134 4198 1601.15 23025
23134 7143 1336 1594.4 22293
23213 7153 1912 1588.9 22624
23434 7162 1911 1583.95 22165
23683 7172 1925 1579.3 22304
23881 7182 1983 1576.7 22361
24195 7191 1963 1573.75 22606
24594 7201 1880 1568.25 22021
24767 7210 1874 1572.1 23018
24492 7221 1863 1576.3 23112
24170 7231 2060 1581.1 24545
22742 7241 4666 1581.05 22310
23104 7250 1108 1580.25 22685
23170 7261 2044 1583.8 24017
23450 7271 1998 1585.75 23537
23641 7281 1997 1589.1 22577
24018 7291 1899 1592.45 22790
24164 7301 2063 1599.3 23469
24633 7311 2084 1637 24146
24766 7320 1925 1636.6 22427
24301 7330 1920 1632.05 21096
23983 7339 1844 1628.6 21270
22649 7348 4416 1620.65 20787
22921 7357 1068 1613.3 20666
22979 7366 1839 1609.15 21355
23292 7376 1941 1609.2 23060
23566 7386 2107 1612.2 24384
23807 7396 2020 1615.95 23451
24116 7407 1970 1620.2 24345
24491 7415 1585 1607.35 20753
24691 7425 1831 1596.3 20840
24350 7434 1944 1592.35 22253
23937 7444 1948 1590.3 22401
22180 7453 5020 1580.95 21929
22972 7463 565 1581.35 23106
22937 7473 2011 1580.85 22357
23184 7483 1980 1583.95 24808
23496 7494 2097 1587.65 24808
23756 7504 2066 1587.2 24289
24051 7514 2007 1591.9 23003
24459 7523 1703 1583.1 19002
24716 7532 1949 1586.65 22389
24256 7542 1977 1591.75 22116
23870 7551 1996 1597.4 21819
22306 7560 4741 1594.85 20183
22880 7568 694 1588.35 20982
22987 7579 1991 1587.95 24507
23195 7589 1920 1585.8 22804
23384 7598 1949 1575.5 22069
23559 7608 1956 1584.3 22811
23774 7618 2014 1587.85 22288
24168 7628 1931 1591.85 22397
24401 7637 1909 1590.45 22311
24069 7647 1941 1596.1 22178
23746 7656 1997 1592.2 22186
22065 7665 4809 1586.25 20673
22709 7674 600 1574.15 21247
22821 7683 1638 1558.65 20749
22921 7691 1687 1541 19420
23210 7700 1773 1528.4 21303
23380 7710 1993 1540.3 21946
23689 7720 1946 1539.75 22021
24122 7729 1566 1539.15 21728
24548 7738 1959 1542.2 22377
24595 7748 1888 1547.3 22566
24061 7757 1948 1551.4 21739
23716 7767 1977 1543.05 21925
22737 7776 4057 1537.35 20761
22847 7785 1397 1538.2 21499
22928 7795 1928 1536.9 23013
23100 7804 1959 1533.5 22527
23313 7814 1959 1530.65 22266
23569 7823 1950 1532.95 21796
23874 7833 1913 1531.2 22888
24210 7842 1921 1521.6 19564
24384 7850 1717 1518.25 20406
23975 7859 1751 1518.85 20983
23763 7868 1770 1518.9 20726
22232 7877 4542 1521.65 20443
22699 7886 849 1523 20360
22675 7895 2116 1522.95 22378
22870 7902 1408 1504.65 16323
23097 7911 1691 1495 18721
23273 7920 1851 1490.35 21678
23679 7929 1786 1487.9 20662
23868 7937 1785 1482.45 19850
24399 7947 2180 1490.4 23251
24069 7958 2280 1498.25 22926
23627 7967 1996 1497.25 21611
21848 7976 5080 1498.9 22762
22612 7985 443 1497.55 21506
22604 7995 1886 1497.55 21326
22864 8004 1768 1498 21975
23270 8014 1865 1496.85 22067
23566 8023 1795 1505.1 21529
23943 8032 1764 1509.3 20723
24154 8041 1815 1513.05 21295
24726 8050 1835 1518.3 21301
24852 8060 1822 1523.45 21208
24328 8069 1806 1525.2 21062
23755 8079 2291 1529.95 24107
22905 8087 3821 1545.3 20385
22958 8097 1756 1562.65 22783
23119 8107 1906 1563.15 21639
23313 8117 2240 1570.6 23724
23426 8127 2339 1583.45 23845
23679 8138 2263 1585.45 24612
24148 8148 2193 1587.8 24001
24455 8158 1906 1591.25 21846
23903 8166 1908 1581 19982
23566 8175 1855 1577.9 20511
22265 8184 4372 1575.25 21113
22772 8193 706 1569.65 19975
22890 8202 1811 1566.65 21489
23054 8211 1835 1560.8 20673
23378 8220 1815 1560.6 20959
23642 8229 1896 1561.75 21004
23931 8239 2120 1567.8 23361
24187 8250 2125 1576.35 24494
24401 8260 2186 1583.95 23482
23962 8270 2270 1586.6 23957
23511 8280 2236 1596 23257
22356 8289 4143 1588.1 21107
22760 8298 969 1585.2 21186
22913 8308 1770 1578.95 21873
23107 8317 1768 1566.5 20932
23418 8325 1840 1555.05 21071
23654 8334 1786 1544.55 21003
23926 8343 1759 1538.2 20332
24121 8352 1747 1541.4 20727
24529 8362 1832 1544.15 21051
24531 8371 1878 1549.55 21699
24085 8380 1865 1553.35 21552
23886 8386 1301 1529.9 14637
22623 8396 4400 1535.7 21858
23113 8405 805 1534.1 20744
23176 8414 1730 1528 21206
23372 8423 1780 1522.75 22740
23617 8433 1994 1517.1 21995
23807 8443 2066 1514.2 22790
24037 8452 1843 1499.7 21020
24375 8461 1733 1489.85 20986
24756 8470 1769 1490.95 22779
24487 8479 1825 1492.8 20801
24192 8489 1841 1494.65 22289
23896 8498 1857 1496.45 21264
22965 8507 3631 1489.55 20019
23033 8515 1439 1489.05 20588
23097 8525 2069 1498.1 22834
23516 8535 1753 1500.95 21268
23771 8545 2016 1511.3 24053
24241 8555 1759 1509.25 22738
24509 8564 1692 1510.05 21485
24955 8573 1925 1539.45 22573
25069 8583 1893 1538.1 21644
24576 8592 1956 1544.3 21857
24233 8602 1973 1548.75 21854
22551 8611 4772 1545.95 21740
23308 8621 566 1548.9 23608
23387 8631 1954 1552.3 24470
23531 8642 2034 1564.65 23720
23848 8652 2097 1574 24349
24130 8663 2034 1582.5 24607
24499 8673 1959 1594.3 23836
25014 8683 1996 1603.9 23557
25152 8693 1950 1606.75 22007
24606 8703 2067 1622.7 24475
24260 8713 2075 1633.2 23767
22955 8723 4416 1629.75 21637
23336 8732 1044 1630.85 22678
23472 8743 2031 1630.95 23606
23716 8752 1955 1632.45 22110
23913 8761 1942 1631.2 21075
24199 8771 1927 1628.8 21607
24413 8780 1972 1631.15 22299
24853 8790 1932 1630.15 22066
24992 8800 1896 1631.55 22566
24506 8809 1922 1633.2 22176
24151 8818 2017 1630 22179
22562 8828 4806 1626.65 23018
23181 8837 718 1619.25 22273
23232 8848 1900 1614.3 22421
23427 8857 1914 1605.8 22201
23757 8866 1994 1596.7 21610
24026 8876 1890 1587.2 22011
24310 8885 2009 1589.45 22973
24401 8892 1307 1557.4 14314
25006 8902 1970 1554.05 23126
24759 8911 1991 1556.05 22385
24370 8921 1959 1554.55 21637
24076 8930 1961 1546.95 21851
23217 8940 3878 1543.7 21454
23282 8949 1674 1551.1 23239
23536 8959 1909 1552.4 21936
23859 8968 1934 1550.9 21742
24070 8977 1916 1550.3 21556
24477 8987 1952 1551.45 22057
24629 8996 1827 1551.55 21881
25068 9006 1879 1548.95 21741
25060 9015 1841 1546.6 22445
24643 9024 1901 1545.95 21337
24332 9034 1896 1543.6 21603
22821 9043 4607 1538.3 21274
23337 9052 766 1534.35 20966
23469 9061 1831 1532.55 21858
23737 9070 1866 1530.5 21850
24104 9080 1965 1556.55 22426
24348 9090 1870 1553 22591
24683 9099 1908 1550.9 21981
25032 9109 1866 1552.5 22596
25335 9119 1921 1554.55 22269
24970 9128 1896 1556.35 22051
24668 9138 1922 1552.1 21828
24330 9147 1878 1548.3 21599
23527 9156 3762 1546.05 21249
23608 9166 1745 1553.05 23127
23807 9175 1889 1553.4 22630
24088 9185 1914 1555.5 22392
24361 9195 1980 1561.55 22767
24732 9205 1958 1563.35 22542
24949 9215 1952 1568.5 23224
25402 9225 1942 1577.95 24145
25183 9235 2011 1588.45 23199
24876 9245 1984 1594.15 21810
24491 9254 1877 1592.75 22376
23216 9263 4202 1583.85 19703
23480 9271 1179 1580.35 20569
23562 9281 1880 1579.4 21418
23855 9290 1777 1576.7 20681
24195 9298 1651 1567.7 19793
24453 9308 1869 1566.4 22002
24704 9317 1956 1566.85 22359
25068 9327 1852 1566.2 21925
25460 9336 1751 1565.85 21897
25163 9346 1892 1570.55 22819
24863 9356 1891 1564.65 21990
24502 9365 1917 1562.4 21412
23443 9374 4090 1563 21937
23762 9383 1060 1553.5 20108
23760 9391 1842 1543.3 20051
23887 9400 1865 1529.3 19886
24053 9410 2211 1527.05 24012
24321 9421 2276 1530.55 25076
24604 9432 2182 1535.35 23950
25130 9442 2155 1546.1 23666
24767 9452 2275 1561.45 23837
24404 9462 2303 1573.4 24938
22377 9472 5492 1576.95 22899
23325 9482 270 1576.55 20952
23401 9492 1993 1594 24158
23654 9502 2081 1601.2 23996
23947 9513 2075 1605.25 24441
24146 9519 1335 1582.5 15567
24583 9530 1981 1587.75 22867
24848 9540 2028 1590.9 24214
25376 9550 2012 1596.3 24453
25128 9560 1929 1599.75 22376
24824 9569 1945 1597.65 22662
24451 9579 1992 1603.45 22311
23244 9588 4145 1602.5 19988
23421 9597 1367 1610.55 21740
23477 9607 1945 1604.7 21998
23785 9616 1850 1596.2 21782
24192 9626 2023 1595.1 23697
24587 9637 2028 1592.4 23300
24892 9647 2028 1590.35 23688
25497 9657 2042 1588.4 23527
25265 9667 1990 1590.7 23744
24919 9677 2115 1600.1 23754
24496 9687 1988 1591.45 21603
23555 9696 4024 1581.65 20849
23718 9705 1447 1578.6 22298
23871 9715 1935 1603.1 22717
24208 9724 1968 1601.95 22475
24489 9735 1977 1598.05 22352
24829 9744 1964 1594.5 22039
25066 9754 1988 1592.9 22284
25563 9763 1934 1593.4 22196
25327 9772 1926 1588.85 20530
25028 9782 2026 1603.05 23105
24763 9793 1993 1612.5 24193
23394 9801 4376 1608.45 20758
23663 9811 1274 1611.15 22756
23847 9821 2003 1611.45 24080
24107 9831 1991 1609.4 23704
24212 9841 2003 1596.65 20009
24530 9850 2084 1591.85 22106
24823 9859 1938 1586.75 21355
25404 9869 1959 1583.7 22602
25316 9878 1953 1584.3 22305
24884 9888 1993 1587.15 22147
24511 9898 1961 1584.3 22059
23064 9907 4697 1580.9 21530
23528 9916 981 1579.55 22508
23691 9926 1932 1579.65 22192
24011 9936 1970 1579.45 22587
24339 9946 1932 1579.15 22476
24571 9955 1953 1577.3 21108
24860 9965 1988 1584.15 22907
25387 9974 1981 1581.95 21950
25452 9984 1954 1574.95 22164
25044 9993 1997 1580 21843
24672 10003 1997 1578 22283
22589 10011 5154 1555.25 17850
23521 10019 262 1544.95 19676
23617 10029 1950 1556.1 22967
23822 10039 1944 1553.55 21948
24232 10048 1895 1550.2 21249
24514 10057 1925 1546.25 21347
24841 10066 1968 1546.55 21697
25267 10076 1903 1546.5 21867
25643 10085 1886 1546.65 21703
25434 10094 1706 1542.7 19911
25129 10104 1927 1542.7 22612
24755 10113 1962 1543.4 21730
23528 10122 4325 1541.25 22208
23807 10132 1258 1539.85 21928
23946 10141 1932 1541 21699
24331 10151 1913 1538.55 22149
24655 10161 1864 1534.9 22489
24960 10170 1960 1531.55 21783
25333 10180 1669 1527.65 21554
25821 10189 1733 1524.2 20816
26058 10198 1753 1539 21258
25714 10207 1697 1542.55 21238
25606 10216 1608 1537.95 21469
25291 10226 1841 1538.15 21825
24091 10235 4349 1542.4 22194
24389 10245 1182 1543.5 22262
24474 10254 1834 1541.9 22071
24769 10263 1839 1541.35 22037
25072 10273 1781 1538.9 22169
25412 10282 1714 1539.05 20263
25668 10291 1829 1535.75 21017
26038 10301 2002 1532.55 22334
26125 10311 2249 1540.9 24673
25557 10321 2174 1547.75 24178
25063 10332 2196 1555.3 24206
23277 10342 5156 1560.3 23778
23937 10352 629 1561 22285
24015 10362 2169 1574.25 24631
24364 10373 2060 1586.4 24168
24701 10382 1915 1586.8 21587
25044 10392 1775 1585.65 21809
25281 10400 1679 1580.95 20727
25751 10410 1823 1580 21875
26045 10419 1846 1580.2 21809
25761 10429 1822 1577.95 21219
25511 10438 1875 1577.95 22341
25197 10447 1772 1575.85 20864
23297 10456 5141 1574.9 21709
24051 10466 540 1578.65 22321
24273 10475 1776 1584.8 22080
24519 10485 1656 1579.75 20701
24912 10494 1823 1579.1 21769
25171 10503 1845 1568.05 21811
25551 10512 1731 1556.1 19985
25935 10521 1804 1546.1 21499
26456 10531 1814 1538.95 21255
26343 10540 1743 1533.6 20701
26027 10549 1759 1518.65 20869
25783 10555 1330 1485.8 15481
25532 10564 1840 1485.95 20490
24276 10574 4426 1489.55 21843
24503 10583 1261 1496.45 22205
24589 10593 2144 1505.65 23611
24891 10604 2195 1512 24828
25114 10614 2202 1518.1 23655
25511 10625 2064 1523.45 23255
26074 10634 1707 1525.2 21144
26482 10643 1819 1524.05 20719
26124 10652 1849 1520.15 21030
25942 10661 1891 1520.05 21948
25700 10670 1790 1526.5 21910
23812 10681 5271 1531.9 23017
24636 10692 739 1550 25874
24740 10702 2105 1563.9 24401
24967 10712 2199 1573.6 23699
25183 10723 2252 1583 24788
25589 10734 2248 1597.45 24571
25967 10743 1730 1599.4 21436
26450 10751 1642 1613.5 19067
26347 10760 1929 1609.2 19527
25890 10768 1862 1601.4 19582
25505 10778 1862 1595.4 20595
25267 10787 1869 1588.65 22232
24169 10796 4199 1581.45 21889
24214 10805 1596 1574.65 20907
24441 10815 1828 1568.1 22380
24831 10825 1829 1569.35 21865
25128 10834 1918 1572.25 22229
25516 10843 1808 1574.5 22158
25786 10853 1877 1573.7 22313
26321 10862 1798 1574.9 22138
26388 10872 1861 1572.05 22640
26001 10882 1887 1556 22054
25743 10891 1750 1543.05 20188
25443 10900 1882 1536.4 22006
23904 10909 4771 1525.1 20592
24270 10917 973 1509.45 19955
24465 10927 1708 1508.8 21048
24841 10936 1711 1516.05 21528
25128 10945 1845 1519.5 21867
25549 10955 1847 1527.5 22076
25908 10964 1853 1534.8 21976
26445 10974 1733 1532.55 21600
26734 10983 1773 1531.4 21175
26452 10992 1751 1530.75 20819
26230 11001 1773 1528.3 21540
25926 11010 1806 1525.85 20493
23767 11019 5556 1525.2 21867
24774 11029 160 1526.3 21906
24871 11038 1594 1523.05 21623
25171 11048 1699 1522.25 21588
25457 11057 1776 1517.9 22009
25649 11066 1782 1514.65 21359
26097 11076 1743 1515.6 21265
26381 11085 1752 1514 21292
26963 11094 1825 1520.2 22189
27020 11103 1762 1523.5 21332
26630 11113 1832 1524.6 21401
26321 11122 1778 1524.35 21121
25989 11131 1822 1525.65 21579
24365 11141 4860 1527.3 22809
24746 11150 904 1522.75 20701
24864 11159 1833 1523.8 21836
25138 11169 1889 1526.55 21527
25385 11179 2141 1531.75 22381
25701 11188 2100 1535.6 21769
25929 11197 1928 1535.3 21585
26490 11207 2263 1543.55 24084
26211 11218 2125 1549.25 23591
25947 11228 2060 1556.25 22977
25511 11238 2206 1564.2 24059
23628 11248 5388 1567.45 22378
24201 11257 774 1570.3 22001
24267 11266 1899 1568.25 21548
24654 11276 1770 1567.55 21182
24996 11285 1856 1564.7 22228
25351 11294 1685 1562.25 19898
25673 11302 1687 1557.6 19668
26161 11312 1697 1559.4 21900
26579 11322 1802 1561.35 21708
26400 11330 1765 1554.55 20605
26096 11339 1835 1557.05 21090
25913 11349 1690 1555.45 21301
25630 11357 1849 1550.45 20810
24318 11367 4566 1550.5 22449
24409 11377 1649 1554.8 23419
24557 11388 2173 1563.45 24103
24879 11398 2256 1562.05 23823
25261 11407 1969 1557.85 22213
25655 11416 1803 1550.05 20922
26193 11426 1721 1538.25 21239
26533 11435 1814 1539.05 21659
26066 11445 2128 1543.55 22807
25715 11455 2159 1555.8 23918
25283 11465 2182 1557.55 22201
24119 11475 4496 1559.45 22138
24350 11484 1301 1564.45 21804
24531 11493 1794 1569.1 20999
24878 11502 1780 1567.85 20888
25277 11511 1829 1564.4 21676
25611 11521 1785 1565.6 20851
25888 11530 1810 1567.6 21228
26574 11539 1752 1569.5 22059
26807 11548 1821 1574.05 21364
26354 11557 1857 1571.75 21555
25926 11567 2076 1570.2 22039
25487 11578 2253 1571 24112
24017 11587 4618 1565.2 23046
24169 11597 1454 1566.8 23055
24296 11607 2183 1577.4 23214
24682 11618 2129 1585.45 22877
24972 11627 1915 1581.3 21303
25521 11636 1796 1576.75 22110
26024 11645 1920 1569.4 21234
26393 11654 1871 1567.85 21501
25954 11663 1909 1558.5 19185
25778 11672 1737 1553.5 19776
25561 11681 1785 1555.45 22041
24483 11691 4723 1559.35 22247
24611 11700 1052 1565.05 22803
24575 11709 1868 1568.05 21484
24776 11719 1826 1565.85 21336
25199 11728 1821 1563.1 20962
25409 11734 1235 1535.4 14668
25751 11743 1700 1530.3 20207
26094 11752 1668 1522.7 20789
26609 11761 1653 1509.3 19995
26784 11770 1712 1502.6 20502
26386 11779 1824 1499.5 21883
26096 11788 1813 1490.65 21592
25876 11798 1833 1489.4 22425
23743 11807 5435 1489.85 21421
24751 11816 170 1487.1 21325
24757 11826 1790 1487.25 21835
24921 11835 1767 1486.2 21561
25407 11844 1857 1496.15 22348
25759 11854 1743 1500.65 21672
26187 11863 1783 1498.65 21318
26654 11873 1474 1497.1 21603
27121 11882 1875 1497.85 22147
26979 11891 1786 1493.55 21353
26654 11901 1806 1495.4 22160
26367 11910 1718 1492.4 20368
26059 11919 1859 1518.75 22295
24185 11928 5001 1518.7 20538
24618 11937 760 1515.7 20333
24674 11947 2072 1526.6 22911
24937 11957 2259 1539.75 24040
25226 11968 2307 1548.25 24537
25702 11978 2266 1560.95 23983
26278 11989 2173 1564.9 24483
26408 11999 2217 1577.7 24587
25941 12010 2211 1588.55 23876
25475 12020 2271 1596.45 24098
25067 12030 4183 1606.85 24083
24179 12040 2097 1605.05 21939
24090 12050 2065 1611.55 23725
24364 12061 2225 1621.75 23643
24757 12071 2136 1628.35 24105
25138 12081 2289 1632.7 24103
25448 12091 2220 1644.6 23835
26172 12102 2032 1651.05 24357
25914 12112 1956 1660.7 23367
25670 12121 1863 1660.05 21893
25411 12130 1665 1657 20178
25233 12138 1677 1655.25 19617
23647 12146 4729 1642.45 19525
24013 12155 1075 1630.25 21182
24251 12165 1696 1616.6 20042
24653 12173 1685 1600.75 20403
24993 12183 1829 1593.1 21952
25422 12192 1783 1581.05 22044
25816 12201 1823 1574.3 22101
26350 12210 1693 1560.85 19844
26634 12219 1693 1549.5 21378
26275 12229 1809 1547.4 21616
26030 12237 1598 1532.45 19368
25827 12244 1426 1504.15 16884
25560 12254 1901 1495.15 22195
24463 12263 4275 1488.25 22364
24481 12273 1654 1482.95 22931
24630 12283 2239 1484.35 23660
24952 12294 2312 1488.9 23993
25400 12305 2200 1497.25 24382
25704 12314 2074 1508.45 22982
26225 12324 1904 1515.2 21493
26038 12333 1859 1524.6 21601
25753 12342 1881 1528.85 22480
25560 12352 1911 1537.15 22498
25253 12362 1833 1538.15 21447
24116 12371 4240 1540.05 21678
24334 12380 1285 1542.05 22115
24641 12390 1848 1545.55 22565
25022 12399 1861 1552.5 21371
25361 12409 1784 1552.95 21293
25816 12418 1877 1553.95 21945
26172 12428 1754 1562.7 22247
26688 12437 1830 1582.6 21379
25963 12443 2131 1555.5 14219
