1245 0 0 0 0 0 17302 0
2366 0 0 0 0 0 27395 0
3662 0 0 0 0 0 26584 0
4604.75 0 0 0 0 0 25317 0
5293.6 0 0 0 0 0 27665 0
5952.17 0 0 0 0 0 27056 0
6457.71 0 0 0 0 0 23384 0
6979.12 0 0 0 0 0 21727 0
7452.56 0 0 0 0 0 18215 0
7885.2 0 0 0 0 0 15136 0
7514.18 0 0 0 0 0 3965 0
7542.25 0 0 0 0 0 7658 0
7879.46 0 0 0 0 0 9780 0
8208.57 0 0 0 0 0 8347 0
8507.93 0 0 0 0 0 6587 0
8737.25 0 0 0 0 0 4911 0
8948.76 0 0 0 0 0 4097 0
9180.22 0 0 0 0 0 3683 0
9384.63 0 0 0 0 0 2939 0
9549.1 0 0 0 0 0 2168 0
10099.2 0 0 0 0 0 1707 0
10561.8 0 0 0 0 0 1443 0
10888.8 0 0 0 0 0 1193 0
11156 0 0 0 0 0 1055 0
11393.5 0 0 0 0 0 983 0
11594.1 0 0 0 0 0 739 0
11762.2 0 0 0 0 0 580 0
11909 0 0 0 0 0 516 0
11999 0 0 0 0 0 435 0
12052.2 0 0 0 0 0 363 0
12507.1 0 0 0 0 0 259 0
12744.3 0 0 0 0 0 229 0
12797.8 0 0 0 0 0 236 0
12837 0 0 0 0 0 208 0
12840.3 0 0 0 0 0 138 0
12865 0 0 0 0 0 137 0
12891.6 0 0 0 0 0 106 0
12884.2 0 0 0 0 0 104 0
12844.5 0 0 0 0 0 84 0
12847.2 0 0 0 0 0 78 0
12862.1 0 0 0 0 0 58 0
12874.2 0 0 0 0 0 75 0
12868.6 0 0 0 0 0 35 0
12890.1 0 0 0 0 0 49 0
12902.8 0 0 0 0 0 27 0
12897.3 0 0 0 0 0 38 0
12905 0 0 0 0 0 30 0
12911 0 0 0 0 0 23 0
12934 0 0 0 0 0 15 0
12960.6 0 0 0 0 0 14 0
12989.5 0 0 0 0 0 15 0
12986.9 0 0 0 0 0 16 0
13003.6 0 0 0 0 0 17 0
13003.1 0 0 0 0 0 12 0
12972.5 0 0 0 0 0 9 0
12969.1 0 0 0 0 0 8 0
12978.7 0 0 0 0 0 10 0
12967.5 0 0 0 0 0 12 0
12967.1 0 0 0 0 0 7 0
12986.4 0 0 0 0 0 4 0
13028.1 0 0 0 0 0 2 0
13060.5 0 0 0 0 0 5 0
13086 0 0 0 0 0 3 0
13074.2 0 0 0 0 0 3 0
13080 0 0 0 0 0 8 0
13094.4 0 0 0 0 0 3 0
13101 0 0 0 0 0 0 0
13047.6 0 0 0 0 0 1 0
13047.7 0 0 0 0 0 0 0
13055.9 0 0 0 0 0 3 0
13032.1 0 0 0 0 0 0 0
13051 0 0 0 0 0 0 0
13028.1 0 0 0 0 0 0 0
13022.2 0 0 0 0 0 0 0
13071.7 0 0 0 0 0 2 0
13100.3 0 0 0 0 0 0 0
13078.5 0 0 0 0 0 0 0
13088.5 0 0 0 0 0 0 0
13100.2 0 0 0 0 0 0 0
13100 0 0 0 0 0 0 0
13083.5 0 0 0 0 0 0 0
13064.9 0 0 0 0 0 0 0
13069.9 0 0 0 0 0 1 0
13057.7 0 0 0 0 0 0 0
13011.4 0 0 0 0 0 0 0
12980.6 0 0 0 0 0 0 0
12969.9 0 0 0 0 0 0 0
12989.6 0 0 0 0 0 0 0
12975.1 0 0 0 0 0 0 0
12982 0 0 0 0 0 0 0
12989.6 0 0 0 0 0 0 0
13002.8 0 0 0 0 0 0 0
12993.5 0 0 0 0 0 0 0
12992.4 0 0 0 0 0 0 0
12991.4 0 0 0 0 0 1 0
12994.2 0 0 0 0 0 0 0
13006.7 0 0 0 0 0 0 0
13010.5 0 0 0 0 0 0 0
13056.5 0 0 0 0 0 0 0
13050.8 0 0 0 0 0 0 0
13020 0 0 0 0 0 0 0
13017.6 0 0 0 0 0 0 0
13007.8 0 0 0 0 0 0 0
13028.4 0 0 0 0 0 0 0
13055.9 0 0 0 0 0 0 0
13084.6 0 0 0 0 0 0 0
13064 0 0 0 0 0 0 0
13072.5 0 0 0 0 0 0 0
13012.7 0 0 0 0 0 0 0
13000.2 0 0 0 0 0 0 0
12993 0 0 0 0 0 0 0
12994.8 0 0 0 0 0 0 0
13034.9 0 0 0 0 0 0 0
13061.5 0 0 0 0 0 0 0
13051.6 0 0 0 0 0 0 0
13071.9 0 0 0 0 0 0 0
13089.8 0 0 0 0 0 0 0
13098.3 0 0 0 0 0 3 0
13086 0 0 0 0 0 0 0
13073.3 0 0 0 0 0 0 0
13105.2 0 0 0 0 0 0 0
13095.9 0 0 0 0 0 0 0
13054.1 0 0 0 0 0 0 0
13043.5 0 0 0 0 0 0 0
13057.4 0 0 0 0 0 0 0
13051.1 0 0 0 0 0 0 0
13086 0 0 0 0 0 0 0
13063.2 0 0 0 0 0 0 0
13106.2 0 0 0 0 0 0 0
13095.3 0 0 0 0 0 0 0
13055.4 0 0 0 0 0 0 0
13022.5 0 0 0 0 0 0 0
12991.7 0 0 0 0 0 0 0
12905.9 0 0 0 0 0 0 0
12898.4 0 0 0 0 0 0 0
12865.5 0 0 0 0 0 0 0
12842.1 0 0 0 0 0 0 0
12852.1 0 0 0 0 0 0 0
12827 0 0 0 0 0 0 0
12832.4 0 0 0 0 0 2 0
12831.2 0 0 0 0 0 0 0
12857.2 0 0 0 0 0 0 0
12895.8 0 0 0 0 0 0 0
12757.2 0 0 0 0 0 1 0
12757.7 0 0 0 0 0 0 0
12753.6 0 0 0 0 0 1 0
12751.4 0 0 0 0 0 0 0
12752.5 0 0 0 0 0 0 0
12737.6 0 0 0 0 0 0 0
12731.3 0 0 0 0 0 0 0
12731 0 0 0 0 0 0 0
12749.4 0 0 0 0 0 1 0
12731 0 0 0 0 0 0 0
12812.5 0 0 0 0 0 0 0
12839.3 0 0 0 0 0 0 0
12845.5 0 0 0 0 0 0 0
12830.5 0 0 0 0 0 0 0
12786.5 0 0 0 0 0 0 0
12785.5 0 0 0 0 0 0 0
12757.5 0 0 0 0 0 0 0
12702 0 0 0 0 0 0 0
12659.1 0 0 0 0 0 0 0
12652.7 0 0 0 0 0 0 0
12771.2 0 0 0 0 0 0 0
12778.1 0 0 0 0 0 0 0
12764.1 0 0 0 0 0 0 0
12766.7 0 0 0 0 0 0 0
12782.7 0 0 0 0 0 0 0
12821.5 0 0 0 0 0 0 0
12788.2 0 0 0 0 0 0 0
12797.9 0 0 0 0 0 0 0
12763.5 0 0 0 0 0 0 0
12714.4 0 0 0 0 0 0 0
12683.5 0 0 0 0 0 0 0
12656.2 0 0 0 0 0 0 0
12647 0 0 0 0 0 0 0
12648.8 0 0 0 0 0 0 0
12658.2 0 0 0 0 0 0 0
12678.8 0 0 0 0 0 0 0
12719.9 0 0 0 0 0 0 0
12764.1 0 0 0 0 0 0 0
12767.5 0 0 0 0 0 0 0
12758.2 0 0 0 0 0 0 0
12735.4 0 0 0 0 0 0 0
12689.8 0 0 0 0 0 0 0
12704 0 0 0 0 0 0 0
12667.1 0 0 0 0 0 0 0
12687.9 0 0 0 0 0 0 0
12536.3 0 0 0 0 0 0 0
12575.4 0 0 0 0 0 0 0
12591 0 0 0 0 0 0 0
12634.3 0 0 0 0 0 0 0
12714.1 0 0 0 0 0 0 0
12621 0 0 0 0 0 0 0
12621.6 0 0 0 0 0 0 0
12631.5 0 0 0 0 0 0 0
12657.6 0 0 0 0 0 0 0
12663.8 0 0 0 0 0 0 0
12471.5 0 0 0 0 0 0 0
12486.5 0 0 0 0 0 0 0
12516.9 0 0 0 0 0 0 0
12560.4 0 0 0 0 0 2 0
12602.3 0 0 0 0 0 0 0
12680 0 0 0 0 0 0 0
12686.5 0 0 0 0 0 0 0
12544.7 0 0 0 0 0 0 0
12581.3 0 0 0 0 0 0 0
12551.6 0 0 0 0 0 0 0
12703.4 0 0 0 0 0 0 0
12716.9 0 0 0 0 0 0 0
12727.8 0 0 0 0 0 0 0
12711.9 0 0 0 0 0 0 0
12715.5 0 0 0 0 0 0 0
12643.5 0 0 0 0 0 0 0
12672.8 0 0 0 0 0 0 0
12646.2 0 0 0 0 0 0 0
12646.6 0 0 0 0 0 0 0
12637.2 0 0 0 0 0 0 0
12852.2 0 0 0 0 0 0 0
12851 0 0 0 0 0 0 0
12853 0 0 0 0 0 0 0
12840.2 0 0 0 0 0 0 0
12834.9 0 0 0 0 0 0 0
12830 0 0 0 0 0 0 0
12837.1 0 0 0 0 0 0 0
12970.2 0 0 0 0 0 0 0
12942.7 0 0 0 0 0 0 0
12948.3 0 0 0 0 0 0 0
12931.8 0 0 0 0 0 0 0
12923.1 0 0 0 0 0 0 0
12933 0 0 0 0 0 0 0
12961.5 0 0 0 0 0 0 0
12957.7 0 0 0 0 0 0 0
13123 0 0 0 0 0 0 0
13123.6 0 0 0 0 0 0 0
13147.5 0 0 0 0 0 0 0
13130.8 0 0 0 0 0 0 0
13144.2 0 0 0 0 0 0 0
13095.2 0 0 0 0 0 0 0
13089.4 0 0 0 0 0 0 0
13087.5 0 0 0 0 0 0 0
13079.8 0 0 0 0 0 0 0
13060.9 0 0 0 0 0 0 0
12857 0 0 0 0 0 0 0
12869.5 0 0 0 0 0 0 0
12853.1 0 0 0 0 0 0 0
12874.5 0 0 0 0 0 0 0
12866.7 0 0 0 0 0 0 0
12709 0 0 0 0 0 0 0
12709.5 0 0 0 0 0 0 0
12721.6 0 0 0 0 0 0 0
12709.3 0 0 0 0 0 0 0
12727 0 0 0 0 0 0 0
12747.9 0 0 0 0 0 0 0
12742.1 0 0 0 0 0 0 0
12750.5 0 0 0 0 0 0 0
12783.6 0 0 0 0 0 0 0
12769.2 0 0 0 0 0 0 0
12794.2 0 0 0 0 0 0 0
12747 0 0 0 0 0 0 0
12725.2 0 0 0 0 0 0 0
12732.9 0 0 0 0 0 0 0
12724.9 0 0 0 0 0 0 0
12899.9 0 0 0 0 0 0 0
12870.7 0 0 0 0 0 5 0
12698 0 0 0 0 0 0 0
12709.1 0 0 0 0 0 0 0
12728 0 0 0 0 0 0 0
12870.6 0 0 0 0 0 0 0
12867.8 0 0 0 0 0 0 0
12858.3 0 0 0 0 0 0 0
12857.4 0 0 0 0 0 0 0
12850.4 0 0 0 0 0 0 0
12826.3 0 0 0 0 0 0 0
12804.4 0 0 0 0 0 0 0
12778.2 0 0 0 0 0 0 0
12757.3 0 0 0 0 0 0 0
12783.6 0 0 0 0 0 0 0
12803.8 0 0 0 0 0 0 0
12870.6 0 0 0 0 0 0 0
12782.9 0 0 0 0 0 0 0
12710 0 0 0 0 0 0 0
12736.2 0 0 0 0 0 0 0
12753.5 0 0 0 0 0 0 0
12785.6 0 0 0 0 0 0 0
12928.2 0 0 0 0 0 0 0
12834.5 0 0 0 0 0 0 0
12830.5 0 0 0 0 0 0 0
12866.8 0 0 0 0 0 0 0
12869.8 0 0 0 0 0 0 0
12874.7 0 0 0 0 0 0 0
12930.5 0 0 0 0 0 0 0
12904.1 0 0 0 0 0 0 0
12932.1 0 0 0 0 0 0 0
12951.3 0 0 0 0 0 0 0
13007.1 0 0 0 0 0 0 0
13034.5 0 0 0 0 0 0 0
13034.6 0 0 0 0 0 0 0
13046 0 0 0 0 0 0 0
12996.6 0 0 0 0 0 0 0
13083.2 0 0 0 0 0 0 0
13129.8 0 0 0 0 0 0 0
13121 0 0 0 0 0 0 0
13078 0 0 0 0 0 0 0
13110.5 0 0 0 0 0 0 0
13196.9 0 0 0 0 0 0 0
13291.7 0 0 0 0 0 0 0
13256.8 0 0 0 0 0 0 0
13244.3 0 0 0 0 0 0 0
13113.2 0 0 0 0 0 0 0
13042.8 0 0 0 0 0 0 0
12995.9 0 0 0 0 0 0 0
13026.1 0 0 0 0 0 0 0
13024.1 0 0 0 0 0 0 0
13017.3 0 0 0 0 0 0 0
12977.1 0 0 0 0 0 0 0
12952 0 0 0 0 0 0 0
12931 0 0 0 0 0 0 0
12868.5 0 0 0 0 0 0 0
12914.6 0 0 0 0 0 0 0
12922.4 0 0 0 0 0 0 0
12876 0 0 0 0 0 0 0
12878.1 0 0 0 0 0 0 0
12900.8 0 0 0 0 0 0 0
12908 0 0 0 0 0 0 0
12906.4 0 0 0 0 0 0 0
12907.8 0 0 0 0 0 0 0
12946 0 0 0 0 0 0 0
12949 0 0 0 0 0 0 0
13085 0 0 0 0 0 0 0
13114 0 0 0 0 0 0 0
13108.7 0 0 0 0 0 0 0
12924.1 0 0 0 0 0 0 0
12931.4 0 0 0 0 0 0 0
12927.2 0 0 0 0 0 0 0
12938.2 0 0 0 0 0 0 0
12957.1 0 0 0 0 0 0 0
12966.2 0 0 0 0 0 0 0
12999.8 0 0 0 0 0 0 0
12947.9 0 0 0 0 0 0 0
12943.9 0 0 0 0 0 0 0
13011.4 0 0 0 0 0 1 0
12982.1 0 0 0 0 0 0 0
12956.5 0 0 0 0 0 0 0
12938.6 0 0 0 0 0 0 0
12921.9 0 0 0 0 0 0 0
12923.2 0 0 0 0 0 0 0
12946.7 0 0 0 0 0 0 0
12925 0 0 0 0 0 0 0
12926.5 0 0 0 0 0 0 0
12917.9 0 0 0 0 0 0 0
12939.4 0 0 0 0 0 0 0
13126.9 0 0 0 0 0 0 0
13100.2 0 0 0 0 0 0 0
13087.8 0 0 0 0 0 0 0
13081.2 0 0 0 0 0 0 0
13028.8 0 0 0 0 0 0 0
13037.5 0 0 0 0 0 0 0
13042.7 0 0 0 0 0 0 0
12921.4 0 0 0 0 0 0 0
12946.8 0 0 0 0 0 0 0
12969.2 0 0 0 0 0 0 0
13013.3 0 0 0 0 0 0 0
13024.4 0 0 0 0 0 0 0
12928.4 0 0 0 0 0 0 0
12863.8 0 0 0 0 0 0 0
12822.5 0 0 0 0 0 0 0
12746.5 0 0 0 0 0 0 0
12759.8 0 0 0 0 0 0 0
12757.1 0 0 0 0 0 0 0
12784.9 0 0 0 0 0 0 0
12781.9 0 0 0 0 0 0 0
12777.9 0 0 0 0 0 0 0
12787.1 0 0 0 0 0 0 0
12800.4 0 0 0 0 0 0 0
12826.3 0 0 0 0 0 0 0
12847.9 0 0 0 0 0 0 0
12875.5 0 0 0 0 0 0 0
12879 0 0 0 0 0 0 0
13043.4 0 0 0 0 0 0 0
13026.9 0 0 0 0 0 0 0
12992.8 0 0 0 0 0 0 0
12967.7 0 0 0 0 0 0 0
12967.9 0 0 0 0 0 0 0
13050 0 0 0 0 0 0 0
13127.2 0 0 0 0 0 0 0
13168.6 0 0 0 0 0 0 0
13236.2 0 0 0 0 0 0 0
13066 0 0 0 0 0 0 0
13027.4 0 0 0 0 0 0 0
13027.5 0 0 0 0 0 0 0
13024.3 0 0 0 0 0 0 0
13020.1 0 0 0 0 0 0 0
13028.3 0 0 0 0 0 0 0
12862 0 0 0 0 0 0 0
12805.1 0 0 0 0 0 0 0
12779.4 0 0 0 0 0 0 0
12729.2 0 0 0 0 0 0 0
12728 0 0 0 0 0 0 0
12686.4 0 0 0 0 0 0 0
12706.5 0 0 0 0 0 0 0
12723.2 0 0 0 0 0 0 0
12750.5 0 0 0 0 0 0 0
12758.5 0 0 0 0 0 0 0
12777 0 0 0 0 0 0 0
12743 0 0 0 0 0 0 0
12708.2 0 0 0 0 0 0 0
12683.7 0 0 0 0 0 0 0
12860.3 0 0 0 0 0 0 0
12875.9 0 0 0 0 0 0 0
12894 0 0 0 0 0 0 0
12861.1 0 0 0 0 0 0 0
12860.8 0 0 0 0 0 0 0
12849 0 0 0 0 0 0 0
13010.4 0 0 0 0 0 0 0
13032.1 0 0 0 0 0 0 0
13047.4 0 0 0 0 0 0 0
13071.4 0 0 0 0 0 0 0
13067.1 0 0 0 0 0 0 0
13075.1 0 0 0 0 0 0 0
13058.8 0 0 0 0 0 0 0
13062.4 0 0 0 0 0 0 0
13003 0 0 0 0 0 0 0
12804.3 0 0 0 0 0 0 0
12775.7 0 0 0 0 0 0 0
12787.4 0 0 0 0 0 0 0
12829 0 0 0 0 0 0 0
12854.1 0 0 0 0 0 0 0
12866.9 0 0 0 0 0 0 0
12849.5 0 0 0 0 0 2 0
12837.8 0 0 0 0 0 0 0
12867.3 0 0 0 0 0 0 0
12868.5 0 0 0 0 0 0 0
12887.8 0 0 0 0 0 0 0
12917.8 0 0 0 0 0 0 0
12941.2 0 0 0 0 0 0 0
12952.5 0 0 0 0 0 0 0
12960.8 0 0 0 0 0 0 0
12974.1 0 0 0 0 0 0 0
13004.5 0 0 0 0 0 0 0
13013.4 0 0 0 0 0 0 0
13004.2 0 0 0 0 0 0 0
13024.4 0 0 0 0 0 0 0
13225.5 0 0 0 0 0 0 0
13237.6 0 0 0 0 0 0 0
13219.2 0 0 0 0 0 0 0
13199.5 0 0 0 0 0 0 0
13179.2 0 0 0 0 0 0 0
13164.2 0 0 0 0 0 0 0
13192.2 0 0 0 0 0 0 0
13211.8 0 0 0 0 0 0 0
13215.9 0 0 0 0 0 0 0
13178.5 0 0 0 0 0 0 0
13014.8 0 0 0 0 0 0 0
12836.6 0 0 0 0 0 0 0
12831.5 0 0 0 0 0 0 0
12823.1 0 0 0 0 0 0 0
12828.4 0 0 0 0 0 4 0
12831.7 0 0 0 0 0 0 0
12834.8 0 0 0 0 0 0 0
12817.4 0 0 0 0 0 0 0
12821.2 0 0 0 0 0 0 0
12807.7 0 0 0 0 0 0 0
12815 0 0 0 0 0 0 0
12808.9 0 0 0 0 0 0 0
12830.9 0 0 0 0 0 0 0
12810.1 0 0 0 0 0 0 0
12812.4 0 0 0 0 0 0 0
12810.1 0 0 0 0 0 0 0
12793.5 0 0 0 0 0 0 0
12804 0 0 0 0 0 0 0
12768 0 0 0 0 0 0 0
12797 0 0 0 0 0 0 0
12960 0 0 0 0 0 0 0
13117.4 0 0 0 0 0 0 0
13088.9 0 0 0 0 0 0 0
13123.8 0 0 0 0 0 0 0
13136.5 0 0 0 0 0 0 0
13120.2 0 0 0 0 0 0 0
13101.6 0 0 0 0 0 0 0
12931 0 0 0 0 0 0 0
12924.4 0 0 0 0 0 0 0
12966.5 0 0 0 0 0 0 0
12973 0 0 0 0 0 0 0
12965.5 0 0 0 0 0 0 0
12951.5 0 0 0 0 0 0 0
12969.4 0 0 0 0 0 0 0
12930.9 0 0 0 0 0 0 0
12918.8 0 0 0 0 0 0 0
12949.1 0 0 0 0 0 0 0
12947 0 0 0 0 0 0 0
12973.2 0 0 0 0 0 0 0
12969.1 0 0 0 0 0 0 0
12936.1 0 0 0 0 0 0 0
12929.5 0 0 0 0 0 0 0
12952.1 0 0 0 0 0 0 0
12706.4 0 0 0 0 0 0 0
12554.6 0 0 0 0 0 0 0
12574.1 0 0 0 0 0 0 0
12595 0 0 0 0 0 0 0
12663.3 0 0 0 0 0 0 0
12623.5 0 0 0 0 0 0 0
12600.4 0 0 0 0 0 0 0
12587.5 0 0 0 0 0 0 0
12589.5 0 0 0 0 0 0 0
12582 0 0 0 0 0 0 0
12568.4 0 0 0 0 0 0 0
12582.9 0 0 0 0 0 0 0
12562.6 0 0 0 0 0 0 0
12453.6 0 0 0 0 0 0 0
12413.9 0 0 0 0 0 0 0
12350.1 0 0 0 0 0 0 0
12246.7 0 0 0 0 0 0 0
12263.7 0 0 0 0 0 0 0
12265.1 0 0 0 0 0 0 0
12263.1 0 0 0 0 0 0 0
12502.8 0 0 0 0 0 0 0
12624.1 0 0 0 0 0 0 0
12617.4 0 0 0 0 0 0 0
12611.5 0 0 0 0 0 0 0
12715 0 0 0 0 0 0 0
12748.5 0 0 0 0 0 0 0
12750.9 0 0 0 0 0 0 0
12759.9 0 0 0 0 0 0 0
12766.8 0 0 0 0 0 0 0
12790.8 0 0 0 0 0 0 0
12792.4 0 0 0 0 0 0 0
12773.8 0 0 0 0 0 0 0
12798.3 0 0 0 0 0 0 0
12898.4 0 0 0 0 0 0 0
12906.1 0 0 0 0 0 0 0
12971.2 0 0 0 0 0 0 0
13101.4 0 0 0 0 0 0 0
13113.9 0 0 0 0 0 0 0
13108.4 0 0 0 0 0 0 0
13121.2 0 0 0 0 0 0 0
13134.5 0 0 0 0 0 0 0
13027.6 0 0 0 0 0 0 0
12949.8 0 0 0 0 0 0 0
12933.6 0 0 0 0 0 0 0
12915.8 0 0 0 0 0 0 0
12929.2 0 0 0 0 0 0 0
12932 0 0 0 0 0 0 0
12963.5 0 0 0 0 0 0 0
12977.5 0 0 0 0 0 0 0
12974 0 0 0 0 0 0 0
13004.5 0 0 0 0 0 0 0
13021 0 0 0 0 0 0 0
13039 0 0 0 0 0 0 0
13062.6 0 0 0 0 0 0 0
13098 0 0 0 0 0 0 0
13116 0 0 0 0 0 0 0
13089.1 0 0 0 0 0 0 0
13062.5 0 0 0 0 0 0 0
13091 0 0 0 0 0 0 0
13074 0 0 0 0 0 0 0
13030.3 0 0 0 0 0 0 0
13129.7 0 0 0 0 0 0 0
13185.9 0 0 0 0 0 0 0
13029.8 0 0 0 0 0 0 0
13034 0 0 0 0 0 0 0
13038.5 0 0 0 0 0 0 0
13054.1 0 0 0 0 0 0 0
13027.5 0 0 0 0 0 0 0
13029 0 0 0 0 0 0 0
13028.4 0 0 0 0 0 0 0
13007 0 0 0 0 0 0 0
12995.8 0 0 0 0 0 0 0
12955 0 0 0 0 0 0 0
12922.6 0 0 0 0 0 0 0
12881.2 0 0 0 0 0 0 0
12834.4 0 0 0 0 0 0 0
12825.8 0 0 0 0 0 0 0
12858.6 0 0 0 0 0 0 0
12793.9 0 0 0 0 0 0 0
12828.9 0 0 0 0 0 0 0
12862.3 0 0 0 0 0 0 0
12868.9 0 0 0 0 0 0 0
12761.9 0 0 0 0 0 0 0
12922.1 0 0 0 0 0 0 0
12948.9 0 0 0 0 0 0 0
12759.6 0 0 0 0 0 0 0
12743.6 0 0 0 0 0 0 0
12750.8 0 0 0 0 0 0 0
12724.7 0 0 0 0 0 0 0
12725.8 0 0 0 0 0 0 0
12742.5 0 0 0 0 0 0 0
12791.6 0 0 0 0 0 0 0
12822 0 0 0 0 0 0 0
12837.5 0 0 0 0 0 0 0
12845.5 0 0 0 0 0 0 0
12845.7 0 0 0 0 0 0 0
12868.1 0 0 0 0 0 0 0
12852.6 0 0 0 0 0 0 0
12916 0 0 0 0 0 0 0
12898.1 0 0 0 0 0 0 0
12910.6 0 0 0 0 0 0 0
12902.2 0 0 0 0 0 0 0
12994.9 0 0 0 0 0 0 0
12987.9 0 0 0 0 0 0 0
12961.6 0 0 0 0 0 0 0
13147.2 0 0 0 0 0 0 0
13135.5 0 0 0 0 0 0 0
13119.5 0 0 0 0 0 0 0
13109.5 0 0 0 0 0 0 0
13092.9 0 0 0 0 0 0 0
13086.9 0 0 0 0 0 0 0
13070.1 0 0 0 0 0 0 0
13051.9 0 0 0 0 0 0 0
13021.2 0 0 0 0 0 0 0
13029.9 0 0 0 0 0 0 0
13019.5 1 0 0 0 0 0 0
12863.3 0 0 0 12899.9 0 0 2672.85
12848.5 0 0 0 12899.9 0 0 -49.15
12821 0 0 0 12899.9 0 0 25.85
12787.2 0 0 0 12899.9 0 0 185.85
12630.4 0 0 0 12899.9 0 0 2565.85
12614.7 0 0 0 12899.9 0 0 366.85
12639 0 0 0 12899.9 0 0 -277.15
12689.4 0 0 0 12899.9 0 0 -1067.15
12727.1 0 0 0 12899.9 0 0 -752.15
12743 0 0 0 12899.9 0 0 -766.15
12749.1 0 0 0 12899.9 0 0 -64.15
12794.8 0 0 0 12899.9 0 0 -936.15
12820 0 0 0 12899.9 0 0 -184.15
12866.1 0 0 0 12899.9 0 0 -1000.15
12895.2 0 0 0 12899.9 0 0 -918.15
12934.8 0 0 0 12899.9 0 0 -958.15
12976.2 0 0 0 12899.9 0 0 -683.15
13020.1 0 0 0 12899.9 0 0 -734.15
13020.2 0 0 0 12899.9 0 0 -199.15
13070 0 0 0 12899.9 0 0 -630.15
13243.4 0 0 0 12899.9 0 0 -796.15
13257.3 0 0 0 12899.9 0 0 -327.15
13300.9 0 0 0 12899.9 0 0 -845.15
13346.5 0 0 0 12899.9 0 0 -726.15
13485.9 0 0 0 12899.9 0 0 -222.15
13518.5 0 0 0 12899.9 0 0 -286.15
13549.3 0 0 0 12899.9 0 0 -893.15
13526 0 0 0 12899.9 0 0 -600.15
13520.3 0 0 0 12899.9 0 0 -639.15
13513.8 0 0 0 12899.9 0 0 -636.15
13536.8 0 0 0 12899.9 0 0 -523.15
13506.6 0 0 0 12899.9 0 0 -333.15
13526.6 0 0 0 12899.9 0 0 -585.15
13370.5 0 0 0 12899.9 0 0 2121.85
12679.6 0 0.05 0 12899.9 0.05 0 12899.9
12170.1 0 0.1 0 12899.9 0.1 1 9232.85
12154.9 0 0.1 0 12899.9 0.1 0 -379.15
12146.7 0 0.15 0 12899.9 0.15 0 -570.15
12176.9 0 0.2 0 12899.9 0.2 0 -802.15
12160.6 0 0.25 0 12899.9 0.25 0 -306.15
12163.8 0 0.25 0 12899.9 0.25 0 -859.15
12193.7 0 0.3 0 12899.9 0.3 0 -925.15
12063.2 0 0.35 0 12899.9 0.35 0 1763.85
11985.5 0 0.4 0 12899.9 0.4 0 829.85
12019.5 0 0.4 0 12899.9 0.4 0 -903.15
12051.8 0 0.45 0 12899.9 0.45 0 -931.15
12038.8 0 0.5 0 12899.9 0.5 0 -633.15
12049.5 0 0.55 0 12899.9 0.55 0 -814.15
12047.5 0 0.55 0 12899.9 0.55 0 -600.15
12017.6 0 0.6 0 12899.9 0.6 0 -39.15
11979.2 0 0.65 0 12899.9 0.65 0 244.85
11981.3 0 0.7 0 12899.9 0.7 0 -374.15
11970 0 0.7 0 12899.9 0.7 0 -360.15
12119.2 0 0.75 0 12899.9 0.75 0 -861.15
12480.1 0 0.75 0 12899.9 0.75 0 5681.85
12296.9 0 0.8 0 12899.9 0.8 1 12896.9
12277.4 0 0.85 0 12899.9 0.85 0 11.85
12286.6 0 0.9 0 12899.9 0.9 0 -756.15
12300.7 0 0.9 0 12899.9 0.9 0 -1083.15
12314.4 0 0.95 0 12899.9 0.95 0 -580.15
12024.6 0 1 0 12899.9 1 0 4935.85
11974.6 0 1.05 0 12899.9 1.05 0 74.85
12113.4 0 1.1 0 12899.9 1.1 0 -1011.15
12190 0 1.1 0 12899.9 1.1 0 -702.15
12182.2 0 1.2 0 12899.9 1.2 0 -747.15
12053.5 0 1.2 0 12899.9 1.2 0 1642.85
12061.9 0 1.25 0 12899.9 1.25 0 -800.15
12049.7 0 1.3 0 12899.9 1.3 0 -571.15
12040.1 0 1.35 0 12899.9 1.35 0 -409.15
12047.4 0 1.35 0 12899.9 1.35 0 -184.15
11983.7 0 1.4 0 12899.9 1.4 0 1518.85
11975.5 0 1.4 0 12899.9 1.4 0 -209.15
11895.4 0 1.45 0 12899.9 1.45 0 1241.85
11881 0 1.5 0 12899.9 1.5 0 -574.15
12063.1 0 1.5 0 12899.9 1.5 0 2038.85
12753.9 0 1.5 0 12899.9 1.5 0 -918.15
12477.2 0 1.55 0 12899.9 1.55 0 5544.85
12468.4 0 1.5 0 12899.9 1.5 0 -579.15
12416.3 0 1.55 0 12899.9 1.55 0 -41.15
12425.8 0 1.55 0 12899.9 1.55 0 -770.15
12694.3 0 1.55 0 12899.9 1.55 0 -434.15
12743.2 0 1.55 0 12899.9 1.55 0 -903.15
12731 0 1.5 0 12899.9 1.5 0 -768.15
12565 0 1.55 0 12899.9 1.55 0 2619.85
12547.4 0 1.5 0 12899.9 1.5 0 -396.15
12634.5 0 1.55 0 12899.9 1.55 0 -99.15
12613.8 0 1.55 0 12899.9 1.55 0 -385.15
12608.8 0 1.5 0 12899.9 1.5 0 -471.15
12507 0 1.55 0 12899.9 1.55 0 1626.85
12541.5 0 1.55 0 12899.9 1.55 0 -875.15
12527.2 0 1.55 0 12899.9 1.55 0 1803.85
12526.4 0 1.6 0 12899.9 1.6 0 -191.15
12625.5 0 1.6 0 12899.9 1.6 0 -741.15
12646.2 0 1.6 0 12899.9 1.6 0 -988.15
12790.6 0 1.6 0 12899.9 1.6 0 -850.15
12709.5 0 1.6 0 12899.9 1.6 0 704.85
13036.6 0 1.55 0 12899.9 1.55 0 -998.15
13010.2 0 1.55 0 12899.9 1.55 0 -50.15
13041.5 0 1.55 0 12899.9 1.55 0 -666.15
13045.8 0 1.55 0 12899.9 1.55 0 -857.15
13071.6 0 1.55 0 12899.9 1.55 0 -951.15
13049.8 0 1.55 0 12899.9 1.55 0 -465.15
13058.2 0 1.55 0 12899.9 1.55 0 -938.15
13203.1 0 1.55 0 12899.9 1.55 0 -277.15
13236.9 0 1.55 0 12899.9 1.55 0 -1072.15
13276.8 0 1.55 0 12899.9 1.55 0 -896.15
13270.5 0 1.55 0 12899.9 1.55 0 -261.15
13154.7 0 1.55 0 12899.9 1.55 0 1845.85
13261.8 0 1.55 0 12899.9 1.55 0 -515.15
13239.2 0 1.55 0 12899.9 1.55 0 -424.15
13353.6 0 1.55 0 12899.9 1.55 0 -483.15
13380 0 1.55 0 12899.9 1.55 0 -720.15
13395.5 0 1.55 0 12899.9 1.55 0 -1051.15
13388.7 0 1.55 0 12899.9 1.55 0 -851.15
13377.5 0 1.55 0 12899.9 1.55 0 -625.15
13439.3 0 1.55 0 12899.9 1.55 0 -532.15
13414.7 0 1.6 0 12899.9 1.6 0 -506.15
13423 0 1.6 0 12899.9 1.6 0 -215.15
13429.1 0 1.55 0 12899.9 1.55 0 -789.15
13246.8 0 1.55 0 12899.9 1.55 0 2789.85
13216.5 0 1.55 0 12899.9 1.55 0 -346.15
12775.9 0 1.55 0 12899.9 1.55 0 8346.85
12084 0 1.55 0 12899.9 1.55 0 12899.9
11425.1 0 1.55 0 12899.9 1.55 0 12899.9
10726.5 0 1.55 0 12899.9 1.55 0 12899.9
10036.8 0 1.55 0 12899.9 1.55 0 12899.9
9378.7 0 1.55 0 12899.9 1.55 0 12899.9
8826 0 1.55 0 12899.9 1.55 0 12899.9
8724.5 0 1.55 0 12899.9 1.55 1 1514.85
8705.8 0 1.55 0 12899.9 1.55 0 -50.15
8691.3 0 1.55 0 12899.9 1.55 0 -193.15
8705.75 0 1.55 0 12899.9 1.55 0 -1009.15
8683.55 0 1.5 0 12899.9 1.5 0 -607.15
8666.8 0 1.45 0 12899.9 1.45 0 -516.15
8671.5 0 1.45 0 12899.9 1.45 0 -719.15
8681.2 0 1.4 0 12899.9 1.4 0 -726.15
8465.65 0 1.3 0 12899.9 1.3 0 3804.85
8462.2 0 1.3 0 12899.9 1.3 0 -146.15
8458.75 0 1.25 0 12899.9 1.25 0 -720.15
8627.85 0 1.2 0 12899.9 1.2 0 -592.15
8644.9 0 1.2 0 12899.9 1.2 0 -687.15
9079.6 0 1.1 0 12899.9 1.1 0 -347.15
9767.85 0 1.1 0 12899.9 1.1 0 -865.15
10430.5 0 1.05 0 12899.9 1.05 0 -353.15
11063.1 0 1.05 0 12899.9 1.05 0 247.85
11205.4 0 0.95 0 12899.9 0.95 0 10054.9
11205.4 0 0.9 0 12899.9 0.9 0 12899.9
11233.8 0 0.9 0 12899.9 0.9 3 12331.9
11323.3 0 0.8 0 12899.9 0.8 0 -276.15
11344.3 0 0.8 0 12899.9 0.8 0 -470.15
11381 0 0.75 0 12899.9 0.75 0 -926.15
11342.9 0 0.7 0 12899.9 0.7 0 -248.15
11298.4 0 0.7 0 12899.9 0.7 0 283.85
11303.8 0 0.7 0 12899.9 0.7 0 -624.15
11309.2 0 0.7 0 12899.9 0.7 0 -829.15
11313 0 0.7 0 12899.9 0.7 0 -802.15
11489.5 0 0.75 0 12899.9 0.75 0 274.85
11484.5 0 0.7 0 12899.9 0.7 0 -46.15
11484.5 0 0.75 0 12899.9 0.75 0 -718.15
11457 0 0.75 0 12899.9 0.75 0 -42.15
11449.4 0 0.75 0 12899.9 0.75 0 -535.15
11466.6 0 0.75 0 12899.9 0.75 0 -693.15
11464.5 0 0.75 0 12899.9 0.75 0 -823.15
11472.5 0 0.75 0 12899.9 0.75 0 -511.15
11371.4 0 0.7 0 12899.9 0.7 0 2268.85
11794.1 0 0.75 0 12899.9 0.75 0 1600.85
12413.9 0 0.75 0 12899.9 0.75 0 503.85
13067.4 0 0.75 0 12899.9 0.75 0 -738.15
13103.5 0 0.8 0 12899.9 0.8 0 -998.15
13129.8 0 0.8 0 12899.9 0.8 0 -996.15
13118.8 0 0.75 0 12899.9 0.75 0 -706.15
13150.4 0 0.75 0 12899.9 0.75 0 -880.15
13065 0 0.8 0 12899.9 0.8 0 1992.85
12930.6 0 0.8 0 12899.9 0.8 0 2061.85
12276.3 0 0.75 0 12899.9 0.75 0 12257.9
11591.2 0 0.75 0 12899.9 0.75 0 12899.9
11131.8 0 0.75 0 12899.9 0.75 1 9462.85
11159.6 0 0.75 0 12899.9 0.75 0 -602.15
11162 0 0.75 0 12899.9 0.75 0 -765.15
11205.7 0 0.75 0 12899.9 0.75 0 -917.15
11208.8 0 0.75 0 12899.9 0.75 0 -597.15
11187.1 0 0.75 0 12899.9 0.75 0 -260.15
11185.5 0 0.75 0 12899.9 0.75 0 -791.15
11176 0 0.75 0 12899.9 0.75 0 -319.15
11294.5 0 0.8 0 12899.9 0.8 0 -102.15
11398.8 0 0.8 0 12899.9 0.8 0 -484.15
11450.1 0 0.75 0 12899.9 0.75 0 -524.15
11459.5 0 0.75 0 12899.9 0.75 0 -925.15
11416.1 0 0.75 0 12899.9 0.75 0 -131.15
11399.5 0 0.7 0 12899.9 0.7 0 -663.15
11240.9 0 0.75 0 12899.9 0.75 0 2466.85
11198.3 0 0.75 0 12899.9 0.75 0 -29.15
11319.9 0 0.75 0 12899.9 0.75 0 -439.15
11447 0 0.7 0 12899.9 0.7 0 -481.15
12074.9 0 0.75 0 12899.9 0.75 0 -299.15
12727.5 0 0.75 0 12899.9 0.75 0 -153.15
13238.5 0 0.75 0 12899.9 0.75 0 -756.15
13237.8 0 0.75 0 12899.9 0.75 0 -588.15
13221.8 0 0.75 0 12899.9 0.75 0 -445.15
13199.2 0 0.75 0 12899.9 0.75 0 -465.15
13192.3 0 0.75 0 12899.9 0.75 0 -459.15
13185.7 0 0.8 0 12899.9 0.8 0 -128.15
13171 0 0.75 0 12899.9 0.75 0 -496.15
13170.8 0 0.75 0 12899.9 0.75 0 -315.15
13180 0 0.75 0 12899.9 0.75 0 -287.15
13158 0 0.75 0 12899.9 0.75 0 -44.15
13114.8 0 0.75 0 12899.9 0.75 0 340.85
13076.7 0 0.75 0 12899.9 0.75 0 -164.15
13063.9 0 0.75 0 12899.9 0.75 0 125.85
13059 0 0.8 0 12899.9 0.8 0 -565.15
13217.9 0 0.75 0 12899.9 0.75 0 -711.15
13233.6 0 0.75 0 12899.9 0.75 0 -345.15
13235.6 0 0.75 0 12899.9 0.75 0 -479.15
13237 0 0.8 0 12899.9 0.8 0 -508.15
13212 0 0.75 0 12899.9 0.75 0 199.85
13223.8 0 0.75 0 12899.9 0.75 0 -388.15
13208.2 0 0.75 0 12899.9 0.75 0 -444.15
13095.4 0 0.75 0 12899.9 0.75 0 1667.85
12956.3 0 0.75 0 12899.9 0.75 0 2336.85
12938.1 0 0.75 0 12899.9 0.75 0 -102.15
12954.5 0 0.75 0 12899.9 0.75 0 -787.15
12951 0 0.75 0 12899.9 0.75 0 -58.15
12962.5 0 0.75 0 12899.9 0.75 0 -726.15
12977.6 0 0.75 0 12899.9 0.75 0 -616.15
12990.1 0 0.75 0 12899.9 0.75 0 -538.15
13026 0 0.75 0 12899.9 0.75 0 -761.15
13069.8 0 0.75 0 12899.9 0.75 0 -535.15
13068 0 0.75 0 12899.9 0.75 0 -129.15
13104.4 0 0.75 0 12899.9 0.75 0 -600.15
13114.9 0 0.75 0 12899.9 0.75 0 -776.15
13108.3 0 0.75 0 12899.9 0.75 0 -579.15
13128 0 0.75 0 12899.9 0.75 0 -740.15
13129.2 0 0.75 0 12899.9 0.75 0 -503.15
13083 0 0.75 0 12899.9 0.75 0 415.85
13102.7 0 0.75 0 12899.9 0.75 0 -193.15
13103 0 0.75 0 12899.9 0.75 0 -395.15
13108 0 0.75 0 12899.9 0.75 0 -542.15
13235.9 0 0.8 0 12899.9 0.8 0 -891.15
13380.4 0 0.8 0 12899.9 0.8 0 -552.15
13348.9 0 0.75 0 12899.9 0.75 0 527.85
13343 0 0.75 0 12899.9 0.75 0 -669.15
13346.2 0 0.75 0 12899.9 0.75 0 -123.15
13350.5 0 0.75 0 12899.9 0.75 0 -812.15
13326.4 0 0.75 0 12899.9 0.75 0 -134.15
13313.3 0 0.75 0 12899.9 0.75 0 -276.15
13270 0 0.75 0 12899.9 0.75 0 105.85
13289 0 0.8 0 12899.9 0.8 0 -917.15
13157.2 0 0.75 0 12899.9 0.75 0 2507.85
13129.8 0 0.75 0 12899.9 0.75 0 -51.15
13121.6 0 0.75 0 12899.9 0.75 0 -613.15
13129.1 0 0.8 0 12899.9 0.8 0 -730.15
13120.4 0 0.8 0 12899.9 0.8 0 -565.15
13121 0 0.75 0 12899.9 0.75 0 -514.15
13150 0 0.75 0 12899.9 0.75 0 -164.15
13142.9 0 0.8 0 12899.9 0.8 0 -51.15
13151 0 0.8 0 12899.9 0.8 0 -559.15
13133.4 0 0.75 0 12899.9 0.75 0 -188.15
13083.2 0 0.75 0 12899.9 0.75 0 110.85
13076.2 0 0.75 0 12899.9 0.75 0 -411.15
13107.9 0 0.8 0 12899.9 0.8 0 -106.15
13077.5 0 0.75 0 12899.9 0.75 0 -61.15
13105.9 0 0.75 0 12899.9 0.75 0 -690.15
13104.5 0 0.8 0 12899.9 0.8 0 -785.15
13142.7 0 0.8 0 12899.9 0.8 0 -898.15
13157 0 0.8 0 12899.9 0.8 0 -563.15
13176 0 0.75 0 12899.9 0.75 0 -273.15
12937.9 0 0.75 0 12899.9 0.75 0 3845.85
13052.5 0 0.8 0 12899.9 0.8 0 213.85
13084.6 0 0.8 0 12899.9 0.8 0 -693.15
13079.5 0 0.75 0 12899.9 0.75 0 -509.15
13089.1 0 0.75 0 12899.9 0.75 0 -923.15
13079.4 0 0.8 0 12899.9 0.8 0 -370.15
13076.4 0 0.85 0 12899.9 0.85 0 -455.15
13075.8 0 0.85 0 12899.9 0.85 0 -151.15
13021.6 0 0.85 0 12899.9 0.85 0 1031.85
12889.5 0 0.85 0 12899.9 0.85 0 2082.85
12889.9 0 0.95 0 12899.9 0.95 0 -195.15
12928.8 0 0.95 0 12899.9 0.95 0 -667.15
12348.2 0 0.95 0 12899.9 0.95 0 11199.9
11697.9 0 0.95 0 12899.9 0.95 0 12899.9
11049.9 0 1 0 12899.9 1 1 12899.9
10370.4 0 1 0 12899.9 1 0 12899.9
9751.95 0 1 0 12899.9 1 1 11582.9
9725.35 0 0.95 0 12899.9 0.95 0 -366.15
9720.4 0 0.95 0 12899.9 0.95 0 -464.15
9707.65 0 1 0 12899.9 1 0 -18.15
9938.15 0 1 0 12899.9 1 0 -764.15
9970.95 0 0.95 0 12899.9 0.95 0 -442.15
9954.3 0 0.95 0 12899.9 0.95 0 -360.15
9954.05 0 1 0 12899.9 1 0 -504.15
9934.8 0 1 0 12899.9 1 0 -538.15
9729.6 0 0.9 0 12899.9 0.9 0 3733.85
9061.85 0 0.9 0 12899.9 0.9 0 12899.9
8409.3 0 0.9 0 12899.9 0.9 0 12899.9
8371 0 0.9 0 12899.9 0.9 3 1797.85
8525.3 0 0.9 0 12899.9 0.9 0 -1003.15
8563.2 0 0.85 0 12899.9 0.85 0 -953.15
8571.55 0 0.8 0 12899.9 0.8 0 -834.15
9174.4 0 0.8 0 12899.9 0.8 0 -857.15
9854.55 0 0.8 0 12899.9 0.8 0 -703.15
10511.1 0 0.8 0 12899.9 0.8 0 -232.15
11198.4 0 0.75 0 12899.9 0.75 0 -844.15
11806.6 0 0.75 0 12899.9 0.75 0 -583.15
11848.5 0 0.8 0 12899.9 0.8 0 -1204.15
11865.5 0 0.8 0 12899.9 0.8 0 -804.15
11922 0 0.75 0 12899.9 0.75 0 -1147.15
11895.1 0 0.75 0 12899.9 0.75 0 -227.15
11914.3 0 0.8 0 12899.9 0.8 0 -825.15
11911.3 0 0.8 0 12899.9 0.8 0 -300.15
11947.4 0 0.75 0 12899.9 0.75 0 -1226.15
11937.4 0 0.75 0 12899.9 0.75 0 -338.15
11946.5 0 0.8 0 12899.9 0.8 0 3550.85
12537.4 0 0.8 0 12899.9 0.8 0 1083.85
13092.9 0 0.75 0 12899.9 0.75 0 1789.85
13202.2 0 0.75 0 12899.9 0.75 0 -389.15
13156.5 0 0.75 0 12899.9 0.75 0 -89.15
13124.8 0 0.7 0 12899.9 0.7 0 -318.15
13112 0 0.75 0 12899.9 0.75 0 -580.15
13080 0 0.7 0 12899.9 0.7 0 -215.15
13056.1 0 0.7 0 12899.9 0.7 0 -226.15
13032.6 0 0.7 0 12899.9 0.7 0 237.85
13022.5 0 0.7 0 12899.9 0.7 0 -641.15
13028.4 0 0.7 0 12899.9 0.7 0 -701.15
12974 0 0.7 0 12899.9 0.7 0 -116.15
12956 0 0.7 0 12899.9 0.7 0 -444.15
12931 0 0.7 0 12899.9 0.7 0 -649.15
12958.4 0 0.7 0 12899.9 0.7 0 -773.15
12917.3 0 0.7 0 12899.9 0.7 0 -4.15
12934.5 0 0.65 0 12899.9 0.65 0 -644.15
12623.1 0 0.7 0 12899.9 0.7 0 5001.85
12641.2 0 0.7 0 12899.9 0.7 0 -701.15
12715.5 0 0.7 0 12899.9 0.7 0 2065.85
12748.1 0 0.65 0 12899.9 0.65 0 430.85
12845.6 0 0.7 0 12899.9 0.7 0 -159.15
12840.5 0 0.7 0 12899.9 0.7 0 -286.15
12861.8 0 0.7 0 12899.9 0.7 0 -515.15
12881.8 0 0.7 0 12899.9 0.7 0 -719.15
12891.8 0 0.7 0 12899.9 0.7 0 -779.15
12902.1 0 0.75 0 12899.9 0.75 0 -423.15
12912.6 0 0.75 0 12899.9 0.75 0 -435.15
12932.1 0 0.75 0 12899.9 0.75 0 -153.15
12926.9 0 0.75 0 12899.9 0.75 0 -536.15
12927.2 0 0.75 0 12899.9 0.75 0 -708.15
12943 0 0.75 0 12899.9 0.75 0 -432.15
12964 0 0.75 0 12899.9 0.75 0 -864.15
12996.6 0 0.8 0 12899.9 0.8 0 -1301.15
12982 0 0.75 0 12899.9 0.75 0 -481.15
13026.1 0 0.75 0 12899.9 0.75 0 -886.15
13039.6 0 0.8 0 12899.9 0.8 0 -913.15
12705 0 0.8 0 12899.9 0.8 0 11694.9
12024.9 0 0.8 0 12899.9 0.8 1 12899.9
11483.2 0 0.8 0 12899.9 0.8 0 12899.9
10859.8 0 0.85 0 12899.9 0.85 0 12899.9
10603.3 0 0.85 0 12899.9 0.85 1 4969.85
10616.5 0 0.85 0 12899.9 0.85 0 -549.15
10630.9 0 0.8 0 12899.9 0.8 0 -803.15
10639.6 0 0.85 0 12899.9 0.85 0 -895.15
10634.5 0 0.85 0 12899.9 0.85 0 -675.15
10659.9 0 0.85 0 12899.9 0.85 0 -931.15
10675.7 0 0.85 0 12899.9 0.85 0 -752.15
10697.1 0 0.8 0 12899.9 0.8 0 -581.15
10504.6 0 0.85 0 12899.9 0.85 0 3313.85
10479 0 0.85 0 12899.9 0.85 0 -195.15
10305.2 0 0.85 0 12899.9 0.85 0 3042.85
10253.6 0 0.85 0 12899.9 0.85 0 166.85
10205.1 0 0.8 0 12899.9 0.8 0 -331.15
10193.7 0 0.85 0 12899.9 0.85 0 -252.15
10166 0 0.85 0 12899.9 0.85 0 -331.15
10152.5 0 0.85 0 12899.9 0.85 0 -643.15
10778.6 0 0.85 0 12899.9 0.85 0 -829.15
10958.7 0 0.8 0 12899.9 0.8 0 9298.85
10958.7 0 0.8 0 12899.9 0.8 0 12899.9
11190.5 0 0.8 0 12899.9 0.8 1 8263.85
11455.6 0 0.8 0 12899.9 0.8 0 -333.15
11461.4 0 0.75 0 12899.9 0.75 0 -663.15
11418.3 0 0.8 0 12899.9 0.8 0 57.85
11396.8 0 0.8 0 12899.9 0.8 0 -464.15
11382.8 0 0.8 0 12899.9 0.8 0 -395.15
11357 0 0.75 0 12899.9 0.75 0 -415.15
11326 0 0.75 0 12899.9 0.75 0 -132.15
11339.9 0 0.8 0 12899.9 0.8 0 -860.15
11543.2 0 0.8 0 12899.9 0.8 0 -753.15
11558.5 0 0.75 0 12899.9 0.75 0 -499.15
11746.6 0 0.75 0 12899.9 0.75 0 -721.15
11783.5 0 0.75 0 12899.9 0.75 0 -570.15
11333.2 0 0.8 0 12899.9 0.8 0 8673.85
10675.6 0 0.8 0 12899.9 0.8 0 12899.9
10544 0 0.85 0 12899.9 0.85 2 2302.85
10538.1 0 0.85 0 12899.9 0.85 0 -526.15
10537.8 0 0.9 0 12899.9 0.9 0 -823.15
10939.8 0 0.95 0 12899.9 0.95 0 1259.85
11568.9 0 1 0 12899.9 1 0 317.85
12003 0 1.05 0 12899.9 1.05 0 -420.15
12014.1 0 1.05 0 12899.9 1.05 0 -554.15
11981.8 0 1.15 0 12899.9 1.15 0 -17.15
12023.4 0 1.15 0 12899.9 1.15 0 -774.15
12041.5 0 1.2 0 12899.9 1.2 0 -826.15
12049 0 1.25 0 12899.9 1.25 0 -546.15
12058.4 0 1.3 0 12899.9 1.3 0 -602.15
12090.6 0 1.35 0 12899.9 1.35 0 -776.15
12061.3 0 1.35 0 12899.9 1.35 0 -274.15
12058.1 0 1.4 0 12899.9 1.4 0 -689.15
12061.5 0 1.5 0 12899.9 1.5 0 -567.15
12067.8 0 1.5 0 12899.9 1.5 0 -846.15
12082.8 0 1.55 0 12899.9 1.55 0 -871.15
12561.1 0 1.55 0 12899.9 1.55 0 -893.15
13249 0 1.6 0 12899.9 1.6 0 -858.15
13364 0 1.6 0 12899.9 1.6 0 2.85
13361 0 1.6 0 12899.9 1.6 0 -466.15
13333.6 0 1.6 0 12899.9 1.6 0 -275.15
13405.5 0 1.6 0 12899.9 1.6 0 -176.15
13434.3 0 1.6 0 12899.9 1.6 0 -259.15
13448.7 0 1.6 0 12899.9 1.6 0 -708.15
13450.6 0 1.6 0 12899.9 1.6 0 -592.15
13436.2 0 1.6 0 12899.9 1.6 0 270.85
13406.6 0 1.6 0 12899.9 1.6 0 -183.15
13393.4 0 1.6 0 12899.9 1.6 0 -561.15
13204.5 0 1.55 0 12899.9 1.55 0 3232.85
13205 0 1.6 0 12899.9 1.6 0 -614.15
13192 0 1.55 0 12899.9 1.55 0 -515.15
13179.8 0 1.5 0 12899.9 1.5 0 -30.15
13159 0 1.45 0 12899.9 1.45 0 -274.15
13158.7 0 1.4 0 12899.9 1.4 0 -560.15
13119.5 0 1.4 0 12899.9 1.4 0 -63.15
13104.7 0 1.3 0 12899.9 1.3 0 -574.15
13086.1 0 1.3 0 12899.9 1.3 0 -522.15
13088.5 0 1.25 0 12899.9 1.25 0 -905.15
13098.6 0 1.2 0 12899.9 1.2 0 -200.15
13116 0 1.15 0 12899.9 1.15 0 -813.15
13138.5 0 1.1 0 12899.9 1.1 0 -726.15
13151.1 0 1.1 0 12899.9 1.1 0 -427.15
13144.1 0 1 0 12899.9 1 1 -119.15
13139.5 0 0.95 0 12899.9 0.95 0 -616.15
13105.1 0 0.95 0 12899.9 0.95 0 95.85
13154 0 0.85 0 12899.9 0.85 0 -707.15
13172.5 0 0.85 0 12899.9 0.85 0 -554.15
13184 0 0.8 0 12899.9 0.8 0 -790.15
13214.5 0 0.8 0 12899.9 0.8 0 2623.85
13207.4 0 0.7 0 12899.9 0.7 0 -473.15
13228.5 0 0.7 0 12899.9 0.7 0 -938.15
13232.9 0 0.75 0 12899.9 0.75 0 -117.15
13236.5 0 0.75 0 12899.9 0.75 0 -345.15
13224 0 0.7 0 12899.9 0.7 0 -310.15
12575.8 0 0.7 0 12899.9 0.7 0 12899.9
11902.1 0 0.75 0 12899.9 0.75 0 12899.9
11492 0 0.75 0 12899.9 0.75 1 7679.85
11290.4 0 0.75 0 12899.9 0.75 0 3126.85
11321.1 0 0.8 0 12899.9 0.8 0 -814.15
11330 0 0.9 0 12899.9 0.9 0 -990.15
11302.9 0 0.9 0 12899.9 0.9 0 -184.15
11301.2 0 0.95 0 12899.9 0.95 0 -394.15
11340.6 0 1 0 12899.9 1 0 -907.15
11368.5 0 1.05 0 12899.9 1.05 0 -1173.15
11399.8 0 1.1 0 12899.9 1.1 0 -531.15
11379.1 0 1.15 0 12899.9 1.15 0 -294.15
11347.7 0 1.2 0 12899.9 1.2 0 74.85
11320 0 1.2 0 12899.9 1.2 0 -236.15
11068.4 0 1.15 0 12899.9 1.15 0 7655.85
10399.8 0 1.2 0 12899.9 1.2 0 12899.9
10095.5 0 1.2 0 12899.9 1.2 1 5147.85
10128.4 0 1.2 0 12899.9 1.2 0 -775.15
10152.9 0 1.25 0 12899.9 1.25 0 -835.15
10180.2 0 1.3 0 12899.9 1.3 0 -857.15
10839.1 0 1.3 0 12899.9 1.3 0 -278.15
11505 0 1.3 0 12899.9 1.3 0 -418.15
11915.2 0 1.3 0 12899.9 1.3 0 -525.15
12076.1 0 1.35 0 12899.9 1.35 0 -90.15
12030.5 0 1.3 0 12899.9 1.3 0 98.85
12011 0 1.25 0 12899.9 1.25 0 -600.15
12037.5 0 1.25 0 12899.9 1.25 0 -716.15
12019.8 0 1.2 0 12899.9 1.2 0 -39.15
12011 0 1.2 0 12899.9 1.2 0 -732.15
11974.1 0 1.2 0 12899.9 1.2 0 -435.15
11983.2 0 1.15 0 12899.9 1.15 0 -712.15
12004 0 1.15 0 12899.9 1.15 0 -710.15
12026.1 0 1.1 0 12899.9 1.1 0 -367.15
11862.5 0 1.1 0 12899.9 1.1 0 3034.85
12255.5 0 1.15 0 12899.9 1.15 0 -204.15
12932 0 1.15 0 12899.9 1.15 0 -629.15
13215.4 0 1.15 0 12899.9 1.15 0 -520.15
13190.1 0 1.15 0 12899.9 1.15 0 -270.15
13191.2 0 1.15 0 12899.9 1.15 0 -857.15
13179.7 0 1.15 0 12899.9 1.15 0 -626.15
13153.8 0 1.15 0 12899.9 1.15 0 240.85
13148.8 0 1.15 0 12899.9 1.15 0 -319.15
13148.8 0 1.15 0 12899.9 1.15 0 -525.15
13179.1 0 1.1 0 12899.9 1.1 0 -697.15
13198.3 0 1.15 0 12899.9 1.15 0 -284.15
13215.7 0 1.15 0 12899.9 1.15 0 -948.15
13208.6 0 1.15 0 12899.9 1.15 0 -575.15
13204.9 0 1.15 0 12899.9 1.15 0 35.85
13182.8 0 1.15 0 12899.9 1.15 0 -290.15
13191 0 1.1 0 12899.9 1.1 0 -600.15
12983.5 0 1.1 0 12899.9 1.1 0 3438.85
12883.4 0 1.15 0 12899.9 1.15 0 1291.85
12877.2 0 1.15 0 12899.9 1.15 0 -243.15
13071 0 1.15 0 12899.9 1.15 0 -841.15
13060.6 0 1.15 0 12899.9 1.15 0 2.85
13051.8 0 1.15 0 12899.9 1.15 0 -451.15
13072.1 0 1.15 0 12899.9 1.15 0 -927.15
13106.8 0 1.2 0 12899.9 1.2 0 -963.15
13015.8 0 1.15 0 12899.9 1.15 0 961.85
12930.5 0 1.15 0 12899.9 1.15 0 1080.85
12976.8 0 1.1 0 12899.9 1.1 0 -686.15
12981.4 0 1.05 0 12899.9 1.05 0 -411.15
12979 0 1.05 0 12899.9 1.05 0 -477.15
12933.7 0 1.05 0 12899.9 1.05 0 208.85
12962 0 1 0 12899.9 1 0 -849.15
12940.7 0 0.95 0 12899.9 0.95 0 -523.15
12932 0 0.95 0 12899.9 0.95 0 -401.15
12939.9 0 0.95 0 12899.9 0.95 0 -122.15
12941.5 0 0.95 0 12899.9 0.95 0 -321.15
12951.2 0 0.9 0 12899.9 0.9 0 -796.15
13158 0 0.9 0 12899.9 0.9 0 -697.15
13232.3 0 0.85 0 12899.9 0.85 0 -193.15
13239.2 0 0.85 0 12899.9 0.85 0 -382.15
13202.6 0 0.8 0 12899.9 0.8 0 -109.15
13198 0 0.8 0 12899.9 0.8 0 95.85
13194.6 0 0.8 0 12899.9 0.8 0 -384.15
13172.1 0 0.8 0 12899.9 0.8 0 -477.15
13155.6 0 0.7 0 12899.9 0.7 0 -633.15
13231.4 0 0.7 0 12899.9 0.7 0 -552.15
13319.9 0 0.7 0 12899.9 0.7 0 -689.15
13285.3 0 0.75 0 12899.9 0.75 0 4.85
13290.8 0 0.8 0 12899.9 0.8 0 -520.15
13314.2 0 0.75 0 12899.9 0.75 0 -947.15
13341.8 0 0.75 0 12899.9 0.75 0 -341.15
13317 0 0.75 0 12899.9 0.75 0 -354.15
13308 0 0.8 0 12899.9 0.8 0 -342.15
13297.7 0 0.75 0 12899.9 0.75 0 -196.15
13323.4 0 0.75 0 12899.9 0.75 0 -635.15
13328.4 0 0.75 0 12899.9 0.75 0 -421.15
13150.8 0 0.8 0 12899.9 0.8 0 2755.85
13148 0 0.75 0 12899.9 0.75 0 -641.15
13164.2 0 0.75 0 12899.9 0.75 0 -519.15
13186.3 0 0.75 0 12899.9 0.75 0 -823.15
13206.1 0 0.8 0 12899.9 0.8 0 -506.15
13243.2 0 0.75 0 12899.9 0.75 0 -645.15
13261.4 0 0.75 0 12899.9 0.75 0 -748.15
13254.5 0 0.7 0 12899.9 0.7 0 -338.15
13251.9 0 0.75 0 12899.9 0.75 0 -582.15
13248.6 0 0.75 0 12899.9 0.75 0 -487.15
13208.5 0 0.75 0 12899.9 0.75 0 114.85
13228.6 0 0.7 0 12899.9 0.7 0 -398.15
13232.2 0 0.7 0 12899.9 0.7 0 -593.15
13081.2 0 0.75 0 12899.9 0.75 0 2073.85
13027 0 0.7 0 12899.9 0.7 0 743.85
13032.1 0 0.7 0 12899.9 0.7 0 -458.15
13056.1 0 0.65 0 12899.9 0.65 0 -821.15
13061.2 0 0.7 0 12899.9 0.7 0 -298.15
13026.4 0 0.7 0 12899.9 0.7 0 60.85
12911.6 0 0.65 0 12899.9 0.65 0 1874.85
13088.2 0 0.65 0 12899.9 0.65 0 -777.15
13057.6 0 0.7 0 12899.9 0.7 0 -29.15
13062.9 0 0.7 0 12899.9 0.7 0 -623.15
13054.1 0 0.65 0 12899.9 0.65 0 -649.15
13031.4 0 0.65 0 12899.9 0.65 0 -50.15
13036.7 0 0.7 0 12899.9 0.7 0 -752.15
13033.9 0 0.7 0 12899.9 0.7 0 -691.15
13033.6 0 0.7 0 12899.9 0.7 0 -334.15
13025.9 0 0.7 0 12899.9 0.7 0 -426.15
13034.5 0 0.65 0 12899.9 0.65 0 -660.15
13055.2 0 0.65 0 12899.9 0.65 0 -299.15
13071.9 0 0.7 0 12899.9 0.7 0 -731.15
13086.8 0 0.7 0 12899.9 0.7 0 -892.15
13229 0 0.7 0 12899.9 0.7 0 -771.15
13303.6 0 0.7 0 12899.9 0.7 0 -747.15
13284 0 0.7 0 12899.9 0.7 0 -66.15
13287.5 0 0.75 0 12899.9 0.75 0 -890.15
13280 0 0.75 0 12899.9 0.75 0 -148.15
13309.8 0 0.7 0 12899.9 0.7 0 -535.15
13440.5 0 0.75 0 12899.9 0.75 0 -741.15
13430.5 0 0.75 0 12899.9 0.75 0 -576.15
13462.1 0 0.75 0 12899.9 0.75 0 -661.15
13463.7 0 0.7 0 12899.9 0.7 0 -655.15
13438 0 0.75 0 12899.9 0.75 0 -135.15
13474.3 0 0.75 0 12899.9 0.75 0 -776.15
13488.8 0 0.75 0 12899.9 0.75 0 -1042.15
13468 0 0.7 0 12899.9 0.7 0 -276.15
13475.7 0 0.75 0 12899.9 0.75 0 -487.15
13486.6 0 0.75 0 12899.9 0.75 0 -644.15
13467.5 0 0.8 0 12899.9 0.8 0 -277.15
13471.4 0 0.75 0 12899.9 0.75 0 -377.15
13472.6 0 0.75 0 12899.9 0.75 0 -756.15
13457.2 0 0.75 0 12899.9 0.75 0 -585.15
13442.5 0 0.75 0 12899.9 0.75 0 -475.15
13429.6 0 0.75 0 12899.9 0.75 0 -490.15
13474.8 0 0.75 0 12899.9 0.75 0 -969.15
13182.5 0 0.75 0 12899.9 0.75 0 4955.85
13115.4 0 0.7 0 12899.9 0.7 0 1193.85
13102.1 0 0.75 0 12899.9 0.75 0 -270.15
13100.3 0 0.75 0 12899.9 0.75 0 -705.15
13108.8 0 0.75 0 12899.9 0.75 0 -745.15
13081.8 0 0.75 0 12899.9 0.75 0 -122.15
13080.9 0 0.75 0 12899.9 0.75 0 -636.15
13084.4 0 0.75 0 12899.9 0.75 0 -206.15
13081.3 0 0.75 0 12899.9 0.75 0 -714.15
13062.5 0 0.7 0 12899.9 0.7 0 -666.15
13072.5 0 0.75 0 12899.9 0.75 0 -475.15
13072.7 0 0.75 0 12899.9 0.75 0 -492.15
13075.6 0 0.75 0 12899.9 0.75 0 -703.15
13075.2 0 0.7 0 12899.9 0.7 0 -269.15
13066.8 0 0.75 0 12899.9 0.75 0 -207.15
13065.1 0 0.75 0 12899.9 0.75 0 -723.15
13073.6 0 0.7 0 12899.9 0.7 0 -756.15
13075.6 0 0.7 0 12899.9 0.7 0 -515.15
13078.2 0 0.75 0 12899.9 0.75 0 -542.15
13048.3 0 0.7 0 12899.9 0.7 0 -370.15
13318.8 0 0.7 0 12899.9 0.7 0 -454.15
13380 0 0.75 0 12899.9 0.75 0 -29.15
13399.9 0 0.75 0 12899.9 0.75 0 -669.15
13405.1 0 0.7 0 12899.9 0.7 0 -810.15
13412.4 0 0.7 0 12899.9 0.7 0 -889.15
13434.8 0 0.7 0 12899.9 0.7 0 -571.15
13425.7 0 0.75 0 12899.9 0.75 0 -454.15
13448.4 0 0.7 0 12899.9 0.7 0 -660.15
13443.8 0 0.7 0 12899.9 0.7 0 -622.15
13460 0 0.75 0 12899.9 0.75 0 -989.15
13478.8 0 0.7 0 12899.9 0.7 0 -852.15
13321.8 0 0.7 0 12899.9 0.7 0 2648.85
13297 0 0.7 0 12899.9 0.7 0 -209.15
13313.6 0 0.75 0 12899.9 0.75 0 -600.15
13345.2 0 0.7 0 12899.9 0.7 0 -839.15
13331.1 0 0.7 0 12899.9 0.7 0 -441.15
13310.7 0 0.75 0 12899.9 0.75 0 -348.15
13112.6 0 0.75 0 12899.9 0.75 2 3446.85
13104.1 0 0.75 0 12899.9 0.75 0 -373.15
13088.8 0 0.75 0 12899.9 0.75 0 -62.15
13095.3 0 0.75 0 12899.9 0.75 0 -585.15
13119.1 0 0.75 0 12899.9 0.75 0 -506.15
13130.4 0 0.75 0 12899.9 0.75 0 -894.15
13109.2 0 0.8 0 12899.9 0.8 0 -387.15
13124 0 0.75 0 12899.9 0.75 0 -1184.15
13116.4 0 0.75 0 12899.9 0.75 0 -419.15
13130.9 0 0.75 0 12899.9 0.75 0 -744.15
13039.5 0 0.75 0 12899.9 0.75 0 1166.85
12934.9 0 0.75 0 12899.9 0.75 0 1470.85
12916.7 0 0.75 0 12899.9 0.75 0 -625.15
12907.2 0 0.8 0 12899.9 0.8 0 -662.15
13069.4 0 0.75 0 12899.9 0.75 0 -595.15
13004.5 0 0.75 0 12899.9 0.75 0 1087.85
12926.2 0 0.75 0 12899.9 0.75 0 966.85
12818.5 0 0.8 0 12899.9 0.8 0 1315.85
12743.5 0 0.75 0 12899.9 0.75 0 1058.85
12782.5 0 0.75 0 12899.9 0.75 0 -1130.15
12982 0 0.75 0 12899.9 0.75 0 -541.15
12959.6 0 0.75 0 12899.9 0.75 0 73.85
12968 0 0.8 0 12899.9 0.8 0 -229.15
12820.5 0 0.75 0 12899.9 0.75 0 2364.85
12803.9 0 0.75 0 12899.9 0.75 0 -175.15
12794.3 0 0.75 0 12899.9 0.75 0 -702.15
12809.7 0 0.75 0 12899.9 0.75 0 -695.15
12782.5 0 0.75 0 12899.9 0.75 0 -639.15
12784.6 0 0.75 0 12899.9 0.75 0 -463.15
12717.3 0 0.75 0 12899.9 0.75 0 602.85
12808.2 0 0.75 0 12899.9 0.75 0 -652.15
12912.6 0 0.75 0 12899.9 0.75 0 -616.15
12900.4 0 0.75 0 12899.9 0.75 0 -380.15
12870.8 0 0.75 0 12899.9 0.75 0 -71.15
12862.9 0 0.75 0 12899.9 0.75 0 -436.15
12938.7 0 0.75 0 12899.9 0.75 0 -429.15
13017.2 0 0.75 0 12899.9 0.75 0 -603.15
13111.8 0 0.7 0 12899.9 0.7 0 -576.15
13164 0 0.75 0 12899.9 0.75 0 15.85
13131.1 0 0.75 0 12899.9 0.75 0 -473.15
13123.5 0 0.7 0 12899.9 0.7 0 -389.15
13163.1 0 0.7 0 12899.9 0.7 0 -719.15
13161.9 0 0.7 0 12899.9 0.7 0 -204.15
13058.1 0 0.75 0 12899.9 0.75 0 4439.85
13078.4 0 0.7 0 12899.9 0.7 0 -580.15
13052 0 0.7 0 12899.9 0.7 0 -173.15
13057.7 0 0.7 0 12899.9 0.7 0 -810.15
13063.4 0 0.75 0 12899.9 0.75 0 -753.15
13061.7 0 0.75 0 12899.9 0.75 0 -429.15
13093.8 0 0.7 0 12899.9 0.7 0 -39.15
13081.6 0 0.75 0 12899.9 0.75 0 -409.15
13094.5 0 0.75 0 12899.9 0.75 0 -874.15
13115.8 0 0.75 0 12899.9 0.75 0 -804.15
13142.8 0 0.75 0 12899.9 0.75 0 -612.15
13146.9 0 0.75 0 12899.9 0.75 0 -517.15
13137.4 0 0.75 0 12899.9 0.75 0 -240.15
13142.1 0 0.75 0 12899.9 0.75 0 -698.15
13127.8 0 0.8 0 12899.9 0.8 0 -289.15
13160 0 0.75 0 12899.9 0.75 0 -629.15
13180.2 0 0.75 0 12899.9 0.75 0 -876.15
13192.2 0 0.8 0 12899.9 0.8 0 -629.15
13156.1 0 0.8 0 12899.9 0.8 0 1.85
13182.8 0 0.8 0 12899.9 0.8 0 -737.15
13442.2 0 0.8 0 12899.9 0.8 0 -748.15
13438.8 0 0.8 0 12899.9 0.8 0 -511.15
13468.6 0 0.8 0 12899.9 0.8 0 -770.15
13462.8 0 0.8 0 12899.9 0.8 0 -693.15
13472.8 0 0.8 0 12899.9 0.8 0 -953.15
13469.3 0 0.75 0 12899.9 0.75 0 -360.15
13482.4 0 0.8 0 12899.9 0.8 0 -301.15
13468.7 0 0.8 0 12899.9 0.8 0 -135.15
13449.4 0 0.8 0 12899.9 0.8 0 -487.15
13445.6 0 0.75 0 12899.9 0.75 0 -729.15
13220.9 0 0.75 0 12899.9 0.75 0 3881.85
13204 0 0.8 0 12899.9 0.8 0 -179.15
13216.1 0 0.75 0 12899.9 0.75 0 -483.15
13096 0 0.75 0 12899.9 0.75 0 1704.85
13068 0 0.75 0 12899.9 0.75 0 270.85
13059.6 0 0.8 0 12899.9 0.8 0 -461.15
13038.6 0 0.75 0 12899.9 0.75 0 -456.15
13023.1 0 0.75 0 12899.9 0.75 0 -320.15
12879 0 0.75 0 12899.9 0.75 0 2885.85
12865.3 0 0.75 0 12899.9 0.75 0 -464.15
12858 0 0.7 0 12899.9 0.7 0 -602.15
12858.5 0 0.75 0 12899.9 0.75 0 -520.15
12697.8 0 0.75 0 12899.9 0.75 0 2443.85
12692.3 0 0.75 0 12899.9 0.75 0 -584.15
12673.5 0 0.7 0 12899.9 0.7 0 -577.15
12652.4 0 0.75 0 12899.9 0.75 0 62.85
12667.7 0 0.75 0 12899.9 0.75 0 -608.15
12685.8 0 0.75 0 12899.9 0.75 0 -497.15
12693.3 0 0.7 0 12899.9 0.7 0 -637.15
12691.5 0 0.75 0 12899.9 0.75 0 -693.15
12900.5 0 0.75 0 12899.9 0.75 0 -297.15
12874.6 0 0.75 0 12899.9 0.75 0 336.85
12889.8 0 0.75 0 12899.9 0.75 0 -785.15
12857.5 0 0.75 0 12899.9 0.75 0 2349.85
12894.5 0 0.75 0 12899.9 0.75 0 -468.15
12901.3 0 0.75 0 12899.9 0.75 0 -598.15
12890.1 0 0.75 0 12899.9 0.75 0 -233.15
12892.6 0 0.75 0 12899.9 0.75 0 -369.15
13046.9 0 0.75 0 12899.9 0.75 0 -199.15
13011.4 0 0.7 0 12899.9 0.7 0 244.85
12999.5 0 0.75 0 12899.9 0.75 0 -364.15
13011 0 0.75 0 12899.9 0.75 0 -749.15
13161.9 0 0.75 0 12899.9 0.75 0 -575.15
13164.9 0 0.7 0 12899.9 0.7 0 -643.15
13155.1 0 0.75 0 12899.9 0.75 0 -383.15
13136.5 0 0.75 0 12899.9 0.75 0 435.85
13129.8 0 0.75 0 12899.9 0.75 0 -474.15
13128.7 0 0.7 0 12899.9 0.7 0 -475.15
13121.4 0 0.75 0 12899.9 0.75 0 -491.15
13122.2 0 0.75 0 12899.9 0.75 0 -710.15
13140.5 0 0.75 0 12899.9 0.75 0 -661.15
13155.4 0 0.7 0 12899.9 0.7 0 37.85
13105.7 0 0.75 0 12899.9 0.75 0 208.85
13265.2 0 0.75 0 12899.9 0.75 0 -840.15
13261.1 0 0.75 0 12899.9 0.75 0 -386.15
13272.6 0 0.7 0 12899.9 0.7 0 -829.15
13298.8 0 0.75 0 12899.9 0.75 0 -755.15
13309.9 0 0.75 0 12899.9 0.75 0 -591.15
13310.6 0 0.7 0 12899.9 0.7 0 -214.15
13362.4 0 0.75 0 12899.9 0.75 0 -791.15
13194.8 0 0.75 0 12899.9 0.75 0 2988.85
13196.2 0 0.7 0 12899.9 0.7 0 -779.15
13166.2 0 0.7 0 12899.9 0.7 0 24.85
13161 0 0.75 0 12899.9 0.75 0 -538.15
13157.8 0 0.75 0 12899.9 0.75 0 -318.15
13218 0 0.75 0 12899.9 0.75 0 -770.15
13228.7 0 0.7 0 12899.9 0.7 0 -687.15
13173.5 0 0.75 0 12899.9 0.75 0 627.85
13053 0 0.75 0 12899.9 0.75 0 1919.85
13039.9 0 0.75 0 12899.9 0.75 0 -448.15
13034.5 0 0.7 0 12899.9 0.7 0 -554.15
13017.4 0 0.75 0 12899.9 0.75 1 380.85
12382.9 0 0.75 0 12899.9 0.75 0 12899.9
11808.8 0 0.75 0 12899.9 0.75 1 10640.9
11803.5 0 0.7 0 12899.9 0.7 0 -281.15
11807.2 0 0.75 0 12899.9 0.75 0 -902.15
11817.5 0 0.7 0 12899.9 0.7 0 -960.15
11816.4 0 0.7 0 12899.9 0.7 0 -570.15
11843.2 0 0.75 0 12899.9 0.75 0 -751.15
11816.2 0 0.75 0 12899.9 0.75 0 -251.15
12004.9 0 0.7 0 12899.9 0.7 0 -783.15
12008.1 0 0.8 0 12899.9 0.8 0 -845.15
12023 0 0.8 0 12899.9 0.8 0 -272.15
11938.6 0 0.8 0 12899.9 0.8 1 1148.85
11943.7 0 0.8 0 12899.9 0.8 0 -419.15
11929.2 0 0.85 0 12899.9 0.85 0 -480.15
11884.9 0 0.9 0 12899.9 0.9 0 198.85
11963.4 0 0.9 0 12899.9 0.9 0 -942.15
12096 0 0.9 0 12899.9 0.9 0 -733.15
12116.3 0 0.9 0 12899.9 0.9 0 -853.15
12131.8 0 1 0 12899.9 1 0 -864.15
11982.5 0 1 0 12899.9 1 0 3367.85
12636.3 0 1 0 12899.9 1 0 -177.15
13129 0 1 0 12899.9 1 1 787.85
13152 0 1.05 0 12899.9 1.05 0 -742.15
13136.9 0 1.05 0 12899.9 1.05 0 -600.15
13117.3 0 1.15 0 12899.9 1.15 0 -568.15
13125.4 0 1.1 0 12899.9 1.1 0 -732.15
13134.8 0 1.1 0 12899.9 1.1 0 -939.15
13133.6 0 1.1 0 12899.9 1.1 0 -228.15
13153.4 0 1.2 0 12899.9 1.2 0 -1178.15
13150.8 0 1.2 0 12899.9 1.2 0 -792.15
13173.5 0 1.2 0 12899.9 1.2 0 -726.15
13246.2 0 1.2 0 12899.9 1.2 0 -307.15
13262.6 0 1.25 0 12899.9 1.25 0 -747.15
13247.2 0 1.2 0 12899.9 1.2 0 -172.15
13279.9 0 1.25 0 12899.9 1.25 0 -453.15
13276.1 0 1.3 0 12899.9 1.3 0 -867.15
13282.1 0 1.3 0 12899.9 1.3 0 -853.15
13271.5 0 1.35 0 12899.9 1.35 0 -641.15
13265.6 0 1.3 0 12899.9 1.3 0 -746.15
13471.9 0 1.35 0 12899.9 1.35 0 -757.15
13473.6 0 1.4 0 12899.9 1.4 0 -212.15
13544 0 1.4 0 12899.9 1.4 0 -620.15
13552.1 0 1.45 0 12899.9 1.45 0 -904.15
13569.5 0 1.45 0 12899.9 1.45 0 -949.15
13387.5 0 1.45 0 12899.9 1.45 1 3073.85
13298.8 0 1.55 0 12899.9 1.55 0 1041.85
13287.5 0 1.55 0 12899.9 1.55 0 -715.15
13278.5 0 1.6 0 12899.9 1.6 0 -47.15
13258.5 0 1.55 0 12899.9 1.55 0 -777.15
13246.4 0 1.55 0 12899.9 1.55 0 -551.15
13241 0 1.55 0 12899.9 1.55 0 -619.15
13248.3 0 1.6 0 12899.9 1.6 0 -452.15
13245.7 0 1.55 0 12899.9 1.55 0 -695.15
13243.9 0 1.6 0 12899.9 1.6 0 -136.15
13247.7 0 1.55 0 12899.9 1.55 0 -529.15
13231.2 0 1.55 0 12899.9 1.55 0 -538.15
13211 0 1.6 0 12899.9 1.6 0 -447.15
13208.9 0 1.55 0 12899.9 1.55 0 -599.15
13205.6 0 1.6 0 12899.9 1.6 0 -682.15
13171.6 0 1.55 0 12899.9 1.55 0 -77.15
13188 0 1.55 0 12899.9 1.55 0 -540.15
13182.5 0 1.6 0 12899.9 1.6 0 -510.15
13134.3 0 1.55 0 12899.9 1.55 0 60.85
13106.7 0 1.6 0 12899.9 1.6 0 -397.15
13297.8 0 1.55 0 12899.9 1.55 0 -747.15
13384.4 0 1.55 0 12899.9 1.55 0 -690.15
13355.1 0 1.6 0 12899.9 1.6 0 -131.15
13203.9 0 1.55 0 12899.9 1.55 0 2977.85
13210.6 0 1.6 0 12899.9 1.6 0 -912.15
13221.9 0 1.55 0 12899.9 1.55 0 -776.15
13201.5 0 1.6 0 12899.9 1.6 0 -211.15
13211.7 0 1.6 0 12899.9 1.6 0 -656.15
13191.8 0 1.6 0 12899.9 1.6 0 -297.15
13212.1 0 1.6 0 12899.9 1.6 0 -543.15
13227.2 0 1.6 0 12899.9 1.6 0 -830.15
13219.6 0 1.6 0 12899.9 1.6 0 -386.15
13230 0 1.55 0 12899.9 1.55 0 -655.15
13223 0 1.6 0 12899.9 1.6 0 -458.15
13199.4 0 1.55 0 12899.9 1.55 0 -211.15
13202 0 1.6 0 12899.9 1.6 0 -128.15
13210.8 0 1.5 0 12899.9 1.5 0 -717.15
13227.8 0 1.45 0 12899.9 1.45 0 -850.15
13269.2 0 1.4 0 12899.9 1.4 0 -768.15
13286.6 0 1.35 0 12899.9 1.35 0 -744.15
13285.8 0 1.3 0 12899.9 1.3 0 -731.15
13262.5 0 1.25 0 12899.9 1.25 0 -223.15
13286.2 0 1.15 0 12899.9 1.15 0 -607.15
13473.4 0 1.15 0 12899.9 1.15 0 -764.15
13463.8 0 1.05 0 12899.9 1.05 0 -720.15
13459.5 0 1.05 0 12899.9 1.05 0 -690.15
13478 0 0.95 0 12899.9 0.95 0 -582.15
13482.1 0 0.9 0 12899.9 0.9 0 -739.15
13350.3 0 0.85 0 12899.9 0.85 0 2339.85
13371.4 0 0.8 0 12899.9 0.8 0 -964.15
13364.8 0 0.75 0 12899.9 0.75 0 -698.15
13381.8 0 0.7 0 12899.9 0.7 0 -727.15
13387.1 0 0.65 0 12899.9 0.65 0 -762.15
13396.9 0 0.6 0 12899.9 0.6 0 -652.15
13266.9 0 0.55 0 12899.9 0.55 0 2388.85
13283.4 0 0.5 0 12899.9 0.5 0 -458.15
13290.9 0 0.5 0 12899.9 0.5 0 -868.15
13281.4 0 0.5 0 12899.9 0.5 0 -660.15
13278.4 0 0.5 0 12899.9 0.5 0 -708.15
13224.3 0 0.5 0 12899.9 0.5 0 337.85
13182.8 0 0.5 0 12899.9 0.5 0 98.85
13172.3 0 0.5 0 12899.9 0.5 0 -13.15
13183.4 0 0.5 0 12899.9 0.5 0 -829.15
13194.2 0 0.5 0 12899.9 0.5 0 -980.15
13194.2 0 0.5 0 12899.9 0.5 0 -721.15
13192.2 0 0.5 0 12899.9 0.5 0 -649.15
13207 0 0.5 0 12899.9 0.5 0 -879.15
13180.9 0 0.5 0 12899.9 0.5 0 -215.15
13326.7 0 0.55 0 12899.9 0.55 0 -577.15
13317.2 0 0.5 0 12899.9 0.5 0 -774.15
13300.6 0 0.55 0 12899.9 0.55 0 -367.15
13281.5 0 0.5 0 12899.9 0.5 0 -344.15
13281.9 0 0.55 0 12899.9 0.55 0 -769.15
13245.2 0 0.5 0 12899.9 0.5 0 80.85
13152.6 0 0.55 0 12899.9 0.55 0 4240.85
13164.8 0 0.5 0 12899.9 0.5 0 -701.15
13149 0 0.55 0 12899.9 0.55 0 -554.15
13147.9 0 0.5 0 12899.9 0.5 0 -636.15
13142 0 0.55 0 12899.9 0.55 1 -592.15
13198.9 0 0.5 0 12899.9 0.5 0 -798.15
13232 0 0.55 0 12899.9 0.55 0 -564.15
13222.3 0 0.5 0 12899.9 0.5 0 180.85
13207 0 0.55 0 12899.9 0.55 0 -522.15
13189 0 0.55 0 12899.9 0.55 0 -621.15
13195.9 0 0.55 0 12899.9 0.55 0 -858.15
13191.3 0 0.55 0 12899.9 0.55 0 -558.15
13166.1 0 0.55 0 12899.9 0.55 0 -376.15
13161.6 0 0.55 0 12899.9 0.55 0 -124.15
13172 0 0.5 0 12899.9 0.5 0 -784.15
13125.5 0 0.55 0 12899.9 0.55 0 155.85
13116.4 0 0.5 0 12899.9 0.5 0 -185.15
13122.9 0 0.55 0 12899.9 0.55 0 -474.15
13116.2 0 0.55 0 12899.9 0.55 0 -637.15
13116.8 0 0.55 0 12899.9 0.55 0 69.85
13354.8 0 0.55 0 12899.9 0.55 0 -519.15
13353.2 0 0.55 0 12899.9 0.55 0 -670.15
13368.1 0 0.55 0 12899.9 0.55 0 -851.15
13360.4 0 0.55 0 12899.9 0.55 0 -481.15
13349.8 0 0.55 0 12899.9 0.55 0 -381.15
13329.9 0 0.6 0 12899.9 0.6 0 -400.15
13306.7 0 0.55 0 12899.9 0.55 0 -100.15
13174.4 0 0.6 0 12899.9 0.6 0 2827.85
13169 0 0.55 0 12899.9 0.55 0 -416.15
13149.1 0 0.55 0 12899.9 0.55 0 -223.15
12989.5 0 0.55 0 12899.9 0.55 0 2333.85
12981.8 0 0.55 0 12899.9 0.55 0 -403.15
12987.2 0 0.55 0 12899.9 0.55 0 -484.15
12984.5 0 0.55 0 12899.9 0.55 0 -71.15
12987.5 0 0.6 0 12899.9 0.6 0 -843.15
13019.9 0 0.55 0 12899.9 0.55 0 -491.15
13037.7 0 0.6 0 12899.9 0.6 0 -542.15
13035.3 0 0.55 0 12899.9 0.55 0 -426.15
13041 0 0.55 0 12899.9 0.55 0 -751.15
13056.5 0 0.55 0 12899.9 0.55 0 -239.15
13065.8 0 0.55 0 12899.9 0.55 0 -705.15
13061.8 0 0.6 0 12899.9 0.6 0 -590.15
13054 0 0.55 0 12899.9 0.55 0 -697.15
13066.9 0 0.6 0 12899.9 0.6 0 -737.15
13074.5 0 0.55 0 12899.9 0.55 0 -535.15
13073.6 0 0.55 0 12899.9 0.55 0 -382.15
13090 0 0.6 0 12899.9 0.6 0 -426.15
13225 0 0.55 0 12899.9 0.55 0 126.85
13236.3 0 0.6 0 12899.9 0.6 0 -642.15
13254 0 0.55 0 12899.9 0.55 0 -578.15
13395.5 0 0.6 0 12899.9 0.6 0 -494.15
13410.4 0 0.6 0 12899.9 0.6 0 -701.15
13392.6 0 0.6 0 12899.9 0.6 0 -129.15
13417.8 0 0.6 0 12899.9 0.6 0 -574.15
13277.8 0 0.55 0 12899.9 0.55 0 1956.85
13274.2 0 0.6 0 12899.9 0.6 0 -420.15
13275.5 0 0.6 0 12899.9 0.6 0 -569.15
13285.9 0 0.6 0 12899.9 0.6 0 -633.15
13189.1 0 0.6 0 12899.9 0.6 0 1183.85
13187.5 0 0.6 0 12899.9 0.6 0 -205.15
13199.5 0 0.6 0 12899.9 0.6 0 -946.15
13183.5 0 0.6 0 12899.9 0.6 0 -269.15
13155.9 0 0.6 0 12899.9 0.6 0 -146.15
13155.1 0 0.6 0 12899.9 0.6 0 -722.15
13166.9 0 0.6 0 12899.9 0.6 0 -769.15
13156.1 0 0.6 0 12899.9 0.6 0 -167.15
13163.4 0 0.6 0 12899.9 0.6 0 -571.15
13208.1 0 0.6 0 12899.9 0.6 0 -769.15
13201.9 0 0.6 0 12899.9 0.6 0 -517.15
13197.6 0 0.65 0 12899.9 0.65 0 -493.15
13200.6 0 0.6 0 12899.9 0.6 0 -553.15
13160.1 0 0.6 0 12899.9 0.6 0 108.85
13184.1 0 0.6 0 12899.9 0.6 0 -610.15
13180.4 0 0.6 0 12899.9 0.6 0 -498.15
13309.4 0 0.65 0 12899.9 0.65 0 -624.15
13325 0 0.6 0 12899.9 0.6 0 -731.15
13335.8 0 0.6 0 12899.9 0.6 0 -785.15
13335.1 0 0.6 0 12899.9 0.6 0 -620.15
13385.2 0 0.6 0 12899.9 0.6 0 181.85
13398 0 0.65 0 12899.9 0.65 0 -461.15
13349.7 0 0.6 0 12899.9 0.6 0 19.85
13176.9 0 0.6 0 12899.9 0.6 0 3186.85
13198.5 0 0.65 0 12899.9 0.65 0 -578.15
13176.9 0 0.6 0 12899.9 0.6 0 -289.15
13176.1 0 0.65 0 12899.9 0.65 0 -755.15
13173.4 0 0.6 0 12899.9 0.6 0 -112.15
13181.9 0 0.6 0 12899.9 0.6 0 -741.15
12977.5 0 0.65 0 12899.9 0.65 0 3317.85
12979.1 0 0.6 0 12899.9 0.6 0 -549.15
12986.5 0 0.6 0 12899.9 0.6 0 -640.15
12997 0 0.65 0 12899.9 0.65 0 -763.15
13036.3 0 0.6 0 12899.9 0.6 0 -677.15
13014.9 0 0.65 0 12899.9 0.65 0 -181.15
13015.9 0 0.65 0 12899.9 0.65 0 -518.15
13010.6 0 0.6 0 12899.9 0.6 0 -519.15
12989.5 0 0.65 0 12899.9 0.65 0 -310.15
12960.9 0 0.65 0 12899.9 0.65 0 -212.15
12971.5 0 0.65 0 12899.9 0.65 0 -832.15
12984.6 0 0.65 0 12899.9 0.65 0 -81.15
12978.2 0 0.6 0 12899.9 0.6 0 -333.15
13023.2 0 0.65 0 12899.9 0.65 0 -879.15
13190.6 0 0.65 0 12899.9 0.65 0 -161.15
13186.2 0 0.6 0 12899.9 0.6 0 -490.15
13200.8 0 0.65 0 12899.9 0.65 0 -580.15
13171 0 0.65 0 12899.9 0.65 0 -160.15
13181.4 0 0.65 0 12899.9 0.65 0 -319.15
13179.5 0 0.65 0 12899.9 0.65 0 -704.15
13363.5 0 0.65 0 12899.9 0.65 0 -361.15
13346.9 0 0.65 0 12899.9 0.65 0 -217.15
13328.2 0 0.65 0 12899.9 0.65 0 -267.15
13310.2 0 0.6 0 12899.9 0.6 0 -404.15
13118.6 0 0.65 0 12899.9 0.65 0 3154.85
13132.7 0 0.65 0 12899.9 0.65 0 -462.15
13147.5 0 0.6 0 12899.9 0.6 0 -814.15
13147 0 0.65 0 12899.9 0.65 0 -509.15
13154 0 0.65 0 12899.9 0.65 0 -451.15
13158.2 0 0.6 0 12899.9 0.6 0 -295.15
13129.6 0 0.65 0 12899.9 0.65 0 -260.15
13135.9 0 0.65 0 12899.9 0.65 0 -207.15
13158.4 0 0.65 0 12899.9 0.65 0 -782.15
13137.8 0 0.65 0 12899.9 0.65 0 -468.15
13141.2 0 0.65 0 12899.9 0.65 0 -230.15
13131.1 0 0.65 0 12899.9 0.65 0 -287.15
13129.9 0 0.65 0 12899.9 0.65 0 -555.15
13091.8 0 0.65 0 12899.9 0.65 0 601.85
13103 0 0.65 0 12899.9 0.65 0 -545.15
13085.8 0 0.65 0 12899.9 0.65 0 -358.15
12979 0 0.65 0 12899.9 0.65 1 1772.85
12889.2 0 0.65 0 12899.9 0.65 0 1578.85
12901.7 0 0.65 0 12899.9 0.65 0 -516.15
12915 0 0.65 0 12899.9 0.65 0 -671.15
13076.4 0 0.65 0 12899.9 0.65 0 -72.15
13068.6 0 0.6 0 12899.9 0.6 0 -306.15
12830.8 0 0.65 0 12899.9 0.65 0 3941.85
12838.2 0 0.65 0 12899.9 0.65 0 -658.15
12851.6 0 0.6 0 12899.9 0.6 0 -719.15
12878.1 0 0.65 0 12899.9 0.65 0 -825.15
12863.6 0 0.65 0 12899.9 0.65 0 29.85
12835.5 0 0.6 0 12899.9 0.6 0 355.85
12834.6 0 0.65 0 12899.9 0.65 0 -764.15
12827.5 0 0.65 0 12899.9 0.65 0 -326.15
12850.4 0 0.6 0 12899.9 0.6 0 -688.15
12868.7 0 0.65 0 12899.9 0.65 0 -653.15
12860.9 0 0.65 0 12899.9 0.65 0 -399.15
12887.5 0 0.6 0 12899.9 0.6 0 70.85
12908.9 0 0.65 0 12899.9 0.65 0 -973.15
12900.6 0 0.65 0 12899.9 0.65 0 -193.15
12999.5 0 0.6 0 12899.9 0.6 0 -206.15
13098.2 0 0.65 0 12899.9 0.65 0 -394.15
13102.3 0 0.65 0 12899.9 0.65 0 -598.15
13083.8 0 0.65 0 12899.9 0.65 0 -301.15
13065.8 0 0.7 1 12899.9 0.7 0 0
13070.2 0 0.7 0 12899.9 0.7 0 0
13289 0 0.65 0 12899.9 0.65 0 0
13300 0 0.6 0 12899.9 0.6 0 0
13285.4 0 0.6 0 12899.9 0.6 0 0
13289.4 0 0.55 0 12899.9 0.55 0 0
13318.6 0 0.5 0 12899.9 0.5 0 0
13376.5 0 0.5 0 12899.9 0.5 0 0
13374.8 0 0.45 0 12899.9 0.45 0 0
13104.5 0 0.4 0 12899.9 0.4 0 0
13098.1 0 0.4 0 12899.9 0.4 0 0
13100.1 0 0.35 0 12899.9 0.35 0 0
13074.2 0 0.3 0 12899.9 0.3 0 0
13020.5 0 0.3 0 12899.9 0.3 0 0
13003.9 0 0.25 0 12899.9 0.25 0 0
13015.8 0 0.2 0 12899.9 0.2 0 0
13033.3 0 0.2 0 12899.9 0.2 0 0
13036.2 0 0.15 0 12899.9 0.15 0 0
13010 0 0.1 0 12899.9 0.1 0 0
12905.9 0 0.1 0 12899.9 0.1 0 0
12883.4 0 0 0 12899.9 0 0 0
12888.5 0 0 0 12899.9 0 0 0
12874.5 0 0 0 12899.9 0 0 0
12862.5 0 0 0 12899.9 0 0 0
12867.1 0 0 0 12899.9 0 0 0
12860.8 0 0 0 12899.9 0 0 0
12835.6 0 0 0 12899.9 0 0 0
12650 0 0 0 12899.9 0 0 0
12625.9 0 0 0 12899.9 0 0 0
12913.5 0 0 0 12899.9 0 0 0
12901.5 0 0 0 12899.9 0 0 0
12892.4 0 0 0 12899.9 0 0 0
12936.8 0 0 0 12899.9 0 0 0
12991.2 0 0 0 12899.9 0 0 0
12984.4 0 0 0 12899.9 0 0 0
13009.8 0 0 0 12899.9 0 0 0
13012.9 0 0 0 12899.9 0 0 0
13027.8 0 0 0 12899.9 0 0 0
13024.2 0 0 0 12899.9 0 0 0
13109.1 0 0 0 12899.9 0 0 0
13165.6 0 0 0 12899.9 0 0 0
13030.4 0 0 0 12899.9 0 0 0
13056.3 0 0 0 12899.9 0 0 0
13060.9 0 0 0 12899.9 0 0 0
13028.8 0 0 0 12899.9 0 1 0
13024.7 0 0 0 12899.9 0 0 0
13045 0 0 0 12899.9 0 0 0
13220.2 0 0 0 12899.9 0 0 0
13235.8 0 0 0 12899.9 0 0 0
13227.9 0 0 0 12899.9 0 0 0
13253.1 0 0 0 12899.9 0 0 0
13258.5 0 0 0 12899.9 0 0 0
13236.2 0 0 0 12899.9 0 0 0
13265.5 0 0 0 12899.9 0 0 0
13264.9 0 0 0 12899.9 0 0 0
13244.9 0 0 0 12899.9 0 0 0
13233 0 0 0 12899.9 0 0 0
13220.1 0 0 0 12899.9 0 0 0
13241.9 0 0 0 12899.9 0 0 0
13248.4 0 0 0 12899.9 0 0 0
13260.1 0 0 0 12899.9 0 0 0
13399.5 0 0 0 12899.9 0 0 0
13406.1 0 0 0 12899.9 0 0 0
13410.5 0 0 0 12899.9 0 0 0
13459.9 0 0 0 12899.9 0 0 0
13443.1 0 0 0 12899.9 0 0 0
13469.6 0 0 0 12899.9 0 0 0
13469 0 0 0 12899.9 0 0 0
13471.5 0 0 0 12899.9 0 0 0
13282.9 0 0 0 12899.9 0 0 0
13244.8 0 0 0 12899.9 0 0 0
13227.1 0 0 0 12899.9 0 0 0
13221.5 0 0 0 12899.9 0 0 0
13211.3 0 0 0 12899.9 0 0 0
13205.1 0 0 0 12899.9 0 0 0
13180.2 0 0 0 12899.9 0 0 0
13185.5 0 0 0 12899.9 0 0 0
13171.7 0 0 0 12899.9 0 0 0
13147.2 0 0 0 12899.9 0 0 0
13173.2 0 0 0 12899.9 0 0 0
13153.1 0 0 0 12899.9 0 0 0
13126.5 0 0 0 12899.9 0 0 0
13094.9 0 0 0 12899.9 0 0 0
13101.4 0 0 0 12899.9 0 0 0
13084.2 0 0 0 12899.9 0 0 0
13060.8 0 0 0 12899.9 0 0 0
13022 0 0 0 12899.9 0 0 0
13022.6 0 0 0 12899.9 0 0 0
12987 0 0 0 12899.9 0 0 0
13181.6 0 0 0 12899.9 0 3 0
13161.9 0 0 0 12899.9 0 0 0
13058.8 0 0 0 12899.9 0 0 0
13036.9 0 0 0 12899.9 0 0 0
13039.2 0 0 0 12899.9 0 0 0
13027.5 0 0 0 12899.9 0 0 0
13064 0 0 0 12899.9 0 0 0
13070.8 0 0 0 12899.9 0 0 0
13058.2 0 0 0 12899.9 0 0 0
13073.9 0 0 0 12899.9 0 0 0
13073.8 0 0 0 12899.9 0 0 0
13093.5 0 0 0 12899.9 0 0 0
13107.5 0 0 0 12899.9 0 0 0
13100.6 0 0 0 12899.9 0 0 0
13086.7 0 0 0 12899.9 0 0 0
13092.5 0 0 0 12899.9 0 0 0
13085 0 0 0 12899.9 0 0 0
13074.3 0 0 0 12899.9 0 0 0
13060.3 0 0 0 12899.9 0 0 0
13098.8 0 0 0 12899.9 0 0 0
13094.2 0 0 0 12899.9 0 0 0
13130.3 0 0 0 12899.9 0 0 0
13073.2 0 0 0 12899.9 0 0 0
13077.4 0 0 0 12899.9 0 0 0
13060.3 0 0 0 12899.9 0 0 0
13079.8 0 0 0 12899.9 0 0 0
13067.2 0 0 0 12899.9 0 0 0
13063.6 0 0 0 12899.9 0 0 0
13076.2 0 0 0 12899.9 0 0 0
13053.2 0 0 0 12899.9 0 0 0
13054.9 0 0 0 12899.9 0 0 0
13044.4 0 0 0 12899.9 0 0 0
13052.5 0 0 0 12899.9 0 0 0
13074.9 0 0 0 12899.9 0 0 0
13077.8 0 0 0 12899.9 0 0 0
13045 0 0 0 12899.9 0 0 0
13040.4 0 0 0 12899.9 0 0 0
13070 0 0 0 12899.9 0 0 0
13092.8 0 0 0 12899.9 0 0 0
13086.1 0 0 0 12899.9 0 0 0
13079.5 0 0 0 12899.9 0 0 0
13096.9 0 0 0 12899.9 0 0 0
13244.5 0 0 0 12899.9 0 0 0
13268.5 0 0 0 12899.9 0 0 0
13304.4 0 0 0 12899.9 0 0 0
13313.5 0 0 0 12899.9 0 0 0
13323.6 0 0 0 12899.9 0 0 0
13319.9 0 0 0 12899.9 0 0 0
13331.6 0 0 0 12899.9 0 0 0
13369.9 0 0 0 12899.9 0 0 0
13379.2 0 0 0 12899.9 0 0 0
13384.2 0 0 0 12899.9 0 0 0
13241.2 0 0 0 12899.9 0 0 0
13228.2 0 0 0 12899.9 0 0 0
13241.7 0 0 0 12899.9 0 0 0
13189.6 0 0 0 12899.9 0 0 0
13237.6 0 0 0 12899.9 0 0 0
13220.4 0 0 0 12899.9 0 0 0
13204.8 0 0 0 12899.9 0 0 0
13201.9 0 0 0 12899.9 0 0 0
13212.2 0 0 0 12899.9 0 0 0
13189.3 0 0 0 12899.9 0 0 0
13221 0 0 0 12899.9 0 0 0
13238 0 0 0 12899.9 0 0 0
13217.4 0 0 0 12899.9 0 0 0
13208.9 0 0 0 12899.9 0 0 0
13201.1 0 0 0 12899.9 0 0 0
13064.1 0 0 0 12899.9 0 0 0
13039.8 0 0 0 12899.9 0 0 0
13049.7 0 0 0 12899.9 0 0 0
13054.2 0 0 0 12899.9 0 0 0
13045.7 0 0 0 12899.9 0 0 0
13182.4 0 0 0 12899.9 0 0 0
13197.8 0 0 0 12899.9 0 0 0
13150.1 0 0 0 12899.9 0 0 0
13235.2 0 0 0 12899.9 0 0 0
13225.5 0 0 0 12899.9 0 0 0
13242.4 0 0 0 12899.9 0 0 0
13256.7 0 0 0 12899.9 0 0 0
13253.6 0 0 0 12899.9 0 0 0
13262.3 0 0 0 12899.9 0 0 0
13238.8 0 0 0 12899.9 0 0 0
13244.8 0 0 0 12899.9 0 0 0
13066 0 0 0 12899.9 0 0 0
13061.6 0 0 0 12899.9 0 0 0
13045 0 0 0 12899.9 0 0 0
13042.4 0 0 0 12899.9 0 0 0
13186.9 0 0 0 12899.9 0 0 0
13185 0 0 0 12899.9 0 0 0
13182.4 0 0 0 12899.9 0 0 0
13179.6 0 0 0 12899.9 0 0 0
13182.9 0 0 0 12899.9 0 0 0
13169.7 0 0 0 12899.9 0 0 0
13160.4 0 0 0 12899.9 0 0 0
13167 0 0 0 12899.9 0 0 0
13174.4 0 0 0 12899.9 0 0 0
13169.1 0 0 0 12899.9 0 0 0
13139.9 0 0 0 12899.9 0 1 0
13135.5 0 0 0 12899.9 0 0 0
13128.6 0 0 0 12899.9 0 0 0
13114.2 0 0 0 12899.9 0 0 0
13121.1 0 0 0 12899.9 0 0 0
13117.1 0 0 0 12899.9 0 0 0
13287 0 0 0 12899.9 0 0 0
13311.2 0 0 0 12899.9 0 0 0
13327.8 0 0 0 12899.9 0 0 0
13087.1 0 0 0 12899.9 0 0 0
13060 0 0 0 12899.9 0 0 0
13083.9 0 0 0 12899.9 0 0 0
13071.9 0 0 0 12899.9 0 0 0
13077.7 0 0 0 12899.9 0 0 0
13057.2 0 0 0 12899.9 0 0 0
13040.3 0 0 0 12899.9 0 0 0
13044.3 0 0 0 12899.9 0 0 0
13046.7 0 0 0 12899.9 0 0 0
13044.5 0 0 0 12899.9 0 0 0
13061.6 0 0 0 12899.9 0 0 0
13083.1 0 0 0 12899.9 0 0 0
13069.4 0 0 0 12899.9 0 1 0
13083.9 0 0 0 12899.9 0 0 0
13062.9 0 0 0 12899.9 0 0 0
12908.5 0 0 0 12899.9 0 0 0
12916.1 0 0 0 12899.9 0 0 0
12892.7 0 0 0 12899.9 0 0 0
12859.8 0 0 0 12899.9 0 0 0
12833.7 0 0 0 12899.9 0 0 0
13087.2 0 0 0 12899.9 0 0 0
13090.4 0 0 0 12899.9 0 0 0
13105.9 0 0 0 12899.9 0 0 0
13108 0 0 0 12899.9 0 0 0
13096.5 0 0 0 12899.9 0 0 0
13105.3 0 0 0 12899.9 0 0 0
12965.4 0 0 0 12899.9 0 0 0
12983.8 0 0 0 12899.9 0 0 0
12983.6 0 0 0 12899.9 0 0 0
12960.8 0 0 0 12899.9 0 0 0
12953.8 0 0 0 12899.9 0 0 0
12937.3 0 0 0 12899.9 0 0 0
12943.5 0 0 0 12899.9 0 0 0
12940.4 0 0 0 12899.9 0 0 0
12923.4 0 0 0 12899.9 0 0 0
13121.2 0 0 0 12899.9 0 0 0
13110 0 0 0 12899.9 0 0 0
13147.4 0 0 0 12899.9 0 0 0
13167.6 0 0 0 12899.9 0 0 0
13182.1 0 0 0 12899.9 0 0 0
13182.9 0 0 0 12899.9 0 0 0
13175.2 0 0 0 12899.9 0 0 0
13178.8 0 0 0 12899.9 0 0 0
13169.7 0 0 0 12899.9 0 0 0
13149 0 0 0 12899.9 0 0 0
13137 0 0 0 12899.9 0 0 0
13148.2 0 0 0 12899.9 0 0 0
13089 0 0 0 12899.9 0 0 0
13112.9 0 0 0 12899.9 0 0 0
13119.4 0 0 0 12899.9 0 0 0
13134.5 0 0 0 12899.9 0 0 0
13157.9 0 0 0 12899.9 0 0 0
13174.6 0 0 0 12899.9 0 0 0
13191.2 0 0 0 12899.9 0 0 0
13194 0 0 0 12899.9 0 0 0
13160.5 0 0 0 12899.9 0 0 0
13157.9 0 0 0 12899.9 0 0 0
13149.5 0 0 0 12899.9 0 0 0
13171.4 0 0 0 12899.9 0 0 0
13191 0 0 0 12899.9 0 0 0
13165.4 0 0 0 12899.9 0 0 0
13207.3 0 0 0 12899.9 0 0 0
13204.6 0 0 0 12899.9 0 0 0
13206.8 0 0 0 12899.9 0 0 0
13202.2 0 0 0 12899.9 0 0 0
13202.3 0 0 0 12899.9 0 0 0
13340 0 0 0 12899.9 0 0 0
13370.3 0 0 0 12899.9 0 0 0
13347.9 0 0 0 12899.9 0 0 0
13367.6 0 0 0 12899.9 0 0 0
13354.2 0 0 0 12899.9 0 0 0
13357.5 0 0 0 12899.9 0 0 0
13353.2 0 0 0 12899.9 0 0 0
13317 0 0 0 12899.9 0 0 0
13356.5 0 0 0 12899.9 0 0 0
13377.8 0 0 0 12899.9 0 0 0
13387.7 0 0 0 12899.9 0 0 0
13387.3 0 0 0 12899.9 0 0 0
13241.8 0 0 0 12899.9 0 0 0
13093.3 0 0 0 12899.9 0 0 0
13076 0 0 0 12899.9 0 0 0
13065.9 0 0 0 12899.9 0 0 0
13070 0 0 0 12899.9 0 0 0
13081 0 0 0 12899.9 0 0 0
13095 0 0 0 12899.9 0 0 0
13109.6 0 0 0 12899.9 0 0 0
13105.6 0 0 0 12899.9 0 0 0
13109.5 0 0 0 12899.9 0 0 0
13127.2 0 0 0 12899.9 0 0 0
13118.8 0 0 0 12899.9 0 0 0
13119.3 0 0 0 12899.9 0 0 0
13107.2 0 0 0 12899.9 0 0 0
13110 0 0 0 12899.9 0 0 0
13113 0 0 0 12899.9 0 0 0
13113.1 0 0 0 12899.9 0 0 0
13108 0 0 0 12899.9 0 0 0
13112.2 0 0 0 12899.9 0 0 0
13120.6 0 0 0 12899.9 0 0 0
13247.5 0 0 0 12899.9 0 0 0
13353.7 0 0 0 12899.9 0 0 0
13379.6 0 0 0 12899.9 0 0 0
13348.9 0 0 0 12899.9 0 0 0
13321.3 0 0 0 12899.9 0 0 0
13148 0 0 0 12899.9 0 0 0
13150.1 0 0 0 12899.9 0 0 0
13178.8 0 0 0 12899.9 0 0 0
13193.4 0 0 0 12899.9 0 0 0
13218.2 0 0 0 12899.9 0 0 0
13228.1 0 0 0 12899.9 0 0 0
13207.1 0 0 0 12899.9 0 0 0
13201.5 0 0 0 12899.9 0 0 0
13198.8 0 0 0 12899.9 0 0 0
13151.5 0 0 0 12899.9 0 0 0
13163.9 0 0 0 12899.9 0 0 0
13158.5 0 0 0 12899.9 0 0 0
13159.4 0 0 0 12899.9 0 0 0
13141.7 0 0 0 12899.9 0 0 0
13126.4 0 0 0 12899.9 0 0 0
13138.9 0 0 0 12899.9 0 0 0
13165 0 0 0 12899.9 0 0 0
13181.8 0 0 0 12899.9 0 0 0
13212 0 0 0 12899.9 0 0 0
13220.3 0 0 0 12899.9 0 0 0
13382.9 0 0 0 12899.9 0 0 0
13382.1 0 0 0 12899.9 0 0 0
13353.3 0 0 0 12899.9 0 0 0
13381.5 0 0 0 12899.9 0 0 0
13389.1 0 0 0 12899.9 0 0 0
13392.9 0 0 0 12899.9 0 0 0
13418.9 0 0 0 12899.9 0 0 0
13420.6 0 0 0 12899.9 0 0 0
13399 0 0 0 12899.9 0 0 0
13219.8 0 0 0 12899.9 0 0 0
13212.2 0 0 0 12899.9 0 0 0
13204.4 0 0 0 12899.9 0 0 0
13168.6 0 0 0 12899.9 0 0 0
13181.8 0 0 0 12899.9 0 0 0
13180.6 0 0 0 12899.9 0 0 0
13173.4 0 0 0 12899.9 0 0 0
13164.3 0 0 0 12899.9 0 0 0
13176.7 0 0 0 12899.9 0 0 0
13194.8 0 0 0 12899.9 0 0 0
13228 0 0 0 12899.9 0 0 0
13235.5 0 0 0 12899.9 0 0 0
13252.2 0 0 0 12899.9 0 0 0
13255.6 0 0 0 12899.9 0 0 0
13240.3 0 0 0 12899.9 0 0 0
13215.4 0 0 0 12899.9 0 0 0
13218.3 0 0 0 12899.9 0 0 0
13214.6 0 0 0 12899.9 0 0 0
13232.6 0 0 0 12899.9 0 0 0
13244.8 0 0 0 12899.9 0 0 0
13458 0 0 0 12899.9 0 0 0
13465.5 0 0 0 12899.9 0 0 0
13471.5 0 0 0 12899.9 0 0 0
13500.5 0 0 0 12899.9 0 0 0
13497.5 0 0 0 12899.9 0 0 0
13496.5 0 0 0 12899.9 0 0 0
13453.5 0 0 0 12899.9 0 0 0
13481.9 0 0 0 12899.9 0 0 0
13457.5 0 0 0 12899.9 0 0 0
13418.4 0 0 0 12899.9 0 0 0
13399.9 0 0 0 12899.9 0 0 0
13406.1 0 0 0 12899.9 0 0 0
13364.8 0 0 0 12899.9 0 0 0
13385.2 0 0 0 12899.9 0 0 0
13391.9 0 0 0 12899.9 0 0 0
13399.2 0 0 0 12899.9 0 0 0
13296.1 0 0 0 12899.9 0 0 0
13175 0 0 0 12899.9 0 0 0
13155.9 0 0 0 12899.9 0 0 0
13138.2 0 0 0 12899.9 0 0 0
13116 0 0 0 12899.9 0 0 0
13091.1 0 0 0 12899.9 0 0 0
13085 0 0 0 12899.9 0 0 0
13081.9 0 0 0 12899.9 0 0 0
13092.2 0 0 0 12899.9 0 0 0
13070 0 0 0 12899.9 0 0 0
12975 0 0 0 12899.9 0 0 0
12941.6 0 0 0 12899.9 0 0 0
12947.9 0 0 0 12899.9 0 0 0
12978.5 0 0 0 12899.9 0 0 0
12970.6 0 0 0 12899.9 0 0 0
12973.5 0 0 0 12899.9 0 0 0
12974.5 0 0 0 12899.9 0 0 0
12979.8 0 0 0 12899.9 0 0 0
12972.5 0 0 0 12899.9 0 0 0
12976.3 0 0 0 12899.9 0 0 0
13049.4 0 0 0 12899.9 0 0 0
13143.8 0 0 0 12899.9 0 0 0
13095.5 0 0 0 12899.9 0 0 0
13125.4 0 0 0 12899.9 0 0 0
13146.1 0 0 0 12899.9 0 0 0
13168 0 0 0 12899.9 0 0 0
13174.5 0 0 0 12899.9 0 0 0
13181.5 0 0 0 12899.9 0 0 0
13164.4 0 0 0 12899.9 0 0 0
13145.6 0 0 0 12899.9 0 0 0
13275.1 0 0 0 12899.9 0 0 0
13296.9 0 0 0 12899.9 0 0 0
13303.6 0 0 0 12899.9 0 0 0
13296.2 0 0 0 12899.9 0 0 0
13102.1 0 0 0 12899.9 0 0 0
13110.5 0 0 0 12899.9 0 0 0
13110 0 0 0 12899.9 0 0 0
13083.1 0 0 0 12899.9 0 0 0
13075.5 0 0 0 12899.9 0 0 0
13044.5 0 0 0 12899.9 0 0 0
12980.9 0 0 0 12899.9 0 0 0
12987.5 0 0 0 12899.9 0 0 0
13045.8 0 0 0 12899.9 0 0 0
13056.4 0 0 0 12899.9 0 0 0
13062 0 0 0 12899.9 0 0 0
13065.6 0 0 0 12899.9 0 0 0
13083 0 0 0 12899.9 0 0 0
13050.4 0 0 0 12899.9 0 0 0
13045.9 0 0 0 12899.9 0 0 0
13054.9 0 0 0 12899.9 0 0 0
13030.2 0 0 0 12899.9 0 0 0
12996.5 0 0 0 12899.9 0 0 0
12986 0 0 0 12899.9 0 0 0
12956.5 0 0 0 12899.9 0 0 0
13141.9 0 0 0 12899.9 0 0 0
13109.2 0 0 0 12899.9 0 0 0
13128.6 0 0 0 12899.9 0 0 0
13115.2 0 0 0 12899.9 0 0 0
13103.7 0 0 0 12899.9 0 0 0
13158 0 0 0 12899.9 0 0 0
13267.5 0 0 0 12899.9 0 0 0
13273.6 0 0 0 12899.9 0 0 0
13245.9 0 0 0 12899.9 0 0 0
13222.8 0 0 0 12899.9 0 0 0
13184.2 0 0 0 12899.9 0 0 0
13181.1 0 0 0 12899.9 0 0 0
13131.9 0 0 0 12899.9 0 0 0
13178.6 0 0 0 12899.9 0 0 0
13023.9 0 0 0 12899.9 0 0 0
13050.9 0 0 0 12899.9 0 0 0
13085 0 0 0 12899.9 0 0 0
13090.4 0 0 0 12899.9 0 0 0
13076.4 0 0 0 12899.9 0 0 0
13075 0 0 0 12899.9 0 0 0
13085.3 0 0 0 12899.9 0 0 0
13067.5 0 0 0 12899.9 0 0 0
13086.2 0 0 0 12899.9 0 0 0
13119.9 0 0 0 12899.9 0 0 0
13109.4 0 0 0 12899.9 0 0 0
13076.5 0 0 0 12899.9 0 0 0
13050.4 0 0 0 12899.9 0 0 0
13059.8 0 0 0 12899.9 0 0 0
13050.4 0 0 0 12899.9 0 0 0
13056.5 0 0 0 12899.9 0 0 0
13093.9 0 0 0 12899.9 0 0 0
13092 0 0 0 12899.9 0 0 0
13129.3 0 0 0 12899.9 0 0 0
13122.1 0 0 0 12899.9 0 0 0
13090.3 0 0 0 12899.9 0 0 0
13107 0 0 0 12899.9 0 0 0
13114.9 0 0 0 12899.9 0 0 0
13152.5 0 0 0 12899.9 0 0 0
13162.5 0 0 0 12899.9 0 0 0
13170.8 0 0 0 12899.9 0 0 0
13168 0 0 0 12899.9 0 0 0
13218.5 0 0 0 12899.9 0 0 0
13226.2 0 0 0 12899.9 0 0 0
13227.6 0 0 0 12899.9 0 0 0
13258.8 0 0 0 12899.9 0 0 0
13275.8 0 0 0 12899.9 0 0 0
13276.5 0 0 0 12899.9 0 0 0
13236.4 0 0 0 12899.9 0 0 0
13271.5 0 0 0 12899.9 0 0 0
13314.9 0 0 0 12899.9 0 0 0
13143.5 0 0 0 12899.9 0 0 0
13143.3 0 0 0 12899.9 0 0 0
13125.8 0 0 0 12899.9 0 0 0
13128 0 0 0 12899.9 0 0 0
13302.4 0 0 0 12899.9 0 0 0
13290 0 0 0 12899.9 0 0 0
13269.9 0 0 0 12899.9 0 0 0
13281.4 0 0 0 12899.9 0 0 0
13307.8 0 0 0 12899.9 0 0 0
13331.6 0 0 0 12899.9 0 0 0
13314.7 0 0 0 12899.9 0 0 0
13297.8 0 0 0 12899.9 0 0 0
13264.5 0 0 0 12899.9 0 0 0
13193.5 0 0 0 12899.9 0 0 0
13105 0 0 0 12899.9 0 0 0
13067.1 0 0 0 12899.9 0 0 0
13032.1 0 0 0 12899.9 0 0 0
13054.8 0 0 0 12899.9 0 0 0
13054.1 0 0 0 12899.9 0 0 0
12993.4 0 0 0 12899.9 0 0 0
13148 0 0 0 12899.9 0 0 0
13155 0 0 0 12899.9 0 0 0
13162.8 0 0 0 12899.9 0 0 0
13137.4 0 0 0 12899.9 0 0 0
13167.4 0 0 0 12899.9 0 0 0
13173.2 0 0 0 12899.9 0 0 0
13178.4 0 0 0 12899.9 0 0 0
13170.2 0 0 0 12899.9 0 0 0
13150.2 0 0 0 12899.9 0 0 0
13131.5 0 0 0 12899.9 0 0 0
13132.6 0 0 0 12899.9 0 0 0
13133.9 0 0 0 12899.9 0 0 0
13151.7 0 0 0 12899.9 0 0 0
13169.1 0 0 0 12899.9 0 0 0
13243.2 0 0 0 12899.9 0 0 0
13111 0 0 0 12899.9 0 0 0
13081.5 0 0 0 12899.9 0 0 0
13070.2 0 0 0 12899.9 0 0 0
13021 0 0 0 12899.9 0 0 0
13021.8 0 0 0 12899.9 0 0 0
13034.4 0 0 0 12899.9 0 0 0
12838.1 0 0 0 12899.9 0 0 0
12813 0 0 0 12899.9 0 491 0
12779.7 0 0 0 12899.9 0 2774 0
12746.8 0 0 0 12899.9 0 1594 0
12753.8 0 0 0 12899.9 0 886 0
12698.8 0 0 0 12899.9 0 455 0
12683.9 0 0 0 12899.9 0 307 0
12635.4 0 0 0 12899.9 0 190 0
12635.5 0 0 0 12899.9 0 123 0
12627 0 0 0 12899.9 0 81 0
12616.6 0 0 0 12899.9 0 64 0
12598 0 0 0 12899.9 0 43 0
12617 0 0 0 12899.9 0 38 0
12622.6 0 0 0 12899.9 0 16 0
12771.4 0 0 0 12899.9 0 21 0
12835.1 0 0 0 12899.9 0 19 0
12836.1 0 0 0 12899.9 0 16 0
12866.1 0 0 0 12899.9 0 17 0
12886.8 0 0 0 12899.9 0 11 0
12890.9 0 0 0 12899.9 0 7 0
13090.6 0 0 0 12899.9 0 6 0
13076.8 0 0 0 12899.9 0 11 0
13118.7 0 0 0 12899.9 0 8 0
13145 0 0 0 12899.9 0 4 0
13113.8 0 0 0 12899.9 0 4 0
13149.4 0 0 0 12899.9 0 5 0
13138.8 0 0 0 12899.9 0 5 0
13180.3 0 0 0 12899.9 0 5 0
13176.8 0 0 0 12899.9 0 6 0
13145.6 0 0 0 12899.9 0 1 0
13131.9 0 0 0 12899.9 0 3 0
13144.1 0 0 0 12899.9 0 4 0
12981.9 0 0 0 12899.9 0 3 0
12976.5 0 0 0 12899.9 0 5 0
12936 0 0 0 12899.9 0 2 0
12907.5 0 0 0 12899.9 0 3 0
12934 0 0 0 12899.9 0 2 0
12951.5 0 0 0 12899.9 0 1 0
12951.6 0 0 0 12899.9 0 1 0
12956.6 0 0 0 12899.9 0 3 0
12960.4 0 0 0 12899.9 0 2 0
13020.3 0 0 0 12899.9 0 1 0
13009.4 0 0 0 12899.9 0 1 0
13007.9 0 0 0 12899.9 0 1 0
13024.9 0 0 0 12899.9 0 1 0
13035.7 0 0 0 12899.9 0 1 0
13034.9 0 0 0 12899.9 0 2 0
13042.5 0 0 0 12899.9 0 1 0
13027.6 0 0 0 12899.9 0 1 0
13082.4 0 0 0 12899.9 0 1 0
13079 0 0 0 12899.9 0 1 0
13077.6 0 0 0 12899.9 0 1 0
13087.3 0 0 0 12899.9 0 1 0
13083.3 0 0 0 12899.9 0 0 0
13120.9 0 0 0 12899.9 0 0 0
13141.6 0 0 0 12899.9 0 1 0
13136.4 0 0 0 12899.9 0 1 0
13132.1 0 0 0 12899.9 0 1 0
13135.3 0 0 0 12899.9 0 0 0
13119.6 0 0 0 12899.9 0 0 0
13065.6 0 0 0 12899.9 0 0 0
13041 0 0 0 12899.9 0 1 0
13068 0 0 0 12899.9 0 0 0
13068 0 0 0 12899.9 0 2 0
13068 0 0 0 12899.9 0 0 0
13070.5 0 0 0 12899.9 0 0 0
13019.3 0 0 0 12899.9 0 0 0
12998.8 0 0 0 12899.9 0 1 0
12992.2 0 0 0 12899.9 0 0 0
12990 0 0 0 12899.9 0 0 0
13011.4 0 0 0 12899.9 0 0 0
13005.6 0 0 0 12899.9 0 0 0
12976 0 0 0 12899.9 0 0 0
12983.8 0 0 0 12899.9 0 0 0
12919.6 0 0 0 12899.9 0 0 0
12915.4 0 0 0 12899.9 0 0 0
12916.5 0 0 0 12899.9 0 1 0
12910.6 0 0 0 12899.9 0 1 0
12926 0 0 0 12899.9 0 0 0
12924.2 0 0 0 12899.9 0 0 0
12988.7 0 0 0 12899.9 0 0 0
12992.4 0 0 0 12899.9 0 0 0
12956.6 0 0 0 12899.9 0 0 0
12954.8 0 0 0 12899.9 0 1 0
12967.5 0 0 0 12899.9 0 1 0
12968.4 0 0 0 12899.9 0 0 0
13017.5 0 0 0 12899.9 0 0 0
12986 0 0 0 12899.9 0 0 0
13023.1 0 0 0 12899.9 0 0 0
13022.5 0 0 0 12899.9 0 0 0
13033.2 0 0 0 12899.9 0 0 0
13053.5 0 0 0 12899.9 0 0 0
12825.2 0 0 0 12899.9 0 0 0
