0.00 0.00 0.00
9.00 0.00 0.00
0.00 0.00 0.00
0.00 0.00 0.00
0.00 0.00 0.00
0.00 2.00 0.00
9.77 14.00 0.00
101.70 0.00 0.00
101.70 0.00 0.43
99.94 0.00 0.00
101.70 0.00 0.00
99.69 0.25 0.13
105.21 0.00 0.00
98.94 0.00 0.00
103.45 0.00 0.00
106.21 0.00 0.00
104.20 0.00 0.00
103.20 0.00 0.00
103.45 0.25 0.25
106.46 0.00 0.00
104.70 0.00 0.00
103.70 0.00 0.00
104.20 0.00 0.00
101.45 0.00 0.00
106.71 0.00 0.00
98.70 1.00 1.02
57.40 54.25 55.16
57.41 51.25 53.81
61.93 73.25 73.56
62.92 64.50 68.54
56.65 63.25 62.66
58.15 66.25 68.60
65.43 72.75 75.83
67.70 64.25 65.27
69.21 49.50 51.10
68.93 77.25 79.69
69.97 43.50 45.19
68.70 57.50 59.35
57.16 58.00 60.10
59.66 64.50 66.28
61.15 84.75 90.25
65.93 75.25 74.58
50.13 48.00 49.78
59.90 70.75 74.77
58.40 64.75 65.77
62.43 58.00 59.07
68.45 54.75 56.25
63.69 48.50 50.07
65.21 49.50 51.10
64.69 52.50 54.20
74.24 55.25 57.05
65.43 68.00 70.16
60.17 57.00 58.82
56.89 65.50 67.56
52.64 60.75 63.18
58.16 59.50 60.87
54.66 48.75 50.30
60.16 66.25 68.34
53.38 63.75 67.82
67.19 63.50 65.00
72.97 67.25 68.12
73.48 58.75 60.39
66.94 69.00 71.19
53.90 52.50 54.18
72.99 37.00 39.27
69.70 65.25 66.30
68.20 59.75 61.93
61.41 67.50 69.63
63.70 43.00 45.18
61.42 61.75 62.68
75.24 54.25 56.02
70.97 46.50 48.08
59.93 46.25 47.74
62.42 61.25 63.45
65.93 65.00 66.81
75.98 53.00 54.72
73.20 76.50 78.92
72.72 46.25 47.76
66.19 54.00 55.73
64.44 51.50 53.42
74.98 52.50 54.20
69.97 44.25 45.70
64.43 56.25 57.79
62.44 50.00 51.61
60.67 53.50 55.98
56.65 55.50 56.48
71.47 49.25 50.86
71.72 46.50 49.83
66.44 60.25 61.66
63.95 43.00 43.37
57.91 56.75 58.29
78.98 65.00 67.61
66.94 63.25 64.75
60.92 52.75 54.95
60.17 52.25 54.70
62.44 52.75 53.15
69.45 62.75 65.79
61.93 44.25 44.64
69.96 58.25 61.15
69.95 72.75 74.03
65.16 78.50 83.54
64.44 52.25 51.41
70.96 63.75 65.79
63.67 62.75 65.26
56.66 58.75 60.87
54.13 63.00 64.46
45.87 54.00 55.45
67.70 59.25 61.41
77.25 45.50 47.00
64.69 51.25 53.42
68.44 61.00 62.17
60.68 49.00 50.58
61.18 55.75 57.79
70.19 65.00 66.82
61.16 58.00 60.88
70.72 48.50 51.88
59.43 58.00 58.31
57.66 51.50 52.63
61.66 61.75 63.18
56.66 52.75 54.69
52.64 58.00 59.32
69.47 49.25 50.85
68.44 62.50 64.50
62.19 44.50 45.94
67.96 51.00 52.65
70.21 56.50 58.57
67.46 58.25 59.87
62.68 59.25 61.40
65.44 59.75 61.40
65.69 62.25 64.49
49.64 49.75 51.07
66.43 64.00 66.55
61.32 55.20 56.51
64.69 50.75 52.64
71.98 53.25 54.72
61.42 65.25 68.36
64.95 49.00 49.55
77.48 69.25 72.50
73.23 55.75 56.52
76.74 49.50 51.63
60.43 53.25 54.44
75.47 59.25 61.93
85.50 62.25 64.00
59.19 47.00 48.78
82.77 48.75 49.85
71.47 54.25 55.75
67.96 52.25 53.94
76.74 49.25 50.86
62.69 47.50 49.03
87.54 46.25 47.79
68.71 46.00 47.50
73.22 54.50 56.26
74.73 48.75 50.34
73.48 42.50 44.16
60.16 63.00 64.74
70.20 62.00 64.24
67.71 49.75 52.13
67.44 56.75 57.53
65.43 63.25 65.52
61.19 54.75 56.25
67.69 62.50 64.75
69.45 65.00 66.81
64.69 52.00 53.73
71.21 56.25 58.31
69.22 40.25 42.35
61.93 50.00 50.83
65.19 61.50 63.21
69.47 49.75 51.37
72.47 48.25 49.82
65.69 55.25 58.05
73.22 58.00 59.10
59.42 51.25 52.64
79.72 76.00 78.42
73.22 48.00 50.85
85.54 46.00 46.25
76.00 50.00 51.64
66.44 57.75 61.40
65.68 72.25 73.76
66.44 68.00 69.13
63.92 65.50 67.83
55.64 63.00 64.99
58.41 63.00 64.73
71.46 57.75 59.87
64.69 55.50 57.02
73.73 47.00 48.55
76.49 48.25 50.86
60.93 54.00 54.70
65.44 49.25 51.10
78.76 40.00 42.11
69.20 66.25 67.34
61.42 68.00 70.15
68.19 75.75 78.42
64.18 81.75 84.14
65.66 78.25 80.96
59.91 63.25 65.00
75.48 63.50 65.54
62.93 56.25 59.34
81.75 63.25 64.51
69.97 48.75 50.08
71.71 71.00 73.27
51.88 64.75 66.53
60.94 50.50 53.16
56.65 65.75 66.80
58.92 51.25 52.89
65.94 61.75 64.24
59.91 65.50 68.60
62.43 58.25 58.56
76.46 69.00 71.45
67.20 51.75 53.16
63.20 44.75 46.20
64.18 59.00 61.14
65.43 71.50 73.51
55.64 66.75 68.85
57.17 50.50 52.12
72.48 52.50 54.21
66.44 63.50 65.79
54.14 70.75 72.72
56.15 53.25 55.20
70.72 57.00 58.57
69.20 65.75 68.88
55.90 62.25 64.48
84.77 52.25 52.67
63.69 50.00 51.68
63.95 43.25 44.92
72.49 46.00 47.77
79.23 70.25 72.24
55.40 59.00 61.12
63.19 49.50 51.36
70.20 63.50 64.75
61.93 62.25 64.23
72.47 53.00 54.97
67.20 46.50 47.75
64.95 40.25 41.56
73.70 37.25 38.45
53.13 25.50 26.30
65.66 31.25 32.24
56.14 24.75 25.53
59.65 33.00 34.30
60.14 28.25 28.87
59.63 40.28 48.21
61.87 2.75 36.35
59.62 0.00 32.75
130.76 0.75 15.69
103.24 0.00 45.67
88.93 0.00 46.41
102.70 0.00 55.17
97.69 0.00 52.34
105.46 0.00 59.04
106.96 0.00 60.07
105.21 0.00 59.29
93.44 0.00 50.53
97.19 0.00 53.37
102.70 0.00 58.83
94.94 0.00 52.34
103.20 0.00 60.07
97.19 0.00 54.40
108.71 0.00 63.42
91.18 0.00 51.05
109.96 0.00 63.68
96.44 0.00 53.62
106.21 0.00 61.88
100.45 0.00 57.23
106.46 0.00 61.62
91.43 0.00 51.56
95.69 0.00 54.40
109.72 0.00 62.91
117.77 0.00 43.83
131.31 0.00 25.52
153.18 0.00 6.96
158.93 0.00 6.96
118.07 0.00 5.67
0.00 0.00 0.00
