# xct_end restore_begin restore_segment restore_end page_write page_read
0	0	0	0	0	0	
0	0	0	0	0	0	
0	0	0	0	0	0	
0	0	0	0	0	0	
0	0	0	0	0	0	
0	0	0	0	0	0	
0	0	0	0	0	0	
0	0	0	0	0	0	
0	0	0	0	0	0	
0	0	0	0	0	0	
0	0	0	0	0	0	
0	0	0	0	0	0	
0	0	0	0	0	0	
0	0	0	0	0	0	
0	0	0	0	0	0	
0	0	0	0	0	0	
0	0	0	0	0	0	
0	0	0	0	0	1	
0	0	0	0	0	0	
0	0	0	0	0	0	
5	0	0	0	0	214	
1301	0	0	0	496	19865	
1437	0	0	0	846	16672	
1278	0	0	0	490	10958	
3485	0	0	0	157	21092	
2709	0	0	0	248	12880	
1926	0	0	0	293	8974	
2602	0	0	0	401	10851	
2924	0	0	0	385	11094	
4456	0	0	0	534	15112	
4182	0	0	0	442	12537	
4106	0	0	0	426	11387	
5151	0	0	0	492	12537	
3606	0	0	0	682	7874	
7358	0	0	0	563	14749	
4571	0	0	0	359	8025	
7580	0	0	0	542	12002	
7947	0	0	0	554	11292	
5739	0	0	0	851	7376	
8193	0	0	0	552	9521	
8093	0	0	0	528	8466	
5917	0	0	0	381	5989	
8292	0	0	0	501	7535	
9288	0	0	0	587	7914	
5480	0	0	0	353	4326	
7767	0	0	0	476	5756	
6249	0	0	0	380	4326	
8623	0	0	0	525	5645	
8109	0	0	0	491	4759	
5037	1	0	0	849	2897	
0	0	0	0	2498	0	
0	0	0	0	2435	0	
0	0	0	0	1946	0	
0	0	0	0	1952	0	
0	0	0	0	1725	0	
0	0	0	0	1803	0	
0	0	0	0	1960	0	
0	0	1	0	1387	0	
0	0	8	0	78	0	
0	0	7	0	7	0	
0	0	8	0	8	0	
0	0	7	0	7	0	
0	0	8	0	8	0	
0	0	7	0	7	0	
0	0	8	0	8	0	
0	0	8	0	8	0	
0	0	7	0	7	0	
0	0	8	0	8	0	
0	0	7	0	7	0	
0	0	8	0	8	0	
0	0	7	0	7	0	
0	0	8	0	8	0	
0	0	7	0	7	0	
0	0	8	0	8	0	
0	0	8	0	12	0	
0	0	7	0	7	0	
0	0	8	0	8	0	
0	0	7	0	7	0	
0	0	8	0	8	0	
0	0	7	0	7	0	
0	0	8	0	8	0	
0	0	8	0	8	0	
0	0	7	0	7	0	
0	0	8	0	11	0	
0	0	7	0	27	0	
0	0	8	0	8	0	
0	0	7	0	18	0	
0	0	8	0	8	0	
0	0	7	0	35	0	
0	0	8	0	11	0	
0	0	7	0	7	0	
0	0	8	0	8	0	
0	0	7	0	8	0	
0	0	8	0	11	0	
0	0	8	0	8	0	
0	0	7	0	7	0	
0	0	8	0	8	0	
0	0	7	0	7	0	
0	0	8	0	13	0	
0	0	7	0	7	0	
0	0	8	0	8	0	
0	0	7	0	7	0	
0	0	8	0	14	0	
0	0	8	0	8	0	
0	0	7	0	7	0	
0	0	8	0	8	0	
0	0	7	0	7	0	
0	0	8	0	11	0	
0	0	7	0	7	0	
0	0	8	0	8	0	
0	0	7	0	11	0	
0	0	8	0	16	0	
0	0	8	0	8	0	
0	0	7	0	7	0	
0	0	8	0	8	0	
0	0	7	0	7	0	
0	0	8	0	8	0	
0	0	7	0	7	0	
0	0	8	0	8	0	
0	0	7	0	29	0	
0	0	8	0	8	0	
0	0	8	0	8	0	
0	0	7	0	7	0	
0	0	8	0	18	0	
0	0	7	0	7	0	
0	0	8	0	8	0	
0	0	7	0	7	0	
0	0	8	0	8	0	
0	0	7	0	7	0	
0	0	8	0	8	0	
0	0	8	0	8	0	
0	0	7	0	7	0	
0	0	8	0	8	0	
0	0	7	0	35	0	
0	0	8	0	8	0	
0	0	7	0	7	0	
0	0	8	0	8	0	
0	0	7	0	7	0	
0	0	8	0	8	0	
0	0	8	0	12	0	
0	0	7	0	7	0	
0	0	8	0	13	0	
0	0	7	0	7	0	
0	0	8	0	8	0	
0	0	7	0	7	0	
0	0	8	0	8	0	
0	0	7	0	7	0	
0	0	8	0	8	0	
0	0	8	0	8	0	
0	0	7	0	7	0	
0	0	8	0	8	0	
0	0	7	0	7	0	
0	0	8	0	50	0	
0	0	7	0	7	0	
0	0	8	0	38	0	
0	0	7	0	7	0	
0	0	8	0	12	0	
0	0	7	0	7	0	
0	0	8	0	8	0	
0	0	8	0	8	0	
0	0	7	0	7	0	
0	0	8	0	8	0	
0	0	7	0	12	0	
0	0	8	0	8	0	
0	0	7	0	7	0	
0	0	8	0	8	0	
0	0	7	0	18	0	
0	0	8	0	8	0	
0	0	8	0	7	0	
0	0	7	0	8	0	
0	0	8	0	8	0	
0	0	7	0	7	0	
0	0	8	0	8	0	
0	0	7	0	7	0	
0	0	8	0	8	0	
0	0	7	0	7	0	
0	0	8	0	8	0	
0	0	7	0	7	0	
0	0	8	0	8	0	
0	0	8	0	8	0	
0	0	7	0	7	0	
0	0	8	0	8	0	
0	0	7	0	7	0	
0	0	8	0	8	0	
0	0	7	0	7	0	
0	0	8	0	8	0	
0	0	8	0	8	0	
0	0	7	0	7	0	
0	0	8	0	8	0	
0	0	7	0	7	0	
0	0	8	0	8	0	
0	0	7	0	7	0	
0	0	8	0	8	0	
0	0	8	0	8	0	
0	0	7	0	7	0	
0	0	8	0	8	0	
0	0	7	0	7	0	
0	0	8	0	12	0	
0	0	7	0	7	0	
0	0	8	0	9	0	
0	0	7	0	7	0	
0	0	8	0	8	0	
0	0	8	0	8	0	
0	0	7	0	7	0	
0	0	8	0	8	0	
0	0	7	0	7	0	
0	0	8	0	8	0	
0	0	7	0	8	0	
0	0	8	0	11	0	
0	0	8	0	8	0	
0	0	7	0	7	0	
0	0	8	0	8	0	
0	0	7	0	7	0	
0	0	8	0	8	0	
0	0	7	0	7	0	
0	0	8	0	8	0	
0	0	7	0	7	0	
0	0	8	0	8	0	
0	0	8	0	8	0	
0	0	7	0	7	0	
0	0	8	0	8	0	
0	0	7	0	7	0	
0	0	8	0	11	0	
0	0	7	0	7	0	
0	0	8	0	8	0	
0	0	7	0	7	0	
0	0	8	0	12	0	
0	0	8	0	8	0	
0	0	7	0	7	0	
0	0	8	0	11	0	
0	0	7	0	7	0	
0	0	8	0	29	0	
0	0	7	0	7	0	
0	0	8	0	12	0	
0	0	7	0	7	0	
0	0	8	0	8	0	
0	0	7	0	7	0	
0	0	8	0	13	0	
0	0	8	0	8	0	
0	0	7	0	11	0	
0	0	8	0	8	0	
0	0	7	0	7	0	
0	0	8	0	11	0	
0	0	7	0	7	0	
0	0	8	0	8	0	
0	0	8	0	8	0	
0	0	7	0	8	0	
0	0	8	0	13	0	
0	0	7	0	7	0	
0	0	8	0	8	0	
0	0	7	0	7	0	
0	0	8	0	8	0	
0	0	7	0	7	0	
0	0	8	0	8	0	
0	0	8	0	8	0	
0	0	7	0	7	0	
0	0	8	0	8	0	
0	0	7	0	11	0	
0	0	8	0	8	0	
0	0	7	0	7	0	
0	0	8	0	8	0	
0	0	7	0	7	0	
0	0	8	0	8	0	
0	0	8	0	8	0	
0	0	7	0	10	0	
0	0	8	0	8	0	
0	0	7	0	10	0	
0	0	8	0	8	0	
0	0	7	0	7	0	
0	0	8	0	8	0	
0	0	7	0	7	0	
0	0	8	0	8	0	
0	0	7	0	11	0	
0	0	8	0	8	0	
0	0	7	0	7	0	
0	0	7	0	7	0	
0	0	8	0	8	0	
0	0	7	0	18	0	
0	0	8	0	8	0	
0	0	7	0	33	0	
0	0	7	0	7	0	
0	0	8	0	8	0	
0	0	7	0	7	0	
0	0	7	0	11	0	
0	0	8	0	8	0	
0	0	7	0	7	0	
0	0	8	0	8	0	
0	0	7	0	7	0	
0	0	8	0	11	0	
0	0	7	0	7	0	
0	0	8	0	8	0	
0	0	7	0	7	0	
0	0	8	0	28	0	
0	0	7	0	7	0	
0	0	8	0	8	0	
0	0	7	0	13	0	
0	0	7	0	7	0	
0	0	8	0	8	0	
0	0	7	0	11	0	
0	0	8	0	8	0	
0	0	7	0	7	0	
0	0	8	0	8	0	
0	0	7	0	7	0	
0	0	8	0	32	0	
0	0	7	0	7	0	
0	0	7	0	7	0	
0	0	8	0	8	0	
0	0	7	0	19	0	
0	0	8	0	8	0	
0	0	7	0	7	0	
0	0	8	0	8	0	
0	0	7	0	7	0	
0	0	8	0	8	0	
0	0	7	0	10	0	
0	0	8	0	8	0	
0	0	7	0	7	0	
0	0	7	0	7	0	
0	0	8	0	8	0	
0	0	7	0	12	0	
0	0	8	0	8	0	
0	0	7	0	7	0	
0	0	8	0	8	0	
0	0	7	0	7	0	
0	0	8	0	8	0	
0	0	7	0	7	0	
0	0	8	0	8	0	
0	0	7	0	12	0	
0	0	7	0	7	0	
0	0	8	0	12	0	
0	0	7	0	7	0	
0	0	8	0	8	0	
0	0	7	0	7	0	
0	0	8	0	8	0	
0	0	7	0	9	0	
0	0	8	0	8	0	
0	0	7	0	7	0	
0	0	8	0	9	0	
0	0	7	0	7	0	
0	0	7	0	11	0	
0	0	8	0	8	0	
0	0	7	0	7	0	
0	0	8	0	8	0	
0	0	7	0	7	0	
0	0	8	0	8	0	
0	0	7	0	7	0	
0	0	8	0	11	0	
0	0	7	0	7	0	
0	0	7	0	8	0	
0	0	8	0	34	0	
0	0	7	0	7	0	
0	0	7	0	7	0	
0	0	8	0	8	0	
0	0	7	0	7	0	
0	0	8	0	13	0	
0	0	7	0	7	0	
0	0	7	0	7	0	
0	0	8	0	8	0	
0	0	7	0	7	0	
0	0	8	0	11	0	
0	0	7	0	7	0	
0	0	8	0	8	0	
0	0	7	0	7	0	
0	0	7	0	7	0	
0	0	8	0	8	0	
0	0	7	0	7	0	
0	0	8	0	8	0	
0	0	7	0	10	0	
0	0	7	0	7	0	
0	0	8	0	13	0	
0	0	7	0	7	0	
0	0	8	0	8	0	
0	0	7	0	7	0	
0	0	8	0	8	0	
0	0	7	0	7	0	
0	0	7	0	7	0	
0	0	8	0	8	0	
0	0	7	0	7	0	
0	0	8	0	29	0	
0	0	7	0	7	0	
0	0	7	0	7	0	
0	0	8	0	8	0	
0	0	7	0	7	0	
0	0	8	0	8	0	
0	0	7	0	7	0	
0	0	8	0	8	0	
0	0	7	0	7	0	
0	0	8	0	8	0	
0	0	7	0	7	0	
0	0	7	0	12	0	
0	0	8	0	8	0	
0	0	7	0	7	0	
0	0	8	0	8	0	
0	0	7	0	7	0	
0	0	7	0	7	0	
0	0	8	0	8	0	
0	0	7	0	7	0	
0	0	8	0	31	0	
0	0	7	0	7	0	
0	0	7	0	28	0	
0	0	8	0	8	0	
0	0	7	0	7	0	
0	0	8	0	8	0	
0	0	7	0	7	0	
0	0	8	0	8	0	
0	0	7	0	7	0	
0	0	8	0	8	0	
0	0	7	0	7	0	
0	0	8	0	8	0	
0	0	7	0	7	0	
0	0	7	0	7	0	
0	0	8	0	12	0	
0	0	7	0	7	0	
0	0	8	0	8	0	
0	0	7	0	7	0	
0	0	8	0	8	0	
0	0	7	0	7	0	
0	0	8	0	8	0	
0	0	7	0	7	0	
0	0	7	0	7	0	
0	0	8	0	12	0	
0	0	7	0	7	0	
0	0	8	0	8	0	
0	0	7	0	7	0	
0	0	8	0	8	0	
0	0	7	0	7	0	
0	0	8	0	8	0	
0	0	7	0	18	0	
0	0	7	0	7	0	
0	0	8	0	8	0	
0	0	7	0	7	0	
0	0	8	0	8	0	
0	0	7	0	7	0	
0	0	8	0	14	0	
0	0	7	0	7	0	
0	0	7	0	7	0	
0	0	8	0	8	0	
0	0	7	0	7	0	
0	0	8	0	8	0	
0	0	8	0	8	0	
0	0	7	0	7	0	
0	0	7	0	10	0	
0	0	8	0	41	0	
0	0	7	0	7	0	
0	0	8	0	13	0	
0	0	7	0	7	0	
0	0	7	0	7	0	
0	0	8	0	14	0	
0	0	7	0	7	0	
0	0	8	0	8	0	
0	0	7	0	7	0	
0	0	8	0	8	0	
0	0	7	0	7	0	
0	0	8	0	9	0	
0	0	7	0	7	0	
0	0	7	0	7	0	
0	0	7	0	7	0	
0	0	8	0	8	0	
0	0	7	0	7	0	
0	0	7	0	8	0	
0	0	8	0	11	0	
0	0	7	0	7	0	
0	0	7	0	7	0	
0	0	8	0	8	0	
0	0	7	0	7	0	
0	0	7	0	11	0	
0	0	7	0	7	0	
0	0	8	0	11	0	
0	0	7	0	7	0	
0	0	7	0	7	0	
0	0	8	0	8	0	
0	0	7	0	7	0	
0	0	7	0	28	0	
0	0	8	0	13	0	
0	0	7	0	7	0	
0	0	7	0	7	0	
0	0	8	0	11	0	
0	0	7	0	7	0	
0	0	7	0	7	0	
0	0	8	0	11	0	
0	0	7	0	7	0	
0	0	7	0	7	0	
0	0	8	0	9	0	
0	0	7	0	7	0	
0	0	7	0	7	0	
0	0	8	0	14	0	
0	0	7	0	7	0	
0	0	7	0	7	0	
0	0	8	0	11	0	
0	0	7	0	7	0	
0	0	7	0	7	0	
0	0	8	0	8	0	
0	0	7	0	7	0	
0	0	7	0	7	0	
0	0	7	0	7	0	
0	0	8	0	8	0	
0	0	7	0	7	0	
0	0	8	0	8	0	
0	0	7	0	7	0	
0	0	7	0	7	0	
0	0	8	0	8	0	
0	0	7	0	7	0	
0	0	7	0	7	0	
0	0	8	0	8	0	
0	0	7	0	7	0	
0	0	7	0	7	0	
0	0	8	0	11	0	
0	0	7	0	7	0	
0	0	7	0	7	0	
0	0	8	0	8	0	
0	0	7	0	30	0	
0	0	7	0	7	0	
0	0	8	0	8	0	
0	0	7	0	7	0	
0	0	7	0	7	0	
0	0	8	0	13	0	
0	0	7	0	7	0	
0	0	7	0	7	0	
0	0	8	0	8	0	
0	0	7	0	7	0	
0	0	7	0	7	0	
0	0	8	0	8	0	
0	0	7	0	7	0	
0	0	7	0	7	0	
0	0	8	0	8	0	
0	0	7	0	7	0	
0	0	7	0	39	0	
0	0	7	0	7	0	
0	0	8	0	8	0	
0	0	7	0	7	0	
0	0	7	0	7	0	
0	0	8	0	8	0	
0	0	7	0	7	0	
0	0	8	0	8	0	
0	0	7	0	7	0	
0	0	7	0	7	0	
0	0	8	0	8	0	
41	0	7	0	335	19	
9249	0	0	1	645	4855	
8540	0	0	0	507	4074	
10720	0	0	0	641	4794	
10062	0	0	0	576	4338	
9096	0	0	0	520	3378	
9145	0	0	0	536	3254	
10255	0	0	0	587	3348	
10111	0	0	0	593	2929	
10621	0	0	0	601	2999	
10733	0	0	0	589	2742	
10764	0	0	0	588	2483	
10346	0	0	0	578	2165	
10010	0	0	0	546	1950	
9262	0	0	0	615	1685	
10603	0	0	0	586	1881	
11050	0	0	0	471	1782	
10446	0	0	0	0	1526	
9398	0	0	0	118	1350	
9499	0	0	0	538	1336	
8888	0	0	0	1048	1150	
10920	0	0	0	632	1255	
9256	0	0	0	523	999	
9545	0	0	0	534	976	
10277	0	0	0	586	984	
10749	0	0	0	589	946	
11188	0	0	0	634	918	
10983	0	0	0	637	912	
10910	0	0	0	611	831	
10017	0	0	0	564	733	
10124	0	0	0	574	705	
260	0	0	0	984	18	
0	0	0	0	0	0	
