10 GB
0
0
0
0
0
0
0
0
0
0
6.4
9.6
12.8
19.2
22.4
27.2
32
35.2
41.6
51.2
56
65.6
68.8
73.6
80
83.2
88
92.8
96
100.8
100.8
104
112
112
113.6
115.2
113.6
113.6
112
108.8
107.2
105.6
107.2
108.8
113.6
121.6
126.4
132.8
140.8
144
142.4
139.2
131.2
128
129.6
129.6
131.2
136
137.6
139.2
145.6
147.2
152
152
144
137.6
132.8
128
126.4
129.6
136
145.6
153.6
160
161.6
166.4
171.2
169.6
169.6
169.6
168
169.6
171.2
177.6
184
188.8
196.8
201.6
203.2
203.2
201.6
200
200
200
203.2
203.2
206.4
209.6
216
219.2
222.4
224
225.6
224
225.6
227.2
225.6
225.6
225.6
227.2
228.8
228.8
228.8
228.8
227.2
227.2
220.8
220.8
214.4
212.8
211.2
204.8
203.2
201.6
196.8
193.6
188.8
185.6
180.8
177.6
177.6
179.2
179.2
180.8
182.4
184
180.8
177.6
180.8
177.6
177.6
180.8
180.8
180.8
185.6
185.6
190.4
192
195.2
195.2
196.8
188.8
187.2
185.6
185.6
184
190.4
196.8
198.4
201.6
203.2
206.4
203.2
201.6
201.6
201.6
196.8
195.2
193.6
192
190.4
193.6
193.6
193.6
193.6
193.6
195.2
193.6
193.6
196.8
196.8
196.8
198.4
201.6
203.2
206.4
212.8
216
219.2
222.4
222.4
225.6
225.6
224
219.2
217.6
212.8
209.6
204.8
198.4
198.4
196.8
198.4
198.4
195.2
193.6
192
193.6
192
190.4
184
180.8
180.8
180.8
182.4
179.2
180.8
182.4
185.6
190.4
185.6
184
180.8
180.8
177.6
174.4
172.8
168
168
168
172.8
174.4
172.8
174.4
176
182.4
182.4
180.8
176
174.4
176
174.4
176
174.4
176
177.6
177.6
177.6
176
176
176
174.4
174.4
172.8
169.6
166.4
168
166.4
171.2
169.6
169.6
171.2
169.6
168
168
172.8
172.8
172.8
169.6
168
166.4
166.4
164.8
164.8
164.8
161.6
160
161.6
160
163.2
163.2
161.6
164.8
168
169.6
166.4
166.4
168
174.4
174.4
174.4
174.4
176
174.4
176
177.6
176
174.4
172.8
169.6
169.6
168
163.2
158.4
156.8
153.6
152
148.8
147.2
147.2
148.8
148.8
150.4
152
152
153.6
158.4
160
163.2
163.2
163.2
164.8
164.8
166.4
164.8
163.2
161.6
163.2
160
160
158.4
158.4
153.6
153.6
155.2
155.2
153.6
156.8
156.8
158.4
161.6
160
161.6
161.6
163.2
164.8
166.4
166.4
169.6
171.2
171.2
171.2
171.2
171.2
169.6
168
168
164.8
166.4
164.8
164.8
166.4
168
166.4
166.4
168
168
166.4
163.2
160
160
158.4
160
160
158.4
156.8
153.6
153.6
147.2
145.6
140.8
140.8
137.6
136
134.4
132.8
131.2
132.8
132.8
132.8
131.2
134.4
137.6
139.2
140.8
144
145.6
145.6
148.8
152
153.6
155.2
156.8
161.6
163.2
164.8
169.6
169.6
171.2
169.6
169.6
166.4
163.2
161.6
161.6
158.4
156.8
156.8
153.6
152
148.8
145.6
144
142.4
140.8
139.2
136
136
134.4
136
137.6
137.6
137.6
134.4
132.8
134.4
136
134.4
136
136
137.6
137.6
139.2
139.2
140.8
142.4
140.8
137.6
139.2
140.8
137.6
139.2
139.2
140.8
144
142.4
142.4
142.4
142.4
140.8
140.8
139.2
137.6
134.4
132.8
129.6
129.6
131.2
129.6
128
128
126.4
126.4
128
123.2
124.8
123.2
123.2
121.6
121.6
121.6
123.2
123.2
123.2
123.2
124.8
124.8
123.2
121.6
121.6
123.2
123.2
123.2
120
120
118.4
118.4
116.8
116.8
116.8
115.2
115.2
113.6
112
113.6
113.6
113.6
113.6
115.2
115.2
115.2
115.2
115.2
116.8
116.8
116.8
116.8
118.4
120
120
123.2
123.2
124.8
126.4
123.2
123.2
123.2
123.2
123.2
123.2
121.6
121.6
121.6
121.6
123.2
121.6
121.6
123.2
121.6
121.6
118.4
118.4
116.8
118.4
118.4
118.4
116.8
118.4
118.4
118.4
118.4
118.4
116.8
115.2
115.2
115.2
115.2
112
112
112
113.6
113.6
116.8
115.2
116.8
116.8
116.8
116.8
115.2
115.2
116.8
115.2
116.8
118.4
118.4
120
118.4
120
121.6
120
120
118.4
116.8
118.4
116.8
116.8
120
120
120
120
120
121.6
121.6
121.6
121.6
121.6
121.6
121.6
120
121.6
120
121.6
120
121.6
123.2
123.2
123.2
123.2
124.8
123.2
123.2
121.6
121.6
123.2
123.2
123.2
124.8
123.2
124.8
124.8
126.4
128
131.2
129.6
129.6
129.6
128
128
129.6
132.8
134.4
137.6
137.6
136
136
136
136
136
136
136
134.4
132.8
131.2
131.2
131.2
131.2
131.2
129.6
128
124.8
123.2
121.6
121.6
120
121.6
120
120
121.6
121.6
121.6
123.2
124.8
124.8
124.8
124.8
123.2
124.8
124.8
124.8
128
128
128
128
129.6
126.4
128
128
128
128
128
128
124.8
124.8
124.8
129.6
129.6
129.6
129.6
129.6
128
128
129.6
129.6
129.6
132.8
131.2
131.2
131.2
131.2
131.2
131.2
134.4
136
134.4
129.6
131.2
129.6
132.8
132.8
134.4
134.4
132.8
134.4
134.4
134.4
136
137.6
137.6
139.2
139.2
140.8
139.2
137.6
139.2
139.2
140.8
144
142.4
144
144
144
145.6
144
144
142.4
142.4
140.8
142.4
140.8
142.4
142.4
144
144
145.6
145.6
145.6
142.4
144
142.4
144
145.6
145.6
145.6
147.2
147.2
147.2
147.2
147.2
148.8
147.2
145.6
147.2
148.8
148.8
152
150.4
153.6
153.6
155.2
153.6
153.6
155.2
158.4
158.4
160
163.2
163.2
164.8
164.8
168
169.6
169.6
168
169.6
168
171.2
169.6
171.2
172.8
174.4
174.4
174.4
172.8
172.8
174.4
172.8
176
176
177.6
176
177.6
177.6
179.2
177.6
177.6
177.6
179.2
177.6
177.6
176
177.6
177.6
179.2
180.8
179.2
179.2
179.2
179.2
179.2
179.2
179.2
179.2
179.2
177.6
174.4
174.4
169.6
169.6
166.4
161.6
160
153.6
147.2
142.4
