#xct_latency_in_nsec
0
0
0
0
0
0
5962966
3828057
2830526
2286000
1872857
1807996
1599522
1548600
1414149
1465483
1187086
1385740
1295315
1421803
1274332
1456553
1311119
1298819
1356081
1347148
1418500
1413334
1425039
1376432
1252069
1244859
1256063
1239490
1240133
1327509
1298683
1418862
1400266
1331913
1145251
1176974
1181989
1325660
1416373
1210410
1184815
1278912
1275840
1247564
1233571
1178179
1221119
1369978
1272959
1336364
1343769
1289539
1202402
1424031
1261312
1316802
1327515
1395087
1533728
1226946
0
0
0
0
0
31566992
58138919
31830325
50215903
98099639
17409249
25536645
21226237
21196710
19881613
7469850
9601387
8270332
16598862
5177388
4025214
1953831
1757958
1373464
1393402
1199207
1195169
1181640
1277530
1223622
1198157
1150327
1076114
1226670
1222899
1242538
1209809
1330923
1233387
1217680
1236896
1211561
1234966
1219337
1276429
1273457
1289995
1247494
1218531
1292597
1263621
1426643
1170771
1230093
1244055
1222144
1301542
1218446
1232726
1272891
1208541
1217979
1263368
1180817
1177956
1290198
1323281
1301360
1182477
1225052
1490915
1245361
1270308
1262990
1272723
1249405
1244171
1320385
1302149
1300716
1251025
1220840
1389075
1197612
1275282
