35 GB
4.72e-05
0.514608
0.878766
1.13053
1.34926
1.52831
1.6969
1.88253
2.00651
2.12371
2.23124
2.33607
2.46359
2.56145
2.66418
2.75915
2.85462
2.96866
3.0658
3.17253
3.27493
2.88413
2.64108
2.49398
2.3738
2.29028
2.25194
2.17072
2.16095
2.1834
2.17422
2.17096
2.1343
2.12563
2.11368
2.14823
2.15893
2.13656
2.15322
2.15222
2.13888
2.10529
2.0858
2.07462
2.06453
2.05901
2.05541
2.04787
2.03574
1.99026
1.98355
1.97265
1.96952
1.95895
1.96825
1.9375
1.9353
1.93833
1.92847
1.92401
1.92947
1.93529
1.93164
1.9269
1.92035
1.93348
1.89673
1.88596
1.88995
1.88059
1.89132
1.89879
1.90318
1.91557
1.90377
1.88936
1.87359
1.87671
1.87136
1.86812
1.86344
1.87207
1.87139
1.88601
1.91357
1.91965
1.93788
1.96625
1.94085
1.95785
1.94568
1.93797
1.93354
1.92985
1.92462
1.95338
1.94007
1.94216
1.95395
1.96929
1.97823
1.95978
1.98398
1.96366
1.95001
1.9267
1.91176
1.90166
1.92574
1.90487
1.92082
1.91646
1.9213
1.92022
1.97558
1.94361
1.95708
1.94309
1.93112
1.91652
1.94198
1.94855
1.90784
1.91113
1.90031
1.90262
1.90973
1.89697
1.88715
1.89395
1.86771
1.85647
1.86584
1.86917
1.8342
1.8342
1.83791
1.86725
1.8654
1.86304
1.81902
1.81562
1.85517
1.85743
1.85864
1.86166
1.85637
1.85795
1.84207
1.84034
1.8609
1.93173
1.91487
1.92149
1.90711
1.92244
1.92006
1.92245
1.92519
1.92005
1.92367
1.92407
1.88062
1.87489
1.89356
1.8923
1.89134
1.89356
1.91338
1.90936
1.90777
1.85402
1.85545
1.84549
1.86285
1.85654
1.86485
1.85679
1.86526
1.8739
1.88288
1.8854
1.90037
1.91231
1.88764
1.8889
1.88509
1.88001
1.88496
1.92361
1.94115
1.93706
1.93786
1.95564
1.93764
1.94165
1.93113
1.90981
1.90055
1.91208
1.90091
1.89854
1.90237
1.90037
1.9175
1.92058
1.91867
1.91662
1.90402
1.87023
1.87512
1.88926
1.88673
1.8653
1.85934
1.84442
1.84119
1.84115
1.84945
1.86058
1.86523
1.88175
1.87368
1.87425
1.8569
1.8506
1.8691
1.86661
1.85822
1.87978
1.87243
1.85547
1.85973
1.86875
1.87223
1.88447
1.88572
1.88573
1.86702
1.84109
1.87954
1.86959
1.87338
1.88417
1.89029
1.89071
1.88176
1.88452
1.88678
1.86634
1.84402
1.8836
1.87893
1.87882
1.8815
1.89495
1.90025
1.90398
1.89971
1.88565
1.84721
1.84088
1.88495
1.86957
1.87827
1.87333
1.8657
1.862
1.85988
1.86235
1.86095
1.86854
1.88724
1.89256
1.898
1.87762
1.87184
1.87611
1.87411
1.87417
1.88189
1.91322
1.86382
1.86891
1.86957
1.88798
1.88017
1.87626
1.88025
1.88078
1.88024
1.84137
1.82375
1.82032
1.81252
1.84589
1.85396
1.84445
1.87574
1.87714
1.87128
1.84411
1.8559
1.9049
1.91241
1.91081
1.94932
1.95324
1.95265
1.95081
1.94742
1.94759
1.94901
1.94813
1.95088
1.94111
1.96273
1.9622
1.95676
1.988
1.99243
1.97432
1.95917
1.94234
1.93246
1.92242
1.90262
1.93506
1.94984
1.95198
1.95327
1.95433
1.95492
1.95671
1.96521
1.95951
1.95617
1.98318
1.98538
1.95925
1.95256
1.97385
1.98206
1.94553
1.94444
1.94244
1.92807
1.92875
1.9247
1.93861
1.94358
1.93101
1.93362
1.9228
1.91442
1.89479
1.87053
1.84272
1.83325
1.84638
1.84535
1.83878
1.84366
1.84742
1.84687
1.87056
1.88346
1.85674
1.87841
1.87184
1.86856
1.8862
1.89366
1.90782
1.90775
1.91516
1.91189
1.93263
1.91296
1.89682
1.9176
1.94217
1.93905
1.94494
1.94537
1.93972
1.93167
1.92474
1.90978
1.92134
1.9328
1.91947
1.91379
1.93057
1.9527
1.97505
1.97601
1.97
1.97792
1.97384
1.95325
1.94899
1.97938
1.97496
2.01593
2.0088
2.02206
2.02115
2.02868
2.02441
2.01975
2.0192
2.01986
1.99696
1.98315
1.97314
1.99621
1.99745
2.01386
2.02391
2.03957
2.03046
1.99362
1.98406
1.94152
1.92162
1.90793
1.91368
1.90398
1.90499
1.89369
1.88404
1.89484
1.89557
1.88823
1.88104
1.86314
1.85056
1.83264
1.82691
1.82931
1.80968
1.80275
1.82055
1.8397
1.84757
1.8407
1.8496
1.83822
1.8301
1.83023
1.85032
1.84815
1.83912
1.83816
1.83423
1.84193
1.84845
1.91304
1.92078
1.90827
1.92293
1.93508
1.93238
1.91099
1.91306
1.9154
1.90787
1.90806
1.94258
1.94676
1.97349
1.96421
1.98438
1.99313
1.99947
1.99216
2.00793
1.9479
1.95989
1.95407
1.94099
1.96141
1.95417
1.97714
1.9776
1.99495
1.98828
1.99513
1.95684
1.98355
1.94789
1.94546
1.93894
1.94617
1.93922
1.95657
1.9493
1.9439
1.92428
1.97052
1.97621
1.95555
1.94806
1.94315
1.93434
1.94518
1.95499
1.94461
1.92839
1.9061
1.90757
1.91474
1.89511
1.87335
1.88399
1.87266
1.85002
1.88008
1.87337
1.83765
1.82647
1.82204
1.8197
1.79251
1.7873
1.75554
1.74513
1.74635
1.76323
1.78285
1.78214
1.78081
1.78586
1.78059
1.76299
1.74044
1.76267
1.73551
1.73999
1.74092
1.74265
1.74445
1.74563
1.75082
1.76377
1.76942
1.76606
1.75961
1.74188
1.71734
1.73459
1.72261
1.74274
1.77106
1.78619
1.82339
1.81968
1.81319
1.82438
1.83955
1.85182
1.86314
1.86984
1.90063
1.90128
1.89363
1.89232
1.89567
1.91572
1.95179
1.93592
1.92876
1.90783
1.88908
1.87619
1.85218
1.86231
1.87236
1.85557
1.819
1.83037
1.81267
1.82382
1.79366
1.78563
1.78994
1.79234
1.81403
1.794
1.75969
1.7754
1.77266
1.78679
1.78076
1.77175
1.73753
2.07961
2.50331
2.5798
3.60226
4.15287
5.0228
6.56998
8.17712
8.73188
9.7132
10.0518
10.1388
10.4425
10.9436
15.0166
16.5975
17.3089
17.5463
18.4812
18.7526
19.0802
20.0341
20.6659
20.7662
21.075
20.4377
18.9994
18.1862
18.4441
18.2617
19.3605
19.3498
19.5601
19.803
16.4614
16.1361
16.42
16.555
20.9646
21.3251
20.7787
19.9411
20.1662
19.4212
20.118
20.8433
22.2148
22.2338
21.6382
21.2482
20.9067
21.3134
22.0984
21.8083
21.4358
20.5653
19.8471
19.7443
19.8049
19.6235
20.0154
19.5445
18.5619
18.6233
18.2388
17.4203
16.8163
16.1048
16.5383
16.9316
16.5266
16.2906
15.2684
15.26
15.5366
15.7175
16.1834
16.9741
11.7002
11.6341
12.4166
12.6412
13.2364
13.4539
12.5668
12.382
16.0898
20.1185
19.454
18.7899
18.1411
17.9842
17.6565
17.6857
17.2935
18.0094
17.647
16.8695
17.2313
16.8452
15.6089
15.3993
15.9661
16.0591
16.0527
16.9815
12.6602
8.70378
8.87054
9.14053
10.333
10.6005
10.7807
10.4645
11.113
10.0413
9.86717
9.95206
9.51183
9.99486
10.0604
10.4301
9.47183
8.75781
8.49449
7.73761
7.61745
7.67249
7.73595
7.46645
6.71346
6.9696
7.48536
7.7554
7.67914
8.20702
9.04944
8.98142
9.00218
8.87959
8.83994
9.97921
10.3327
10.6762
10.7229
10.7896
10.7942
10.7091
11.2363
11.808
11.4348
10.9791
10.7504
10.7221
10.7737
10.1143
9.11736
9.06986
10.2412
10.3783
10.6748
9.74487
10.2778
10.0281
10.1752
10.0867
9.9778
9.95733
10.3068
9.71771
9.60053
9.76666
9.56628
9.52456
8.60136
9.75078
9.75971
9.63951
9.28094
8.96956
8.70203
8.3653
7.31189
8.36296
8.87348
9.07687
9.16913
9.07787
8.10155
8.01458
8.08737
8.1084
8.14665
7.74601
8.09178
7.04579
7.29866
7.23365
6.35261
6.15249
6.3938
6.43988
6.64128
5.53564
5.02914
4.69147
4.87313
5.83064
5.76766
6.02763
5.96775
5.60069
5.34325
5.37348
5.06862
4.95847
4.71474
4.72629
4.81239
4.94951
4.91294
4.52691
4.35977
4.33705
4.15126
4.23438
4.09499
3.17747
3.17445
2.86985
3.01225
3.28773
3.40471
3.39967
3.50677
3.49455
3.42965
3.38415
3.34019
3.38361
3.23041
3.32805
3.42878
3.53726
4.03747
4.12584
3.97545
4.16584
4.34236
4.58306
4.43435
4.16358
4.55937
4.53206
4.5548
4.68413
5.04133
4.95776
4.92588
5.12697
4.98171
5.13307
5.70315
5.66522
5.11592
5.00857
5.23448
5.01751
4.83207
4.6093
4.65536
4.65491
4.16287
4.39428
4.46771
4.51219
4.19164
4.29476
4.45255
4.21362
4.34109
4.22352
3.63692
3.55929
3.71629
3.81534
3.55445
3.61474
3.54714
3.81059
4.24503
4.22858
4.29686
4.17335
3.96242
3.77175
3.77151
3.73726
3.73659
3.67208
3.48978
3.76039
3.82027
3.79449
3.65161
3.54205
3.55139
3.47576
3.55461
3.33808
2.8927
2.92724
2.84097
2.84795
2.83584
2.79402
2.99566
3.13299
3.01092
2.99659
3.02354
2.6453
2.55152
2.56593
2.70763
2.74005
2.74341
2.74373
2.65179
2.96048
3.03927
3.30202
3.42989
3.36163
3.54703
3.60934
3.40704
3.31606
3.27751
3.26043
3.25288
3.28059
3.23139
3.27553
3.16837
3.18419
3.17924
3.12683
3.21111
2.92638
2.83808
2.60442
2.50628
2.49742
2.32393
2.32964
2.2812
2.25353
2.23371
2.39496
2.39962
2.38432
2.46173
2.39331
2.32312
2.21872
2.16139
8.32042
9.32427
9.60521
9.8573
10.395
10.5491
10.5528
10.5764
10.527
10.5363
10.5435
10.5617
10.4064
10.3978
10.365
10.2735
10.2677
10.3077
10.3539
10.3977
4.27194
3.27181
2.90784
2.63259
2.06473
1.9244
1.92977
1.96621
1.96688
1.96715
1.92603
1.92066
1.90529
1.91142
1.93784
1.93245
2.01966
2.03238
2.02212
2.02882
2.1577
2.12671
2.1571
2.1642
2.13933
2.1019
2.09978
2.05105
2.0533
2.04586
2.05228
2.06437
2.0718
2.05768
2.03625
2.03976
1.96601
1.93878
1.93638
1.94541
1.83323
1.82113
1.79496
1.80606
1.83526
1.90134
1.92374
1.90999
1.89707
1.89283
1.89808
1.8977
1.90171
1.90721
1.90175
1.925
1.94076
1.95867
1.97277
1.95721
1.93154
1.95402
1.97562
2.01304
1.9923
1.92898
1.89795
1.91596
1.92612
1.93872
1.92853
1.93258
1.93102
1.92418
2.83829
2.89579
2.88966
2.87557
2.86797
2.94739
2.95093
2.95857
2.96221
2.91762
2.94814
2.95327
2.96163
2.95988
2.94933
2.95539
2.95004
2.93333
2.95314
2.96062
2.04816
1.97224
1.94048
1.94527
1.93906
1.85678
1.84901
1.83019
1.80701
1.80438
1.7678
1.75697
1.75211
1.74303
1.74095
1.71822
1.74225
1.74672
1.73607
1.74137
1.7499
1.74454
1.76364
1.74638
1.74547
1.74293
1.738
1.7282
2.02262
2.04635
2.07888
2.11581
2.10672
2.11386
2.12714
2.16562
2.15208
2.15916
2.18087
2.17416
2.17131
2.18695
2.19587
2.22795
2.23655
2.24974
2.25618
2.25117
1.94807
1.91993
1.89165
1.86594
1.88401
1.8786
1.852
1.84894
1.84187
1.84515
1.82162
1.853
1.86181
1.87974
1.87833
1.86369
1.85408
1.85489
1.85533
1.85972
1.86718
1.86383
1.86858
1.8639
1.84665
1.84933
1.87022
1.84156
1.84491
1.83899
1.82284
1.78146
1.77098
1.74286
1.73245
1.72537
1.73517
1.72854
1.72422
1.72503
1.74274
1.74685
1.73706
1.74314
1.74524
1.73311
1.74382
1.74616
1.75385
1.75704
1.76441
1.76919
1.76891
1.76743
1.76474
1.76047
1.75703
1.7572
1.79022
1.78814
1.7774
1.77541
1.77769
1.76737
1.77789
1.80973
1.79922
1.78482
1.77005
1.758
1.75217
1.74523
1.73742
1.74047
1.73896
1.74303
1.73676
1.73873
1.7185
1.71598
1.70264
1.69769
1.68769
1.69256
1.68319
1.65836
1.65197
1.65378
1.65007
1.65594
1.66127
1.66271
1.65849
1.64942
1.65756
1.65434
1.65783
1.65232
1.6409
1.63532
1.63351
1.63443
1.63786
1.64383
1.64865
1.65438
1.66664
1.67692
1.68832
1.69297
1.70056
1.69985
2.03835
2.04463
2.04004
2.04173
2.04555
2.05003
2.051
2.06326
2.07144
2.0845
2.11068
2.09777
2.10565
2.09322
2.07891
2.08708
2.07721
2.07477
2.06689
2.06596
1.72883
1.74469
1.74067
1.73343
1.72559
1.71738
1.72137
1.71281
1.70841
1.69546
1.66833
1.66695
1.64951
1.64532
1.64656
1.64972
1.64927
1.65014
1.64632
1.64566
1.64677
1.63036
1.6295
1.63587
1.63891
1.64607
1.63611
1.63617
1.63736
1.64595
1.64624
1.64086
1.64648
1.6531
1.65439
1.63566
1.6343
1.62939
1.63399
1.64916
1.65519
1.64993
1.64859
1.64182
1.63986
1.63931
1.64624
1.64893
1.65454
1.65135
1.65392
1.7158
1.72874
1.73941
1.73381
1.7311
1.73981
1.74399
1.74247
1.73344
1.73112
1.72998
1.73267
1.74488
1.74555
1.74306
1.73411
1.76213
1.76485
1.76114
1.7659
1.71291
1.70221
1.69762
1.70222
1.71033
1.70895
1.69746
1.69912
1.69634
1.69717
1.72231
1.72397
1.7143
1.71194
1.7155
1.72299
1.70624
1.69914
1.70006
1.69215
1.68899
1.68696
1.67688
1.68202
1.68856
1.68926
1.73127
1.72925
1.72544
1.72148
1.69438
1.69289
1.69333
1.69418
1.68457
1.67748
1.66228
1.65543
1.65188
1.65397
1.66289
1.66986
1.67738
1.66977
1.65683
1.6548
1.61481
1.6102
1.61523
1.64631
1.65502
1.66067
1.6648
1.68487
1.7404
1.74939
1.80264
1.82565
1.86567
1.87283
1.86148
1.86073
1.87388
1.88112
1.97289
1.98152
1.9864
1.99834
2.00484
1.97172
1.96364
1.95918
1.95769
1.94487
1.88991
1.88629
1.82556
1.80389
1.76428
1.75963
1.76133
1.75962
1.74198
1.73822
1.64489
1.64285
1.64086
1.65736
1.6564
1.66709
1.66452
1.67995
1.68481
1.67984
1.68867
1.6955
1.71714
1.72467
1.73064
1.73673
1.74987
1.75584
1.75289
1.75668
1.76305
1.76092
1.76498
1.74305
1.73437
1.7246
1.78819
1.77124
1.76939
1.76404
1.75522
1.75603
1.74111
1.7363
1.74427
1.7396
1.72979
1.72022
1.76903
1.77571
1.78191
1.77748
1.76853
1.76934
1.77399
1.78162
1.71889
1.7253
1.72834
1.73559
1.74337
1.74355
1.7509
1.77531
1.76796
1.7747
1.77604
1.7818
1.73627
1.73646
1.74014
1.74863
1.75581
1.75574
1.75946
1.76294
1.76756
1.76269
1.75653
1.75014
1.74927
1.748
1.7407
1.71419
1.71168
1.70399
1.70732
1.70408
1.70279
1.68835
1.67771
1.67515
1.67121
1.67257
1.66356
1.65936
1.65317
1.68438
1.68706
1.68637
1.68155
1.67638
1.68392
1.68696
1.69727
1.70196
1.69702
1.69255
1.70178
1.70259
1.71086
1.7083
1.70895
1.72742
1.73454
1.73383
1.7311
1.69718
1.68895
1.69401
1.69558
1.70861
1.70427
1.70898
1.70762
1.70066
1.70957
1.71031
1.69814
1.70045
1.692
1.6927
1.69525
1.67738
1.67211
1.66619
1.67428
1.67354
1.6767
1.67614
1.67543
1.66238
1.66296
1.65115
1.66133
1.65934
1.65566
1.65955
1.65814
1.65976
1.65833
1.65826
1.6546
1.64851
1.64939
1.65429
1.66077
1.66483
1.66879
1.67077
1.66956
1.66734
1.66516
1.68276
1.66148
1.6654
1.66128
1.66571
1.67006
1.67314
1.67563
1.67275
1.67219
1.67456
1.6828
1.68886
1.68378
1.68748
1.68607
1.69204
1.69419
1.69978
1.70596
1.69905
1.69905
1.70665
1.71157
1.70694
1.71643
1.71588
1.72685
1.73316
1.73867
1.74428
1.76605
1.77023
1.77046
1.77056
1.79699
1.79029
1.81539
1.82806
1.82205
1.82449
1.81999
1.80457
1.81291
1.82114
1.83063
1.8319
1.82544
1.83575
1.82886
1.82393
1.79079
1.80956
1.82148
1.81942
1.7957
1.78639
1.76409
1.74758
1.73949
1.72592
1.72718
1.73795
1.72992
1.73558
1.71268
1.70983
1.70149
1.6861
1.68743
1.68331
1.6889
1.65557
1.67035
1.66775
1.66261
1.6759
1.67653
1.68549
1.69837
1.71375
1.71083
1.70539
1.69427
1.67524
1.67806
1.67796
1.68629
1.68714
1.68863
1.69776
1.70515
1.71687
1.68986
1.6923
1.69885
1.69611
1.6932
1.6922
1.69427
1.69322
1.70058
1.72034
1.73166
1.73588
1.74076
1.74734
1.74728
1.74959
1.75102
1.75475
1.76347
1.75438
1.77141
1.77801
1.77575
1.7885
1.7916
1.81504
1.83113
1.84799
1.8529
1.84676
1.85983
1.87295
1.89065
1.90153
1.90019
1.89545
1.89533
1.88281
1.86739
1.88639
1.87836
1.88076
1.90417
1.90376
1.91874
1.89589
1.88042
1.86248
1.86104
1.85427
1.85221
1.8703
1.85437
1.85558
1.86025
1.88523
1.88952
1.89946
1.89348
1.87946
1.88618
1.91551
1.88663
1.86791
1.86144
1.86394
1.8749
1.87078
1.86913
1.86777
1.87506
1.86708
1.86048
1.85642
1.86687
1.85198
1.85469
1.85969
1.88518
1.87442
1.85341
1.83729
1.83656
1.86252
1.88719
1.88007
1.86636
1.88502
1.88388
1.88001
1.87421
1.88467
1.88724
1.86343
1.84398
1.82512
1.81724
1.8127
1.82216
1.82434
1.83856
1.80986
1.80924
1.78904
1.75406
1.77442
1.77205
1.75296
1.76561
1.7759
1.76408
1.73145
1.73487
1.75861
1.77468
1.77921
1.7936
1.80769
1.77892
1.79411
1.78434
1.79104
1.79059
1.80727
1.80837
1.78742
1.81
1.82458
1.82861
1.83239
1.82756
1.82668
1.83055
1.80851
1.81356
1.85046
1.8381
1.83519
1.84366
1.84563
1.85483
1.85775
1.8782
1.85435
1.84705
1.86737
1.84346
1.82295
1.80418
1.8003
1.79919
1.79261
1.78426
1.78821
1.76962
1.75923
1.76535
1.75053
1.74392
1.73453
1.72257
1.7297
1.7144
1.71757
1.73849
1.71135
1.72264
1.74373
1.74142
1.72986
1.7387
1.75374
1.77414
1.77602
1.7735
1.75628
1.74383
1.75635
1.74794
1.76128
1.7816
1.76432
1.76072
1.77388
1.75809
1.75875
1.74015
1.7148
1.73565
1.73174
1.73411
1.71816
1.69486
1.71729
1.71784
1.71036
1.71821
1.70343
1.70846
1.69217
1.68214
1.70221
1.70384
1.7062
1.73413
1.73696
1.75205
1.7636
1.75874
1.77437
1.76934
1.79502
1.80624
1.79095
1.80711
1.81373
1.83004
1.84738
1.85315
1.87505
1.89701
1.87736
1.88329
1.86857
1.85325
1.85615
1.84335
1.83334
1.85165
1.84561
1.8483
1.82256
1.81816
1.80695
1.81287
1.81322
1.79867
1.78764
1.78008
1.74964
1.72502
1.73017
1.72913
1.73101
1.71502
1.73714
1.7457
1.75349
1.73253
1.72437
1.71454
1.71852
1.7162
1.72486
1.70008
1.696
1.70072
1.70335
1.70525
1.71456
1.7104
1.70712
1.74329
1.7442
1.75883
1.738
1.73721
1.74406
1.76157
1.77435
1.78057
1.79569
1.81629
1.81971
1.82328
1.81988
1.81953
1.81553
1.81983
1.81846
1.82528
1.83139
1.80507
1.807
1.80713
1.80821
1.81163
1.8077
1.77871
1.78027
1.77683
1.76567
1.75011
1.73987
1.74031
1.73904
1.72591
1.72512
1.72474
1.73099
1.72197
1.71264
1.69704
1.6945
1.6907
1.69606
1.68347
1.67066
1.67529
1.67066
1.67051
1.66352
1.65518
1.65054
1.64797
1.64971
1.66618
1.66546
1.67726
1.66752
1.66729
1.69249
1.69842
1.7
1.69326
1.6848
1.72682
1.73249
1.74008
1.74917
1.766
1.77997
1.79484
1.8101
1.80676
1.82341
1.82508
1.82912
1.80727
1.8051
1.80253
1.80405
1.81269
1.80539
1.81478
1.84138
1.81985
1.82425
1.82377
1.82351
1.81395
1.82436
1.83138
1.84379
1.84949
1.83814
1.82841
1.8267
1.89082
1.90141
1.91271
1.8937
1.88908
1.89825
1.89388
1.87062
1.8587
1.85254
1.83893
1.82361
1.81175
1.79354
1.78111
1.76675
1.77431
1.7749
1.77973
1.78203
1.72234
1.71693
1.72172
1.73418
1.7256
1.73734
1.73754
1.74734
1.74922
1.77786
1.78763
1.81595
1.82476
1.84291
1.84205
1.85615
1.85067
1.84335
1.84267
1.85102
1.85042
1.87718
1.93886
1.93031
1.95473
1.9413
1.94706
1.94157
1.96566
1.94539
1.94897
1.94077
1.95276
1.939
1.94253
1.9261
1.94094
1.96479
1.96797
1.95607
1.97065
1.94288
1.88583
1.87906
1.85712
1.86071
1.86574
1.8644
1.83426
1.8503
1.86963
1.8547
1.84266
1.84037
1.85881
1.86357
1.84069
1.82605
1.83947
1.83725
1.82611
1.8367
1.8251
1.82588
1.82635
1.82615
1.81266
1.81246
1.81972
1.80326
1.7813
1.80972
1.82057
1.82944
1.81576
1.81081
1.81652
1.8159
1.79916
1.81541
1.83616
1.82986
1.8302
1.83546
1.83456
1.83165
1.83445
1.84417
1.84579
1.84313
1.85522
1.82729
1.81261
1.80727
1.81768
1.815
1.81606
1.81435
1.80935
1.79981
1.7891
1.80106
1.81049
1.79993
1.79426
1.81365
1.80964
1.78963
1.79476
1.79919
1.78554
1.77977
1.77162
1.78459
1.76633
1.77281
1.79614
1.82017
1.82098
1.81708
1.82378
1.81413
1.79826
1.80552
1.81339
1.81914
1.8391
1.84652
1.83566
1.85397
1.86639
1.87223
1.89896
1.88527
1.8836
1.88264
1.86926
1.84315
1.85934
1.85712
1.84396
1.84748
1.8536
1.85485
1.85649
1.83363
1.81941
1.81674
1.84331
1.84167
