13.29 1.25 3.82
0.00 0.00 0.00
76.04 0.00 0.00
0.00 0.00 0.00
0.00 24.00 0.00
0.00 0.00 0.00
98.08 0.00 0.00
187.59 0.00 0.43
194.09 0.00 0.00
195.34 0.00 0.00
199.65 24.00 11.27
203.70 24.00 23.91
201.45 24.00 23.95
204.20 24.00 31.92
204.94 24.00 23.94
202.70 24.00 23.92
204.20 24.00 23.90
204.20 24.00 23.84
202.70 24.00 30.00
205.20 24.00 25.60
205.95 24.00 23.95
205.70 24.00 23.91
205.70 24.00 23.84
202.70 31.00 29.63
205.20 40.00 26.05
206.70 25.00 23.96
206.70 24.00 23.90
207.20 24.00 23.82
203.20 24.00 31.91
204.20 24.00 23.80
203.70 24.00 23.88
203.70 24.00 23.80
204.20 24.00 24.01
200.19 24.00 23.74
203.20 24.00 31.92
203.20 24.00 24.01
203.20 24.00 23.99
204.20 24.00 23.95
206.20 24.00 23.95
200.69 29.50 28.46
203.70 37.00 27.46
203.69 29.50 23.86
204.20 24.00 23.85
204.70 24.00 23.97
204.20 24.00 23.76
201.69 24.00 31.78
204.20 24.00 23.87
204.70 24.00 23.78
203.70 24.00 23.66
203.70 24.00 23.55
199.19 24.00 23.96
202.20 24.00 31.98
203.70 24.00 23.92
202.19 24.00 23.94
202.70 24.00 23.98
203.69 24.00 24.00
202.70 24.00 23.88
201.20 34.50 31.95
203.20 37.50 23.98
203.20 24.00 23.91
201.69 24.00 23.70
203.70 24.00 23.91
204.20 24.00 23.79
201.20 24.00 31.25
204.20 24.00 23.77
202.20 24.00 23.50
204.20 24.00 23.65
203.69 24.00 23.92
203.20 24.00 24.04
204.20 24.00 31.33
204.70 24.00 23.95
204.20 24.00 23.88
204.20 24.00 23.66
203.70 24.00 23.84
202.70 33.00 31.84
203.20 37.50 23.62
203.20 25.50 23.80
204.20 24.00 23.91
204.20 24.00 24.02
202.20 24.00 23.95
200.19 24.00 31.95
202.69 24.00 23.95
202.20 24.00 23.96
204.19 24.00 23.96
202.20 24.00 23.98
202.70 24.00 24.00
201.19 24.00 29.43
203.70 24.00 26.40
204.20 24.00 23.95
203.70 24.00 23.94
206.20 24.00 23.95
203.20 26.00 25.04
204.20 38.00 30.49
203.70 32.00 23.94
206.20 24.00 23.54
204.70 24.00 23.84
204.20 24.00 23.82
202.20 24.00 31.60
204.20 24.00 23.69
206.70 24.00 23.79
205.20 24.00 23.92
204.70 24.00 23.87
202.70 24.00 31.41
204.20 24.00 23.59
204.20 24.00 23.80
204.20 24.00 23.81
204.70 24.00 23.82
202.70 28.00 26.86
204.70 38.50 28.91
203.20 29.50 24.01
204.20 24.00 23.91
204.20 24.00 23.93
202.19 24.00 23.97
201.69 24.00 30.40
204.70 24.00 25.33
204.70 24.00 23.39
204.70 24.00 23.91
202.70 24.00 23.91
202.70 24.00 23.86
204.20 24.00 31.96
204.20 24.00 23.95
205.20 24.00 23.73
204.20 24.00 24.02
204.20 24.00 23.66
202.20 32.50 31.61
204.20 39.50 23.87
204.70 24.00 23.98
204.70 24.00 23.94
204.70 24.00 23.87
202.94 24.00 27.67
203.95 24.00 27.93
204.20 24.00 24.03
204.69 24.00 23.54
204.70 24.00 23.80
203.20 24.00 23.91
204.20 24.00 31.80
204.20 24.00 23.72
204.69 24.00 23.46
204.20 24.00 23.81
204.70 24.00 23.89
202.20 32.00 30.29
200.69 36.63 25.01
204.70 27.00 23.83
205.20 24.00 23.99
204.20 24.00 23.57
203.20 24.00 24.42
204.20 24.00 31.21
205.20 24.00 23.71
204.20 24.00 23.68
205.20 24.00 22.95
204.20 24.00 23.94
202.20 24.00 31.70
204.20 24.00 23.64
204.20 24.00 23.81
205.20 24.00 23.24
206.20 24.00 23.95
204.69 34.50 31.88
206.20 37.50 23.95
205.20 24.00 24.00
205.20 24.00 23.98
205.20 24.00 23.88
204.70 24.00 31.74
204.69 24.00 23.76
205.20 24.00 23.63
205.20 24.00 23.40
205.20 24.00 23.71
203.70 24.00 31.66
205.20 24.00 23.49
206.20 24.00 23.86
205.20 24.00 23.78
205.45 24.00 23.70
203.19 35.50 31.91
205.45 36.50 24.02
205.70 24.00 23.91
205.70 24.00 23.64
205.70 24.00 23.93
202.20 24.00 31.64
206.20 24.00 23.87
206.20 24.00 23.84
207.20 24.00 23.79
206.20 24.00 26.27
208.70 24.00 29.75
208.70 24.00 23.97
208.70 24.00 23.68
205.70 26.00 25.00
207.20 42.50 30.61
208.20 27.50 23.90
207.70 24.00 23.91
207.70 24.00 23.83
202.69 24.00 31.77
204.95 24.00 23.90
204.95 24.00 24.01
205.20 24.00 23.97
205.20 24.00 24.00
201.69 24.00 31.84
203.70 24.00 23.65
206.20 24.00 24.00
205.20 24.00 23.96
206.20 24.00 23.98
205.20 34.00 31.91
206.70 38.00 23.85
207.20 24.00 23.40
207.70 24.00 23.94
205.20 24.00 25.93
205.45 24.00 29.65
202.69 24.00 23.80
201.45 24.00 24.01
207.20 24.00 23.75
205.20 24.00 23.96
206.70 24.00 31.98
208.20 24.00 23.82
206.70 24.00 23.76
206.20 24.00 23.92
206.20 34.50 31.68
208.20 37.50 23.95
204.95 24.00 23.81
203.45 24.00 23.83
202.44 24.00 23.95
199.44 24.00 24.39
202.70 24.00 31.46
205.20 24.00 23.91
204.95 24.00 23.92
205.45 24.00 23.98
204.20 24.00 23.87
203.20 24.00 31.88
205.20 24.00 23.91
205.20 24.00 23.98
205.95 24.00 23.75
205.45 24.00 23.96
201.20 34.00 31.81
201.19 35.50 23.84
203.20 26.50 23.88
202.20 24.00 23.87
202.70 24.00 23.63
202.44 24.00 23.86
200.45 24.00 26.84
201.94 24.00 28.89
202.45 24.00 23.84
202.20 24.00 23.99
201.19 24.00 23.89
201.69 24.00 23.93
200.44 24.00 23.91
199.70 24.00 27.17
202.19 24.00 28.68
201.95 24.00 23.74
202.69 24.00 23.91
203.45 24.00 23.92
200.95 24.00 23.96
201.70 24.00 23.77
203.95 37.50 31.90
203.45 34.50 23.88
203.44 24.00 23.84
204.95 24.00 23.86
203.94 24.00 23.95
202.20 24.00 25.71
203.70 24.00 28.50
204.70 24.00 23.86
202.45 24.00 23.98
199.69 24.00 23.94
200.19 24.00 23.82
202.45 24.00 23.73
205.70 24.00 31.87
204.20 24.00 23.82
204.20 24.00 23.79
205.20 24.00 23.97
203.95 24.00 23.86
202.20 34.00 31.93
202.95 37.50 23.88
204.70 24.50 24.00
204.45 24.00 23.64
204.20 24.00 23.99
203.20 24.00 26.46
203.70 24.00 29.29
205.20 24.00 23.93
204.20 24.00 23.18
203.94 24.00 23.92
204.45 24.00 23.98
205.20 24.00 31.38
205.20 24.00 23.57
204.20 24.00 23.41
204.20 24.00 23.86
203.95 24.00 23.92
202.45 32.50 31.43
203.20 37.50 24.37
204.20 26.00 23.98
203.94 24.00 23.84
203.45 24.00 23.97
202.70 24.00 23.70
205.70 24.00 31.39
204.94 24.00 23.82
204.45 24.00 23.66
203.20 24.00 23.85
204.70 24.00 23.81
202.70 24.00 31.55
204.20 24.00 23.78
204.20 24.00 22.86
206.20 24.00 23.96
206.70 24.00 23.96
203.70 34.50 31.99
205.20 37.50 23.95
205.20 24.00 23.96
201.69 24.00 23.96
200.70 24.00 23.91
200.19 24.00 23.76
196.19 24.00 23.29
199.69 24.00 31.85
199.69 24.00 23.91
200.19 24.00 23.93
199.69 24.00 23.86
197.69 24.00 23.73
197.19 24.00 23.90
205.20 24.00 23.94
206.20 24.00 28.50
208.20 24.00 27.37
209.20 24.00 23.91
208.20 24.00 23.73
206.70 29.00 26.93
207.70 42.00 28.82
207.70 25.00 23.97
203.70 24.00 23.92
203.20 24.00 23.93
202.70 24.00 27.53
204.20 24.00 28.25
202.42 23.76 23.50
203.45 24.00 23.59
204.69 24.00 23.54
203.70 24.00 23.59
202.70 24.00 31.91
203.70 24.00 23.72
202.70 24.00 23.81
202.19 24.00 23.75
205.20 24.00 23.95
204.20 27.50 26.05
205.70 41.00 29.50
204.86 27.50 23.73
206.04 24.00 23.95
204.70 24.00 23.89
201.69 24.00 23.45
204.70 24.00 31.82
204.20 24.00 23.93
203.20 24.00 23.09
205.70 24.00 23.53
205.70 24.00 23.85
203.70 24.00 31.80
203.19 24.00 23.92
203.20 24.00 23.99
204.70 24.00 23.78
203.20 24.00 23.98
202.19 26.50 24.89
202.69 37.50 30.89
204.20 32.00 23.80
203.70 24.00 23.89
203.20 24.00 23.48
203.70 24.00 23.89
200.70 24.00 26.46
202.20 24.00 29.30
203.70 24.00 23.99
203.70 24.00 23.88
202.69 24.00 23.93
203.20 24.00 23.97
201.70 24.00 26.48
202.69 24.00 28.86
205.20 24.00 23.98
203.70 24.00 23.88
204.70 24.00 23.80
204.70 24.00 23.89
202.20 35.00 31.66
203.70 37.00 23.87
204.20 24.00 23.70
203.20 24.00 23.98
204.70 24.00 23.46
202.20 24.00 25.20
203.20 24.00 30.46
205.20 24.00 23.91
205.69 24.00 23.98
204.20 24.00 23.95
203.70 24.00 23.92
202.69 24.00 31.83
204.70 24.00 23.92
204.69 24.00 23.95
204.70 24.00 23.87
205.20 24.00 23.98
203.20 32.50 30.69
204.20 39.00 25.23
205.20 24.50 23.95
204.70 24.00 23.91
204.20 24.00 23.91
201.70 24.00 25.50
204.20 24.00 30.15
203.69 24.00 24.00
204.70 24.00 23.95
204.20 24.00 23.94
205.20 24.00 23.37
202.20 24.00 31.60
204.20 24.00 23.75
203.70 24.00 23.89
202.70 24.00 23.87
205.20 24.00 23.98
203.70 29.00 26.86
204.20 38.50 28.91
202.70 28.50 23.86
204.69 24.00 23.97
204.70 24.00 23.82
204.20 24.00 23.99
203.20 24.00 31.62
205.20 24.00 23.99
204.20 24.00 23.97
204.69 24.00 23.92
205.20 24.00 23.97
203.20 24.00 31.73
205.20 24.00 23.95
204.70 24.00 23.13
203.70 24.00 23.95
203.70 24.00 23.95
202.70 27.50 25.42
202.70 36.50 30.49
203.20 32.00 23.99
204.70 24.00 23.52
204.70 24.00 23.84
204.69 24.00 23.79
201.19 24.00 30.52
204.20 24.00 25.04
205.70 24.00 23.88
204.20 24.00 23.91
204.70 24.00 23.90
201.95 24.00 25.71
204.95 24.00 29.48
205.20 24.00 23.78
203.20 24.00 23.95
205.20 24.00 23.98
202.88 24.00 23.94
200.02 32.00 30.99
202.70 37.50 24.80
204.20 26.50 23.88
205.20 24.00 23.67
203.69 24.00 23.97
202.70 24.00 23.25
204.20 24.00 31.93
203.20 24.00 23.84
204.70 24.00 23.91
203.70 24.00 23.88
204.20 24.00 23.98
203.20 24.00 29.68
204.70 24.00 25.94
205.20 24.00 23.95
203.70 24.00 23.91
205.70 24.00 23.95
200.44 25.50 23.95
203.45 37.50 31.98
204.20 33.00 23.80
204.20 24.00 23.84
203.70 24.00 23.88
204.19 24.00 23.91
202.70 24.00 29.54
204.20 24.00 25.07
204.20 24.00 23.88
204.70 24.00 23.98
203.70 24.00 23.84
204.69 24.00 24.53
204.20 24.00 29.68
203.70 24.00 24.00
204.20 24.00 23.96
204.20 24.00 23.94
203.70 24.00 23.91
201.70 33.00 30.86
204.20 38.50 24.93
204.20 24.50 23.87
203.69 24.00 24.05
204.70 24.00 23.47
205.20 24.00 27.47
205.20 24.00 28.52
204.20 24.00 23.26
205.70 24.00 23.57
204.20 24.00 23.63
200.70 24.00 23.98
198.69 24.00 30.23
201.19 24.00 25.43
199.19 24.00 23.88
198.19 24.00 23.90
194.69 24.00 23.99
194.19 24.00 23.98
194.19 24.00 23.91
196.19 24.00 24.00
196.19 24.00 24.01
204.20 24.00 24.01
204.20 26.78 26.40
207.69 0.00 8.01
198.30 0.00 24.02
198.38 0.00 16.02
199.28 0.00 24.02
190.56 0.00 16.02
191.90 0.00 24.02
184.78 0.00 16.02
190.85 0.00 24.02
192.29 0.00 16.02
196.25 0.00 24.02
194.23 0.00 24.02
199.10 0.00 16.02
194.26 0.00 24.05
196.09 0.00 16.02
194.71 0.00 24.02
194.44 0.00 24.02
198.46 0.00 16.02
193.79 0.00 24.02
191.59 0.00 24.02
197.42 0.00 16.02
194.08 0.00 24.02
191.48 0.00 24.02
191.44 0.00 18.52
196.19 0.00 21.52
192.39 0.00 24.02
191.75 0.00 24.02
190.18 0.00 24.02
190.74 0.00 16.02
193.67 0.00 24.02
187.45 0.00 23.79
191.21 0.00 24.02
193.09 0.00 24.02
193.99 0.00 18.02
193.84 0.00 22.02
195.16 0.00 24.02
192.30 0.00 24.02
192.65 0.00 24.02
191.31 0.00 24.02
192.12 0.00 24.02
192.50 0.00 24.02
191.70 0.00 24.02
191.48 0.00 24.02
192.33 0.00 24.02
192.03 0.00 24.02
191.18 0.00 24.02
192.99 0.00 24.02
192.02 0.00 24.02
191.98 0.00 23.05
191.55 0.00 22.27
192.17 0.00 23.27
191.36 0.00 24.02
190.01 0.00 22.27
191.47 0.00 26.77
190.68 0.00 25.77
191.48 0.00 24.78
191.09 0.00 24.02
192.21 0.00 24.02
192.09 0.00 24.02
191.72 0.00 24.02
190.70 0.00 24.02
189.46 0.00 24.02
191.37 0.00 24.03
116.69 0.00 23.69
0.00 0.00 0.00
0.00 0.00 0.00
