0
1.6
4.8
6.4
9.6
11.2
14.4
17.6
20.8
24
27.2
28.8
32
35.2
38.4
41.6
44.8
48
51.2
54.4
57.6
59.2
57.6
59.2
60.8
62.4
62.4
62.4
62.4
62.4
62.4
64
64
64
64
64
64
64
64
64
62.4
62.4
64
64
62.4
62.4
62.4
62.4
62.4
62.4
62.4
62.4
62.4
62.4
60.8
60.8
60.8
60.8
62.4
62.4
62.4
62.4
62.4
62.4
62.4
62.4
62.4
62.4
62.4
60.8
62.4
62.4
60.8
60.8
62.4
62.4
62.4
62.4
60.8
60.8
62.4
62.4
62.4
62.4
62.4
60.8
60.8
60.8
60.8
62.4
60.8
60.8
62.4
62.4
60.8
60.8
60.8
60.8
60.8
60.8
60.8
59.2
60.8
60.8
60.8
60.8
62.4
60.8
60.8
60.8
60.8
60.8
60.8
60.8
60.8
60.8
60.8
60.8
60.8
60.8
59.2
60.8
59.2
59.2
59.2
59.2
57.6
60.8
59.2
59.2
59.2
59.2
59.2
59.2
60.8
59.2
60.8
60.8
59.2
59.2
60.8
60.8
59.2
59.2
59.2
60.8
60.8
59.2
60.8
62.4
62.4
62.4
60.8
60.8
62.4
62.4
60.8
60.8
64
64
62.4
62.4
64
64
64
62.4
64
62.4
62.4
60.8
60.8
60.8
60.8
60.8
59.2
60.8
59.2
59.2
57.6
59.2
60.8
59.2
59.2
59.2
59.2
60.8
59.2
60.8
60.8
60.8
60.8
60.8
62.4
62.4
60.8
62.4
62.4
62.4
62.4
59.2
59.2
60.8
60.8
60.8
60.8
59.2
59.2
60.8
59.2
59.2
59.2
59.2
59.2
57.6
59.2
57.6
59.2
57.6
57.6
59.2
59.2
59.2
59.2
59.2
59.2
59.2
59.2
57.6
57.6
57.6
57.6
57.6
59.2
59.2
59.2
59.2
57.6
59.2
59.2
59.2
59.2
59.2
59.2
60.8
60.8
62.4
60.8
60.8
62.4
62.4
62.4
62.4
60.8
62.4
62.4
62.4
64
62.4
62.4
62.4
62.4
60.8
60.8
59.2
59.2
59.2
60.8
60.8
60.8
60.8
60.8
60.8
60.8
60.8
60.8
60.8
60.8
62.4
62.4
62.4
62.4
64
64
64
64
64
62.4
62.4
62.4
62.4
62.4
62.4
62.4
62.4
62.4
62.4
62.4
60.8
60.8
60.8
60.8
59.2
59.2
59.2
59.2
59.2
60.8
60.8
59.2
59.2
59.2
59.2
59.2
57.6
57.6
57.6
57.6
59.2
57.6
57.6
57.6
59.2
59.2
59.2
59.2
59.2
59.2
59.2
60.8
60.8
60.8
60.8
60.8
62.4
62.4
62.4
62.4
62.4
64
62.4
62.4
62.4
62.4
62.4
62.4
62.4
60.8
60.8
60.8
59.2
59.2
59.2
60.8
59.2
59.2
59.2
59.2
57.6
57.6
59.2
59.2
59.2
59.2
59.2
59.2
59.2
60.8
60.8
60.8
62.4
62.4
62.4
60.8
62.4
62.4
62.4
62.4
62.4
62.4
62.4
60.8
60.8
60.8
60.8
60.8
59.2
60.8
59.2
59.2
59.2
59.2
59.2
59.2
59.2
59.2
59.2
59.2
60.8
59.2
59.2
60.8
60.8
60.8
60.8
60.8
62.4
60.8
62.4
60.8
60.8
60.8
60.8
60.8
62.4
60.8
60.8
62.4
60.8
62.4
62.4
62.4
62.4
62.4
62.4
62.4
62.4
62.4
62.4
64
64
64
64
64
62.4
62.4
64
62.4
62.4
62.4
62.4
62.4
62.4
60.8
60.8
60.8
60.8
60.8
60.8
60.8
60.8
60.8
59.2
60.8
59.2
60.8
59.2
59.2
60.8
60.8
60.8
60.8
60.8
60.8
62.4
60.8
60.8
60.8
60.8
60.8
60.8
60.8
62.4
60.8
62.4
60.8
60.8
60.8
60.8
60.8
60.8
60.8
60.8
62.4
60.8
62.4
62.4
62.4
62.4
62.4
62.4
62.4
62.4
62.4
62.4
64
64
64
64
64
64
64
65.6
64
64
64
64
64
64
64
64
65.6
65.6
64
64
64
62.4
62.4
62.4
62.4
60.8
60.8
59.2
60.8
60.8
60.8
60.8
59.2
59.2
59.2
59.2
57.6
57.6
59.2
59.2
57.6
59.2
59.2
59.2
59.2
60.8
60.8
60.8
60.8
59.2
59.2
59.2
60.8
60.8
60.8
60.8
60.8
60.8
59.2
60.8
60.8
60.8
60.8
60.8
62.4
62.4
60.8
60.8
60.8
62.4
62.4
62.4
62.4
62.4
62.4
62.4
62.4
62.4
64
62.4
64
64
64
64
62.4
62.4
62.4
62.4
62.4
62.4
62.4
60.8
60.8
60.8
60.8
59.2
59.2
59.2
59.2
59.2
59.2
59.2
59.2
59.2
59.2
59.2
60.8
60.8
60.8
60.8
62.4
64
64
62.4
62.4
64
64
64
64
64
62.4
64
64
64
64
62.4
62.4
62.4
62.4
64
62.4
60.8
59.2
60.8
60.8
60.8
60.8
60.8
60.8
60.8
62.4
60.8
60.8
59.2
59.2
60.8
60.8
60.8
60.8
59.2
59.2
59.2
60.8
60.8
60.8
60.8
60.8
60.8
60.8
60.8
60.8
60.8
60.8
62.4
62.4
62.4
62.4
62.4
62.4
62.4
64
65.6
65.6
64
64
64
64
64
64
64
64
64
64
64
64
64
64
64
62.4
64
62.4
62.4
62.4
64
64
65.6
65.6
65.6
65.6
64
64
64
64
64
64
64
64
64
65.6
62.4
62.4
62.4
62.4
62.4
62.4
60.8
60.8
60.8
60.8
60.8
60.8
60.8
62.4
62.4
62.4
60.8
60.8
60.8
60.8
62.4
62.4
62.4
62.4
62.4
62.4
62.4
62.4
62.4
62.4
64
64
64
60.8
62.4
60.8
64
64
64
62.4
64
62.4
62.4
62.4
62.4
62.4
62.4
62.4
62.4
62.4
62.4
62.4
62.4
64
62.4
64
60.8
60.8
60.8
62.4
59.2
60.8
62.4
62.4
62.4
60.8
60.8
60.8
62.4
62.4
62.4
62.4
62.4
62.4
62.4
62.4
64
64
64
65.6
67.2
67.2
65.6
65.6
65.6
65.6
65.6
65.6
64
64
62.4
62.4
62.4
60.8
60.8
60.8
60.8
60.8
60.8
59.2
59.2
59.2
59.2
59.2
59.2
60.8
62.4
60.8
60.8
60.8
62.4
62.4
60.8
62.4
64
62.4
62.4
62.4
64
64
62.4
62.4
62.4
62.4
62.4
62.4
60.8
62.4
62.4
62.4
62.4
62.4
64
64
62.4
64
65.6
64
62.4
64
65.6
65.6
65.6
64
64
64
65.6
65.6
65.6
64
64
64
64
64
64
64
64
65.6
64
64
62.4
64
64
65.6
64
64
62.4
62.4
62.4
64
62.4
62.4
62.4
62.4
60.8
62.4
60.8
60.8
60.8
59.2
60.8
59.2
57.6
59.2
59.2
59.2
59.2
59.2
59.2
59.2
60.8
60.8
59.2
59.2
60.8
59.2
59.2
59.2
60.8
60.8
60.8
60.8
64
62.4
64
64
64
64
64
64
64
64
65.6
65.6
65.6
64
64
64
64
64
64
64
62.4
62.4
62.4
62.4
62.4
62.4
62.4
62.4
62.4
62.4
62.4
62.4
62.4
64
64
64
64
64
64
64
64
64
64
64
64
62.4
64
62.4
62.4
62.4
62.4
62.4
62.4
62.4
62.4
62.4
62.4
62.4
62.4
62.4
62.4
62.4
62.4
62.4
62.4
64
62.4
62.4
62.4
62.4
62.4
62.4
62.4
62.4
62.4
60.8
62.4
62.4
62.4
62.4
62.4
62.4
62.4
60.8
60.8
60.8
60.8
62.4
62.4
64
62.4
62.4
62.4
62.4
62.4
64
62.4
62.4
62.4
62.4
62.4
62.4
62.4
64
62.4
62.4
62.4
62.4
62.4
60.8
60.8
60.8
60.8
62.4
62.4
60.8
62.4
62.4
62.4
62.4
62.4
60.8
60.8
60.8
62.4
62.4
62.4
62.4
62.4
62.4
64
64
64
62.4
62.4
64
62.4
62.4
62.4
62.4
62.4
64
64
64
64
64
64
64
64
62.4
64
64
64
64
64
64
64
65.6
64
64
64
64
64
64
64
64
62.4
64
64
64
62.4
62.4
62.4
62.4
62.4
62.4
62.4
59.2
62.4
60.8
62.4
62.4
62.4
62.4
62.4
62.4
64
62.4
62.4
64
65.6
65.6
64
64
65.6
64
64
67.2
65.6
67.2
65.6
64
64
64
65.6
65.6
65.6
65.6
65.6
65.6
64
64
65.6
65.6
62.4
65.6
65.6
64
64
64
64
65.6
65.6
65.6
64
64
64
64
65.6
64
64
64
64
64
65.6
64
64
64
64
64
65.6
65.6
65.6
65.6
65.6
65.6
67.2
67.2
65.6
67.2
67.2
67.2
67.2
67.2
67.2
68.8
68.8
68.8
68.8
68.8
67.2
67.2
67.2
67.2
67.2
67.2
65.6
67.2
65.6
65.6
67.2
67.2
67.2
67.2
67.2
65.6
65.6
65.6
65.6
64
65.6
65.6
65.6
65.6
65.6
65.6
65.6
64
64
64
62.4
62.4
62.4
62.4
62.4
62.4
62.4
62.4
62.4
64
62.4
62.4
60.8
60.8
60.8
60.8
60.8
60.8
62.4
62.4
62.4
64
64
64
64
62.4
62.4
62.4
62.4
62.4
62.4
62.4
64
64
62.4
62.4
62.4
62.4
62.4
62.4
64
62.4
60.8
60.8
60.8
62.4
62.4
64
62.4
62.4
62.4
62.4
62.4
60.8
64
62.4
62.4
62.4
62.4
62.4
62.4
62.4
64
64
64
64
64
62.4
64
64
65.6
64
64
65.6
64
67.2
65.6
67.2
67.2
67.2
64
64
64
64
64
64
65.6
65.6
65.6
64
62.4
64
64
64
62.4
60.8
62.4
60.8
60.8
60.8
60.8
60.8
60.8
59.2
59.2
60.8
57.6
57.6
57.6
59.2
59.2
59.2
59.2
59.2
60.8
59.2
60.8
59.2
59.2
59.2
60.8
60.8
60.8
62.4
62.4
60.8
62.4
62.4
62.4
62.4
62.4
62.4
64
62.4
62.4
64
62.4
64
64
64
64
64
64
64
64
64
64
64
64
64
65.6
65.6
64
65.6
65.6
65.6
65.6
64
64
65.6
64
64
64
64
64
64
64
64
64
64
62.4
62.4
62.4
62.4
62.4
60.8
62.4
64
62.4
60.8
62.4
62.4
62.4
64
60.8
57.6
54.4
51.2
48
46.4
46.4
46.4
46.4
46.4
46.4
48
44.8
44.8
46.4
46.4
46.4
46.4
46.4
44.8
48
49.6
54.4
57.6
59.2
60.8
60.8
62.4
62.4
62.4
62.4
62.4
64
64
64
64
64
64
64
62.4
62.4
64
62.4
62.4
64
64
65.6
64
65.6
65.6
64
64
64
64
62.4
62.4
62.4
60.8
60.8
62.4
60.8
62.4
62.4
60.8
59.2
60.8
57.6
57.6
54.4
54.4
56
54.4
56
56
59.2
59.2
60.8
62.4
64
65.6
67.2
65.6
67.2
67.2
70.4
68.8
70.4
70.4
72
70.4
70.4
73.6
70.4
70.4
70.4
70.4
67.2
68.8
65.6
65.6
65.6
64
62.4
64
62.4
62.4
64
64
64
65.6
65.6
62.4
64
64
62.4
62.4
62.4
60.8
60.8
60.8
59.2
60.8
60.8
59.2
59.2
60.8
59.2
59.2
60.8
60.8
60.8
62.4
64
64
62.4
62.4
62.4
62.4
65.6
62.4
65.6
65.6
64
64
64
64
64
65.6
64
65.6
64
65.6
65.6
64
65.6
64
67.2
65.6
64
65.6
64
64
68.8
70.4
68.8
67.2
65.6
64
62.4
59.2
60.8
59.2
57.6
59.2
59.2
59.2
57.6
62.4
60.8
60.8
60.8
59.2
56
56
59.2
59.2
59.2
60.8
62.4
64
62.4
64
64
65.6
64
65.6
65.6
64
67.2
68.8
67.2
70.4
76.8
78.4
75.2
75.2
76.8
73.6
72
72
73.6
70.4
70.4
67.2
68.8
67.2
67.2
64
65.6
67.2
68.8
70.4
64
65.6
73.6
73.6
73.6
76.8
84.8
88
94.4
100.8
102.4
108.8
115.2
123.2
129.6
134.4
136
139.2
145.6
148.8
155.2
158.4
158.4
158.4
161.6
161.6
153.6
152
145.6
139.2
142.4
139.2
132.8
126.4
120
121.6
121.6
120
113.6
107.2
100.8
94.4
86.4
88
88
89.6
92.8
97.6
100.8
104
102.4
107.2
110.4
110.4
115.2
110.4
107.2
102.4
107.2
107.2
108.8
108.8
112
112
108.8
105.6
104
97.6
96
96
92.8
88
84.8
86.4
83.2
83.2
83.2
83.2
80
80
80
80
80
80
80
81.6
83.2
83.2
83.2
83.2
83.2
83.2
84.8
84.8
83.2
84.8
84.8
84.8
84.8
86.4
84.8
86.4
86.4
84.8
84.8
84.8
83.2
84.8
83.2
81.6
83.2
81.6
81.6
81.6
81.6
81.6
81.6
83.2
81.6
81.6
83.2
83.2
81.6
83.2
84.8
84.8
86.4
86.4
