#xct_latency_in_nsec
0
0
0
0
0
0
0
0
0
0
0
0
0
0
0
0
0
0
0
0
0
0
0
0
0
0
0
0
0
0
0
8310529
10517566
8445882
5491361
4938953
4420725
4317527
4272959
2890231
2561381
0
0
0
0
0
0
0
0
0
0
0
0
0
0
0
0
0
658744
0
0
0
0
0
0
0
0
0
0
0
0
0
608491
0
0
0
0
0
0
0
0
0
0
0
0
686351
0
0
0
0
0
0
0
0
0
0
0
0
1158824
0
0
0
0
0
0
0
0
0
0
0
0
0
860693
0
0
0
0
0
0
0
0
0
0
0
0
681317
0
0
0
0
0
0
0
0
0
0
0
0
724819
0
0
0
0
0
0
0
0
0
0
0
0
847389
0
0
0
0
0
0
0
0
0
0
0
0
0
0
0
0
1118665
0
0
0
0
0
0
0
0
0
0
0
0
563673
0
0
0
0
0
0
0
0
0
0
0
0
421828
0
0
0
0
0
0
0
0
0
0
0
0
0
447605
0
0
0
0
0
0
0
0
0
0
0
0
850254
0
0
0
0
0
0
0
0
0
0
0
0
674807
0
0
0
0
0
0
0
0
0
0
0
0
571497
0
0
0
0
0
0
0
0
0
0
0
0
0
464754
0
0
0
0
0
0
0
0
0
0
0
0
0
0
0
0
0
0
0
0
0
0
0
0
0
909723
0
0
0
0
0
0
0
0
0
0
0
0
0
0
0
0
0
0
0
0
0
0
0
0
487601
0
0
0
0
0
0
0
0
0
0
0
0
0
0
0
0
0
0
0
0
0
0
0
0
0
637686
0
0
0
0
0
0
0
0
0
0
0
0
0
0
0
0
0
0
0
0
0
0
0
0
708273
0
0
0
0
0
0
0
0
0
0
0
0
0
0
0
0
0
551974
0
0
0
0
0
0
0
0
0
0
0
0
726030
0
0
0
0
0
0
0
0
0
0
0
0
0
867855
0
0
0
0
0
0
0
0
0
0
0
0
0
559569
0
0
0
0
0
0
0
0
0
0
0
0
0
550332
0
0
0
0
0
0
0
0
0
0
0
0
0
629561
0
0
0
0
0
0
0
0
0
0
0
0
0
932826
0
0
0
0
0
0
0
0
0
0
0
0
0
0
636845
0
0
0
0
0
0
0
0
0
0
0
0
0
726273
0
0
0
0
0
0
0
0
0
0
0
0
667764
0
0
0
0
0
0
0
0
0
0
0
0
0
873126
0
0
0
0
0
0
0
0
0
0
0
0
765881
0
0
0
0
0
0
0
0
0
0
0
0
533724
0
0
0
0
0
0
0
0
0
0
0
0
0
580371
0
0
0
0
0
0
0
0
0
0
0
0
705448
0
0
0
0
0
0
0
0
0
0
3109314022
2062933
2228668
2182458
2061923
1896345
1692223
1888355
1847907
1737343
1734017
0
