1.15 0.30 1.90
0.00 0.00 0.00
0.00 0.00 0.00
71.03 0.00 0.00
0.00 0.00 0.00
0.00 0.00 0.00
0.00 0.00 0.00
0.00 0.00 0.00
0.00 0.00 0.00
0.00 0.00 0.00
0.00 0.00 0.00
0.00 0.00 0.00
0.00 0.00 0.00
0.00 0.00 0.45
0.00 0.00 0.00
61.03 17.00 0.00
98.00 31.00 0.00
90.25 0.00 0.00
111.75 0.00 0.00
114.25 0.00 0.00
113.00 0.00 0.00
113.75 0.00 0.00
95.78 48.00 47.93
91.28 48.00 48.00
104.03 48.00 48.00
104.04 48.00 71.67
120.28 48.00 63.64
88.79 56.50 56.54
101.03 54.00 47.99
79.03 167.50 47.99
117.03 243.00 47.94
141.56 151.00 96.04
136.30 0.00 78.11
146.29 0.00 65.52
157.31 0.00 95.92
131.55 53.50 94.75
126.29 247.00 48.99
152.81 179.50 95.93
91.28 0.00 47.97
112.03 0.00 47.98
138.06 0.00 96.01
107.03 0.00 48.03
163.06 72.00 95.89
135.05 247.00 88.95
128.04 161.00 54.61
160.06 0.00 95.98
145.81 0.00 96.02
111.28 0.00 48.00
136.04 31.50 69.18
109.04 250.00 74.86
107.03 198.50 47.95
140.05 0.00 87.19
110.04 0.00 56.86
163.06 0.00 95.95
124.04 0.00 58.20
137.80 121.00 85.81
144.30 249.50 86.72
128.53 109.50 57.33
146.56 0.00 95.98
141.05 0.00 78.72
133.04 0.00 65.28
150.06 87.00 95.80
138.05 249.00 73.70
141.79 144.00 70.37
150.06 0.00 95.85
139.30 0.00 79.22
133.04 0.00 64.80
158.06 67.00 95.71
124.04 250.50 60.66
143.05 162.50 83.37
159.06 0.00 96.03
138.90 0.00 63.49
137.80 0.00 79.75
155.06 77.50 95.98
134.79 250.00 69.70
135.54 152.50 74.29
150.81 0.00 96.06
131.79 0.00 60.17
148.30 0.00 83.18
153.06 89.00 95.99
146.05 248.00 86.64
125.04 143.00 57.14
154.06 0.00 96.02
147.05 0.00 80.21
128.04 0.00 63.68
142.55 48.50 86.71
108.54 251.50 57.18
106.03 180.00 48.03
145.06 0.00 96.06
109.03 0.00 48.00
150.31 0.00 96.01
136.79 0.00 67.17
135.05 122.50 76.85
142.30 251.00 87.72
127.29 106.50 56.21
152.56 0.00 96.05
148.06 0.00 95.90
106.03 0.00 48.03
142.05 52.00 90.23
115.03 251.50 53.67
155.06 176.50 95.78
142.04 0.00 71.21
139.04 0.00 72.64
153.06 0.00 96.05
132.29 26.00 64.24
134.80 251.00 79.32
134.55 203.00 79.59
117.54 0.00 64.36
134.05 0.00 72.98
130.04 0.00 70.80
156.06 0.00 96.05
142.29 173.50 72.70
130.79 251.00 71.38
161.06 55.50 95.92
148.55 0.00 81.72
129.79 0.00 62.36
157.06 0.00 95.98
159.81 213.50 90.64
135.04 251.50 54.83
144.05 15.00 94.53
163.06 0.00 95.63
134.79 0.00 64.14
148.55 0.00 79.85
150.81 234.00 95.77
130.29 246.00 63.20
142.80 0.00 80.84
146.05 0.00 94.18
132.79 0.00 53.26
154.30 0.00 92.43
158.06 223.00 95.95
123.04 250.00 56.94
151.05 7.00 87.12
159.06 0.00 95.78
142.55 0.00 76.89
130.54 0.00 66.78
154.06 242.50 95.98
144.05 237.50 78.67
139.04 0.00 65.11
152.55 0.00 95.95
135.55 0.00 78.98
129.04 0.00 64.52
147.30 222.00 90.73
110.79 251.00 53.32
144.80 7.00 86.66
118.29 0.00 57.37
145.06 0.00 93.21
128.28 0.00 50.72
151.81 108.50 96.04
145.05 250.50 90.16
124.04 121.00 53.79
155.06 0.00 95.80
160.31 0.00 95.86
136.55 0.00 76.63
125.04 129.50 67.29
155.06 250.50 95.89
113.79 100.00 48.01
146.56 0.00 95.98
157.55 0.00 93.21
119.54 0.00 50.81
147.06 94.00 96.00
142.80 248.50 84.71
120.29 137.50 59.29
149.06 0.00 95.95
103.53 0.00 48.02
144.56 0.00 96.03
116.28 0.00 47.99
147.81 250.00 95.98
140.05 230.00 83.72
127.04 0.00 60.34
126.05 0.00 71.19
128.29 0.00 72.84
152.81 0.00 96.05
112.03 185.50 48.03
147.06 249.00 96.07
112.53 45.50 48.03
138.80 0.00 96.03
114.79 0.00 47.99
148.06 0.00 95.97
135.54 33.50 70.95
160.29 251.00 73.03
159.28 195.50 48.03
151.03 0.00 48.03
161.03 0.00 48.03
147.78 0.00 48.03
145.28 0.00 40.70
144.02 0.00 32.02
161.28 0.00 55.04
158.03 0.00 51.03
172.29 86.00 61.37
163.53 163.89 48.03
156.03 0.00 48.03
153.28 0.00 48.03
173.78 0.00 48.03
150.28 0.00 48.03
118.78 0.00 48.03
13.00 0.00 0.00
11.00 0.00 0.00
14.00 0.00 0.00
16.00 0.00 0.00
11.00 0.00 0.00
66.03 0.00 48.03
11.00 0.00 0.00
11.00 0.00 0.00
15.00 0.00 0.05
13.75 0.00 0.00
10.25 0.00 0.00
11.00 0.00 0.00
9.00 0.00 0.00
66.03 0.00 48.03
7.00 0.00 0.00
9.00 0.00 0.00
7.00 0.00 0.00
11.00 0.00 0.00
8.00 0.00 0.00
9.00 0.00 0.00
10.00 0.00 0.00
7.00 0.00 0.00
9.00 0.00 0.00
8.00 0.00 0.00
43.77 0.00 30.69
27.26 0.00 17.34
8.00 0.00 0.00
8.00 0.00 0.00
9.00 0.00 0.00
6.00 0.00 0.00
8.00 0.00 0.00
14.00 0.00 0.00
12.00 0.00 0.00
12.00 0.00 0.00
10.00 0.00 0.00
67.03 0.00 48.03
11.00 0.00 0.00
10.00 0.00 0.00
9.00 0.00 0.00
12.00 0.00 0.00
11.00 0.00 0.00
12.00 0.00 0.00
11.00 0.00 0.00
67.03 0.00 48.05
12.00 0.00 0.00
9.00 0.00 0.00
12.00 0.00 0.00
12.00 0.00 0.00
12.75 0.00 0.00
13.25 0.00 0.00
10.25 0.00 0.00
68.78 0.00 48.03
11.00 0.00 0.00
8.00 0.00 0.00
11.00 0.00 0.00
12.00 0.00 0.00
14.00 0.00 0.00
12.00 0.00 0.00
14.00 0.00 0.00
66.03 0.00 48.03
12.00 0.00 0.00
12.00 0.00 0.00
13.00 0.00 0.00
12.00 0.00 0.00
14.00 0.00 0.00
13.00 0.00 0.00
11.00 0.00 0.00
68.03 0.00 48.03
10.50 0.00 0.00
10.75 0.00 0.00
11.75 0.00 0.00
12.00 0.00 0.00
11.00 0.00 0.00
12.00 0.00 0.02
11.00 0.00 0.00
68.03 0.00 48.03
11.00 0.00 0.00
12.00 0.00 0.00
10.00 0.00 0.00
11.00 0.00 0.00
11.00 0.00 0.00
10.00 0.00 0.00
11.00 0.00 0.00
67.03 0.00 48.03
11.00 0.00 0.00
11.00 0.00 0.00
9.00 0.00 0.00
11.00 0.00 0.00
9.00 0.00 0.00
10.00 0.00 0.00
9.00 0.00 0.00
11.00 0.00 0.00
69.03 0.00 48.03
10.00 0.00 0.00
10.00 0.00 0.00
12.00 0.00 0.00
10.00 0.00 0.00
10.00 0.00 0.00
9.00 0.00 0.00
12.00 0.00 0.00
68.03 0.00 48.03
11.00 0.00 0.00
11.00 0.00 0.00
10.00 0.00 0.00
13.00 0.00 0.00
11.00 0.00 0.01
10.00 0.00 0.00
13.00 0.00 0.00
68.03 0.00 48.03
9.90 0.00 0.00
12.00 0.00 0.00
12.00 0.00 0.00
11.00 0.00 0.00
11.00 0.00 0.00
13.00 0.00 0.00
12.00 0.00 0.00
68.03 0.00 48.03
13.00 0.00 0.00
11.00 0.00 0.00
12.00 0.00 0.00
10.00 0.00 0.00
11.00 0.00 0.00
13.00 0.00 0.00
32.01 0.00 13.18
47.02 0.00 34.85
12.00 0.00 0.00
11.00 0.00 0.00
12.00 0.00 0.00
11.00 0.00 0.00
13.00 0.00 0.00
11.00 0.00 0.00
69.03 0.00 48.03
11.00 0.00 0.00
12.00 0.00 0.00
12.00 0.00 0.00
12.00 0.00 0.00
12.00 0.00 0.00
12.00 0.00 0.00
70.03 0.00 48.05
12.00 0.00 0.00
11.00 0.00 0.00
12.00 0.00 0.00
13.00 0.00 0.00
12.00 0.00 0.00
12.00 0.00 0.00
11.50 0.00 0.00
67.53 0.00 48.03
12.00 0.00 0.00
10.00 0.00 0.00
13.00 0.00 0.00
11.00 0.00 0.00
11.00 0.00 0.00
12.00 0.00 0.00
68.03 0.00 48.03
11.00 0.00 0.00
12.00 0.00 0.00
13.00 0.00 0.00
11.00 0.00 0.00
11.00 0.00 0.00
14.00 0.00 0.00
11.00 0.00 0.00
68.03 0.00 48.03
12.00 0.00 0.00
12.00 0.00 0.00
11.00 0.00 0.00
12.00 0.00 0.00
13.00 0.00 0.00
11.00 0.00 0.00
70.03 0.00 48.05
12.00 0.00 0.00
13.00 0.00 0.00
11.00 0.00 0.00
12.00 0.00 0.00
12.00 0.00 0.00
13.75 0.00 0.00
68.03 0.00 48.03
11.25 0.00 0.00
14.00 0.00 0.00
12.00 0.00 0.00
11.00 0.00 0.00
12.00 0.00 0.00
11.00 0.00 0.00
12.00 0.00 0.00
68.03 0.00 48.03
13.00 0.00 0.00
11.00 0.00 0.00
12.00 0.00 0.00
13.00 0.00 0.00
13.00 0.00 0.00
13.00 0.00 0.00
68.03 0.00 48.03
12.00 0.00 0.00
11.00 0.00 0.00
12.00 0.00 0.00
14.00 0.00 0.00
13.00 0.00 0.00
11.00 0.00 0.00
68.03 0.00 48.03
13.00 0.00 0.01
12.00 0.00 0.00
11.00 0.00 0.00
14.00 0.00 0.00
13.00 0.00 0.00
13.00 0.00 0.00
68.03 0.00 48.03
13.00 0.00 0.00
13.00 0.00 0.00
12.00 0.00 0.00
14.00 0.00 0.00
12.00 0.00 0.00
13.00 0.00 0.00
69.03 0.00 48.03
14.00 0.00 0.00
14.00 0.00 0.00
15.00 0.00 0.00
17.00 0.00 0.00
69.53 0.00 48.03
8.50 0.00 4.66
0.00 0.00 0.00
0.00 0.00 0.00
0.00 0.00 0.00
0.00 0.00 0.00
0.00 0.00 0.00
0.00 0.00 0.00
0.00 0.00 0.00
0.00 0.00 0.00
0.00 0.00 0.00
0.00 0.00 0.00
