1.17 0.30 1.91
0.00 0.00 0.00
0.00 0.00 0.00
40.77 0.00 0.00
30.26 0.00 0.00
0.00 0.00 0.00
0.00 0.00 0.00
0.00 0.00 0.00
0.00 0.00 0.00
0.00 0.00 0.00
0.00 0.00 0.00
0.00 0.00 0.45
0.00 0.00 0.00
0.00 0.00 0.00
0.00 0.00 0.00
0.00 0.00 0.00
61.03 0.00 0.00
80.00 72.00 0.00
92.00 0.00 0.00
108.25 0.00 0.00
110.25 0.00 0.00
111.50 0.00 0.00
112.00 0.00 0.00
90.00 0.00 0.00
65.28 72.00 71.99
103.78 72.00 71.99
73.03 72.00 72.02
108.03 72.00 71.96
75.03 49.50 72.04
113.53 22.50 50.45
74.51 72.00 32.48
75.03 72.00 73.99
95.02 76.50 59.10
95.27 248.00 72.00
141.81 245.50 127.94
117.03 243.00 87.88
118.03 51.00 71.99
124.53 0.00 71.91
92.78 0.00 72.79
109.53 0.00 87.18
128.03 0.00 85.03
114.29 110.50 115.12
116.28 249.50 72.02
142.30 249.50 104.73
128.54 110.50 111.28
118.03 0.00 72.04
113.03 0.00 71.78
87.03 0.00 72.03
114.53 0.00 71.99
122.54 26.00 85.69
128.29 251.00 126.06
120.28 248.50 76.22
135.29 194.50 87.70
134.30 0.00 106.86
121.03 0.00 93.47
111.78 0.00 71.98
142.80 0.00 112.13
124.29 121.00 103.53
115.28 248.50 72.02
159.30 250.50 109.23
123.79 100.00 106.69
116.03 0.00 72.01
128.79 0.00 77.80
138.80 0.00 137.99
123.53 0.00 72.04
142.05 217.00 98.71
135.04 251.00 111.48
117.03 251.50 77.80
129.04 0.50 78.29
140.80 0.00 114.43
117.28 0.00 95.07
127.29 0.00 72.00
148.80 72.00 130.00
119.03 252.00 86.01
119.03 251.50 71.97
155.80 144.50 119.68
119.28 0.00 96.32
113.28 0.00 71.98
102.53 0.00 71.99
106.47 0.00 71.30
115.28 17.50 77.80
130.55 251.00 110.71
115.03 249.00 99.55
118.03 202.50 72.01
119.53 0.00 72.02
151.05 0.00 136.23
109.53 0.00 79.85
109.53 0.00 71.99
115.54 13.50 74.05
132.29 252.00 105.22
122.79 249.50 108.88
122.03 205.00 72.04
138.04 0.00 91.69
131.04 0.00 124.40
117.03 0.00 72.02
112.03 0.00 72.00
115.79 16.50 77.54
136.55 249.00 114.22
110.78 245.50 96.32
125.03 209.00 72.04
145.80 0.00 100.21
132.79 0.00 115.81
126.53 0.00 72.04
146.30 0.00 111.72
129.29 121.50 104.23
135.04 246.00 72.04
138.80 249.00 114.74
127.78 103.50 101.33
125.53 0.00 71.97
158.80 0.00 126.70
119.78 0.00 89.15
113.03 0.00 72.02
132.04 223.50 92.20
135.04 252.50 123.47
124.03 244.00 72.32
156.55 0.00 114.22
123.53 0.00 101.85
119.03 0.00 71.83
153.30 0.00 111.71
124.03 119.00 103.29
118.03 248.50 72.04
142.80 250.50 100.83
132.79 102.00 114.88
110.28 0.00 71.55
128.79 0.00 72.02
138.04 0.00 111.23
111.29 0.00 104.70
113.78 127.50 72.03
107.28 248.50 72.03
126.04 251.50 71.94
149.05 92.50 124.73
118.53 0.00 91.38
125.54 0.00 72.03
146.55 0.00 143.91
114.53 0.00 71.96
126.04 216.00 83.21
141.05 250.00 113.95
109.03 252.00 90.82
118.03 2.00 72.04
132.79 0.00 91.22
130.29 0.00 124.81
112.03 0.00 72.04
122.04 16.50 74.99
135.80 252.00 115.13
101.28 249.50 82.64
110.03 202.00 87.32
112.03 0.00 72.04
132.04 0.00 88.73
131.04 0.00 107.05
112.03 0.00 92.36
110.03 0.00 72.04
112.03 215.50 72.04
136.30 249.00 104.20
118.79 252.50 95.03
106.28 3.00 88.87
109.03 0.00 71.96
115.78 0.00 72.00
154.03 0.00 71.95
153.28 0.00 72.04
160.53 0.00 72.04
149.27 36.00 20.68
132.01 252.00 51.36
150.03 201.89 72.04
143.52 0.00 31.19
140.51 0.00 40.86
169.03 0.00 72.04
165.03 0.00 72.04
156.03 0.00 72.04
154.03 0.00 51.70
149.00 0.00 20.34
168.03 0.00 72.04
10.00 0.00 0.00
54.52 0.00 29.19
27.51 0.00 42.86
15.00 0.00 0.07
16.00 0.00 0.00
7.00 0.00 0.00
10.00 0.00 0.00
12.00 0.00 0.00
13.50 0.00 0.00
14.50 0.00 0.00
12.00 0.00 0.00
10.00 0.00 0.00
10.00 0.00 0.00
29.51 0.00 8.18
44.52 0.00 63.86
8.00 0.00 0.00
8.00 0.00 0.00
10.00 0.00 0.00
8.00 0.00 0.00
8.50 0.00 0.00
9.50 0.00 0.00
8.00 0.00 0.00
8.00 0.00 0.00
9.00 0.00 0.00
7.00 0.00 0.00
7.00 0.00 0.00
8.00 0.00 0.00
7.00 0.00 0.00
7.00 0.00 0.00
9.00 0.00 0.00
7.00 0.00 0.00
68.03 0.00 72.04
12.00 0.00 0.00
14.00 0.00 0.00
10.00 0.00 0.00
10.00 0.00 0.00
10.00 0.00 0.00
11.00 0.00 0.00
10.00 0.00 0.00
8.00 0.00 0.00
13.00 0.00 0.00
12.00 0.00 0.00
12.00 0.00 0.00
61.28 0.00 43.21
17.75 0.00 28.85
9.00 0.00 0.00
11.00 0.00 0.00
12.00 0.00 0.00
13.00 0.00 0.00
12.00 0.00 0.00
12.00 0.00 0.00
12.00 0.00 0.00
10.00 0.00 0.00
8.00 0.00 0.00
12.00 0.00 0.00
11.00 0.00 0.00
69.03 0.00 72.04
13.00 0.00 0.00
15.00 0.00 0.00
10.00 0.00 0.00
12.00 0.00 0.00
11.00 0.00 0.00
12.00 0.00 0.00
13.00 0.00 0.00
14.00 0.00 0.00
13.00 0.00 0.00
10.00 0.00 0.00
68.03 0.00 72.04
11.00 0.00 0.00
11.00 0.00 0.00
11.00 0.00 0.00
13.00 0.00 0.00
11.00 0.00 0.00
11.00 0.00 0.01
12.00 0.00 0.00
11.00 0.00 0.00
10.00 0.00 0.00
12.00 0.00 0.00
10.00 0.00 0.00
68.03 0.00 72.04
11.00 0.00 0.00
10.00 0.00 0.00
11.00 0.00 0.00
10.00 0.00 0.00
11.00 0.00 0.00
11.00 0.00 0.00
9.00 0.00 0.00
10.00 0.00 0.00
9.00 0.00 0.00
11.00 0.00 0.00
8.00 0.00 0.00
10.89 0.00 0.00
69.03 0.00 72.04
10.75 0.00 0.00
9.25 0.00 0.00
12.00 0.00 0.00
10.00 0.00 0.00
10.00 0.00 0.00
10.00 0.00 0.00
12.00 0.00 0.00
10.00 0.00 0.00
11.00 0.00 0.00
11.00 0.00 0.00
10.00 0.00 0.00
70.03 0.00 72.04
11.00 0.00 0.00
10.00 0.00 0.00
13.00 0.00 0.00
11.00 0.00 0.00
11.00 0.00 0.02
12.00 0.00 0.00
11.00 0.00 0.00
9.00 0.00 0.00
12.00 0.00 0.00
13.00 0.00 0.00
27.51 0.00 0.50
52.52 0.00 71.54
13.00 0.00 0.00
12.00 0.00 0.00
11.00 0.00 0.00
10.00 0.00 0.00
11.00 0.00 0.00
13.00 0.00 0.00
11.00 0.00 0.00
10.00 0.00 0.00
14.00 0.00 0.00
10.00 0.00 0.00
68.03 0.00 72.04
12.00 0.00 0.00
13.00 0.00 0.00
10.00 0.00 0.00
13.00 0.00 0.00
10.00 0.00 0.00
12.00 0.00 0.00
13.00 0.00 0.00
12.00 0.00 0.00
13.00 0.00 0.00
11.00 0.00 0.00
69.03 0.00 72.04
12.00 0.00 0.00
12.00 0.00 0.00
12.00 0.00 0.00
12.00 0.00 0.00
13.00 0.00 0.00
10.00 0.00 0.00
13.00 0.00 0.01
11.00 0.00 0.00
10.00 0.00 0.00
12.00 0.00 0.00
69.03 0.00 72.04
10.00 0.00 0.00
11.00 0.00 0.00
13.00 0.00 0.00
10.00 0.00 0.00
12.00 0.00 0.00
13.00 0.00 0.00
11.00 0.00 0.00
11.00 0.00 0.00
13.00 0.00 0.00
11.00 0.00 0.00
69.03 0.00 72.04
11.00 0.00 0.00
12.00 0.00 0.00
12.00 0.00 0.00
11.00 0.00 0.00
14.00 0.00 0.00
11.00 0.00 0.00
12.00 0.00 0.00
13.00 0.00 0.00
12.00 0.00 0.00
11.00 0.00 0.00
69.03 0.00 72.04
13.00 0.00 0.00
13.00 0.00 0.00
12.00 0.00 0.00
11.00 0.00 0.00
14.00 0.00 0.00
12.00 0.00 0.00
11.00 0.00 0.00
11.00 0.00 0.02
12.00 0.00 0.00
10.00 0.00 0.00
69.03 0.00 72.04
12.00 0.00 0.00
12.00 0.00 0.00
12.00 0.00 0.00
13.00 0.00 0.00
13.00 0.00 0.00
12.00 0.00 0.00
12.00 0.00 0.00
13.00 0.00 0.00
12.00 0.00 0.00
10.00 0.00 0.00
70.03 0.00 72.04
13.00 0.00 0.00
12.00 0.00 0.00
11.00 0.00 0.00
13.00 0.00 0.00
12.00 0.00 0.00
11.00 0.00 0.00
14.00 0.00 0.00
13.00 0.00 0.00
13.00 0.00 0.00
68.03 0.00 72.04
12.00 0.00 0.00
14.00 0.00 0.00
12.00 0.00 0.00
13.00 0.00 0.00
13.00 0.00 0.00
12.75 0.00 0.00
13.25 0.00 0.00
13.00 0.00 0.00
15.00 0.00 0.02
71.03 0.00 72.04
16.00 0.00 0.00
17.00 0.00 0.00
2.00 0.00 28.67
0.00 0.00 0.00
0.00 0.00 0.00
0.00 0.00 0.00
0.00 0.00 0.00
0.00 0.00 0.00
0.00 0.00 0.00
0.00 0.00 0.00
0.00 0.00 0.00
0.00 0.00 0.00
0.00 0.00 0.00
0.00 0.00 0.00
