2.28 0.40 2.22
0.00 0.00 0.00
87.04 0.00 0.00
0.00 0.00 0.00
0.00 0.00 0.00
0.00 0.00 0.00
74.04 16.00 0.00
111.50 112.00 0.00
188.25 0.00 0.00
195.25 0.00 0.00
197.50 0.00 0.00
194.50 0.00 0.00
82.19 128.00 128.47
44.57 188.50 127.96
133.67 216.00 28.44
183.27 107.50 194.30
193.70 193.00 169.54
182.26 191.00 200.93
183.25 185.50 174.81
177.90 198.50 199.77
175.94 181.50 190.13
176.87 202.50 215.50
173.92 220.50 192.80
175.15 163.50 196.60
183.62 198.00 169.20
179.70 186.00 212.61
185.24 202.00 171.07
184.08 182.00 212.36
178.55 200.00 184.30
184.70 184.00 208.02
186.83 215.50 179.06
185.50 168.50 209.01
183.35 216.50 180.09
181.85 167.50 207.59
180.25 227.50 185.08
185.16 156.50 212.61
182.89 241.50 182.58
182.13 142.50 203.85
178.59 255.00 188.77
181.97 129.00 195.43
179.75 247.00 185.62
181.42 154.50 198.07
177.42 249.50 209.46
184.34 120.50 174.92
182.73 252.50 193.28
183.64 145.50 190.84
179.16 248.50 214.25
179.31 150.00 182.48
183.48 249.50 208.09
187.72 135.00 175.51
183.71 250.50 214.10
182.29 160.00 189.22
185.37 248.00 212.16
184.81 152.00 190.52
187.17 249.00 205.82
186.53 135.50 181.18
185.39 249.50 202.89
186.57 155.50 197.73
182.80 248.50 190.66
184.08 152.00 208.88
185.13 248.17 171.17
179.43 127.33 205.24
180.73 250.00 179.38
184.03 135.00 206.88
182.83 248.00 187.82
183.87 164.50 215.08
179.78 250.00 189.57
177.05 138.50 209.29
171.93 245.50 183.82
175.87 156.50 213.02
172.75 227.50 174.30
177.84 148.00 203.11
171.93 236.00 181.24
174.77 171.50 208.60
176.18 212.50 186.04
183.16 189.00 200.92
181.66 195.00 191.64
184.77 200.50 192.41
183.79 183.50 199.61
169.83 43.94 184.38
171.21 0.00 128.07
158.67 0.00 123.23
146.00 0.00 4.84
166.67 0.00 128.07
169.98 0.00 4.75
168.22 0.00 123.32
165.21 0.00 94.22
161.00 0.00 33.85
170.17 0.00 128.07
170.15 0.00 9.68
170.50 0.00 118.39
168.87 0.00 100.22
170.50 0.00 27.85
171.42 0.00 128.07
171.73 0.00 29.69
171.00 0.00 98.38
174.85 0.00 128.07
168.00 0.00 0.00
175.78 0.00 128.07
177.28 0.00 65.71
170.50 0.00 62.36
173.29 0.00 128.07
0.00 0.00 44.50
0.00 0.00 0.00
