2.21 0.39 2.21
0.00 0.00 0.00
87.04 0.00 0.00
0.00 0.00 0.00
0.00 0.00 0.00
0.00 0.00 0.00
154.78 4.00 0.00
171.25 0.00 0.00
198.00 0.00 0.00
200.50 0.00 0.00
197.63 1.00 3.97
165.61 42.00 27.96
184.76 13.00 19.77
201.76 24.00 15.82
198.81 12.00 11.87
192.41 12.00 19.86
183.98 24.00 19.96
168.66 24.00 27.77
184.43 24.00 22.39
201.00 12.00 13.36
202.39 24.00 15.93
198.88 12.00 15.88
193.63 12.00 15.90
182.29 24.00 23.91
174.94 30.00 27.50
197.94 18.00 11.92
200.62 12.00 15.92
197.46 12.00 15.81
186.86 24.00 20.17
171.95 24.00 27.68
192.04 24.00 19.77
201.53 12.00 14.68
202.38 12.00 13.15
194.39 24.00 17.09
183.22 24.00 22.58
171.45 24.00 27.90
192.05 12.00 15.95
199.51 24.00 15.98
199.17 12.00 15.85
193.39 12.00 15.25
183.31 24.00 19.79
173.02 24.00 27.60
188.82 24.00 19.75
200.59 12.00 11.89
198.73 12.00 15.91
193.43 24.00 15.80
187.34 12.00 19.79
177.09 24.00 22.97
178.64 24.00 23.79
194.02 24.00 15.84
198.97 12.00 15.63
196.32 12.00 15.94
191.91 24.00 15.95
178.42 24.00 23.93
180.77 24.00 23.55
187.88 12.00 19.74
196.34 24.00 15.98
195.35 12.00 15.80
193.96 12.00 16.00
185.61 24.00 19.17
182.52 24.00 23.71
182.36 24.00 21.92
193.33 12.00 17.76
193.80 24.00 15.71
196.37 12.00 15.78
188.11 24.00 19.88
184.78 12.00 19.89
184.15 24.00 23.40
191.18 24.00 15.93
192.65 12.00 15.91
191.14 18.00 19.59
185.09 18.00 16.43
184.83 24.00 23.40
186.73 24.00 19.82
192.96 12.00 15.75
194.45 12.00 15.96
190.73 24.00 19.88
184.47 24.00 19.95
187.04 12.00 19.86
187.44 24.00 19.97
193.84 19.00 19.91
193.52 17.00 16.02
191.04 12.00 15.95
186.42 24.00 19.86
183.70 24.00 23.82
184.27 24.00 19.76
192.05 12.00 15.79
196.80 12.00 15.73
191.89 24.00 19.94
187.84 24.00 19.32
187.15 12.00 18.91
189.27 24.00 23.32
195.53 24.00 16.13
199.32 12.00 19.84
196.45 24.00 15.88
194.08 12.00 19.79
192.29 24.00 19.68
189.21 24.00 23.73
192.89 24.00 19.71
198.55 12.00 15.90
195.90 24.00 19.84
191.61 12.00 15.56
188.59 24.00 19.86
185.87 12.00 19.91
186.00 24.00 21.55
191.65 24.00 18.08
193.86 12.00 16.41
193.58 24.00 19.46
188.70 12.00 19.85
186.97 24.00 19.93
186.17 24.00 19.91
188.67 12.00 19.68
192.08 24.00 15.84
191.89 12.00 15.92
188.54 24.00 19.99
186.65 12.00 20.04
186.11 24.00 19.89
189.01 24.00 20.00
192.08 12.00 15.96
191.13 21.50 19.92
188.55 14.50 17.93
186.12 24.00 21.84
185.41 24.00 19.94
193.61 12.00 16.95
192.38 24.00 18.36
194.25 12.00 15.85
188.54 24.00 19.76
187.00 12.00 19.47
186.93 24.00 19.79
189.26 24.00 19.67
190.51 12.00 19.92
191.93 24.00 15.95
191.26 12.00 19.85
189.13 24.00 19.43
186.96 22.50 19.49
189.62 13.50 19.87
191.27 24.00 18.83
192.62 12.00 16.78
190.72 24.00 15.93
193.42 12.00 19.43
191.21 24.00 19.83
187.97 23.76 19.63
187.18 12.00 19.73
190.28 24.00 19.83
194.12 12.00 15.92
192.75 24.00 19.85
190.32 12.00 15.91
188.64 24.00 19.71
185.26 24.00 23.75
192.60 12.00 15.77
195.72 24.00 17.86
193.11 12.00 17.89
189.26 24.00 19.86
187.80 24.00 19.73
185.42 12.00 20.00
189.66 24.00 19.79
195.33 12.00 15.81
192.32 24.00 20.00
188.16 17.00 19.90
186.75 19.00 19.91
184.14 24.00 19.91
193.67 12.00 15.85
193.86 24.00 16.00
191.09 12.00 19.82
187.63 24.00 19.66
188.45 24.00 19.97
184.88 12.00 19.94
192.66 24.00 19.79
196.01 12.00 15.91
190.71 24.00 19.31
189.87 12.00 15.77
187.07 24.00 19.93
184.05 24.00 23.69
191.29 12.00 15.67
194.25 24.00 15.85
191.38 12.00 19.83
189.70 24.00 19.88
187.91 24.00 19.93
186.36 12.00 19.88
192.63 24.00 19.66
194.24 12.00 15.41
193.13 24.00 15.75
191.26 12.00 19.68
187.93 24.00 19.86
184.57 24.00 19.89
190.85 12.00 19.86
191.66 24.00 15.89
192.82 12.00 19.87
190.45 24.00 15.26
186.81 20.00 23.51
184.72 16.00 19.95
191.21 24.00 15.93
192.35 12.00 19.87
193.01 24.00 15.95
191.72 12.00 19.34
186.11 24.00 19.74
185.01 24.00 19.48
189.67 12.00 19.75
193.33 24.00 19.76
194.18 12.00 15.74
191.96 24.00 19.72
188.78 24.00 19.95
187.40 12.00 19.25
190.55 24.00 19.85
193.98 12.00 15.70
192.20 24.00 19.37
190.76 12.00 15.81
186.78 24.00 23.43
185.22 24.00 19.93
191.66 20.00 19.19
192.32 16.00 15.57
192.52 12.00 15.38
192.13 24.00 19.76
188.30 24.00 19.94
185.54 12.00 19.97
191.00 24.00 19.89
194.41 12.00 15.37
189.76 24.00 19.73
190.23 12.50 15.99
190.38 23.50 20.02
182.50 24.00 23.44
191.98 17.50 19.71
190.49 18.50 16.00
192.64 12.00 15.89
191.59 24.00 19.94
189.85 24.00 19.88
186.26 12.00 19.99
191.51 24.00 19.77
193.48 12.00 15.65
190.39 24.00 19.10
191.46 17.50 19.88
190.61 18.50 15.75
186.38 24.00 22.90
192.63 13.00 16.48
191.99 23.00 19.32
191.93 12.00 15.85
190.72 24.00 19.92
189.33 24.00 19.84
186.85 12.00 19.00
191.50 24.00 19.78
193.27 12.00 15.88
189.36 24.00 18.57
188.58 24.00 19.95
191.90 12.00 19.85
185.28 24.00 19.65
189.41 12.00 16.00
192.59 24.00 19.77
191.23 12.50 15.83
188.55 23.50 19.88
184.29 24.00 19.62
187.07 12.00 19.75
191.21 24.00 19.81
193.38 18.50 19.81
187.90 17.50 15.96
190.00 24.00 19.28
189.31 12.00 19.89
190.68 24.00 19.78
186.82 24.00 20.04
192.97 12.00 15.91
190.39 24.00 19.63
190.16 12.00 19.69
189.36 24.00 15.57
190.47 12.00 19.92
186.83 24.00 19.84
188.29 24.00 19.80
189.30 12.00 18.07
189.43 24.00 17.09
189.79 12.00 19.80
188.91 24.00 19.93
186.17 20.00 19.91
189.32 16.00 15.78
191.93 24.00 19.92
187.83 12.00 19.98
190.96 24.00 15.90
188.38 12.00 19.95
188.26 24.00 19.94
188.79 24.00 19.56
193.33 12.00 15.90
189.24 24.00 19.91
192.09 12.00 19.86
185.67 24.00 19.79
187.16 16.50 19.95
190.30 19.50 15.99
193.88 21.00 19.52
190.08 15.00 15.81
189.86 24.00 19.83
190.55 12.00 19.71
187.60 24.00 19.81
189.19 24.00 19.95
192.99 12.00 15.98
188.80 24.00 19.38
192.25 12.00 15.54
188.03 24.00 19.63
190.54 13.00 20.32
192.63 23.00 18.86
191.67 24.00 19.92
191.30 12.00 19.60
190.18 24.00 15.96
190.41 12.00 19.74
183.79 24.00 19.73
187.76 24.00 19.93
188.84 12.00 17.31
193.05 24.00 18.45
191.68 12.00 19.62
190.46 24.00 15.87
186.92 13.00 19.76
188.21 23.00 20.42
192.89 24.00 19.29
190.14 12.00 19.89
191.01 24.00 15.78
185.16 12.00 19.77
189.57 24.00 19.61
189.11 24.00 19.83
189.09 12.00 20.02
191.95 24.00 15.54
187.99 11.88 18.31
189.80 24.00 17.49
185.65 12.00 19.95
188.12 24.00 19.98
190.28 22.00 19.96
193.86 14.00 15.78
190.31 24.00 19.53
187.87 12.00 19.83
187.35 24.00 19.99
188.62 24.00 19.75
190.19 12.00 15.95
192.95 24.00 19.75
193.94 12.00 15.91
186.95 24.00 19.68
186.00 12.00 19.91
187.63 24.00 19.79
191.24 24.00 19.84
197.09 12.00 15.91
191.20 24.00 19.79
188.85 12.00 19.91
186.89 24.00 19.99
190.76 24.00 19.50
190.92 12.00 19.49
191.77 24.00 15.71
192.30 12.00 19.70
189.14 24.00 15.91
190.71 14.00 21.11
192.72 22.00 22.41
189.23 24.00 15.84
190.80 12.00 19.88
192.13 24.00 15.31
189.09 12.00 19.88
187.40 24.00 19.89
189.89 24.00 19.27
190.46 12.00 19.99
192.20 24.00 15.78
192.78 12.00 19.51
189.75 24.00 19.53
184.97 20.00 19.85
187.23 16.00 19.99
189.59 24.00 18.93
192.85 12.00 16.95
192.29 24.00 19.44
190.79 12.00 16.13
185.48 24.00 19.93
185.66 24.00 19.83
189.29 12.00 19.73
191.62 24.00 15.99
190.09 12.00 19.66
190.35 24.00 15.82
188.27 12.00 19.84
186.10 24.00 19.89
186.98 24.00 19.62
191.22 12.00 19.76
191.93 24.00 15.98
190.17 12.00 19.76
189.95 24.00 19.04
187.66 23.50 19.67
191.77 12.50 15.88
191.42 24.00 19.77
191.88 12.00 18.27
192.57 24.00 17.47
189.54 12.00 19.78
189.11 24.00 19.31
190.33 24.00 19.03
192.26 12.00 16.37
192.30 24.00 19.29
189.99 12.00 19.77
189.79 24.00 19.85
188.18 19.00 19.87
189.18 17.00 15.52
191.85 24.00 19.79
191.78 12.00 19.88
191.52 24.00 15.81
189.30 12.00 20.02
186.16 24.00 19.23
190.12 24.00 19.33
191.13 12.00 18.79
192.81 24.00 15.91
187.66 12.00 19.54
190.13 24.00 19.77
186.13 21.00 19.58
188.69 15.00 15.88
189.18 24.00 19.55
196.37 12.00 15.25
191.28 24.00 19.82
189.16 12.00 19.79
182.49 24.00 19.73
190.73 24.00 19.84
188.20 12.00 19.71
194.03 24.00 15.88
193.80 12.00 19.85
189.35 24.00 19.78
187.99 24.00 19.84
186.41 12.00 19.79
189.17 24.00 15.21
193.09 12.00 19.45
191.89 24.00 16.26
187.29 12.00 19.83
185.91 24.00 19.70
183.66 24.00 19.93
192.16 12.00 15.96
192.68 24.00 19.83
192.68 12.00 15.03
191.02 24.00 19.83
187.91 12.00 19.82
187.06 24.00 19.86
189.87 24.00 19.96
196.90 12.00 15.36
192.10 24.00 19.87
190.74 12.00 19.91
186.76 24.00 19.94
188.03 24.00 19.43
191.79 12.00 17.43
193.40 24.00 18.12
191.65 12.00 18.16
185.99 24.00 21.13
186.93 24.00 19.95
188.16 12.00 19.10
191.21 24.00 15.77
194.67 12.00 16.45
192.29 24.00 19.21
189.19 12.00 19.62
185.84 24.00 19.91
187.75 24.00 19.64
192.80 12.00 19.74
196.06 24.00 15.77
189.89 12.00 19.57
188.73 24.00 15.95
187.15 24.00 23.70
187.62 12.00 19.95
194.32 24.00 15.75
196.74 12.00 19.89
192.38 24.00 15.62
189.45 12.00 19.80
186.86 24.00 19.71
188.03 24.00 19.84
194.56 12.00 19.62
196.52 24.00 15.89
190.58 12.00 19.89
190.34 24.00 19.72
185.94 24.00 19.60
188.30 12.00 19.92
192.73 24.00 19.95
196.04 12.00 15.85
191.81 24.00 17.95
189.10 16.00 20.68
184.69 20.00 20.85
189.68 24.00 19.91
192.75 12.00 15.70
195.75 24.00 15.67
191.00 12.00 19.88
184.86 24.00 19.81
184.14 24.00 19.83
186.91 12.00 19.40
192.19 24.00 19.45
194.91 12.00 15.94
192.32 24.00 15.66
189.23 12.00 19.60
185.19 24.00 19.62
188.32 24.00 19.89
191.98 12.00 19.82
196.56 24.00 15.85
190.07 12.00 19.44
191.14 24.00 19.68
186.57 24.00 19.40
187.11 12.00 19.68
192.53 24.00 15.55
195.00 12.00 19.38
191.15 24.00 15.89
190.30 12.00 19.86
185.15 24.00 23.76
188.83 24.00 15.89
192.06 12.00 19.85
195.61 24.00 15.96
189.90 12.00 19.93
187.18 23.76 19.76
185.46 24.00 19.85
187.66 12.00 19.52
192.16 24.00 18.77
196.08 12.00 15.80
192.90 24.00 15.91
187.99 12.00 19.97
182.22 24.00 20.59
189.80 24.00 18.52
193.32 12.00 19.99
195.48 24.00 15.91
190.05 12.00 19.80
187.43 24.00 19.80
185.96 24.00 19.89
190.78 12.00 19.91
192.52 24.00 19.62
194.50 12.00 15.99
190.08 24.00 19.76
186.46 19.00 19.91
188.34 17.00 19.86
191.26 24.00 19.89
194.99 12.00 15.98
192.14 24.00 19.28
190.21 12.00 15.92
187.05 24.00 19.81
187.68 24.00 19.87
169.24 12.00 18.65
191.53 24.00 16.67
191.05 12.00 20.01
190.28 24.00 15.86
188.96 13.00 19.09
186.08 23.00 19.76
190.44 24.00 19.23
191.75 12.00 19.95
192.66 24.00 15.84
188.46 12.00 19.34
188.93 24.00 19.30
190.56 24.00 19.91
191.23 12.00 15.91
192.90 24.00 19.94
191.92 12.00 19.86
190.56 24.00 19.69
187.49 20.00 19.68
191.57 16.00 15.99
191.07 24.00 19.60
190.61 12.00 19.23
191.41 24.00 15.98
191.75 12.00 19.92
189.13 24.00 19.66
189.67 24.00 19.69
193.05 12.00 19.91
189.46 24.00 19.87
192.39 12.00 15.95
189.79 24.00 19.91
189.68 24.00 19.63
188.47 12.00 19.92
190.92 24.00 18.95
193.07 12.00 16.96
189.39 24.00 19.45
189.10 24.00 19.85
190.12 12.00 15.90
189.05 24.00 19.86
187.90 12.00 19.70
191.15 24.00 19.91
192.24 19.50 19.93
192.14 16.50 15.76
187.83 24.00 19.80
188.90 12.00 19.82
191.45 24.00 19.91
188.93 23.50 19.88
191.05 12.50 15.69
193.42 24.00 19.87
191.73 12.00 19.69
189.92 24.00 19.86
189.20 22.00 19.54
189.42 14.00 15.88
191.61 24.00 19.84
195.08 12.00 19.85
192.04 24.00 19.88
190.16 12.00 15.75
189.30 24.00 19.92
190.97 24.00 19.83
189.75 12.00 19.69
192.46 24.00 19.80
191.99 16.50 19.89
193.21 19.50 15.92
189.20 24.00 19.83
190.92 12.00 19.96
193.43 24.00 19.59
191.75 12.00 15.88
191.14 24.00 19.78
190.80 24.00 19.75
189.76 12.00 19.80
189.94 24.00 19.77
190.78 19.50 19.71
192.19 16.50 15.67
192.52 24.00 19.84
192.29 12.00 19.46
190.05 24.00 20.00
187.39 21.00 19.71
189.60 15.00 17.98
190.53 24.00 17.64
191.06 12.00 19.92
192.31 24.00 19.82
193.39 12.50 15.73
189.93 23.50 19.99
188.62 24.00 20.02
189.12 12.00 19.92
191.73 24.00 19.51
192.71 12.00 15.89
190.85 24.00 19.82
189.55 24.00 19.77
190.24 12.00 19.79
190.98 24.00 19.95
191.08 24.00 19.85
190.79 12.00 16.01
190.18 24.00 19.80
192.17 12.00 19.85
190.11 24.00 19.45
188.51 16.00 17.88
193.15 20.00 16.72
190.85 24.00 19.80
189.42 12.00 19.79
191.91 24.00 15.77
190.48 12.00 19.97
188.01 24.00 19.59
192.30 24.00 19.41
190.34 12.00 19.84
192.92 24.00 17.20
193.66 12.00 18.21
190.38 24.00 19.82
187.77 24.00 19.85
190.92 12.00 19.64
190.80 24.00 19.84
192.56 12.00 15.99
192.87 24.00 19.81
190.94 24.00 19.32
190.28 12.00 19.84
189.87 24.00 19.95
189.64 22.50 19.62
194.96 13.50 15.88
191.96 24.00 19.75
191.39 12.00 19.76
190.75 24.00 19.86
189.76 24.00 19.96
190.88 12.00 19.94
191.48 24.00 15.76
186.79 12.00 19.53
192.44 24.00 16.30
193.65 12.00 19.42
187.38 24.00 19.86
189.51 24.00 19.93
193.07 12.00 19.73
192.37 24.00 15.79
191.22 12.00 19.89
191.25 24.00 19.78
189.65 24.00 19.73
190.65 12.00 19.81
189.00 24.00 19.98
195.67 12.00 15.97
191.43 24.00 19.94
190.25 24.00 19.42
187.45 12.00 19.03
191.40 24.00 19.56
191.67 13.50 16.19
193.62 22.50 19.17
192.05 24.00 19.93
191.85 12.00 17.88
188.17 24.00 21.88
190.53 13.00 15.95
190.63 23.00 19.44
192.75 24.00 19.94
193.63 12.00 19.27
193.44 24.00 15.97
189.51 12.00 19.41
185.09 23.76 19.40
193.72 24.00 19.81
191.55 12.00 19.87
191.91 24.00 15.88
189.06 12.00 19.50
187.86 24.00 19.87
186.15 24.00 19.74
189.76 12.00 19.74
192.98 24.00 15.15
192.39 12.00 19.71
191.91 24.00 19.89
190.90 13.00 16.03
185.63 23.00 22.91
188.21 24.00 19.05
191.54 24.00 18.73
189.60 12.00 19.15
192.98 24.00 16.48
194.32 12.00 19.93
192.03 24.00 14.91
187.96 12.50 19.75
189.33 23.50 19.32
191.41 24.00 19.78
192.27 12.00 19.50
191.77 24.00 15.65
191.66 12.00 19.94
188.77 24.00 19.99
190.27 24.00 19.63
191.27 12.00 16.02
192.82 24.00 19.88
191.54 12.00 18.42
190.30 24.00 17.27
190.49 7.94 15.87
189.51 0.00 16.02
186.77 0.00 20.05
185.68 0.00 16.04
188.10 0.00 16.04
186.27 0.00 16.04
184.54 0.00 16.04
183.79 0.00 16.04
180.44 0.00 16.04
179.78 0.00 16.04
184.22 0.00 16.04
186.00 0.00 16.04
184.26 0.00 16.04
185.21 0.00 16.04
183.54 0.00 16.04
183.98 0.00 20.05
187.04 0.00 16.04
189.33 0.00 16.04
191.85 0.00 16.04
189.56 0.00 16.04
191.47 0.00 12.03
189.51 0.00 16.04
189.85 0.00 16.04
193.65 0.00 16.04
188.58 0.00 16.04
190.87 0.00 12.03
191.35 0.00 16.04
193.62 0.00 16.04
190.31 0.00 16.04
190.45 0.00 12.05
192.61 0.00 16.04
188.95 0.00 16.04
192.22 0.00 13.54
194.58 0.00 14.53
194.08 0.00 16.04
195.69 0.00 12.03
189.20 0.00 16.04
195.31 0.00 12.03
191.60 0.00 16.04
196.47 0.00 12.03
191.71 0.00 16.04
194.61 0.00 12.03
191.35 0.00 16.04
195.33 0.00 12.03
197.27 0.00 16.04
197.62 0.00 16.04
200.07 0.00 12.03
197.55 0.00 16.04
202.41 0.00 12.03
197.93 0.00 16.04
201.76 0.00 12.03
198.51 0.00 16.04
201.77 0.00 12.03
198.31 0.00 16.04
195.96 0.00 12.03
194.65 0.00 16.04
194.26 0.00 12.03
198.06 0.00 12.03
193.72 0.00 16.04
197.47 0.00 12.03
193.65 0.00 16.06
195.70 0.00 12.03
194.11 0.00 16.04
194.20 0.00 12.03
194.78 0.00 15.71
196.94 0.00 12.36
200.06 0.00 12.03
194.47 0.00 16.04
195.10 0.00 12.03
197.06 0.00 12.03
194.23 0.00 16.04
197.97 0.00 12.03
196.99 0.00 12.03
197.00 0.00 12.03
195.36 0.00 16.04
197.53 0.00 12.03
198.33 0.00 12.03
197.68 0.00 12.03
195.67 0.00 16.04
198.05 0.00 12.03
199.20 0.00 12.03
198.84 0.00 12.03
199.11 0.00 12.03
201.07 0.00 12.03
199.01 0.00 12.03
198.47 0.00 12.03
198.94 0.00 12.04
198.42 0.00 16.04
197.16 0.00 12.03
193.78 0.00 8.02
197.86 0.00 12.05
198.83 0.00 12.03
198.07 0.00 12.03
197.72 0.00 12.03
198.77 0.00 12.03
198.95 0.00 12.03
198.88 0.00 12.03
199.15 0.00 12.03
198.57 0.00 12.03
199.75 0.00 12.03
199.32 0.00 12.03
197.81 0.00 12.03
200.05 0.00 12.03
199.43 0.00 12.03
200.27 0.00 10.53
199.45 0.00 9.52
199.23 0.00 12.03
201.61 0.00 12.03
199.75 0.00 12.03
198.94 0.00 12.03
199.14 0.00 12.03
199.60 0.00 12.03
200.39 0.00 12.03
200.87 0.00 12.03
200.16 0.00 12.03
201.44 0.00 12.03
164.71 0.00 8.02
201.57 0.00 12.03
201.17 0.00 12.03
202.36 0.00 12.03
201.85 0.00 9.04
203.76 0.00 11.02
163.43 0.00 12.03
203.34 0.00 8.02
135.73 0.00 8.39
0.00 0.00 0.00
0.00 0.00 0.00
