1.14 0.29 1.90
0.00 0.00 0.00
0.00 0.00 0.00
71.03 0.00 0.00
0.00 0.00 0.00
0.00 0.00 0.00
0.00 0.00 0.00
0.00 0.00 0.00
0.00 0.00 0.45
0.00 0.00 0.00
0.00 0.00 0.00
0.00 0.00 0.00
0.00 0.00 0.00
0.00 0.00 0.00
0.00 0.00 0.00
49.02 0.00 0.00
95.01 40.00 0.00
91.75 0.00 0.00
108.75 0.00 0.00
113.50 0.00 0.00
113.00 0.00 0.00
111.25 0.00 0.00
93.78 40.00 40.00
111.03 40.00 40.00
107.04 40.00 64.21
131.04 40.00 55.41
67.28 80.00 39.88
112.78 40.00 39.96
124.81 105.50 80.04
114.28 247.00 39.96
138.31 127.50 79.95
128.29 0.00 59.64
151.55 0.00 60.30
156.06 0.00 79.91
145.06 96.50 79.97
161.55 249.50 79.98
131.56 54.00 79.95
150.05 0.00 60.37
137.05 0.00 59.50
132.31 0.00 80.05
116.78 123.50 40.03
124.55 249.50 79.96
121.54 27.00 39.97
149.81 0.00 80.03
151.31 0.00 80.02
168.06 0.00 79.93
143.06 183.50 79.98
133.79 216.50 59.46
142.30 0.00 60.21
140.06 0.00 79.78
148.55 0.00 77.47
101.54 0.00 42.61
145.55 214.50 79.89
113.79 185.50 39.98
147.81 0.00 79.98
156.06 0.00 79.95
149.31 0.00 79.99
150.55 40.00 71.44
126.29 249.00 48.61
147.58 109.90 79.02
162.06 0.00 80.05
134.30 0.00 80.03
147.80 0.00 68.09
148.05 143.00 52.55
147.05 249.50 79.09
149.56 7.50 80.02
165.56 0.00 79.98
152.31 0.00 79.98
151.05 54.50 79.93
130.04 250.00 40.03
148.81 95.50 80.02
149.06 0.00 79.96
164.06 0.00 79.98
157.55 0.00 79.80
149.05 178.00 79.96
137.54 222.00 46.69
154.05 0.00 72.65
148.56 0.00 80.02
156.56 0.00 79.64
152.55 63.00 79.74
142.30 250.50 76.72
141.80 86.50 55.45
155.05 0.00 67.56
150.56 0.00 79.41
156.31 0.00 79.84
155.81 240.00 80.01
152.31 160.00 79.99
142.80 0.00 66.71
150.05 0.00 69.00
141.05 0.00 64.29
151.06 86.50 79.64
102.78 251.00 39.89
144.80 62.50 80.03
118.79 0.00 55.70
134.80 0.00 64.35
150.56 0.00 80.05
153.56 70.50 79.89
136.54 249.50 62.71
134.04 80.00 57.36
149.56 0.00 79.80
156.06 0.00 79.99
153.06 0.00 79.98
115.79 179.50 46.28
139.30 220.50 73.72
144.55 0.00 80.05
133.04 0.00 55.19
147.30 0.00 64.82
153.31 0.00 79.87
154.81 240.00 80.02
151.31 160.00 79.99
149.05 0.00 79.22
133.05 0.00 49.42
140.80 0.00 71.31
147.31 72.50 80.05
108.78 249.50 40.02
146.31 78.00 79.94
149.55 0.00 80.01
155.30 0.00 79.95
155.56 0.00 79.44
133.04 155.00 47.38
149.80 245.00 72.98
162.06 0.00 79.74
157.06 0.00 80.03
161.56 0.00 79.99
157.56 67.00 79.97
153.55 251.00 79.80
143.05 82.00 55.71
152.80 0.00 68.81
145.55 0.00 74.97
161.56 0.00 79.78
157.81 228.50 79.73
154.06 171.50 79.91
141.29 0.00 65.71
134.80 0.00 54.24
151.06 0.00 80.01
158.56 96.00 79.90
155.56 251.00 80.04
149.80 53.00 80.02
158.80 0.00 77.38
142.30 0.00 50.76
144.30 4.50 71.85
151.31 251.00 79.97
162.81 144.50 79.73
151.06 0.00 80.06
155.30 0.00 80.05
147.80 0.00 67.69
150.30 166.00 71.50
147.55 234.00 66.81
144.30 0.00 73.96
157.06 0.00 80.03
136.05 0.00 70.18
130.04 0.00 49.79
144.06 247.00 80.02
137.79 153.00 65.11
130.29 0.00 54.45
148.31 0.00 80.03
153.81 0.00 80.02
146.55 46.50 77.16
141.30 250.00 60.98
137.30 103.50 61.72
162.06 0.00 80.02
154.06 0.00 80.00
155.06 0.00 80.02
154.06 203.00 80.05
135.30 197.00 76.62
132.29 0.00 43.21
148.56 0.00 79.51
149.06 0.00 79.86
160.81 75.50 80.04
130.04 248.50 64.71
139.05 76.00 59.77
145.30 0.00 75.44
152.06 0.00 80.02
153.06 0.00 80.10
129.05 183.00 66.20
118.29 217.00 53.86
154.81 0.00 80.03
127.04 0.00 61.21
140.05 0.00 58.78
150.05 0.00 79.95
151.06 229.00 80.05
114.79 171.00 47.27
140.30 0.00 72.77
154.06 0.00 80.04
149.06 0.00 80.05
125.29 21.50 52.18
134.80 251.00 67.80
145.31 127.50 80.03
117.04 0.00 42.24
139.80 0.00 77.75
158.06 0.00 79.99
150.55 58.00 79.94
155.28 251.00 40.03
153.28 91.00 40.03
159.53 0.00 40.03
161.78 0.00 40.03
150.79 0.00 40.03
155.53 0.00 59.21
156.54 0.00 54.04
165.04 0.00 46.86
157.03 108.50 40.03
162.03 221.39 40.03
182.04 0.00 59.21
171.04 0.00 60.93
150.28 0.00 40.03
162.78 0.00 40.03
164.03 0.00 40.03
179.79 0.00 69.21
49.27 0.00 10.84
14.00 0.00 0.00
11.00 0.00 0.00
15.00 0.00 0.00
72.03 0.00 40.03
9.00 0.00 0.00
9.00 0.00 0.00
12.00 0.00 0.00
13.00 0.00 0.00
14.00 0.00 0.00
12.00 0.00 0.00
68.03 0.00 40.03
10.00 0.00 0.00
9.00 0.00 0.00
9.00 0.00 0.00
7.00 0.00 0.00
9.00 0.00 0.00
9.00 0.00 0.00
8.00 0.00 0.00
38.51 0.00 22.68
37.52 0.00 17.34
9.00 0.00 0.00
7.00 0.00 0.00
10.00 0.00 0.00
7.00 0.00 0.00
6.00 0.00 0.02
9.00 0.00 0.00
7.00 0.00 0.00
7.00 0.00 0.00
67.03 0.00 40.03
7.00 0.00 0.00
7.00 0.00 0.00
14.00 0.00 0.00
12.00 0.00 0.00
12.00 0.00 0.00
11.00 0.00 0.00
10.00 0.00 0.00
67.03 0.00 40.03
10.00 0.00 0.00
9.00 0.00 0.00
12.00 0.00 0.00
11.00 0.00 0.00
12.00 0.00 0.00
11.00 0.00 0.00
67.03 0.00 40.03
12.00 0.00 0.00
9.00 0.00 0.00
12.00 0.00 0.00
12.00 0.00 0.00
12.87 0.00 0.00
13.00 0.00 0.00
67.03 0.00 40.03
12.00 0.00 0.00
11.00 0.00 0.00
8.00 0.00 0.00
11.00 0.00 0.00
12.00 0.00 0.00
14.00 0.00 0.00
68.03 0.00 40.03
14.00 0.00 0.01
10.00 0.00 0.00
13.00 0.00 0.00
11.00 0.00 0.00
13.00 0.00 0.00
68.03 0.00 40.03
15.00 0.00 0.00
13.00 0.00 0.00
11.00 0.00 0.00
11.00 0.00 0.00
10.25 0.00 0.00
10.75 0.00 0.00
68.03 0.00 40.03
13.00 0.00 0.00
11.00 0.00 0.00
12.00 0.00 0.00
11.00 0.00 0.00
11.00 0.00 0.00
68.03 0.00 40.03
11.00 0.00 0.00
11.00 0.00 0.00
11.00 0.00 0.00
10.00 0.00 0.00
11.00 0.00 0.00
11.00 0.00 0.00
17.75 0.00 0.00
60.28 0.00 40.03
10.00 0.00 0.00
10.00 0.00 0.00
10.00 0.00 0.00
10.00 0.00 0.00
10.00 0.00 0.00
9.00 0.00 0.00
68.03 0.00 40.03
10.00 0.00 0.00
11.00 0.00 0.02
11.00 0.00 0.00
11.00 0.00 0.00
11.00 0.00 0.00
9.00 0.00 0.00
67.03 0.00 40.03
11.00 0.00 0.00
11.00 0.00 0.00
11.00 0.00 0.00
11.00 0.00 0.00
10.00 0.00 0.00
11.00 0.00 0.00
70.03 0.00 40.03
11.00 0.00 0.00
10.00 0.00 0.00
13.00 0.00 0.00
11.00 0.00 0.00
11.00 0.00 0.00
69.03 0.00 40.03
11.00 0.00 0.00
10.00 0.00 0.00
13.00 0.00 0.00
12.00 0.00 0.00
12.00 0.00 0.00
12.00 0.00 0.00
68.03 0.00 40.03
12.00 0.00 0.00
11.00 0.00 0.00
11.00 0.00 0.00
11.00 0.00 0.00
12.00 0.00 0.00
69.03 0.00 40.03
10.00 0.00 0.00
13.00 0.00 0.00
11.00 0.00 0.00
11.00 0.00 0.02
12.00 0.00 0.00
46.02 0.00 26.69
34.01 0.00 13.34
13.00 0.00 0.00
10.00 0.00 0.00
13.00 0.00 0.00
12.00 0.00 0.00
15.00 0.00 0.00
66.03 0.00 40.03
12.00 0.00 0.00
13.00 0.00 0.00
12.00 0.00 0.00
12.00 0.00 0.00
11.00 0.00 0.00
70.03 0.00 40.03
12.00 0.00 0.00
11.00 0.00 0.00
11.00 0.00 0.00
13.00 0.00 0.00
10.00 0.00 0.00
68.03 0.00 40.03
13.00 0.00 0.00
10.75 0.00 0.00
10.25 0.00 0.00
12.00 0.00 0.00
11.00 0.00 0.00
45.02 0.00 29.19
35.01 0.00 10.84
13.00 0.00 0.00
11.00 0.00 0.00
12.00 0.00 0.00
13.00 0.00 0.01
11.00 0.00 0.00
68.03 0.00 40.03
12.00 0.00 0.00
12.00 0.00 0.00
11.00 0.00 0.00
12.00 0.00 0.00
14.00 0.00 0.00
67.03 0.00 40.03
13.00 0.00 0.00
13.00 0.00 0.00
12.00 0.00 0.00
11.00 0.00 0.00
12.00 0.00 0.00
69.03 0.00 40.03
13.00 0.00 0.00
12.00 0.00 0.00
12.00 0.00 0.00
13.50 0.00 0.00
11.50 0.00 0.00
68.03 0.00 40.03
12.00 0.00 0.00
12.00 0.00 0.00
9.00 0.00 0.00
13.00 0.00 0.00
13.00 0.00 0.00
47.52 0.00 31.69
32.51 0.00 8.34
13.00 0.00 0.00
12.00 0.00 0.00
13.00 0.00 0.00
12.00 0.00 0.00
49.52 0.00 32.21
30.51 0.00 7.84
12.00 0.00 0.00
12.00 0.00 0.00
14.00 0.00 0.00
12.00 0.00 0.00
52.02 0.00 36.19
28.01 0.00 3.84
12.00 0.00 0.00
12.00 0.00 0.00
13.00 0.00 0.00
13.00 0.00 0.00
69.03 0.00 40.03
12.00 0.00 0.00
13.00 0.00 0.00
13.00 0.00 0.00
12.00 0.00 0.00
14.00 0.00 0.00
69.03 0.00 40.03
13.00 0.00 0.00
12.00 0.00 0.00
13.00 0.00 0.00
15.00 0.00 0.00
70.03 0.00 40.03
16.00 0.00 0.00
17.00 0.00 0.00
11.00 0.00 28.67
0.00 0.00 0.00
0.00 0.00 0.00
0.00 0.00 0.00
0.00 0.00 0.01
0.00 0.00 0.00
0.00 0.00 0.00
0.00 0.00 0.00
0.00 0.00 0.00
0.00 0.00 0.00
0.00 0.00 0.00
0.00 0.00 0.00
