1.48 0.32 1.97
0.00 0.00 0.45
0.00 0.00 0.00
26.51 0.00 0.00
44.52 0.00 0.00
0.00 0.00 0.00
0.00 0.00 0.00
0.00 0.00 0.00
0.00 0.00 0.00
0.00 0.00 0.00
0.00 0.00 0.00
0.00 0.00 0.00
0.00 0.00 0.00
0.00 0.00 0.00
0.00 0.00 0.00
0.00 0.00 0.00
109.03 8.00 0.00
102.25 0.00 0.00
98.75 0.00 0.00
112.50 0.00 0.00
112.50 0.00 0.00
110.00 0.00 0.00
124.03 8.00 8.00
177.08 16.00 23.86
157.56 24.00 15.95
171.57 46.50 24.01
153.07 65.50 16.01
199.84 0.00 31.76
184.84 0.00 24.02
186.33 88.00 15.89
199.34 0.00 23.95
189.09 0.00 23.82
183.09 72.00 25.23
192.59 8.00 30.60
201.58 0.00 15.93
192.58 0.00 23.86
172.33 80.00 23.96
188.34 0.00 23.92
191.33 0.00 24.00
189.83 78.00 23.89
189.09 2.00 23.96
189.34 0.00 23.97
197.85 46.00 23.64
178.81 34.00 17.07
196.09 0.00 25.94
201.60 0.00 28.47
183.59 80.00 24.00
204.09 0.00 23.89
203.83 0.00 23.86
193.84 80.00 23.56
193.60 0.00 23.73
200.35 0.00 23.81
202.83 51.00 24.05
202.59 29.00 23.81
190.09 0.00 23.95
196.85 15.50 31.86
192.58 64.50 20.48
204.59 0.00 19.30
198.09 0.00 31.73
190.34 80.00 23.93
192.84 0.00 23.89
201.34 0.00 23.86
193.83 80.00 23.83
205.59 0.00 23.96
192.34 0.00 23.82
185.34 53.50 23.88
196.58 26.50 23.97
189.08 0.00 23.98
178.59 0.00 23.92
168.08 80.00 16.00
189.33 0.00 23.93
181.07 0.00 23.98
186.08 27.00 23.98
178.34 53.00 23.91
181.59 0.00 23.86
194.33 0.00 19.73
193.84 80.00 20.10
188.09 0.00 24.04
184.09 0.00 23.96
191.59 72.00 24.74
195.59 8.00 22.90
204.09 0.00 23.88
190.09 3.50 25.98
195.63 75.74 29.65
202.60 0.00 23.90
200.33 0.00 23.82
193.33 80.00 23.90
206.10 0.00 23.58
201.60 0.00 23.96
192.59 80.00 23.92
200.83 0.00 23.82
198.59 0.00 24.00
184.34 72.00 23.70
211.10 8.00 31.91
202.59 0.00 23.63
185.33 19.00 23.98
200.34 61.00 23.97
188.09 0.00 23.72
181.08 0.00 23.92
191.33 80.00 20.51
195.58 0.00 19.47
183.34 0.00 23.97
187.09 72.00 23.95
175.08 8.00 24.00
183.58 0.00 23.81
188.58 0.00 23.89
181.33 80.00 23.82
188.84 0.00 23.93
186.58 0.00 17.46
193.59 72.00 22.40
193.59 8.00 23.95
190.59 0.00 24.00
189.09 0.00 24.00
203.34 80.00 29.42
200.84 0.00 26.37
202.34 0.00 24.00
191.59 80.00 23.94
207.60 0.00 23.97
194.09 0.00 23.98
199.34 80.00 23.94
206.10 0.00 23.95
192.59 0.00 23.82
190.59 72.00 23.79
199.09 8.00 23.95
191.09 0.00 23.82
198.09 5.50 27.25
195.34 74.50 28.57
199.59 0.00 23.88
197.33 0.00 23.94
195.84 80.00 23.94
187.09 0.00 23.96
198.59 0.00 23.79
179.83 72.00 22.74
205.84 8.00 24.89
199.09 0.00 23.90
195.84 36.50 23.88
191.09 43.50 23.87
201.09 0.00 24.00
199.09 0.00 23.87
205.84 80.00 23.80
186.84 0.00 23.77
206.60 0.00 23.93
187.58 80.00 23.89
200.34 0.00 23.83
195.34 0.00 26.72
203.84 79.00 29.20
206.34 1.00 23.64
197.84 0.00 23.99
201.10 39.50 23.80
200.09 40.50 23.98
191.59 0.00 23.90
206.84 0.00 23.85
193.84 80.00 23.87
193.84 0.00 23.95
190.59 0.00 23.79
197.83 80.00 23.99
196.34 0.00 23.97
192.09 0.00 24.04
190.09 72.00 23.87
198.09 8.00 24.00
195.09 0.00 23.60
190.09 0.00 23.93
188.09 80.00 23.94
206.34 0.00 31.87
197.33 0.00 23.67
208.60 80.00 24.23
204.09 0.00 23.86
200.09 0.00 23.78
193.08 80.00 23.93
208.09 0.00 23.89
193.59 0.00 24.00
194.34 72.00 23.89
194.59 8.00 23.93
201.84 0.00 23.96
191.84 3.50 25.51
204.59 76.50 30.17
191.34 0.00 23.27
206.09 0.00 23.85
198.34 80.00 23.86
196.34 0.00 23.79
196.34 0.00 23.94
201.59 80.00 23.96
204.09 0.00 24.00
192.34 0.00 23.53
190.83 65.50 23.93
191.34 14.50 23.95
201.34 0.00 23.67
194.84 0.00 23.75
200.09 80.00 30.01
194.34 0.00 25.45
201.59 0.00 23.96
190.34 80.00 23.34
209.34 0.00 23.94
191.84 0.00 23.89
198.09 80.00 23.94
204.34 0.00 23.96
205.09 0.00 23.66
192.09 71.50 23.88
195.34 8.50 25.23
203.59 0.00 30.57
194.33 9.50 23.09
193.59 70.50 24.16
214.10 0.00 23.69
194.59 0.00 23.52
195.58 80.00 23.89
204.84 0.00 23.69
184.84 0.00 23.94
202.84 80.00 23.95
197.09 0.00 23.94
198.59 0.00 23.89
195.59 72.00 24.04
198.09 8.00 25.37
206.10 0.00 30.40
195.09 24.50 23.82
199.34 55.50 23.86
193.34 0.00 23.86
191.59 0.00 23.98
202.34 80.00 23.92
185.33 0.00 23.93
177.58 0.00 16.89
188.84 72.00 26.21
186.08 8.00 19.80
188.34 0.00 23.98
193.84 0.00 23.79
173.08 80.00 23.93
191.34 0.00 23.96
183.58 0.00 23.96
178.33 72.00 21.03
200.34 8.00 26.84
190.33 0.00 23.82
184.34 4.50 18.53
192.59 75.50 24.48
189.08 0.00 20.96
199.84 0.00 29.37
197.34 80.00 26.39
196.09 0.00 23.93
199.34 0.00 23.24
198.84 80.00 23.99
197.84 0.00 23.70
198.84 0.00 24.04
190.34 39.00 23.85
195.58 41.00 24.02
194.84 0.00 23.81
191.59 0.00 23.96
197.34 80.00 23.75
197.84 0.00 23.78
205.09 0.00 23.98
191.59 80.00 23.86
191.09 0.00 23.93
205.09 0.00 31.25
184.83 72.00 19.69
203.59 8.00 28.86
190.68 0.00 23.67
175.33 0.00 16.01
193.09 80.00 23.96
189.09 0.00 23.89
198.09 0.00 23.86
190.09 80.00 23.89
192.09 0.00 23.75
191.09 0.00 23.66
185.08 47.50 23.75
199.34 32.50 23.23
195.09 0.00 23.86
191.59 0.00 23.78
200.84 80.00 23.86
195.59 0.00 23.12
197.34 0.00 24.46
203.09 80.00 31.25
201.34 0.00 23.78
200.59 0.00 23.98
203.59 80.00 23.95
195.59 0.00 23.89
190.08 0.00 23.93
195.59 43.00 23.49
197.34 37.00 24.00
194.59 0.00 23.89
204.85 0.00 23.56
196.09 80.00 23.77
196.34 0.00 23.97
190.84 0.00 24.00
192.34 80.00 23.92
197.84 0.00 24.42
197.59 0.00 31.04
185.59 72.00 16.20
190.09 8.00 24.00
190.09 0.00 23.94
181.58 0.00 24.00
191.09 80.00 23.97
190.08 0.00 23.75
196.34 0.00 23.97
190.84 80.00 23.89
188.59 0.00 23.81
196.84 0.00 23.97
190.59 38.00 24.06
198.34 42.00 24.00
200.59 0.00 24.03
199.34 0.00 24.00
198.84 80.00 23.44
195.59 0.00 23.98
205.60 0.00 31.89
198.59 80.00 23.93
191.59 0.00 23.69
208.84 0.00 23.74
185.59 80.00 23.69
206.34 0.00 23.82
206.60 0.00 23.93
189.08 50.50 23.96
204.09 29.50 23.89
194.09 0.00 23.68
201.09 0.50 23.93
201.84 79.50 31.01
198.84 0.00 24.96
203.35 0.00 23.96
189.58 80.00 23.84
204.59 0.00 23.82
200.09 0.00 23.94
198.59 80.00 23.96
205.85 0.00 23.86
198.59 0.00 23.86
198.59 72.00 23.71
201.09 8.00 32.02
198.34 0.00 23.60
206.85 30.50 23.99
195.09 49.50 23.96
195.34 0.00 23.98
193.09 0.00 23.96
200.09 80.00 23.65
208.10 0.00 23.89
195.58 0.00 23.75
200.10 80.00 23.31
196.34 0.00 23.91
200.34 0.00 30.91
195.09 72.00 22.75
202.34 8.00 25.47
196.60 0.00 23.96
204.59 40.00 23.94
207.34 40.00 23.73
198.84 0.00 23.78
199.60 0.00 23.96
193.09 80.00 23.81
193.09 0.00 23.97
201.09 0.00 23.58
191.09 80.00 23.84
189.09 0.00 24.01
191.09 0.00 23.67
203.09 72.00 23.98
195.09 8.00 23.91
193.09 0.00 25.48
197.59 8.50 29.42
198.84 71.50 24.53
202.09 0.00 23.92
201.84 0.00 23.74
191.84 80.00 23.88
203.85 0.00 23.96
196.83 0.00 23.89
204.85 80.00 23.94
197.09 0.00 23.96
199.09 0.00 24.15
198.84 72.00 27.07
197.59 8.00 27.44
212.35 0.00 24.60
188.59 28.00 23.89
189.09 52.00 23.98
206.59 0.00 23.99
196.09 0.00 23.96
202.59 80.00 23.39
205.09 0.00 23.71
196.83 0.00 23.95
195.34 80.00 23.86
189.09 0.00 23.80
201.09 0.00 26.65
196.59 72.00 27.69
202.59 8.00 24.59
190.84 0.00 23.97
206.35 36.00 24.00
200.09 44.00 22.95
197.59 0.00 23.93
206.34 0.00 24.00
193.84 80.00 23.90
195.59 0.00 23.88
198.09 0.00 23.90
195.84 80.00 23.82
198.09 0.00 27.18
197.84 0.00 28.64
201.59 80.00 23.79
201.09 0.00 23.60
199.34 0.00 23.90
207.85 55.00 23.97
195.58 25.00 23.92
194.09 0.00 23.94
190.09 0.00 23.52
189.08 80.00 23.97
197.84 0.00 23.89
196.34 0.00 23.95
193.59 80.00 23.99
191.33 0.00 23.88
190.84 0.00 23.96
194.34 48.00 23.97
190.84 32.00 23.90
192.84 0.00 23.89
187.59 0.00 23.93
187.84 80.00 23.98
185.08 0.00 23.93
193.59 0.00 23.62
189.33 75.50 23.89
189.09 4.50 23.99
204.09 0.00 23.96
184.83 10.00 23.66
190.84 70.00 24.35
193.34 0.00 23.69
194.59 0.00 23.69
192.33 80.00 21.41
191.34 0.00 24.88
206.60 0.00 25.21
192.84 80.00 23.96
199.34 0.00 23.96
202.59 0.00 23.79
190.84 43.00 23.93
200.09 37.00 23.90
204.85 0.00 23.80
195.09 0.00 24.00
197.09 80.00 23.92
188.33 0.00 23.90
198.84 0.00 24.52
192.17 79.21 24.66
210.59 0.00 30.23
195.85 0.00 23.94
199.09 80.00 23.93
209.60 0.00 23.70
196.34 0.00 23.82
192.84 56.50 24.03
197.09 23.50 23.93
197.34 0.00 24.00
200.84 16.50 31.85
186.83 63.50 19.00
199.09 0.00 28.79
200.09 0.00 23.81
195.84 80.00 23.90
192.84 0.00 23.95
192.09 0.00 23.92
195.84 80.00 23.96
193.59 0.00 23.95
199.85 0.00 23.45
190.09 31.50 23.79
189.58 48.50 23.58
200.85 0.00 23.77
196.09 0.00 24.00
198.34 80.00 23.86
206.60 0.00 23.95
195.09 0.00 23.96
189.09 80.00 23.89
196.09 0.00 23.91
195.09 0.00 23.89
193.84 72.00 23.93
199.34 8.00 31.88
190.34 0.00 23.93
199.34 18.50 23.65
195.34 61.50 23.96
190.34 0.00 24.02
196.09 0.00 23.96
191.09 80.00 23.92
196.09 0.00 23.90
194.58 0.00 23.97
189.84 80.00 23.99
194.34 0.00 23.89
198.84 0.00 23.89
186.33 35.50 23.91
188.84 44.50 24.00
184.33 0.00 23.93
172.58 0.00 16.00
192.09 80.00 23.96
192.09 0.00 23.96
195.34 0.00 23.98
200.09 72.00 30.22
184.84 8.00 17.75
192.09 0.00 23.93
194.09 0.00 23.90
193.09 80.00 23.97
199.59 0.00 31.88
201.59 0.00 23.73
192.59 80.00 23.82
202.59 0.00 23.92
191.33 0.00 24.00
186.84 80.00 24.02
183.58 0.00 23.67
191.59 0.00 23.31
187.08 0.00 16.94
191.09 80.00 23.95
197.84 0.00 23.96
188.84 0.00 24.03
197.59 80.00 30.53
198.09 0.00 25.47
194.09 0.00 23.93
196.34 78.00 23.98
199.09 2.00 24.02
178.33 0.00 23.87
200.84 22.00 23.98
187.84 58.00 23.96
189.08 0.00 23.62
199.34 0.00 24.33
182.83 80.00 20.43
187.08 0.00 19.49
195.84 0.00 28.73
187.34 72.00 19.23
190.09 8.00 23.99
190.09 0.00 23.91
189.83 0.00 24.02
193.34 80.00 23.64
193.84 0.00 23.99
189.34 0.00 23.92
196.09 80.00 24.00
184.33 0.00 23.92
196.09 0.00 24.00
197.09 55.50 23.96
194.84 24.50 23.90
201.59 0.00 23.89
200.09 0.00 24.00
186.57 80.00 24.04
199.83 0.00 16.02
196.33 0.00 24.04
189.07 0.00 16.02
202.33 80.00 24.04
182.82 0.00 16.02
202.83 0.00 24.04
191.57 4.00 17.53
193.83 76.00 22.53
178.81 0.00 16.02
196.83 0.00 24.04
183.57 0.00 16.02
191.08 80.00 24.04
188.07 0.00 16.02
186.57 0.00 24.04
192.82 0.00 16.02
201.58 80.00 24.04
188.07 0.00 16.05
201.58 0.00 24.04
184.07 8.50 22.03
204.84 71.50 18.03
205.33 0.00 24.04
205.58 0.00 24.04
193.57 72.00 16.02
199.08 8.00 24.04
201.08 0.00 24.04
186.07 0.00 16.02
189.32 80.00 24.04
189.57 0.00 16.02
199.08 0.00 24.04
196.32 0.00 24.04
202.08 80.00 16.02
199.32 0.00 24.04
186.82 0.00 16.02
192.57 0.00 24.04
214.84 9.89 24.04
49.52 0.00 0.00
70.03 0.00 8.01
68.03 0.00 8.01
13.00 0.00 0.00
72.03 0.00 8.01
71.03 0.00 8.01
17.25 0.00 7.26
57.78 0.00 0.75
68.03 0.00 8.01
11.00 0.00 0.00
70.03 0.00 8.01
71.03 0.00 8.01
12.00 0.00 0.02
68.03 0.00 8.01
34.01 0.00 8.01
43.02 0.00 0.00
66.03 0.00 8.01
7.00 0.00 0.00
37.02 0.00 8.01
37.01 0.00 0.00
21.51 0.00 8.01
54.52 0.00 0.00
8.00 0.00 0.00
67.03 0.00 8.01
9.00 0.00 0.00
66.03 0.00 8.01
7.00 0.00 0.00
67.03 0.00 8.01
7.00 0.00 0.00
65.03 0.00 8.01
8.00 0.00 0.00
50.02 0.00 8.01
22.01 0.00 0.00
10.00 0.00 0.00
64.03 0.00 8.01
8.00 0.00 0.00
66.03 0.00 8.01
13.00 0.00 0.00
71.03 0.00 8.01
67.03 0.00 8.01
12.00 0.00 0.00
66.03 0.00 8.01
25.01 0.00 8.01
53.02 0.00 0.01
67.03 0.00 8.01
8.00 0.00 0.00
69.03 0.00 8.01
10.89 0.00 0.00
69.03 0.00 8.01
69.03 0.00 8.01
10.00 0.00 0.00
68.03 0.00 8.01
47.02 0.00 8.01
30.01 0.00 0.00
68.53 0.00 8.01
11.50 0.00 0.00
69.03 0.00 8.01
69.03 0.00 8.01
12.00 0.00 0.00
68.03 0.00 8.01
67.03 0.00 8.01
11.00 0.00 0.00
68.03 0.00 8.01
9.00 0.00 0.00
68.03 0.00 8.01
55.77 0.00 8.01
26.26 0.00 0.00
68.53 0.00 8.01
69.53 0.00 8.01
12.00 0.00 0.00
68.03 0.00 8.01
66.03 0.00 8.01
13.00 0.00 0.00
68.03 0.00 8.01
56.52 0.00 8.02
25.51 0.00 0.00
70.03 0.00 8.01
70.03 0.00 8.01
11.00 0.00 0.00
67.03 0.00 8.01
32.01 0.00 8.01
47.02 0.00 0.00
68.03 0.00 8.01
11.00 0.00 0.00
69.03 0.00 8.01
69.03 0.00 8.01
11.00 0.00 0.00
68.03 0.00 8.01
43.02 0.00 8.01
36.01 0.00 0.00
67.03 0.00 8.01
12.00 0.00 0.00
67.03 0.00 8.01
19.00 0.00 6.76
59.02 0.00 1.25
69.03 0.00 8.01
9.00 0.00 0.00
68.03 0.00 8.01
29.01 0.00 8.01
49.02 0.00 0.00
68.03 0.00 8.01
10.00 0.00 0.00
66.03 0.00 8.01
11.00 0.00 0.00
66.03 0.00 8.02
32.26 0.00 8.01
44.77 0.00 0.00
67.03 0.00 8.01
11.00 0.00 0.00
68.03 0.00 8.01
48.27 0.00 8.01
28.76 0.00 0.00
69.03 0.00 8.01
11.00 0.00 0.00
66.03 0.00 8.01
63.78 0.00 8.01
13.25 0.00 0.00
68.28 0.00 8.01
26.76 0.00 8.01
53.02 0.00 0.00
66.03 0.00 8.01
11.00 0.00 0.00
67.03 0.00 8.01
69.03 0.00 8.01
12.00 0.00 0.00
68.03 0.00 8.01
67.03 0.00 8.01
13.00 0.00 0.00
68.03 0.00 8.01
59.28 0.00 8.01
18.75 0.00 0.00
69.03 0.00 8.01
48.02 0.00 8.01
30.01 0.00 0.00
69.03 0.00 8.01
33.01 0.00 8.03
48.02 0.00 0.00
68.03 0.00 8.01
26.51 0.00 8.01
53.52 0.00 0.00
69.03 0.00 8.01
11.00 0.00 0.00
67.03 0.00 8.01
68.03 0.00 8.01
13.00 0.00 0.00
68.03 0.00 8.01
68.03 0.00 8.01
11.00 0.00 0.00
69.03 0.00 8.01
68.03 0.00 8.01
11.00 0.00 0.00
67.03 0.00 8.01
70.03 0.00 8.01
12.00 0.00 0.00
67.03 0.00 8.01
69.78 0.00 8.01
10.75 0.00 0.00
68.53 0.00 8.01
68.03 0.00 8.01
22.25 0.00 8.01
58.78 0.00 0.00
69.03 0.00 8.01
44.26 0.00 8.01
35.77 0.00 0.00
70.03 0.00 8.01
64.78 0.00 8.03
15.25 0.00 0.00
68.03 0.00 8.01
69.03 0.00 8.01
12.00 0.00 0.00
69.03 0.00 8.01
69.03 0.00 8.01
10.00 0.00 0.00
69.03 0.00 8.01
68.03 0.00 8.01
10.00 0.00 0.00
68.03 0.00 8.01
70.03 0.00 8.01
11.00 0.00 0.00
67.03 0.00 8.01
65.03 0.00 8.01
16.00 0.00 0.00
67.03 0.00 8.01
53.77 0.00 8.01
25.26 0.00 0.00
70.03 0.00 8.01
60.78 0.00 8.01
17.25 0.00 0.00
69.03 0.00 8.01
70.03 0.00 8.01
11.00 0.00 0.00
68.03 0.00 8.01
68.03 0.00 8.01
13.00 0.00 0.00
68.03 0.00 8.01
68.03 0.00 8.01
12.00 0.00 0.00
70.03 0.00 8.02
68.03 0.00 8.01
12.00 0.00 0.00
69.03 0.00 8.01
69.03 0.00 8.01
17.00 0.00 2.25
63.03 0.00 5.76
68.03 0.00 8.01
59.77 0.00 8.01
23.26 0.00 0.00
68.03 0.00 8.01
68.03 0.00 8.01
12.00 0.00 0.00
70.03 0.00 8.01
69.03 0.00 8.01
11.25 0.00 0.00
67.78 0.00 8.01
68.03 0.00 8.01
12.00 0.00 0.00
67.03 0.00 8.01
69.03 0.00 8.01
11.00 0.00 0.00
70.03 0.00 8.01
67.03 0.00 8.01
12.00 0.00 0.00
68.03 0.00 8.01
70.03 0.00 8.01
32.19 0.00 7.93
50.52 0.00 0.00
68.03 0.00 8.01
45.52 0.00 8.01
34.51 0.00 0.01
68.03 0.00 8.01
63.03 0.00 8.01
18.50 0.00 0.00
69.53 0.00 8.01
69.03 0.00 8.01
11.00 0.00 0.00
69.03 0.00 8.01
69.03 0.00 8.01
40.26 0.00 8.01
38.77 0.00 0.00
70.03 0.00 8.01
69.03 0.00 8.01
23.01 0.00 8.01
59.77 0.00 0.00
68.28 0.00 8.01
69.03 0.00 8.01
13.00 0.00 0.00
69.03 0.00 8.01
71.03 0.00 8.01
43.76 0.00 8.01
37.27 0.00 0.00
69.03 0.00 8.01
69.03 0.00 8.01
43.76 0.00 8.01
39.27 0.00 0.00
71.03 0.00 8.01
70.03 0.00 8.01
72.03 0.00 8.01
72.03 0.00 8.01
73.03 0.00 8.01
1.00 0.00 4.67
0.00 0.00 0.00
0.00 0.00 0.00
0.00 0.00 0.00
0.00 0.00 0.00
0.00 0.00 0.00
0.00 0.00 0.00
0.00 0.00 0.00
0.00 0.00 0.00
0.00 0.00 0.00
0.00 0.00 0.00
