09/07/2015 (24 CPU)
  
%usr %sys %iowait
3.16 1.17 0.00
0.96 1.79 1.42
4.17 0.75 0.12
1.50 0.08 0.00
0.08 0.13 0.00
1.00 0.25 2.68
1.04 0.54 2.76
0.92 0.17 3.30
0.88 0.08 3.26
1.25 0.29 3.34
0.38 0.75 4.26
0.25 0.46 3.97
0.13 0.54 4.31
0.21 0.63 3.88
0.25 0.63 4.01
0.21 0.63 4.18
0.29 0.59 4.10
0.17 0.63 4.35
0.63 0.54 3.93
0.25 0.54 4.18
0.25 0.50 3.97
0.25 0.63 3.97
0.25 0.79 4.30
0.17 0.84 4.39
0.25 0.58 4.01
0.17 0.79 4.01
0.13 0.50 4.02
0.25 0.67 4.26
0.25 0.84 4.22
0.29 0.67 4.26
0.29 0.54 3.97
0.17 0.50 3.97
0.17 0.75 4.47
0.21 0.54 4.23
0.75 0.79 4.26
0.21 0.71 3.96
0.21 0.71 4.22
0.13 0.63 4.31
0.25 0.75 3.92
0.33 0.63 4.18
0.21 0.67 4.27
0.25 0.75 4.18
0.17 0.59 4.10
0.25 0.54 3.97
0.33 0.46 4.18
0.17 0.67 3.97
0.21 0.88 4.18
0.29 0.67 4.35
0.25 0.59 4.18
0.25 0.59 3.97
0.21 0.67 3.97
0.25 0.63 4.14
0.21 0.67 4.35
0.25 0.71 4.22
0.25 0.71 3.97
0.13 0.67 4.18
0.25 0.71 3.96
0.08 0.59 4.06
0.25 0.79 4.13
0.29 0.67 4.22
0.13 0.92 4.22
0.33 0.58 3.97
0.29 0.83 4.25
0.17 0.54 3.98
0.21 0.79 4.18
0.29 0.59 3.97
0.71 0.67 4.22
0.25 0.71 4.22
0.21 0.71 4.01
0.33 0.71 4.09
0.29 0.71 4.01
0.29 0.67 4.22
0.33 0.67 4.34
0.21 0.46 3.97
0.21 0.59 3.97
0.25 0.63 4.18
0.38 0.58 4.18
0.25 0.75 4.05
0.25 0.79 4.18
0.25 0.63 4.18
0.29 0.50 4.02
0.17 0.71 3.93
0.25 0.54 4.35
0.25 0.79 4.22
0.21 0.79 4.18
0.29 0.46 4.01
0.21 0.71 3.97
0.29 0.75 4.34
0.25 0.50 4.19
0.08 0.63 3.98
0.21 0.71 3.84
0.17 0.63 3.76
0.42 0.54 3.88
0.17 0.67 3.76
0.29 0.71 3.84
0.29 0.67 3.84
0.25 0.63 3.85
0.25 0.63 3.93
0.21 0.59 3.76
0.17 0.67 3.76
0.29 0.54 3.93
0.17 0.67 4.22
0.42 0.63 4.13
0.17 0.67 4.23
0.21 0.54 4.18
0.17 0.67 3.97
0.17 0.63 4.22
0.25 0.75 4.14
0.17 0.50 4.19
0.29 0.67 4.22
0.17 0.71 4.01
0.21 0.63 4.09
0.17 0.67 4.06
0.21 0.59 4.22
0.29 0.67 3.97
0.21 0.54 4.23
0.21 0.63 4.22
0.17 0.67 4.05
0.21 0.63 4.14
0.25 0.67 4.01
0.29 0.71 4.22
0.33 0.63 4.18
0.17 0.75 4.05
0.21 0.71 4.18
0.17 0.63 3.97
0.21 0.63 4.18
0.21 0.67 4.01
0.29 0.59 4.26
0.21 0.79 4.21
0.21 0.79 4.01
0.75 0.58 4.18
0.17 0.92 4.00
0.25 0.59 4.31
0.33 0.79 4.13
0.17 0.79 4.01
0.21 0.71 4.05
0.21 0.79 3.96
0.17 0.54 4.27
0.25 0.67 4.01
0.17 0.50 4.23
0.25 0.59 4.18
0.17 0.71 3.97
0.21 0.59 4.35
0.29 0.54 3.97
0.25 0.59 4.22
0.25 0.71 3.96
0.17 0.71 4.18
0.25 0.67 4.31
0.17 0.59 3.97
0.25 0.83 4.21
0.21 0.63 4.01
0.25 0.50 4.19
0.17 0.63 4.22
0.29 0.59 3.89
0.21 0.71 4.18
0.21 0.71 3.97
0.25 0.79 4.21
0.13 0.75 4.18
0.21 0.63 4.02
0.17 0.67 4.18
0.21 0.58 3.97
0.21 0.63 4.14
0.25 0.75 4.09
0.21 0.63 4.18
0.25 0.79 4.21
0.21 0.88 3.96
0.17 0.63 4.22
0.21 0.63 4.01
0.13 0.67 4.18
0.29 0.71 3.92
0.33 0.59 4.22
0.29 0.67 4.22
0.21 0.63 4.31
0.33 0.58 4.17
0.21 0.67 4.01
0.25 0.67 4.22
0.17 0.75 4.22
0.25 0.67 4.09
0.17 0.54 4.27
0.21 0.63 3.97
0.29 0.63 4.18
0.21 0.63 4.01
0.42 0.75 4.25
0.17 0.79 4.22
0.25 0.75 4.01
0.17 0.67 4.14
0.25 0.63 4.01
0.33 0.63 4.22
0.25 0.54 4.18
0.38 0.58 4.05
0.17 0.63 4.14
0.13 0.54 4.02
0.21 0.59 4.18
0.17 0.71 4.01
0.25 0.71 4.18
0.29 0.79 4.21
0.25 0.67 4.01
0.17 0.71 4.31
0.13 0.63 3.97
0.29 0.63 4.22
0.17 0.71 4.18
0.29 0.50 3.97
0.25 0.71 4.26
0.29 0.75 3.96
0.21 0.54 4.23
0.25 0.63 3.97
0.21 0.54 4.23
0.17 0.63 4.23
0.21 0.63 4.10
0.29 0.46 3.97
0.17 0.54 3.93
0.33 0.54 4.22
0.17 0.63 4.23
0.25 0.63 3.97
0.25 0.59 4.22
0.17 0.63 3.93
0.13 0.75 4.22
0.21 0.71 4.05
0.17 0.67 4.18
0.21 0.84 4.22
0.25 0.63 3.97
0.08 0.63 4.06
0.25 0.63 3.97
0.25 0.67 4.22
0.17 0.54 4.19
0.29 0.75 3.96
0.21 0.63 4.22
0.25 0.58 4.09
0.17 0.54 4.19
0.13 0.59 4.10
0.17 0.59 4.06
0.21 0.79 4.26
0.25 0.59 4.10
0.29 0.50 4.18
0.21 0.67 3.97
0.29 0.75 4.21
0.21 0.79 4.17
0.25 0.63 4.14
0.29 0.75 4.21
0.17 0.79 3.92
0.29 0.59 4.18
0.33 0.67 4.22
0.21 0.63 4.18
0.25 0.75 4.18
0.17 0.59 3.93
0.17 0.71 4.22
0.25 0.67 3.97
0.25 0.54 4.43
0.25 0.67 4.18
0.21 0.75 3.97
0.13 0.75 4.22
0.29 0.67 4.09
0.08 0.67 4.10
0.25 0.71 4.22
0.25 0.67 4.01
0.25 0.75 4.18
0.29 0.75 4.17
0.21 0.71 4.17
0.54 0.63 4.19
0.13 0.50 4.02
0.25 0.75 4.13
0.25 0.67 4.01
0.25 0.71 4.59
0.29 0.67 4.18
0.17 0.63 3.97
0.25 0.54 4.14
0.17 0.63 4.02
0.25 0.75 4.34
0.21 0.75 4.09
0.25 0.59 4.01
0.25 0.67 4.22
0.13 0.50 3.98
0.21 0.71 4.18
0.25 0.63 3.97
0.25 0.75 4.18
0.21 0.59 4.18
0.17 0.54 3.93
0.29 0.54 4.35
0.17 0.67 3.97
0.25 0.75 4.22
0.21 0.59 4.02
0.21 0.46 4.10
0.17 0.75 4.30
0.25 0.75 3.96
0.17 0.67 4.22
0.25 0.67 4.01
0.17 0.75 4.18
0.33 0.54 4.26
0.17 0.83 3.96
0.21 0.75 4.18
0.21 0.67 3.97
0.25 0.71 4.18
0.21 0.67 3.89
0.21 0.63 3.80
0.17 0.67 4.14
0.17 0.67 4.01
0.25 0.50 4.18
0.25 0.67 4.05
0.21 0.71 4.18
0.21 0.63 4.22
0.33 0.83 3.92
0.21 0.71 4.22
0.21 0.75 3.97
0.33 0.58 4.18
0.33 0.67 3.97
0.17 0.75 4.18
0.33 0.63 4.22
0.13 0.75 4.10
0.25 0.67 4.17
0.21 0.63 3.97
0.25 0.71 4.18
0.25 0.79 4.17
0.21 0.63 4.14
0.29 0.79 4.17
0.25 0.71 3.92
0.33 0.67 4.17
0.29 0.71 3.97
0.29 0.54 4.35
0.33 0.63 4.14
0.25 0.71 4.01
0.17 0.63 4.18
0.21 0.67 4.06
0.25 0.63 4.27
0.21 0.71 4.22
0.13 0.50 3.94
0.21 0.75 4.22
0.21 0.71 3.92
0.29 0.50 4.35
0.25 0.75 3.97
0.29 0.59 4.22
0.17 0.63 4.18
0.21 0.75 3.96
0.25 0.67 4.18
0.25 0.59 3.97
0.21 0.63 4.18
0.29 0.63 4.22
0.08 0.71 3.97
0.17 0.59 4.31
0.17 0.67 4.01
0.17 0.63 4.18
0.25 0.63 3.76
0.29 0.67 3.88
0.25 0.50 4.23
0.21 0.59 3.97
0.21 0.67 4.18
0.29 0.54 3.97
0.33 0.71 4.17
0.25 0.79 4.34
0.17 0.71 4.01
0.29 0.63 4.13
0.21 0.63 4.01
0.13 0.79 4.18
0.17 0.71 4.26
0.21 0.79 4.05
0.29 0.71 4.13
0.21 0.67 3.97
0.25 0.71 4.18
0.17 0.63 4.10
0.25 0.63 4.22
0.21 0.71 4.18
0.21 0.71 4.01
0.29 0.75 4.13
0.25 0.63 4.14
0.25 0.63 4.14
0.25 0.54 4.06
0.21 0.71 4.18
0.13 0.79 4.18
0.21 0.67 4.18
0.25 0.54 4.14
0.33 0.58 4.01
0.25 0.75 4.17
0.25 0.79 4.17
0.25 0.83 4.05
0.17 0.75 4.18
0.33 0.63 3.97
0.21 0.50 4.18
0.17 0.71 4.01
0.38 0.54 4.18
0.25 0.75 4.17
0.21 0.59 3.93
0.29 0.67 4.22
0.25 0.63 3.93
0.25 0.79 4.26
0.21 0.71 4.10
0.21 0.71 4.01
0.13 0.79 4.22
0.17 0.67 4.01
0.25 0.67 4.26
0.29 0.75 4.01
0.13 0.79 4.18
0.25 0.63 4.18
0.21 0.67 4.01
0.17 0.54 4.27
0.17 0.63 3.97
0.29 0.63 4.18
0.21 0.92 4.09
0.21 0.59 3.97
0.29 0.58 4.34
0.13 0.67 3.97
0.21 0.50 4.19
0.21 0.46 4.02
0.21 0.67 4.14
0.29 0.50 4.35
0.17 0.79 3.97
0.21 0.58 4.22
0.21 0.63 4.01
0.21 0.67 4.26
0.25 0.59 4.31
0.25 0.59 3.97
0.17 0.67 4.14
0.17 0.59 4.02
0.17 0.59 4.18
0.25 0.50 4.39
0.29 0.67 4.18
0.29 0.88 4.09
0.17 0.67 3.97
0.21 0.71 4.22
0.21 0.71 4.09
0.25 0.75 4.21
0.33 0.54 3.97
0.25 0.75 4.18
0.21 0.59 4.22
0.13 0.71 4.10
0.38 0.71 4.25
0.38 0.75 4.00
0.29 0.67 4.18
0.25 0.71 4.22
0.29 0.67 4.05
0.25 0.46 4.23
0.29 0.75 3.96
0.21 0.92 4.25
0.29 0.67 4.18
0.13 0.67 4.14
0.25 0.59 4.18
0.13 0.67 3.97
0.29 0.67 4.22
0.25 0.54 4.02
0.17 0.75 4.34
0.21 0.54 4.23
0.21 0.71 4.01
0.25 0.54 4.22
0.17 0.71 4.01
0.25 0.59 4.22
0.21 0.83 4.26
0.17 0.79 4.01
0.17 0.71 4.18
0.21 0.79 4.05
0.17 0.71 4.18
0.17 0.54 4.06
0.33 0.79 4.17
0.25 0.54 4.19
0.21 0.67 4.05
0.13 0.50 4.31
0.17 0.59 4.02
0.17 0.92 4.21
0.17 0.63 4.18
0.13 0.71 4.02
0.25 0.67 4.39
0.17 0.67 4.01
0.21 0.63 4.18
0.21 0.75 4.05
0.21 0.75 4.18
0.25 0.79 4.34
0.21 0.67 4.01
0.21 0.59 4.18
0.17 0.75 3.80
0.17 0.83 4.22
0.17 0.88 4.30
0.29 0.63 3.72
0.21 0.79 4.22
0.17 0.88 4.00
0.21 0.67 4.14
0.29 0.46 4.14
0.25 0.71 4.18
0.21 0.59 4.22
0.17 0.75 4.01
0.29 0.54 4.18
0.25 0.67 4.14
0.29 0.63 4.22
0.25 0.79 4.18
0.25 0.54 4.02
0.33 0.38 4.18
0.21 0.42 4.15
0.29 0.54 4.14
0.21 0.71 4.01
0.25 0.71 4.22
0.25 0.59 4.18
0.21 0.75 4.18
0.21 0.63 4.22
0.21 0.71 4.01
0.25 0.79 4.22
0.17 0.63 4.18
0.21 0.59 4.14
0.13 0.67 4.22
0.25 0.59 3.97
0.21 0.59 4.22
0.25 0.83 3.96
0.29 0.50 4.10
0.33 0.59 4.18
0.17 0.63 4.01
0.21 0.67 4.18
0.25 0.54 4.02
0.25 0.67 4.30
0.25 0.79 4.18
0.21 0.71 4.01
0.21 0.71 4.26
0.21 0.59 3.97
0.29 0.71 4.22
0.29 0.75 4.01
0.21 0.63 4.10
0.25 0.54 4.18
0.21 0.50 4.02
0.25 0.63 4.30
0.17 0.63 4.01
0.71 0.67 4.22
0.25 0.79 4.17
0.13 1.13 3.60
0.17 0.71 4.38
0.21 0.54 4.02
0.21 0.46 4.18
0.29 0.75 4.01
0.25 0.63 4.18
0.25 0.75 4.34
0.13 0.42 4.03
0.21 0.75 4.21
0.17 0.63 3.98
0.29 0.42 4.14
0.21 0.71 4.35
0.29 0.59 3.97
0.29 0.58 4.26
0.25 0.50 4.02
0.29 0.71 4.22
0.21 0.50 4.15
0.21 0.50 4.06
0.17 0.59 4.23
0.21 0.71 4.05
0.33 0.67 4.17
0.21 0.59 4.18
0.21 0.75 4.22
0.21 0.83 4.22
0.29 0.75 4.01
0.33 0.75 4.21
0.29 0.67 4.09
0.17 0.59 4.23
0.21 0.67 4.18
0.13 0.71 4.01
0.17 0.63 4.18
0.29 0.59 4.01
0.25 0.71 3.93
0.17 0.59 4.18
0.33 0.54 3.97
0.13 0.75 4.18
0.38 0.71 4.09
0.29 0.59 4.22
0.17 0.63 4.14
0.21 0.83 4.05
0.08 0.67 4.22
0.33 0.63 4.09
0.25 0.63 4.22
0.33 0.79 4.17
0.25 0.67 4.01
0.17 0.75 4.22
0.33 0.71 4.09
0.17 0.59 4.23
0.17 0.71 4.18
0.29 0.71 4.01
0.13 0.67 4.22
0.21 0.71 4.09
0.21 0.79 4.22
0.17 0.75 3.97
0.21 0.63 4.22
0.21 0.50 4.23
0.21 0.63 4.14
0.17 0.54 4.23
0.29 0.67 4.09
0.13 0.75 4.14
0.21 0.58 4.26
0.17 0.79 4.05
0.21 0.71 4.22
0.21 0.67 3.97
0.13 0.71 4.26
0.21 0.71 3.85
0.25 0.63 3.64
0.33 0.67 3.72
0.29 0.67 3.76
0.13 0.63 4.06
0.17 0.63 4.23
0.17 0.50 4.14
0.25 0.67 4.22
0.29 0.75 4.13
0.08 0.79 4.02
0.25 0.75 4.21
0.17 0.67 4.14
0.21 0.54 4.27
0.21 0.59 3.97
0.21 0.50 4.19
0.21 0.75 4.22
0.13 0.67 4.10
0.21 0.75 4.22
0.29 0.54 4.01
0.13 0.71 4.22
0.21 0.67 4.22
0.17 0.71 4.10
0.25 0.67 4.22
0.17 0.67 4.22
0.21 0.59 3.97
0.21 0.67 4.22
0.08 0.71 4.10
0.25 0.63 4.18
0.25 0.67 4.05
0.17 0.46 4.19
0.33 0.67 4.22
0.13 0.50 4.10
0.13 0.59 4.14
0.33 0.75 4.00
0.17 0.75 4.18
0.25 0.59 4.22
0.29 0.75 4.13
0.29 0.79 4.17
0.17 0.59 4.02
0.33 0.75 4.21
0.21 0.63 4.18
0.21 0.63 4.10
0.17 0.71 4.18
0.25 0.59 3.97
0.17 0.63 4.26
0.25 0.71 4.22
0.25 0.54 4.10
0.29 0.75 4.18
0.21 0.67 4.18
0.25 0.63 4.01
0.21 0.75 4.22
0.21 0.67 4.10
0.13 0.63 4.23
0.33 0.67 4.18
0.17 0.75 4.05
0.21 0.50 4.19
0.13 0.88 4.01
0.17 0.59 4.18
0.29 0.50 4.06
0.21 0.67 4.18
0.21 0.46 4.23
0.13 0.79 4.09
0.21 0.50 4.14
0.17 0.67 4.01
0.21 0.63 4.18
0.13 0.71 4.06
0.17 0.67 4.10
0.29 0.63 4.22
0.21 0.58 4.01
0.25 0.79 4.22
0.29 0.75 4.21
0.25 0.71 4.05
0.33 0.79 4.13
0.17 0.75 3.96
0.21 0.75 4.22
0.25 0.71 4.22
0.42 0.79 4.12
0.25 0.79 4.22
0.25 0.71 4.05
0.25 0.63 4.22
0.25 0.63 4.22
0.25 0.67 4.01
0.25 0.63 4.22
0.29 0.71 4.01
0.21 0.59 4.19
0.17 0.67 4.26
0.38 0.75 4.05
0.25 0.71 3.80
0.17 0.59 3.56
0.29 0.63 3.76
0.25 0.54 3.73
0.17 0.54 4.02
0.17 0.54 4.18
0.21 0.67 4.01
0.29 0.63 4.22
0.29 0.50 3.64
0.25 0.79 4.34
0.38 0.63 4.17
0.25 0.63 4.18
0.21 0.75 4.01
0.29 0.67 4.22
0.33 0.63 4.09
0.33 0.79 4.16
0.33 0.54 4.01
0.29 0.71 4.22
0.13 0.67 4.23
0.25 0.67 4.09
0.17 0.63 4.18
0.17 0.59 4.06
0.33 0.71 4.22
0.17 0.79 4.22
0.21 0.63 3.97
0.42 0.54 4.22
0.38 0.67 3.96
0.17 0.79 4.18
0.33 0.79 3.84
0.29 0.50 3.72
0.50 0.58 3.68
0.33 0.71 3.68
0.38 0.75 3.63
0.33 0.46 3.68
0.46 0.63 3.76
0.50 0.34 3.60
0.54 0.54 3.51
0.58 0.63 3.47
0.42 0.59 3.55
0.46 0.63 3.67
0.50 0.67 3.63
0.54 0.63 3.63
0.58 0.63 3.63
0.38 0.67 3.64
0.38 0.50 3.81
0.42 0.58 3.68
0.38 0.54 3.68
0.42 0.63 3.67
0.38 0.54 3.64
0.25 0.71 3.84
0.42 0.58 3.72
0.33 0.54 3.72
0.38 0.42 3.68
0.50 0.42 3.63
0.46 0.71 3.38
0.29 0.50 3.31
0.42 0.63 3.30
0.46 0.50 3.34
0.38 0.54 3.59
0.46 0.54 3.80
0.42 0.46 3.63
0.42 0.42 3.72
0.46 0.58 3.67
0.33 0.63 3.67
0.38 0.63 3.76
0.42 0.75 3.33
0.38 0.59 3.26
0.38 0.54 3.38
0.42 0.67 3.59
0.38 0.58 3.72
0.33 0.50 3.72
0.33 0.38 3.68
0.33 0.54 3.68
0.33 0.67 3.63
0.29 0.58 3.68
0.25 0.59 3.68
0.29 0.50 3.72
0.42 0.54 3.72
0.42 0.46 3.63
0.38 0.58 3.76
0.33 0.46 3.72
0.42 0.42 3.72
0.33 0.46 3.68
0.29 0.54 3.72
0.33 0.54 3.80
0.29 0.50 3.68
0.25 0.54 3.76
0.29 0.46 3.72
0.46 0.58 3.71
0.29 0.42 3.81
0.42 0.63 3.67
0.29 0.42 3.72
0.33 0.58 3.68
0.33 0.42 3.72
0.29 0.50 3.89
0.46 0.54 3.68
0.46 0.50 3.71
0.33 0.54 3.63
0.54 0.54 3.71
0.33 0.50 3.80
0.33 0.46 3.72
0.42 0.50 3.71
0.75 0.59 3.72
0.25 0.50 3.72
0.46 0.67 3.50
0.38 0.63 3.34
0.29 0.63 3.38
0.33 0.50 3.39
0.38 0.58 3.51
0.29 0.50 3.84
0.29 0.54 3.68
0.29 0.42 3.72
0.25 0.63 3.72
0.42 0.42 3.72
0.38 0.50 3.84
0.33 0.46 3.72
0.50 0.42 3.71
0.25 0.63 3.51
0.25 0.46 3.73
0.46 0.50 3.80
0.25 0.46 3.68
0.29 0.46 3.68
0.33 0.50 3.64
0.33 0.58 3.67
0.50 0.46 3.67
0.42 0.50 3.67
0.29 0.50 3.68
0.29 0.58 3.67
0.33 0.46 3.72
0.33 0.67 3.79
0.25 0.54 3.68
0.38 0.46 3.68
0.29 0.67 3.67
0.29 0.54 3.68
0.29 0.50 3.80
0.25 0.58 3.76
0.33 0.46 3.72
0.29 0.50 3.68
0.46 0.62 3.71
0.25 0.59 3.80
0.25 0.63 3.71
0.29 0.63 3.71
0.25 0.58 3.72
0.29 0.50 3.72
0.13 1.25 3.13
0.38 0.50 3.71
0.33 0.50 3.72
0.29 0.50 3.72
0.29 0.58 3.71
0.29 0.54 3.76
0.42 1.04 3.05
0.21 0.38 3.68
1.09 0.38 2.55
4.33 0.04 0.00
0.63 0.00 0.13
