3431 0 0 0 0 0 1980 0
13269 0 0 0 0 0 0 0
13653 0 0 0 0 0 0 0
13004 0 0 0 0 0 0 0
13274 0 0 0 0 0 0 0
12831 0 0 0 0 0 0 0
12850 0 0 0 0 0 0 0
13216 0 0 0 0 0 0 0
12453 0 0 0 0 0 0 0
12585 0 0 0 0 0 0 0
7736 0 0 0 0 0 0 0
5411 0 0 0 0 0 0 0
12922 0 0 0 0 0 0 0
12672 0 0 0 0 0 0 0
13010 0 0 0 0 0 0 0
13094 0 0 0 0 0 0 0
13385 0 0 0 0 0 0 0
13201 0 0 0 0 0 0 0
12866 0 0 0 0 0 0 0
11393 0 0 0 0 0 0 0
13072 0 0 0 0 0 0 0
12819 0 0 0 0 0 0 0
13576 0 0 0 0 0 0 0
13631 0 0 0 0 0 0 0
13021 0 0 0 0 0 0 0
12725 0 0 0 0 0 0 0
12680 0 0 0 0 0 0 0
12719 0 0 0 0 0 0 0
11703 0 0 0 0 0 0 0
12690 0 0 0 0 0 0 0
13689 0 0 0 0 0 0 0
12772 0 0 0 0 0 0 0
13085 0 0 0 0 0 0 0
12692 0 0 0 0 0 0 0
13242 0 0 0 0 0 0 0
13454 0 0 0 0 0 0 0
12526 0 0 0 0 0 0 0
12967 0 0 0 0 0 0 0
12677 0 0 0 0 0 0 0
12441 0 0 0 0 0 0 0
11967 0 0 0 0 0 0 0
13584 0 0 0 0 0 0 0
13208 0 0 0 0 0 0 0
13521 0 0 0 0 0 0 0
13425 0 0 0 0 0 0 0
13517 0 0 0 0 0 0 0
12210 0 0 0 0 0 0 0
12312 0 0 0 0 0 0 0
11729 0 0 0 0 0 0 0
11893 0 0 0 0 0 0 0
12307 0 0 0 0 0 0 0
13398 0 0 0 0 0 0 0
13859 0 0 0 0 0 0 0
13008 0 0 0 0 0 0 0
13043 0 0 0 0 0 0 0
13067 0 0 0 0 0 0 0
11234 0 0 0 0 0 0 0
11613 0 0 0 0 0 0 0
12001 0 0 0 0 0 0 0
12430 0 0 0 0 0 0 0
11880 0 0 0 0 0 0 0
11744 0 0 0 0 0 0 0
11705 0 0 0 0 0 0 0
11954 0 0 0 0 0 0 0
12825 0 0 0 0 0 0 0
13075 0 0 0 0 0 0 0
13278 0 0 0 0 0 0 0
11575 0 0 0 0 0 0 0
8620 0 0 0 0 0 0 0
9923 0 0 0 0 0 0 0
9347 0 0 0 0 0 0 0
11990 0 0 0 0 0 0 0
10334 0 0 0 0 0 0 0
11763 0 0 0 0 0 0 0
12353 0 0 0 0 0 0 0
13011 0 0 0 0 0 0 0
13639 0 0 0 0 0 0 0
13599 0 0 0 0 0 0 0
13604 0 0 0 0 0 0 0
13285 0 0 0 0 0 0 0
13064 0 0 0 0 0 0 0
12609 0 0 0 0 0 0 0
12142 0 0 0 0 0 0 0
12155 0 0 0 0 0 0 0
9862 0 0 0 0 0 0 0
12333 0 0 0 0 0 0 0
12962 0 0 0 0 0 0 0
11515 0 0 0 0 0 0 0
11644 0 0 0 0 0 0 0
11394 0 0 0 0 0 0 0
12144 0 0 0 0 0 0 0
11335 0 0 0 0 0 25 0
12675 0 0 0 0 0 88 0
11346 0 0 0 0 0 68 0
12676 0 0 0 0 0 76 0
13304 0 0 0 0 0 64 0
12345 0 0 0 0 0 57 0
11754 0 0 0 0 0 52 0
12567 0 0 0 0 0 47 0
11617 0 0 0 0 0 33 0
12180 0 0 0 0 0 32 0
11738 0 0 0 0 0 21 0
11503 0 0 0 0 0 33 0
11347 0 0 0 0 0 27 0
11749 0 0 0 0 0 20 0
11612 0 0 0 0 0 24 0
12132 0 0 0 0 0 25 0
11392 0 0 0 0 0 14 0
12311 0 0 0 0 0 14 0
12203 0 0 0 0 0 15 0
11159 0 0 0 0 0 18 0
11995 0 0 0 0 0 8 0
11861 0 0 0 0 0 3 0
12110 0 0 0 0 0 9 0
11450 0 0 0 0 0 7 0
12001 0 0 0 0 0 6 0
11759 0 0 0 0 0 3 0
11412 0 0 0 0 0 8 0
11624 0 0 0 0 0 4 0
11990 0 0 0 0 0 5 0
11768 0 0 0 0 0 0 0
11796 0 0 0 0 0 3 0
11560 0 0 0 0 0 3 0
12421 0 0 0 0 0 2 0
11643 0 0 0 0 0 1 0
11790 0 0 0 0 0 2 0
11342 0 0 0 0 0 1 0
11476 0 0 0 0 0 2 0
11616 0 0 0 0 0 0 0
12799 0 0 0 0 0 3 0
11617 0 0 0 0 0 0 0
12121 0 0 0 0 0 1 0
12542 0 0 0 0 0 1 0
13123 0 0 0 0 0 0 0
13551 0 0 0 0 0 1 0
12507 0 0 0 0 0 0 0
12326 0 0 0 0 0 1 0
12113 0 0 0 0 0 0 0
12510 0 0 0 0 0 0 0
12647 0 0 0 0 0 0 0
12258 0 0 0 0 0 0 0
12117 0 0 0 0 0 0 0
11756 0 0 0 0 0 1 0
11886 0 0 0 0 0 0 0
11642 0 0 0 0 0 2 0
12802 0 0 0 0 0 0 0
11513 0 0 0 0 0 2 0
11580 0 0 0 0 0 0 0
12050 0 0 0 0 0 0 0
12272 0 0 0 0 0 0 0
11869 0 0 0 0 0 0 0
12552 0 0 0 0 0 1 0
8631 0 0 0 0 0 0 0
10665 0 0 0 0 0 0 0
11564 0 0 0 0 0 0 0
11514 0 0 0 0 0 0 0
11652 0 0 0 0 0 0 0
10057 0 0 0 0 0 0 0
12082 0 0 0 0 0 0 0
11793 0 0 0 0 0 0 0
11770 0 0 0 0 0 0 0
11664 0 0 0 0 0 0 0
11866 0 0 0 0 0 0 0
12729 0 0 0 0 0 0 0
12169 0 0 0 0 0 0 0
10674 0 0 0 0 0 0 0
10106 0 0 0 0 0 0 0
10559 0 0 0 0 0 0 0
7922 0 0 0 0 0 0 0
6509 0 0 0 0 0 0 0
9553 0 0 0 0 0 0 0
8731 0 0 0 0 0 0 0
11482 0 0 0 0 0 0 0
6963 0 0 0 0 0 0 0
12387 0 0 0 0 0 0 0
12045 0 0 0 0 0 0 0
12601 0 0 0 0 0 0 0
11681 0 0 0 0 0 0 0
13120 0 0 0 0 0 0 0
13192 0 0 0 0 0 0 0
12147 0 0 0 0 0 0 0
12692 0 0 0 0 0 0 0
11736 0 0 0 0 0 0 0
12623 0 0 0 0 0 0 0
11719 0 0 0 0 0 0 0
12136 0 0 0 0 0 0 0
12321 0 0 0 0 0 0 0
12595 0 0 0 0 0 0 0
12340 0 0 0 0 0 0 0
11785 0 0 0 0 0 0 0
9956 0 0 0 0 0 0 0
11764 0 0 0 0 0 0 0
11483 0 0 0 0 0 0 0
11781 0 0 0 0 0 0 0
8872 0 0 0 0 0 0 0
12022 0 0 0 0 0 0 0
11804 0 0 0 0 0 0 0
12300 0 0 0 0 0 0 0
11241 0 0 0 0 0 0 0
12033 0 0 0 0 0 0 0
11819 0 0 0 0 0 0 0
11972 0 0 0 0 0 0 0
11771 0 0 0 0 0 0 0
12126 0 0 0 0 0 0 0
12020 0 0 0 0 0 0 0
11851 0 0 0 0 0 0 0
11523 0 0 0 0 0 0 0
11833 0 0 0 0 0 0 0
11633 0 0 0 0 0 0 0
12642 0 0 0 0 0 0 0
12110 0 0 0 0 0 0 0
11823 0 0 0 0 0 0 0
11609 0 0 0 0 0 0 0
12154 0 0 0 0 0 0 0
11866 0 0 0 0 0 0 0
11567 0 0 0 0 0 0 0
12169 0 0 0 0 0 0 0
12571 0 0 0 0 0 0 0
11659 0 0 0 0 0 0 0
11703 0 0 0 0 0 0 0
11928 0 0 0 0 0 0 0
12300 0 0 0 0 0 0 0
11413 0 0 0 0 0 0 0
11445 0 0 0 0 0 0 0
11779 0 0 0 0 0 0 0
12355 0 0 0 0 0 0 0
11929 0 0 0 0 0 0 0
11653 0 0 0 0 0 0 0
11552 0 0 0 0 0 0 0
12940 0 0 0 0 0 0 0
11752 0 0 0 0 0 0 0
12217 0 0 0 0 0 0 0
12000 0 0 0 0 0 0 0
11973 0 0 0 0 0 0 0
11414 0 0 0 0 0 0 0
11757 0 0 0 0 0 0 0
12318 0 0 0 0 0 0 0
12307 0 0 0 0 0 0 0
9290 0 0 0 0 0 0 0
12155 0 0 0 0 0 0 0
11717 0 0 0 0 0 0 0
9420 0 0 0 0 0 0 0
11305 0 0 0 0 0 0 0
12023 0 0 0 0 0 0 0
10258 0 0 0 0 0 0 0
11733 0 0 0 0 0 0 0
11797 0 0 0 0 0 0 0
9660 0 0 0 0 0 0 0
12197 0 0 0 0 0 0 0
12236 0 0 0 0 0 0 0
12127 0 0 0 0 0 0 0
12157 0 0 0 0 0 0 0
11558 0 0 0 0 0 0 0
12200 0 0 0 0 0 0 0
11920 0 0 0 0 0 0 0
12011 0 0 0 0 0 0 0
11261 0 0 0 0 0 0 0
10807 0 0 0 0 0 0 0
12335 0 0 0 0 0 0 0
11713 0 0 0 0 0 0 0
11656 0 0 0 0 0 0 0
11864 0 0 0 0 0 0 0
11647 0 0 0 0 0 0 0
12036 0 0 0 0 0 0 0
11742 0 0 0 0 0 0 0
11788 0 0 0 0 0 0 0
11705 0 0 0 0 0 0 0
11783 0 0 0 0 0 0 0
12362 0 0 0 0 0 0 0
13881 0 0 0 0 0 0 0
11555 0 0 0 0 0 0 0
11456 0 0 0 0 0 0 0
12194 0 0 0 0 0 0 0
11966 0 0 0 0 0 0 0
12282 0 0 0 0 0 0 0
12374 0 0 0 0 0 0 0
12321 0 0 0 0 0 0 0
12294 0 0 0 0 0 0 0
11593 0 0 0 0 0 0 0
11625 0 0 0 0 0 0 0
11752 0 0 0 0 0 0 0
12113 0 0 0 0 0 0 0
11572 0 0 0 0 0 0 0
9756 0 0 0 0 0 0 0
13122 0 0 0 0 0 0 0
12303 0 0 0 0 0 0 0
12620 0 0 0 0 0 0 0
12809 0 0 0 0 0 0 0
13268 0 0 0 0 0 0 0
12566 0 0 0 0 0 0 0
12675 0 0 0 0 0 0 0
11665 0 0 0 0 0 0 0
11555 0 0 0 0 0 0 0
11499 0 0 0 0 0 0 0
11840 0 0 0 0 0 0 0
11957 0 0 0 0 0 0 0
11550 0 0 0 0 0 0 0
12300 0 0 0 0 0 0 0
12177 0 0 0 0 0 0 0
11572 0 0 0 0 0 0 0
11378 0 0 0 0 0 0 0
12396 0 0 0 0 0 0 0
11648 0 0 0 0 0 0 0
11430 0 0 0 0 0 0 0
11687 0 0 0 0 0 0 0
12433 0 0 0 0 0 0 0
12404 0 0 0 0 0 0 0
11530 0 0 0 0 0 0 0
11471 0 0 0 0 0 0 0
12226 0 0 0 0 0 0 0
11366 0 0 0 0 0 0 0
11343 0 0 0 0 0 0 0
11377 0 0 0 0 0 0 0
12018 0 0 0 0 0 0 0
11321 0 0 0 0 0 0 0
11860 0 0 0 0 0 0 0
8918 0 0 0 0 0 0 0
8837 0 0 0 0 0 0 0
9228 0 0 0 0 0 0 0
11438 0 0 0 0 0 0 0
11884 0 0 0 0 0 0 0
12064 0 0 0 0 0 0 0
8136 0 0 0 0 0 0 0
11869 0 0 0 0 0 0 0
11594 0 0 0 0 0 0 0
12140 0 0 0 0 0 0 0
11897 0 0 0 0 0 0 0
11723 0 0 0 0 0 0 0
10365 0 0 0 0 0 0 0
9908 0 0 0 0 0 0 0
10461 0 0 0 0 0 0 0
9024 0 0 0 0 0 0 0
8401 0 0 0 0 0 0 0
969 0 0 0 0 0 0 0
5736 0 0 0 0 0 0 0
10236 0 0 0 0 0 0 0
9116 0 0 0 0 0 0 0
6882 0 0 0 0 0 0 0
9762 0 0 0 0 0 0 0
12017 0 0 0 0 0 0 0
5578 0 0 0 0 0 0 0
3564 0 0 0 0 0 0 0
4937 0 0 0 0 0 0 0
5110 0 0 0 0 0 0 0
5080 0 0 0 0 0 0 0
5083 0 0 0 0 0 0 0
5194 0 0 0 0 0 0 0
5373 0 0 0 0 0 0 0
5345 0 0 0 0 0 0 0
5239 0 0 0 0 0 0 0
5032 0 0 0 0 0 0 0
5269 0 0 0 0 0 0 0
11769 0 0 0 0 0 0 0
12431 0 0 0 0 0 0 0
11617 0 0 0 0 0 0 0
11839 0 0 0 0 0 0 0
11627 0 0 0 0 0 0 0
12076 0 0 0 0 0 0 0
12238 0 0 0 0 0 0 0
12120 0 0 0 0 0 0 0
11537 0 0 0 0 0 0 0
11414 0 0 0 0 0 0 0
12306 0 0 0 0 0 0 0
11834 0 0 0 0 0 0 0
13392 0 0 0 0 0 0 0
11376 0 0 0 0 0 0 0
11774 0 0 0 0 0 0 0
11509 0 0 0 0 0 0 0
11610 0 0 0 0 0 0 0
11546 0 0 0 0 0 0 0
12041 0 0 0 0 0 0 0
11813 0 0 0 0 0 0 0
8936 0 0 0 0 0 0 0
12205 0 0 0 0 0 0 0
13258 0 0 0 0 0 0 0
12075 0 0 0 0 0 0 0
11907 0 0 0 0 0 0 0
11944 0 0 0 0 0 0 0
12022 0 0 0 0 0 0 0
8994 0 0 0 0 0 0 0
11758 0 0 0 0 0 0 0
11909 0 0 0 0 0 0 0
12145 0 0 0 0 0 0 0
11744 0 0 0 0 0 0 0
11372 0 0 0 0 0 0 0
11406 0 0 0 0 0 0 0
11808 0 0 0 0 0 0 0
11840 0 0 0 0 0 0 0
11885 0 0 0 0 0 0 0
11891 0 0 0 0 0 0 0
11608 0 0 0 0 0 0 0
11907 0 0 0 0 0 0 0
12170 0 0 0 0 0 0 0
11762 0 0 0 0 0 0 0
12071 0 0 0 0 0 0 0
11926 0 0 0 0 0 0 0
11680 0 0 0 0 0 0 0
12426 0 0 0 0 0 0 0
11422 0 0 0 0 0 0 0
11842 0 0 0 0 0 0 0
11267 0 0 0 0 0 0 0
12071 0 0 0 0 0 0 0
11697 0 0 0 0 0 0 0
12198 0 0 0 0 0 0 0
12321 0 0 0 0 0 0 0
10497 0 0 0 0 0 0 0
11875 0 0 0 0 0 0 0
12329 0 0 0 0 0 0 0
12005 0 0 0 0 0 0 0
12162 0 0 0 0 0 0 0
11670 0 0 0 0 0 0 0
12232 0 0 0 0 0 0 0
11798 0 0 0 0 0 0 0
11789 0 0 0 0 0 0 0
11783 0 0 0 0 0 0 0
12048 0 0 0 0 0 0 0
12207 0 0 0 0 0 0 0
11178 0 0 0 0 0 0 0
11829 0 0 0 0 0 0 0
9792 0 0 0 0 0 0 0
11534 0 0 0 0 0 0 0
12024 0 0 0 0 0 0 0
11747 0 0 0 0 0 0 0
11798 0 0 0 0 0 0 0
6951 0 0 0 0 0 0 0
11327 0 0 0 0 0 0 0
11964 0 0 0 0 0 0 0
11301 0 0 0 0 0 0 0
11977 0 0 0 0 0 0 0
11472 0 0 0 0 0 0 0
11928 0 0 0 0 0 0 0
11965 0 0 0 0 0 0 0
9029 0 0 0 0 0 0 0
11801 0 0 0 0 0 0 0
11869 0 0 0 0 0 0 0
11711 0 0 0 0 0 0 0
9400 0 0 0 0 0 0 0
12346 0 0 0 0 0 0 0
9530 0 0 0 0 0 0 0
12206 0 0 0 0 0 0 0
12215 0 0 0 0 0 0 0
9454 0 0 0 0 0 0 0
12007 0 0 0 0 0 0 0
11532 0 0 0 0 0 0 0
13422 0 0 0 0 0 0 0
11642 0 0 0 0 0 0 0
9156 0 0 0 0 0 0 0
11617 0 0 0 0 0 0 0
12688 0 0 0 0 0 0 0
11818 0 0 0 0 0 0 0
11630 0 0 0 0 0 0 0
11732 0 0 0 0 0 0 0
12755 0 0 0 0 0 0 0
11372 0 0 0 0 0 0 0
12463 0 0 0 0 0 0 0
11456 0 0 0 0 0 0 0
12056 0 0 0 0 0 0 0
11613 0 0 0 0 0 0 0
11747 0 0 0 0 0 0 0
9382 0 0 0 0 0 0 0
12119 0 0 0 0 0 0 0
11869 0 0 0 0 0 0 0
10654 0 0 0 0 0 0 0
10838 0 0 0 0 0 0 0
11965 0 0 0 0 0 0 0
11327 0 0 0 0 0 0 0
11708 0 0 0 0 0 0 0
11902 0 0 0 0 0 0 0
9912 0 0 0 0 0 0 0
11796 0 0 0 0 0 0 0
10491 0 0 0 0 0 0 0
12154 0 0 0 0 0 0 0
11685 0 0 0 0 0 0 0
11956 0 0 0 0 0 0 0
11534 0 0 0 0 0 0 0
11515 0 0 0 0 0 0 0
12161 0 0 0 0 0 0 0
12531 0 0 0 0 0 0 0
12411 0 0 0 0 0 0 0
11699 0 0 0 0 0 0 0
12022 0 0 0 0 0 0 0
11697 0 0 0 0 0 0 0
11458 0 0 0 0 0 0 0
11771 0 0 0 0 0 0 0
12114 0 0 0 0 0 0 0
11915 0 0 0 0 0 0 0
12332 0 0 0 0 0 0 0
11700 0 0 0 0 0 0 0
12013 0 0 0 0 0 0 0
11581 0 0 0 0 0 0 0
11720 0 0 0 0 0 0 0
9288 0 0 0 0 0 0 0
11976 0 0 0 0 0 0 0
11881 0 0 0 0 0 0 0
11212 0 0 0 0 0 0 0
12198 0 0 0 0 0 0 0
11905 0 0 0 0 0 0 0
11593 0 0 0 0 0 0 0
8875 0 0 0 0 0 0 0
12302 0 0 0 0 0 0 0
12311 0 0 0 0 0 0 0
11944 0 0 0 0 0 0 0
9236 0 0 0 0 0 0 0
11431 0 0 0 0 0 0 0
9263 0 0 0 0 0 0 0
12016 0 0 0 0 0 0 0
11927 0 0 0 0 0 0 0
10838 0 0 0 0 0 0 0
12178 0 0 0 0 0 0 0
9247 0 0 0 0 0 0 0
11013 0 0 0 0 0 0 0
12210 0 0 0 0 0 0 0
9725 0 0 0 0 0 0 0
11821 0 0 0 0 0 0 0
858 0 0 0 0 0 0 0
1175 0 0 0 0 0 0 0
1284 0 0 0 0 0 0 0
6786 0 0 0 0 0 0 0
11957 0 0 0 0 0 0 0
11056 0 0 0 0 0 0 0
11411 0 0 0 0 0 0 0
11358 0 0 0 0 0 0 0
11550 0 0 0 0 0 0 0
12088 0 0 0 0 0 0 0
10921 0 0 0 0 0 0 0
12001 0 0 0 0 0 0 0
11962 0 0 0 0 0 0 0
11814 0 0 0 0 0 0 0
11920 0 0 0 0 0 0 0
12067 0 0 0 0 0 0 0
12273 0 0 0 0 0 0 0
11793 0 0 0 0 0 0 0
11410 0 0 0 0 0 0 0
11789 0 0 0 0 0 0 0
12040 0 0 0 0 0 0 0
11420 0 0 0 0 0 0 0
11720 0 0 0 0 0 0 0
9804 0 0 0 0 0 0 0
11802 0 0 0 0 0 0 0
11805 0 0 0 0 0 0 0
11345 0 0 0 0 0 0 0
11833 0 0 0 0 0 0 0
11003 0 0 0 0 0 0 0
11887 0 0 0 0 0 0 0
11703 0 0 0 0 0 0 0
12079 0 0 0 0 0 0 0
11592 0 0 0 0 0 0 0
11616 0 0 0 0 0 0 0
11680 0 0 0 0 0 0 0
11788 0 0 0 0 0 0 0
11902 0 0 0 0 0 0 0
12121 0 0 0 0 0 0 0
11798 0 0 0 0 0 0 0
11906 0 0 0 0 0 0 0
11975 0 0 0 0 0 0 0
11000 0 0 0 0 0 0 0
11403 0 0 0 0 0 0 0
10206 0 0 0 0 0 0 0
11694 0 0 0 0 0 0 0
10652 0 0 0 0 0 0 0
9604 0 0 0 0 0 0 0
11878 0 0 0 0 0 0 0
10530 0 0 0 0 0 0 0
11936 0 0 0 0 0 0 0
12026 0 0 0 0 0 0 0
11620 0 0 0 0 0 0 0
9303 0 0 0 0 0 0 0
11929 0 0 0 0 0 0 0
12062 0 0 0 0 0 0 0
11699 0 0 0 0 0 0 0
12000 0 0 0 0 0 0 0
11508 0 0 0 0 0 0 0
9812 0 0 0 0 0 0 0
12231 0 0 0 0 0 0 0
11714 0 0 0 0 0 0 0
9935 0 0 0 0 0 0 0
11484 0 0 0 0 0 0 0
10319 0 0 0 0 0 0 0
10643 0 0 0 0 0 0 0
12256 0 0 0 0 0 0 0
10965 0 0 0 0 0 0 0
11975 0 0 0 0 0 0 0
11161 0 0 0 0 0 0 0
12714 0 0 0 0 0 0 0
11993 0 0 0 0 0 0 0
10560 0 0 0 0 0 0 0
11780 0 0 0 0 0 0 0
11420 0 0 0 0 0 0 0
11627 0 0 0 0 0 0 0
11572 0 0 0 0 0 0 0
11594 0 0 0 0 0 0 0
11442 0 0 0 0 0 0 0
8004 0 0 0 0 0 0 0
11263 0 0 0 0 0 0 0
11694 0 0 0 0 0 0 0
11925 0 0 0 0 0 0 0
11023 0 0 0 0 0 0 0
11048 0 0 0 0 0 0 0
12522 0 0 0 0 0 0 0
12314 0 0 0 0 0 0 0
12719 0 0 0 0 0 0 0
11565 0 0 0 0 0 0 0
11535 0 0 0 0 0 0 0
10648 0 0 0 0 0 0 0
9170 0 0 0 0 0 0 0
11716 0 0 0 0 0 0 0
12314 0 0 0 0 0 0 0
10039 0 0 0 0 0 0 0
11825 1 0 0 0 0 0 0
11989 0 0 0 11351 0 0 -637.983
11418 0 0 0 11351 0 0 -66.9833
12330 0 0 0 11351 0 0 -978.983
10099 0 0 0 11351 0 0 1252.02
8648 0 0 0 11351 0 0 2703.02
12074 0 0 0 11351 0 0 -722.983
12823 0 0 0 11351 0 0 -1471.98
12337 0 0 0 11351 0 0 -985.983
10111 0 0 0 11351 0 0 1240.02
13013 0 0 0 11351 0 0 -1661.98
12677 0 0 0 11351 0 0 -1325.98
12304 0 0 0 11351 0 0 -952.983
12753 0 0 0 11351 0 0 -1401.98
12955 0 0 0 11351 0 0 -1603.98
11020 0 0 0 11351 0 0 331.017
12918 0 0 0 11351 0 0 -1566.98
12919 0 0 0 11351 0 0 -1567.98
12738 0 0 0 11351 0 0 -1386.98
10232 0 0 0 11351 0 0 1119.02
13113 0 0 0 11351 0 0 -1761.98
12420 0 0 0 11351 0 0 -1068.98
12303 0 0 0 11351 0 0 -951.983
9453 0 0 0 11351 0 0 1898.02
11225 0 0 0 11351 0 0 126.017
10859 0 0 0 11351 0 0 492.017
11313 0 0 0 11351 0 0 38.0167
12351 0 0 0 11351 0 0 -999.983
12178 0 0 0 11351 0 0 -826.983
12418 0 0 0 11351 0 0 -1066.98
12638 0 0 0 11351 0 0 -1286.98
11935 0 0 0 11351 0 0 -583.983
12047 0 0 0 11351 0 0 -695.983
12655 0 0 0 11351 0 0 -1303.98
12764 0 0 0 11351 0 0 -1412.98
12353 0 0 0 11351 0 0 -1001.98
12283 0 0 0 11351 0 0 -931.983
12571 0 0 0 11351 0 0 -1219.98
12176 0 0 0 11351 0 0 -824.983
9571 0 0 0 11351 0 0 1780.02
12498 0 0 0 11351 0 0 -1146.98
10702 0 0 0 11351 0 0 649.017
12341 0 0 0 11351 0 0 -989.983
9806 0 0 0 11351 0 0 1545.02
10187 0 0 0 11351 0 0 1164.02
12419 0 0 0 11351 0 0 -1067.98
12706 0 0 0 11351 0 0 -1354.98
9983 0 1 0 11351 1 0 1368.02
12415 0 0 0 11351 0 0 -1063.98
12821 0 1 0 11351 1 0 -1469.98
12565 0 1 0 11351 1 0 -1213.98
12795 0 0 0 11351 0 0 -1443.98
11842 0 1 0 11351 1 0 -490.983
12720 0 1 0 11351 1 0 -1368.98
12585 0 1 0 11351 1 0 -1233.98
12619 0 0 0 11351 0 0 -1267.98
12788 0 1 0 11351 1 0 -1436.98
12506 0 1 0 11351 1 0 -1154.98
12690 0 1 0 11351 1 0 -1338.98
12108 0 0 0 11351 0 0 -756.983
12665 0 1 0 11351 1 0 -1313.98
12455 0 1 0 11351 1 0 -1103.98
12526 0 1 0 11351 1 0 -1174.98
12717 0 0 0 11351 0 0 -1365.98
12307 0 1 0 11351 1 0 -955.983
12333 0 1 0 11351 1 0 -981.983
11978 0 0 0 11351 0 0 -626.983
12672 0 1 0 11351 1 0 -1320.98
9761 0 1 0 11351 1 0 1590.02
12754 0 1 0 11351 1 0 -1402.98
12574 0 1 0 11351 1 0 -1222.98
12845 0 0 0 11351 0 0 -1493.98
12056 0 1 0 11351 1 0 -704.983
12408 0 1 0 11351 1 0 -1056.98
12266 0 1 0 11351 1 0 -914.983
12746 0 1 0 11351 1 0 -1394.98
12567 0 0 0 11351 0 0 -1215.98
12773 0 1 0 11351 1 0 -1421.98
12607 0 1 0 11351 1 0 -1255.98
12580 0 1 0 11351 1 0 -1228.98
12230 0 0 0 11351 0 0 -878.983
12061 0 1 0 11351 1 0 -709.983
12312 0 1 0 11351 1 0 -960.983
12582 0 1 0 11351 1 0 -1230.98
12509 0 1 0 11351 1 0 -1157.98
12629 0 0 0 11351 0 0 -1277.98
12413 0 1 0 11351 1 0 -1061.98
12974 0 1 0 11351 1 0 -1622.98
12146 0 0 0 11351 0 0 -794.983
12278 0 1 0 11351 1 0 -926.983
12925 0 1 0 11351 1 0 -1573.98
13019 0 1 0 11351 1 0 -1667.98
12708 0 0 0 11351 0 0 -1356.98
11855 0 1 0 11351 1 0 -503.983
12539 0 1 0 11351 1 0 -1187.98
12762 0 1 0 11351 1 0 -1410.98
12893 0 1 0 11351 1 0 -1541.98
12783 0 0 0 11351 0 0 -1431.98
12700 0 1 0 11351 1 0 -1348.98
12239 0 1 0 11351 1 0 -887.983
9589 0 0 0 11351 0 0 1762.02
11032 0 1 0 11351 1 0 319.017
12356 0 1 0 11351 1 0 -1004.98
12419 0 0 0 11351 0 0 -1067.98
12256 0 1 0 11351 1 0 -904.983
12398 0 1 0 11351 1 0 -1046.98
10237 0 1 0 11351 1 0 1114.02
12803 0 0 0 11351 0 0 -1451.98
10943 0 1 0 11351 1 0 408.017
10061 0 1 0 11351 1 0 1290.02
12395 0 1 0 11351 1 0 -1043.98
12634 0 0 0 11351 0 0 -1282.98
11965 0 1 0 11351 1 0 -613.983
12659 0 1 0 11351 1 0 -1307.98
12571 0 1 0 11351 1 0 -1219.98
11892 0 1 0 11351 1 0 -540.983
12211 0 0 0 11351 0 0 -859.983
12082 0 1 0 11351 1 0 -730.983
9502 0 1 0 11351 1 0 1849.02
12503 0 1 0 11351 1 0 -1151.98
12517 0 0 0 11351 0 0 -1165.98
12270 0 1 0 11351 1 0 -918.983
12037 0 1 0 11351 1 0 -685.983
12458 0 1 0 11351 1 0 -1106.98
12557 0 0 0 11351 0 0 -1205.98
12472 0 1 0 11351 1 0 -1120.98
12510 0 1 0 11351 1 0 -1158.98
12657 0 1 0 11351 1 0 -1305.98
12408 0 1 0 11351 1 0 -1056.98
9564 0 0 0 11351 0 0 1787.02
12614 0 1 0 11351 1 0 -1262.98
12652 0 1 0 11351 1 0 -1300.98
12813 0 1 0 11351 1 0 -1461.98
12490 0 0 0 11351 0 0 -1138.98
12541 0 1 0 11351 1 0 -1189.98
12597 0 1 0 11351 1 0 -1245.98
12506 0 1 0 11351 1 0 -1154.98
12708 0 1 0 11351 1 0 -1356.98
12716 0 0 0 11351 0 0 -1364.98
12353 0 1 0 11351 1 0 -1001.98
10244 0 1 0 11351 1 0 1107.02
10762 0 1 0 11351 1 0 589.017
12667 0 1 0 11351 1 0 -1315.98
12328 0 0 0 11351 0 0 -976.983
11803 0 1 0 11351 1 0 -451.983
11277 0 1 0 11351 1 0 74.0167
12077 0 0 0 11351 0 0 -725.983
9784 0 1 0 11351 1 0 1567.02
12705 0 1 0 11351 1 0 -1353.98
11027 0 1 0 11351 1 0 324.017
10034 0 0 0 11351 0 0 1317.02
7740 0 1 0 11351 1 0 3611.02
3135 0 1 0 11351 1 0 8216.02
3268 0 1 0 11351 1 0 8083.02
3324 0 1 0 11351 1 0 8027.02
3432 0 0 0 11351 0 0 7919.02
3288 0 1 0 11351 1 0 8063.02
3555 0 1 0 11351 1 0 7796.02
4209 0 1 0 11351 1 0 7142.02
3563 0 0 0 11351 0 0 7788.02
3381 0 1 0 11351 1 0 7970.02
3004 0 1 0 11351 1 0 8347.02
2467 0 1 0 11351 1 0 8884.02
6554 0 1 0 11351 1 0 4797.02
11244 0 0 0 11351 0 0 107.017
12012 0 1 0 11351 1 0 -660.983
9978 0 1 0 11351 1 0 1373.02
10279 0 1 0 11351 1 0 1072.02
12449 0 0 0 11351 0 0 -1097.98
9249 0 1 0 11351 1 0 2102.02
9910 0 1 0 11351 1 0 1441.02
12254 0 0 0 11351 0 0 -902.983
9625 0 1 0 11351 1 0 1726.02
12466 0 1 0 11351 1 0 -1114.98
12399 0 1 0 11351 1 0 -1047.98
9412 0 0 0 11351 0 0 1939.02
12228 0 1 0 11351 1 0 -876.983
9967 0 1 0 11351 1 0 1384.02
12492 0 1 0 11351 1 0 -1140.98
12584 0 0 0 11351 0 0 -1232.98
9935 0 1 0 11351 1 0 1416.02
12676 0 1 0 11351 1 0 -1324.98
12305 0 0 0 11351 0 0 -953.983
12329 0 1 0 11351 1 0 -977.983
12412 0 1 0 11351 1 0 -1060.98
12699 0 1 0 11351 1 0 -1347.98
12498 0 0 0 11351 0 0 -1146.98
11923 0 1 0 11351 1 0 -571.983
12465 0 1 0 11351 1 0 -1113.98
8966 0 0 0 11351 0 0 2385.02
12703 0 1 0 11351 1 0 -1351.98
10202 0 1 0 11351 1 0 1149.02
12319 0 0 0 11351 0 0 -967.983
11982 0 1 0 11351 1 0 -630.983
12479 0 1 0 11351 1 0 -1127.98
11940 0 1 0 11351 1 0 -588.983
11815 0 0 0 11351 0 0 -463.983
13139 0 1 0 11351 1 0 -1787.98
12876 0 1 0 11351 1 0 -1524.98
12764 0 1 0 11351 1 0 -1412.98
9989 0 0 0 11351 0 0 1362.02
12769 0 1 0 11351 1 0 -1417.98
12678 0 1 0 11351 1 0 -1326.98
12487 0 1 0 11351 1 0 -1135.98
11934 0 0 0 11351 0 0 -582.983
12743 0 1 0 11351 1 0 -1391.98
12628 0 1 0 11351 1 0 -1276.98
12343 0 1 0 11351 1 0 -991.983
9611 0 0 0 11351 0 0 1740.02
12433 0 1 0 11351 1 0 -1081.98
12101 0 1 0 11351 1 0 -749.983
11707 0 1 0 11351 1 0 -355.983
12670 0 1 0 11351 1 0 -1318.98
12361 0 0 0 11351 0 0 -1009.98
12643 0 1 0 11351 1 0 -1291.98
12880 0 1 0 11351 1 0 -1528.98
12363 0 1 0 11351 1 0 -1011.98
12449 0 1 0 11351 1 0 -1097.98
13189 0 1 0 11351 1 0 -1837.98
12159 0 1 0 11351 1 0 -807.983
12428 0 0 0 11351 0 0 -1076.98
12380 0 1 0 11351 1 0 -1028.98
12396 0 1 0 11351 1 0 -1044.98
12378 0 1 0 11351 1 0 -1026.98
9706 0 1 0 11351 1 0 1645.02
12343 0 1 0 11351 1 0 -991.983
12679 0 0 0 11351 0 0 -1327.98
12677 0 1 0 11351 1 0 -1325.98
12555 0 1 0 11351 1 0 -1203.98
12266 0 1 0 11351 1 0 -914.983
12378 0 1 0 11351 1 0 -1026.98
12111 0 0 0 11351 0 0 -759.983
12346 0 1 0 11351 1 0 -994.983
12427 0 1 0 11351 1 0 -1075.98
12656 0 1 0 11351 1 0 -1304.98
12731 0 1 0 11351 1 0 -1379.98
12782 0 0 0 11351 0 0 -1430.98
12630 0 1 0 11351 1 0 -1278.98
12329 0 1 0 11351 1 0 -977.983
12441 0 1 0 11351 1 0 -1089.98
12603 0 0 0 11351 0 0 -1251.98
12211 0 1 0 11351 1 0 -859.983
12463 0 1 0 11351 1 0 -1111.98
12379 0 1 0 11351 1 0 -1027.98
12552 0 1 0 11351 1 0 -1200.98
12143 0 0 0 11351 0 0 -791.983
12963 0 1 0 11351 1 0 -1611.98
8536 0 1 0 11351 1 0 2815.02
12810 0 0 0 11351 0 0 -1458.98
12838 0 1 0 11351 1 0 -1486.98
9826 0 1 0 11351 1 0 1525.02
10710 0 1 0 11351 1 0 641.017
12170 0 0 0 11351 0 0 -818.983
8888 0 1 0 11351 1 0 2463.02
12706 0 1 0 11351 1 0 -1354.98
10836 0 1 0 11351 1 0 515.017
12551 0 0 0 11351 0 0 -1199.98
12361 0 1 0 11351 1 0 -1009.98
10341 0 1 0 11351 1 0 1010.02
12503 0 1 0 11351 1 0 -1151.98
11857 0 1 0 11351 1 0 -505.983
12210 0 0 0 11351 0 0 -858.983
13187 0 1 0 11351 1 0 -1835.98
12898 0 1 0 11351 1 0 -1546.98
12663 0 1 0 11351 1 0 -1311.98
12932 0 0 0 11351 0 0 -1580.98
12782 0 1 0 11351 1 0 -1430.98
12140 0 1 0 11351 1 0 -788.983
12499 0 1 0 11351 1 0 -1147.98
12704 0 0 0 11351 0 0 -1352.98
12707 0 1 0 11351 1 0 -1355.98
12520 0 1 0 11351 1 0 -1168.98
12237 0 1 0 11351 1 0 -885.983
12633 0 0 0 11351 0 0 -1281.98
12538 0 1 0 11351 1 0 -1186.98
12782 0 1 0 11351 1 0 -1430.98
13084 0 1 0 11351 1 0 -1732.98
13030 0 1 0 11351 1 0 -1678.98
12585 0 0 0 11351 0 0 -1233.98
9754 0 1 0 11351 1 0 1597.02
9932 0 1 0 11351 1 0 1419.02
12224 0 1 0 11351 1 0 -872.983
10041 0 1 0 11351 1 0 1310.02
12655 0 0 0 11351 0 0 -1303.98
12303 0 1 0 11351 1 0 -951.983
12504 0 1 0 11351 1 0 -1152.98
12213 0 1 0 11351 1 0 -861.983
7294 0 0 0 11351 0 0 4057.02
11902 0 1 0 11351 1 0 -550.983
12847 0 1 0 11351 1 0 -1495.98
12653 0 1 0 11351 1 0 -1301.98
12936 0 1 0 11351 1 0 -1584.98
12062 0 0 0 11351 0 0 -710.983
13013 0 1 0 11351 1 0 -1661.98
11819 0 1 0 11351 1 0 -467.983
12241 0 1 0 11351 1 0 -889.983
12463 0 1 0 11351 1 0 -1111.98
10238 0 0 0 11351 0 0 1113.02
12450 0 1 0 11351 1 0 -1098.98
12560 0 1 0 11351 1 0 -1208.98
9846 0 1 0 11351 1 0 1505.02
12600 0 1 0 11351 1 0 -1248.98
12051 0 0 0 11351 0 0 -699.983
12383 0 1 0 11351 1 0 -1031.98
12467 0 1 0 11351 1 0 -1115.98
12916 0 1 0 11351 1 0 -1564.98
12775 0 1 0 11351 1 0 -1423.98
12821 0 0 0 11351 0 0 -1469.98
12651 0 1 0 11351 1 0 -1299.98
12188 0 1 0 11351 1 0 -836.983
12659 0 1 0 11351 1 0 -1307.98
12862 0 0 0 11351 0 0 -1510.98
12772 0 1 0 11351 1 0 -1420.98
9655 0 1 0 11351 1 0 1696.02
12146 0 1 0 11351 1 0 -794.983
12329 0 0 0 11351 0 0 -977.983
11798 0 1 0 11351 1 0 -446.983
12331 0 1 0 11351 1 0 -979.983
8812 0 1 0 11351 1 0 2539.02
12543 0 1 0 11351 1 0 -1191.98
12219 0 0 0 11351 0 0 -867.983
13009 0 1 0 11351 1 0 -1657.98
12162 0 1 0 11351 1 0 -810.983
12224 0 1 0 11351 1 0 -872.983
12003 0 0 0 11351 0 0 -651.983
12331 0 1 0 11351 1 0 -979.983
12477 0 1 0 11351 1 0 -1125.98
12749 0 1 0 11351 1 0 -1397.98
12740 0 1 0 11351 1 0 -1388.98
12711 0 0 0 11351 0 0 -1359.98
12016 0 1 0 11351 1 0 -664.983
12589 0 1 0 11351 1 0 -1237.98
12440 0 1 0 11351 1 0 -1088.98
12327 0 0 0 11351 0 0 -975.983
12459 0 1 0 11351 1 0 -1107.98
12851 0 1 0 11351 1 0 -1499.98
12435 0 1 0 11351 1 0 -1083.98
10823 0 1 0 11351 1 0 528.017
12706 0 1 0 11351 1 0 -1354.98
12889 0 0 0 11351 0 0 -1537.98
9380 0 1 0 11351 1 0 1971.02
12528 0 1 0 11351 1 0 -1176.98
12728 0 1 0 11351 1 0 -1376.98
12481 0 0 0 11351 0 0 -1129.98
12159 0 1 0 11351 1 0 -807.983
12388 0 1 0 11351 1 0 -1036.98
12738 0 1 0 11351 1 0 -1386.98
12885 0 1 0 11351 1 0 -1533.98
12856 0 0 0 11351 0 0 -1504.98
12706 0 1 0 11351 1 0 -1354.98
12804 0 1 0 11351 1 0 -1452.98
12017 0 1 0 11351 1 0 -665.983
12601 0 1 0 11351 1 0 -1249.98
13034 0 0 0 11351 0 0 -1682.98
12100 0 1 0 11351 1 0 -748.983
9616 0 1 0 11351 1 0 1735.02
11185 0 1 0 11351 1 0 166.017
12780 0 0 0 11351 0 0 -1428.98
11478 0 1 0 11351 1 0 -126.983
12588 0 1 0 11351 1 0 -1236.98
12637 0 1 0 11351 1 0 -1285.98
12888 0 0 0 11351 0 0 -1536.98
12728 0 1 0 11351 1 0 -1376.98
12923 0 1 0 11351 1 0 -1571.98
10534 0 1 0 11351 1 0 817.017
12325 0 1 0 11351 1 0 -973.983
12615 0 0 0 11351 0 0 -1263.98
12770 0 1 0 11351 1 0 -1418.98
12980 0 1 0 11351 1 0 -1628.98
12460 0 1 0 11351 1 0 -1108.98
12512 0 0 0 11351 0 0 -1160.98
12486 0 1 0 11351 1 0 -1134.98
12087 0 1 0 11351 1 0 -735.983
12370 0 1 0 11351 1 0 -1018.98
12446 0 1 0 11351 1 0 -1094.98
12191 0 0 0 11351 0 0 -839.983
12497 0 1 0 11351 1 0 -1145.98
9935 0 1 0 11351 1 0 1416.02
12005 0 1 0 11351 1 0 -653.983
12179 0 0 0 11351 0 0 -827.983
12916 0 1 0 11351 1 0 -1564.98
12861 0 1 0 11351 1 0 -1509.98
13144 0 1 0 11351 1 0 -1792.98
12654 0 0 0 11351 0 0 -1302.98
12093 0 1 0 11351 1 0 -741.983
12767 0 1 0 11351 1 0 -1415.98
12186 0 1 0 11351 1 0 -834.983
9063 0 0 0 11351 0 0 2288.02
9926 0 1 0 11351 1 0 1425.02
12615 0 1 0 11351 1 0 -1263.98
12622 0 1 0 11351 1 0 -1270.98
12936 0 1 0 11351 1 0 -1584.98
12500 0 0 0 11351 0 0 -1148.98
12493 0 1 0 11351 1 0 -1141.98
12268 0 1 0 11351 1 0 -916.983
12557 0 1 0 11351 1 0 -1205.98
12773 0 1 0 11351 1 0 -1421.98
12015 0 0 0 11351 0 0 -663.983
12530 0 1 0 11351 1 0 -1178.98
13039 0 1 0 11351 1 0 -1687.98
12454 0 1 0 11351 1 0 -1102.98
12599 0 1 0 11351 1 0 -1247.98
12366 0 1 0 11351 1 0 -1014.98
12544 0 0 0 11351 0 0 -1192.98
12754 0 1 0 11351 1 0 -1402.98
13199 0 1 0 11351 1 0 -1847.98
12763 0 1 0 11351 1 0 -1411.98
12542 0 1 0 11351 1 0 -1190.98
7814 0 1 0 11351 1 0 3537.02
12443 0 0 0 11351 0 0 -1091.98
12615 0 1 0 11351 1 0 -1263.98
12777 0 1 0 11351 1 0 -1425.98
12751 0 1 0 11351 1 0 -1399.98
12888 0 1 0 11351 1 0 -1536.98
12236 0 0 0 11351 0 0 -884.983
12602 0 1 0 11351 1 0 -1250.98
12489 0 1 0 11351 1 0 -1137.98
12572 0 1 0 11351 1 0 -1220.98
12973 0 1 0 11351 1 0 -1621.98
12358 0 0 0 11351 0 0 -1006.98
9306 0 1 0 11351 1 0 2045.02
12066 0 1 0 11351 1 0 -714.983
12042 0 0 0 11351 0 0 -690.983
12388 0 1 0 11351 1 0 -1036.98
12216 0 1 0 11351 1 0 -864.983
12517 0 1 0 11351 1 0 -1165.98
12245 0 0 0 11351 0 0 -893.983
12387 0 1 0 11351 1 0 -1035.98
12463 0 1 0 11351 1 0 -1111.98
13097 0 1 0 11351 1 0 -1745.98
12564 0 1 0 11351 1 0 -1212.98
12738 0 0 0 11351 0 0 -1386.98
12828 0 1 0 11351 1 0 -1476.98
12427 0 1 0 11351 1 0 -1075.98
12521 0 1 0 11351 1 0 -1169.98
12207 0 1 0 11351 1 0 -855.983
12757 0 0 0 11351 0 0 -1405.98
12876 0 1 0 11351 1 0 -1524.98
12536 0 1 0 11351 1 0 -1184.98
12211 0 1 0 11351 1 0 -859.983
12738 0 0 0 11351 0 0 -1386.98
12687 0 1 0 11351 1 0 -1335.98
11977 0 1 0 11351 1 0 -625.983
12704 0 1 0 11351 1 0 -1352.98
11997 0 0 0 11351 0 0 -645.983
12654 0 1 0 11351 1 0 -1302.98
12482 0 1 0 11351 1 0 -1130.98
12828 0 1 0 11351 1 0 -1476.98
8850 0 0 0 11351 0 0 2501.02
12311 0 1 0 11351 1 0 -959.983
12912 0 1 0 11351 1 0 -1560.98
12729 0 1 0 11351 1 0 -1377.98
12932 0 0 0 11351 0 0 -1580.98
12907 0 1 0 11351 1 0 -1555.98
12852 0 1 0 11351 1 0 -1500.98
12174 0 1 0 11351 1 0 -822.983
12244 0 1 0 11351 1 0 -892.983
12814 0 0 0 11351 0 0 -1462.98
12927 0 1 0 11351 1 0 -1575.98
12181 0 1 0 11351 1 0 -829.983
9659 0 1 0 11351 1 0 1692.02
12346 0 1 0 11351 1 0 -994.983
8208 0 0 0 11351 0 0 3143.02
12061 0 1 0 11351 1 0 -709.983
12308 0 1 0 11351 1 0 -956.983
12226 0 1 0 11351 1 0 -874.983
12175 0 0 0 11351 0 0 -823.983
9398 0 1 0 11351 1 0 1953.02
12409 0 1 0 11351 1 0 -1057.98
12410 0 1 0 11351 1 0 -1058.98
11921 0 0 0 11351 0 0 -569.983
12555 0 1 0 11351 1 0 -1203.98
12792 0 1 0 11351 1 0 -1440.98
12802 0 1 0 11351 1 0 -1450.98
12511 0 1 0 11351 1 0 -1159.98
9419 0 0 0 11351 0 0 1932.02
12489 0 1 0 11351 1 0 -1137.98
12319 0 1 0 11351 1 0 -967.983
12485 0 1 0 11351 1 0 -1133.98
12387 0 0 0 11351 0 0 -1035.98
12407 0 1 0 11351 1 0 -1055.98
12516 0 1 0 11351 1 0 -1164.98
12932 0 1 0 11351 1 0 -1580.98
12370 0 0 0 11351 0 0 -1018.98
12405 0 1 0 11351 1 0 -1053.98
12806 0 1 0 11351 1 0 -1454.98
12793 0 1 0 11351 1 0 -1441.98
12234 0 1 0 11351 1 0 -882.983
12654 0 0 0 11351 0 0 -1302.98
12768 0 1 0 11351 1 0 -1416.98
13116 0 1 0 11351 1 0 -1764.98
12165 0 1 0 11351 1 0 -813.983
12357 0 0 0 11351 0 0 -1005.98
9411 0 1 0 11351 1 0 1940.02
12636 0 1 0 11351 1 0 -1284.98
12581 0 1 0 11351 1 0 -1229.98
9654 0 0 0 11351 0 0 1697.02
13186 0 1 0 11351 1 0 -1834.98
11802 0 1 0 11351 1 0 -450.983
12380 0 1 0 11351 1 0 -1028.98
12636 0 0 0 11351 0 0 -1284.98
12593 0 1 0 11351 1 0 -1241.98
12406 0 1 0 11351 1 0 -1054.98
12676 0 1 0 11351 1 0 -1324.98
12658 0 1 0 11351 1 0 -1306.98
12401 0 0 0 11351 0 0 -1049.98
12505 0 1 0 11351 1 0 -1153.98
12541 0 1 0 11351 1 0 -1189.98
12250 0 1 0 11351 1 0 -898.983
12811 0 1 0 11351 1 0 -1459.98
12242 0 0 0 11351 0 0 -890.983
12732 0 1 0 11351 1 0 -1380.98
11797 0 1 0 11351 1 0 -445.983
12708 0 1 0 11351 1 0 -1356.98
12518 0 0 0 11351 0 0 -1166.98
12731 0 1 0 11351 1 0 -1379.98
12890 0 1 0 11351 1 0 -1538.98
12040 0 1 0 11351 1 0 -688.983
12707 0 0 0 11351 0 0 -1355.98
12153 0 1 0 11351 1 0 -801.983
10375 0 1 0 11351 1 0 976.017
13228 0 1 0 11351 1 0 -1876.98
13534 0 1 0 11351 1 0 -2182.98
12697 0 0 0 11351 0 0 -1345.98
12606 0 1 0 11351 1 0 -1254.98
12615 0 1 0 11351 1 0 -1263.98
12374 0 1 0 11351 1 0 -1022.98
12583 0 1 0 11351 1 0 -1231.98
12473 0 0 0 11351 0 0 -1121.98
12783 0 1 0 11351 1 0 -1431.98
12671 0 1 0 11351 1 0 -1319.98
12759 0 1 0 11351 1 0 -1407.98
12807 0 1 0 11351 1 0 -1455.98
12661 0 0 0 11351 0 0 -1309.98
13427 0 1 0 11351 1 0 -2075.98
12871 0 1 0 11351 1 0 -1519.98
12767 0 1 0 11351 1 0 -1415.98
12464 0 1 0 11351 1 0 -1112.98
12385 0 0 0 11351 0 0 -1033.98
12492 0 1 0 11351 1 0 -1140.98
12644 0 1 0 11351 1 0 -1292.98
12750 0 1 0 11351 1 0 -1398.98
13455 0 1 0 11351 1 0 -2103.98
12599 0 0 0 11351 0 0 -1247.98
12697 0 1 0 11351 1 0 -1345.98
12384 0 1 0 11351 1 0 -1032.98
12627 0 1 0 11351 1 0 -1275.98
13003 0 0 0 11351 0 0 -1651.98
12838 0 1 0 11351 1 0 -1486.98
12415 0 1 0 11351 1 0 -1063.98
13124 0 1 0 11351 1 0 -1772.98
13091 0 1 0 11351 1 0 -1739.98
12236 0 0 0 11351 0 0 -884.983
12023 0 1 0 11351 1 0 -671.983
12638 0 1 0 11351 1 0 -1286.98
6283 0 1 0 11351 1 0 5068.02
12938 0 0 0 11351 0 0 -1586.98
12949 0 1 0 11351 1 0 -1597.98
9476 0 1 0 11351 1 0 1875.02
12144 0 1 0 11351 1 0 -792.983
9916 0 0 0 11351 0 0 1435.02
9729 0 1 0 11351 1 0 1622.02
12721 0 1 0 11351 1 0 -1369.98
12461 0 1 0 11351 1 0 -1109.98
9513 0 0 0 11351 0 0 1838.02
12691 0 1 0 11351 1 0 -1339.98
11439 0 1 0 11351 1 0 -87.9833
10133 0 0 0 11351 0 0 1218.02
13028 0 1 0 11351 1 0 -1676.98
12981 0 1 0 11351 1 0 -1629.98
12713 0 1 0 11351 1 0 -1361.98
13651 0 0 0 11351 0 0 -2299.98
12858 0 1 0 11351 1 0 -1506.98
13183 0 1 0 11351 1 0 -1831.98
12640 0 1 0 11351 1 0 -1288.98
10641 0 1 0 11351 1 0 710.017
12988 0 1 0 11351 1 0 -1636.98
12099 0 0 0 11351 0 0 -747.983
11803 0 1 0 11351 1 0 -451.983
12013 0 1 0 11351 1 0 -661.983
12682 0 1 0 11351 1 0 -1330.98
11421 0 1 0 11351 1 0 -69.9833
12291 0 0 0 11351 0 0 -939.983
9496 0 1 0 11351 1 0 1855.02
12237 0 1 0 11351 1 0 -885.983
12876 0 1 0 11351 1 0 -1524.98
12629 0 0 0 11351 0 0 -1277.98
12590 0 1 0 11351 1 0 -1238.98
12851 0 1 0 11351 1 0 -1499.98
12517 0 1 0 11351 1 0 -1165.98
12604 0 1 0 11351 1 0 -1252.98
12468 0 1 0 11351 1 0 -1116.98
12724 0 0 0 11351 0 0 -1372.98
12069 0 1 0 11351 1 0 -717.983
12223 0 1 0 11351 1 0 -871.983
12129 0 1 0 11351 1 0 -777.983
12685 0 1 0 11351 1 0 -1333.98
12557 0 0 0 11351 0 0 -1205.98
12395 0 1 0 11351 1 0 -1043.98
12535 0 2 0 11351 2 0 -1183.98
12162 0 1 0 11351 1 0 -810.983
12901 0 1 0 11351 1 0 -1549.98
13044 0 1 0 11351 1 0 -1692.98
13324 0 2 0 11351 2 0 -1972.98
12425 0 1 0 11351 1 0 -1073.98
12597 0 1 0 11351 1 0 -1245.98
12822 0 1 0 11351 1 0 -1470.98
12718 0 2 0 11351 2 0 -1366.98
12594 0 1 0 11351 1 0 -1242.98
12521 0 1 0 11351 1 0 -1169.98
12602 0 1 0 11351 1 0 -1250.98
12033 0 2 0 11351 2 0 -681.983
12527 0 1 0 11351 1 0 -1175.98
12151 0 1 0 11351 1 0 -799.983
11902 0 1 0 11351 1 0 -550.983
12613 0 2 0 11351 2 0 -1261.98
12490 0 1 0 11351 1 0 -1138.98
12063 0 1 0 11351 1 0 -711.983
11999 0 1 0 11351 1 0 -647.983
12508 0 2 0 11351 2 0 -1156.98
12947 0 1 0 11351 1 0 -1595.98
13377 0 1 0 11351 1 0 -2025.98
9515 0 2 0 11351 2 0 1836.02
11081 0 1 0 11351 1 0 270.017
9237 0 1 0 11351 1 0 2114.02
9864 0 1 0 11351 1 0 1487.02
11971 0 2 0 11351 2 0 -619.983
8489 0 1 0 11351 1 0 2862.02
12490 0 1 0 11351 1 0 -1138.98
12504 0 1 0 11351 1 0 -1152.98
12775 0 1 0 11351 1 0 -1423.98
10419 0 2 0 11351 2 0 932.017
12397 0 1 0 11351 1 0 -1045.98
12031 0 1 0 11351 1 0 -679.983
12341 0 1 0 11351 1 0 -989.983
12782 0 2 0 11351 2 0 -1430.98
13057 0 1 0 11351 1 0 -1705.98
9829 0 1 0 11351 1 0 1522.02
12847 0 1 0 11351 1 0 -1495.98
12702 0 1 0 11351 1 0 -1350.98
13060 0 2 0 11351 2 0 -1708.98
12548 0 1 0 11351 1 0 -1196.98
13225 0 1 0 11351 1 0 -1873.98
13248 0 1 0 11351 1 0 -1896.98
12777 0 1 0 11351 1 0 -1425.98
12602 0 2 0 11351 2 0 -1250.98
12823 0 1 0 11351 1 0 -1471.98
12016 0 1 0 11351 1 0 -664.983
13047 0 1 0 11351 1 0 -1695.98
13681 0 1 0 11351 1 0 -2329.98
13009 0 2 0 11351 2 0 -1657.98
12625 0 1 0 11351 1 0 -1273.98
11967 0 1 0 11351 1 0 -615.983
12609 0 1 0 11351 1 0 -1257.98
11623 0 1 0 11351 1 0 -271.983
9663 0 2 0 11351 2 0 1688.02
12239 0 1 0 11351 1 0 -887.983
13155 0 1 0 11351 1 0 -1803.98
12900 0 1 0 11351 1 0 -1548.98
12645 0 2 0 11351 2 0 -1293.98
12944 0 1 0 11351 1 0 -1592.98
12115 0 1 0 11351 1 0 -763.983
12671 0 1 0 11351 1 0 -1319.98
12697 0 2 0 11351 2 0 -1345.98
12391 0 1 0 11351 1 0 -1039.98
12556 0 1 0 11351 1 0 -1204.98
12503 0 1 0 11351 1 0 -1151.98
13070 0 1 0 11351 1 0 -1718.98
12625 0 2 0 11351 2 0 -1273.98
9482 0 1 0 11351 1 0 1869.02
12305 0 2 0 11351 2 0 -953.983
12178 0 1 0 11351 1 0 -826.983
12491 0 2 0 11351 2 0 -1139.98
12127 0 2 0 11351 2 0 -775.983
10830 0 1 0 11351 1 0 521.017
12237 0 2 0 11351 2 0 -885.983
12626 0 1 0 11351 1 0 -1274.98
12991 0 2 0 11351 2 0 -1639.98
11993 0 2 0 11351 2 0 -641.983
12401 0 1 0 11351 1 0 -1049.98
12433 0 2 0 11351 2 0 -1081.98
12675 0 2 0 11351 2 0 -1323.98
12568 0 1 0 11351 1 0 -1216.98
10542 0 2 0 11351 2 0 809.017
12028 0 1 0 11351 1 0 -676.983
12317 0 2 0 11351 2 0 -965.983
12418 0 2 0 11351 2 0 -1066.98
13000 0 1 0 11351 1 0 -1648.98
9814 0 2 0 11351 2 0 1537.02
11834 0 1 0 11351 1 0 -482.983
12836 0 2 0 11351 2 0 -1484.98
12639 0 1 0 11351 1 0 -1287.98
12609 0 2 0 11351 2 0 -1257.98
10729 0 1 0 11351 1 0 622.017
8808 0 1 0 11351 1 0 2543.02
8500 0 2 0 11351 2 0 2851.02
11659 0 1 0 11351 1 0 -307.983
12354 0 1 0 11351 1 0 -1002.98
8906 0 1 0 11351 1 0 2445.02
12819 0 2 0 11351 2 0 -1467.98
8924 0 1 0 11351 1 0 2427.02
12820 0 2 0 11351 2 0 -1468.98
13045 0 1 0 11351 1 0 -1693.98
9589 0 2 0 11351 2 0 1762.02
12009 0 2 0 11351 2 0 -657.983
12837 0 1 0 11351 1 0 -1485.98
12433 0 2 0 11351 2 0 -1081.98
12844 0 1 0 11351 1 0 -1492.98
12711 0 2 0 11351 2 0 -1359.98
13192 0 1 0 11351 1 0 -1840.98
12490 0 2 0 11351 2 0 -1138.98
12667 0 2 0 11351 2 0 -1315.98
11652 0 1 0 11351 1 0 -300.983
12413 0 2 0 11351 2 0 -1061.98
11986 0 1 0 11351 1 0 -634.983
12547 0 2 0 11351 2 0 -1195.98
12812 0 1 0 11351 1 0 -1460.98
13110 0 2 0 11351 2 0 -1758.98
12433 0 1 0 11351 1 0 -1081.98
12150 0 2 0 11351 2 0 -798.983
12911 0 1 0 11351 1 0 -1559.98
12960 0 1 0 11351 1 0 -1608.98
9841 0 2 0 11351 2 0 1510.02
12772 0 1 0 11351 1 0 -1420.98
12069 0 2 0 11351 2 0 -717.983
12625 0 1 0 11351 1 0 -1273.98
12234 0 2 0 11351 2 0 -882.983
12488 0 1 0 11351 1 0 -1136.98
12748 0 2 0 11351 2 0 -1396.98
12572 0 1 0 11351 1 0 -1220.98
12517 0 2 0 11351 2 0 -1165.98
12631 0 2 0 11351 2 0 -1279.98
12018 0 1 0 11351 1 0 -666.983
12992 0 2 0 11351 2 0 -1640.98
12395 0 1 0 11351 1 0 -1043.98
11535 0 2 0 11351 2 0 -183.983
12480 0 1 0 11351 1 0 -1128.98
12891 0 2 0 11351 2 0 -1539.98
12689 0 2 0 11351 2 0 -1337.98
10146 0 1 0 11351 1 0 1205.02
12994 0 2 0 11351 2 0 -1642.98
12962 0 1 0 11351 1 0 -1610.98
12677 0 2 0 11351 2 0 -1325.98
13006 0 1 0 11351 1 0 -1654.98
12338 0 2 0 11351 2 0 -986.983
12954 0 1 0 11351 1 0 -1602.98
12713 0 2 0 11351 2 0 -1361.98
13225 0 1 0 11351 1 0 -1873.98
13591 0 1 0 11351 1 0 -2239.98
12972 0 2 0 11351 2 0 -1620.98
12285 0 1 0 11351 1 0 -933.983
12337 0 2 0 11351 2 0 -985.983
12808 0 1 0 11351 1 0 -1456.98
12444 0 2 0 11351 2 0 -1092.98
12455 0 2 0 11351 2 0 -1103.98
13391 0 1 0 11351 1 0 -2039.98
12906 0 2 0 11351 2 0 -1554.98
13053 0 1 0 11351 1 0 -1701.98
12807 0 2 0 11351 2 0 -1455.98
12889 0 1 0 11351 1 0 -1537.98
12352 0 2 0 11351 2 0 -1000.98
12734 0 2 0 11351 2 0 -1382.98
12315 0 1 0 11351 1 0 -963.983
12946 0 2 0 11351 2 0 -1594.98
12951 0 1 0 11351 1 0 -1599.98
12039 0 2 0 11351 2 0 -687.983
12178 0 1 0 11351 1 0 -826.983
13024 0 2 0 11351 2 0 -1672.98
11885 0 1 0 11351 1 0 -533.983
12218 0 1 0 11351 1 0 -866.983
8945 0 2 0 11351 2 0 2406.02
13291 0 1 0 11351 1 0 -1939.98
12794 0 2 0 11351 2 0 -1442.98
11902 0 1 0 11351 1 0 -550.983
12945 0 2 0 11351 2 0 -1593.98
12858 0 1 0 11351 1 0 -1506.98
13008 0 2 0 11351 2 0 -1656.98
13170 0 1 0 11351 1 0 -1818.98
13262 0 2 0 11351 2 0 -1910.98
12669 0 2 0 11351 2 0 -1317.98
11780 0 1 0 11351 1 0 -428.983
13141 0 2 0 11351 2 0 -1789.98
12098 0 1 0 11351 1 0 -746.983
13502 0 2 0 11351 2 0 -2150.98
12980 0 1 0 11351 1 0 -1628.98
12129 0 2 0 11351 2 0 -777.983
12789 0 1 0 11351 1 0 -1437.98
12306 0 2 0 11351 2 0 -954.983
12377 0 2 0 11351 2 0 -1025.98
12146 0 1 0 11351 1 0 -794.983
12698 0 2 0 11351 2 0 -1346.98
10081 0 1 0 11351 1 0 1270.02
12751 0 2 0 11351 2 0 -1399.98
12533 0 1 0 11351 1 0 -1181.98
12124 0 2 0 11351 2 0 -772.983
11621 0 1 0 11351 1 0 -269.983
12561 0 2 0 11351 2 0 -1209.98
12569 0 1 0 11351 1 0 -1217.98
11897 0 1 0 11351 1 0 -545.983
12441 0 2 0 11351 2 0 -1089.98
12335 0 2 0 11351 2 0 -983.983
12169 0 1 0 11351 1 0 -817.983
12700 0 2 0 11351 2 0 -1348.98
12739 0 1 0 11351 1 0 -1387.98
12895 0 2 0 11351 2 0 -1543.98
12559 0 1 0 11351 1 0 -1207.98
11272 0 2 0 11351 2 0 79.0167
12739 0 2 0 11351 2 0 -1387.98
11695 0 1 0 11351 1 0 -343.983
12621 0 2 0 11351 2 0 -1269.98
8673 0 1 0 11351 1 0 2678.02
12490 0 2 0 11351 2 0 -1138.98
12192 0 2 0 11351 2 0 -840.983
12360 0 1 0 11351 1 0 -1008.98
12365 0 2 0 11351 2 0 -1013.98
12311 0 1 0 11351 1 0 -959.983
12298 0 2 0 11351 2 0 -946.983
12488 0 1 0 11351 1 0 -1136.98
12575 0 2 0 11351 2 0 -1223.98
12675 0 1 0 11351 1 0 -1323.98
12106 0 1 0 11351 1 0 -754.983
12493 0 2 0 11351 2 0 -1141.98
12198 0 1 0 11351 1 0 -846.983
13372 0 2 0 11351 2 0 -2020.98
12845 0 1 0 11351 1 0 -1493.98
12709 0 2 0 11351 2 0 -1357.98
12309 0 2 0 11351 2 0 -957.983
12832 0 1 0 11351 1 0 -1480.98
12498 0 2 0 11351 2 0 -1146.98
11786 0 1 0 11351 1 0 -434.983
12222 0 2 0 11351 2 0 -870.983
12426 0 1 0 11351 1 0 -1074.98
12987 0 2 0 11351 2 0 -1635.98
12795 0 1 0 11351 1 0 -1443.98
12500 0 2 0 11351 2 0 -1148.98
12440 0 2 0 11351 2 0 -1088.98
11621 0 1 0 11351 1 0 -269.983
12668 0 2 0 11351 2 0 -1316.98
9590 0 1 0 11351 1 0 1761.02
10950 0 1 0 11351 1 0 401.017
12309 0 0 0 11351 0 0 -957.983
9489 0 1 0 11351 1 0 1862.02
12330 0 0 0 11351 0 0 -978.983
12559 0 1 0 11351 1 0 -1207.98
12182 0 0 0 11351 0 0 -830.983
12727 0 1 0 11351 1 0 -1375.98
12578 0 0 0 11351 0 0 -1226.98
12871 0 1 0 11351 1 0 -1519.98
12916 0 1 0 11351 1 0 -1564.98
12662 0 0 0 11351 0 0 -1310.98
12231 0 1 0 11351 1 0 -879.983
12524 0 0 0 11351 0 0 -1172.98
12658 0 1 0 11351 1 0 -1306.98
12352 0 0 0 11351 0 0 -1000.98
12149 0 1 0 11351 1 0 -797.983
9517 0 0 0 11351 0 0 1834.02
12307 0 1 0 11351 1 0 -955.983
11843 0 0 0 11351 0 0 -491.983
12645 0 1 0 11351 1 0 -1293.98
12874 0 1 0 11351 1 0 -1522.98
12665 0 0 0 11351 0 0 -1313.98
12203 0 1 0 11351 1 0 -851.983
12653 0 0 0 11351 0 0 -1301.98
13054 0 1 0 11351 1 0 -1702.98
11973 0 0 0 11351 0 0 -621.983
12574 0 1 0 11351 1 0 -1222.98
12562 0 0 0 11351 0 0 -1210.98
13016 0 1 0 11351 1 0 -1664.98
11682 0 1 0 11351 1 0 -330.983
12002 0 0 0 11351 0 0 -650.983
12362 0 1 0 11351 1 0 -1010.98
11277 0 0 0 11351 0 0 74.0167
12352 0 1 0 11351 1 0 -1000.98
12384 0 0 0 11351 0 0 -1032.98
9844 0 1 0 11351 1 0 1507.02
12844 0 1 0 11351 1 0 -1492.98
12470 0 0 0 11351 0 0 -1118.98
12729 0 1 0 11351 1 0 -1377.98
12429 0 0 0 11351 0 0 -1077.98
12130 0 1 0 11351 1 0 -778.983
12461 0 0 0 11351 0 0 -1109.98
12687 0 1 0 11351 1 0 -1335.98
12442 0 1 0 11351 1 0 -1090.98
12367 0 0 0 11351 0 0 -1015.98
8677 0 1 0 11351 1 0 2674.02
12251 0 0 0 11351 0 0 -899.983
9831 0 1 0 11351 1 0 1520.02
12893 0 0 0 11351 0 0 -1541.98
12669 0 1 0 11351 1 0 -1317.98
12549 0 1 0 11351 1 0 -1197.98
9758 0 0 0 11351 0 0 1593.02
13203 0 1 0 11351 1 0 -1851.98
12724 0 0 0 11351 0 0 -1372.98
11681 0 1 0 11351 1 0 -329.983
12418 0 0 0 11351 0 0 -1066.98
12668 0 1 0 11351 1 0 -1316.98
12876 0 1 0 11351 1 0 -1524.98
9444 0 0 0 11351 0 0 1907.02
12348 0 1 0 11351 1 0 -996.983
12234 0 0 0 11351 0 0 -882.983
12350 0 1 0 11351 1 0 -998.983
12535 0 0 0 11351 0 0 -1183.98
12405 0 1 0 11351 1 0 -1053.98
12909 0 1 0 11351 1 0 -1557.98
9281 0 0 0 11351 0 0 2070.02
12399 0 1 0 11351 1 0 -1047.98
12616 0 0 0 11351 0 0 -1264.98
12326 0 1 0 11351 1 0 -974.983
12585 0 1 0 11351 1 0 -1233.98
12336 0 0 0 11351 0 0 -984.983
12817 0 1 0 11351 1 0 -1465.98
12276 0 0 0 11351 0 0 -924.983
12328 0 1 0 11351 1 0 -976.983
9724 0 1 0 11351 1 0 1627.02
12214 0 0 0 11351 0 0 -862.983
12728 0 1 0 11351 1 0 -1376.98
12084 0 0 0 11351 0 0 -732.983
12568 0 1 0 11351 1 0 -1216.98
11874 0 1 0 11351 1 0 -522.983
12604 0 0 0 11351 0 0 -1252.98
12487 0 1 0 11351 1 0 -1135.98
12015 0 1 0 11351 1 0 -663.983
12604 0 0 0 11351 0 0 -1252.98
12775 0 1 0 11351 1 0 -1423.98
12606 0 0 0 11351 0 0 -1254.98
12359 0 1 0 11351 1 0 -1007.98
12582 0 1 0 11351 1 0 -1230.98
12849 0 0 0 11351 0 0 -1497.98
12171 0 1 0 11351 1 0 -819.983
12631 0 1 0 11351 1 0 -1279.98
12241 0 0 0 11351 0 0 -889.983
12669 0 1 0 11351 1 0 -1317.98
12917 0 1 0 11351 1 0 -1565.98
12467 0 0 0 11351 0 0 -1115.98
12224 0 1 0 11351 1 0 -872.983
12495 0 1 0 11351 1 0 -1143.98
12730 0 0 0 11351 0 0 -1378.98
12527 0 1 0 11351 1 0 -1175.98
12543 0 1 0 11351 1 0 -1191.98
12875 0 0 0 11351 0 0 -1523.98
12577 0 1 0 11351 1 0 -1225.98
12935 0 1 0 11351 1 0 -1583.98
9787 0 0 0 11351 0 0 1564.02
10888 0 1 0 11351 1 0 463.017
12674 0 1 0 11351 1 0 -1322.98
12707 0 0 0 11351 0 0 -1355.98
12534 0 1 0 11351 1 0 -1182.98
12624 0 0 0 11351 0 0 -1272.98
12903 0 1 0 11351 1 0 -1551.98
11759 0 1 0 11351 1 0 -407.983
11772 0 0 0 11351 0 0 -420.983
12452 0 1 0 11351 1 0 -1100.98
12785 0 1 0 11351 1 0 -1433.98
13009 0 0 0 11351 0 0 -1657.98
12622 0 1 0 11351 1 0 -1270.98
13127 0 1 0 11351 1 0 -1775.98
11548 0 1 0 11351 1 0 -196.983
12724 0 0 0 11351 0 0 -1372.98
12272 0 1 0 11351 1 0 -920.983
13318 0 1 0 11351 1 0 -1966.98
12400 0 0 0 11351 0 0 -1048.98
12652 0 1 0 11351 1 0 -1300.98
13313 0 1 0 11351 1 0 -1961.98
13039 0 0 0 11351 0 0 -1687.98
11432 0 1 0 11351 1 0 -80.9833
12827 0 1 0 11351 1 0 -1475.98
12590 0 1 0 11351 1 0 -1238.98
13272 0 0 0 11351 0 0 -1920.98
12283 0 1 0 11351 1 0 -931.983
13091 0 1 0 11351 1 0 -1739.98
12612 0 0 0 11351 0 0 -1260.98
12781 0 1 0 11351 1 0 -1429.98
12846 0 1 0 11351 1 0 -1494.98
12819 0 0 0 11351 0 0 -1467.98
12620 0 1 0 11351 1 0 -1268.98
9831 0 1 0 11351 1 0 1520.02
12139 0 0 0 11351 0 0 -787.983
11415 0 1 0 11351 1 0 -63.9833
12640 0 1 0 11351 1 0 -1288.98
13102 0 1 0 11351 1 0 -1750.98
12345 0 0 0 11351 0 0 -993.983
13421 0 1 0 11351 1 0 -2069.98
13575 0 1 0 11351 1 0 -2223.98
12090 0 0 0 11351 0 0 -738.983
12580 0 1 0 11351 1 0 -1228.98
12296 0 1 0 11351 1 0 -944.983
12854 0 1 0 11351 1 0 -1502.98
12793 0 0 0 11351 0 0 -1441.98
12824 0 1 0 11351 1 0 -1472.98
12531 0 1 0 11351 1 0 -1179.98
11873 0 0 0 11351 0 0 -521.983
12750 0 1 0 11351 1 0 -1398.98
12274 0 1 0 11351 1 0 -922.983
12229 0 0 0 11351 0 0 -877.983
12426 0 1 0 11351 1 0 -1074.98
12751 0 1 0 11351 1 0 -1399.98
12539 0 0 0 11351 0 0 -1187.98
11753 0 1 0 11351 1 0 -401.983
12394 0 1 0 11351 1 0 -1042.98
12572 0 0 0 11351 0 0 -1220.98
12342 0 1 0 11351 1 0 -990.983
12465 0 1 0 11351 1 0 -1113.98
9048 0 0 0 11351 0 0 2303.02
12653 0 1 0 11351 1 0 -1301.98
12203 0 1 0 11351 1 0 -851.983
12948 0 1 0 11351 1 0 -1596.98
12794 0 0 0 11351 0 0 -1442.98
12577 0 1 0 11351 1 0 -1225.98
12376 0 1 0 11351 1 0 -1024.98
10933 0 1 1 11351 1 0 0
12325 0 0 0 11351 0 0 0
12110 0 0 0 11351 0 0 0
12337 0 0 0 11351 0 0 0
12282 0 0 0 11351 0 0 0
11600 0 0 0 11351 0 0 0
12420 0 0 0 11351 0 0 0
12504 0 0 0 11351 0 0 0
12652 0 0 0 11351 0 0 0
10577 0 0 0 11351 0 0 0
12449 0 0 0 11351 0 0 0
12510 0 0 0 11351 0 0 0
12543 0 0 0 11351 0 0 0
12784 0 0 0 11351 0 0 0
13143 0 0 0 11351 0 0 0
12006 0 0 0 11351 0 0 0
10870 0 0 0 11351 0 0 0
12165 0 0 0 11351 0 0 0
9331 0 0 0 11351 0 0 0
9565 0 0 0 11351 0 0 0
11509 0 0 0 11351 0 0 0
13108 0 0 0 11351 0 0 0
12763 0 0 0 11351 0 0 0
12322 0 0 0 11351 0 0 0
12662 0 0 0 11351 0 0 0
12940 0 0 0 11351 0 0 0
13073 0 0 0 11351 0 0 0
12679 0 0 0 11351 0 0 0
12391 0 0 0 11351 0 0 0
11946 0 0 0 11351 0 0 0
12586 0 0 0 11351 0 0 0
11921 0 0 0 11351 0 0 0
12062 0 0 0 11351 0 0 0
12357 0 0 0 11351 0 0 0
12415 0 0 0 11351 0 0 0
12538 0 0 0 11351 0 0 0
12675 0 0 0 11351 0 0 0
12866 0 0 0 11351 0 0 0
11398 0 0 0 11351 0 0 0
12321 0 0 0 11351 0 0 0
13041 0 0 0 11351 0 0 0
12341 0 0 0 11351 0 0 0
13125 0 0 0 11351 0 0 0
13628 0 0 0 11351 0 0 0
12950 0 0 0 11351 0 0 0
12528 0 0 0 11351 0 0 0
12767 0 0 0 11351 0 0 0
12255 0 0 0 11351 0 0 0
12408 0 0 0 11351 0 0 0
12368 0 0 0 11351 0 0 0
12444 0 0 0 11351 0 0 0
12271 0 0 0 11351 0 0 0
12220 0 0 0 11351 0 0 0
9966 0 0 0 11351 0 0 0
12798 0 0 0 11351 0 0 0
12664 0 0 0 11351 0 0 0
10415 0 0 0 11351 0 0 0
13216 0 0 0 11351 0 0 0
13235 0 0 0 11351 0 0 0
11756 0 0 0 11351 0 0 0
12334 0 0 0 11351 0 0 0
12311 0 0 0 11351 0 0 0
12776 0 0 0 11351 0 0 0
12501 0 0 0 11351 0 0 0
12603 0 0 0 11351 0 0 0
12643 0 0 0 11351 0 0 0
12242 0 0 0 11351 0 0 0
12100 0 0 0 11351 0 0 0
13025 0 0 0 11351 0 0 0
13052 0 0 0 11351 0 0 0
12934 0 0 0 11351 0 0 0
12860 0 0 0 11351 0 0 0
12170 0 0 0 11351 0 0 0
12968 0 0 0 11351 0 0 0
12808 0 0 0 11351 0 0 0
12656 0 0 0 11351 0 0 0
12620 0 0 0 11351 0 0 0
12811 0 0 0 11351 0 0 0
12449 0 0 0 11351 0 0 0
12270 0 0 0 11351 0 0 0
13375 0 0 0 11351 0 0 0
12067 0 0 0 11351 0 0 0
12665 0 0 0 11351 0 0 0
12234 0 0 0 11351 0 0 0
12627 0 0 0 11351 0 0 0
13349 0 0 0 11351 0 0 0
12344 0 0 0 11351 0 0 0
12287 0 0 0 11351 0 0 0
11963 0 0 0 11351 0 0 0
12684 0 0 0 11351 0 0 0
12412 0 0 0 11351 0 0 0
12671 0 0 0 11351 0 0 0
13123 0 0 0 11351 0 0 0
12123 0 0 0 11351 0 0 0
11564 0 0 0 11351 0 0 0
10783 0 0 0 11351 0 0 0
11460 0 0 0 11351 0 0 0
10544 0 0 0 11351 0 0 0
10714 0 0 0 11351 0 0 0
10789 0 0 0 11351 0 0 0
8644 0 0 0 11351 0 0 0
10505 0 0 0 11351 0 0 0
8470 0 0 0 11351 0 0 0
9930 0 0 0 11351 0 0 0
11050 0 0 0 11351 0 0 0
11293 0 0 0 11351 0 0 0
10248 0 0 0 11351 0 0 0
10407 0 0 0 11351 0 0 0
10450 0 0 0 11351 0 0 0
10465 0 0 0 11351 0 0 0
9075 0 0 0 11351 0 0 0
8946 0 0 0 11351 0 0 0
11082 0 0 0 11351 0 0 0
11087 0 0 0 11351 0 0 0
10961 0 0 0 11351 0 0 0
11539 0 0 0 11351 0 0 0
11535 0 0 0 11351 0 0 0
11164 0 0 0 11351 0 0 0
9786 0 0 0 11351 0 0 0
11140 0 0 0 11351 0 0 0
10542 0 0 0 11351 0 0 0
11134 0 0 0 11351 0 0 0
10521 0 0 0 11351 0 0 0
9884 0 0 0 11351 0 0 0
11328 0 0 0 11351 0 0 0
11954 0 0 0 11351 0 0 0
12395 0 0 0 11351 0 0 0
12566 0 0 0 11351 0 0 0
12570 0 0 0 11351 0 0 0
13175 0 0 0 11351 0 0 0
12826 0 0 0 11351 0 0 0
12928 0 0 0 11351 0 0 0
12503 0 0 0 11351 0 0 0
12551 0 0 0 11351 0 0 0
12923 0 0 0 11351 0 0 0
12438 0 0 0 11351 0 0 0
12639 0 0 0 11351 0 0 0
13021 0 0 0 11351 0 0 0
12474 0 0 0 11351 0 0 0
12325 0 0 0 11351 0 0 0
12809 0 0 0 11351 0 0 0
12273 0 0 0 11351 0 0 0
9745 0 0 0 11351 0 0 0
12692 0 0 0 11351 0 0 0
12804 0 0 0 11351 0 0 0
12886 0 0 0 11351 0 0 0
12333 0 0 0 11351 0 0 0
12633 0 0 0 11351 0 0 0
12751 0 0 0 11351 0 0 0
12942 0 0 0 11351 0 0 0
12605 0 0 0 11351 0 0 0
12250 0 0 0 11351 0 0 0
12274 0 0 0 11351 0 0 0
12195 0 0 0 11351 0 0 0
12809 0 0 0 11351 0 0 0
12913 0 0 0 11351 0 0 0
9391 0 0 0 11351 0 0 0
12940 0 0 0 11351 0 0 0
12660 0 0 0 11351 0 0 0
12506 0 0 0 11351 0 0 0
12048 0 0 0 11351 0 0 0
12841 0 0 0 11351 0 0 0
12966 0 0 0 11351 0 0 0
13166 0 0 0 11351 0 0 0
13272 0 0 0 11351 0 0 0
13088 0 0 0 11351 0 0 0
11829 0 0 0 11351 0 0 0
11915 0 0 0 11351 0 0 0
12211 0 0 0 11351 0 0 0
13429 0 0 0 11351 0 0 0
12288 0 0 0 11351 0 0 0
13084 0 0 0 11351 0 0 0
12188 0 0 0 11351 0 0 0
12214 0 0 0 11351 0 0 0
12465 0 0 0 11351 0 0 0
12064 0 0 0 11351 0 0 0
12760 0 0 0 11351 0 0 0
12840 0 0 0 11351 0 0 0
12705 0 0 0 11351 0 0 0
12016 0 0 0 11351 0 0 0
12440 0 0 0 11351 0 0 0
12745 0 0 0 11351 0 0 0
13096 0 0 0 11351 0 0 0
12845 0 0 0 11351 0 0 0
12565 0 0 0 11351 0 0 0
13148 0 0 0 11351 0 0 0
12821 0 0 0 11351 0 0 0
12246 0 0 0 11351 0 0 0
12936 0 0 0 11351 0 0 0
12768 0 0 0 11351 0 0 0
12480 0 0 0 11351 0 0 0
12451 0 0 0 11351 0 0 0
12471 0 0 0 11351 0 0 0
12223 0 0 0 11351 0 0 0
11429 0 0 0 11351 0 0 0
12443 0 0 0 11351 0 0 0
12478 0 0 0 11351 0 0 0
12659 0 0 0 11351 0 0 0
12480 0 0 0 11351 0 0 0
12413 0 0 0 11351 0 0 0
12828 0 0 0 11351 0 0 0
12033 0 0 0 11351 0 0 0
12467 0 0 0 11351 0 0 0
8970 0 0 0 11351 0 0 0
13547 0 0 0 11351 0 0 0
12361 0 0 0 11351 0 0 0
12230 0 0 0 11351 0 0 0
12829 0 0 0 11351 0 0 0
12425 0 0 0 11351 0 0 0
12988 0 0 0 11351 0 0 0
12249 0 0 0 11351 0 0 0
12452 0 0 0 11351 0 0 0
12528 0 0 0 11351 0 0 0
12781 0 0 0 11351 0 0 0
12388 0 0 0 11351 0 0 0
8593 0 0 0 11351 0 0 0
12775 0 0 0 11351 0 0 0
12806 0 0 0 11351 0 0 0
12512 0 0 0 11351 0 0 0
12816 0 0 0 11351 0 0 0
12559 0 0 0 11351 0 0 0
12840 0 0 0 11351 0 0 0
12038 0 0 0 11351 0 0 0
12663 0 0 0 11351 0 0 0
12826 0 0 0 11351 0 0 0
12734 0 0 0 11351 0 0 0
12018 0 0 0 11351 0 0 0
12426 0 0 0 11351 0 0 0
12382 0 0 0 11351 0 0 0
12404 0 0 0 11351 0 0 0
12635 0 0 0 11351 0 0 0
12463 0 0 0 11351 0 0 0
12590 0 0 0 11351 0 0 0
12450 0 0 0 11351 0 0 0
12636 0 0 0 11351 0 0 0
12562 0 0 0 11351 0 0 0
12256 0 0 0 11351 0 0 0
12554 0 0 0 11351 0 0 0
12208 0 0 0 11351 0 0 0
12526 0 0 0 11351 0 0 0
12520 0 0 0 11351 0 0 0
12524 0 0 0 11351 0 0 0
12735 0 0 0 11351 0 0 0
12098 0 0 0 11351 0 0 0
12621 0 0 0 11351 0 0 0
12570 0 0 0 11351 0 0 0
12399 0 0 0 11351 0 0 0
12547 0 0 0 11351 0 0 0
12361 0 0 0 11351 0 0 0
12458 0 0 0 11351 0 0 0
12101 0 0 0 11351 0 0 0
8777 0 0 0 11351 0 0 0
9814 0 0 0 11351 0 0 0
12478 0 0 0 11351 0 0 0
12147 0 0 0 11351 0 0 0
12344 0 0 0 11351 0 0 0
12763 0 0 0 11351 0 0 0
12169 0 0 0 11351 0 0 0
12200 0 0 0 11351 0 0 0
12103 0 0 0 11351 0 0 0
12190 0 0 0 11351 0 0 0
12042 0 0 0 11351 0 0 0
12270 0 0 0 11351 0 0 0
12135 0 0 0 11351 0 0 0
11980 0 0 0 11351 0 0 0
12242 0 0 0 11351 0 0 0
12893 0 0 0 11351 0 0 0
12624 0 0 0 11351 0 0 0
12907 0 0 0 11351 0 0 0
12671 0 0 0 11351 0 0 0
12287 0 0 0 11351 0 0 0
11918 0 0 0 11351 0 0 0
12856 0 0 0 11351 0 0 0
12419 0 0 0 11351 0 0 0
11766 0 0 0 11351 0 0 0
12136 0 0 0 11351 0 0 0
12666 0 0 0 11351 0 0 0
12344 0 0 0 11351 0 0 0
12205 0 0 0 11351 0 0 0
12798 0 0 0 11351 0 0 0
12108 0 0 0 11351 0 0 0
9262 0 0 0 11351 0 0 0
11879 0 0 0 11351 0 0 0
12048 0 0 0 11351 0 0 0
12459 0 0 0 11351 0 0 0
11956 0 0 0 11351 0 0 0
12652 0 0 0 11351 0 0 0
12662 0 0 0 11351 0 0 0
12898 0 0 0 11351 0 0 0
12716 0 0 0 11351 0 0 0
12388 0 0 0 11351 0 0 0
12424 0 0 0 11351 0 0 0
11932 0 0 0 11351 0 0 0
12368 0 0 0 11351 0 0 0
12715 0 0 0 11351 0 0 0
12575 0 0 0 11351 0 0 0
12711 0 0 0 11351 0 0 0
12380 0 0 0 11351 0 0 0
12619 0 0 0 11351 0 0 0
11872 0 0 0 11351 0 0 0
12404 0 0 0 11351 0 0 0
12384 0 0 0 11351 0 0 0
12523 0 0 0 11351 0 0 0
11816 0 0 0 11351 0 0 0
12394 0 0 0 11351 0 0 0
12908 0 0 0 11351 0 0 0
8716 0 0 0 11351 0 0 0
11827 0 0 0 11351 0 0 0
12318 0 0 0 11351 0 0 0
12565 0 0 0 11351 0 0 0
12045 0 0 0 11351 0 0 0
12089 0 0 0 11351 0 0 0
12238 0 0 0 11351 0 0 0
12145 0 0 0 11351 0 0 0
11828 0 0 0 11351 0 0 0
12378 0 0 0 11351 0 0 0
12252 0 0 0 11351 0 0 0
12890 0 0 0 11351 0 0 0
12297 0 0 0 11351 0 0 0
12264 0 0 0 11351 0 0 0
11850 0 0 0 11351 0 0 0
12726 0 0 0 11351 0 0 0
12465 0 0 0 11351 0 0 0
11969 0 0 0 11351 0 0 0
12559 0 0 0 11351 0 0 0
12303 0 0 0 11351 0 0 0
12020 0 0 0 11351 0 0 0
12426 0 0 0 11351 0 0 0
12546 0 0 0 11351 0 0 0
12566 0 0 0 11351 0 0 0
12379 0 0 0 11351 0 0 0
12441 0 0 0 11351 0 0 0
12625 0 0 0 11351 0 0 0
12820 0 0 0 11351 0 0 0
11870 0 0 0 11351 0 0 0
12512 0 0 0 11351 0 0 0
12081 0 0 0 11351 0 0 0
12607 0 0 0 11351 0 0 0
12220 0 0 0 11351 0 0 0
12286 0 0 0 11351 0 0 0
12607 0 0 0 11351 0 0 0
11845 0 0 0 11351 0 0 0
12354 0 0 0 11351 0 0 0
12716 0 0 0 11351 0 0 0
12701 0 0 0 11351 0 0 0
12371 0 0 0 11351 0 0 0
9078 0 0 0 11351 0 0 0
9217 0 0 0 11351 0 0 0
12648 0 0 0 11351 0 0 0
12344 0 0 0 11351 0 0 0
12635 0 0 0 11351 0 0 0
12487 0 0 0 11351 0 0 0
12686 0 0 0 11351 0 0 0
12612 0 0 0 11351 0 0 0
13149 0 0 0 11351 0 0 0
12842 0 0 0 11351 0 0 0
13268 0 0 0 11351 0 0 0
12786 0 0 0 11351 0 0 0
12424 0 0 0 11351 0 0 0
12996 0 0 0 11351 0 0 0
12605 0 0 0 11351 0 0 0
13085 0 0 0 11351 0 0 0
12361 0 0 0 11351 0 0 0
12264 0 0 0 11351 0 0 0
12437 0 0 0 11351 0 0 0
12681 0 0 0 11351 0 0 0
12648 0 0 0 11351 0 0 0
12041 0 0 0 11351 0 0 0
12360 0 0 0 11351 0 0 0
12137 0 0 0 11351 0 0 0
13057 0 0 0 11351 0 0 0
12473 0 0 0 11351 0 0 0
12978 0 0 0 11351 0 0 0
13080 0 0 0 11351 0 0 0
13572 0 0 0 11351 0 0 0
12755 0 0 0 11351 0 0 0
11972 0 0 0 11351 0 0 0
12649 0 0 0 11351 0 0 0
12904 0 0 0 11351 0 0 0
12278 0 0 0 11351 0 0 0
12563 0 0 0 11351 0 0 0
12733 0 0 0 11351 0 0 0
12446 0 0 0 11351 0 0 0
12039 0 0 0 11351 0 0 0
12499 0 0 0 11351 0 0 0
12958 0 0 0 11351 0 0 0
13061 0 0 0 11351 0 0 0
12868 0 0 0 11351 0 0 0
11963 0 0 0 11351 0 0 0
12327 0 0 0 11351 0 0 0
12136 0 0 0 11351 0 0 0
12434 0 0 0 11351 0 0 0
13063 0 0 0 11351 0 0 0
13272 0 0 0 11351 0 0 0
12824 0 0 0 11351 0 0 0
12643 0 0 0 11351 0 0 0
12312 0 0 0 11351 0 0 0
12723 0 0 0 11351 0 0 0
13376 0 0 0 11351 0 0 0
12895 0 0 0 11351 0 0 0
12250 0 0 0 11351 0 0 0
12649 0 0 0 11351 0 0 0
12743 0 0 0 11351 0 0 0
11928 0 0 0 11351 0 0 0
13168 0 0 0 11351 0 0 0
12709 0 0 0 11351 0 0 0
12260 0 0 0 11351 0 0 0
12744 0 0 0 11351 0 0 0
12316 0 0 0 11351 0 0 0
12755 0 0 0 11351 0 0 0
12110 0 0 0 11351 0 0 0
12655 0 0 0 11351 0 0 0
12640 0 0 0 11351 0 0 0
13275 0 0 0 11351 0 0 0
12789 0 0 0 11351 0 0 0
12329 0 0 0 11351 0 0 0
12724 0 0 0 11351 0 0 0
12342 0 0 0 11351 0 0 0
12776 0 0 0 11351 0 0 0
12474 0 0 0 11351 0 0 0
12491 0 0 0 11351 0 0 0
12405 0 0 0 11351 0 0 0
12055 0 0 0 11351 0 0 0
12591 0 0 0 11351 0 0 0
12079 0 0 0 11351 0 0 0
12612 0 0 0 11351 0 0 0
12724 0 0 0 11351 0 0 0
12767 0 0 0 11351 0 0 0
12931 0 0 0 11351 0 0 0
12791 0 0 0 11351 0 0 0
12461 0 0 0 11351 0 0 0
12755 0 0 0 11351 0 0 0
12848 0 0 0 11351 0 0 0
12752 0 0 0 11351 0 0 0
12794 0 0 0 11351 0 0 0
12826 0 0 0 11351 0 0 0
12510 0 0 0 11351 0 0 0
12171 0 0 0 11351 0 0 0
12082 0 0 0 11351 0 0 0
12616 0 0 0 11351 0 0 0
12763 0 0 0 11351 0 0 0
12505 0 0 0 11351 0 0 0
12378 0 0 0 11351 0 0 0
12259 0 0 0 11351 0 0 0
12382 0 0 0 11351 0 0 0
12929 0 0 0 11351 0 0 0
12494 0 0 0 11351 0 0 0
12577 0 0 0 11351 0 0 0
12969 0 0 0 11351 0 0 0
12441 0 0 0 11351 0 0 0
12603 0 0 0 11351 0 0 0
12207 0 0 0 11351 0 0 0
12398 0 0 0 11351 0 0 0
12715 0 0 0 11351 0 0 0
12117 0 0 0 11351 0 0 0
12562 0 0 0 11351 0 0 0
12511 0 0 0 11351 0 0 0
12525 0 0 0 11351 0 0 0
11970 0 0 0 11351 0 0 0
12356 0 0 0 11351 0 0 0
12853 0 0 0 11351 0 0 0
12252 0 0 0 11351 0 0 0
12784 0 0 0 11351 0 0 0
12220 0 0 0 11351 0 0 0
12848 0 0 0 11351 0 0 0
12090 0 0 0 11351 0 0 0
12820 0 0 0 11351 0 0 0
12142 0 0 0 11351 0 0 0
12526 0 0 0 11351 0 0 0
12950 0 0 0 11351 0 0 0
12580 0 0 0 11351 0 0 0
12325 0 0 0 11351 0 0 0
11674 0 0 0 11351 0 0 0
12447 0 0 0 11351 0 0 0
11974 0 0 0 11351 0 0 0
12300 0 0 0 11351 0 0 0
12201 0 0 0 11351 0 0 0
12790 0 0 0 11351 0 0 0
12742 0 0 0 11351 0 0 0
12188 0 0 0 11351 0 0 0
12348 0 0 0 11351 0 0 0
12380 0 0 0 11351 0 0 0
12082 0 0 0 11351 0 0 0
12874 0 0 0 11351 0 0 0
12580 0 0 0 11351 0 0 0
12653 0 0 0 11351 0 0 0
12095 0 0 0 11351 0 0 0
12658 0 0 0 11351 0 0 0
12660 0 0 0 11351 0 0 0
12953 0 0 0 11351 0 0 0
12351 0 0 0 11351 0 0 0
12363 0 0 0 11351 0 0 0
12845 0 0 0 11351 0 0 0
12403 0 0 0 11351 0 0 0
12454 0 0 0 11351 0 0 0
12981 0 0 0 11351 0 0 0
12743 0 0 0 11351 0 0 0
12692 0 0 0 11351 0 0 0
12298 0 0 0 11351 0 0 0
11707 0 0 0 11351 0 0 0
12904 0 0 0 11351 0 0 0
12815 0 0 0 11351 0 0 0
12705 0 0 0 11351 0 0 0
11979 0 0 0 11351 0 0 0
12147 0 0 0 11351 0 0 0
12493 0 0 0 11351 0 0 0
12061 0 0 0 11351 0 0 0
12457 0 0 0 11351 0 0 0
12477 0 0 0 11351 0 0 0
12454 0 0 0 11351 0 0 0
12755 0 0 0 11351 0 0 0
12623 0 0 0 11351 0 0 0
13043 0 0 0 11351 0 0 0
12272 0 0 0 11351 0 0 0
12179 0 0 0 11351 0 0 0
12489 0 0 0 11351 0 0 0
12513 0 0 0 11351 0 0 0
12543 0 0 0 11351 0 0 0
12177 0 0 0 11351 0 0 0
12673 0 0 0 11351 0 0 0
12196 0 0 0 11351 0 0 0
12626 0 0 0 11351 0 0 0
12720 0 0 0 11351 0 0 0
12904 0 0 0 11351 0 0 0
12392 0 0 0 11351 0 0 0
12820 0 0 0 11351 0 0 0
12487 0 0 0 11351 0 0 0
12322 0 0 0 11351 0 0 0
12785 0 0 0 11351 0 0 0
13064 0 0 0 11351 0 0 0
12641 0 0 0 11351 0 0 0
12340 0 0 0 11351 0 0 0
11843 0 0 0 11351 0 0 0
12468 0 0 0 11351 0 0 0
11799 0 0 0 11351 0 0 0
12233 0 0 0 11351 0 0 0
12186 0 0 0 11351 0 0 0
12048 0 0 0 11351 0 0 0
11881 0 0 0 11351 0 0 0
12395 0 0 0 11351 0 0 0
12514 0 0 0 11351 0 0 0
12108 0 0 0 11351 0 0 0
11981 0 0 0 11351 0 0 0
11952 0 0 0 11351 0 0 0
12442 0 0 0 11351 0 0 0
12207 0 0 0 11351 0 0 0
11262 0 0 0 11351 0 0 0
11856 0 0 0 11351 0 0 0
12129 0 0 0 11351 0 0 0
12619 0 0 0 11351 0 0 0
12438 0 0 0 11351 0 0 0
12912 0 0 0 11351 0 0 0
12938 0 0 0 11351 0 0 0
12772 0 0 0 11351 0 0 0
12541 0 0 0 11351 0 0 0
12229 0 0 0 11351 0 0 0
12342 0 0 0 11351 0 0 0
12604 0 0 0 11351 0 0 0
12209 0 0 0 11351 0 0 0
12486 0 0 0 11351 0 0 0
11566 0 0 0 11351 0 0 0
12815 0 0 0 11351 0 0 0
12199 0 0 0 11351 0 0 0
12380 0 0 0 11351 0 0 0
12119 0 0 0 11351 0 0 0
12539 0 0 0 11351 0 0 0
12459 0 0 0 11351 0 0 0
12614 0 0 0 11351 0 0 0
12135 0 0 0 11351 0 0 0
12206 0 0 0 11351 0 0 0
12129 0 0 0 11351 0 0 0
12267 0 0 0 11351 0 0 0
12829 0 0 0 11351 0 0 0
12747 0 0 0 11351 0 0 0
12232 0 0 0 11351 0 0 0
12428 0 0 0 11351 0 0 0
12220 0 0 0 11351 0 0 0
12412 0 0 0 11351 0 0 0
12187 0 0 0 11351 0 0 0
12181 0 0 0 11351 0 0 0
12503 0 0 0 11351 0 0 0
12644 0 0 0 11351 0 0 0
12390 0 0 0 11351 0 0 0
11995 0 0 0 11351 0 0 0
12508 0 0 0 11351 0 0 0
12837 0 0 0 11351 0 0 0
12385 0 0 0 11351 0 0 0
11965 0 0 0 11351 0 0 0
12288 0 0 0 11351 0 0 0
11729 0 0 0 11351 0 0 0
11988 0 0 0 11351 0 0 0
12460 0 0 0 11351 0 0 0
12965 0 0 0 11351 0 0 0
12730 0 0 0 11351 0 0 0
12311 0 0 0 11351 0 0 0
12535 0 0 0 11351 0 0 0
12071 0 0 0 11351 0 0 0
12270 0 0 0 11351 0 0 0
12486 0 0 0 11351 0 0 0
2397 0 0 0 11351 0 0 0
