0.00 0.00 0.00
9.00 0.00 0.00
0.00 0.00 0.00
0.00 0.00 0.00
0.00 0.00 0.00
20.51 79.50 0.00
101.05 108.00 0.00
103.55 105.50 0.00
102.05 27.00 0.00
101.55 0.00 0.00
101.05 0.00 0.00
107.05 0.00 0.00
100.55 0.00 0.00
74.04 6.00 59.38
78.04 108.50 139.51
66.53 103.50 116.51
81.54 109.00 130.49
67.03 107.00 126.07
75.54 109.50 121.07
67.53 104.50 119.57
68.03 107.00 121.07
74.54 106.50 110.56
67.53 106.00 123.07
73.53 109.50 109.06
57.53 107.50 128.07
54.53 110.00 94.05
64.53 104.00 105.06
66.03 108.00 121.07
60.03 108.50 102.55
67.03 108.50 98.56
63.03 108.50 119.06
58.53 108.00 126.07
58.53 104.00 78.05
69.53 110.00 116.06
54.03 104.00 118.06
61.53 109.00 74.04
69.53 108.00 128.07
62.03 108.50 110.56
63.03 105.50 102.06
71.03 106.50 107.56
61.03 107.00 113.06
58.53 104.50 94.55
78.04 110.00 112.56
61.03 106.50 118.06
65.03 109.50 79.55
68.03 104.50 122.57
60.53 103.50 128.19
58.53 106.50 76.54
73.53 109.00 115.56
63.53 108.00 123.07
64.03 109.50 74.54
68.53 103.50 122.57
58.53 109.00 120.57
59.03 104.50 82.55
68.53 107.00 117.06
60.53 109.00 110.06
61.03 108.00 111.06
72.53 108.50 99.05
62.03 104.00 128.07
55.53 105.50 83.55
63.03 107.00 108.56
64.03 107.00 119.06
64.03 104.50 92.55
64.53 105.50 108.56
63.03 106.50 119.06
57.53 109.00 100.06
69.53 105.00 101.05
58.53 107.50 124.07
62.53 108.50 68.04
69.54 108.50 128.07
58.03 106.50 128.07
61.03 104.00 91.05
69.53 110.00 101.05
61.53 104.00 128.07
54.03 108.50 102.55
67.03 108.00 91.05
60.53 109.00 126.68
64.03 107.50 93.05
70.54 105.00 99.05
64.53 109.00 128.07
60.53 104.00 99.55
74.04 109.50 92.55
62.03 108.00 128.07
62.53 105.50 92.55
63.53 107.00 99.55
64.03 107.00 128.07
58.53 105.50 117.56
67.54 109.50 74.54
63.03 107.00 128.07
62.03 110.00 104.06
61.03 104.50 104.56
70.53 108.00 111.56
56.53 106.00 112.06
62.03 106.50 80.04
67.53 109.50 128.07
61.53 107.50 106.06
63.53 108.50 106.06
71.54 104.00 108.06
49.52 109.00 109.06
55.53 105.00 110.56
61.03 106.00 100.55
62.03 108.50 109.56
62.03 106.50 89.55
60.53 106.00 121.07
63.53 108.00 128.07
53.03 104.00 92.05
67.03 109.50 100.16
54.52 108.00 128.07
61.53 109.00 80.55
71.53 106.50 111.56
59.03 106.00 127.57
59.53 108.00 78.55
63.03 104.00 114.06
56.03 110.00 128.07
57.03 107.50 84.55
67.03 109.50 107.56
58.03 105.00 128.07
61.03 106.00 93.55
66.03 106.50 98.55
61.53 109.00 124.57
57.03 108.00 107.56
66.53 109.00 88.05
72.54 104.00 90.05
77.04 109.50 38.02
76.04 13.78 64.03
77.54 0.00 64.04
98.05 0.00 66.54
100.05 0.00 61.53
87.54 0.00 64.04
95.55 0.00 64.04
104.05 0.00 52.53
106.05 0.00 42.02
104.05 0.00 39.02
104.55 0.00 58.53
99.05 0.00 64.04
100.05 0.00 64.04
104.55 0.00 64.12
100.55 0.00 64.04
101.55 0.00 64.04
106.05 0.00 51.03
101.05 0.00 47.03
102.55 0.00 42.02
109.05 0.00 58.03
101.55 0.00 58.03
101.05 0.00 64.04
108.55 0.00 64.04
109.55 0.00 64.04
106.05 0.00 64.04
110.05 0.00 64.04
108.55 0.00 64.04
54.98 0.00 86.85
0.00 0.00 0.00
