0.00 0.00 0.00
22.01 0.00 0.00
0.00 0.00 0.00
0.00 0.00 0.00
0.00 0.00 0.00
47.51 74.00 0.43
75.01 106.50 0.00
75.01 75.50 0.00
82.01 0.00 0.00
98.01 0.00 0.00
88.51 0.00 0.00
83.01 0.00 0.00
99.51 0.00 0.00
100.51 0.00 0.00
80.01 4.00 3.38
70.52 63.00 67.56
67.02 55.00 53.05
70.52 65.50 65.06
78.02 60.50 60.06
69.02 60.00 62.56
68.02 64.00 63.56
48.01 78.00 60.12
40.51 86.00 64.12
47.51 73.50 59.62
44.01 91.00 65.13
44.01 78.50 59.11
31.00 95.00 61.62
57.02 68.50 63.12
44.01 85.50 63.12
44.01 78.50 61.63
52.01 85.50 66.62
36.01 75.50 60.62
70.51 70.50 61.62
17.51 101.00 61.12
70.01 65.00 62.12
18.01 101.50 65.13
71.01 62.50 59.11
17.01 95.50 65.13
60.02 83.50 65.12
28.01 91.50 60.12
67.01 68.50 59.62
21.01 93.50 61.62
69.19 71.50 61.12
28.33 90.50 65.63
76.52 65.50 63.70
2.00 103.50 62.62
73.51 63.00 58.62
14.51 105.50 59.62
64.02 68.00 62.12
36.01 91.00 61.62
75.51 61.00 62.62
18.51 96.00 63.12
70.02 61.00 62.13
20.01 83.00 59.11
68.02 60.00 58.62
2.50 109.00 60.12
73.52 63.00 62.12
29.50 92.00 60.12
70.52 63.50 60.12
20.50 88.50 60.12
67.52 67.50 61.12
32.01 80.50 58.11
55.46 68.32 59.52
31.01 83.00 60.12
57.01 64.50 60.12
28.01 99.50 55.11
60.01 68.00 63.12
37.51 80.00 62.12
50.51 72.50 57.62
46.01 77.50 57.61
42.01 78.00 61.12
39.01 82.00 58.12
49.01 71.50 60.12
38.01 90.50 62.62
50.01 75.00 64.69
36.01 88.00 57.62
52.01 67.50 60.12
48.01 85.50 59.12
40.01 77.00 56.11
56.01 78.50 53.10
32.01 80.50 62.12
53.01 83.00 62.62
35.01 81.00 61.62
66.51 64.00 61.13
21.51 97.50 65.62
72.02 62.50 58.62
16.00 94.00 65.12
66.51 74.00 66.62
21.51 96.50 60.12
66.51 66.50 62.12
34.01 85.00 57.11
75.02 56.00 56.11
12.00 109.50 58.12
76.02 63.00 64.12
0.50 91.50 59.11
70.51 66.00 61.12
17.51 84.00 62.12
64.51 70.00 56.11
23.51 86.00 63.12
70.51 67.00 59.12
27.01 99.00 65.12
76.52 60.00 62.12
19.50 92.00 64.12
70.52 63.00 63.12
20.01 101.00 55.18
68.02 66.00 60.12
20.01 102.00 64.62
68.02 64.00 59.12
25.51 84.00 62.12
62.52 65.50 62.12
29.01 94.50 62.12
59.02 69.00 62.62
44.01 83.00 60.62
44.01 76.50 63.12
48.01 83.50 59.12
40.01 80.50 65.12
56.01 75.50 58.11
32.01 80.50 58.62
45.51 87.50 62.12
42.51 77.50 56.11
60.01 78.50 64.12
28.01 86.50 62.62
56.51 80.00 62.62
31.51 90.00 61.12
58.01 83.50 60.12
30.01 87.50 62.12
39.51 92.50 63.12
48.51 75.50 60.12
56.01 71.50 54.11
32.01 77.50 64.12
64.51 71.50 59.11
31.51 91.00 62.12
76.02 61.00 60.12
6.50 100.00 60.12
78.52 60.00 58.62
15.01 100.00 59.11
76.02 63.50 62.12
29.01 88.50 60.62
63.02 69.50 64.62
27.51 86.50 62.20
60.52 73.00 62.12
46.51 82.50 60.12
41.51 76.50 64.12
35.51 88.00 61.12
52.52 70.50 64.62
53.01 73.50 59.62
35.01 84.00 61.13
60.01 75.00 65.12
28.01 88.50 62.62
70.01 68.50 62.62
18.01 94.50 55.61
60.01 89.50 65.12
28.01 87.50 64.12
79.52 64.50 63.12
15.00 96.50 63.12
80.02 55.50 54.60
1.50 107.50 61.13
56.51 80.50 59.61
31.51 88.50 63.12
73.01 69.50 58.12
15.01 93.00 56.11
75.01 68.00 57.11
13.01 104.00 56.61
48.01 78.50 58.62
40.01 79.50 58.61
47.01 98.00 61.62
41.01 75.50 60.62
32.01 101.00 64.12
56.01 70.00 57.61
44.01 78.50 63.69
44.01 84.50 62.13
52.01 83.50 59.11
36.01 84.00 63.12
48.01 76.00 61.12
40.01 72.50 61.13
28.51 103.00 57.11
59.52 69.00 64.12
28.51 83.50 62.12
59.52 65.00 58.12
16.00 107.00 58.11
72.02 66.00 62.12
20.00 90.00 61.62
68.02 60.50 59.62
36.01 83.50 62.12
52.01 72.00 56.61
40.01 80.00 62.12
48.01 71.50 60.12
29.51 93.50 62.12
58.52 69.50 60.12
32.01 99.50 60.12
56.01 72.50 61.12
23.01 93.50 62.12
65.02 63.00 60.63
24.01 93.00 55.60
64.02 68.00 62.12
17.00 99.50 63.12
71.02 66.00 63.12
9.00 102.50 59.12
79.02 60.00 62.12
13.00 99.00 60.18
75.02 59.00 60.12
17.50 102.00 62.62
70.52 65.00 62.62
24.51 87.00 65.12
63.52 64.00 58.12
21.01 112.00 61.62
67.02 68.50 61.62
72.02 67.00 62.12
57.51 68.00 61.12
70.52 43.28 60.12
73.02 0.00 63.12
74.52 0.00 60.12
95.70 0.00 61.62
99.51 0.00 60.12
101.51 0.00 62.12
106.64 0.00 61.62
103.51 0.00 65.63
102.02 0.00 60.62
101.88 0.00 61.12
101.74 0.00 64.12
96.19 0.00 63.12
76.02 0.00 39.58
75.02 0.00 0.00
76.02 0.00 4.01
71.56 0.00 4.01
106.01 0.00 56.11
105.97 0.00 60.12
102.60 0.00 60.12
101.18 0.00 60.12
106.03 0.00 60.18
106.90 0.00 64.12
105.21 0.00 60.11
101.46 0.00 60.12
100.56 0.00 56.11
105.60 0.00 64.12
108.51 0.00 60.12
97.56 0.00 56.11
71.44 0.00 18.53
108.01 0.00 65.63
91.17 0.00 48.09
71.92 0.00 20.04
53.63 0.00 4.01
57.44 0.00 4.01
57.68 0.00 4.01
57.66 0.00 4.01
63.49 0.00 4.51
57.40 0.00 7.51
56.54 0.00 4.01
54.96 0.00 4.01
58.16 0.00 4.01
16.96 0.00 4.01
