0.00 0.00 0.00
22.01 0.00 0.00
0.00 0.00 0.00
0.00 0.00 0.00
0.00 0.00 0.00
48.00 73.00 0.00
96.01 107.50 0.00
95.00 105.50 0.00
92.51 109.50 0.00
74.50 104.00 0.00
97.00 108.00 0.00
98.50 108.50 0.00
86.50 107.50 0.00
91.00 106.00 0.00
93.50 94.50 0.00
93.50 0.00 0.00
94.50 16.00 11.38
96.50 0.00 0.00
97.07 0.00 0.00
96.94 0.00 0.00
64.00 68.50 114.03
96.50 105.00 86.02
97.01 99.50 89.02
96.01 87.50 83.03
68.50 80.50 81.56
97.01 86.50 89.06
96.01 80.50 78.06
95.01 83.00 86.07
62.50 84.50 83.06
98.01 84.50 82.02
98.01 84.00 80.56
92.51 82.00 90.07
65.50 90.50 85.56
96.51 59.50 60.05
98.01 88.00 90.06
95.50 84.00 86.57
16.50 90.50 80.56
95.50 97.50 92.06
96.51 88.50 85.07
96.51 89.50 91.57
63.50 82.00 82.06
0.00 103.50 85.56
64.00 93.50 78.06
96.01 85.00 82.06
95.06 81.19 79.76
94.50 84.50 90.57
1.50 97.50 83.06
11.50 104.00 90.57
97.51 88.50 83.06
99.01 80.50 81.06
96.01 78.00 79.06
48.00 89.00 82.56
0.00 102.00 95.07
36.50 100.00 89.06
97.01 96.50 87.07
97.51 85.00 85.56
90.01 82.50 86.07
31.00 77.00 63.55
0.00 93.00 84.06
75.00 95.50 83.15
98.01 86.50 84.06
95.01 83.50 87.57
84.01 83.00 82.06
0.00 99.50 83.56
15.00 102.00 89.57
98.01 87.50 81.06
97.51 88.50 88.56
97.51 80.00 80.06
44.00 89.00 86.57
0.00 97.00 85.56
32.00 102.00 80.56
96.01 91.50 94.07
97.00 84.50 83.06
99.01 80.00 87.57
28.00 87.50 81.56
0.00 96.50 75.05
73.50 94.00 88.07
99.01 84.00 81.56
98.51 82.00 79.06
81.01 83.00 84.06
0.00 103.50 81.06
0.00 102.50 88.07
94.50 99.00 87.06
95.51 79.50 85.06
98.01 83.50 84.07
64.00 90.00 86.06
0.00 99.00 87.56
36.00 102.50 92.57
100.01 95.50 88.07
98.01 90.00 84.15
97.51 84.50 90.57
20.50 91.50 83.56
0.00 102.50 89.06
70.00 98.00 85.57
98.51 81.50 83.56
101.00 86.00 84.56
82.51 84.50 86.07
0.00 101.00 82.56
48.00 98.50 83.06
97.01 83.50 80.56
99.50 80.50 88.07
95.01 89.00 85.06
12.50 94.50 92.07
0.00 101.00 86.06
76.00 103.50 91.57
98.51 88.00 82.56
96.50 83.50 86.56
81.01 80.50 84.07
0.00 102.50 84.06
21.50 100.00 84.06
98.51 83.50 84.06
98.51 82.00 75.56
98.51 80.00 86.06
35.00 89.50 76.06
0.00 104.00 92.57
55.00 94.50 88.56
98.51 86.50 85.07
97.50 89.50 92.56
99.01 89.00 86.57
2.00 95.00 81.06
0.00 101.50 93.07
80.00 93.00 81.06
97.50 85.50 88.56
97.51 80.00 82.06
77.00 83.50 83.17
0.00 97.00 72.55
0.00 105.50 87.57
80.00 94.50 83.56
97.51 82.50 84.06
98.51 83.00 87.57
76.00 88.00 85.06
0.00 104.00 79.56
7.00 103.00 91.07
98.51 98.50 84.56
98.51 83.00 82.06
98.01 81.50 79.06
50.00 87.00 89.06
0.00 103.50 82.07
17.50 103.00 83.56
98.51 85.00 81.56
98.51 76.00 76.56
99.01 80.00 79.56
38.50 88.00 80.06
0.00 102.50 85.06
0.00 107.50 77.56
96.50 95.50 86.06
94.51 82.00 86.07
97.01 84.50 81.06
64.00 81.50 81.56
56.50 94.50 79.56
97.00 81.00 79.06
97.00 35.28 84.56
98.01 0.00 77.56
77.07 0.00 91.56
90.50 0.00 70.15
78.64 0.00 90.06
79.74 0.00 83.07
106.85 0.00 83.56
101.38 0.00 80.56
100.48 0.00 81.06
102.51 0.00 75.56
89.00 0.00 81.56
86.51 0.00 81.06
86.26 0.00 88.56
90.00 0.00 80.06
76.56 0.00 81.56
84.25 0.00 80.06
98.01 0.00 75.06
86.42 0.00 88.57
100.18 0.00 76.05
101.81 0.00 86.07
82.81 0.00 85.56
83.01 0.00 78.06
84.20 0.00 79.56
83.83 0.00 79.56
84.86 0.00 88.06
84.01 0.00 76.06
84.14 0.00 85.07
89.50 0.00 81.56
84.43 0.00 84.56
60.17 0.00 41.03
62.51 0.00 16.01
64.41 0.00 16.01
36.24 0.00 16.01
0.00 0.00 0.07
