0.00 0.00 0.00
22.01 0.00 0.00
0.00 0.00 0.00
0.00 0.00 0.00
0.00 0.00 0.00
0.00 1.00 0.00
0.00 0.25 0.00
0.00 0.25 0.00
0.00 0.12 0.00
0.00 0.00 0.00
0.00 0.12 0.00
7.29 6.25 0.00
92.86 0.00 0.00
95.62 0.00 0.00
92.74 0.00 0.00
94.74 0.00 0.00
95.87 0.00 0.00
97.13 0.12 0.13
99.51 0.00 0.00
99.89 0.00 0.00
101.52 0.00 0.00
99.39 0.00 0.00
98.63 0.00 0.00
103.65 0.00 0.44
102.02 0.12 0.13
106.16 0.00 0.00
101.65 0.00 0.00
101.02 0.00 0.00
105.66 0.00 0.00
102.65 0.00 0.00
101.77 0.00 0.00
101.65 0.12 0.13
103.40 0.00 0.00
102.78 0.00 0.00
104.78 0.00 0.00
105.29 0.00 0.00
104.28 0.00 0.00
99.14 0.00 0.00
79.32 0.12 0.13
30.21 6.62 7.03
28.20 13.25 13.73
32.98 8.00 8.48
32.85 9.50 10.02
26.05 9.25 9.73
24.55 6.25 6.61
25.93 5.82 6.21
34.62 10.75 11.45
43.82 18.00 19.16
39.16 11.50 12.25
23.41 7.88 8.38
44.83 15.88 16.90
37.78 16.00 17.04
22.42 10.12 10.77
44.46 9.75 10.41
38.03 20.00 21.31
30.60 13.25 14.11
30.21 11.38 12.11
42.31 8.75 9.34
21.16 3.75 4.01
36.88 13.25 14.10
37.53 6.75 7.21
37.40 9.75 10.39
37.40 10.12 10.80
39.90 11.88 12.65
22.91 5.25 5.73
24.42 5.75 6.39
29.97 9.25 9.46
41.42 9.75 10.39
36.89 12.38 13.18
33.12 9.75 10.39
50.86 13.00 13.86
36.39 13.25 14.24
30.35 13.00 13.70
31.60 16.25 17.28
50.26 8.75 9.36
44.07 12.62 13.45
30.98 10.00 10.66
39.54 11.00 11.73
32.50 10.00 10.66
28.58 9.25 9.86
41.44 8.88 9.47
34.25 12.38 13.18
45.47 11.12 11.87
59.69 11.38 12.55
47.10 10.62 10.96
66.74 13.50 14.42
38.28 5.00 5.49
53.15 14.12 14.93
37.52 9.00 9.59
44.82 11.75 12.66
45.96 11.88 12.53
34.13 4.50 4.82
40.69 12.00 12.79
28.57 13.63 14.48
32.23 9.00 9.72
54.28 12.12 12.81
41.06 9.25 9.87
38.53 10.00 10.66
38.91 12.50 13.32
51.38 11.62 12.41
46.35 8.88 9.48
71.53 13.88 14.82
47.48 10.12 10.81
20.53 6.00 6.39
39.17 10.88 11.59
66.87 13.75 14.68
55.92 12.12 12.94
29.34 6.75 7.20
41.82 12.38 13.19
37.52 11.12 11.85
48.10 8.38 8.95
36.77 9.12 9.86
49.87 13.50 14.26
37.89 18.38 19.55
25.80 8.38 8.94
33.99 8.75 9.32
38.03 9.88 10.53
46.60 12.50 13.33
43.32 14.25 15.45
43.45 13.88 14.52
38.15 11.00 11.72
20.14 8.75 9.45
22.79 12.50 13.16
33.11 11.62 12.38
57.57 17.50 18.79
49.74 14.37 15.19
47.97 13.50 14.39
29.08 8.88 9.45
39.29 10.75 11.46
36.39 9.00 9.59
40.40 15.75 16.77
21.66 6.25 6.66
22.54 7.00 7.46
41.80 11.88 12.65
38.41 12.25 13.05
24.16 9.50 10.11
38.53 15.50 16.50
49.48 18.88 20.09
35.75 13.00 13.84
25.32 13.88 14.89
29.45 12.00 12.64
36.51 14.75 15.83
45.21 9.25 9.74
40.41 11.25 11.99
37.03 9.75 10.39
34.49 12.50 13.46
45.71 11.75 12.39
34.38 14.62 15.57
49.12 12.25 13.07
34.01 10.50 11.19
40.56 14.62 15.57
42.19 13.75 14.65
53.53 11.12 12.28
29.60 7.00 7.07
57.17 11.00 11.75
40.41 12.62 13.45
30.97 10.75 11.45
44.07 9.75 10.41
28.21 3.88 4.15
43.56 11.62 12.39
36.38 10.50 11.19
48.23 7.62 8.16
61.08 12.00 12.82
51.52 8.12 8.69
57.81 12.75 13.61
29.72 8.00 8.53
44.34 11.25 12.00
26.44 6.38 6.80
48.99 8.88 9.49
39.66 17.75 18.89
59.82 9.25 9.89
53.91 11.00 11.75
54.16 11.62 12.41
25.43 7.25 7.73
40.43 4.75 5.10
45.72 14.75 15.73
51.64 10.25 10.95
47.48 10.38 11.07
39.68 9.50 10.14
38.41 11.62 12.39
49.50 7.38 8.03
30.34 8.25 8.66
37.65 11.25 11.99
42.82 12.25 13.05
34.26 5.38 5.89
54.40 8.88 9.36
57.68 16.25 17.32
39.29 12.12 12.92
46.59 14.75 15.71
38.66 12.25 13.05
19.39 6.00 6.39
38.03 10.12 10.79
31.47 14.62 15.55
31.61 8.38 8.93
27.81 11.50 12.23
35.27 12.50 13.32
31.98 13.00 13.84
32.23 8.50 9.05
37.40 12.25 13.05
36.01 10.25 10.93
42.81 18.50 19.69
37.64 8.00 8.54
24.30 9.38 9.98
33.49 9.12 9.73
42.81 11.00 11.73
31.74 11.75 12.53
23.79 8.75 9.31
31.59 9.88 10.52
40.42 7.38 7.88
42.19 11.00 11.86
28.07 14.00 14.75
36.76 9.75 10.39
28.44 14.50 15.42
44.20 12.88 13.72
36.26 10.12 10.79
23.78 11.00 11.70
34.49 12.88 13.71
34.38 11.50 12.38
36.51 8.50 8.93
29.96 12.88 13.70
34.01 10.88 11.72
31.72 15.00 15.83
40.18 12.25 13.05
40.28 15.22 16.21
41.04 8.00 8.54
44.32 11.88 12.66
49.50 7.50 8.03
38.28 12.12 12.91
25.06 9.75 10.52
33.37 6.25 6.54
33.99 9.88 10.52
60.20 7.88 8.44
43.07 9.25 9.88
32.86 8.00 8.53
27.58 6.00 6.41
38.41 7.88 8.42
45.85 12.12 13.06
48.73 11.75 12.41
37.79 7.38 7.88
37.02 9.62 10.26
55.04 7.00 7.50
48.98 10.00 10.68
33.76 10.12 10.93
32.36 8.00 8.40
66.50 14.00 14.95
27.57 7.25 7.73
43.95 11.12 11.86
33.38 6.62 7.07
51.26 8.25 8.83
31.49 11.00 11.72
39.04 8.50 9.07
42.57 7.25 7.75
37.03 9.12 9.73
33.37 10.12 10.79
60.96 12.12 12.95
50.12 7.75 8.29
36.52 7.75 8.27
44.33 7.00 7.49
32.36 7.25 7.73
36.40 11.25 11.98
48.11 11.00 11.74
40.79 14.00 14.91
23.29 3.38 3.61
42.81 7.62 8.15
37.28 11.50 12.25
55.42 7.00 7.52
35.25 11.38 12.12
34.25 9.88 10.52
55.66 10.88 11.62
33.00 3.50 3.89
39.42 15.25 16.10
42.45 9.38 10.00
36.25 13.63 14.50
46.09 10.12 10.80
33.62 11.50 12.25
22.03 7.50 7.98
39.17 13.38 14.25
35.39 13.12 13.98
34.87 10.50 11.19
59.06 13.12 14.14
36.52 10.75 11.32
49.24 11.38 12.14
26.44 6.12 6.53
32.48 10.38 11.05
42.56 7.50 8.15
58.80 11.62 12.41
39.28 13.00 13.71
26.19 7.62 8.12
40.80 9.38 10.00
65.62 5.88 6.32
60.84 14.50 15.47
41.06 13.25 14.12
55.04 10.88 11.62
51.01 7.00 7.50
50.12 11.75 12.54
36.39 11.12 11.87
36.14 7.25 7.74
46.97 10.25 10.94
35.88 8.50 9.07
32.36 6.38 6.81
55.28 9.88 10.55
42.94 11.50 12.26
34.38 7.12 7.61
42.69 9.12 9.73
46.60 8.25 8.82
33.88 13.88 14.77
31.73 9.75 10.39
46.34 14.88 15.85
41.93 10.50 11.20
43.83 13.88 15.44
40.93 14.00 14.25
34.61 15.00 15.96
37.77 10.25 10.92
66.00 8.00 8.58
58.67 12.12 12.95
36.01 7.38 7.88
44.33 6.38 6.83
29.85 12.00 12.77
43.19 7.62 8.15
48.87 9.38 10.01
33.25 11.00 12.51
40.54 13.63 13.71
34.00 14.88 16.23
32.73 10.50 10.78
46.09 12.75 13.59
40.56 10.50 11.62
25.68 8.62 8.78
45.96 8.75 9.34
40.55 7.12 7.61
40.30 9.00 9.61
43.70 9.88 10.54
45.47 8.62 9.21
40.94 3.75 4.04
42.80 16.00 17.03
41.55 12.12 12.92
43.69 6.25 7.62
37.28 8.50 8.14
51.12 12.62 13.46
53.14 7.75 8.30
40.04 8.25 8.81
29.22 5.88 6.27
34.13 9.12 10.52
42.81 12.50 12.52
29.33 6.75 7.20
35.76 13.12 13.97
35.38 7.12 7.61
37.40 10.00 10.66
51.88 9.75 10.41
44.71 6.50 7.09
52.14 5.75 6.04
36.01 10.88 11.72
48.86 8.50 8.95
34.25 6.38 6.81
39.55 9.62 10.26
55.92 11.62 12.41
35.14 11.88 12.67
39.42 7.00 7.48
46.47 8.12 8.68
48.10 8.00 8.55
52.75 12.75 13.60
46.85 12.12 12.93
36.65 9.00 9.73
41.81 9.25 9.74
31.48 8.88 9.46
46.85 8.75 9.35
45.83 10.62 11.34
25.69 6.38 6.80
41.17 10.62 11.33
49.86 13.25 14.13
27.45 5.25 5.61
34.88 12.12 12.91
48.36 7.00 7.49
32.36 7.88 8.40
30.96 9.88 10.52
40.54 9.25 9.87
26.19 7.88 8.92
31.47 10.62 10.78
36.40 6.38 6.81
47.59 10.12 10.81
36.89 6.75 7.21
46.09 9.25 9.88
54.66 9.62 10.29
22.92 8.88 9.45
22.29 4.12 4.41
62.59 11.75 12.69
40.93 10.38 10.94
32.11 11.12 11.98
44.58 7.38 7.76
33.12 12.38 13.17
38.78 13.88 14.77
33.36 7.50 8.00
29.20 14.25 15.16
43.45 9.75 10.54
41.68 7.75 8.14
46.47 6.75 7.23
42.31 12.25 13.05
49.49 9.75 10.41
48.86 8.62 9.22
38.03 8.75 9.34
24.55 6.88 7.33
48.60 8.25 8.81
38.89 13.75 14.64
24.80 7.12 7.59
51.38 11.63 12.41
55.17 15.25 16.26
38.41 6.88 7.34
29.98 12.00 12.78
45.96 14.62 15.58
31.86 7.50 8.00
48.99 11.62 12.54
28.20 10.12 10.65
39.80 6.12 6.55
35.76 11.88 12.64
31.48 9.00 9.59
32.36 7.38 7.87
31.98 13.50 14.38
31.99 8.50 9.06
44.33 12.50 13.46
42.18 10.12 10.80
37.77 9.00 9.46
42.56 10.12 10.93
37.64 8.62 9.06
45.08 6.88 7.36
45.32 11.75 12.52
50.87 11.88 12.67
30.85 6.12 6.54
35.75 11.50 12.25
28.33 6.50 6.93
58.18 8.88 9.50
33.87 9.62 10.26
46.23 9.38 10.02
44.83 11.88 12.66
46.60 11.62 12.40
31.60 11.25 11.98
26.81 7.50 7.99
46.72 6.75 7.23
38.66 12.00 12.91
36.01 7.75 8.14
44.85 11.25 12.00
39.78 12.00 12.79
41.31 8.75 10.14
52.15 7.00 6.83
45.33 8.50 8.95
21.28 6.50 6.92
46.33 8.12 8.68
29.35 7.00 7.48
38.66 8.88 9.46
29.85 7.25 7.73
25.81 8.88 9.45
35.89 10.12 10.79
38.40 11.62 12.39
40.18 12.12 13.32
45.09 8.00 8.15
32.11 10.50 11.32
35.13 13.75 14.50
43.96 9.12 9.75
42.57 13.88 14.78
26.06 9.62 10.25
44.83 11.38 12.13
29.09 14.50 15.43
34.50 8.50 9.07
34.12 10.88 11.59
34.76 7.62 8.27
40.54 15.00 15.84
28.21 6.62 7.07
23.42 9.25 9.84
37.01 13.50 14.51
42.18 12.00 12.66
29.71 6.75 7.20
34.89 6.50 6.95
24.55 7.75 8.25
53.53 10.12 10.82
49.22 10.00 10.67
24.93 10.50 11.17
33.24 11.50 12.25
25.81 9.00 9.60
34.63 7.12 7.61
21.04 6.00 6.40
33.99 17.00 18.08
30.85 13.50 14.63
56.41 17.50 18.38
45.34 9.00 9.61
42.18 12.00 13.19
39.92 17.00 17.69
38.53 12.12 12.91
38.78 10.88 11.59
17.74 9.00 9.57
22.90 12.00 12.89
30.46 9.12 9.59
22.66 8.62 9.17
42.56 18.50 19.69
27.94 10.62 11.31
33.87 9.88 10.52
39.41 17.62 18.76
33.75 14.37 15.29
30.22 12.88 13.70
39.17 7.00 7.62
22.67 8.25 8.65
56.55 12.88 13.88
35.76 16.25 17.16
45.84 12.50 13.32
49.49 14.00 14.92
52.90 8.38 8.96
44.72 9.88 10.54
58.69 7.25 7.78
42.57 8.75 9.34
36.77 9.00 9.62
34.75 10.88 11.59
60.57 8.12 8.70
41.54 9.12 9.73
28.59 6.50 6.93
41.30 9.50 10.14
29.84 13.63 14.50
37.27 10.25 10.93
33.87 10.75 11.45
37.15 5.38 5.75
37.66 5.12 5.49
42.18 11.62 12.39
47.48 10.38 11.07
30.72 12.88 13.70
26.44 9.12 9.71
32.49 7.62 8.13
42.18 13.38 14.25
48.48 11.88 12.66
37.53 5.88 6.29
42.43 12.25 13.05
29.97 10.88 11.58
37.78 14.62 15.57
48.99 7.38 8.03
55.78 11.38 12.01
53.91 8.12 8.96
35.76 12.25 12.78
37.78 13.38 14.25
57.05 15.88 16.92
29.71 12.75 13.57
39.42 8.38 9.08
36.89 10.75 11.33
52.14 15.62 16.65
44.83 6.50 6.96
43.96 4.12 4.44
27.33 8.75 9.32
48.36 11.75 12.66
36.40 12.00 12.65
52.40 9.38 10.02
40.16 11.88 12.66
22.53 7.62 8.12
41.93 11.38 12.13
51.14 12.88 13.73
40.30 10.88 11.60
43.95 12.00 13.46
55.15 11.25 11.35
34.00 7.00 7.47
28.46 9.00 9.59
35.13 13.00 13.84
45.07 16.12 17.16
39.65 12.88 13.84
42.80 15.12 15.97
44.58 11.00 11.73
43.06 13.00 13.85
25.93 8.88 9.45
52.64 13.75 14.66
42.30 10.38 11.06
38.52 9.50 10.13
40.42 11.50 12.26
34.01 11.00 11.71
44.21 10.00 10.80
26.32 12.00 12.65
25.43 13.00 13.83
33.24 7.38 8.00
30.21 9.75 10.25
43.06 9.75 10.40
48.35 15.00 15.98
28.09 7.00 7.46
42.69 11.62 12.39
66.00 12.38 13.23
40.43 10.75 11.46
42.82 10.38 11.07
49.49 13.63 14.66
60.57 9.50 10.03
36.26 8.50 9.06
38.79 6.12 6.69
35.25 11.12 11.71
26.31 6.81 7.26
49.74 9.25 9.88
40.05 11.50 12.26
34.89 6.62 7.08
44.95 9.50 10.14
52.90 8.00 8.96
34.38 7.38 7.47
47.48 11.38 12.54
28.95 11.25 11.57
40.17 9.38 10.00
26.07 7.62 8.12
46.97 12.62 13.59
57.06 9.62 10.16
39.42 7.25 7.75
36.52 10.50 11.46
56.80 11.12 11.62
53.40 7.75 8.43
44.21 18.38 19.43
44.21 11.00 11.74
46.35 6.25 6.70
39.55 8.38 8.94
45.84 10.62 11.34
36.64 16.50 17.56
46.71 15.12 16.11
34.88 8.75 9.33
48.35 12.38 13.20
63.22 5.25 5.66
28.08 8.88 9.45
47.98 14.50 15.45
44.95 10.50 11.20
64.23 15.88 16.94
48.98 11.25 12.00
41.69 10.50 11.34
40.29 13.38 14.11
32.10 11.75 12.51
29.21 7.12 7.60
33.62 7.25 7.74
34.88 10.88 11.58
36.75 11.88 12.65
38.28 11.50 12.25
37.91 9.38 10.00
40.68 9.25 9.87
26.07 9.88 10.51
38.03 10.00 10.66
43.56 11.12 11.88
30.72 11.00 11.98
38.28 12.50 13.04
39.92 8.25 8.80
37.15 12.25 13.05
37.91 13.75 14.77
47.35 10.25 10.80
52.14 13.75 15.06
34.63 10.38 10.65
40.80 10.38 11.06
54.41 10.62 11.35
66.12 12.25 13.22
41.80 10.00 10.53
40.04 7.00 7.48
38.91 8.38 9.07
47.09 10.38 10.94
38.80 15.00 15.97
32.36 8.88 9.73
37.66 8.88 9.20
40.30 7.12 7.75
29.47 8.75 9.19
27.71 12.00 12.77
32.86 13.88 14.77
28.84 7.12 7.60
24.80 7.25 7.73
40.42 10.12 10.80
55.54 13.50 14.40
25.81 4.50 4.80
33.74 7.00 7.47
47.23 13.38 14.26
69.16 9.62 10.33
43.69 17.62 18.76
41.06 13.38 14.25
48.48 12.62 13.46
41.94 7.38 7.88
51.49 15.62 16.65
49.25 8.62 9.36
41.18 11.25 11.86
52.39 9.62 10.29
49.50 9.88 10.55
38.66 8.75 9.34
49.62 10.25 10.95
44.21 7.62 8.15
54.53 10.00 10.69
48.24 11.00 11.73
34.75 9.12 9.73
31.22 9.75 10.39
29.47 6.50 6.94
29.59 15.62 16.62
29.34 4.38 4.82
31.60 11.25 11.84
38.28 8.75 9.34
51.39 12.00 12.80
30.22 10.50 11.18
41.69 8.75 9.34
35.64 6.75 7.21
53.41 10.50 11.22
34.13 8.38 8.93
40.04 11.50 12.25
59.57 16.62 17.73
36.77 12.12 12.93
59.95 13.00 13.87
62.10 11.38 12.16
51.26 7.75 8.29
61.73 9.00 9.77
40.93 12.62 13.32
35.64 8.00 8.54
32.74 11.12 11.85
29.71 10.62 11.31
68.02 9.88 10.57
45.59 8.00 9.09
31.49 8.25 8.27
44.70 7.50 8.02
60.20 9.00 9.76
55.03 8.50 8.96
29.08 8.12 8.66
51.76 13.75 14.66
49.87 7.00 7.50
47.60 10.12 10.81
36.15 5.75 6.15
53.65 8.50 9.09
56.67 14.62 15.60
30.72 6.00 6.54
39.03 14.25 15.04
36.40 10.12 10.79
52.02 10.50 11.21
53.15 9.00 9.62
55.54 8.38 8.96
41.18 7.88 8.41
58.94 10.00 10.70
44.08 9.00 9.63
45.59 8.25 8.81
35.52 8.62 9.20
53.39 11.88 12.67
39.17 4.62 4.96
60.70 10.25 10.96
68.77 9.00 9.64
50.63 9.25 9.88
38.41 7.25 7.74
43.56 12.75 13.59
51.37 10.12 10.81
45.71 10.62 11.33
41.06 12.50 13.32
35.38 9.12 9.73
57.91 9.88 10.55
42.70 4.88 5.23
58.17 14.00 14.93
43.57 8.00 8.55
40.17 11.12 11.86
32.73 10.75 11.45
63.73 7.62 8.18
52.64 9.38 10.02
24.81 6.00 6.40
51.00 11.00 11.74
33.37 8.12 8.66
43.82 9.12 9.74
49.74 9.50 10.14
40.81 4.12 4.43
49.23 11.12 12.00
38.54 7.12 7.48
48.36 10.00 10.83
27.58 12.12 12.77
58.18 10.50 11.49
27.70 8.38 8.65
40.42 10.12 10.80
42.44 9.62 10.27
37.13 12.12 13.05
34.13 7.38 7.73
39.67 7.00 7.48
47.09 16.50 17.57
42.94 10.50 11.20
36.90 6.62 7.08
19.27 4.00 4.41
31.35 12.12 12.77
58.44 13.12 14.01
20.52 7.50 7.98
49.62 10.12 10.81
41.17 7.88 8.41
50.63 6.62 7.10
42.52 6.81 7.28
43.06 8.12 8.68
43.82 11.00 11.73
68.51 12.00 12.83
51.13 11.62 12.40
35.38 13.88 14.77
36.00 10.00 10.79
28.45 9.25 9.71
47.33 13.63 14.52
52.64 12.00 12.80
78.33 13.12 14.17
32.86 13.38 14.10
38.54 9.88 10.69
40.05 15.12 15.97
32.62 9.88 10.52
39.93 7.25 7.75
32.75 7.25 7.88
20.15 6.50 6.79
29.85 6.00 6.41
32.36 14.88 15.96
48.11 7.00 7.36
38.03 12.12 12.91
22.66 5.38 5.73
53.78 9.75 10.42
34.75 12.12 12.91
40.54 12.88 13.71
47.48 9.88 10.54
49.75 8.12 8.69
45.59 10.00 10.67
37.28 4.00 4.30
66.76 12.12 12.96
35.01 12.75 13.58
50.75 10.50 11.21
46.22 10.75 11.47
42.06 13.88 14.78
41.68 9.12 9.87
42.06 10.75 11.33
31.10 7.25 7.74
44.70 9.38 10.00
38.79 10.38 11.06
43.56 12.75 13.58
51.88 10.62 11.34
56.04 8.75 9.38
46.72 9.00 9.61
37.78 6.00 6.55
49.23 8.12 8.55
38.15 8.62 9.20
43.83 13.12 13.98
27.20 6.75 7.20
41.80 9.00 9.60
37.16 9.12 9.73
37.52 14.12 15.04
42.31 13.00 13.85
38.91 8.50 9.20
56.17 12.38 13.21
55.16 11.00 11.61
60.20 7.25 7.78
65.23 15.38 16.41
23.92 7.88 8.39
37.54 7.50 8.01
34.89 6.38 6.81
46.35 8.00 8.55
53.15 12.75 13.60
37.77 9.50 10.13
34.00 7.38 8.01
45.22 12.38 13.06
25.94 9.00 9.59
29.84 8.50 9.06
25.93 5.38 5.73
53.90 10.12 10.82
29.08 10.38 11.04
50.51 12.25 13.07
38.78 9.50 10.14
45.59 10.88 11.60
26.69 15.75 16.75
53.91 9.00 9.76
45.08 9.75 10.27
32.88 6.50 6.94
34.12 12.38 13.18
35.26 6.38 6.81
45.35 6.50 7.49
48.86 8.50 8.56
31.24 10.12 10.79
31.85 12.00 12.77
51.14 10.50 11.21
40.94 8.25 9.61
47.36 10.25 10.28
60.57 13.63 14.41
26.45 9.38 9.98
39.80 7.88 8.41
35.38 8.25 8.80
53.52 11.62 12.41
26.44 5.88 6.27
40.93 8.50 9.34
56.67 13.25 13.87
43.45 6.50 6.95
53.03 7.50 8.03
60.59 9.62 10.30
41.31 9.12 9.74
32.23 9.75 10.39
51.64 6.50 6.97
64.74 8.00 8.58
50.51 9.50 10.17
44.21 10.00 10.67
47.99 10.25 10.95
31.24 10.00 10.66
32.61 10.50 11.18
51.00 10.12 10.81
48.61 8.12 8.82
41.31 11.38 11.99
34.13 4.50 4.82
43.82 10.38 11.07
41.68 17.88 19.02
45.72 12.00 12.80
47.59 11.50 12.26
49.88 11.25 12.54
27.58 5.25 5.07
31.23 6.88 7.33
40.17 12.00 12.79
38.53 9.88 10.53
44.71 9.75 10.67
36.38 12.38 12.91
42.68 18.12 19.29
37.66 7.12 7.61
22.16 10.88 11.57
28.58 9.62 10.25
46.23 9.25 9.88
34.25 16.00 17.02
29.84 8.75 9.32
53.52 13.75 14.66
33.74 14.37 15.43
34.76 7.25 7.61
32.34 14.88 15.84
23.54 10.12 10.77
32.48 14.00 14.90
52.77 14.12 15.06
29.97 9.62 10.25
41.80 8.25 8.94
28.46 10.38 11.04
28.57 17.62 18.61
33.87 11.25 11.98
45.97 6.75 7.23
43.70 9.88 10.54
41.05 9.12 9.73
52.90 15.88 16.91
46.47 11.25 12.00
29.21 11.88 12.78
52.51 9.88 10.41
48.11 9.38 10.01
38.66 9.88 10.53
36.15 13.75 14.64
34.50 9.62 10.26
47.61 8.25 8.82
40.55 12.25 13.05
59.32 7.50 8.04
53.14 6.75 7.23
35.65 7.88 8.54
52.13 14.25 15.05
55.04 7.75 8.30
63.86 11.75 12.56
45.09 10.12 10.80
50.13 7.00 7.50
35.65 9.62 10.29
50.63 11.62 12.41
36.65 9.38 10.13
51.00 12.12 12.79
32.24 8.62 9.20
43.58 7.62 8.14
48.74 11.50 12.40
57.04 15.88 16.79
58.19 8.62 9.24
30.72 5.62 6.01
50.51 12.25 13.07
45.09 7.12 7.62
65.50 10.75 11.50
50.38 11.00 11.74
46.34 12.38 13.20
50.37 9.88 10.55
39.66 13.00 13.85
36.77 10.12 10.93
34.75 14.12 15.44
46.35 7.75 7.76
38.15 13.50 14.37
37.77 11.00 11.72
35.89 8.12 9.07
25.43 6.75 6.80
39.30 10.75 11.46
41.81 11.38 12.13
55.29 7.75 8.30
46.02 10.52 11.23
50.12 13.88 15.19
24.31 12.38 12.90
31.10 17.00 18.24
26.31 8.88 9.18
53.40 14.75 15.73
43.45 16.88 17.97
30.60 12.50 13.31
40.67 12.38 13.19
47.49 14.12 15.05
32.61 12.12 12.91
42.68 13.88 14.79
37.53 10.50 11.72
37.03 13.63 13.98
34.26 9.38 10.00
27.20 10.88 11.57
28.71 7.00 7.46
46.46 15.12 16.11
26.30 9.00 9.58
29.08 10.12 10.91
30.85 11.62 12.24
29.58 9.62 10.25
40.55 9.25 10.14
39.40 14.37 15.56
42.82 8.88 9.08
59.33 16.50 17.71
46.21 16.38 17.18
51.26 10.25 10.95
42.07 9.50 10.14
47.99 8.12 8.69
38.41 10.00 10.66
49.12 8.12 8.82
30.22 9.00 9.46
51.25 13.12 14.02
25.69 9.00 9.58
45.71 11.62 12.40
58.56 12.25 13.07
32.99 12.88 13.71
49.87 7.00 7.50
34.26 9.00 9.60
57.42 15.75 16.79
31.74 5.62 6.14
22.92 10.62 11.17
50.88 12.38 13.20
49.38 12.12 13.07
65.63 9.12 9.65
43.58 7.50 8.01
30.09 11.12 11.98
40.79 12.00 12.65
35.52 11.50 12.25
30.35 8.62 9.20
33.49 11.50 12.25
48.74 15.00 15.99
37.66 12.00 12.93
36.02 11.38 11.98
34.49 11.88 12.64
27.95 10.62 11.31
48.49 10.75 11.61
43.44 9.88 10.41
29.59 7.62 8.13
34.37 11.25 11.98
63.86 9.62 10.30
60.19 15.88 16.93
57.93 12.88 13.89
40.54 12.38 13.05
44.72 11.88 12.66
43.95 10.12 10.80
47.10 13.88 14.79
35.52 7.38 7.88
31.60 8.75 9.99
40.67 11.12 11.20
40.04 14.75 15.70
43.07 9.88 10.67
61.47 13.63 14.41
34.00 9.75 10.39
33.24 15.25 16.23
38.53 12.25 13.18
27.20 13.50 14.23
39.53 14.25 15.18
26.56 13.63 14.49
41.17 15.12 16.11
38.28 11.00 11.72
34.00 9.88 10.52
39.54 11.38 12.13
33.36 9.88 10.52
46.22 12.00 12.80
29.21 17.38 18.48
60.45 15.62 16.66
32.60 11.00 11.71
34.38 13.88 14.77
46.97 9.88 10.67
48.48 12.12 12.79
43.58 10.88 11.73
40.78 15.25 16.25
41.94 7.00 7.35
51.38 10.00 10.68
42.95 10.62 11.60
23.80 9.12 9.45
39.55 5.25 5.62
53.52 8.12 8.70
52.39 8.88 9.48
33.87 10.62 11.32
47.35 9.12 9.75
53.14 6.88 7.36
49.00 11.00 12.27
39.04 7.25 7.22
46.84 11.25 12.00
44.84 13.00 13.86
36.64 15.00 15.96
33.24 14.62 15.57
28.83 8.12 8.66
47.47 15.12 16.11
39.05 7.00 7.48
33.11 18.00 19.41
34.62 10.88 11.31
39.53 15.38 16.37
42.80 13.63 14.51
32.99 12.88 13.71
35.01 9.12 9.73
32.86 7.00 7.47
37.27 9.12 9.73
44.58 14.00 14.92
30.22 11.00 11.71
49.86 11.50 12.27
46.60 7.00 7.51
50.88 6.25 6.70
60.31 12.12 12.95
32.62 9.25 9.86
36.78 12.12 12.91
31.36 9.62 10.26
51.76 15.25 16.25
53.40 13.63 14.53
33.75 12.25 13.05
34.00 17.00 18.09
24.68 12.12 12.90
30.60 15.00 15.96
22.17 9.75 10.38
37.52 12.50 13.45
28.20 10.38 10.91
28.08 9.12 9.72
38.28 16.25 17.30
25.81 9.00 9.58
26.31 7.88 8.39
37.40 10.00 10.66
33.12 12.00 12.77
31.09 11.62 12.51
32.61 9.50 9.99
29.47 10.75 11.45
38.54 12.25 13.05
60.95 8.25 9.11
43.32 10.75 11.20
36.75 17.50 18.61
46.22 10.38 11.07
28.70 16.00 17.02
52.27 13.12 14.02
58.06 14.75 15.73
42.69 7.12 7.62
57.18 14.12 15.07
31.86 14.88 16.22
31.23 13.75 14.24
36.51 11.00 11.72
30.84 9.38 9.98
41.95 8.88 9.48
59.17 11.88 12.68
24.92 11.00 11.70
62.33 7.25 7.78
44.07 7.00 7.49
47.97 10.00 10.67
63.35 12.00 12.82
40.93 9.62 10.27
38.53 8.38 8.94
52.65 11.62 12.41
44.83 15.75 16.91
38.53 8.75 9.21
61.34 9.88 10.56
30.71 9.75 10.38
48.86 10.88 11.61
54.65 11.25 12.01
55.54 12.00 12.81
46.85 7.00 7.76
48.89 8.66 9.00
39.92 12.00 12.79
38.04 8.12 8.67
41.31 12.25 13.06
45.84 9.00 9.63
41.55 12.38 13.32
48.36 10.50 11.07
34.62 13.12 13.97
40.92 12.00 12.79
28.57 10.88 11.57
49.75 17.00 18.11
46.84 9.62 10.27
34.25 8.12 8.67
39.92 13.38 14.25
43.44 9.50 10.14
55.41 10.25 10.95
38.14 12.00 12.78
27.96 15.25 16.22
38.28 11.75 12.51
42.43 8.25 8.81
44.96 11.00 12.67
29.09 10.75 10.51
31.99 9.25 9.86
25.19 8.00 8.52
45.59 16.88 18.37
41.57 12.00 12.39
38.80 9.88 10.54
40.92 7.25 7.75
40.81 6.88 7.35
29.08 8.00 8.53
57.30 12.00 12.95
37.53 7.62 8.00
48.87 10.38 11.07
41.93 10.50 11.20
56.67 7.12 7.66
46.72 9.50 10.14
34.75 7.88 8.40
36.89 10.88 11.58
30.72 7.75 8.26
36.01 9.00 9.60
39.29 7.50 8.01
38.91 7.50 8.00
38.15 5.62 6.02
44.58 7.12 7.75
37.77 8.00 8.40
44.06 8.12 8.67
35.37 6.38 6.93
38.40 6.88 7.33
47.59 5.25 5.48
40.67 4.88 5.22
38.90 5.00 5.34
15.35 2.25 2.40
33.73 4.88 5.20
26.05 4.00 4.27
27.04 5.12 5.45
16.22 3.00 3.19
34.21 5.88 6.38
29.32 4.00 4.13
21.02 2.50 2.67
18.10 4.50 4.78
21.76 3.00 3.20
23.78 3.88 4.12
27.94 4.25 4.54
32.59 4.88 5.19
21.00 3.75 4.00
13.58 2.25 2.39
30.45 3.75 4.01
23.39 3.25 3.46
20.76 3.12 3.32
20.24 4.00 4.25
29.57 3.62 3.87
19.37 3.12 3.32
24.67 2.25 2.41
37.38 5.88 6.26
26.44 5.75 6.12
33.98 6.25 6.66
28.21 5.38 5.86
30.58 5.25 5.46
28.08 3.50 3.74
18.73 3.75 3.98
14.34 2.62 2.79
26.16 4.62 4.92
21.38 4.00 4.25
26.28 5.00 5.31
18.86 3.75 3.98
21.12 4.12 4.38
21.38 4.12 4.38
27.93 7.00 7.44
16.48 3.50 3.85
18.11 4.38 4.52
25.92 5.38 5.85
30.84 7.62 7.98
58.57 13.25 13.49
93.41 9.91 48.62
54.31 1.25 17.45
112.86 5.12 5.61
115.88 5.12 5.61
113.98 5.00 5.61
55.73 0.00 29.75
30.88 0.00 14.74
29.26 0.00 12.22
35.78 0.00 15.80
38.79 0.00 18.86
35.41 0.00 17.27
52.72 0.00 28.02
80.31 0.00 46.36
66.89 0.00 35.86
80.44 0.00 46.22
81.57 0.00 47.15
56.73 0.00 29.88
67.39 0.00 38.25
43.85 0.00 20.19
54.98 0.00 28.96
54.47 0.00 28.42
34.53 0.00 14.34
52.59 0.00 28.16
38.17 0.00 15.41
53.22 0.00 28.95
45.82 0.00 20.45
49.20 0.00 25.50
53.97 0.00 28.69
54.48 0.00 28.55
56.98 0.00 30.41
48.96 0.00 22.84
50.21 0.00 24.60
56.10 0.00 30.15
59.74 0.00 31.88
60.87 0.00 32.93
60.87 0.00 32.54
57.86 0.00 30.55
59.87 0.00 31.61
61.88 0.00 32.94
58.11 0.00 30.15
64.13 0.00 34.00
59.49 0.00 30.81
58.87 0.00 30.15
62.25 0.00 32.54
62.75 0.00 32.94
58.62 0.00 29.75
47.08 0.00 19.13
57.99 0.00 29.75
47.20 0.00 18.86
49.96 0.00 22.58
55.23 0.00 25.77
50.34 0.00 24.17
49.34 0.00 20.19
34.41 0.00 6.38
30.52 0.00 3.19
30.90 0.00 3.19
29.65 0.00 2.12
63.32 0.00 1.06
35.80 0.00 3.19
27.76 0.00 1.33
25.63 0.00 0.40
34.17 0.00 0.53
46.36 0.00 0.69
28.01 0.00 0.40
48.12 0.00 2.52
26.89 0.00 0.40
27.64 0.00 2.26
84.56 0.00 1.33
27.76 0.00 2.12
26.13 0.00 0.40
27.39 0.00 0.40
44.10 0.00 0.66
61.06 0.00 0.93
100.76 0.00 1.59
33.04 0.00 0.40
39.83 0.00 0.66
24.63 0.00 0.40
25.88 0.00 0.40
27.51 0.00 0.40
25.63 0.00 0.40
26.89 0.00 0.40
33.42 0.00 0.40
106.54 0.00 1.59
27.14 0.00 0.40
46.86 0.00 0.80
36.81 0.00 0.53
29.02 0.00 0.40
27.51 0.00 0.40
32.67 0.00 0.53
27.39 0.00 0.40
29.27 0.00 2.26
23.50 0.00 0.40
26.64 0.00 0.41
26.89 0.00 0.40
25.63 0.00 0.40
26.51 0.00 0.40
44.73 0.00 0.66
35.18 0.00 0.53
24.63 0.00 0.26
39.07 0.00 0.66
32.29 0.00 0.53
25.76 0.00 0.27
27.01 0.00 0.40
117.60 0.00 1.86
33.92 0.00 0.53
26.26 0.00 0.40
27.26 0.00 0.40
39.83 0.00 0.53
26.51 0.00 0.40
25.88 0.00 0.40
24.75 0.00 0.40
25.25 0.00 0.40
112.45 0.00 1.59
74.50 0.00 1.06
36.81 0.00 0.53
41.08 0.00 0.53
29.40 0.00 0.40
27.89 0.00 0.40
28.02 0.00 0.40
36.18 0.00 0.53
27.89 0.00 0.40
38.94 0.00 0.53
56.16 0.00 0.80
42.59 0.00 0.66
29.02 0.00 0.40
29.15 0.00 0.40
48.49 0.00 0.66
29.15 0.00 0.40
28.02 0.00 0.40
28.89 0.00 0.40
41.84 0.00 0.53
27.26 0.00 0.40
47.49 0.00 0.66
101.38 0.00 1.46
28.64 0.00 0.40
28.02 0.00 0.40
28.01 0.00 0.40
27.26 0.00 0.27
29.15 0.00 0.53
28.14 0.00 0.27
28.64 0.00 0.53
27.14 0.00 0.27
28.77 0.00 0.40
35.68 0.00 0.53
29.15 0.00 0.40
49.00 0.00 0.66
33.92 0.00 0.53
27.52 0.00 0.40
28.14 0.00 0.40
36.81 0.00 0.53
33.54 0.00 0.40
28.39 0.00 0.40
41.33 0.00 0.67
29.40 0.00 0.40
47.99 0.00 0.66
29.90 0.00 0.40
26.26 0.00 0.40
28.89 0.00 0.40
34.30 0.00 0.40
36.56 0.00 0.53
29.27 0.00 0.40
28.02 0.00 0.40
28.64 0.00 0.40
57.66 0.00 0.80
89.83 0.00 1.33
38.44 0.00 0.53
107.67 0.00 1.46
29.90 0.00 0.40
58.17 0.00 0.93
27.89 0.00 0.40
28.39 0.00 0.40
27.51 0.00 0.27
41.96 0.00 0.66
29.27 0.00 0.40
56.66 0.00 0.80
29.90 0.00 0.40
26.51 0.00 0.40
28.52 0.00 0.40
28.39 0.00 0.40
28.52 0.00 0.40
29.27 0.00 0.40
36.18 0.00 0.53
28.64 0.00 0.40
41.21 0.00 0.54
37.81 0.00 0.53
29.15 0.00 0.40
27.64 0.00 0.40
29.02 0.00 0.40
49.75 0.00 0.80
29.40 0.00 0.27
47.87 0.00 0.80
29.14 0.00 0.40
26.38 0.00 0.40
28.52 0.00 0.40
42.21 0.00 0.54
17.59 0.00 0.39
0.00 0.00 0.00
