1300.5 0 0 0
2003 0 0 0
2659.75 0 0 0
3150 0 0 0
3583.17 0 0 0
3990.86 0 0 0
4397.75 0 0 0
4816.89 0 0 0
5209.4 0 0 0
4858.55 0 0 0
5098.58 0 0 0
5454.38 0 0 0
5786.14 0 0 0
6135.27 0 0 0
6451.5 0 0 0
6761 0 0 0
7023.56 0 0 0
7279.95 0 0 0
7519.7 0 0 0
7734.76 0 0 0
7930.95 0 0 0
8128.17 0 0 0
8310.17 0 0 0
8478.68 0 0 0
8648.96 0 0 0
8791.3 0 0 0
8918.82 0 0 0
9038.17 0 0 0
9154.77 0 0 0
9249.23 0 0 0
9352.09 0 0 0
9437.39 0 0 0
9515.26 0 0 0
9613.89 0 0 0
9707.03 0 0 0
9778.76 0 0 0
9835.92 0 0 0
9898.15 0 0 0
9960.88 0 0 0
10038.8 0 0 0
10091.4 0 0 0
10148.1 0 0 0
10206.8 0 0 0
10264.2 0 0 0
10322.5 0 0 0
10362.4 0 0 0
10412.1 0 0 0
10456 0 0 0
10501 0 0 0
10548.2 0 0 0
10589.4 0 0 0
10631.5 0 0 0
10656.2 0 0 0
10693.5 0 0 0
10734.1 0 0 0
10770.8 0 0 0
10805.8 0 0 0
10835.2 0 0 0
10863.2 0 0 0
10896.5 0 0 0
10927.4 0 0 0
10961.1 0 0 0
10989.9 0 0 0
11020.9 0 0 0
11049.5 0 0 0
11069.5 0 0 0
11077.2 0 0 0
11093.4 0 0 0
11122.7 0 0 0
11142.3 0 0 0
11165.3 0 0 0
11174.5 0 0 0
11184.4 0 0 0
11201.8 0 0 0
11217.4 0 0 0
11227.1 0 0 0
11242.9 0 0 0
11264.6 0 0 0
11291 0 0 0
11301.6 0 0 0
11310.8 0 0 0
11321.3 0 0 0
11346.5 0 0 0
11362.1 0 0 0
11377.5 0 0 0
11392.2 0 0 0
11409.3 0 0 0
11424.1 0 0 0
11439.9 0 0 0
11454.2 0 0 0
11471 0 0 0
11484.5 0 0 0
11494.4 0 0 0
11503.4 0 0 0
11510.9 0 0 0
11524.8 0 0 0
11543.2 0 0 0
11559 0 0 0
11575.9 0 0 0
11589 0 0 0
11608.4 0 0 0
11627.7 0 0 0
11637.5 0 0 0
11648.2 0 0 0
11658.5 0 0 0
11664.9 0 0 0
11673 0 0 0
11673.7 0 0 0
11679.9 0 0 0
11685.6 0 0 0
11693.1 0 0 0
11700.9 0 0 0
11701.4 0 0 0
11707.2 0 0 0
11714.6 0 0 0
11726.9 0 0 0
11733.2 0 0 0
11741.5 0 0 0
11752.2 0 0 0
11756.6 0 0 0
11764.3 0 0 0
11766.5 0 0 0
11781.4 0 0 0
11792.8 0 0 0
11795.2 0 0 0
11801.6 0 0 0
11804 0 0 0
11811.6 0 0 0
11818.1 0 0 0
11824.6 0 0 0
11829.9 0 0 0
11834.1 0 0 0
11840.5 0 0 0
11847.7 0 0 0
11854.9 0 0 0
11860.7 0 0 0
11860 0 0 0
11866.9 0 0 0
11875.9 0 0 0
11880.4 0 0 0
11884.5 0 0 0
11890.7 0 0 0
11897.3 0 0 0
11902 0 0 0
11908.3 0 0 0
11917.3 0 0 0
11920.9 0 0 0
11924.8 0 0 0
11928.2 0 0 0
11934.5 0 0 0
11942.5 0 0 0
11951.1 0 0 0
11959.7 0 0 0
11965.5 0 0 0
11975.9 0 0 0
11985 0 0 0
11992 0 0 0
11994.4 0 0 0
12001.3 0 0 0
12004.9 0 0 0
12010.2 0 0 0
12015.9 0 0 0
12021.5 0 0 0
12027.7 0 0 0
12032.1 0 0 0
12038.1 0 0 0
12041.8 0 0 0
12045.3 0 0 0
12043.2 0 0 0
12045 0 0 0
12051.9 0 0 0
12058 0 0 0
12057.6 0 0 0
12057 0 0 0
12063.3 0 0 0
12061.6 0 0 0
12064.8 0 0 0
12068.6 0 0 0
12073.6 0 0 0
12077.8 0 0 0
12080 0 0 0
12081.2 0 0 0
12080.6 0 0 0
12083.4 0 0 0
12083.7 0 0 0
12081.4 0 0 0
12082.5 0 0 0
12084 0 0 0
12089.1 0 0 0
12089.9 0 0 0
12093.9 0 0 0
12096.5 0 0 0
12097.6 0 0 0
12099.4 0 0 0
12103.7 0 0 0
12108.6 0 0 0
12111 0 0 0
12115.7 0 0 0
12121.2 0 0 0
12185.3 0 0 0
12233.1 0 0 0
12280.5 0 0 0
12323.2 0 0 0
12360.6 0 0 0
12392.4 0 0 0
12421.1 0 0 0
12451.3 0 0 0
12471.1 0 0 0
12490.4 0 0 0
12545 0 0 0
12566.8 0 0 0
12577.2 0 0 0
12590.7 0 0 0
12598.7 0 0 0
12602.4 0 0 0
12604 0 0 0
12609.8 0 0 0
12616.3 0 0 0
12619.6 0 0 0
12622.4 0 0 0
12625.5 0 0 0
12625.2 0 0 0
12627.4 0 0 0
12631.2 0 0 0
12635.2 0 0 0
12639.7 0 0 0
12642.8 0 0 0
12644.2 0 0 0
12648.9 0 0 0
12653.7 0 0 0
12653.3 0 0 0
12655.5 0 0 0
12657.6 0 0 0
12654 0 0 0
12648.4 0 0 0
12651.8 0 0 0
12656.7 0 0 0
12659.6 0 0 0
12662.3 0 0 0
12662.2 0 0 0
12668.5 0 0 0
12668.1 0 0 0
12670.4 0 0 0
12669.3 0 0 0
12668.5 0 0 0
12672.5 0 0 0
12667.2 0 0 0
12661.8 0 0 0
12663.6 0 0 0
12662.5 0 0 0
12663 0 0 0
12662.3 0 0 0
12666.5 0 0 0
12667.5 0 0 0
12665.7 0 0 0
12666.6 0 0 0
12669.1 0 0 0
12670.8 0 0 0
12673.9 0 0 0
12674.4 0 0 0
12675.5 0 0 0
12675.1 0 0 0
12677.4 0 0 0
12676.2 0 0 0
12676.1 0 0 0
12677.5 0 0 0
12683.7 0 0 0
12684.7 0 0 0
12683.4 0 0 0
12684.9 0 0 0
12684.7 0 0 0
12688.3 0 0 0
12689.6 0 0 0
12690.9 0 0 0
12692.8 0 0 0
12699.7 0 0 0
12703 0 0 0
12700.3 0 0 0
12696 0 0 0
12699.1 0 0 0
12702.3 0 0 0
12703.3 0 0 0
12703.8 0 0 0
12705.5 0 0 0
12707.8 0 0 0
12709.6 0 0 0
12711.3 0 0 0
12710.5 0 0 0
12712.4 0 0 0
12711.7 0 0 0
12711.4 0 0 0
12712.7 0 0 0
12712.9 0 0 0
12718 0 0 0
12720.8 0 0 0
12721 0 0 0
12715.9 0 0 0
12713.7 0 0 0
12714.7 0 0 0
12717.9 0 0 0
12713.3 0 0 0
12706.5 0 0 0
12704 0 0 0
12701.4 0 0 0
12698.6 0 0 0
12702.9 0 0 0
12703 0 0 0
12703.5 0 0 0
12700.6 0 0 0
12701.8 0 0 0
12700.4 0 0 0
12699.6 0 0 0
12700 0 0 0
12703.9 0 0 0
12701.7 0 0 0
12695.3 0 0 0
12698.3 0 0 0
12697.7 0 0 0
12697.9 0 0 0
12698.9 0 0 0
12699.2 0 0 0
12702.7 0 0 0
12697.4 0 0 0
12696 0 0 0
12699.7 0 0 0
12698.9 0 0 0
12702.4 0 0 0
12706 0 0 0
12702 0 0 0
12704.1 0 0 0
12705 0 0 0
12705 0 0 0
12704.5 0 0 0
12704.9 0 0 0
12703 0 0 0
12699 0 0 0
12704.8 0 0 0
12704.5 0 0 0
12704.1 0 0 0
12703.5 0 0 0
12702.7 0 0 0
12699.7 0 0 0
12697.2 0 0 0
12699.9 0 0 0
12702.3 0 0 0
12701.1 0 0 0
12698.2 0 0 0
12692.9 0 0 0
12692.8 0 0 0
12690.1 0 0 0
12688.3 0 0 0
12685.3 0 0 0
12685.7 0 0 0
12688.4 0 0 0
12685.2 0 0 0
12680.8 0 0 0
12681.1 0 0 0
12683.1 0 0 0
12682 0 0 0
12683.8 0 0 0
12685.2 0 0 0
12684 0 0 0
12678.5 0 0 0
12681 0 0 0
12677.2 0 0 0
12674.4 0 0 0
12679.6 0 0 0
12683.4 0 0 0
12686.9 0 0 0
12688.4 0 0 0
12686.2 0 0 0
12686.1 0 0 0
12692.4 0 0 0
12693.2 0 0 0
12690 0 0 0
12693 0 0 0
12691.5 0 0 0
12695 0 0 0
12691.9 0 0 0
12690.1 0 0 0
12689.6 0 0 0
12687.5 0 0 0
12685.7 0 0 0
12686.7 0 0 0
12689.3 0 0 0
12695.5 0 0 0
12696.9 0 0 0
12702.4 0 0 0
12697.8 0 0 0
12698.2 0 0 0
12689.5 0 0 0
12688 0 0 0
12688.4 0 0 0
12687.1 0 0 0
12687.7 0 0 0
12686.1 0 0 0
12686.9 0 0 0
12686.4 0 0 0
12681.8 0 0 0
12679 0 0 0
12676.3 0 0 0
12677.4 0 0 0
12675.9 0 0 0
12678.6 0 0 0
12685.7 0 0 0
12688 0 0 0
12688.2 0 0 0
12691 0 0 0
12694.6 0 0 0
12698.5 0 0 0
12705.5 0 0 0
12710.9 0 0 0
12710.1 0 0 0
12713.2 0 0 0
12718.2 0 0 0
12721.2 0 0 0
12719 0 0 0
12716.1 0 0 0
12717 0 0 0
12719.2 0 0 0
12720.9 0 0 0
12724.1 0 0 0
12722.5 0 0 0
12718.5 0 0 0
12711 0 0 0
12706.3 0 0 0
12701.2 0 0 0
12700.2 0 0 0
12700 0 0 0
12694.4 0 0 0
12697.8 0 0 0
12701.8 0 0 0
12703.2 0 0 0
12705.1 0 0 0
12712 0 0 0
12715.5 0 0 0
12714.2 0 0 0
12704.3 0 0 0
12699.8 0 0 0
12697.5 0 0 0
12691.1 0 0 0
12689.9 0 0 0
12683.9 0 0 0
12679.5 0 0 0
12673.1 0 0 0
12669.6 0 0 0
12675.3 0 0 0
12679.3 0 0 0
12677.1 0 0 0
12674.2 0 0 0
12668.3 0 0 0
12664.5 0 0 0
12664.7 0 0 0
12659.5 0 0 0
12657.9 0 0 0
12649.4 0 0 0
12642.7 0 0 0
12639.5 0 0 0
12637.9 0 0 0
12636.2 0 0 0
12630.9 0 0 0
12628.7 0 0 0
12622.4 0 0 0
12617.8 0 0 0
12610.2 0 0 0
12612.7 0 0 0
12612 0 0 0
12613.9 0 0 0
12613.1 0 0 0
12613.8 0 0 0
12613.5 0 0 0
12612.9 0 0 0
12615.9 0 0 0
12616.6 0 0 0
12616.7 0 0 0
12612.9 0 0 0
12610.2 0 0 0
12613.1 0 0 0
12613.4 0 0 0
12608.2 0 0 0
12607.1 0 0 0
12606.2 0 0 0
12595.9 0 0 0
12592 0 0 0
12587.6 0 0 0
12585.4 0 0 0
12585.1 0 0 0
12588 0 0 0
12587.6 0 0 0
12588.3 0 0 0
12585.8 0 0 0
12584.2 0 0 0
12582.1 0 0 0
12579.2 0 0 0
12577.7 0 0 0
12576.1 0 0 0
12577.3 0 0 0
12576.4 0 0 0
12571.3 0 0 0
12566.6 0 0 0
12564.3 0 0 0
12563.4 0 0 0
12569.3 0 0 0
12570.4 0 0 0
12575 0 0 0
12574.8 0 0 0
12575.5 0 0 0
12579.3 0 0 0
12582.7 0 0 0
12582.9 0 0 0
12583.2 0 0 0
12586 0 0 0
12589.1 0 0 0
12587.4 0 0 0
12591.9 0 0 0
12598 0 0 0
12594.4 0 0 0
12596.5 0 0 0
12592.5 0 0 0
12594.6 0 0 0
12595.5 0 0 0
12596.3 0 0 0
12599.1 0 0 0
12598.4 0 0 0
12601.1 0 0 0
12594.8 0 0 0
12578.5 0 0 0
12562.5 0 0 0
12562.2 0 0 0
12562.1 0 0 0
12563.4 0 0 0
12558.9 0 0 0
12555.2 0 0 0
12550.8 0 0 0
12553.1 0 0 0
12542 0 0 0
12542.4 0 0 0
12533.5 0 0 0
12529.5 0 0 0
12530.6 0 0 0
12527.7 0 0 0
12523.5 0 0 0
12515.1 0 0 0
12504.3 0 0 0
12489.7 0 0 0
12475.2 0 0 0
12459.6 0 0 0
12452.8 0 0 0
12433.8 0 0 0
12422.5 0 0 0
12417.2 0 0 0
12415.3 0 0 0
12397.2 0 0 0
12375.1 0 0 0
12359.4 0 0 0
12338.1 0 0 0
12313.1 0 0 0
12298.2 0 0 0
12296.2 0 0 0
12292.6 0 0 0
12276.6 0 0 0
12257.5 0 0 0
12248.6 0 0 0
12231.8 0 0 0
12228.6 0 0 0
12211.3 0 0 0
12195.3 0 0 0
12169.2 0 0 0
12160.8 0 0 0
12138.2 0 0 0
12120 0 0 0
12101.6 0 0 0
12091.7 0 0 0
12078.4 0 0 0
12057 0 0 0
12047.8 0 0 0
12030.8 0 0 0
12008.8 0 0 0
12003 0 0 0
11991 0 0 0
11980.3 0 0 0
11962.7 0 0 0
11953.3 0 0 0
11925.6 0 0 0
11905.4 0 0 0
11881.6 0 0 0
11862.2 0 0 0
11837.9 0 0 0
11826.2 0 0 0
11814.3 0 0 0
11808.3 0 0 0
11785.7 0 0 0
11768.6 0 0 0
11749.6 0 0 0
11726.3 0 0 0
11701.3 0 0 0
11677.2 0 0 0
11655.7 0 0 0
11625.8 0 0 0
11611.3 0 0 0
11606 0 0 0
11575.5 0 0 0
11552.6 0 0 0
11507.3 0 0 0
11456.3 0 0 0
11415.3 0 0 0
11385.5 0 0 0
11362.2 0 0 0
11329.4 0 0 0
11299.1 0 0 0
11272.7 0 0 0
11246.7 0 0 0
11214.7 0 0 0
11172.3 0 0 0
11142.9 0 0 0
11097.5 0 0 0
11055.4 0 0 0
11013.5 0 0 0
10953.4 0 0 0
10897 0 0 0
10845.6 0 0 0
10798.1 0 0 0
10755.9 0 0 0
10698 0 0 0
10646.2 0 0 0
10599.6 0 0 0
10555.3 0 0 0
10507.4 0 0 0
10442.5 0 0 0
10388.2 0 0 0
10332.8 0 0 0
10280.1 0 0 0
10230.7 0 0 0
10174.7 0 0 0
10111.4 0 0 0
10049.5 0 0 0
9996.52 0 0 0
9954.4 0 0 0
9898.13 0 0 0
9837.75 0 0 0
9783.47 0 0 0
9731.1 0 0 0
9676.34 0 0 0
9620.72 0 0 0
9569.57 0 0 0
9518.72 0 0 0
9455.78 0 0 0
9398.22 0 0 0
9342.39 0 0 0
9294.65 0 0 0
9237.27 0 0 0
9181.17 0 0 0
9124.34 0 0 0
9067.39 0 0 0
9009.13 0 0 0
8959.29 0 0 0
8909.11 0 0 0
8856.12 0 0 0
8796.33 0 0 0
8735.31 0 0 0
8679.45 0 0 0
8627.06 0 0 0
8569.49 0 0 0
8512.81 0 0 0
8459.95 0 0 0
8399.46 0 0 0
8337.35 0 0 0
8277.54 0 0 0
8221.31 0 0 0
8159.54 0 0 0
8100.61 0 0 0
8040.6 0 0 0
7979.95 0 0 0
7922.05 0 0 0
7862.23 0 0 0
7801.22 0 0 0
7742.01 0 0 0
7683.46 0 0 0
7621.8 0 0 0
7565.95 0 0 0
7508.88 0 0 0
7449.49 0 0 0
7395.87 0 0 0
7342.16 0 0 0
7282.3 0 0 0
7222.56 0 0 0
7163.11 0 0 0
7098.57 0 0 0
7036.76 0 0 0
6978.54 0 0 0
6917.76 0 0 0
6858.52 0 0 0
6801.47 0 0 0
6739.45 0 0 0
6681.81 0 0 0
6621.44 0 0 0
6562.07 0 0 0
6505.28 0 0 0
6444.49 0 0 0
6385.68 0 0 0
6331.26 0 0 0
6274.19 0 0 0
6209.95 0 0 0
6153.84 0 0 0
6089.32 0 0 0
6027.03 0 0 0
5970.84 0 0 0
5908.59 0 0 0
5849.97 0 0 0
5790.35 0 0 0
5730.89 0 0 0
5672.01 0 0 0
5615.23 0 0 0
5553.01 0 0 0
5492.69 0 0 0
5430.2 0 0 0
5370.81 0 0 0
5311.32 0 0 0
5257.52 0 0 0
5194.13 0 0 0
5133.35 0 0 0
5072.54 0 0 0
5008.69 0 0 0
4949.87 0 0 0
4886.9 0 0 0
4833.35 0 0 0
4791.82 0 0 0
4744.18 0 0 0
4687.11 0 0 0
4625.39 0 0 0
4562.19 0 0 0
4509.19 0 0 0
4453.69 0 0 0
4395.84 0 0 0
4336.3 0 0 0
4290.41 0 0 0
4228.4 0 0 0
4179.72 0 0 0
4119.55 0 0 0
4059.82 0 0 0
4005.61 0 0 0
3950.71 0 0 0
3902.17 0 0 0
3849.62 0 0 0
3800.45 0 0 0
3753.82 0 0 0
3711.93 0 0 0
3665.18 0 0 0
3625.92 0 0 0
3577.74 0 0 0
3524.37 0 0 0
3464.84 0 0 0
3419.2 0 0 0
3380.18 0 0 0
3332.03 0 0 0
3294.65 0 0 0
3256.82 0 0 0
3210.11 0 0 0
3154.13 0 0 0
3094.86 0 0 0
3048.22 0 0 0
3007.11 0 0 0
2958.93 0 0 0
2913.34 0 0 0
2859.28 0 0 0
2816.66 0 0 0
2769.95 0 0 0
2729.91 0 0 0
2680.07 0 0 0
2643.28 0 0 0
2599.65 0 0 0
2557.43 0 0 0
2502.36 0 0 0
2458.7 0 0 0
2422.82 0 0 0
2371.3 0 0 0
2330.95 0 0 0
2289.59 0 0 0
2235.2 0 0 0
2190.61 0 0 0
2145.93 0 0 0
2105.12 0 0 0
2060.32 0 0 0
2026.92 0 0 0
1986.2 0 0 0
1950.93 0 0 0
1915.46 0 0 0
1873.53 0 0 0
1827.87 0 0 0
1780.95 0 0 0
1733.82 0 0 0
1700.16 0 0 0
1660.09 0 0 0
1619.86 0 0 0
1582.57 0 0 0
1545.34 0 0 0
1510.02 0 0 0
1468.27 0 0 0
1440.32 0 0 0
1396.44 0 0 0
1345.88 0 0 0
1314.34 0 0 0
1274.78 0 0 0
1258.35 0 0 0
1244.66 0 0 0
1224.93 0 0 0
1193.97 0 0 0
1157.03 0 0 0
1125.52 0 0 0
1095.51 0 0 0
1055.66 0 0 0
1020.96 0 0 0
991.17 0 0 0
970.165 0 0 0
937.345 0 0 0
922.17 0 0 0
907.925 0 0 0
887.995 0 0 0
887.985 0 0 0
883.385 0 0 0
871.01 0 0 0
858.31 0 0 0
840.035 0 0 0
837.665 0 0 0
834.21 0 0 0
819.59 0 0 0
807.995 0 0 0
799.515 0 0 0
798.465 0 0 0
797.205 0 0 0
793.915 0 0 0
780.5 0 0 0
769.58 0 0 0
766.6 0 0 0
765.91 0 0 0
762.95 0 0 0
757.18 0 0 0
746.5 0 0 0
747.14 0 0 0
748.905 0 0 0
744.07 0 0 0
739.985 0 0 0
739.67 0 0 0
738.075 0 0 0
735.09 0 0 0
728.395 0 0 0
729.005 0 0 0
729.185 0 0 0
724.925 0 0 0
716.355 0 0 0
717.315 0 0 0
718.055 0 0 0
712.37 0 0 0
713.17 0 0 0
715.475 0 0 0
710.05 0 0 0
703.575 0 0 0
697.5 0 0 0
695.505 0 0 0
698.235 0 0 0
695.58 0 0 0
688.865 0 0 0
691.45 0 0 0
690.15 0 0 0
690.5 0 0 0
688.195 0 0 0
689.515 0 0 0
689.065 0 0 0
683.055 0 0 0
684.07 0 0 0
682.165 0 0 0
682.475 0 0 0
682.44 0 0 0
677.54 0 0 0
676.03 0 0 0
675.89 0 0 0
676.99 0 0 0
671.605 0 0 0
674.12 0 0 0
673.045 0 0 0
671.2 0 0 0
674.055 0 0 0
674.75 0 0 0
670.075 0 0 0
669.385 0 0 0
669.855 0 0 0
665.605 0 0 0
666.71 0 0 0
668.6 0 0 0
664.35 0 0 0
666.17 0 0 0
667.335 0 0 0
665.375 0 0 0
667.895 0 0 0
666.515 0 0 0
666.06 0 0 0
666.785 0 0 0
662.32 0 0 0
665.245 0 0 0
663.365 0 0 0
659.54 0 0 0
660.75 0 0 0
659.745 0 0 0
657.225 0 0 0
658.515 0 0 0
657.255 0 0 0
652.475 0 0 0
653.685 0 0 0
652.525 0 0 0
651.4 0 0 0
654.305 0 0 0
649.785 0 0 0
647.21 0 0 0
647.8 0 0 0
645.245 0 0 0
647.28 0 0 0
646.025 0 0 0
642.84 0 0 0
637.965 0 0 0
638.37 0 0 0
637.56 0 0 0
635.23 0 0 0
637.525 0 0 0
634.85 0 0 0
632.655 0 0 0
633.58 0 0 0
629.32 0 0 0
629.73 0 0 0
631.31 0 0 0
629.645 0 0 0
633.08 0 0 0
632.955 0 0 0
631.39 0 0 0
634.52 0 0 0
631.925 0 0 0
632.08 0 0 0
634.375 0 0 0
630.47 0 0 0
633.155 0 0 0
632.33 0 0 0
630.635 0 0 0
634.295 0 0 0
630.49 0 0 0
632 0 0 0
632.605 0 0 0
630.135 0 0 0
631.995 0 0 0
628.95 0 0 0
628.385 0 0 0
627.445 0 0 0
625.51 0 0 0
625.935 0 0 0
625.25 0 0 0
621.69 0 0 0
623.1 0 0 0
621.075 0 0 0
619.945 0 0 0
621.245 0 0 0
616.53 0 0 0
619.31 0 0 0
616.945 0 0 0
616.355 0 0 0
616.34 0 0 0
613.145 0 0 0
613.615 0 0 0
612.75 0 0 0
610.05 0 0 0
610.835 0 0 0
611.395 0 0 0
608.88 0 0 0
609.625 0 0 0
607.44 0 0 0
608.025 0 0 0
606.735 0 0 0
603.36 0 0 0
605.33 0 0 0
601.91 0 0 0
601.375 0 0 0
600.7 0 0 0
597.925 0 0 0
592.86 0 0 0
594.995 0 0 0
593.145 0 0 0
592.805 0 0 0
594.2 0 0 0
590.15 0 0 0
585.89 0 0 0
585.675 0 0 0
585.5 0 0 0
583.655 0 0 0
583.47 0 0 0
580.455 0 0 0
578.72 0 0 0
580.24 0 0 0
576.77 0 0 0
578.18 0 0 0
575 0 0 0
576.695 0 0 0
573.865 0 0 0
574.215 0 0 0
572.985 0 0 0
572.5 0 0 0
572.535 0 0 0
571.66 0 0 0
571.425 0 0 0
570.98 0 0 0
567.11 0 0 0
565.74 0 0 0
565.955 0 0 0
562.61 0 0 0
565.685 0 0 0
562.81 0 0 0
564.335 0 0 0
562.8 0 0 0
563.36 0 0 0
562.49 0 0 0
560.63 0 0 0
561.18 0 0 0
559.115 0 0 0
556.78 0 0 0
558.265 0 0 0
555.46 0 0 0
555.19 0 0 0
557.685 0 0 0
553.025 0 0 0
555.675 0 0 0
553.285 0 0 0
549.78 0 0 0
552.045 0 0 0
551.765 0 0 0
545.95 0 0 0
548.465 0 0 0
548.15 0 0 0
545.375 0 0 0
547.215 0 0 0
544.48 0 0 0
543.335 0 0 0
542.795 0 0 0
541.06 0 0 0
537.08 0 0 0
537.91 0 0 0
534.19 0 0 0
532.38 0 0 0
532.2 0 0 0
531.915 0 0 0
529.07 0 0 0
530.615 0 0 0
527.67 0 0 0
527.195 0 0 0
524.32 0 0 0
525.69 0 0 0
522.73 0 0 0
523.96 0 0 0
521.52 0 0 0
518.265 0 0 0
518.62 0 0 0
518.575 0 0 0
517.83 0 0 0
518.915 0 0 0
515.31 0 0 0
518.1 0 0 0
515.895 0 0 0
513.625 0 0 0
513.66 0 0 0
512.63 0 0 0
513.34 0 0 0
512.27 0 0 0
512.795 0 0 0
512.265 0 0 0
510.11 0 0 0
508.815 0 0 0
508.42 0 0 0
507.28 0 0 0
506.885 0 0 0
505.76 0 0 0
505.29 0 0 0
502.265 0 0 0
502.16 0 0 0
500.25 0 0 0
500.305 0 0 0
497.935 0 0 0
495.415 0 0 0
492.7 0 0 0
491.28 0 0 0
492.32 0 0 0
490.49 0 0 0
490.5 0 0 0
489.35 0 0 0
486.025 0 0 0
485.8 0 0 0
486.31 0 0 0
481.8 0 0 0
483.305 0 0 0
479.58 0 0 0
477.69 0 0 0
477.445 0 0 0
475.035 0 0 0
476.025 0 0 0
472.465 0 0 0
471.66 0 0 0
470.84 0 0 0
468.68 0 0 0
469.545 0 0 0
467.245 0 0 0
466.44 0 0 0
465.505 0 0 0
464.48 0 0 0
463.915 0 0 0
464.225 0 0 0
463.2 0 0 0
459.77 0 0 0
459.74 0 0 0
459.01 0 0 0
458.3 0 0 0
459.21 0 0 0
455.35 0 0 0
455.53 0 0 0
456.035 0 0 0
454.895 0 0 0
456.27 0 0 0
455.295 0 0 0
455.93 0 0 0
453.065 0 0 0
452.305 0 0 0
452.09 0 0 0
451.03 0 0 0
450.78 0 0 0
448.085 0 0 0
446.685 0 0 0
445.675 0 0 0
444.36 0 0 0
440.745 0 0 0
440.67 0 0 0
436.19 0 0 0
435.57 0 0 0
434.485 0 0 0
430.77 0 0 0
431.075 0 0 0
428.1 0 0 0
427.28 0 0 0
426.045 0 0 0
421.665 0 0 0
423.51 0 0 0
420.605 0 0 0
418.95 0 0 0
419.39 0 0 0
416.72 0 0 0
419.015 0 0 0
416.82 0 0 0
417.925 0 0 0
416.1 0 0 0
417.085 0 0 0
415.825 0 0 0
416.695 0 0 0
415.585 0 0 0
416.72 0 0 0
415.87 0 0 0
415.485 0 0 0
415.96 0 0 0
412.71 0 0 0
414.675 0 0 0
413.535 0 0 0
413.47 0 0 0
413.595 0 0 0
412.955 0 0 0
413.09 0 0 0
411.795 0 0 0
411.775 0 0 0
409.175 0 0 0
410.245 0 0 0
409.775 0 0 0
409.01 0 0 0
408.665 0 0 0
408.165 0 0 0
407.315 0 0 0
407.645 0 0 0
407.83 0 0 0
406.92 0 0 0
407.095 0 0 0
405.285 0 0 0
405.19 0 0 0
403.61 0 0 0
402.8 0 0 0
402.955 0 0 0
400.315 0 0 0
402.4 0 0 0
399.83 0 0 0
402.525 0 0 0
400.175 0 0 0
402.765 0 0 0
401.515 0 0 0
402.8 0 0 0
400.865 0 0 0
399.925 0 0 0
400.09 0 0 0
399.76 0 0 0
400.45 0 0 0
399.825 0 0 0
401.075 0 0 0
399.12 0 0 0
398.795 0 0 0
397.695 0 0 0
397.615 0 0 0
396.08 0 0 0
395.205 0 0 0
394 0 0 0
393.07 0 0 0
392.895 0 0 0
391.43 0 0 0
391.085 0 0 0
0 1 0 0
0 0 0 0
0 0 0 0
0 0 0 0
0 0 0 0
0 0 1 0
0 0 1 0
0 0 2 0
0 0 1 0
0 0 2 0
0 0 2 0
0 0 1 0
0 0 2 0
0 0 1 0
0 0 2 0
0 0 1 0
0 0 2 0
0 0 1 0
0 0 2 0
0 0 2 0
0 0 1 0
0 0 2 0
0 0 1 0
0 0 2 0
0 0 1 0
0 0 2 0
0 0 2 0
0 0 0 0
0 0 0 0
0 0 0 0
0 0 0 0
0 0 0 0
0 0 0 0
0 0 0 0
0 0 0 0
0 0 0 0
0 0 0 0
0 0 0 0
0 0 0 0
0 0 0 0
0 0 0 0
0 0 0 0
0 0 0 0
0 0 0 0
0 0 0 0
0 0 0 0
0 0 0 0
0 0 0 0
0 0 0 0
0 0 0 0
0 0 0 0
0 0 0 0
0 0 0 0
0 0 0 0
0 0 0 0
0 0 0 0
0 0 0 0
0 0 0 0
0 0 0 0
0 0 0 0
0 0 0 0
0 0 0 0
0 0 0 0
0 0 0 0
0 0 0 0
0 0 0 0
0 0 0 0
0 0 1 0
0 0 2 0
0 0 1 0
0 0 2 0
0 0 2 0
0 0 1 0
0 0 2 0
0 0 1 0
0 0 2 0
0 0 2 0
0 0 1 0
0 0 2 0
0 0 1 0
0 0 2 0
0 0 1 0
0 0 2 0
0 0 2 0
0 0 1 0
0 0 2 0
0 0 1 0
0 0 2 0
0 0 2 0
0 0 1 0
0 0 2 0
0 0 1 0
0 0 2 0
0 0 1 0
0 0 2 0
0 0 2 0
0 0 1 0
0 0 2 0
0 0 1 0
0 0 2 0
0 0 2 0
0 0 1 0
0 0 2 0
0 0 1 0
0 0 2 0
0 0 2 0
0 0 1 0
0 0 1 0
0 0 2 0
0 0 2 0
0 0 1 0
0 0 2 0
0 0 1 0
0 0 2 0
0 0 2 0
0 0 1 0
0 0 2 0
0 0 1 0
0 0 2 0
0 0 1 0
0 0 2 0
0 0 2 0
0 0 1 0
0 0 2 0
0 0 1 0
0 0 2 0
0 0 1 0
0 0 2 0
0 0 2 0
0 0 1 0
0 0 2 0
0 0 1 0
0 0 2 0
0 0 1 0
0 0 2 0
0 0 1 0
0 0 2 0
0 0 2 0
0 0 1 0
0 0 2 0
0 0 1 0
0 0 2 0
0 0 1 0
0 0 2 0
0 0 2 0
0 0 1 0
0 0 2 0
0 0 1 0
0 0 2 0
0 0 1 0
0 0 2 0
0 0 2 0
0 0 1 0
0 0 1 0
0 0 1 0
0 0 2 0
0 0 1 0
0 0 2 0
0 0 2 0
0 0 1 0
0 0 1 0
0 0 2 0
0 0 1 0
0 0 2 0
0 0 1 0
0 0 2 0
0 0 2 0
0 0 1 0
0 0 1 0
0 0 2 0
0 0 1 0
0 0 1 0
0 0 2 0
0 0 1 0
0 0 2 0
0 0 1 0
0 0 1 0
0 0 2 0
0 0 1 0
0 0 1 0
0 0 2 0
0 0 2 0
0 0 1 0
0 0 2 0
0 0 1 0
0 0 2 0
0 0 1 0
0 0 1 0
0 0 2 0
0 0 1 0
0 0 2 0
0 0 1 0
0 0 1 0
0 0 2 0
0 0 1 0
0 0 2 0
0 0 1 0
0 0 2 0
0 0 2 0
0 0 1 0
0 0 2 0
0 0 1 0
0 0 1 0
0 0 1 0
0 0 2 0
0 0 1 0
0 0 2 0
0 0 1 0
0 0 2 0
0 0 1 0
0 0 1 0
0 0 2 0
0 0 1 0
0 0 2 0
0 0 1 0
0 0 2 0
0 0 2 0
0 0 1 0
0 0 1 0
0 0 2 0
0 0 1 0
0 0 2 0
0 0 1 0
0 0 2 0
0 0 1 0
0 0 1 0
0 0 1 0
0 0 2 0
0 0 1 0
0 0 2 0
0 0 2 0
0 0 1 0
0 0 2 0
0 0 1 0
0 0 2 0
0 0 1 0
0 0 2 0
0 0 1 0
0 0 2 0
0 0 1 0
0 0 2 0
0 0 1 0
0 0 1 0
0 0 1 0
0 0 1 0
0 0 2 0
0 0 1 0
0 0 1 0
0 0 2 0
0 0 2 0
0 0 1 0
0 0 2 0
0 0 1 0
0 0 2 0
0 0 1 0
0 0 2 0
0 0 1 0
0 0 2 0
0 0 1 0
0 0 1 0
0 0 1 0
0 0 2 0
0 0 1 0
0 0 1 0
0 0 2 0
0 0 2 0
0 0 1 0
0 0 2 0
0 0 1 0
0 0 2 0
0 0 1 0
0 0 1 0
0 0 2 0
0 0 2 0
0 0 1 0
0 0 1 0
0 0 1 0
0 0 1 0
0 0 2 0
0 0 1 0
0 0 1 0
0 0 2 0
0 0 2 0
0 0 1 0
0 0 1 0
0 0 2 0
0 0 1 0
0 0 2 0
0 0 1 0
0 0 1 0
0 0 2 0
0 0 1 0
0 0 2 0
0 0 1 0
0 0 1 0
0 0 1 0
0 0 2 0
0 0 1 0
0 0 2 0
0 0 1 0
0 0 2 0
0 0 1 0
0 0 2 0
0 0 1 0
0 0 2 0
0 0 1 0
0 0 2 0
0 0 1 0
0 0 2 0
0 0 1 0
0 0 2 0
0 0 1 0
0 0 1 0
0 0 2 0
0 0 1 0
0 0 2 0
0 0 1 0
0 0 2 0
0 0 1 0
0 0 2 0
0 0 1 0
0 0 1 0
0 0 2 0
0 0 1 0
0 0 2 0
0 0 1 0
0 0 1 0
0 0 2 0
0 0 1 0
0 0 1 0
0 0 2 0
0 0 1 0
0 0 2 0
0 0 1 0
0 0 2 0
0 0 1 0
0 0 1 0
0 0 2 0
0 0 1 0
0 0 2 0
0 0 1 0
0 0 2 0
0 0 1 0
0 0 1 0
0 0 1 0
0 0 1 0
0 0 2 0
0 0 1 0
0 0 1 0
0 0 2 0
0 0 2 0
0 0 1 0
0 0 2 0
0 0 1 0
0 0 1 0
0 0 1 0
0 0 2 0
0 0 2 0
0 0 1 0
0 0 1 0
0 0 1 0
0 0 2 0
0 0 1 0
0 0 1 0
0 0 2 0
0 0 2 0
0 0 1 0
0 0 2 0
0 0 2 0
0 0 1 0
0 0 1 0
0 0 1 0
0 0 1 0
0 0 2 0
0 0 2 0
0 0 1 0
0 0 1 0
0 0 2 0
0 0 1 0
0 0 1 0
0 0 1 0
0 0 2 0
0 0 2 0
0 0 1 0
0 0 2 0
0 0 1 0
0 0 2 0
0 0 1 0
0 0 1 0
0 0 1 0
0 0 2 0
0 0 2 0
0 0 1 0
0 0 1 0
0 0 2 0
0 0 1 0
0 0 1 0
0 0 2 0
0 0 1 0
0 0 1 0
0 0 2 0
0 0 2 0
0 0 1 0
0 0 1 0
0 0 2 0
0 0 1 0
0 0 1 0
0 0 2 0
0 0 1 0
0 0 2 0
0 0 1 0
0 0 1 0
0 0 2 0
0 0 1 0
0 0 1 0
0 0 2 0
0 0 1 0
0 0 2 0
0 0 2 0
0 0 1 0
0 0 1 0
0 0 2 0
0 0 1 0
0 0 1 0
0 0 1 0
0 0 2 0
0 0 1 0
0 0 2 0
0 0 1 0
0 0 2 0
0 0 1 0
0 0 1 0
0 0 2 0
0 0 1 0
0 0 2 0
0 0 2 0
0 0 1 0
0 0 1 0
0 0 2 0
0 0 1 0
0 0 2 0
0 0 1 0
0 0 2 0
0 0 1 0
0 0 1 0
0 0 1 0
0 0 2 0
0 0 1 0
0 0 1 0
0 0 2 0
0 0 1 0
0 0 2 0
0 0 1 0
0 0 2 0
0 0 1 0
0 0 2 0
0 0 1 0
0 0 2 0
0 0 1 0
0 0 1 0
0 0 2 0
0 0 1 0
0 0 1 0
0 0 1 0
0 0 2 0
0 0 1 0
0 0 2 0
0 0 1 0
0 0 1 0
0 0 2 0
0 0 2 0
0 0 1 0
0 0 2 0
0 0 1 0
0 0 2 0
0 0 1 0
0 0 2 0
0 0 1 0
0 0 1 0
0 0 1 0
0 0 2 0
0 0 1 0
0 0 2 0
0 0 1 0
0 0 2 0
0 0 1 0
0 0 2 0
0 0 1 0
0 0 2 0
0 0 1 0
0 0 2 0
0 0 1 0
0 0 2 0
0 0 1 0
0 0 1 0
0 0 2 0
0 0 1 0
0 0 1 0
0 0 2 0
0 0 1 0
0 0 1 0
0 0 2 0
0 0 2 0
0 0 1 0
0 0 2 0
0 0 1 0
0 0 1 0
0 0 2 0
0 0 2 0
0 0 1 0
0 0 1 0
0 0 1 0
0 0 2 0
0 0 1 0
0 0 1 0
0 0 2 0
0 0 1 0
0 0 2 0
0 0 1 0
0 0 2 0
0 0 2 0
0 0 1 0
0 0 1 0
0 0 2 0
0 0 1 0
0 0 2 0
0 0 1 0
0 0 1 0
0 0 2 0
0 0 1 0
0 0 1 0
0 0 1 0
0 0 2 0
0 0 1 0
0 0 2 0
0 0 2 0
0 0 1 0
0 0 2 0
0 0 1 0
0 0 1 0
0 0 2 0
0 0 1 0
0 0 1 0
0 0 2 0
0 0 1 0
0 0 2 0
0 0 1 0
0 0 2 0
0 0 1 0
0 0 2 0
0 0 1 0
0 0 2 0
0 0 1 0
0 0 2 0
0 0 1 0
0 0 1 0
0 0 2 0
0 0 1 0
0 0 2 0
0 0 2 0
0 0 1 0
0 0 2 0
0 0 1 0
0 0 2 0
0 0 1 0
0 0 2 0
0 0 1 0
0 0 2 0
0 0 1 0
0 0 1 0
0 0 2 0
0 0 1 0
0 0 1 0
0 0 2 0
0 0 2 0
0 0 1 0
0 0 2 0
0 0 1 0
0 0 1 0
0 0 2 0
0 0 2 0
0 0 1 0
0 0 2 0
0 0 1 0
0 0 1 0
0 0 2 0
0 0 2 0
0 0 1 0
0 0 2 0
0 0 1 0
0 0 2 0
0 0 2 0
0 0 1 0
0 0 1 0
0 0 1 0
0 0 2 0
0 0 2 0
0 0 1 0
0 0 2 0
0 0 2 0
0 0 1 0
0 0 1 0
0 0 2 0
0 0 2 0
0 0 1 0
0 0 2 0
0 0 1 0
0 0 2 0
0 0 1 0
0 0 2 0
0 0 1 0
0 0 2 0
0 0 2 0
0 0 1 0
0 0 2 0
0 0 1 0
0 0 2 0
0 0 1 0
0 0 1 0
0 0 2 0
0 0 1 0
0 0 2 0
0 0 1 0
0 0 1 0
0 0 2 0
0 0 1 0
0 0 2 0
0 0 2 0
0 0 1 0
0 0 2 0
0 0 1 0
0 0 2 0
0 0 1 0
0 0 2 0
0 0 1 0
0 0 2 0
0 0 1 0
0 0 2 0
0 0 1 0
0 0 2 0
0 0 1 0
0 0 2 0
0 0 2 0
0 0 1 0
0 0 2 0
0 0 1 0
0 0 2 0
0 0 1 0
0 0 2 0
0 0 1 0
0 0 2 0
0 0 1 0
0 0 2 0
0 0 2 0
0 0 1 0
0 0 2 0
0 0 1 0
0 0 2 0
0 0 1 0
0 0 1 0
0 0 2 0
0 0 2 0
0 0 1 0
0 0 2 0
0 0 1 0
0 0 1 0
0 0 2 0
0 0 1 0
0 0 2 0
0 0 1 0
0 0 2 0
0 0 2 0
0 0 1 0
0 0 1 0
0 0 2 0
0 0 1 0
0 0 2 0
0 0 2 0
0 0 1 0
0 0 1 0
0 0 2 0
0 0 1 0
0 0 1 0
0 0 2 0
0 0 2 0
0 0 1 0
0 0 1 0
0 0 2 0
0 0 1 0
0 0 2 0
0 0 1 0
0 0 2 0
0 0 1 0
0 0 2 0
0 0 2 0
0 0 1 0
0 0 1 0
0 0 2 0
0 0 1 0
0 0 2 0
0 0 2 0
0 0 1 0
0 0 1 0
0 0 2 0
0 0 2 0
0 0 1 0
0 0 2 0
0 0 2 0
0 0 1 0
0 0 2 0
0 0 1 0
0 0 2 0
0 0 1 0
0 0 2 0
0 0 1 0
0 0 2 0
0 0 1 0
0 0 2 0
0 0 1 0
0 0 2 0
0 0 2 0
0 0 1 0
0 0 1 0
0 0 2 0
0 0 2 0
0 0 1 0
0 0 1 0
0 0 2 0
0 0 2 0
0 0 1 0
0 0 2 0
0 0 1 0
0 0 2 0
0 0 1 0
0 0 1 0
0 0 2 0
0 0 1 0
0 0 2 0
0 0 1 0
0 0 2 0
0 0 2 0
0 0 1 0
0 0 1 0
0 0 2 0
0 0 1 0
0 0 2 0
0 0 1 0
0 0 2 0
0 0 1 0
0 0 2 0
0 0 2 0
0 0 1 0
0 0 1 0
0 0 2 0
0 0 2 0
0 0 1 0
0 0 2 0
0 0 2 0
0 0 1 0
0 0 1 0
0 0 2 0
0 0 1 0
0 0 2 0
0 0 2 0
0 0 1 0
0 0 2 0
0 0 1 0
0 0 2 0
0 0 2 0
0 0 1 0
0 0 2 0
0 0 1 0
0 0 2 0
0 0 2 0
0 0 1 0
0 0 2 0
0 0 1 0
0 0 1 0
0 0 2 0
0 0 2 0
0 0 1 0
0 0 2 0
0 0 1 0
0 0 2 0
0 0 1 0
0 0 2 0
0 0 2 0
0 0 1 0
0 0 2 0
0 0 1 0
0 0 2 0
0 0 1 0
0 0 2 0
0 0 1 0
0 0 2 0
0 0 1 0
0 0 2 0
0 0 2 0
0 0 1 0
0 0 2 0
0 0 1 0
0 0 1 0
0 0 2 0
0 0 1 0
0 0 2 0
0 0 1 0
0 0 2 0
0 0 1 0
0 0 2 0
0 0 1 0
0 0 2 0
0 0 1 0
0 0 2 0
0 0 1 0
0 0 2 0
0 0 1 0
0 0 2 0
0 0 1 0
0 0 2 0
0 0 2 0
0 0 1 0
0 0 2 0
0 0 1 0
0 0 2 0
0 0 1 0
0 0 2 0
0 0 1 0
0 0 2 0
0 0 1 0
0 0 2 0
0 0 2 0
0 0 1 0
0 0 1 0
0 0 2 0
0 0 2 0
0 0 1 0
0 0 1 0
0 0 2 0
0 0 2 0
0 0 1 0
0 0 2 0
0 0 1 0
0 0 2 0
0 0 2 0
0 0 1 0
0 0 2 0
0 0 1 0
0 0 2 0
0 0 2 0
0 0 1 0
0 0 2 0
0 0 1 0
0 0 2 0
0 0 1 0
0 0 2 0
0 0 1 0
0 0 2 0
0 0 2 0
0 0 1 0
0 0 2 0
0 0 1 0
0 0 2 0
0 0 1 0
0 0 2 0
0 0 2 0
0 0 1 0
0 0 2 0
0 0 2 0
0 0 1 0
0 0 2 0
0 0 1 0
0 0 2 0
0 0 2 0
0 0 1 0
0 0 1 0
0 0 2 0
0 0 2 0
0 0 1 0
0 0 2 0
0 0 1 0
0 0 2 0
0 0 2 0
0 0 1 0
0 0 2 0
0 0 0 0
0 0 3 0
0 0 1 0
0 0 2 0
0 0 1 0
0 0 2 0
0 0 1 0
0 0 2 0
0 0 2 0
0 0 1 0
0 0 2 0
0 0 1 0
0 0 2 0
0 0 2 0
0 0 1 0
0 0 2 0
0 0 1 0
0 0 2 0
0 0 1 0
0 0 2 0
0 0 1 0
0 0 2 0
0 0 1 0
0 0 2 0
0 0 2 0
0 0 1 0
0 0 2 0
0 0 2 0
0 0 1 0
0 0 1 0
0 0 2 0
0 0 2 0
0 0 1 0
0 0 2 0
0 0 1 0
0 0 1 0
0 0 2 0
0 0 1 0
0 0 2 0
0 0 2 0
0 0 1 0
0 0 2 0
0 0 2 0
0 0 1 0
0 0 1 0
0 0 2 0
0 0 1 0
0 0 2 0
0 0 2 0
0 0 1 0
0 0 1 0
0 0 2 0
0 0 2 0
0 0 1 0
0 0 2 0
0 0 1 0
0 0 2 0
0 0 2 0
0 0 1 0
0 0 2 0
0 0 1 0
0 0 1 0
0 0 2 0
0 0 1 0
0 0 2 0
0 0 1 0
0 0 2 0
0 0 2 0
0 0 1 0
0 0 2 0
0 0 1 0
0 0 2 0
0 0 2 0
0 0 1 0
0 0 2 0
0 0 1 0
0 0 2 0
0 0 1 0
0 0 2 0
0 0 1 0
0 0 2 0
0 0 2 0
0 0 1 0
0 0 2 0
0 0 1 0
0 0 2 0
0 0 1 0
0 0 2 0
0 0 2 0
0 0 1 0
0 0 1 0
0 0 2 0
0 0 2 0
0 0 1 0
0 0 2 0
0 0 1 0
0 0 2 0
0 0 1 0
0 0 2 0
0 0 1 0
0 0 2 0
0 0 2 0
0 0 1 0
0 0 2 0
0 0 1 0
0 0 2 0
0 0 1 0
0 0 2 0
0 0 1 0
0 0 2 0
0 0 1 0
0 0 2 0
0 0 1 0
0 0 1 0
0 0 2 0
0 0 1 0
0 0 2 0
0 0 2 0
0 0 1 0
0 0 2 0
0 0 2 0
0 0 1 0
0 0 1 0
0 0 5 0
0 0 4 0
0 0 1 0
0 0 2 0
0 0 1 0
0 0 2 0
0 0 2 0
0 0 1 0
0 0 1 0
0 0 2 0
0 0 1 0
0 0 2 0
0 0 2 0
0 0 1 0
0 0 2 0
0 0 1 0
0 0 2 0
0 0 2 0
0 0 1 0
0 0 2 0
0 0 1 0
0 0 2 0
0 0 2 0
0 0 1 0
0 0 2 0
0 0 2 0
0 0 1 0
0 0 2 0
0 0 1 0
0 0 2 0
0 0 1 0
0 0 2 0
0 0 2 0
0 0 1 0
0 0 2 0
0 0 1 0
0 0 2 0
0 0 1 0
0 0 2 0
0 0 2 0
0 0 1 0
0 0 2 0
0 0 1 0
0 0 2 0
0 0 1 0
0 0 2 0
0 0 1 0
0 0 2 0
0 0 2 0
0 0 1 0
0 0 2 0
0 0 1 0
0 0 2 0
0 0 2 0
0 0 1 0
0 0 2 0
0 0 1 0
0 0 2 0
0 0 1 0
0 0 2 0
0 0 2 0
0 0 1 0
0 0 2 0
0 0 1 0
0 0 2 0
0 0 2 0
0 0 1 0
0 0 2 0
0 0 1 0
0 0 2 0
0 0 2 0
0 0 1 0
0 0 2 0
0 0 1 0
0 0 2 0
0 0 2 0
0 0 0 0
0 0 2 0
0 0 2 0
0 0 1 0
0 0 2 0
0 0 1 0
0 0 2 0
0 0 1 0
0 0 2 0
0 0 1 0
0 0 2 0
0 0 2 0
0 0 1 0
0 0 2 0
0 0 1 0
0 0 1 0
0 0 4 0
0 0 5 0
0 0 1 0
0 0 1 0
0 0 2 0
0 0 1 0
0 0 2 0
0 0 1 0
0 0 2 0
0 0 1 0
0 0 2 0
0 0 2 0
0 0 1 0
0 0 2 0
0 0 1 0
0 0 2 0
0 0 2 0
0 0 1 0
0 0 2 0
0 0 1 0
0 0 2 0
0 0 1 0
0 0 2 0
0 0 2 0
0 0 1 0
0 0 2 0
0 0 1 0
0 0 2 0
0 0 1 0
0 0 2 0
0 0 3 0
0 0 4 0
0 0 1 0
0 0 2 0
0 0 1 0
0 0 2 0
0 0 1 0
0 0 2 0
0 0 2 0
0 0 1 0
0 0 2 0
0 0 1 0
0 0 2 0
0 0 2 0
0 0 1 0
0 0 2 0
0 0 1 0
0 0 2 0
0 0 2 0
0 0 1 0
0 0 2 0
0 0 1 0
0 0 2 0
0 0 1 0
0 0 2 0
0 0 1 0
0 0 2 0
0 0 2 0
0 0 1 0
0 0 2 0
0 0 1 0
0 0 2 0
0 0 2 0
0 0 1 0
0 0 2 0
0 0 1 0
0 0 2 0
0 0 1 0
0 0 2 0
0 0 1 0
0 0 2 0
0 0 2 0
0 0 1 0
0 0 2 0
0 0 1 0
0 0 2 0
0 0 2 0
0 0 1 0
0 0 2 0
0 0 2 0
0 0 1 0
0 0 2 0
0 0 1 0
0 0 2 0
0 0 1 0
0 0 2 0
0 0 1 0
0 0 2 0
0 0 2 0
0 0 1 0
0 0 1 0
0 0 3 0
0 0 4 0
0 0 4 0
0 0 1 0
0 0 2 0
0 0 1 0
0 0 2 0
0 0 1 0
0 0 2 0
0 0 2 0
0 0 1 0
0 0 2 0
0 0 1 0
0 0 2 0
0 0 2 0
0 0 1 0
0 0 2 0
0 0 1 0
0 0 2 0
0 0 2 0
0 0 1 0
0 0 2 0
0 0 1 0
0 0 2 0
0 0 2 0
0 0 1 0
0 0 2 0
0 0 1 0
0 0 2 0
0 0 2 0
0 0 0 0
0 0 3 0
0 0 3 0
0 0 2 0
0 0 1 0
0 0 2 0
0 0 1 0
0 0 2 0
0 0 1 0
0 0 2 0
0 0 2 0
0 0 1 0
0 0 2 0
0 0 1 0
0 0 2 0
0 0 2 0
0 0 1 0
0 0 2 0
0 0 1 0
0 0 2 0
0 0 1 0
0 0 2 0
0 0 2 0
0 0 1 0
0 0 2 0
0 0 1 0
0 0 2 0
0 0 2 0
0 0 1 0
0 0 2 0
0 0 1 0
0 0 1 0
0 0 1 0
0 0 4 0
0 0 2 0
0 0 2 0
0 0 1 0
0 0 2 0
0 0 2 0
0 0 1 0
0 0 2 0
0 0 1 0
0 0 2 0
0 0 2 0
0 0 1 0
0 0 2 0
0 0 1 0
0 0 2 0
0 0 2 0
0 0 1 0
0 0 2 0
0 0 1 0
0 0 2 0
0 0 2 0
0 0 1 0
0 0 2 0
0 0 2 0
0 0 1 0
0 0 2 0
0 0 1 0
0 0 2 0
0 0 2 0
0 0 1 0
0 0 3 0
0 0 4 0
0 0 1 0
0 0 2 0
0 0 1 0
0 0 2 0
0 0 1 0
0 0 2 0
0 0 2 0
0 0 1 0
0 0 2 0
0 0 1 0
0 0 2 0
0 0 2 0
0 0 1 0
0 0 2 0
0 0 1 0
0 0 2 0
0 0 2 0
0 0 1 0
0 0 2 0
0 0 1 0
0 0 2 0
0 0 2 0
0 0 1 0
0 0 2 0
0 0 1 0
0 0 2 0
0 0 1 0
0 0 2 0
0 0 2 0
0 0 1 0
0 0 2 0
0 0 2 0
0 0 1 0
0 0 2 0
0 0 2 0
0 0 1 0
0 0 2 0
0 0 1 0
0 0 2 0
0 0 2 0
0 0 1 0
0 0 2 0
0 0 1 0
0 0 2 0
0 0 2 0
0 0 1 0
0 0 2 0
0 0 1 0
0 0 2 0
0 0 2 0
0 0 1 0
0 0 2 0
0 0 1 0
0 0 2 0
0 0 2 0
0 0 1 0
0 0 2 0
0 0 1 0
0 0 1 0
0 0 4 0
0 0 3 0
0 0 4 0
0 0 1 0
0 0 2 0
0 0 1 0
0 0 2 0
0 0 2 0
0 0 1 0
0 0 2 0
0 0 1 0
0 0 2 0
0 0 2 0
0 0 1 0
0 0 2 0
0 0 1 0
0 0 2 0
0 0 2 0
0 0 1 0
0 0 2 0
0 0 1 0
0 0 2 0
0 0 2 0
0 0 1 0
0 0 2 0
0 0 1 0
0 0 2 0
0 0 2 0
0 0 1 0
0 0 2 0
0 0 0 0
0 0 3 0
0 0 2 0
0 0 1 0
0 0 2 0
0 0 1 0
0 0 2 0
0 0 1 0
0 0 2 0
0 0 2 0
0 0 1 0
0 0 2 0
0 0 2 0
0 0 1 0
0 0 2 0
0 0 1 0
0 0 2 0
0 0 2 0
0 0 1 0
0 0 2 0
0 0 1 0
0 0 2 0
0 0 2 0
0 0 1 0
0 0 2 0
0 0 1 0
0 0 2 0
0 0 2 0
0 0 1 0
0 0 2 0
0 0 1 0
0 0 2 0
0 0 1 0
0 0 2 0
0 0 2 0
0 0 1 0
0 0 2 0
0 0 2 0
0 0 1 0
0 0 2 0
0 0 1 0
0 0 2 0
0 0 2 0
0 0 1 0
0 0 2 0
0 0 1 0
0 0 2 0
0 0 2 0
0 0 1 0
0 0 2 0
0 0 1 0
0 0 1 0
0 0 2 0
0 0 2 0
0 0 2 0
0 0 2 0
0 0 1 0
0 0 2 0
0 0 1 0
0 0 2 0
0 0 1 0
0 0 1 0
0 0 0 0
0 0 1 0
0 0 3 0
0 0 3 0
0 0 4 0
0 0 4 0
0 0 2 0
0 0 2 0
0 0 1 0
0 0 2 0
0 0 2 0
0 0 1 0
0 0 2 0
0 0 1 0
0 0 2 0
0 0 2 0
0 0 1 0
0 0 2 0
0 0 2 0
0 0 1 0
0 0 2 0
0 0 1 0
0 0 2 0
0 0 2 0
0 0 1 0
0 0 2 0
0 0 2 0
0 0 1 0
0 0 2 0
0 0 1 0
0 0 2 0
0 0 2 0
0 0 1 0
0 0 2 0
0 0 1 0
0 0 2 0
0 0 2 0
0 0 1 0
0 0 2 0
0 0 2 0
0 0 1 0
0 0 2 0
0 0 1 0
0 0 2 0
0 0 2 0
0 0 1 0
0 0 2 0
0 0 2 0
0 0 1 0
0 0 2 0
0 0 1 0
0 0 2 0
0 0 2 0
0 0 1 0
0 0 2 0
0 0 1 0
0 0 2 0
0 0 2 0
0 0 1 0
0 0 2 0
0 0 1 0
0 0 2 0
0 0 2 0
0 0 1 0
0 0 2 0
0 0 2 0
0 0 1 0
0 0 2 0
0 0 2 0
0 0 1 0
0 0 2 0
0 0 1 0
0 0 2 0
0 0 2 0
0 0 1 0
0 0 2 0
0 0 2 0
0 0 1 0
0 0 2 0
0 0 1 0
0 0 2 0
0 0 2 0
0 0 1 0
0 0 2 0
0 0 2 0
0 0 1 0
0 0 2 0
0 0 2 0
0 0 1 0
0 0 2 0
0 0 2 0
0 0 1 0
0 0 1 0
0 0 3 0
0 0 2 0
0 0 3 0
0 0 3 0
0 0 1 0
0 0 2 0
0 0 2 0
0 0 1 0
0 0 2 0
0 0 1 0
0 0 2 0
0 0 2 0
0 0 1 0
0 0 2 0
0 0 1 0
0 0 2 0
0 0 2 0
0 0 1 0
0 0 2 0
0 0 2 0
0 0 1 0
0 0 2 0
0 0 2 0
0 0 1 0
0 0 2 0
0 0 1 0
0 0 2 0
0 0 2 0
0 0 1 0
0 0 2 0
0 0 2 0
0 0 1 0
0 0 2 0
0 0 2 0
0 0 1 0
0 0 2 0
0 0 1 0
0 0 2 0
0 0 1 0
0 0 2 0
0 0 2 0
0 0 1 0
0 0 2 0
0 0 2 0
0 0 1 0
0 0 2 0
0 0 2 0
0 0 1 0
0 0 2 0
0 0 2 0
0 0 1 0
0 0 2 0
0 0 2 0
0 0 1 0
0 0 2 0
0 0 1 0
0 0 2 0
0 0 2 0
0 0 1 0
0 0 2 0
0 0 1 0
0 0 0 0
0 0 2 0
0 0 4 0
0 0 2 0
0 0 3 0
0 0 3 0
0 0 1 0
0 0 2 0
0 0 2 0
0 0 1 0
0 0 2 0
0 0 2 0
0 0 1 0
0 0 2 0
0 0 2 0
0 0 1 0
0 0 2 0
0 0 1 0
0 0 2 0
0 0 2 0
0 0 1 0
0 0 2 0
0 0 2 0
0 0 1 0
0 0 2 0
0 0 2 0
0 0 1 0
0 0 2 0
0 0 1 0
0 0 2 0
0 0 2 0
0 0 0 0
0 0 0 0
0 0 2 0
0 0 2 0
0 0 3 0
0 0 3 0
0 0 1 0
0 0 2 0
0 0 2 0
0 0 1 0
0 0 2 0
0 0 1 0
0 0 2 0
0 0 2 0
0 0 1 0
0 0 2 0
0 0 2 0
0 0 1 0
0 0 2 0
0 0 1 0
0 0 2 0
0 0 2 0
0 0 1 0
0 0 2 0
0 0 2 0
0 0 1 0
0 0 2 0
0 0 1 0
0 0 2 0
0 0 2 0
0 0 1 0
0 0 1 0
0 0 1 0
0 0 2 0
0 0 3 0
0 0 2 0
0 0 1 0
0 0 2 0
0 0 2 0
0 0 1 0
0 0 2 0
0 0 1 0
0 0 2 0
0 0 2 0
0 0 1 0
0 0 2 0
0 0 2 0
0 0 1 0
0 0 2 0
0 0 2 0
0 0 1 0
0 0 2 0
0 0 1 0
0 0 2 0
0 0 2 0
0 0 1 0
0 0 2 0
0 0 2 0
0 0 1 0
0 0 2 0
0 0 1 0
0 0 2 0
0 0 2 0
0 0 1 0
0 0 2 0
0 0 2 0
0 0 1 0
0 0 2 0
0 0 1 0
0 0 2 0
0 0 1 0
0 0 2 0
0 0 2 0
0 0 3 0
0 0 2 0
0 0 3 0
0 0 2 0
0 0 3 0
0 0 2 0
0 0 3 0
0 0 3 0
0 0 2 0
0 0 3 0
0 0 3 0
0 0 2 0
0 0 3 0
0 0 3 0
0 0 2 0
0 0 3 0
0 0 3 0
0 0 3 0
0 0 3 0
0 0 3 0
0 0 2 0
0 0 2 0
0 0 3 0
0 0 3 0
0 0 3 0
0 0 3 0
0 0 3 0
0 0 3 0
0 0 3 0
0 0 3 0
0 0 4 0
0 0 3 0
0 0 4 0
0 0 4 0
0 0 3 0
0 0 4 0
0 0 5 0
0 0 5 0
0 0 4 0
0 0 4 0
0 0 5 0
0 0 3 0
0 0 5 0
0 0 3 0
0 0 4 0
0 0 4 0
0 0 3 0
0 0 2 0
0 0 1 0
0 0 1 0
0 0 2 0
0 0 1 0
0 0 3 0
0 0 3 0
0 0 3 0
0 0 4 0
0 0 3 0
0 0 4 0
0 0 5 0
0 0 4 0
0 0 4 0
0 0 4 0
0 0 3 0
0 0 4 0
0 0 3 0
0 0 4 0
0 0 3 0
0 0 4 0
0 0 4 0
0 0 4 0
0 0 4 0
0 0 4 0
0 0 4 0
0 0 5 0
0 0 4 0
0 0 3 0
0 0 5 0
0 0 2 0
0 0 2 0
0 0 2 0
0 0 2 0
0 0 3 0
0 0 3 0
0 0 4 0
0 0 3 0
0 0 4 0
0 0 4 0
0 0 3 0
0 0 4 0
0 0 4 0
0 0 4 0
0 0 4 0
0 0 5 0
0 0 4 0
0 0 3 0
0 0 3 0
0 0 4 0
0 0 3 0
0 0 3 0
0 0 4 0
0 0 1 0
0 0 3 0
0 0 3 0
0 0 2 0
0 0 3 0
0 0 2 0
0 0 3 0
0 0 2 0
0 0 3 0
0 0 3 0
0 0 3 0
0 0 3 0
0 0 2 0
0 0 2 0
0 0 2 0
0 0 2 0
0 0 3 0
0 0 2 0
0 0 3 0
0 0 1 0
0 0 2 0
0 0 2 0
0 0 2 0
0 0 3 0
0 0 2 0
0 0 3 0
0 0 3 0
0 0 3 0
0 0 4 0
0 0 3 0
0 0 3 0
0 0 3 0
0 0 3 0
0 0 4 0
0 0 3 0
0 0 2 0
0 0 1 0
0 0 2 0
0 0 2 0
0 0 2 0
0 0 3 0
0 0 2 0
0 0 3 0
0 0 2 0
0 0 4 0
0 0 3 0
0 0 3 0
0 0 3 0
0 0 3 0
0 0 3 0
0 0 4 0
0 0 3 0
0 0 3 0
0 0 3 0
0 0 4 0
0 0 3 0
0 0 3 0
0 0 4 0
0 0 3 0
0 0 3 0
0 0 3 0
0 0 3 0
0 0 1 0
0 0 3 0
0 0 2 0
0 0 3 0
0 0 3 0
0 0 3 0
0 0 3 0
0 0 3 0
0 0 3 0
0 0 3 0
0 0 3 0
0 0 3 0
0 0 4 0
0 0 3 0
0 0 4 0
0 0 3 0
0 0 4 0
0 0 4 0
0 0 3 0
0 0 4 0
0 0 3 0
0 0 4 0
0 0 3 0
0 0 3 0
0 0 4 0
0 0 3 0
0 0 3 0
0 0 4 0
0 0 3 0
0 0 3 0
0 0 3 0
0 0 3 0
0 0 3 0
0 0 3 0
0 0 3 0
0 0 4 0
0 0 3 0
0 0 3 0
0 0 3 0
0 0 3 0
0 0 3 0
0 0 3 0
0 0 4 0
0 0 3 0
0 0 4 0
0 0 3 0
0 0 3 0
0 0 4 0
0 0 3 0
0 0 3 0
0 0 3 0
0 0 2 0
0 0 2 0
0 0 3 0
0 0 2 0
0 0 2 0
0 0 3 0
0 0 2 0
0 0 3 0
0 0 3 0
0 0 3 0
0 0 3 0
0 0 3 0
0 0 3 0
0 0 4 0
0 0 2 0
0 0 4 0
0 0 3 0
0 0 4 0
0 0 3 0
0 0 4 0
0 0 4 0
0 0 3 0
0 0 3 0
0 0 3 0
0 0 3 0
0 0 3 0
0 0 4 0
0 0 3 0
0 0 4 0
0 0 4 0
0 0 4 0
0 0 3 0
0 0 4 0
0 0 3 0
0 0 4 0
0 0 3 0
0 0 4 0
0 0 3 0
0 0 3 0
0 0 3 0
0 0 2 0
0 0 3 0
0 0 3 0
0 0 3 0
0 0 2 0
0 0 3 0
0 0 2 0
0 0 3 0
0 0 2 0
0 0 3 0
0 0 3 0
0 0 3 0
0 0 3 0
0 0 3 0
0 0 3 0
0 0 2 0
0 0 3 0
0 0 3 0
0 0 3 0
0 0 2 0
0 0 3 0
0 0 2 0
0 0 3 0
0 0 2 0
0 0 3 0
0 0 4 0
0 0 3 0
0 0 3 0
0 0 3 0
0 0 2 0
0 0 3 0
0 0 2 0
0 0 3 0
0 0 3 0
0 0 3 0
0 0 3 0
0 0 3 0
0 0 3 0
0 0 3 0
0 0 3 0
0 0 3 0
0 0 2 0
0 0 3 0
0 0 3 0
0 0 3 0
0 0 3 0
0 0 3 0
0 0 3 0
0 0 2 0
0 0 3 0
0 0 3 0
0 0 3 0
0 0 3 0
0 0 3 0
0 0 3 0
0 0 3 0
0 0 3 0
0 0 3 0
0 0 3 0
0 0 2 0
0 0 3 0
0 0 3 0
0 0 3 0
386.9 0 4 1
386.08 0 1 0
383.55 0 0 0
382.81 0 0 0
380.49 0 0 0
379.735 0 0 0
377.83 0 0 0
376.57 0 0 0
374.79 0 0 0
373.69 0 0 0
371.985 0 0 0
370.895 0 0 0
369.44 0 0 0
365.695 0 0 0
365.37 0 0 0
362.845 0 0 0
362.36 0 0 0
361.28 0 0 0
358.7 0 0 0
356.07 0 0 0
355.865 0 0 0
353.49 0 0 0
351.625 0 0 0
351.09 0 0 0
347.62 0 0 0
347.64 0 0 0
345.43 0 0 0
345.27 0 0 0
343.6 0 0 0
343.795 0 0 0
341.99 0 0 0
341.965 0 0 0
339.83 0 0 0
339.5 0 0 0
337.08 0 0 0
336.61 0 0 0
334.045 0 0 0
333.645 0 0 0
331.99 0 0 0
331.255 0 0 0
329.27 0 0 0
328.905 0 0 0
326.665 0 0 0
326.615 0 0 0
325.48 0 0 0
324.535 0 0 0
322.365 0 0 0
321.88 0 0 0
318.925 0 0 0
318.37 0 0 0
314.85 0 0 0
314.565 0 0 0
312.46 0 0 0
311.84 0 0 0
309.64 0 0 0
307.09 0 0 0
306.49 0 0 0
303.405 0 0 0
303.19 0 0 0
301.85 0 0 0
301.04 0 0 0
299.825 0 0 0
298.475 0 0 0
297.725 0 0 0
296.58 0 0 0
295.795 0 0 0
294.38 0 0 0
294.1 0 0 0
292.65 0 0 0
291.315 0 0 0
290.89 0 0 0
289.455 0 0 0
288.425 0 0 0
287.875 0 0 0
286.555 0 0 0
285.505 0 0 0
284.265 0 0 0
283.415 0 0 0
281.505 0 0 0
281.22 0 0 0
277.805 0 0 0
277.435 0 0 0
275.33 0 0 0
275.275 0 0 0
274.08 0 0 0
272.855 0 0 0
271.335 0 0 0
269.51 0 0 0
269.17 0 0 0
268.12 0 0 0
266.57 0 0 0
264.9 0 0 0
263.215 0 0 0
262.165 0 0 0
261.2 0 0 0
260.415 0 0 0
259.29 0 0 0
258.38 0 0 0
255.92 0 0 0
255.18 0 0 0
253.845 0 0 0
252.865 0 0 0
250.99 0 0 0
249.545 0 0 0
246.84 0 0 0
245.915 0 0 0
245.29 0 0 0
242.98 0 0 0
241.925 0 0 0
239.405 0 0 0
237.79 0 0 0
236.45 0 0 0
235.76 0 0 0
234.45 0 0 0
233.43 0 0 0
231.455 0 0 0
230.305 0 0 0
229.29 0 0 0
227.75 0 0 0
227.365 0 0 0
224.025 0 0 0
223.93 0 0 0
222.235 0 0 0
221.655 0 0 0
219.885 0 0 0
218.86 0 0 0
217.56 0 0 0
215.17 0 0 0
214.52 0 0 0
213.145 0 0 0
211.96 0 0 0
211.21 0 0 0
208.825 0 0 0
208.19 0 0 0
206.8 0 0 0
205.24 0 0 0
204.715 0 0 0
202.37 0 0 0
201.64 0 0 0
199.685 0 0 0
198.665 0 0 0
195.81 0 0 0
195.01 0 0 0
192.225 0 0 0
191.195 0 0 0
188.57 0 0 0
187.95 0 0 0
185.225 0 0 0
183.59 0 0 0
182.545 0 0 0
180.115 0 0 0
178.875 0 0 0
177.195 0 0 0
175.365 0 0 0
173.05 0 0 0
171.865 0 0 0
170.695 0 0 0
169.355 0 0 0
168.055 0 0 0
165.86 0 0 0
164.135 0 0 0
162.73 0 0 0
161.655 0 0 0
160.275 0 0 0
159.67 0 0 0
156.635 0 0 0
155.895 0 0 0
154.11 0 0 0
153.15 0 0 0
152.335 0 0 0
151.29 0 0 0
149.875 0 0 0
149.14 0 0 0
146.7 0 0 0
145.915 0 0 0
142.76 0 0 0
142.06 0 0 0
138.74 0 0 0
138.23 0 0 0
134.995 0 0 0
134.245 0 0 0
130.995 0 0 0
130.585 0 0 0
128.565 0 0 0
127.245 0 0 0
125.07 0 0 0
123.57 0 0 0
121.625 0 0 0
120.015 0 0 0
118.92 0 0 0
118.685 0 0 0
117.18 0 0 0
115.75 0 0 0
114.785 0 0 0
113.415 0 0 0
113 0 0 0
112.285 0 0 0
111.105 0 0 0
110.585 0 0 0
109.78 0 0 0
110.235 0 0 0
110.555 0 0 0
110.6 0 0 0
110.32 0 0 0
110.11 0 0 0
109.41 0 0 0
109.09 0 0 0
108.845 0 0 0
108.5 0 0 0
108.09 0 0 0
107.35 0 0 0
106.395 0 0 0
105.855 0 0 0
105.305 0 0 0
104.93 0 0 0
104.265 0 0 0
103.595 0 0 0
102.705 0 0 0
102.28 0 0 0
101.51 0 0 0
100.695 0 0 0
100.02 0 0 0
98.98 0 0 0
98.415 0 0 0
98.205 0 0 0
97.405 0 0 0
96.785 0 0 0
96.12 0 0 0
95.305 0 0 0
94.505 0 0 0
93.78 0 0 0
93.215 0 0 0
92.71 0 0 0
92.36 0 0 0
91.875 0 0 0
91.72 0 0 0
91.1 0 0 0
91.045 0 0 0
90.67 0 0 0
90.415 0 0 0
89.745 0 0 0
89.31 0 0 0
89.15 0 0 0
88.65 0 0 0
88.075 0 0 0
87.7 0 0 0
87.09 0 0 0
86.615 0 0 0
86.83 0 0 0
86.18 0 0 0
85.8 0 0 0
85.165 0 0 0
84.925 0 0 0
84.605 0 0 0
83.845 0 0 0
83.125 0 0 0
82.57 0 0 0
81.675 0 0 0
81.535 0 0 0
81.705 0 0 0
81.235 0 0 0
80.84 0 0 0
80.635 0 0 0
80.55 0 0 0
80.585 0 0 0
80.685 0 0 0
80.645 0 0 0
80.14 0 0 0
80.24 0 0 0
79.965 0 0 0
79.92 0 0 0
79.515 0 0 0
79.195 0 0 0
78.86 0 0 0
78.415 0 0 0
78.1 0 0 0
77.445 0 0 0
77.67 0 0 0
77.59 0 0 0
77.495 0 0 0
77.5 0 0 0
77.65 0 0 0
77.315 0 0 0
77.225 0 0 0
77.145 0 0 0
77.06 0 0 0
77.125 0 0 0
77.2 0 0 0
77.3 0 0 0
77.39 0 0 0
77.46 0 0 0
77.865 0 0 0
77.605 0 0 0
77.65 0 0 0
77.55 0 0 0
77.18 0 0 0
77.13 0 0 0
77.15 0 0 0
77.125 0 0 0
77.135 0 0 0
77.135 0 0 0
77.17 0 0 0
77.165 0 0 0
77.085 0 0 0
76.985 0 0 0
77.47 0 0 0
77.055 0 0 0
77.065 0 0 0
76.865 0 0 0
76.66 0 0 0
76.525 0 0 0
76.26 0 0 0
76.1 0 0 0
75.98 0 0 0
75.72 0 0 0
75.765 0 0 0
75.605 0 0 0
75.185 0 0 0
75.07 0 0 0
74.805 0 0 0
74.62 0 0 0
74.235 0 0 0
74.175 0 0 0
74.27 0 0 0
74.365 0 0 0
74.435 0 0 0
74.655 0 0 0
74.68 0 0 0
74.77 0 0 0
74.94 0 0 0
74.825 0 0 0
74.98 0 0 0
74.845 0 0 0
74.915 0 0 0
75.05 0 0 0
75.145 0 0 0
74.925 0 0 0
74.67 0 0 0
74.74 0 0 0
74.74 0 0 0
74.735 0 0 0
74.665 0 0 0
74.86 0 0 0
75.31 0 0 0
75.86 0 0 0
75.85 0 0 0
75.875 0 0 0
75.67 0 0 0
75.735 0 0 0
75.855 0 0 0
76.08 0 0 0
76.265 0 0 0
76.18 0 0 0
76.31 0 0 0
76.4 0 0 0
76.28 0 0 0
76.365 0 0 0
76.32 0 0 0
76.345 0 0 0
76.51 0 0 0
76.475 0 0 0
76.36 0 0 0
76.335 0 0 0
76.325 0 0 0
76.04 0 0 0
76.35 0 0 0
76.615 0 0 0
76.51 0 0 0
76.66 0 0 0
76.655 0 0 0
76.865 0 0 0
76.8 0 0 0
76.905 0 0 0
77.055 0 0 0
77.12 0 0 0
77.04 0 0 0
77.03 0 0 0
77.205 0 0 0
77.105 0 0 0
77.14 0 0 0
77.115 0 0 0
77.155 0 0 0
76.96 0 0 0
76.99 0 0 0
77.01 0 0 0
77.115 0 0 0
77.15 0 0 0
77.24 0 0 0
77.095 0 0 0
77.295 0 0 0
77.35 0 0 0
77.285 0 0 0
77.345 0 0 0
77.285 0 0 0
77.32 0 0 0
77.14 0 0 0
76.985 0 0 0
76.835 0 0 0
76.9 0 0 0
76.66 0 0 0
76.665 0 0 0
76.47 0 0 0
76.615 0 0 0
76.76 0 0 0
76.755 0 0 0
76.83 0 0 0
76.695 0 0 0
76.815 0 0 0
76.69 0 0 0
76.965 0 0 0
77.065 0 0 0
77.36 0 0 0
77.405 0 0 0
77.4 0 0 0
77.12 0 0 0
77.1 0 0 0
77.1 0 0 0
77.13 0 0 0
77.06 0 0 0
77.21 0 0 0
77.58 0 0 0
77.335 0 0 0
77.59 0 0 0
77.585 0 0 0
77.51 0 0 0
77.525 0 0 0
77.415 0 0 0
77.81 0 0 0
77.78 0 0 0
77.8 0 0 0
78.01 0 0 0
78.11 0 0 0
78.045 0 0 0
77.71 0 0 0
77.71 0 0 0
77.5 0 0 0
77.605 0 0 0
77.17 0 0 0
77.04 0 0 0
77.025 0 0 0
77.245 0 0 0
76.96 0 0 0
76.87 0 0 0
77.02 0 0 0
76.71 0 0 0
76.915 0 0 0
77.035 0 0 0
76.91 0 0 0
76.74 0 0 0
77.04 0 0 0
77.06 0 0 0
77.045 0 0 0
76.94 0 0 0
77.13 0 0 0
77.01 0 0 0
76.81 0 0 0
76.715 0 0 0
76.665 0 0 0
76.335 0 0 0
75.84 0 0 0
75.955 0 0 0
75.89 0 0 0
75.965 0 0 0
75.8 0 0 0
75.74 0 0 0
75.695 0 0 0
75.855 0 0 0
76 0 0 0
75.81 0 0 0
75.755 0 0 0
75.44 0 0 0
75.565 0 0 0
75.515 0 0 0
75.21 0 0 0
75.2 0 0 0
75.285 0 0 0
75.275 0 0 0
75.095 0 0 0
75.01 0 0 0
74.785 0 0 0
74.865 0 0 0
74.535 0 0 0
74.635 0 0 0
74.485 0 0 0
74.45 0 0 0
74.515 0 0 0
74.66 0 0 0
74.47 0 0 0
74.5 0 0 0
74.22 0 0 0
74.1 0 0 0
73.39 0 0 0
73.855 0 0 0
73.815 0 0 0
74.045 0 0 0
74.39 0 0 0
74.395 0 0 0
74.285 0 0 0
74.445 0 0 0
74.33 0 0 0
74.38 0 0 0
74.195 0 0 0
74.205 0 0 0
74.17 0 0 0
74.295 0 0 0
74.005 0 0 0
74.225 0 0 0
73.965 0 0 0
74.315 0 0 0
74.32 0 0 0
74.295 0 0 0
74.375 0 0 0
74.475 0 0 0
74.665 0 0 0
74.77 0 0 0
74.7 0 0 0
74.565 0 0 0
74.68 0 0 0
74.49 0 0 0
74.455 0 0 0
74.47 0 0 0
74.575 0 0 0
74.995 0 0 0
75.005 0 0 0
75.37 0 0 0
75.57 0 0 0
75.425 0 0 0
75.465 0 0 0
75.51 0 0 0
75.44 0 0 0
75.465 0 0 0
75.235 0 0 0
75.235 0 0 0
75.185 0 0 0
74.99 0 0 0
74.85 0 0 0
74.97 0 0 0
74.925 0 0 0
74.745 0 0 0
74.495 0 0 0
74.34 0 0 0
74.21 0 0 0
73.995 0 0 0
73.53 0 0 0
73.01 0 0 0
73.035 0 0 0
73.08 0 0 0
73.24 0 0 0
73.065 0 0 0
72.775 0 0 0
72.625 0 0 0
72.52 0 0 0
72.835 0 0 0
72.875 0 0 0
72.73 0 0 0
72.72 0 0 0
72.825 0 0 0
73.185 0 0 0
73.355 0 0 0
73.115 0 0 0
72.805 0 0 0
72.895 0 0 0
72.75 0 0 0
72.88 0 0 0
72.74 0 0 0
72.34 0 0 0
72.015 0 0 0
72.2 0 0 0
72.17 0 0 0
71.935 0 0 0
71.765 0 0 0
71.915 0 0 0
71.885 0 0 0
71.85 0 0 0
71.795 0 0 0
71.89 0 0 0
71.875 0 0 0
72.05 0 0 0
72.29 0 0 0
72.485 0 0 0
72.54 0 0 0
72.755 0 0 0
72.8 0 0 0
73.025 0 0 0
73.005 0 0 0
72.64 0 0 0
72.81 0 0 0
72.54 0 0 0
72.655 0 0 0
72.59 0 0 0
72.37 0 0 0
72.23 0 0 0
71.91 0 0 0
71.695 0 0 0
71.365 0 0 0
71.335 0 0 0
71.49 0 0 0
71.34 0 0 0
71.28 0 0 0
71.39 0 0 0
71 0 0 0
71.09 0 0 0
70.8 0 0 0
70.68 0 0 0
70.455 0 0 0
70.34 0 0 0
70.13 0 0 0
69.87 0 0 0
69.755 0 0 0
69.14 0 0 0
