0.00 0.00 0.00
39.02 0.00 0.00
25.01 0.00 0.00
0.00 0.00 0.00
0.00 0.00 0.00
0.00 1.75 0.00
0.00 1.00 0.00
7.03 13.25 0.00
46.86 0.00 0.00
74.65 0.00 0.00
79.66 0.00 0.43
78.90 0.00 0.00
80.66 0.00 0.00
78.90 0.00 0.00
83.41 0.25 0.13
90.43 0.00 0.00
93.69 0.00 0.00
94.94 0.00 0.00
92.19 0.00 0.00
93.44 0.00 0.00
94.44 0.00 0.00
89.93 0.00 0.00
91.68 0.25 0.25
98.20 0.00 0.00
96.44 0.00 0.00
97.19 0.00 0.00
98.95 0.00 0.00
96.19 0.00 0.00
97.44 0.00 0.00
95.94 0.00 0.00
42.85 0.25 0.25
16.56 11.50 11.68
17.07 0.25 0.25
16.81 12.75 12.95
18.32 0.25 0.25
18.07 15.25 15.55
17.82 0.25 0.26
17.82 0.25 0.26
17.57 0.25 0.25
17.57 15.25 15.49
18.82 0.25 0.26
19.32 0.25 0.26
19.07 3.00 4.32
18.07 11.00 9.93
18.32 0.25 0.28
17.32 15.00 15.23
16.56 15.50 15.91
17.32 0.25 0.26
17.07 0.25 0.26
17.07 15.50 15.79
17.07 0.25 0.26
17.57 0.25 0.26
17.07 20.50 20.98
18.07 0.25 0.26
17.07 4.75 6.86
18.82 14.50 12.89
19.33 0.25 0.26
19.07 0.25 0.26
19.07 0.25 0.26
19.07 0.25 0.26
17.32 23.00 23.65
17.32 12.25 15.74
16.81 7.00 3.57
16.56 17.75 17.98
17.32 0.25 0.26
17.57 0.25 0.26
17.57 15.25 15.59
17.07 0.25 0.26
17.32 0.25 0.26
17.32 0.25 0.26
18.07 15.25 15.66
18.82 0.25 0.26
18.82 0.50 0.52
18.57 16.00 16.50
18.82 13.50 13.92
18.57 0.25 0.29
18.32 0.25 0.26
17.32 14.75 15.21
17.07 0.25 0.26
17.07 15.25 15.73
16.81 0.25 0.27
17.07 0.50 0.52
17.32 14.50 17.28
17.82 17.50 15.72
19.07 14.75 15.21
19.07 0.25 0.26
18.82 16.75 17.27
18.32 0.25 0.26
17.57 16.25 16.50
17.82 0.25 0.26
17.82 0.25 0.26
17.57 0.25 0.26
17.06 0.25 0.26
16.81 18.50 19.08
17.07 0.25 0.26
17.32 0.25 0.26
16.56 18.50 18.56
18.07 19.00 19.08
18.57 0.75 0.26
18.07 6.75 7.74
18.57 10.75 9.80
18.32 0.25 0.26
18.07 17.00 16.76
18.32 0.25 0.26
17.82 0.25 0.26
17.82 0.25 0.26
16.81 16.00 16.00
17.07 0.25 0.26
17.06 0.25 0.26
16.81 0.50 0.52
16.56 0.25 0.26
16.65 0.25 0.26
16.31 15.00 17.79
16.56 2.50 0.26
17.07 0.25 0.26
16.81 0.25 0.26
17.57 0.25 0.26
17.82 0.25 0.26
17.32 0.25 0.26
17.82 0.25 0.26
18.07 15.50 15.98
18.57 0.25 0.26
18.07 7.75 8.52
17.82 10.25 9.80
18.32 0.50 0.26
18.57 0.25 0.26
18.32 14.00 14.18
18.57 0.25 0.26
18.82 0.25 0.26
18.32 0.50 0.52
18.57 0.25 0.26
18.07 15.00 15.47
17.32 15.50 15.98
17.57 0.25 0.26
17.82 16.00 16.50
17.57 0.25 0.26
17.82 15.75 16.24
18.57 0.25 0.28
18.07 15.25 15.73
18.57 0.25 0.26
18.82 0.25 0.26
18.82 0.25 0.26
17.57 17.75 18.05
18.32 0.25 0.26
18.32 0.25 0.26
18.32 0.50 0.52
18.07 0.25 0.26
18.32 0.25 0.26
17.57 0.25 0.26
17.82 0.25 0.26
17.82 0.75 0.26
17.82 0.50 0.26
17.82 19.00 19.08
17.32 0.50 0.52
17.82 0.25 0.26
17.82 0.25 0.26
18.32 0.25 0.26
18.07 0.25 0.26
17.07 16.75 17.27
18.07 0.25 0.26
17.57 15.00 15.47
18.57 0.25 0.26
18.07 0.50 0.52
17.32 0.25 0.26
17.82 15.00 15.47
19.07 0.25 0.26
18.32 0.25 0.26
17.82 0.25 0.26
17.57 0.25 0.27
18.07 16.75 17.27
17.82 2.00 2.32
17.32 16.25 15.99
18.07 0.25 0.26
18.32 0.25 0.26
17.82 17.00 17.27
18.32 0.25 0.26
18.07 15.75 16.24
17.07 0.25 0.26
17.32 15.00 15.47
17.82 16.50 17.02
17.32 0.50 0.52
17.32 13.75 14.70
17.07 3.00 2.32
17.07 0.50 0.26
17.82 0.25 0.26
18.32 17.00 17.27
18.82 0.25 0.26
17.07 19.50 19.34
17.07 0.25 0.26
17.07 18.50 18.30
17.57 0.25 0.26
17.32 23.50 26.55
17.82 12.25 9.54
16.56 17.25 17.53
17.57 0.50 0.26
17.57 0.25 0.26
17.32 0.25 0.26
19.07 0.25 0.26
18.07 16.00 16.26
18.57 0.25 0.26
18.07 18.00 18.31
17.82 0.25 0.26
17.32 17.00 17.53
17.07 16.00 16.50
17.57 13.25 13.66
16.56 0.25 0.26
17.07 0.25 0.26
17.07 0.25 0.26
16.31 16.50 17.02
18.57 0.25 0.26
18.82 0.25 0.26
18.07 17.25 18.05
17.82 13.75 13.92
17.07 14.75 15.21
17.32 0.25 0.26
17.82 15.00 15.47
17.32 16.75 17.27
17.57 0.25 0.26
16.82 15.25 15.73
18.57 0.25 0.26
18.57 0.25 0.26
18.32 6.00 7.48
18.57 13.25 12.38
17.82 15.50 15.98
18.32 0.25 0.26
17.07 0.25 0.26
16.56 18.50 18.56
16.82 16.00 16.50
17.07 0.25 0.28
17.32 0.25 0.26
17.32 0.25 0.26
17.57 0.25 0.26
17.32 14.75 15.21
17.07 0.50 0.52
17.82 0.25 0.26
17.82 0.25 0.26
18.32 0.25 0.26
17.32 16.75 17.27
18.57 0.25 0.26
18.82 15.50 15.73
18.82 0.25 0.26
18.32 0.50 0.52
18.32 0.25 0.26
18.07 0.25 0.26
18.32 0.50 0.26
18.57 0.25 0.26
17.57 14.25 14.44
17.57 0.25 0.26
17.32 0.25 0.26
17.82 0.50 0.52
17.32 16.00 16.50
17.82 0.50 0.26
17.07 0.75 0.26
17.07 0.25 0.26
17.32 0.25 0.26
17.32 16.75 17.27
17.32 0.25 0.26
17.32 13.75 14.18
17.57 0.25 0.26
18.32 0.25 0.27
18.57 0.50 0.52
18.32 0.25 0.26
17.57 16.25 16.76
18.07 0.25 0.26
19.32 0.25 0.26
18.57 0.25 0.26
18.82 0.25 0.26
18.57 0.50 0.52
18.07 0.25 0.26
17.57 17.25 17.79
18.07 0.25 0.26
18.32 0.25 0.26
18.32 0.25 0.26
17.82 0.25 0.26
17.32 0.25 0.26
17.57 0.50 0.52
16.81 7.75 10.83
17.32 8.50 5.68
17.07 0.25 0.26
18.32 0.25 0.26
17.07 0.25 0.26
17.57 0.25 0.26
17.07 17.75 17.53
17.57 0.25 0.26
17.57 0.50 0.26
18.57 0.75 0.26
17.57 1.50 3.36
18.32 15.25 13.66
18.07 0.50 0.26
18.07 0.25 0.26
17.57 0.25 0.27
18.07 19.00 19.34
18.32 0.25 0.26
18.57 14.75 15.21
19.07 0.50 0.52
19.32 0.25 0.26
18.82 0.25 0.26
19.07 0.25 0.26
18.57 0.25 0.26
19.07 0.25 0.52
17.57 0.50 0.26
17.32 18.25 18.05
18.57 0.75 0.26
17.82 0.25 0.26
18.07 0.50 0.26
17.82 0.25 0.26
17.82 0.25 0.26
17.82 0.25 0.26
16.31 18.75 19.08
17.57 0.50 0.52
17.82 12.00 13.15
18.07 5.00 3.61
18.57 0.25 0.26
17.32 0.25 0.26
17.32 0.25 0.26
18.07 0.25 0.26
17.82 0.50 0.26
18.57 0.25 0.26
17.32 4.50 7.48
18.57 13.25 10.57
17.82 0.50 0.27
18.07 0.25 0.26
18.32 0.25 0.26
17.32 16.00 16.24
18.07 0.25 0.26
17.57 0.50 0.26
18.07 0.25 0.26
17.82 0.50 0.52
18.07 18.00 18.30
18.82 0.25 0.26
17.82 17.75 17.79
18.07 0.50 0.26
18.07 0.25 0.26
17.57 0.25 0.26
18.32 14.50 14.95
18.07 0.75 0.52
18.82 0.25 0.26
18.14 0.25 0.26
17.82 0.25 0.26
18.32 0.25 0.26
18.07 18.75 19.34
17.57 0.25 0.26
16.56 20.25 20.37
17.07 0.25 0.26
18.07 16.00 16.50
18.57 16.50 17.02
19.32 0.25 0.26
18.82 0.25 0.26
17.57 14.75 15.21
18.07 0.25 0.26
17.57 18.00 18.06
18.32 1.00 0.52
17.32 16.00 16.50
16.56 19.25 19.34
17.07 0.25 0.26
16.31 18.25 18.30
18.07 0.25 0.26
19.07 14.50 14.95
18.07 0.25 0.26
18.82 0.25 0.26
17.57 15.50 15.98
17.82 0.50 0.52
18.07 15.25 15.73
18.32 0.25 0.26
18.82 0.25 0.26
18.07 0.25 0.26
17.82 17.50 18.05
17.57 0.25 0.26
17.32 0.25 0.26
17.32 18.00 19.08
17.57 15.50 14.96
17.57 0.25 0.26
18.07 0.25 0.26
18.32 0.25 0.26
18.82 0.25 0.26
18.07 16.00 16.24
18.57 0.25 0.26
18.07 15.50 15.99
17.57 0.25 0.26
18.32 0.25 0.26
18.32 16.50 17.02
17.82 0.25 0.28
18.07 0.25 0.26
17.07 15.50 15.98
17.32 0.25 0.26
17.32 0.25 0.26
18.07 16.75 17.27
17.57 9.00 10.58
18.07 8.25 7.22
17.82 16.75 17.27
18.07 0.25 0.26
18.32 18.50 18.56
18.32 15.75 16.24
17.82 0.25 0.26
17.32 18.50 18.56
17.57 17.25 17.54
17.32 0.75 0.26
17.32 0.50 0.26
17.32 0.75 0.26
17.32 0.25 0.26
16.82 15.50 15.98
18.57 0.25 0.26
17.82 0.25 0.26
17.07 0.25 0.26
17.82 0.25 0.26
18.32 0.25 0.26
17.57 6.50 7.48
18.57 25.75 25.78
17.57 13.50 13.92
18.07 0.25 0.26
17.32 0.25 0.26
17.82 0.25 0.27
18.07 0.25 0.26
17.57 0.25 0.26
17.82 0.25 0.26
18.32 0.50 0.52
17.32 0.25 0.26
18.32 0.25 0.26
17.57 16.75 17.02
17.32 0.25 0.26
17.32 0.25 0.26
17.82 15.50 15.98
17.82 0.25 0.26
16.81 0.25 0.26
17.07 18.25 18.56
17.32 0.25 0.26
17.32 0.50 0.52
17.82 0.25 0.26
17.32 17.75 18.05
18.32 0.75 0.26
18.57 0.25 0.26
17.43 15.00 15.21
17.96 0.25 0.26
19.32 0.25 0.26
18.57 0.50 0.52
19.33 0.25 0.26
19.32 0.25 0.26
18.57 0.25 0.26
19.07 0.50 0.26
18.57 0.25 0.26
17.06 20.75 22.43
17.32 13.00 12.12
17.32 0.25 0.27
17.32 0.25 0.26
17.07 19.50 19.85
17.57 0.25 0.26
17.82 0.25 0.26
17.57 0.25 0.26
15.31 15.50 15.73
17.07 0.25 0.26
17.57 0.25 0.26
17.82 0.50 0.26
18.07 0.25 0.26
17.57 0.50 0.52
18.57 0.25 0.26
17.57 18.00 18.56
18.32 0.25 0.26
18.07 0.25 0.26
17.32 0.25 0.26
18.57 0.25 0.26
18.07 15.75 16.24
17.57 8.50 10.84
17.32 11.00 8.77
16.81 0.50 0.26
16.81 0.25 0.26
17.07 0.25 0.26
17.32 0.25 0.26
17.32 0.25 0.26
16.81 14.00 14.18
16.81 0.50 0.26
17.57 0.25 0.26
17.57 0.25 0.26
17.82 0.25 0.27
17.07 0.25 0.26
17.82 0.25 0.26
18.32 0.50 0.52
18.32 0.25 0.26
17.32 18.75 18.30
17.07 0.50 0.26
17.82 0.25 0.26
17.82 0.25 0.26
17.82 0.25 0.26
18.32 0.25 0.26
16.81 18.25 18.56
17.82 0.75 0.52
18.07 0.25 0.26
17.57 18.75 19.34
18.57 0.25 0.26
18.57 0.25 0.26
17.57 15.75 15.98
17.82 0.50 0.26
17.07 0.25 0.26
17.82 0.25 0.26
17.07 0.25 0.27
17.07 0.50 0.52
16.81 14.75 17.02
17.32 3.50 1.55
17.57 18.00 17.79
17.82 0.25 0.26
17.82 0.50 0.26
17.57 0.25 0.26
18.07 0.25 0.26
17.07 0.50 0.26
17.32 0.25 0.27
17.57 0.25 0.26
16.81 15.75 15.99
17.57 0.50 0.52
18.07 15.25 15.73
18.07 0.25 0.26
17.82 0.25 0.26
18.32 0.25 0.26
17.82 17.50 17.53
18.57 0.25 0.26
18.32 0.75 0.52
18.07 0.25 0.26
17.07 18.00 18.30
17.57 0.25 0.26
17.57 18.00 17.53
17.07 18.00 17.79
17.07 0.50 0.26
16.82 0.75 0.26
17.07 0.25 0.26
16.31 16.50 16.76
16.81 0.25 0.26
16.81 0.25 0.26
17.07 0.25 0.26
17.57 0.50 0.26
17.32 0.25 0.26
17.32 0.50 0.52
17.82 13.50 14.44
17.82 1.00 0.52
18.07 0.25 0.26
18.32 0.25 0.26
17.32 14.75 15.21
17.57 0.25 0.27
18.57 0.25 0.26
17.39 0.25 0.26
18.07 0.50 0.52
17.57 15.50 15.98
17.07 0.25 0.26
17.32 0.25 0.26
17.82 14.25 14.70
18.07 0.25 0.26
18.57 0.25 0.26
17.32 0.25 0.26
17.07 15.00 15.47
16.31 16.50 16.24
16.82 0.25 0.26
16.31 0.25 0.26
17.07 0.25 0.26
16.82 0.50 0.52
17.32 0.50 0.26
17.32 0.50 0.26
17.32 0.75 0.26
17.07 0.25 0.26
17.32 0.25 0.26
17.82 0.25 0.26
17.82 0.25 0.26
17.32 0.25 0.26
17.06 19.50 19.34
18.32 0.25 0.26
17.57 15.50 15.73
17.82 0.50 0.52
17.57 0.25 0.26
18.07 0.25 0.27
18.82 0.25 0.26
18.07 0.25 0.26
18.07 0.25 0.26
17.57 15.25 15.73
18.07 0.25 0.26
17.82 0.50 0.52
17.57 0.25 0.26
17.82 0.25 0.26
17.07 0.25 0.26
17.32 0.25 0.26
17.82 14.25 14.70
17.57 0.25 0.26
18.07 0.25 0.26
17.07 0.25 0.26
17.32 16.00 16.24
17.32 0.50 0.26
17.57 0.50 0.52
17.32 0.50 0.26
17.57 0.25 0.26
16.82 16.50 16.76
17.57 0.25 0.26
17.32 0.25 0.26
17.32 0.25 0.26
17.32 0.25 0.26
17.32 0.25 0.26
17.32 0.25 0.26
18.32 0.25 0.26
17.82 14.50 14.96
18.57 0.25 0.26
18.07 0.25 0.27
18.07 14.75 15.21
18.82 0.25 0.26
18.07 14.50 14.95
17.57 0.25 0.26
17.32 0.25 0.26
17.57 14.75 15.21
17.57 7.75 8.77
17.07 21.00 21.91
16.31 1.75 0.77
16.56 0.25 0.26
17.07 0.25 0.26
17.32 0.25 0.26
16.82 17.00 17.53
18.57 16.00 16.50
17.82 15.75 16.24
17.82 0.25 0.26
16.56 18.50 18.56
17.57 0.25 0.26
17.57 0.25 0.26
18.32 0.50 0.52
18.57 0.25 0.26
18.57 0.25 0.26
18.57 0.25 0.26
18.57 0.25 0.26
17.57 0.50 0.26
18.07 0.25 0.26
18.07 0.50 0.52
16.82 13.50 15.21
16.82 6.25 4.64
17.07 0.50 0.26
16.81 0.75 0.27
17.32 0.25 0.26
17.32 14.00 14.18
17.32 0.25 0.26
17.82 0.50 0.26
17.57 0.25 0.26
17.57 0.25 0.26
18.32 0.25 0.26
16.82 13.50 13.41
19.07 0.50 0.52
19.07 0.25 0.26
19.33 0.25 0.26
18.32 15.75 16.24
17.57 0.25 0.26
17.82 15.00 15.47
17.57 14.75 15.46
17.32 8.50 10.06
17.82 7.00 5.68
16.81 0.25 0.26
17.82 0.25 0.26
17.82 0.25 0.26
17.82 16.50 16.76
17.82 0.25 0.26
17.57 0.75 0.26
18.32 0.25 0.26
18.07 14.75 14.96
17.82 0.25 0.26
17.57 0.50 0.26
17.82 0.25 0.26
18.57 0.25 0.26
18.32 0.25 0.27
19.32 0.25 0.26
17.82 15.00 15.21
18.07 0.50 0.52
18.32 0.25 0.26
18.07 0.25 0.26
18.07 0.25 0.26
17.57 15.00 15.21
17.07 0.25 0.26
17.82 0.25 0.26
17.82 0.25 0.26
17.82 0.25 0.26
17.32 0.50 0.52
17.07 0.25 0.26
17.57 0.25 0.26
17.57 0.25 0.26
17.57 19.50 19.34
18.07 0.25 0.26
17.07 18.00 18.05
18.07 0.25 0.26
18.07 0.25 0.26
17.82 0.25 0.26
17.82 1.00 0.52
18.07 0.25 0.26
17.07 16.00 16.24
18.32 0.25 0.26
18.32 0.25 0.26
17.57 0.25 0.26
16.81 0.25 0.26
17.57 0.25 0.26
17.82 0.25 0.26
17.57 0.25 0.27
17.32 0.50 0.52
16.81 6.00 7.74
17.57 9.00 7.73
17.82 17.00 17.27
18.07 0.25 0.26
17.32 18.25 18.05
17.57 0.50 0.26
18.32 0.25 0.26
17.57 16.25 16.50
18.32 0.25 0.26
18.32 0.50 0.52
18.32 0.25 0.26
18.07 13.75 14.18
17.57 0.25 0.26
18.57 0.25 0.26
17.82 0.25 0.26
17.57 13.00 13.41
18.07 0.25 0.26
17.82 0.50 0.52
17.82 0.25 0.26
17.57 0.25 0.26
17.57 0.25 0.26
17.32 0.25 0.26
17.32 0.25 0.26
17.06 0.25 0.26
17.07 0.25 0.26
16.31 0.25 0.26
16.81 0.25 0.26
17.57 0.25 0.26
17.82 15.50 15.98
17.82 0.25 0.27
17.57 0.50 0.52
17.32 16.00 16.24
17.32 0.25 0.26
17.32 0.50 0.26
17.82 0.25 0.26
18.07 0.25 0.26
18.07 0.25 0.26
17.57 15.25 15.47
17.57 0.25 0.26
18.07 0.25 0.26
17.82 0.50 0.52
17.82 14.25 14.70
18.57 0.25 0.26
18.57 0.25 0.26
18.82 0.25 0.26
17.32 14.00 14.44
18.32 0.25 0.26
17.32 0.25 0.26
17.32 0.50 0.52
17.32 14.75 15.73
16.65 0.99 0.51
16.82 0.25 0.26
17.82 14.25 14.70
17.57 0.25 0.26
17.82 0.25 0.26
17.32 0.25 0.26
17.07 16.50 16.76
17.07 0.25 0.26
17.57 0.25 0.26
17.57 0.25 0.27
15.56 17.75 17.79
17.82 0.50 0.52
17.32 0.50 0.26
18.07 0.25 0.26
18.07 0.50 0.26
17.07 0.25 0.26
18.07 0.25 0.26
17.07 15.75 15.98
17.82 0.25 0.26
17.82 0.25 0.26
16.82 18.25 18.30
17.82 0.25 0.26
17.57 0.50 0.52
17.57 0.50 0.26
17.32 0.25 0.26
16.06 16.00 16.24
17.57 0.25 0.26
18.07 13.00 13.41
18.57 0.25 0.26
18.57 0.25 0.26
17.57 0.25 0.26
17.57 0.25 0.26
17.07 15.00 15.47
17.82 12.25 12.63
18.32 0.25 0.26
17.57 0.25 0.26
18.57 0.25 0.26
17.32 17.50 17.79
17.82 0.50 0.26
18.07 0.25 0.26
17.57 0.25 0.27
17.57 14.50 14.70
17.82 0.25 0.26
17.57 0.25 0.26
17.07 0.25 0.26
16.81 0.25 0.26
17.57 0.25 0.26
16.56 0.50 0.26
17.07 0.25 0.26
17.07 15.75 16.24
17.32 0.25 0.26
18.57 0.25 0.26
18.07 0.25 0.26
18.07 0.50 0.52
17.32 17.25 17.53
18.07 0.25 0.26
17.32 0.25 0.26
17.32 0.25 0.26
18.07 0.25 0.26
17.07 15.25 15.47
18.07 0.25 0.26
18.07 0.25 0.26
18.07 0.25 0.26
18.07 0.50 0.52
18.07 0.25 0.26
17.57 0.25 0.26
18.32 0.25 0.26
17.32 18.25 18.82
17.82 0.25 0.26
18.07 0.25 0.26
17.57 0.25 0.27
17.32 17.50 17.79
18.57 0.50 0.52
17.82 0.25 0.26
17.57 15.50 15.98
16.81 0.25 0.26
17.07 0.25 0.26
17.32 17.00 17.27
18.07 0.25 0.26
17.82 14.25 14.70
17.32 0.25 0.26
17.57 0.25 0.26
18.32 0.50 0.52
17.82 0.25 0.26
17.57 16.50 17.02
17.57 0.25 0.26
18.32 0.25 0.26
17.57 0.25 0.26
17.82 0.25 0.26
18.07 15.50 15.73
18.32 0.50 0.26
18.82 0.50 0.52
19.07 0.25 0.26
18.57 0.25 0.26
18.32 0.25 0.26
16.81 0.25 0.26
18.07 15.00 15.21
18.57 0.25 0.26
18.32 0.50 0.52
18.32 0.50 0.26
17.07 0.25 0.26
17.06 13.50 13.68
17.82 0.25 0.26
17.07 0.25 0.26
17.07 0.25 0.26
16.06 17.75 18.05
17.32 0.25 0.26
17.82 0.25 0.26
17.82 15.75 16.24
17.82 0.25 0.26
17.57 0.50 0.52
18.07 0.25 0.26
17.82 0.25 0.26
17.57 14.25 14.70
18.07 0.25 0.26
17.82 0.25 0.26
18.82 0.25 0.26
18.82 15.75 16.24
16.82 8.75 10.57
18.07 11.75 10.32
17.57 0.25 0.26
17.57 0.25 0.26
17.82 0.75 0.26
18.32 0.25 0.26
17.07 16.50 17.02
17.07 0.25 0.26
18.07 0.25 0.26
17.32 14.75 15.21
17.82 0.50 0.52
17.82 0.25 0.26
17.82 0.25 0.26
18.57 0.25 0.27
18.32 14.50 14.95
18.57 0.25 0.26
18.57 0.25 0.26
17.07 18.00 18.05
18.32 0.75 0.52
18.07 15.00 15.47
18.82 0.25 0.26
18.32 0.25 0.26
17.57 0.25 0.26
18.07 0.25 0.26
17.32 16.50 17.02
17.32 0.25 0.26
16.81 0.25 0.26
17.07 13.50 13.92
17.57 0.50 0.52
17.57 14.50 14.95
18.32 0.25 0.26
18.32 0.25 0.26
18.07 14.75 15.21
19.58 0.25 0.26
19.58 0.50 0.52
19.07 0.25 0.26
18.57 0.25 0.26
17.82 14.50 14.95
17.82 0.25 0.26
18.82 0.25 0.26
18.57 14.25 14.70
18.07 0.50 0.52
18.07 0.25 0.26
17.57 14.75 15.22
17.32 0.25 0.26
16.81 0.25 0.26
16.82 0.25 0.26
17.07 0.25 0.26
17.82 0.25 0.26
17.57 16.00 16.50
17.32 0.25 0.26
17.57 0.25 0.26
17.57 0.25 0.26
18.07 9.50 11.87
18.32 8.75 6.70
19.07 0.25 0.26
18.07 14.75 15.21
17.07 0.25 0.26
17.07 17.00 17.02
18.07 0.50 0.26
18.57 0.75 0.26
18.57 0.50 0.52
18.32 0.25 0.26
18.82 0.25 0.26
17.82 14.75 14.95
18.07 0.25 0.26
17.82 0.25 0.26
17.07 16.50 16.76
17.32 0.25 0.26
16.56 0.50 0.26
17.32 0.50 0.52
17.07 14.75 15.21
17.82 13.75 14.18
18.57 0.25 0.27
18.57 0.25 0.26
18.57 0.25 0.26
18.57 0.25 0.26
18.32 0.25 0.26
18.07 13.25 13.67
17.89 0.25 0.26
18.32 0.25 0.26
17.82 0.25 0.26
17.07 12.75 13.15
17.57 0.25 0.26
17.82 0.25 0.26
18.07 0.25 0.26
19.58 0.50 0.52
18.07 13.50 13.92
18.32 0.25 0.26
17.82 0.25 0.26
17.57 15.75 16.24
17.32 0.25 0.26
16.81 15.25 15.73
17.07 0.25 0.26
17.32 0.25 0.26
17.57 0.25 0.26
17.32 15.50 15.98
17.07 0.50 0.52
18.32 17.25 17.27
18.82 0.25 0.26
19.07 0.25 0.26
18.32 0.50 0.26
18.07 0.75 0.26
17.82 0.25 0.26
17.82 20.50 20.64
18.57 16.75 16.76
18.82 0.50 0.26
18.07 0.25 0.26
17.32 0.25 0.26
17.06 18.00 18.30
17.07 0.25 0.26
17.32 16.00 16.50
17.32 18.75 18.56
18.82 15.50 15.98
18.32 0.50 0.52
18.07 17.75 18.05
18.57 0.50 0.26
18.57 0.25 0.26
18.07 18.25 18.56
18.82 0.25 0.26
17.57 0.25 0.26
17.82 0.50 0.52
16.81 12.25 13.41
17.32 3.75 2.84
17.07 0.25 0.26
17.06 0.50 0.26
17.57 0.25 0.26
17.07 0.25 0.26
17.57 0.25 0.26
16.82 16.25 16.50
18.07 0.25 0.26
18.07 0.25 0.26
18.07 0.25 0.26
17.57 9.00 11.86
18.07 8.00 5.42
18.82 0.25 0.27
18.82 0.25 0.26
18.07 0.25 0.26
18.82 0.25 0.26
18.57 0.25 0.52
18.32 13.75 14.96
18.32 2.50 1.55
18.07 16.75 17.27
18.57 0.25 0.26
18.07 14.25 14.70
17.57 0.25 0.26
17.32 0.25 0.26
17.07 0.25 0.26
16.31 18.00 18.56
17.82 24.50 25.00
18.32 11.50 10.84
18.57 0.25 0.26
18.07 0.50 0.26
19.32 0.25 0.26
18.82 0.50 0.26
18.32 0.25 0.26
17.32 17.75 18.05
17.57 0.25 0.26
19.07 0.25 0.26
18.07 15.00 15.47
17.82 18.50 18.56
17.57 0.25 0.26
17.57 0.25 0.26
18.32 0.25 0.26
17.06 0.25 0.26
17.82 22.25 23.74
18.07 21.00 20.88
18.32 0.25 0.26
18.07 0.25 0.26
18.82 15.25 15.73
17.82 15.00 15.47
18.32 15.75 16.24
17.07 0.25 0.26
17.32 21.00 22.43
18.57 12.00 11.61
18.57 14.75 15.21
18.57 0.25 0.26
16.56 0.25 0.26
19.07 0.25 0.26
18.57 0.25 0.26
18.32 2.50 3.10
17.82 13.25 13.15
17.57 0.25 0.26
18.82 0.25 0.26
17.06 18.75 19.08
17.82 0.25 0.26
18.07 0.25 0.26
16.31 16.00 16.50
18.07 0.25 0.26
17.57 0.25 0.26
17.82 0.50 0.52
16.31 10.25 11.61
15.81 8.50 7.73
17.57 0.25 0.26
17.57 0.25 0.26
17.82 0.25 0.27
18.07 0.25 0.26
17.82 0.25 0.26
17.82 0.25 0.26
17.57 0.25 0.26
17.32 0.25 0.26
17.82 0.25 0.26
16.06 16.25 16.24
17.07 1.00 0.52
17.57 0.25 0.26
18.07 0.25 0.26
18.07 0.25 0.26
17.82 0.25 0.26
18.32 0.25 0.26
18.32 0.25 0.26
18.07 0.25 0.26
17.32 15.50 15.73
16.56 0.25 0.26
18.32 0.50 0.52
18.32 15.25 15.73
18.57 0.25 0.26
18.07 0.25 0.26
18.07 0.25 0.26
18.82 0.25 0.26
18.07 0.25 0.26
18.57 0.50 0.52
17.82 16.25 16.76
16.56 0.25 0.26
17.32 0.25 0.26
17.32 0.25 0.26
17.57 16.75 17.27
17.57 0.25 0.27
15.81 15.75 16.24
17.57 0.25 0.26
17.57 15.25 15.47
18.32 0.25 0.26
17.82 0.75 0.52
17.82 0.25 0.26
18.57 0.25 0.26
18.07 0.25 0.26
18.57 0.25 0.26
17.57 0.25 0.26
17.07 17.00 17.53
18.57 0.25 0.26
18.32 0.50 0.52
18.57 0.25 0.26
18.07 15.75 16.24
16.81 0.25 0.26
17.32 13.00 13.41
17.57 0.25 0.26
17.32 0.25 0.26
16.81 0.25 0.26
17.07 0.25 0.26
17.06 17.75 18.05
17.07 0.25 0.26
17.32 0.25 0.26
16.81 16.75 16.76
17.32 0.75 0.52
17.32 0.25 0.26
17.57 0.25 0.26
18.07 0.25 0.26
17.82 0.25 0.26
17.07 0.25 0.27
17.06 18.25 18.56
16.81 21.00 20.88
18.32 0.25 0.26
17.82 0.25 0.26
16.82 0.25 0.26
17.07 15.25 15.47
17.57 0.50 0.52
17.32 0.25 0.26
17.07 0.25 0.26
16.81 0.25 0.26
17.07 0.25 0.26
17.07 0.75 0.26
17.82 0.25 0.26
17.07 16.75 17.02
17.32 0.25 0.26
17.07 0.25 0.26
17.07 17.00 17.02
17.82 0.75 0.26
18.07 0.25 1.04
16.81 14.00 13.66
17.32 14.25 14.70
16.31 0.25 0.26
17.64 0.25 0.26
18.07 0.25 0.26
17.57 15.25 15.73
18.57 0.25 0.26
17.82 0.25 0.26
17.82 0.25 0.26
17.32 16.75 17.02
17.32 0.25 0.54
17.07 10.50 12.38
17.57 6.00 3.87
16.31 0.50 0.26
17.07 0.25 0.26
17.32 0.25 0.26
17.57 0.25 0.26
17.57 0.25 0.26
17.57 0.25 0.26
18.32 0.25 0.26
18.07 0.25 0.26
17.82 0.25 0.26
17.57 17.75 18.05
17.82 0.25 0.26
18.07 0.25 0.26
16.81 18.25 18.56
18.32 0.25 0.26
17.82 0.25 0.26
17.82 0.50 0.26
17.57 0.25 0.26
16.06 20.25 20.62
17.32 0.25 0.26
17.82 0.25 0.26
17.57 0.50 0.52
16.81 17.25 19.08
17.32 3.50 1.80
17.57 0.25 0.26
17.57 0.25 0.26
17.57 0.25 0.26
17.57 17.25 17.53
17.57 0.25 0.26
17.07 0.50 0.27
18.32 0.25 0.26
18.07 1.50 1.81
18.07 12.50 12.63
17.57 0.25 0.26
18.07 0.25 0.26
18.32 0.25 0.26
18.57 0.50 0.26
18.57 0.25 0.26
16.81 16.00 16.50
17.57 15.75 16.24
17.32 2.25 3.36
17.07 22.50 23.72
17.82 5.50 4.12
16.82 13.25 13.66
17.82 0.25 0.26
18.07 0.25 0.26
18.07 18.00 18.30
19.07 0.25 0.26
17.82 0.25 0.26
17.82 17.50 18.05
17.07 18.00 17.79
17.07 0.25 0.26
17.57 15.00 14.95
17.32 0.25 0.26
18.07 0.25 0.26
18.07 0.25 0.26
17.82 0.25 0.26
17.32 0.25 0.26
17.07 0.25 0.26
17.07 15.50 15.48
17.82 14.00 14.44
18.32 0.50 0.52
18.07 0.25 0.26
18.07 0.25 0.26
17.82 14.75 15.21
18.82 0.25 0.26
17.57 17.75 17.79
17.07 0.50 0.26
17.57 0.25 0.26
17.32 0.25 0.26
17.57 17.50 18.05
17.57 0.25 0.26
17.82 0.25 0.26
15.31 17.25 17.53
17.32 0.25 0.26
17.57 0.50 0.26
17.32 0.25 0.26
17.32 0.25 0.26
16.31 15.00 15.21
17.57 0.25 0.26
18.07 0.25 0.26
18.57 0.25 0.26
17.82 0.50 0.52
18.07 0.25 0.26
17.57 0.25 0.26
18.07 0.25 0.26
18.07 0.25 0.26
17.32 18.00 18.56
18.57 0.25 0.26
18.82 0.25 0.26
19.58 0.50 0.54
18.82 16.75 17.27
18.32 0.25 0.26
18.07 14.75 15.21
16.82 0.25 0.26
17.57 0.25 0.26
17.57 0.25 0.26
17.07 0.25 0.26
17.32 0.25 0.26
17.07 13.25 13.67
17.06 0.25 0.26
17.32 0.25 0.26
18.07 0.25 0.26
17.82 0.25 0.26
16.31 0.25 0.26
17.32 0.25 0.26
17.32 0.25 0.26
16.56 14.00 14.44
17.07 13.50 13.92
17.57 0.25 0.26
18.32 0.25 0.26
17.07 0.25 0.26
17.82 0.50 0.52
18.07 0.25 0.26
17.82 15.50 15.98
18.57 0.25 0.26
18.32 0.25 0.26
18.07 15.25 15.73
18.82 0.25 0.26
17.82 0.50 0.52
17.82 0.25 0.27
18.07 0.25 0.26
17.57 0.25 0.26
18.07 0.25 0.26
17.07 15.75 16.24
18.07 0.25 0.26
17.82 0.25 0.26
17.07 0.25 0.26
16.81 0.25 0.26
16.31 0.25 0.26
16.56 15.50 15.98
16.56 0.25 0.26
16.81 0.25 0.26
17.32 14.75 15.21
17.57 0.25 0.26
18.57 14.75 15.21
18.07 0.25 0.26
18.82 0.25 0.26
18.82 0.25 0.26
18.32 0.25 0.26
18.57 7.25 8.77
19.07 9.25 8.25
19.07 0.25 0.26
18.32 0.25 0.26
17.82 0.25 0.26
17.32 18.00 18.30
17.32 0.25 0.26
17.57 0.25 0.26
17.32 0.50 0.52
17.07 0.25 0.26
17.57 16.25 16.50
17.82 0.25 0.27
17.82 0.50 0.26
18.32 0.25 0.26
17.32 0.25 0.26
16.31 18.25 18.56
17.07 0.25 0.26
17.07 0.25 0.26
17.57 0.25 0.26
17.32 0.25 0.26
17.32 15.25 15.73
17.07 0.25 0.26
16.81 0.25 0.26
17.32 0.25 0.26
16.31 18.75 19.08
18.32 0.25 0.26
18.82 0.25 0.26
18.32 18.25 18.30
18.32 0.25 0.26
16.81 15.00 15.47
18.32 0.25 0.26
17.57 0.50 0.52
17.82 0.25 0.26
17.82 14.50 14.95
17.57 0.25 0.26
18.07 0.25 0.26
17.57 0.25 0.26
17.07 0.25 0.26
17.07 0.25 0.26
16.31 0.25 0.26
16.06 19.50 20.11
17.57 0.25 0.26
16.81 17.00 17.29
17.32 0.25 0.26
17.57 0.50 0.52
18.07 0.25 0.26
18.07 0.25 0.26
18.32 0.25 0.26
17.82 16.50 16.76
17.57 0.25 0.26
19.07 0.25 0.26
18.32 2.00 2.33
18.07 16.25 15.47
17.64 15.84 16.08
17.32 0.25 0.26
18.32 15.25 15.73
17.57 0.25 0.26
16.56 0.25 0.26
16.81 0.25 0.26
16.81 15.00 15.47
17.32 17.75 17.79
17.82 0.50 0.26
18.07 0.75 0.26
17.07 8.25 12.38
17.32 7.25 3.36
18.07 0.25 0.26
18.32 0.25 0.26
18.07 0.25 0.26
18.82 0.25 0.26
17.82 15.75 16.24
18.57 0.25 0.26
18.07 14.50 14.96
17.57 0.25 0.26
17.32 0.25 0.28
15.31 14.75 15.21
17.07 0.25 0.26
16.06 14.75 15.21
17.32 0.25 0.26
18.07 14.00 14.44
17.57 0.25 0.26
18.57 0.25 0.26
18.57 0.25 0.26
18.32 3.00 4.13
17.82 12.75 12.12
18.32 0.25 0.26
18.82 0.25 0.26
17.82 17.25 17.53
19.32 0.25 0.26
18.07 0.25 0.26
17.57 0.25 0.26
17.57 8.50 9.29
18.07 8.25 7.99
17.57 0.25 0.26
17.82 0.25 0.26
17.07 15.25 15.73
17.82 0.25 0.26
17.07 0.25 0.26
17.32 0.25 0.26
16.56 16.25 16.50
16.31 0.25 0.26
17.32 0.25 0.26
18.32 0.25 0.26
18.32 0.50 0.52
18.82 0.25 0.27
17.82 0.25 0.26
18.82 0.25 0.26
18.07 16.50 17.02
18.82 0.25 0.26
18.82 0.50 0.52
18.07 0.25 0.26
18.32 0.25 0.26
18.32 0.25 0.26
17.32 16.25 16.76
18.32 0.25 0.26
18.32 0.25 0.26
18.82 0.25 0.26
18.57 0.50 0.52
18.82 0.25 0.26
18.57 0.25 0.26
17.32 15.00 15.47
17.07 19.25 19.08
18.07 0.25 0.26
17.57 0.25 0.26
17.32 16.50 16.76
17.07 0.25 0.26
17.32 0.75 0.52
16.56 8.00 10.05
17.07 9.00 7.22
18.32 0.25 0.26
17.32 17.00 17.02
18.32 0.50 0.26
18.07 0.25 0.26
18.07 16.00 16.24
18.82 0.25 0.26
17.82 0.50 0.54
17.57 0.25 0.26
18.07 0.25 0.26
17.57 15.75 16.24
17.57 0.25 0.26
17.32 14.25 14.70
18.32 0.25 0.26
17.82 0.25 0.26
17.57 0.25 0.26
17.32 13.25 13.66
17.07 0.25 0.26
16.82 0.50 0.52
17.32 0.25 0.26
16.82 0.25 0.26
17.07 0.25 0.26
16.06 0.25 0.26
17.32 0.25 0.26
17.07 0.25 0.26
16.81 0.25 0.26
17.32 0.25 0.26
16.56 17.25 17.27
18.07 0.25 0.26
17.57 18.75 18.30
18.32 0.75 0.26
17.57 17.25 17.79
17.82 0.50 0.52
18.57 0.25 0.26
18.32 0.25 0.26
17.82 0.25 0.26
18.32 0.25 0.26
17.82 0.25 0.26
18.07 16.00 16.51
18.32 0.50 0.52
18.07 0.25 0.26
18.07 0.25 0.26
17.57 17.00 17.27
17.57 0.25 0.26
17.57 0.25 0.26
17.32 0.50 0.26
17.06 0.25 0.26
16.06 0.25 0.26
16.56 16.00 16.24
17.07 0.25 0.26
17.07 0.25 0.26
17.07 0.25 0.26
17.06 0.25 0.26
16.82 1.25 1.81
16.31 17.50 17.27
16.56 0.25 0.26
17.82 0.25 0.26
17.07 0.75 0.26
17.32 0.25 0.26
17.32 0.25 0.26
17.57 0.50 0.26
18.07 0.25 0.26
16.56 17.00 17.27
17.82 0.25 0.26
18.07 0.25 0.26
18.07 0.25 0.26
17.57 0.50 0.52
17.57 0.25 0.26
17.32 0.50 0.27
17.32 0.25 0.26
17.82 0.25 0.26
17.07 14.75 14.95
18.57 0.25 0.26
18.32 0.25 0.26
18.07 16.75 17.27
17.57 2.00 3.61
17.32 13.00 11.86
16.81 0.25 0.26
17.32 14.50 14.95
17.57 0.25 0.26
18.32 0.25 0.26
17.07 17.00 17.27
17.32 0.25 0.26
18.32 0.50 0.26
17.82 0.25 0.26
18.07 0.25 0.26
16.81 3.25 5.68
17.06 12.25 10.05
17.57 0.25 0.26
17.32 0.25 0.26
17.07 0.25 0.26
17.57 0.25 0.26
17.57 13.75 14.18
18.07 0.25 0.26
17.82 0.25 0.26
18.57 0.25 0.26
17.82 0.25 0.27
17.57 8.50 9.29
18.07 7.00 6.71
17.57 0.25 0.26
17.82 0.25 0.26
17.82 0.25 0.26
17.32 15.00 15.47
18.07 16.50 16.50
17.82 0.50 0.26
18.07 0.25 0.26
18.07 0.50 0.52
16.81 15.75 16.76
18.07 1.00 0.26
18.07 0.25 0.26
18.82 0.25 0.26
17.82 13.50 13.92
16.56 0.25 0.26
17.57 0.25 0.26
17.57 0.25 0.26
17.57 0.25 0.26
17.57 0.50 0.52
17.07 0.25 0.26
18.07 0.25 0.26
17.57 0.25 0.26
17.32 0.25 0.26
17.57 16.00 15.98
17.64 0.25 0.26
17.82 0.25 0.26
18.32 0.25 0.26
17.82 0.25 0.52
17.32 0.50 0.26
17.07 0.25 0.26
17.82 0.25 0.27
16.81 0.50 0.26
17.32 0.25 0.26
17.06 18.25 18.82
17.32 0.25 0.26
17.57 0.25 0.26
18.32 0.25 0.26
17.82 17.50 17.53
17.82 17.25 17.02
18.07 0.75 0.52
18.57 0.75 0.26
18.07 0.25 0.26
18.82 0.25 0.26
18.32 0.25 0.26
17.57 0.75 0.26
18.07 0.25 0.26
17.57 2.50 4.39
18.07 15.00 13.41
18.32 0.25 0.26
17.32 15.00 14.95
17.57 0.25 0.26
17.57 0.25 0.26
17.57 0.25 0.26
17.32 0.25 0.26
17.07 0.25 0.26
17.82 0.25 0.26
17.82 0.25 0.26
17.32 0.50 0.52
17.32 0.50 0.26
17.07 0.25 0.26
17.32 0.25 0.26
17.07 0.75 0.27
17.32 0.25 0.26
16.06 19.50 19.85
16.81 0.25 0.26
17.06 0.25 0.26
17.32 0.25 0.26
17.06 17.00 16.76
18.07 0.25 0.26
17.82 0.25 0.26
17.82 0.75 0.52
18.32 0.75 0.26
18.07 0.25 0.26
17.82 0.25 0.26
16.31 16.75 17.02
18.07 0.25 0.26
18.82 0.25 0.26
19.07 0.25 0.26
18.82 0.50 0.52
18.32 0.25 0.26
18.82 0.25 0.26
18.82 0.25 0.26
18.82 0.25 0.26
19.07 0.25 0.26
17.57 17.75 18.05
18.57 0.50 0.26
18.57 0.25 0.26
18.57 16.00 16.50
19.07 0.25 0.26
17.57 0.25 0.26
17.07 0.25 0.26
17.32 0.25 0.26
17.32 15.25 15.73
17.07 0.50 0.52
16.56 0.25 0.26
17.32 13.75 15.47
17.57 2.25 1.04
18.07 0.25 0.26
18.32 0.25 0.26
18.07 14.75 14.70
18.57 0.25 0.26
18.57 0.25 0.26
18.82 0.75 0.52
18.32 0.25 0.26
18.57 0.25 0.26
18.32 0.25 0.26
18.57 0.50 0.26
18.57 0.25 0.26
18.82 0.50 0.52
18.07 0.25 0.26
18.57 0.25 0.26
18.07 16.00 16.24
19.83 0.25 0.26
18.82 15.00 15.47
18.07 0.25 0.26
18.82 0.50 0.52
18.82 0.25 0.26
17.32 18.00 18.56
17.57 0.25 0.26
17.82 0.25 0.26
18.07 0.25 0.26
16.81 0.25 0.26
17.32 0.25 0.26
16.56 12.75 13.16
16.56 0.25 0.26
16.81 0.25 0.26
16.81 0.25 0.27
16.31 0.50 0.52
16.81 0.25 0.26
16.56 0.25 0.26
17.07 0.25 0.26
17.07 0.25 0.26
17.07 0.25 0.26
17.32 0.25 0.26
17.32 0.25 0.26
17.07 13.00 13.41
17.32 0.25 0.26
17.32 0.25 0.26
17.57 0.25 0.26
16.82 0.25 0.26
17.82 0.25 0.26
17.82 0.50 0.52
18.32 0.25 0.26
18.82 14.25 14.70
18.07 0.25 0.26
17.82 0.25 0.26
18.82 0.25 0.26
19.07 15.25 15.73
18.82 0.50 0.52
18.57 0.25 0.26
18.32 13.50 13.92
18.57 0.25 0.26
18.57 0.25 0.26
18.32 0.25 0.27
17.82 0.25 0.26
17.82 0.50 0.52
17.82 15.25 15.73
17.82 0.25 0.26
17.82 0.25 0.26
17.32 0.25 0.26
16.56 14.25 14.44
16.56 0.25 0.26
17.07 0.25 0.26
16.82 0.50 0.26
16.31 0.25 0.26
16.56 0.25 0.26
16.82 0.25 0.26
16.56 0.25 0.26
16.56 0.25 0.26
16.06 0.25 0.26
16.82 0.25 0.26
17.32 0.25 0.26
17.32 2.00 2.33
18.32 15.00 14.95
18.07 0.25 0.26
18.07 0.25 0.26
17.57 19.00 18.82
17.82 0.50 0.26
18.32 0.50 0.26
18.32 0.25 0.26
18.32 15.75 15.99
19.32 0.25 0.26
19.07 0.25 0.26
19.07 0.25 0.27
18.57 0.25 0.26
18.32 0.50 0.26
18.57 1.00 0.52
18.32 0.25 0.26
17.82 0.25 0.26
17.82 0.25 0.26
17.06 15.00 15.21
18.07 0.25 0.26
17.32 15.00 15.47
17.32 0.25 0.26
16.56 0.25 0.26
17.32 0.25 0.26
17.07 0.25 0.26
17.07 14.00 14.44
17.57 0.50 0.52
17.07 0.25 0.26
17.32 0.25 0.26
17.82 10.75 11.09
17.07 0.25 0.26
17.57 0.25 0.26
16.81 0.25 0.26
17.32 0.25 0.26
17.32 0.25 0.26
18.07 0.25 0.26
18.07 0.25 0.26
17.57 0.50 0.52
18.32 13.00 13.41
18.07 0.25 0.26
17.82 0.25 0.26
18.07 0.25 0.27
18.07 0.25 0.26
18.32 16.75 17.02
19.32 0.50 0.52
17.57 10.50 11.61
18.07 3.50 2.84
17.32 0.25 0.26
18.32 0.25 0.26
18.32 0.25 0.26
17.82 0.25 0.26
17.57 14.50 14.95
17.57 0.25 0.26
17.57 0.25 0.26
16.56 19.00 19.08
17.07 0.50 0.26
17.32 0.25 0.26
15.65 13.86 14.04
18.32 0.25 0.26
18.07 0.25 0.26
18.07 0.25 0.26
18.07 0.25 0.26
18.32 0.25 0.26
18.32 17.00 17.27
18.07 7.50 8.51
18.32 11.00 9.80
18.07 0.50 0.26
17.57 0.25 0.26
17.57 17.00 17.27
17.82 0.25 0.26
17.32 17.00 17.02
17.07 0.50 0.26
16.56 0.25 0.27
16.31 17.00 17.27
17.07 0.25 0.26
17.32 0.25 0.26
17.07 0.50 0.52
16.56 0.25 0.26
17.57 11.00 12.37
18.07 1.50 0.52
17.82 0.25 0.26
17.32 0.25 0.26
17.32 0.25 0.26
17.82 0.25 0.26
18.07 0.25 0.26
18.32 0.25 0.26
18.07 14.00 14.44
17.82 0.25 0.26
18.57 0.25 0.26
17.82 0.25 0.26
18.32 0.25 0.26
18.32 16.25 16.50
17.82 0.50 0.26
18.32 0.25 0.26
17.57 0.50 0.52
17.82 13.00 13.41
18.57 0.25 0.26
17.32 0.25 0.26
17.57 14.00 14.44
17.82 0.25 0.26
17.32 0.25 0.26
17.82 15.00 15.47
16.82 19.00 18.82
18.57 0.75 0.27
18.57 0.50 0.52
18.82 15.50 15.73
18.07 0.25 0.26
17.82 0.50 0.26
18.57 0.25 0.26
17.82 18.75 19.08
18.82 0.25 0.26
18.32 0.50 0.52
18.07 0.25 0.26
18.32 0.25 0.26
19.07 0.25 0.26
17.57 16.50 17.02
18.82 0.25 0.26
16.31 0.25 0.26
16.31 17.00 17.27
17.07 0.25 0.26
17.57 15.00 15.73
17.82 0.50 0.26
17.32 0.25 0.26
18.32 0.25 0.26
17.57 14.50 14.95
17.57 0.25 0.26
18.32 0.25 0.26
17.82 15.50 15.98
18.82 0.25 0.26
18.32 10.00 11.61
18.82 6.25 5.16
18.32 13.00 13.41
18.57 0.25 0.26
18.57 0.25 0.26
18.57 0.25 0.27
18.07 0.25 0.26
16.81 20.00 21.14
16.31 13.00 12.12
18.07 0.75 0.26
17.82 0.25 0.26
17.57 0.25 0.26
15.56 17.25 17.79
17.82 0.25 0.26
17.57 0.25 0.26
18.07 0.25 0.26
18.07 0.25 0.26
17.57 0.50 0.26
17.57 0.25 0.26
17.32 8.00 11.09
17.57 6.25 3.61
17.82 0.25 0.26
18.32 0.25 0.26
18.57 0.25 0.26
19.07 0.25 0.26
18.82 15.25 15.73
18.32 0.50 0.52
18.82 0.25 0.26
17.57 18.25 18.56
19.07 0.25 0.26
18.07 0.25 0.26
18.57 0.25 0.26
18.82 0.25 0.26
17.82 16.00 16.50
16.81 12.00 15.47
17.07 3.75 0.79
17.07 0.25 0.26
17.32 0.25 0.26
17.07 0.25 0.26
17.32 16.25 16.76
17.57 0.25 0.26
17.82 13.50 13.92
18.07 0.25 0.26
17.57 0.25 0.26
18.07 0.50 0.52
17.82 0.25 0.26
18.07 0.25 0.26
18.82 14.50 14.95
18.82 0.25 0.26
19.07 0.25 0.26
19.32 0.25 0.26
18.57 13.50 13.93
18.32 0.25 0.26
18.57 0.25 0.26
18.82 0.25 0.26
18.32 0.25 0.26
18.07 0.25 0.26
17.82 13.25 13.66
17.57 0.50 0.52
17.82 0.25 0.26
17.82 0.25 0.26
17.57 0.25 0.26
17.57 0.25 0.26
17.32 14.75 15.21
17.57 0.25 0.26
17.82 0.25 0.27
17.07 0.25 0.26
17.32 0.25 0.26
17.06 0.25 0.26
16.81 1.75 2.58
17.57 13.25 12.89
17.82 0.25 0.26
18.07 16.25 16.76
17.57 0.25 0.26
18.07 0.25 0.26
18.32 0.25 0.26
18.32 16.75 17.02
18.82 0.50 0.52
17.82 14.25 18.05
19.07 4.25 0.26
19.07 0.25 0.26
17.82 18.25 18.56
17.82 0.25 0.26
17.07 0.25 0.26
17.57 0.25 0.26
17.82 0.25 0.26
17.57 14.50 14.96
17.82 0.25 0.26
17.32 0.25 0.26
17.32 0.25 0.26
17.06 0.25 0.26
17.32 0.25 0.26
16.31 16.00 16.50
16.56 0.25 0.26
17.82 0.25 0.26
17.32 0.25 0.26
17.57 0.25 0.27
17.82 0.25 0.26
17.07 0.25 0.26
17.57 0.50 0.52
18.07 0.25 0.26
17.57 16.50 17.02
17.82 0.25 0.26
18.07 0.25 0.26
18.57 15.25 15.21
19.33 0.25 0.26
18.32 0.50 0.52
18.82 0.25 0.26
18.57 0.25 0.26
19.07 0.25 0.26
19.07 0.25 0.26
19.83 0.75 0.26
18.57 15.00 16.76
18.07 1.75 0.26
17.82 0.25 0.26
18.07 0.25 0.26
18.57 0.25 0.26
18.32 15.00 15.47
18.07 0.25 0.26
17.57 0.50 0.52
17.57 0.25 0.26
17.32 15.50 16.24
16.82 0.50 0.26
16.06 15.25 15.73
16.82 0.25 0.26
17.57 0.25 0.26
18.32 0.25 0.26
18.07 15.50 16.00
17.82 0.25 0.26
18.07 0.25 0.26
17.57 0.25 0.26
18.82 12.25 14.45
18.82 2.75 1.03
18.32 0.25 0.26
19.07 0.25 0.26
19.32 0.25 0.26
18.57 14.75 15.21
18.32 0.50 0.52
18.07 0.25 0.26
18.57 0.25 0.26
18.82 0.25 0.26
17.07 16.00 16.50
16.56 15.25 15.47
16.81 0.25 0.26
16.56 0.25 0.26
16.56 0.25 0.26
16.56 0.25 0.26
16.40 0.25 0.26
16.31 0.25 0.26
16.31 0.50 0.26
16.56 0.25 0.26
16.06 16.50 17.02
17.32 0.25 0.26
17.07 6.75 8.26
19.07 9.50 8.25
19.07 0.25 0.26
19.33 0.25 0.26
19.83 0.25 0.27
18.07 0.50 0.26
18.32 15.00 17.79
18.82 2.75 0.27
19.07 0.25 0.26
18.82 0.25 0.26
18.82 0.25 0.26
18.32 15.25 15.73
18.57 0.50 0.52
18.82 0.25 0.26
17.57 18.00 18.05
16.56 0.75 0.26
16.56 0.25 0.26
16.56 14.75 15.21
17.57 0.25 0.26
17.32 0.25 0.26
17.07 0.25 0.26
16.81 0.25 0.26
17.07 0.25 0.26
16.56 15.75 16.24
17.57 0.25 0.26
16.81 15.00 15.47
17.82 0.25 0.26
18.07 0.25 0.26
18.82 0.25 0.26
18.57 0.25 0.26
18.32 12.50 12.89
19.07 0.25 0.26
18.32 0.50 0.52
18.32 0.25 0.26
18.32 0.25 0.26
18.07 0.25 0.27
18.32 13.75 14.18
18.07 0.25 0.26
17.82 14.25 14.70
18.07 0.25 0.26
17.57 0.50 0.52
17.82 11.50 11.86
18.07 0.25 0.26
17.57 0.25 0.26
17.57 0.25 0.26
17.57 0.25 0.26
17.82 0.25 0.26
17.82 0.25 0.26
17.32 0.25 0.26
17.82 0.25 0.26
17.32 0.50 0.52
17.57 0.25 0.26
17.32 0.25 0.26
17.32 0.25 0.26
17.32 0.25 0.26
17.32 14.75 15.21
17.32 0.25 0.26
18.07 0.25 0.26
18.32 0.25 0.26
18.07 0.25 0.26
17.57 0.25 0.27
17.32 16.50 17.02
18.32 0.25 0.26
18.32 0.25 0.26
18.07 0.25 0.26
17.32 0.25 0.27
18.07 0.25 0.26
18.07 0.25 0.26
18.07 0.25 0.26
17.57 0.50 0.52
17.32 0.25 0.26
18.07 0.25 0.26
17.82 0.25 0.26
18.07 0.25 0.26
18.07 0.25 0.26
17.82 15.25 15.73
18.32 0.25 0.26
18.07 0.25 0.26
17.82 0.50 0.52
18.82 0.25 0.26
18.07 15.50 15.98
18.32 0.25 0.26
19.07 0.25 0.26
19.32 0.25 0.26
17.57 1.25 2.07
17.32 15.75 15.47
17.57 0.25 0.26
17.32 16.25 16.76
17.82 0.25 0.26
17.57 0.25 0.26
17.82 0.25 0.26
17.82 15.50 15.98
18.07 0.25 0.26
17.57 0.25 0.26
18.07 0.50 0.52
17.57 0.25 0.26
19.07 0.25 0.27
18.32 16.50 17.02
18.32 0.25 0.26
18.57 0.25 0.26
17.32 18.50 18.56
18.57 13.75 14.18
18.32 0.50 0.52
18.57 0.25 0.26
18.57 0.25 0.26
18.57 0.25 0.26
18.32 15.75 16.24
17.32 0.25 0.26
16.56 16.50 17.02
17.57 0.25 0.26
16.56 0.25 0.26
17.82 15.75 16.25
18.82 0.25 0.26
19.07 16.00 16.50
18.57 0.25 0.26
18.07 0.25 0.26
18.57 0.25 0.26
18.32 1.25 2.07
18.57 29.50 29.91
18.57 1.25 1.03
18.07 0.25 0.26
17.07 19.00 19.59
17.07 15.75 16.24
17.32 0.25 0.26
17.57 0.25 0.26
15.81 0.25 0.26
17.07 0.25 0.28
16.82 0.25 0.26
18.07 15.75 16.24
17.82 8.00 9.80
19.07 9.25 8.00
18.07 15.50 15.98
18.57 0.25 0.26
18.32 0.25 0.26
18.32 14.75 15.21
18.32 0.25 0.26
16.81 20.50 21.92
17.07 24.00 24.75
17.82 5.00 4.13
18.07 0.25 0.26
17.07 0.25 0.26
18.82 0.25 0.26
17.82 16.25 16.76
18.82 0.25 0.26
18.57 0.25 0.26
17.32 6.00 7.23
18.32 26.25 26.04
18.32 0.25 0.26
18.32 0.25 0.26
18.82 0.25 0.26
18.57 0.25 0.26
18.07 14.00 14.44
18.07 0.50 0.52
18.32 0.25 0.26
18.32 0.25 0.26
17.82 15.00 15.47
18.82 0.25 0.26
18.32 0.25 0.27
17.82 0.25 0.26
17.82 0.25 0.26
17.57 25.75 27.33
18.32 7.50 6.45
17.32 0.25 0.26
16.81 19.00 19.08
18.32 0.25 0.26
17.82 0.25 0.26
17.82 0.50 0.26
18.07 0.50 0.26
18.32 0.25 0.26
17.57 0.50 0.52
17.82 0.25 0.26
17.57 16.25 16.50
18.07 0.25 0.26
19.07 0.25 0.26
17.32 18.25 18.30
17.82 0.25 0.26
17.82 0.25 0.26
17.82 0.75 0.26
17.32 0.50 0.52
16.31 8.75 11.34
17.07 9.75 7.22
17.82 0.25 0.26
18.32 0.25 0.26
17.07 17.25 17.27
17.82 0.25 0.26
17.82 0.50 0.26
18.07 0.75 0.26
17.82 0.25 0.27
17.82 0.25 0.52
17.57 0.50 0.26
17.57 0.25 0.26
17.82 0.25 0.26
17.57 0.25 0.26
17.32 0.25 0.26
16.40 15.84 16.08
17.57 0.25 0.26
17.82 0.25 0.26
18.32 0.25 0.26
17.82 0.25 0.26
17.82 8.00 8.77
17.57 7.50 6.97
17.32 0.25 0.26
17.82 0.25 0.26
17.57 0.25 0.26
17.82 0.25 0.26
17.57 0.25 0.26
17.82 0.25 0.26
18.07 0.50 0.26
18.07 0.25 0.52
17.57 17.25 17.28
18.07 0.25 0.26
18.07 0.25 0.26
19.07 0.25 0.26
17.82 0.25 0.26
18.07 15.75 15.98
17.32 0.25 0.26
17.32 0.25 0.26
17.06 0.25 0.26
17.82 1.00 0.54
17.32 0.25 0.26
15.06 14.50 14.95
17.82 0.50 0.26
18.32 0.25 0.26
17.32 15.50 15.98
17.82 0.25 0.26
17.32 0.25 0.26
17.82 13.00 13.41
18.07 0.25 0.26
17.57 0.25 0.26
17.82 0.50 0.52
17.32 14.25 14.70
18.07 0.25 0.26
18.07 0.25 0.26
17.32 0.25 0.26
17.32 16.75 17.02
18.07 0.25 0.26
19.07 0.25 0.26
18.82 0.50 0.52
19.32 0.25 0.26
18.07 0.25 0.26
18.07 0.25 0.26
18.57 0.25 0.26
18.82 0.25 0.26
18.82 0.25 0.26
18.32 15.50 15.99
18.07 0.25 0.26
17.57 0.25 0.26
18.07 0.25 0.26
18.32 0.25 0.27
17.82 15.25 15.47
17.32 0.50 0.26
17.82 0.25 0.26
17.57 0.25 0.52
16.56 0.50 0.26
17.57 0.25 0.26
17.07 0.25 0.26
18.57 0.25 0.26
17.82 0.25 0.26
17.82 0.25 0.26
17.07 18.50 18.56
16.82 0.25 0.26
17.82 0.25 0.26
18.32 0.50 0.26
17.82 6.75 7.48
17.57 12.25 11.60
17.32 0.25 0.26
17.82 0.50 0.26
18.07 0.25 0.26
17.32 17.25 17.53
17.32 0.25 0.26
17.32 0.25 0.26
17.82 0.50 0.26
17.82 0.25 0.26
18.07 16.00 16.25
18.82 0.25 0.26
17.57 17.50 17.53
17.32 0.50 0.26
17.57 0.25 0.26
17.57 0.25 0.26
18.07 0.25 0.27
17.32 15.75 15.98
17.82 0.25 0.26
17.82 0.25 0.26
17.57 17.75 17.28
17.82 0.25 0.26
17.32 17.75 18.05
17.82 0.25 0.26
17.82 0.25 0.26
17.07 18.00 18.05
17.32 0.75 0.26
17.07 0.25 0.26
17.82 0.25 0.26
18.07 0.25 0.26
18.32 0.50 0.52
17.82 16.75 17.02
18.32 0.25 0.26
18.07 0.25 0.26
17.57 18.50 18.56
16.56 23.00 21.91
17.82 0.75 0.26
17.57 0.25 0.26
17.82 0.25 0.26
17.07 20.75 21.40
17.57 8.50 9.54
17.07 24.75 27.07
17.32 8.25 4.64
18.57 0.25 0.26
17.57 19.25 19.08
18.57 0.50 0.26
17.57 0.25 0.27
16.06 20.25 20.37
17.82 0.25 0.26
17.57 15.75 16.24
18.32 2.00 3.36
18.82 14.25 13.41
18.32 15.00 15.47
18.57 15.75 16.24
18.32 0.25 0.26
18.07 15.00 15.47
17.57 15.25 15.73
17.32 0.25 0.26
16.56 0.25 0.26
17.82 5.25 6.45
17.57 10.75 10.05
18.57 0.25 0.26
17.57 17.75 18.05
19.32 0.25 0.26
18.07 15.00 15.47
19.07 0.25 0.26
18.82 0.50 0.52
19.07 0.25 0.26
18.32 18.00 18.56
17.82 0.25 0.26
17.32 17.25 17.27
18.07 0.25 0.26
17.57 0.25 0.26
17.32 0.50 0.26
18.07 0.50 0.52
17.07 12.75 13.93
17.82 4.50 3.61
17.32 0.25 0.28
17.57 0.50 0.26
17.82 0.25 0.26
17.57 0.25 0.26
17.32 0.25 0.26
17.57 0.25 0.26
17.82 0.25 0.26
18.32 0.25 0.26
18.07 18.00 17.54
18.82 0.25 0.26
18.32 0.25 0.26
19.32 0.50 0.26
18.07 0.25 0.26
18.07 16.00 16.24
18.57 3.25 4.65
17.57 12.75 11.86
17.82 0.25 0.26
17.82 14.50 14.95
17.32 0.25 0.26
17.07 17.25 17.27
16.81 0.25 0.26
17.32 0.75 0.26
18.32 0.25 0.26
17.07 16.00 15.98
17.82 0.25 0.26
17.32 0.25 0.52
17.57 0.50 0.26
18.32 0.25 0.26
17.82 0.50 0.26
17.82 0.25 0.26
17.82 0.25 0.27
18.07 0.25 0.26
17.57 15.50 15.73
18.32 0.25 0.26
18.57 0.75 0.52
16.31 14.00 16.24
18.32 4.75 3.10
18.82 0.25 0.26
18.32 16.75 17.02
17.82 0.25 0.26
17.32 0.25 0.26
17.82 0.75 0.26
18.07 0.25 0.26
17.57 0.50 0.52
16.82 14.25 15.73
17.57 2.00 0.77
17.82 0.25 0.26
16.31 0.50 0.26
17.57 0.25 0.26
17.82 0.25 0.26
17.32 0.25 0.26
17.07 0.25 0.26
17.57 0.25 0.26
17.39 0.25 0.26
17.32 19.50 20.11
17.82 0.50 0.52
17.57 16.00 16.25
18.32 2.25 1.80
18.07 0.25 0.26
17.82 0.25 0.26
17.07 18.50 19.08
18.07 0.25 0.27
18.57 0.25 0.26
17.57 18.00 18.05
18.07 0.75 0.52
16.81 16.00 18.05
17.82 2.00 0.26
18.32 0.25 0.26
17.07 18.00 18.05
17.32 0.50 0.26
17.32 0.25 0.26
18.07 16.50 16.76
18.57 0.25 0.26
18.07 0.25 0.52
17.57 11.25 12.90
17.57 6.00 4.38
18.07 0.25 0.26
17.32 19.00 19.08
17.82 0.50 0.26
18.07 0.75 0.26
16.56 0.25 0.26
18.07 0.25 0.26
18.57 0.25 0.26
17.07 5.25 7.23
18.57 13.75 12.38
17.32 0.25 0.26
17.82 0.25 0.26
17.57 0.25 0.26
17.57 0.25 0.26
17.32 0.25 0.26
16.31 21.00 21.66
17.07 18.75 18.30
18.32 0.25 0.27
17.82 18.50 18.56
18.32 1.00 0.52
17.82 0.25 0.26
18.32 0.25 0.26
17.32 16.50 17.02
18.07 0.25 0.26
18.32 0.25 0.26
17.32 17.75 17.79
18.82 0.25 0.26
18.32 0.75 0.52
18.57 15.50 15.47
18.57 0.25 0.26
18.07 0.25 0.26
18.32 0.25 0.26
17.57 0.50 0.26
17.57 0.25 0.26
17.06 0.25 0.26
16.81 0.25 0.26
17.07 1.00 3.10
17.07 15.25 13.41
17.82 0.25 0.26
17.32 18.00 18.05
17.32 0.25 0.26
18.07 0.25 0.26
17.82 17.75 18.05
18.32 0.50 0.26
18.82 0.25 0.26
17.32 16.25 16.50
18.32 24.25 26.30
17.82 7.75 6.70
17.32 14.00 14.45
17.57 0.25 0.26
16.82 0.25 0.26
18.32 0.25 0.26
17.57 0.25 0.26
17.57 16.50 17.02
17.82 0.25 0.26
17.57 0.25 0.26
17.32 0.50 0.52
18.32 0.25 0.26
18.57 0.25 0.26
17.07 20.25 20.88
18.57 0.25 0.26
18.57 0.25 0.26
19.33 0.25 0.26
18.07 21.00 22.18
18.57 12.00 11.60
18.57 0.25 0.26
18.07 15.25 15.73
18.32 0.25 0.26
16.56 0.25 0.26
17.32 0.25 0.26
16.82 14.75 15.21
18.82 0.25 0.26
18.57 14.00 14.44
18.07 0.25 0.26
18.57 0.25 0.26
17.82 0.25 0.26
18.07 0.25 0.26
18.57 14.00 14.44
18.82 0.25 0.27
18.32 0.50 0.52
18.07 0.25 0.26
18.32 13.75 14.18
18.32 0.25 0.26
18.07 15.25 15.73
18.32 0.25 0.26
18.07 0.25 0.26
18.07 0.25 0.52
17.57 15.25 15.47
17.82 0.25 0.26
17.07 0.25 0.26
17.32 0.25 0.26
17.32 16.00 16.24
18.32 0.25 0.26
18.07 0.25 0.26
18.32 0.50 0.26
18.57 0.25 0.26
18.82 0.50 0.52
19.33 0.25 0.26
19.32 0.25 0.26
19.07 0.25 0.26
18.32 15.75 15.98
18.82 0.50 0.52
18.57 0.25 0.26
18.32 0.25 0.26
18.07 0.25 0.26
18.32 0.25 0.26
18.57 15.25 15.73
18.82 0.25 0.26
18.32 0.50 0.52
18.82 0.25 0.27
17.82 0.25 0.26
17.82 0.25 0.26
18.07 0.25 0.26
18.07 14.50 14.95
17.82 0.25 0.26
17.32 0.25 0.26
17.82 0.50 0.52
18.07 0.25 0.26
17.82 14.75 15.21
17.57 0.25 0.26
18.32 0.25 0.26
17.32 17.25 17.27
17.57 0.25 0.26
17.57 18.00 18.30
19.07 0.25 0.26
17.57 18.75 18.57
17.57 17.50 17.27
17.82 0.25 0.26
17.57 0.50 0.26
17.82 0.75 0.26
17.32 0.25 0.26
17.57 0.25 0.26
17.07 17.25 17.53
17.32 16.75 17.27
17.82 0.25 0.26
17.32 15.50 15.98
17.32 0.50 0.52
17.57 14.00 15.21
18.32 2.00 1.29
18.32 17.50 17.55
17.07 16.75 17.02
18.07 0.25 0.26
18.32 0.25 0.26
17.82 18.50 18.56
17.07 19.00 18.82
17.82 0.75 0.52
17.82 0.25 0.26
18.32 0.50 0.26
17.57 0.25 0.26
17.82 0.50 0.26
17.07 0.25 0.26
17.07 15.00 15.47
17.57 0.25 0.26
17.82 0.25 0.26
17.57 0.25 0.26
17.82 0.25 0.52
18.32 0.50 0.26
18.57 0.25 0.26
18.57 0.25 0.26
18.32 0.25 0.26
17.82 0.25 0.26
18.07 0.25 0.26
17.82 0.25 0.26
17.57 16.75 16.76
18.07 0.25 0.26
17.82 0.25 0.26
18.32 0.25 0.26
18.07 18.00 18.30
18.57 0.25 0.26
18.57 0.25 0.26
17.57 0.25 0.27
17.82 0.50 0.52
17.32 12.00 13.67
17.32 3.00 1.80
17.57 0.25 0.26
17.57 0.25 0.26
17.57 0.25 0.26
17.89 0.25 0.26
17.32 16.25 16.50
18.07 0.25 0.26
17.07 0.25 0.26
18.32 0.50 0.52
16.82 10.75 14.44
18.07 10.25 6.96
17.82 0.25 0.26
16.56 21.00 21.40
18.07 0.25 0.26
17.06 20.25 20.37
19.32 0.25 0.26
17.07 20.75 20.11
17.57 0.75 0.26
17.82 0.25 0.26
17.57 17.00 17.28
17.82 0.25 0.26
17.82 17.00 17.53
18.07 14.75 15.21
18.07 0.25 0.26
18.07 14.00 14.44
18.32 0.25 0.26
18.57 0.25 0.26
18.07 0.50 0.52
18.32 15.50 16.00
18.82 0.25 0.26
19.07 0.25 0.26
17.82 16.75 17.27
17.82 0.25 0.26
17.57 16.25 16.50
17.57 0.75 0.52
17.82 0.25 0.26
17.57 0.25 0.26
17.07 14.00 14.18
17.57 0.25 0.26
18.07 0.25 0.26
18.07 0.25 0.26
18.07 0.25 0.26
17.82 0.25 0.26
18.32 0.25 0.26
18.07 0.50 0.52
18.57 0.25 0.26
18.07 17.00 17.53
17.57 17.00 17.27
18.32 0.25 0.26
17.82 17.50 17.53
18.07 19.00 18.82
18.57 0.75 0.52
17.07 0.50 0.26
18.07 0.25 0.26
18.57 0.25 0.26
17.82 0.25 0.26
18.57 0.25 0.26
17.57 16.75 17.02
18.57 0.25 0.27
17.82 0.50 0.26
17.57 0.75 0.52
17.57 0.50 0.26
16.81 0.25 0.26
16.82 17.75 18.05
17.82 0.25 0.26
18.07 0.25 0.26
17.82 20.00 20.37
18.07 0.25 0.26
17.07 17.00 17.02
18.07 0.25 0.26
18.07 0.75 0.52
18.57 0.75 0.26
17.82 0.25 0.26
18.32 0.25 0.26
18.32 15.50 15.98
18.82 0.25 0.26
18.32 0.25 0.26
18.07 1.25 0.52
18.07 0.75 0.26
18.07 0.25 0.26
17.82 13.75 14.18
18.07 0.25 0.26
17.82 0.25 0.26
17.82 0.25 0.26
18.32 14.50 14.95
17.82 0.25 0.26
18.07 0.50 0.52
17.57 0.25 0.26
18.07 0.25 0.26
18.07 0.25 0.27
18.07 0.25 0.26
17.57 0.25 0.26
17.06 15.25 15.73
18.32 0.25 0.26
18.82 0.50 0.52
19.07 0.25 0.26
18.57 0.25 0.26
18.07 0.25 0.26
18.07 0.25 0.26
17.82 16.00 16.50
18.07 0.25 0.26
18.32 0.25 0.27
17.07 0.50 0.52
17.07 14.50 14.95
18.07 0.25 0.26
17.82 0.25 0.26
18.07 0.25 0.26
17.32 0.25 0.26
18.07 0.25 0.26
18.57 0.25 0.26
17.82 17.75 18.30
18.57 9.50 12.38
18.07 5.25 2.84
18.57 0.25 0.26
19.07 0.25 0.26
19.32 0.25 0.26
18.82 0.25 0.26
18.32 0.50 0.52
18.57 16.00 16.50
17.32 0.25 0.27
17.57 0.25 0.26
17.82 0.25 0.26
17.32 0.25 0.26
17.32 17.75 18.05
18.32 0.25 0.26
18.07 0.25 0.26
18.32 0.50 0.52
18.07 0.25 0.26
18.07 0.25 0.26
17.57 16.00 16.24
18.07 0.25 0.26
17.57 0.50 0.26
18.07 0.25 0.26
18.07 0.25 0.26
17.82 0.50 0.52
17.32 0.25 0.26
17.82 0.25 0.26
17.07 0.25 0.26
17.06 17.50 17.79
17.82 0.25 0.26
17.82 0.25 0.26
18.07 0.25 0.26
17.32 16.50 16.76
17.57 0.25 0.26
18.32 0.25 0.26
17.82 11.75 13.16
18.07 6.25 4.64
18.32 0.75 0.26
18.32 0.25 0.26
17.82 0.25 0.27
18.32 0.25 0.26
16.81 15.50 15.73
17.82 0.25 0.26
17.57 0.25 0.27
17.57 11.50 12.38
17.82 20.50 20.62
18.07 0.25 0.26
17.57 16.50 17.02
18.07 0.25 0.26
18.07 0.25 0.26
17.57 14.75 15.21
17.82 0.25 0.26
17.82 0.25 0.26
17.32 0.50 0.52
17.57 0.25 0.26
17.82 17.00 17.53
17.57 17.25 17.27
17.82 0.25 0.26
18.32 0.50 0.26
18.32 0.25 0.26
18.32 0.25 0.26
17.82 0.75 0.52
18.57 0.75 0.26
18.07 0.25 0.26
18.07 0.25 0.26
16.56 15.75 15.98
17.57 0.25 0.26
18.32 0.25 0.26
18.07 16.00 16.50
17.57 17.25 17.27
17.57 0.50 0.27
17.57 0.75 0.52
16.81 0.75 0.26
17.32 0.25 0.26
16.31 15.75 15.98
17.57 0.25 0.26
18.07 0.25 0.26
17.57 0.25 0.26
17.82 0.25 0.26
17.82 0.25 0.26
17.82 0.25 0.26
18.07 13.50 13.92
18.07 0.50 0.52
17.32 18.25 18.56
18.07 18.25 18.56
17.82 0.50 0.26
18.07 0.25 0.26
17.57 0.25 0.26
18.82 0.25 0.26
18.32 15.50 15.98
18.57 0.75 0.52
19.07 0.25 0.26
18.32 0.25 0.26
18.82 0.25 0.26
18.57 0.25 0.26
18.82 0.25 0.26
19.07 0.50 0.52
18.57 0.25 0.26
18.64 16.58 17.10
18.32 0.25 0.26
18.32 0.25 0.26
17.57 0.25 0.27
17.07 15.50 15.98
18.07 0.50 0.52
17.82 0.25 0.26
18.32 15.50 15.98
18.57 0.25 0.26
18.07 0.25 0.26
18.82 0.25 0.26
18.07 16.50 16.76
18.57 0.75 0.52
18.82 0.25 0.26
18.07 0.25 0.26
18.32 0.25 0.26
19.07 0.25 0.26
19.07 0.25 0.26
19.07 0.50 0.52
17.57 0.50 0.26
19.33 0.25 0.26
18.32 12.50 12.89
19.07 0.25 0.26
18.82 0.25 0.26
17.07 13.25 13.66
18.82 0.50 0.52
18.82 0.25 0.26
18.32 13.25 13.66
17.57 0.25 0.26
17.57 0.25 0.26
17.82 0.25 0.26
17.82 13.00 13.41
17.32 0.25 0.26
17.57 0.25 0.27
17.57 0.50 0.52
17.31 0.25 0.26
17.82 0.25 0.26
17.82 0.25 0.26
18.07 0.25 0.26
17.32 11.75 12.12
18.07 0.25 0.26
19.58 10.75 11.09
19.07 5.75 6.45
19.32 2.50 2.06
18.57 7.00 7.22
18.57 6.50 6.70
18.57 0.25 0.26
17.82 0.25 0.26
17.82 0.25 0.26
17.57 0.50 0.52
17.32 0.25 0.26
17.82 6.25 6.45
18.07 0.25 0.26
18.32 0.25 0.26
17.32 0.25 0.26
17.82 7.00 7.22
18.82 7.00 7.22
19.07 10.00 11.09
18.32 2.00 1.29
17.07 6.00 6.19
18.32 5.00 5.16
17.82 6.00 6.19
18.32 6.50 6.70
18.82 0.25 0.26
18.57 0.25 0.27
18.82 12.75 13.15
18.32 0.25 0.26
18.32 6.00 6.19
18.32 5.75 5.93
17.82 0.25 0.26
17.57 6.75 6.96
18.82 0.25 0.26
18.57 15.00 15.47
18.32 6.75 6.96
18.32 0.25 0.26
17.82 6.75 6.96
17.82 0.25 0.26
18.07 6.00 6.19
17.07 5.00 5.16
18.07 7.00 7.22
18.82 10.25 11.34
18.32 6.75 6.19
17.82 6.00 6.19
18.07 6.00 6.19
17.57 7.00 7.22
17.82 20.00 20.37
19.58 0.25 0.26
68.14 1.78 39.19
97.69 0.00 55.94
45.61 0.25 21.14
19.58 0.25 0.26
18.82 0.25 0.52
19.58 0.00 0.26
18.82 0.00 0.26
19.32 0.00 0.28
19.07 0.25 0.26
19.07 0.25 0.26
19.32 0.50 0.52
19.07 0.25 0.26
19.07 0.25 0.26
19.32 0.25 0.26
19.32 0.25 0.26
19.07 0.50 0.52
19.32 0.25 0.26
18.82 0.25 0.26
19.32 0.25 0.26
19.33 0.25 0.26
19.07 0.50 0.52
19.58 0.25 0.26
18.82 0.25 0.26
19.07 0.25 0.26
19.32 0.25 0.26
19.32 0.50 0.52
19.33 0.25 0.26
18.82 0.25 0.26
19.32 0.25 0.26
19.33 0.25 0.26
19.07 0.50 0.52
19.58 0.25 0.26
18.82 0.25 0.26
19.32 0.25 0.26
19.58 0.25 0.26
19.07 0.50 0.52
19.58 0.25 0.26
17.57 0.25 0.27
19.32 0.25 0.26
19.32 0.25 0.26
19.32 0.50 0.52
19.07 0.25 0.26
18.82 0.25 0.26
19.32 0.25 0.26
19.32 0.25 0.26
19.58 0.25 0.26
18.82 0.50 0.52
18.82 0.25 0.26
19.32 0.25 0.26
19.07 0.25 0.26
19.58 0.25 0.26
19.07 0.50 0.52
18.82 0.25 0.26
18.82 0.25 0.26
19.07 0.25 0.26
19.58 0.25 0.26
19.32 0.25 0.52
20.32 0.00 1.55
71.57 0.00 41.77
22.32 0.00 3.61
93.68 0.00 53.37
97.19 0.00 55.17
97.69 0.00 54.91
94.94 0.00 53.11
71.15 0.00 34.55
35.09 0.00 14.44
97.44 0.00 56.98
64.89 0.00 30.70
40.35 0.00 18.30
93.93 0.00 55.69
41.85 0.00 13.66
60.12 0.00 33.26
92.68 0.00 54.91
49.87 0.00 18.05
63.38 0.00 34.29
97.44 0.00 58.78
41.85 0.00 12.12
75.15 0.00 43.31
94.43 0.00 55.95
85.92 0.00 48.21
26.83 0.00 2.07
95.44 0.00 56.71
94.43 0.00 55.69
59.63 0.00 26.81
56.88 0.00 24.75
97.19 0.00 58.27
53.37 0.00 21.14
66.89 0.00 33.52
64.64 0.00 30.42
58.63 0.00 26.30
88.43 0.00 52.08
33.59 0.00 3.09
45.86 0.00 15.47
43.11 0.00 12.38
34.33 0.00 4.12
35.35 0.00 4.12
33.84 0.00 3.09
33.09 0.00 3.09
32.09 0.00 2.09
31.84 0.00 1.04
32.34 0.00 2.06
32.59 0.00 2.06
32.34 0.00 2.06
34.34 0.00 4.12
34.84 0.00 4.12
33.34 0.00 3.09
32.59 0.00 2.06
32.34 0.00 2.06
32.84 0.00 2.06
32.84 0.00 2.06
33.84 0.00 3.09
32.09 0.00 1.03
29.83 0.00 0.26
30.84 0.00 0.26
30.09 0.00 0.26
30.59 0.00 0.00
30.59 0.00 0.26
30.59 0.00 0.26
30.04 0.00 0.26
30.09 0.00 0.26
30.84 0.00 0.26
31.09 0.00 0.26
29.84 0.00 0.26
30.59 0.00 0.26
30.59 0.00 0.26
29.84 0.00 0.26
30.34 0.00 0.26
29.08 0.00 0.26
31.09 0.00 0.27
31.09 0.00 0.26
30.09 0.00 0.26
30.84 0.00 0.26
29.59 0.00 0.26
31.09 0.00 0.26
30.09 0.00 0.26
30.84 0.00 0.26
30.59 0.00 0.26
31.59 0.00 0.26
30.59 0.00 0.26
30.34 0.00 0.26
30.84 0.00 0.26
31.09 0.00 0.26
30.09 0.00 0.26
30.34 0.00 0.26
30.09 0.00 0.26
30.34 0.00 0.00
30.34 0.00 0.26
30.09 0.00 0.26
30.59 0.00 0.26
31.34 0.00 0.26
31.59 0.00 0.26
30.34 0.00 0.26
30.09 0.00 0.26
30.84 0.00 0.26
30.59 0.00 0.26
30.34 0.00 0.26
29.84 0.00 0.26
30.09 0.00 0.26
31.09 0.00 0.26
30.34 0.00 0.27
30.59 0.00 0.26
31.34 0.00 0.26
30.59 0.00 0.26
30.34 0.00 0.26
30.59 0.00 0.26
30.84 0.00 0.26
31.34 0.00 0.26
30.09 0.00 0.26
30.84 0.00 0.26
31.09 0.00 0.26
31.09 0.00 0.26
30.59 0.00 0.26
30.34 0.00 0.26
31.59 0.00 0.26
30.84 0.00 0.26
29.84 0.00 0.26
30.34 0.00 0.26
29.08 0.00 0.00
30.84 0.00 0.26
31.59 0.00 0.26
30.34 0.00 0.26
30.84 0.00 0.26
30.09 0.00 0.26
30.84 0.00 0.26
30.34 0.00 0.26
30.34 0.00 0.26
30.34 0.00 0.26
30.34 0.00 0.26
30.34 0.00 0.26
30.84 0.00 0.26
30.84 0.00 0.27
31.09 0.00 0.26
29.34 0.00 0.26
29.84 0.00 0.26
31.09 0.00 0.26
30.34 0.00 0.26
29.84 0.00 0.26
19.56 0.00 0.26
0.00 0.00 0.00
