#xct_latency_in_nsec
0
0
0
0
0
0
0
0
0
0
0
0
0
0
0
0
0
0
0
15271160
13722813
8907765
7439259
4542223
5950888
4854883
3567950
6855529
3410488
4345684
4510440
3255029
2466650
4902851
2426709
1963303
2277708
2236795
2194594
3695606
2593325
1764731
1878812
2701561
1695822
2295306
1705355
1809713
1997345
2146779
2627573
1978819
2852428
2378854
1881372
1644588
1778298
1908969
1886276
1826084
2222508
1877270
1881545
1605422
1962908
2491315
2296401
1638032
1734661
2769575
2708459
1841036
1736282
1981540
2750750
4491651
1958816
1640196
2157117
1601165
2150573
1930530
1627449
1645307
2113749
2040469
1803271
1698594
1556955
2121494
1798583
1840627
1726459
1564946
2224200
2456034
2048840
2187110
1675052
1827217
1787957
1650742
1586689
1911019
1678042
1747231
1521786
1696368
1695318
1762292
2026574
1638489
1678241
1644671
1746996
1633231
1608960
1704714
1677798
2309194
1826351
1785906
2019210
2027890
1490949
1983106
1576496
1667172
1519329
1619126
1632600
1660583
2136660
2269751
1918107
1917353
2127047
1476358
1503194
1898112
1772392
1565833
1584535
1451569
1599888
1521621
1637660
1716190
2177722
2409984
1767421
1601704
1600307
1781825
1818057
1563652
1930452
2032562
1593562
1565434
2758288
2653106
1622638
1673338
1603378
1884933
1691778
1881246
1906881
1599302
1579911
1939295
1864878
2259538
1964036
1634365
1983745
1632979
1481748
2442218
1898164
2222702
2233372
1847397
1745543
2096799
1575986
1599990
1646276
1888034
1799291
1684264
1917582
2101405
1539128
1655620
2404355
2907011
1585469
1738018
1663700
1613605
1992961
2989298
1878348
2120501
1593429
1654812
1802124
2131185
1816352
1737502
1826598
1570632
1589445
1533581
1663831
1695585
2030598
1739185
2058268
1937814
1747982
1900024
1924213
1684542
1779911
1560035
2379774
2142472
1771668
1738320
2007215
1556531
1611137
1732098
1814606
1771750
1535253
1538996
1634322
2453350
1779210
1877643
1760159
1490650
2340021
2361730
2366796
1637212
1890464
1541084
1565891
1525782
1522518
1594045
1502865
1591083
1535164
2292844
1488294
2116874
1827383
1602811
1607159
1620651
1653774
1666974
1607086
2432009
1601402
1550293
1598100
1939837
1592742
1643644
1768536
1642081
1553761
2066965
1687892
1511701
1559091
1730809
2360728
1558896
1832105
1703198
1618249
1723352
1592096
1704785
1552067
1535687
1901084
1576486
1605147
1647260
1672192
2087532
1606059
1508439
1533981
1519384
1737512
1599997
1722327
1634796
1626553
1510354
2158605
1858054
2105474
1814074
2153234
2604946
1624916
1625004
1884764
1811594
1547203
1489221
1566503
2203375
1588957
1476702
1537598
1613764
1634546
1682521
1747768
1625517
1576807
1472889
1519643
2034604
1637950
1501551
1590399
1644925
1634151
1554001
1523892
1495746
1713099
1516053
1589654
1594901
1549952
2174284
2154454
2004462
2174802
1604136
1814470
1655280
2004389
1960832
1585457
1753125
1722264
1650247
1715361
1641784
1587370
1587698
1564092
1558496
1725225
1538396
1618969
1631772
1608207
1462525
1651463
2196739
1763997
1745428
1782814
1494533
1541990
1617288
1548751
2357883
1615659
1508119
1578569
1533502
1535442
1531277
1841039
1706073
1635609
1521721
1661761
1945778
1675225
1980744
1614724
2086618
1780213
2127293
1593196
2104901
1729546
1719438
1551452
1735730
1620874
1923041
1555826
1628801
1504624
1564500
1689917
1937899
1715858
1712486
1567199
1565235
1518106
1634058
1651665
1623470
1525627
1612073
1611613
1627178
1518181
1670083
1623030
1874787
1531406
1729980
1698112
1765474
1994090
1579808
1642101
1772585
1493522
1602225
1650943
1626800
1631527
1609734
1625868
1580890
1427563
1650155
1523443
1596363
1508297
1775264
1720247
1682040
2162089
1529598
2107093
1530360
1546825
1556404
1547653
1699180
1563601
1553726
1537960
1554626
1511428
1587189
1616320
2116196
1659154
2202812
1830713
1601742
1815102
1641453
1603842
1602709
1552619
2025115
2079349
1560101
1626518
1692982
1672786
1582272
1494532
1485014
1534842
1543332
1496299
1633074
1656653
1459654
1528217
1550229
1660688
1649660
1527008
1564673
1707328
1861117
1977549
1506803
1999440
1496965
1503021
1934883
1506426
2432564
1883956
2035541
1600491
2357858
1592522
2031693
1584313
1678215
1762959
1579133
1747949
1774261
2000866
1700335
1617041
1764872
1717940
1717705
1545533
1492242
1575850
1633665
1845977
1548585
2476463
1571542
2017698
1516584
2132414
1477033
2286943
1679455
1804060
1582092
1570292
1847552
1631216
1637179
1619160
1571194
1564102
1604979
2064826
1603735
1536774
1641112
1676602
1562160
1574701
1521530
1485177
1483266
1499520
1587549
1535595
1595225
1543745
1477912
1529940
1516582
1538812
2116397
1990094
1901543
1495257
1999735
1555000
1437639
1677378
1528790
2131867
1719739
2120246
1714584
1674480
1474731
1661009
1605116
1616917
1521851
1573644
2377433
1524715
1537175
1516420
1533380
1654039
1472425
1936145
1664734
2240202
1494838
1578899
1596296
1656304
2090131
1545703
1594063
1559274
1847959
1514139
1629812
1596667
1539429
1750400
1638142
1559320
1559022
1550977
1516800
1576105
1546375
1618037
1659859
1603259
1483793
1528158
2022611
1911994
1613243
1851118
1523641
1904984
1692107
1492300
1853635
1471275
2144067
1674045
2335221
1722317
1543638
1578541
1488293
1548818
1591255
1611666
1551436
1911769
1489598
1616124
1543488
1538172
1530334
1628504
1603338
1648549
1628293
1646878
1626288
1470035
2173168
1726573
1624757
1801107
1539890
1523918
2307942
1682872
1580852
1740559
1717889
1754035
1597387
1576085
1502229
1481374
1609029
1636967
1692259
1828757
2206596
2506239
1473589
1483218
1985209
1653530
1618428
1549060
1889723
1543988
1528257
1559593
1681540
1641412
1622081
2646440
1654403
1677325
1650359
1479731
1509448
1590005
1968086
2453960
1615530
1751661
1495457
1515481
1551758
1558783
1638814
1516371
1582712
1575152
1606918
1531566
1570860
1685577
1530549
2722570
1683671
1561279
1545717
1587712
1584265
1661717
1689205
1504059
1531669
1571858
1546037
1436373
1920040
1763447
1754777
1699640
2024449
1765041
1764545
1600419
1799449
1546252
1546473
1502058
1573452
1611481
2341493
1588735
1572862
1555854
1604800
1635858
1572688
1622112
1594315
1619262
1607565
1537589
1627855
1661054
2210716
1592240
1911172
1710250
1595130
1855371
1572636
1484488
1561966
1598407
2087558
1689735
1576909
1867645
1584828
1516846
1999015
1782811
2349001
2696055
1904917
1692151
1529875
1563381
1518223
1521329
1505442
1645248
2510902
1915788
1497982
1550809
1631163
1586477
1565678
1578519
1560041
1538160
1456100
1639354
1789866
2381016
1993372
1640642
1573616
1536019
2034941
1896067
1585058
1571443
1573428
1792438
1666813
1662250
1585712
1576320
1547532
1577678
1527847
1544033
1886565
1553846
1637086
1518900
1851693
1503933
1566405
2223607
1588993
1544817
1507461
1589454
1543971
1576248
1453284
1552927
1621643
1842186
1475655
2574418
1564728
1557870
1605018
1567698
1628651
1539023
1478197
1605264
1644088
1524786
1614215
1614467
1553667
1586252
2217825
2113262
1456478
1626594
1557270
1603287
1793262
1511960
1472553
1649432
1573397
1549211
1555470
1514059
1814341
2282053
1542863
1753852
1597711
1540233
1510205
1764076
1637303
1579580
1684883
1664354
1567602
1580925
1530740
1588444
1601968
1643121
1549548
1606947
1680838
2347089
1540123
1545500
1545876
1701275
2024516
1863239
1646797
2008377
1771819
1832005
1847132
1655132
1941871
1780779
1743992
1769741
1574846
1500973
1636978
1498677
1600187
1728075
1549273
1799280
1722906
1925438
1756772
1987132
1671247
1871704
1834220
1569907
1514795
1958220
1564798
2756739
1889021
1763121
1587041
1563117
1677994
1585714
1660617
1919158
2292147
1804531
1609005
1453050
1543716
2106208
1620012
1524175
1716688
1718583
1625364
1847236
1678639
1668761
1882528
1500831
1575958
2018168
1619665
1717311
1750286
1586950
1560903
1548515
1549410
1576165
1581794
1701122
1623351
1725841
2167591
1558190
1580239
1568806
1604042
1469849
1582766
1551306
2162048
1646542
1524125
1532372
1582453
2112073
2249491
1500643
1502082
2138417
1564900
1511797
2018594
1497271
1847719
2105588
1580314
1511626
1756111
1674759
1556487
1495611
1629037
1605830
1525734
1533590
1702271
1964823
1573058
1503480
1697863
1561662
1548118
1619869
1540150
1572070
1727432
2079934
1549819
1728662
1843955
1594242
2237275
1732590
1662361
1647364
1739825
2185403
1618896
1610589
1781931
1561476
1612899
1752007
1547040
1912307
1951747
1570398
1608343
1611400
1592044
1501865
1513542
1483135
1462012
1590295
1993265
1747407
1549010
1526235
1570173
1836390
1500372
1533248
1729431
1627136
1623480
1912460
3834179
1826204
1520763
1509802
1640661
1557194
2700531
1657516
1695029
1479517
1889316
1512457
1614798
1627570
1522320
1714322
1621085
1594708
1541271
1866489
1544434
1590183
1584912
1708904
1858915
1847693
1544614
1538688
1472891
1564521
1544630
1968934
1648109
1641023
1476722
1539256
1478327
1585654
1508984
1478130
2168246
1747572
1671421
1629158
1616167
1555750
1923792
1548032
1528163
1564829
1483089
1612183
1854169
1651782
2421558
1501691
1548943
1748038
1612021
1677058
1567980
1576833
2007423
1612980
1526116
1589535
1511958
1703083
1711061
1619113
1630142
1589765
1714941
1840709
1473338
1558738
2124193
1980041
1531149
1687545
1812910
1562501
1495317
1697171
1641909
2131676
1748963
1755661
2090459
1582446
1748722
2052710
2114132
1739235
1516433
1517590
1579913
1591429
1609627
2177780
1744716
1591040
1558151
1642862
1611643
1553759
1469621
1491544
1550646
2068478
1769399
2188654
1766950
1599393
1562581
1634534
1928120
1635057
1725391
1713871
1672611
2335746
1548957
1618497
1560093
1909557
1506703
1784549
1724167
1571063
1647248
1609700
1626276
1527049
1538608
1705601
1611442
1644509
1519226
1646379
1540282
2035222
1772598
2153740
2212383
1718134
1895994
1625417
1537654
1809979
1557548
1684025
1689345
1573624
1807550
1709780
1671143
1603192
1626103
1591178
1690220
1667023
1651050
1690961
2104566
1693980
1979852
1669375
1741960
1744437
1669921
1691401
1760221
1627041
1515536
1464462
1621062
1602174
1717233
1581061
1618921
1994352
1589681
1564972
1555515
1547545
1500904
1724498
2054352
3025657
1520563
1571141
1732668
1569943
1669030
1611371
1628043
1597496
1614128
1571338
1702007
1493375
1909249
1736849
1594112
1519666
2490035
1626173
1597795
1670371
1844633
1641986
1689510
1726855
1713446
1689474
1658105
1755140
1593671
1771193
1716800
1768365
1865031
1610736
1619339
1590225
1546603
1581659
1588872
1456234
1497477
1708930
1648638
1500957
1540828
1553131
1913483
1575127
1541243
1598414
1846986
1521000
1571128
1643631
1581135
1512272
1525345
1522532
1622855
1623269
1919207
1630061
1630702
1516884
1591709
1573538
2067896
1489204
1570832
1582725
1558603
1599380
1485265
2014305
1532474
1531523
1597329
1589021
1533462
1460436
1647759
1558768
1572041
1721865
2124737
1655932
2200808
1797947
1629347
1895664
1572282
1626490
1764989
1560823
1616631
1472522
1829765
1642304
1486311
1927350
1690807
1635454
1587694
1530624
1686099
1547901
1614743
1489636
1635529
1636932
1725204
1585221
1541828
1970393
1492808
1491259
1569390
1678054
1670918
1597615
1569477
1464754
1524856
1481197
1975594
1516992
1540196
1538902
1708754
1576787
1506944
1500544
2050204
1542484
1958433
1811903
1826317
2065888
1599996
1573851
1530976
1536786
2023153
1704814
1596630
1553610
1564636
1493578
1606814
1572826
2407722
1663442
1623341
1696110
1711661
1561686
1583235
1677456
1503587
1566231
1641763
1577660
1460178
1606369
1699990
1545860
1898621
1833053
1704430
1789324
2360338
1614083
1596838
1597639
1569282
1509739
1556595
1497545
1655926
1719554
1615039
1547483
1532527
1634521
1474414
1559704
1514432
1603161
1590599
2053773
1587111
2102874
1544608
1557529
1552432
1528438
1756119
1589744
1619497
1651985
1715569
1633196
1468752
1883663
1603867
1622330
1537588
1628836
1578600
1583289
1563591
1550450
1545515
1980494
1866643
1813980
2371227
1610159
1469268
1597945
1598606
1586735
1552671
1963516
1595618
1589209
1511287
1556178
1656689
1814201
1507707
1629094
1582382
1624023
1584746
1707116
1579728
1629238
1511320
1680104
1578127
1528817
1979061
1607780
1508383
1549241
1542175
1548367
1561102
1486057
1718479
2034182
3990686
0
15760181
0
0
61139449
0
86333256
0
0
0
0
0
0
0
0
0
0
209125323
0
31470814
1527205
1489644
1487877
1559588
1966620
1704953
1584338
1566010
1659857
2425343
1574682
1544109
1579569
1609878
1507029
1584041
1672452
1546609
1553924
1536244
1661293
1559155
1421641
1581515
1645745
1600223
1634062
1514380
1678108
1597837
1564511
1540336
1595438
1569427
1531248
1516308
1555570
1557862
1539625
1570236
1506506
1731540
1547655
1557498
1608680
1590376
1492841
1435263
1579338
1501150
1526359
1686886
1637470
1594669
1631026
1585174
1549891
1551327
1613448
1596570
1639538
1601557
1478881
1551666
1581204
1681564
1817389
1570123
1560059
1694503
1707108
1587958
1539095
1541209
1512157
1454108
1515737
1585373
1451004
1577297
2090806
2403522
1664336
1696623
1672794
1593739
1587067
1458710
1499996
1549759
1499376
1608437
1574065
1558689
1641936
1868454
1818681
1776127
1715317
1781651
1906882
1563982
1764855
2092309
1846453
1516707
2027482
1539924
1617229
1696630
1725389
1603812
1566539
1641919
1517271
1573900
1684003
1593114
1486412
5291319
0
26103625
0
0
0
0
18199204
0
0
37835927
1692605
1643102
1619200
1534982
1507398
1498576
1485761
1808270
1615702
1596318
1508366
1484473
1698418
1757213
1516330
1553718
1647865
1699073
1582325
1524188
1557885
1565494
10216240
15173278
0
0
0
0
0
72678378
0
0
98909677
107675247
0
30964406
2448034
1862594
2447680
1722690
1641360
1734880
1787836
1682939
1748185
1605047
1655624
1672426
1700634
1624492
1773599
1525511
1599208
1570678
1554064
1531773
1614448
1479657
1555986
1671523
1572616
1576106
1636620
1557279
1571893
1588105
1513091
1550751
1535076
1564113
1604952
1468349
1616752
1565833
1504502
1489945
1584712
1685913
1499729
1611682
1632973
1503766
1544855
1522015
1605112
1624106
1553429
1539090
1606891
1512496
1511958
1479356
1503016
1536165
1577698
1562237
1612411
1819022
1730356
1607013
1640763
1616614
1586048
1617925
1625935
1587453
1503230
1559280
1546933
1632101
1819639
1478659
1738303
1714546
1621788
1652657
1692373
1548048
1604156
1475554
1806903
1862421
2320768
1715994
1908131
1552603
1478827
1498576
1581967
1916683
1555494
2113150
1778519
1534471
1677669
2404545
1698310
1583955
1553527
1920901
1693160
2023130
1549912
1534969
1761672
1630036
1999809
1511327
1652881
1683828
2003441
1642828
1595195
1533026
1538368
1469389
1619308
1855879
1507298
1523631
1546175
1615500
1546633
1539392
1509444
1595309
1689056
1717425
1907519
1562144
2050632
1577421
1571869
1610758
1547963
1530645
1623936
1557500
1520084
1560952
1534202
1962091
1488030
1481120
1617925
1698918
1519103
1471397
1522717
1623026
1498310
1469906
1576959
1529464
1475244
1997029
1559100
1541312
1441276
1531573
1575943
1468708
1536988
1523675
1608701
1584052
2092528
1481092
1615643
1599491
2135611
1663589
1586459
1520223
1484082
1564671
1505768
2305818
1478766
1627751
1595181
1654990
1580410
1792247
1726975
1493864
1705618
1795754
1810571
1714959
1610560
2320725
1596079
1546051
1772879
2146738
1533924
1545330
1560377
1558720
1680390
1555018
1570069
1556114
1549879
1669695
1502136
1603809
1560077
1487357
1554467
1484250
1521637
1545088
1492396
1556974
1552318
1555569
1951610
1671229
1689092
1652268
1608220
1507037
1622256
1541561
1466362
1592561
1515611
1541055
1853808
1621714
1522624
1553636
1467319
1571944
1519002
1445656
1650557
2347113
1526181
1613405
1568117
1572848
1579396
1552390
1453103
1598564
1509334
1587723
1602088
1599095
1516836
1520232
2167736
1795395
1591370
1487661
1448409
1669362
1609720
1814804
1650245
1645833
1670390
2033222
1723934
1564524
1590088
1688274
1990419
1778258
1575345
1532456
1530359
1540872
1534051
1503543
2021790
1795310
1722234
1645350
1710384
1525802
1492972
1646024
1480333
1538879
1635266
1644627
1477686
1621088
2305210
1833512
1699876
1707656
1950023
1625694
1512361
1778016
1621909
1711615
1603932
1497776
1473771
1554660
1560986
1915874
1606712
1594375
1464574
1522060
1545666
1531329
1925096
1482903
1541187
1600928
1521981
1657308
2540692
1752489
1540915
1564075
2290077
1591563
1710808
1684749
1566543
1657030
1908423
1752147
1544509
1489783
1713765
1602445
1476281
1474447
1461914
1472324
1433245
2055329
1441651
1867378
1667752
1638441
1466873
1510571
1532989
1529547
1585510
1564668
1546592
1542452
1957672
1485952
1575444
1567243
1487509
1641841
1495456
1533563
2705703
1621430
1901746
1535862
2121616
1523649
1513747
1465997
1475768
1545606
2068808
1498545
1572333
1528814
1530442
1508964
1430230
1724961
1605137
1919217
1489311
1562858
1605040
1703028
2147746
1504795
1563510
1518053
1564852
1681636
1585826
1512758
1591099
1598979
1440779
1871404
1632646
1863948
1636967
1593513
1589183
1575987
2043859
1524743
1569548
1501622
1578852
1558123
1868443
1538125
1542476
1545364
1574052
1510183
1491057
1446541
1696002
1581203
1768365
2101424
1676035
1669710
1999183
1495718
1521213
1506213
1623368
1461356
1639860
1617406
1631543
1477870
1479637
1569605
1533889
1480893
1996179
1543261
1747520
1633498
1560140
1524849
1550289
1723227
1492518
1584132
1602902
1527451
1901860
1516342
1487964
1503716
1605948
1546855
1535149
1462049
1535162
1565220
1939889
2184184
1586343
1555881
2109756
1554227
1944635
1567534
1612628
1529001
1549452
2159407
1573059
1743938
1519243
1538165
1521286
1484681
1689230
1686947
1563453
1576796
1474922
1998391
1535248
1860848
1617861
1536084
1483835
1583839
1484842
1487548
1452639
1482376
1613174
1511568
1500649
1453961
2176623
1695923
1687704
1431506
1486064
1499244
2148400
1496283
1558196
1609396
1525382
1502142
1506372
1614408
1806929
1656583
1500205
1528207
1584572
1484913
1509988
1464593
1539252
1542065
1878202
1615799
1476213
1465561
1505770
1494575
1656188
1499156
1779660
1557927
1530434
1510048
2762494
1601793
1639215
1479505
1610088
1708084
1552497
1704575
1613894
1609469
2139846
1577495
1533459
1594231
1495579
1523805
1615546
1552677
1460431
1547995
1561972
1610533
1895164
1613349
1652222
1566516
1621319
1702259
1550875
1489956
1505338
1486361
1507299
1496841
2073323
1598473
1657235
1630663
1551061
1550627
1557101
1567931
1627768
1691062
1783689
1550006
1528867
1478011
1679060
1884508
1515838
1509978
1572490
1544665
1644653
1587708
1568354
1675204
1595185
1897268
1590473
1632913
1458819
1628825
1950885
1585363
1567315
1461156
1666584
1505393
1490164
1494019
1603270
1590415
1544372
1618326
1630450
1597819
2007317
1485057
1537744
1540629
2194893
1788774
1768221
1585432
1560133
1595387
1635858
1558047
1601217
1510525
1490173
1662644
1480860
1612552
1629963
1492195
1533691
1647162
1649620
1536176
1652729
2029259
1662723
1721648
1514545
1716158
1566574
1509990
1502982
1508800
1525987
1544033
1695208
1876877
1592910
1544537
1497852
1468408
1487765
1630990
1823518
1706987
1756742
1746132
1661835
1572313
1548865
1984147
1586058
1602554
1677146
1504182
1439640
1512656
1518361
1474670
1671471
1601773
2071922
1558634
1578459
1538984
1562904
1939185
1532106
1627335
1710786
1920618
1563872
1539394
1557875
1534564
1516217
1616834
1635870
2305482
1867891
1964704
1535370
1955560
1478949
1527799
1631153
1492797
1557830
1998109
1605748
1718888
1664410
1526696
1660843
1486218
1654400
1640668
1575439
1638241
1933219
1553848
1558907
2008439
1523479
1464974
1614378
1611141
1537463
1472643
1459191
1592325
1483712
1686414
1776044
1620477
1587636
2275995
1579019
1571055
1491858
2212993
1579320
1600763
1571006
1505560
1530425
1523583
1559974
1507447
1864824
1648813
1508544
1866573
1961843
1778856
1565328
1789773
1529505
1535364
1553174
2171182
1608098
1657182
1550707
1716735
1516098
1874823
1494383
1578615
1941141
1602560
1467025
1783862
1622634
1507642
1498217
1560762
1621731
1698548
2192982
1547229
1608176
1504393
1483482
1534682
1640847
1535738
1531703
2170716
1560575
1598233
1972722
1718758
1566880
1611850
1623567
1695470
1682831
1617662
1496086
1696399
1546022
1533448
2023177
1614686
2148556
1472103
1563766
1538584
1564951
1543498
1742748
1769419
1569289
1561980
1613290
1569779
1965795
1471009
1628926
1510773
1601551
1523742
1642329
2091191
1661382
1616470
1485619
1727599
1601935
2105672
1518903
1737395
1718122
1711160
1541238
1579124
1651512
1519092
1510712
1533251
1525321
1479418
1453025
2278528
1918160
1483631
1631243
1580639
1743687
1545416
1695962
1546086
1690283
1503211
1543655
1566962
1538646
1889054
1550559
1709693
1633511
1572549
2248248
1980519
1494551
1512817
1529380
1616941
1528423
1501340
2233943
1572695
1542466
1471595
1537682
1598196
1547272
1721715
1661702
1637558
1560402
1602650
1626292
1612930
1561007
1824044
1647151
1749678
1595654
1553140
1593119
1550208
1853295
1514323
1551725
1616370
1587538
1557372
1714932
1683182
1995580
1560573
1516978
1600960
1592161
1886026
1565243
1576485
1522765
1529567
1685030
1594291
1520121
2033349
1695482
1645886
1608673
1536593
1659469
1631482
1546523
1584168
2169971
1593073
1554777
1585097
2278285
1608503
1748144
1572128
1782015
1556162
1588637
1532295
1760115
1684037
1663342
1562578
1580157
1941170
1732868
1569999
1616766
1744676
2194595
1523621
1570933
1538674
1533743
1475654
1501747
1644693
1599324
1816034
1727283
1670395
1556301
1475572
1545017
1573670
1515544
1501052
1624405
1593145
1549505
1962750
1495036
1526889
1861024
1625315
1701578
1599277
1522238
1538692
1782731
1697953
1509648
1606567
1527325
1566619
1597228
1566614
2178366
2198945
1689123
1528361
1614843
1550082
1478374
1496113
1593097
1633764
1624261
1509277
1594001
1556566
1484480
1552003
2232317
1747961
1611812
2220565
1735672
1667902
1544118
1492337
1540629
1533440
1530301
1584117
1705259
1604642
1557562
2086361
1450135
1546439
1508658
1479885
1857864
1887328
1536140
1544500
1617051
1684212
1927253
2268291
1572957
1719444
1688473
1520583
1608626
1778553
1550194
1565332
1581358
1734491
1583767
1547501
1619432
1590554
1890950
1706936
1519664
1512267
1547391
1550048
1580232
1516963
1583681
1545949
1550379
1495539
1512621
1601302
2233731
1540235
1519359
1584385
1735450
1602345
1506827
1507452
1594614
1739392
2124683
1470700
1618549
2125340
1501385
1501356
1531359
1564360
1589663
1530547
1525230
1536784
1564949
1489890
1588744
1622002
2199666
1787536
1756218
1718380
1655938
1622180
1671778
1610895
1527167
1592219
1824272
1726882
1689497
1582108
1558312
1576657
1963803
1600395
1643568
2119771
1687352
2474361
1651834
1536720
1516372
1568834
1500763
1648757
1631345
1664072
1608815
1586226
1555857
2258989
1494546
1599157
2041471
1711464
1675779
1577331
1546925
1593434
1581513
1569822
1643236
1551429
1535817
1662237
1520109
2302644
1560502
1660813
1551285
1702504
1595077
1638852
1512111
1579714
1531637
1624895
1826613
2166892
1636302
1575879
1476469
1569994
1625639
1757941
1448844
1583087
1691343
1648617
1552049
1610004
1442833
1570368
1912488
1551425
1741296
2001857
1448834
1524091
1546124
1539672
1541171
1651673
1535760
1650255
1672867
1684254
1623768
1616232
1604681
1929527
1890050
1514058
1503782
1570400
1499186
1482940
1500977
1608589
1578193
1573176
1506206
2276910
1666104
1533686
1518111
1578460
1956697
1477515
0
0
0
0
0
0
0
0
