#xct_latency_in_nsec
0
0
0
0
0
0
0
0
0
0
0
0
0
0
0
0
0
0
0
0
0
14813943
22443473
12424576
7348742
9153187
5201974
3740374
3299047
4310830
3195606
4330115
3466412
5501021
2637667
2227266
2889158
2411700
3589859
1832515
1923288
3325628
2748456
2043530
2658433
2292168
2062328
1775271
2883603
1830744
2804796
1572057
1710706
1682254
1780898
1792886
2327155
1976522
1796845
1894577
2072731
1816938
1844431
1859614
1614997
1912956
1715183
2365741
1853615
1990906
1611429
1660635
1853346
1647630
1719369
1543454
2137281
1598359
2123670
1700079
2526107
1567486
1995910
1532167
1556238
1679128
1702872
1597241
1569400
1633550
1558742
1536466
1659407
1562565
1581585
1746177
1796163
1878238
1804979
1787062
1766715
1885077
1709332
1681815
1774130
1860155
1760701
1801429
1938117
1662269
1738968
1792507
1768481
1806130
1730644
1740223
1770733
1692997
1767550
1827574
2087787
2401578
1984303
1753274
1992641
1789560
1823349
1662783
2542676
1855734
2869451
1800175
1785903
1802004
2195491
2381568
1831988
2343157
1777055
1773676
1735883
1980310
1701314
2132006
2079789
2161565
2244130
2253565
3252474
1789890
1783173
1664693
1753270
2164746
1830228
2017251
1885294
1732068
1830397
2220589
1936010
1883780
1909495
1771163
1880199
1934644
1755619
1890671
1892421
1913454
2006429
1746636
1830464
1858590
2105986
2380439
2366009
1839406
1709251
2027878
2120747
1906133
1723341
2246934
2214867
2168563
2252039
1933254
1984323
1510457
1689858
1822466
2280545
1782598
1978089
1852052
1803560
1693635
1708197
2559331
1923798
1973190
1715392
1948930
3193549
2518634
1905770
2105305
1980155
2033076
2102185
2138805
2013260
1986064
2308779
2253124
1804259
2084493
2120445
1802488
1745550
1771024
1843799
1801060
2285056
1810175
2519289
2332761
2700210
1950123
2123028
1852686
1745111
1581208
1729068
1601118
2263457
1702056
2319319
1984681
1889634
2180574
1693259
2277649
1745151
2250941
1902113
1873952
1904928
1865750
1799007
1687939
1678756
2403005
1749204
2429882
2102530
2221661
2341708
1859389
1668092
2136161
2065252
2043875
1937476
2363991
1664897
2308983
2016162
1778991
1777407
1912294
1912026
1762136
1588578
1885013
1884115
1727843
1819515
2088658
1921908
1749091
2289035
2156959
2105521
1851956
2164599
2316086
2235439
2140811
1780471
2111018
1767614
1931266
1746164
1786555
1854295
1790410
1874154
2075973
1782619
1716029
1929144
1683003
2294955
1699025
1848398
1835633
1773292
1736420
1977761
1895934
2183634
1784767
1820741
1949444
1777003
2289177
1994027
1875940
1747001
2181069
1810054
2737589
2119196
1775908
1867645
1834786
1905195
2392824
1862013
1780082
1844563
2389620
2338054
1649025
1954932
1760595
1996805
1918716
1892645
1682900
2474635
1782429
1836907
1793817
2055531
2022886
1706363
1754099
2370389
2230853
2290313
1975385
1753138
2144801
2017551
2278860
1779237
2664461
1938518
1851742
2502177
1933317
1916199
2394022
2038245
2045210
2148782
2286930
2041421
2175894
1878688
2238474
1986803
2164369
1853814
1814829
1861924
1926640
1866944
2202880
1659856
2107767
1897621
1706605
1759462
1678487
2022824
1892773
2049848
1813829
2103190
1720312
2272634
2545548
2120761
1849065
2177882
1992505
1629587
1778030
1768047
1862850
1818974
1985906
2075372
1647867
2427645
1917086
1921181
2200003
1940185
1874141
2311508
1950892
1881156
2297644
2472922
1963809
2143894
1735980
1697810
1709570
1773998
1716837
1933065
1918788
1887386
2178941
2155047
1793960
1836008
1930141
1821724
1866836
2473688
2151253
1664748
1737453
1728493
2192490
2045367
2144142
2524146
2294150
1750141
1624845
1690887
1714531
1709411
1728243
1768827
1834048
1762655
2215795
1795749
2000043
2450556
1788306
1694408
1802875
1735132
2156149
1645149
2424069
2032523
1784512
1648194
1921751
1720925
1636297
1930399
1985361
2113802
1749613
1637786
1671496
1773409
1838355
1799863
1858317
1698063
2085556
1759952
2403025
1728348
1901755
1606195
1753325
1741454
2522356
1724231
1783506
1659335
2053974
1930477
2152459
2025442
1742252
1701038
1863557
1987087
1880798
2242485
2199303
1839090
2731465
1703568
1979371
1811177
1663068
1709215
1703359
2203690
1628272
2116423
2037461
1697092
1902807
1766063
2426346
1702055
1800913
1632159
1820194
1794059
1827412
1725433
1842271
1819416
1859291
1821750
2004502
1782896
1733480
1997939
1776283
1704764
2887224
1983163
2220273
1711341
1667678
2165440
2165786
1589589
1743390
1839491
1834713
1830517
1680245
1910743
1880820
1874835
2237068
1920601
1837199
2051472
1687923
1713189
1862418
1676021
1640991
1697982
1645075
1835530
1654312
1682853
1801162
1871241
1613328
2090192
2296335
1593642
2739487
1854252
1822741
1963541
2141544
1827750
1818941
2280065
1742520
1737024
1643656
1604662
1761326
1794396
1932605
2046953
2129830
2140332
2341874
1848503
1800783
1994168
1939933
2025555
1841740
1825844
1722488
1821195
1966642
1849299
1739583
1776568
1801653
2144105
1853901
1763297
1656133
1848774
1800897
1707962
1848098
1723309
2615106
2128363
1732414
1886857
2101750
2059275
1983301
2083965
2270250
1735013
1900226
1692446
1661876
1733184
1837713
1972741
1836147
2213693
2150028
2371744
1890944
1880522
2047568
1739581
1799787
1684231
1603836
1716654
2338411
2173864
2034694
2066890
2084193
1986934
1829155
2126930
2128594
2351802
2559445
1977392
2047899
1939303
1950032
1701132
1981026
1846485
1667088
2300819
2133971
2089492
1662284
2367278
1693647
2075156
1864359
1848701
1722744
1703652
1735292
1638549
2211375
2151630
2139781
2382263
2249362
1727140
2569477
1946383
2234411
1785486
1978997
1800018
2169665
1721095
1930206
2094166
1872184
2033534
1744822
1779463
1724683
1745748
1749582
1905917
1826393
2031353
1714303
2339319
1700532
1641785
1652191
1786599
1776120
2692563
2141950
2389958
1737370
1858824
2090695
1760823
1910799
1658283
1754688
2072766
1782261
1624815
2014539
1770962
2018754
1742801
2275245
1772513
1785223
2261802
2558994
1996594
1780915
2004140
1739123
1726094
1531588
1535438
2533225
1774610
1799477
2051288
1948740
2084541
2203695
1664858
1925894
1730318
1800668
1694082
1894985
2487922
1755703
1977019
2053505
2453955
1802154
2225870
1717909
2329690
1749660
1992089
2244745
2794302
1903053
1903605
2030709
1730227
1723910
1592966
1790233
1795242
2305638
2403776
1942826
2161546
1696700
1633132
1591579
1662878
1778815
2196680
1805518
1988451
1908127
2180195
1981220
1831028
1856713
1810112
2001000
1765956
1670892
1658061
1710250
2177594
1714380
2147215
1883867
1753842
1741463
1717350
1711393
2242005
2200974
2068218
1851117
2389051
2047345
1911210
1872918
2128429
1865927
2083376
1893538
2297819
2044314
2904309
1832700
2227812
1659818
1981669
2312077
1764667
1719198
1775667
1802277
1854592
1733904
1845704
1824025
2016767
2037205
1915683
1874921
1796815
2191290
1824687
1874451
1947301
1699782
1884275
2007550
1738350
2399697
2176394
2097107
2156344
1618743
2032416
1660848
1733796
2550725
2373975
1952353
2203471
2136238
1990014
1731681
1840644
2121210
2091775
1918534
1713881
1610963
1683344
2326752
2240974
1884608
2001005
1785666
2134161
1675873
1763124
1759503
1849919
2183909
1796096
1670705
1726738
1747609
1687509
1865201
1666905
1704879
2075978
1702562
1768792
1519426
1564602
1627798
1680222
1773500
1897308
1875838
1837708
1664715
1810192
2388900
1814372
1683907
2328550
1758307
2238543
1728004
1761714
1703177
1806990
1665323
2408066
1837754
1728924
1749755
1717486
1690442
1668857
1716284
1867300
2202912
2216621
1735947
2190342
1724647
1713164
1805038
1757680
2613947
1806201
1669217
1765214
1793304
1718801
1700133
1753841
1767687
1658859
2033305
2181543
1986579
1837381
1725697
2232317
1773815
1823774
1743047
2209916
1747288
1691478
1677863
1742227
1771858
1683242
2152665
1743111
1790201
1635748
1701720
2498963
2029454
1960278
1887379
1826697
1701831
1733724
1898661
1810651
1803388
1738887
1779242
1756044
2606982
2131107
1997374
1766952
2097297
1748001
1784176
2212933
1684651
1674841
1781756
1781014
1732551
1864575
1735030
1708226
1807370
1590677
1724010
1841734
2092639
2072645
1716082
2295853
1769220
1694106
1841113
1791276
1782235
1614679
1746193
1801628
2370982
1755937
1833215
1803299
1843978
1668462
1888520
1886116
1747313
1759070
1743895
1721199
1739394
1799449
1738681
1809692
1823731
1552357
1800612
1867496
1725405
1659130
2167933
1796399
2152123
1666060
1764136
1721829
1784088
1954618
2347772
2136320
1696370
1989521
1755938
1666183
1731391
1706091
1642691
1686087
1717505
1651767
2107152
1835619
1908781
2224270
2026137
2403955
2310541
2039306
1804229
2205561
2128314
1748531
1916642
2211612
1804762
1860219
2457177
1993168
1743805
1823289
1712200
1838682
1709020
2294224
2194706
1547399
1561346
1702912
1943890
1768864
1704504
1691005
2201478
1788234
1789353
1730416
1871209
1898584
1736870
1698521
1870473
1770193
2088623
1659158
1737813
1801463
2177869
1746124
1885684
1823331
1691432
1595509
1800646
2247517
1712205
1792546
1817453
1824391
1661428
1637402
1795697
1776391
1715386
1812098
2196633
2076824
1781441
2437426
1880411
2134222
1672397
1711038
2220034
1823393
1732620
1796004
1794730
2228812
1784594
2339962
1692003
1869932
1895434
1702623
1717374
1636734
1687994
1783444
1787348
1881036
1745055
1700330
1742603
1698501
1731122
2291053
1997049
2137370
1755091
1965013
1686801
1897473
1816278
1884453
1892355
1865337
1741064
1668582
1855153
1680656
1696454
1779320
2481493
1808551
2126194
1730478
2539890
1777971
1803804
1660755
2114405
1702924
1859154
1639520
1740249
1754122
1644669
1694395
1786091
1847011
1840205
1728761
1700477
2153195
2373230
1879639
1682279
1877337
1716171
1777422
1717140
1783654
1715103
1655500
1654839
1824782
1652471
1796687
1931132
1791119
1685437
1835467
2046270
2162625
1646339
1699998
1797826
1809167
1796878
1804569
1800054
1760562
1704061
1721705
1807198
1850420
1650943
1760877
1639030
1577400
2603686
1905919
1976329
1673642
1607079
1694509
1863926
3018138
1589346
1745838
1682373
1845646
1721060
1945432
1599248
1741765
1649957
1661931
1773387
1738725
1604053
1731860
1798363
2028747
1693737
1747464
1783138
1748182
1599389
1638534
1691924
1975184
1569031
1522888
1545828
1777441
1689315
1719469
1630050
1567381
1530581
2484773
1969876
1940797
1626452
1610466
1813127
1535157
1485801
2115715
1750550
1992438
1524215
1655587
1588496
1557063
1566188
1606886
1869066
1584129
1533928
1582875
1636017
1614478
1543040
2322586
1876130
1704824
1612127
1609681
1850696
1556630
1528326
1601928
2236535
2225634
1989457
1872351
1656622
1687068
1771337
1867029
1711719
1898429
1699390
1725111
1732280
1713063
1984092
2094145
1611256
1750854
1541358
1680057
1460272
1672663
1641815
2330270
1852410
1676900
1984335
1569033
1710789
1530805
1878812
1570756
1613795
1574076
1490119
1535633
1588199
1560939
1960339
1596652
1559168
1649104
1548358
1545110
1530878
1482893
1892257
1597683
2073056
1610604
1578941
2136979
1968790
1467263
1524826
1665306
1614857
1555123
1896901
1651264
1612413
1524932
1564794
1557743
1588224
1479727
1960154
1471732
1542910
1586489
1584865
1558012
1632285
1641297
1886570
1603404
1577544
1583739
1569958
1630218
1583250
1513855
1614658
2010339
1498572
1523522
1594522
1621330
2102671
1494856
1516148
1537116
1533046
1603395
1533585
1627690
1639435
2209460
2566130
1534783
1548904
1870323
1585646
2128361
1696882
1626503
1621441
1512088
1533884
1580469
1499551
1577504
1706006
1467920
1636095
1637588
1552030
1574306
2008609
1497328
1753501
1557224
2157321
1629696
1557772
1517138
1529079
1524131
1543781
1519307
1667097
1586805
1611952
2092679
1591135
1622963
1682139
1558084
1584041
1566122
2237145
1463864
1593030
1482200
1511741
1566052
1573286
1606436
1690002
1528681
3376343
1717778
1566186
1529541
1570648
2240960
1591038
1563780
1611557
1452799
1398667
1465208
1553803
1489501
1515884
1496200
1615382
1509290
2030263
1493427
1517298
1514823
2046109
1534005
1529656
1684001
1560067
1661624
1661752
1648265
1611247
1667359
1518381
1661229
1640753
1927425
2106573
1650677
1588073
1592234
1661292
1650283
1590308
1535262
1712896
1638172
1549534
1975721
1575408
1448045
1890201
1613464
1581896
1469498
1430512
1580675
1509042
1687756
1566422
1520945
1712043
1552856
1450509
1945224
1561930
1625913
1515587
1548136
1996114
1540861
1459440
1552813
1624855
1637159
1538269
1691842
1606969
1584840
1505613
1598074
2369920
1590086
1930304
1540896
1681620
1477452
1504163
1625177
1611435
1640017
1519612
1579759
1606421
1511722
1529813
1571527
2169294
1711313
1451971
1151728
1138946
1185356
1121396
1328460
1675326
1791468
1087580
1159829
1178221
1388066
1204290
1182340
1164755
1241589
1203921
1309752
1251841
1232128
1271884
1820025
1872056
1342429
1311507
1455041
1578566
2208795
2113813
3173338
8899308
0
