60 GB	
0	
0	
0	
0	
0	
0	
0	
0	
0	
0	
0	
0	
0	
0	
0	
0	
0	
0	
0	
0	
0	
0	
0	
0	
0	
0	
0	
0	
0	
0	
0	
0	
0	
0	
0	
0	
0	
0	
0	
0	
1.6	
6.4	
12.8	
17.6	
24	
28.8	
33.6	
40	
46.4	
51.2	
57.6	
62.4	
68.8	
73.6	
80	
86.4	
91.2	
97.6	
102.4	
108.8	
112	
113.6	
113.6	
113.6	
113.6	
115.2	
115.2	
113.6	
113.6	
113.6	
113.6	
113.6	
113.6	
113.6	
113.6	
113.6	
113.6	
113.6	
113.6	
112	
113.6	
112	
112	
112	
110.4	
110.4	
110.4	
112	
110.4	
112	
110.4	
112	
110.4	
112	
110.4	
108.8	
110.4	
108.8	
110.4	
112	
110.4	
112	
110.4	
110.4	
112	
110.4	
112	
110.4	
112	
110.4	
112	
112	
112	
110.4	
112	
112	
112	
113.6	
112	
112	
113.6	
112	
113.6	
115.2	
113.6	
113.6	
113.6	
113.6	
113.6	
113.6	
112	
112	
112	
113.6	
112	
113.6	
112	
110.4	
112	
110.4	
110.4	
112	
110.4	
110.4	
110.4	
112	
110.4	
112	
110.4	
112	
113.6	
112	
113.6	
112	
113.6	
113.6	
113.6	
115.2	
113.6	
115.2	
115.2	
115.2	
115.2	
115.2	
116.8	
115.2	
116.8	
115.2	
116.8	
116.8	
115.2	
115.2	
115.2	
115.2	
115.2	
113.6	
115.2	
113.6	
115.2	
113.6	
113.6	
112	
112	
112	
110.4	
112	
112	
112	
112	
110.4	
112	
113.6	
112	
113.6	
112	
113.6	
112	
113.6	
113.6	
115.2	
113.6	
115.2	
116.8	
115.2	
116.8	
115.2	
115.2	
115.2	
115.2	
115.2	
113.6	
113.6	
113.6	
113.6	
113.6	
113.6	
113.6	
115.2	
113.6	
113.6	
113.6	
113.6	
112	
113.6	
113.6	
113.6	
113.6	
113.6	
112	
113.6	
113.6	
113.6	
113.6	
112	
113.6	
112	
113.6	
110.4	
112	
110.4	
112	
112	
112	
110.4	
110.4	
110.4	
110.4	
110.4	
112	
110.4	
112	
110.4	
112	
112	
112	
112	
112	
113.6	
112	
113.6	
113.6	
112	
113.6	
113.6	
113.6	
113.6	
113.6	
113.6	
113.6	
113.6	
113.6	
113.6	
113.6	
115.2	
113.6	
115.2	
115.2	
113.6	
115.2	
115.2	
113.6	
113.6	
113.6	
113.6	
113.6	
113.6	
113.6	
113.6	
113.6	
113.6	
113.6	
113.6	
113.6	
112	
113.6	
113.6	
112	
113.6	
112	
112	
113.6	
113.6	
113.6	
113.6	
113.6	
113.6	
113.6	
113.6	
113.6	
113.6	
112	
113.6	
112	
113.6	
113.6	
112	
113.6	
112	
113.6	
112	
110.4	
112	
110.4	
112	
110.4	
110.4	
110.4	
110.4	
110.4	
110.4	
112	
110.4	
110.4	
110.4	
108.8	
110.4	
108.8	
108.8	
108.8	
108.8	
110.4	
108.8	
110.4	
108.8	
108.8	
110.4	
108.8	
110.4	
110.4	
110.4	
110.4	
110.4	
112	
110.4	
112	
112	
112	
113.6	
112	
113.6	
113.6	
113.6	
113.6	
113.6	
115.2	
113.6	
115.2	
115.2	
115.2	
115.2	
115.2	
115.2	
115.2	
115.2	
115.2	
113.6	
115.2	
113.6	
113.6	
113.6	
112	
113.6	
112	
113.6	
112	
112	
112	
110.4	
110.4	
110.4	
110.4	
110.4	
108.8	
110.4	
108.8	
110.4	
108.8	
110.4	
110.4	
108.8	
112	
110.4	
112	
110.4	
112	
112	
112	
112	
110.4	
112	
112	
113.6	
113.6	
113.6	
113.6	
112	
113.6	
112	
113.6	
113.6	
112	
112	
112	
112	
112	
112	
112	
112	
113.6	
112	
110.4	
110.4	
110.4	
110.4	
110.4	
110.4	
110.4	
110.4	
110.4	
110.4	
110.4	
112	
110.4	
112	
110.4	
112	
110.4	
112	
110.4	
112	
113.6	
112	
112	
112	
112	
113.6	
112	
112	
112	
112	
112	
110.4	
112	
110.4	
110.4	
110.4	
110.4	
108.8	
110.4	
108.8	
108.8	
108.8	
110.4	
108.8	
110.4	
108.8	
110.4	
110.4	
108.8	
110.4	
108.8	
110.4	
108.8	
110.4	
110.4	
108.8	
108.8	
108.8	
108.8	
108.8	
108.8	
108.8	
108.8	
108.8	
108.8	
110.4	
108.8	
113.6	
120	
123.2	
129.6	
134.4	
139.2	
142.4	
148.8	
155.2	
161.6	
166.4	
172.8	
177.6	
182.4	
187.2	
192	
195.2	
198.4	
201.6	
206.4	
208	
206.4	
204.8	
204.8	
203.2	
204.8	
206.4	
206.4	
206.4	
206.4	
208	
206.4	
208	
208	
209.6	
208	
211.2	
212.8	
212.8	
212.8	
212.8	
212.8	
214.4	
214.4	
214.4	
212.8	
212.8	
211.2	
211.2	
208	
206.4	
204.8	
204.8	
203.2	
203.2	
204.8	
203.2	
201.6	
203.2	
203.2	
203.2	
204.8	
204.8	
204.8	
206.4	
206.4	
198.4	
193.6	
185.6	
180.8	
176	
169.6	
163.2	
158.4	
150.4	
144	
137.6	
132.8	
126.4	
120	
112	
105.6	
99.2	
92.8	
84.8	
80	
80	
78.4	
80	
80	
80	
80	
80	
80	
80	
80	
80	
78.4	
78.4	
78.4	
78.4	
78.4	
80	
78.4	
80	
80	
80	
81.6	
80	
81.6	
81.6	
81.6	
81.6	
80	
81.6	
80	
81.6	
83.2	
81.6	
83.2	
83.2	
83.2	
81.6	
83.2	
81.6	
80	
81.6	
80	
81.6	
80	
80	
80	
80	
80	
80	
80	
80	
80	
80	
80	
80	
78.4	
80	
80	
80	
81.6	
80	
80	
80	
80	
80	
80	
80	
80	
80	
80	
80	
80	
80	
80	
80	
81.6	
80	
80	
80	
80	
78.4	
80	
78.4	
80	
78.4	
80	
80	
78.4	
78.4	
78.4	
78.4	
76.8	
78.4	
76.8	
78.4	
76.8	
78.4	
78.4	
78.4	
78.4	
80	
80	
80	
80	
81.6	
81.6	
81.6	
84.8	
84.8	
86.4	
86.4	
86.4	
86.4	
88	
88	
89.6	
89.6	
89.6	
91.2	
89.6	
91.2	
91.2	
91.2	
91.2	
91.2	
91.2	
91.2	
91.2	
91.2	
91.2	
91.2	
92.8	
92.8	
92.8	
92.8	
92.8	
92.8	
92.8	
91.2	
92.8	
92.8	
92.8	
94.4	
94.4	
94.4	
94.4	
94.4	
94.4	
94.4	
92.8	
92.8	
92.8	
92.8	
92.8	
92.8	
92.8	
92.8	
92.8	
92.8	
92.8	
92.8	
92.8	
92.8	
92.8	
92.8	
92.8	
92.8	
92.8	
92.8	
92.8	
92.8	
92.8	
92.8	
92.8	
92.8	
92.8	
92.8	
92.8	
92.8	
92.8	
92.8	
92.8	
92.8	
92.8	
92.8	
92.8	
92.8	
91.2	
91.2	
92.8	
92.8	
92.8	
92.8	
92.8	
92.8	
92.8	
92.8	
92.8	
94.4	
94.4	
94.4	
92.8	
92.8	
92.8	
92.8	
92.8	
92.8	
94.4	
94.4	
94.4	
94.4	
94.4	
94.4	
94.4	
94.4	
92.8	
92.8	
92.8	
92.8	
92.8	
92.8	
94.4	
94.4	
94.4	
94.4	
94.4	
92.8	
92.8	
92.8	
92.8	
92.8	
92.8	
92.8	
92.8	
92.8	
94.4	
94.4	
94.4	
94.4	
94.4	
94.4	
94.4	
94.4	
94.4	
94.4	
94.4	
96	
96	
96	
96	
96	
96	
96	
96	
96	
96	
96	
96	
96	
96	
96	
94.4	
94.4	
94.4	
94.4	
94.4	
94.4	
94.4	
92.8	
92.8	
92.8	
92.8	
92.8	
92.8	
92.8	
92.8	
92.8	
92.8	
92.8	
92.8	
92.8	
94.4	
94.4	
94.4	
94.4	
94.4	
94.4	
94.4	
96	
96	
96	
94.4	
94.4	
94.4	
94.4	
94.4	
94.4	
92.8	
92.8	
92.8	
92.8	
92.8	
91.2	
91.2	
91.2	
91.2	
91.2	
91.2	
91.2	
91.2	
91.2	
92.8	
91.2	
91.2	
91.2	
91.2	
89.6	
91.2	
91.2	
91.2	
91.2	
91.2	
92.8	
92.8	
92.8	
91.2	
91.2	
91.2	
91.2	
91.2	
91.2	
91.2	
92.8	
92.8	
92.8	
92.8	
94.4	
92.8	
92.8	
92.8	
92.8	
92.8	
92.8	
92.8	
92.8	
94.4	
94.4	
94.4	
94.4	
94.4	
94.4	
94.4	
94.4	
94.4	
94.4	
94.4	
94.4	
96	
96	
94.4	
94.4	
94.4	
94.4	
94.4	
94.4	
94.4	
94.4	
94.4	
94.4	
94.4	
94.4	
92.8	
92.8	
92.8	
92.8	
92.8	
92.8	
92.8	
91.2	
92.8	
92.8	
92.8	
92.8	
92.8	
92.8	
92.8	
92.8	
92.8	
92.8	
92.8	
92.8	
92.8	
92.8	
92.8	
92.8	
92.8	
92.8	
92.8	
94.4	
94.4	
94.4	
94.4	
94.4	
94.4	
94.4	
94.4	
94.4	
94.4	
92.8	
92.8	
92.8	
92.8	
92.8	
92.8	
92.8	
92.8	
91.2	
91.2	
91.2	
91.2	
91.2	
91.2	
91.2	
91.2	
91.2	
91.2	
91.2	
91.2	
92.8	
92.8	
91.2	
92.8	
92.8	
92.8	
91.2	
91.2	
92.8	
92.8	
92.8	
92.8	
92.8	
92.8	
91.2	
91.2	
91.2	
91.2	
91.2	
91.2	
91.2	
91.2	
92.8	
92.8	
91.2	
91.2	
92.8	
92.8	
92.8	
92.8	
92.8	
92.8	
91.2	
91.2	
92.8	
92.8	
92.8	
92.8	
92.8	
92.8	
92.8	
92.8	
92.8	
92.8	
94.4	
94.4	
94.4	
94.4	
94.4	
94.4	
94.4	
92.8	
94.4	
94.4	
94.4	
94.4	
94.4	
94.4	
94.4	
94.4	
94.4	
94.4	
94.4	
94.4	
94.4	
92.8	
92.8	
92.8	
92.8	
92.8	
92.8	
94.4	
94.4	
94.4	
94.4	
94.4	
94.4	
94.4	
94.4	
94.4	
94.4	
94.4	
94.4	
94.4	
94.4	
96	
96	
96	
96	
96	
96	
96	
96	
96	
96	
96	
96	
96	
94.4	
94.4	
94.4	
94.4	
94.4	
94.4	
94.4	
94.4	
94.4	
94.4	
92.8	
92.8	
92.8	
92.8	
92.8	
91.2	
91.2	
91.2	
91.2	
91.2	
92.8	
92.8	
92.8	
92.8	
92.8	
92.8	
92.8	
92.8	
92.8	
92.8	
92.8	
92.8	
92.8	
91.2	
91.2	
92.8	
92.8	
92.8	
92.8	
92.8	
92.8	
92.8	
92.8	
92.8	
92.8	
91.2	
91.2	
91.2	
91.2	
89.6	
91.2	
91.2	
91.2	
92.8	
92.8	
92.8	
92.8	
92.8	
92.8	
92.8	
92.8	
92.8	
92.8	
92.8	
91.2	
92.8	
92.8	
92.8	
92.8	
94.4	
94.4	
94.4	
94.4	
92.8	
92.8	
92.8	
92.8	
92.8	
92.8	
92.8	
92.8	
92.8	
92.8	
92.8	
94.4	
94.4	
94.4	
94.4	
94.4	
94.4	
94.4	
94.4	
92.8	
94.4	
94.4	
94.4	
94.4	
94.4	
94.4	
94.4	
94.4	
94.4	
94.4	
92.8	
92.8	
92.8	
91.2	
91.2	
91.2	
91.2	
91.2	
91.2	
