# xct_end restore_begin restore_segment restore_end page_write page_read
0	0	0	0	0	0	
0	0	0	0	0	0	
0	0	0	0	0	0	
0	0	0	0	0	0	
0	0	0	0	0	0	
0	0	0	0	0	0	
0	0	0	0	0	0	
0	0	0	0	0	0	
0	0	0	0	0	0	
0	0	0	0	0	0	
0	0	0	0	0	0	
0	0	0	0	0	0	
0	0	0	0	0	0	
0	0	0	0	0	0	
0	0	0	0	0	0	
0	0	0	0	0	0	
0	0	0	0	0	0	
0	0	0	0	0	0	
0	0	0	0	0	1	
0	0	0	0	0	9	
344	0	0	0	252	8235	
1146	0	0	0	787	16466	
1395	0	0	0	182	13826	
1463	0	0	0	475	11006	
2228	0	0	0	505	13790	
2571	0	0	0	443	13516	
3087	0	0	0	466	14619	
3718	0	0	0	528	15434	
2475	0	0	0	332	9074	
2237	0	0	0	284	7897	
3794	0	0	0	445	12013	
4732	0	0	0	490	13327	
5404	0	0	0	511	13322	
3150	0	0	0	304	7359	
5414	0	0	0	468	11493	
4608	0	0	0	382	8565	
8087	0	0	0	608	13784	
4121	0	0	0	384	6178	
7574	0	0	0	517	10273	
6241	0	0	0	434	7859	
7931	0	0	0	529	8952	
6025	0	0	0	401	6254	
5724	0	0	0	362	5668	
5938	0	0	0	385	5506	
9757	0	0	0	612	8440	
8796	0	0	0	550	6958	
6620	0	0	0	429	4814	
6490	0	0	0	412	4845	
9518	0	0	0	570	6074	
258	1	0	0	2056	116	
0	0	0	0	0	0	
0	0	0	0	1779	0	
0	0	0	0	2090	0	
0	0	0	0	2118	0	
0	0	0	0	2006	0	
0	0	0	0	2009	0	
0	0	0	0	1677	0	
0	0	5	0	501	0	
0	0	7	0	7	0	
0	0	8	0	8	0	
0	0	8	0	8	0	
0	0	7	0	7	0	
0	0	8	0	8	0	
0	0	7	0	7	0	
0	0	8	0	8	0	
0	0	7	0	7	0	
0	0	8	0	8	0	
0	0	8	0	8	0	
0	0	7	0	7	0	
0	0	8	0	8	0	
0	0	7	0	7	0	
0	0	8	0	8	0	
0	0	7	0	7	0	
0	0	8	0	8	0	
0	0	8	0	8	0	
0	0	7	0	7	0	
0	0	8	0	8	0	
0	0	7	0	7	0	
0	0	8	0	8	0	
0	0	7	0	7	0	
0	0	8	0	8	0	
0	0	7	0	7	0	
0	0	8	0	8	0	
0	0	8	0	8	0	
0	0	7	0	7	0	
0	0	8	0	8	0	
0	0	7	0	7	0	
0	0	8	0	9	0	
0	0	7	0	7	0	
0	0	8	0	8	0	
0	0	7	0	7	0	
0	0	8	0	8	0	
0	0	8	0	8	0	
0	0	7	0	7	0	
0	0	8	0	8	0	
0	0	7	0	7	0	
0	0	8	0	8	0	
0	0	7	0	7	0	
0	0	8	0	8	0	
0	0	8	0	8	0	
0	0	7	0	7	0	
0	0	8	0	8	0	
0	0	7	0	7	0	
0	0	8	0	8	0	
0	0	7	0	7	0	
0	0	8	0	8	0	
0	0	7	0	7	0	
0	0	8	0	8	0	
0	0	8	0	8	0	
0	0	7	0	7	0	
0	0	8	0	8	0	
0	0	7	0	7	0	
0	0	8	0	8	0	
0	0	7	0	7	0	
0	0	8	0	8	0	
0	0	8	0	8	0	
0	0	7	0	7	0	
0	0	8	0	8	0	
0	0	7	0	7	0	
0	0	8	0	8	0	
0	0	7	0	7	0	
0	0	8	0	8	0	
0	0	8	0	8	0	
0	0	7	0	7	0	
0	0	8	0	8	0	
0	0	7	0	7	0	
0	0	8	0	8	0	
0	0	7	0	7	0	
0	0	8	0	8	0	
0	0	7	0	7	0	
0	0	8	0	8	0	
0	0	8	0	8	0	
0	0	7	0	7	0	
0	0	8	0	8	0	
0	0	7	0	7	0	
0	0	8	0	8	0	
0	0	7	0	7	0	
0	0	8	0	8	0	
0	0	7	0	7	0	
0	0	8	0	8	0	
0	0	8	0	8	0	
0	0	7	0	7	0	
0	0	8	0	8	0	
0	0	7	0	7	0	
0	0	8	0	8	0	
0	0	7	0	7	0	
0	0	8	0	8	0	
0	0	7	0	7	0	
0	0	8	0	8	0	
0	0	8	0	8	0	
0	0	7	0	7	0	
0	0	8	0	8	0	
0	0	7	0	7	0	
0	0	8	0	8	0	
0	0	7	0	7	0	
0	0	8	0	8	0	
0	0	7	0	7	0	
0	0	8	0	8	0	
0	0	8	0	8	0	
0	0	7	0	7	0	
0	0	8	0	8	0	
0	0	7	0	7	0	
0	0	8	0	9	0	
0	0	7	0	7	0	
0	0	8	0	8	0	
0	0	8	0	8	0	
0	0	7	0	8	0	
0	0	8	0	8	0	
0	0	7	0	7	0	
0	0	8	0	8	0	
0	0	7	0	7	0	
0	0	8	0	8	0	
0	0	7	0	7	0	
0	0	8	0	8	0	
0	0	8	0	8	0	
0	0	7	0	7	0	
0	0	8	0	8	0	
0	0	7	0	7	0	
0	0	8	0	8	0	
0	0	7	0	7	0	
0	0	8	0	8	0	
0	0	8	0	8	0	
0	0	7	0	7	0	
0	0	8	0	8	0	
0	0	7	0	7	0	
0	0	8	0	8	0	
0	0	7	0	7	0	
0	0	8	0	9	0	
0	0	7	0	7	0	
0	0	8	0	8	0	
0	0	8	0	8	0	
0	0	7	0	7	0	
0	0	8	0	8	0	
0	0	7	0	7	0	
0	0	8	0	8	0	
0	0	7	0	7	0	
0	0	8	0	8	0	
0	0	8	0	8	0	
0	0	7	0	7	0	
0	0	8	0	8	0	
0	0	7	0	7	0	
0	0	8	0	8	0	
0	0	7	0	7	0	
0	0	8	0	8	0	
0	0	7	0	7	0	
0	0	8	0	8	0	
0	0	8	0	8	0	
0	0	7	0	7	0	
0	0	8	0	8	0	
0	0	7	0	7	0	
0	0	8	0	8	0	
0	0	7	0	7	0	
0	0	8	0	8	0	
0	0	8	0	8	0	
0	0	7	0	7	0	
0	0	8	0	8	0	
0	0	7	0	7	0	
0	0	8	0	8	0	
0	0	7	0	7	0	
0	0	8	0	8	0	
0	0	7	0	7	0	
0	0	8	0	8	0	
0	0	8	0	8	0	
0	0	7	0	7	0	
0	0	8	0	8	0	
0	0	7	0	7	0	
0	0	8	0	8	0	
0	0	7	0	7	0	
0	0	8	0	8	0	
0	0	8	0	8	0	
0	0	7	0	7	0	
0	0	8	0	8	0	
0	0	7	0	7	0	
0	0	8	0	8	0	
0	0	7	0	7	0	
0	0	8	0	8	0	
0	0	8	0	8	0	
0	0	7	0	7	0	
0	0	8	0	8	0	
0	0	7	0	7	0	
0	0	8	0	8	0	
0	0	7	0	7	0	
0	0	8	0	8	0	
0	0	7	0	7	0	
0	0	8	0	8	0	
0	0	8	0	8	0	
0	0	7	0	7	0	
0	0	8	0	8	0	
0	0	7	0	7	0	
0	0	8	0	8	0	
0	0	7	0	7	0	
0	0	8	0	8	0	
0	0	8	0	8	0	
0	0	7	0	7	0	
0	0	8	0	8	0	
0	0	7	0	7	0	
0	0	8	0	8	0	
0	0	7	0	7	0	
0	0	8	0	8	0	
0	0	7	0	7	0	
0	0	8	0	8	0	
0	0	8	0	8	0	
0	0	7	0	7	0	
0	0	8	0	8	0	
0	0	7	0	7	0	
0	0	8	0	9	0	
0	0	7	0	7	0	
0	0	8	0	8	0	
0	0	7	0	7	0	
0	0	8	0	8	0	
0	0	8	0	8	0	
0	0	7	0	7	0	
0	0	7	0	7	0	
0	0	8	0	8	0	
0	0	7	0	7	0	
0	0	8	0	8	0	
0	0	7	0	7	0	
0	0	8	0	8	0	
0	0	7	0	7	0	
0	0	8	0	8	0	
0	0	7	0	7	0	
0	0	8	0	8	0	
0	0	7	0	7	0	
0	0	8	0	8	0	
0	0	7	0	7	0	
0	0	8	0	8	0	
0	0	7	0	7	0	
0	0	8	0	8	0	
0	0	7	0	7	0	
0	0	8	0	8	0	
0	0	7	0	7	0	
0	0	8	0	8	0	
0	0	7	0	7	0	
0	0	8	0	8	0	
0	0	7	0	7	0	
0	0	8	0	8	0	
0	0	7	0	7	0	
0	0	8	0	8	0	
0	0	7	0	7	0	
0	0	8	0	8	0	
0	0	7	0	7	0	
0	0	8	0	8	0	
0	0	7	0	7	0	
0	0	8	0	8	0	
0	0	7	0	7	0	
0	0	8	0	8	0	
0	0	7	0	7	0	
0	0	8	0	8	0	
0	0	7	0	7	0	
0	0	8	0	8	0	
0	0	7	0	7	0	
0	0	8	0	8	0	
0	0	7	0	7	0	
0	0	8	0	8	0	
0	0	7	0	7	0	
0	0	8	0	8	0	
0	0	7	0	7	0	
0	0	7	0	7	0	
0	0	8	0	8	0	
0	0	7	0	7	0	
0	0	8	0	8	0	
0	0	7	0	7	0	
0	0	7	0	7	0	
0	0	8	0	8	0	
0	0	7	0	7	0	
0	0	8	0	8	0	
0	0	7	0	7	0	
0	0	7	0	7	0	
0	0	8	0	8	0	
0	0	7	0	7	0	
0	0	7	0	7	0	
0	0	8	0	8	0	
0	0	7	0	7	0	
0	0	8	0	8	0	
0	0	7	0	7	0	
0	0	7	0	7	0	
0	0	8	0	8	0	
0	0	7	0	7	0	
0	0	8	0	8	0	
0	0	7	0	7	0	
0	0	7	0	7	0	
0	0	8	0	8	0	
0	0	7	0	7	0	
0	0	8	0	8	0	
0	0	7	0	8	0	
0	0	7	0	7	0	
0	0	8	0	8	0	
0	0	7	0	7	0	
0	0	7	0	7	0	
0	0	8	0	8	0	
0	0	7	0	7	0	
0	0	8	0	8	0	
0	0	7	0	7	0	
0	0	7	0	7	0	
0	0	8	0	8	0	
0	0	7	0	7	0	
0	0	8	0	8	0	
0	0	7	0	7	0	
0	0	8	0	7	0	
0	0	7	0	8	0	
0	0	7	0	7	0	
0	0	8	0	8	0	
0	0	7	0	7	0	
0	0	8	0	8	0	
0	0	7	0	7	0	
0	0	7	0	7	0	
0	0	8	0	8	0	
0	0	7	0	7	0	
0	0	8	0	8	0	
0	0	7	0	7	0	
0	0	7	0	7	0	
0	0	8	0	8	0	
0	0	7	0	7	0	
0	0	8	0	8	0	
0	0	7	0	7	0	
0	0	7	0	7	0	
0	0	8	0	8	0	
0	0	7	0	7	0	
0	0	8	0	8	0	
0	0	7	0	7	0	
0	0	7	0	7	0	
0	0	8	0	8	0	
0	0	7	0	7	0	
0	0	8	0	8	0	
0	0	7	0	7	0	
0	0	7	0	7	0	
0	0	8	0	8	0	
0	0	7	0	7	0	
0	0	8	0	8	0	
0	0	7	0	7	0	
0	0	7	0	7	0	
0	0	8	0	8	0	
0	0	7	0	7	0	
0	0	8	0	8	0	
0	0	7	0	7	0	
0	0	7	0	7	0	
0	0	8	0	8	0	
0	0	7	0	7	0	
0	0	8	0	8	0	
0	0	7	0	7	0	
0	0	8	0	8	0	
0	0	7	0	7	0	
0	0	7	0	7	0	
0	0	8	0	8	0	
0	0	7	0	7	0	
0	0	8	0	8	0	
0	0	7	0	7	0	
0	0	7	0	7	0	
0	0	8	0	8	0	
0	0	7	0	7	0	
0	0	8	0	8	0	
0	0	7	0	7	0	
0	0	8	0	8	0	
0	0	7	0	7	0	
0	0	7	0	7	0	
0	0	8	0	8	0	
0	0	7	0	7	0	
0	0	7	0	7	0	
0	0	8	0	8	0	
0	0	7	0	7	0	
0	0	8	0	8	0	
0	0	7	0	7	0	
0	0	7	0	7	0	
0	0	8	0	8	0	
0	0	7	0	7	0	
0	0	8	0	8	0	
0	0	7	0	7	0	
0	0	8	0	8	0	
0	0	7	0	7	0	
0	0	8	0	8	0	
0	0	7	0	7	0	
0	0	8	0	8	0	
0	0	7	0	7	0	
0	0	8	0	8	0	
0	0	7	0	7	0	
0	0	7	0	7	0	
0	0	8	0	8	0	
0	0	7	0	7	0	
0	0	8	0	8	0	
0	0	7	0	7	0	
0	0	8	0	8	0	
0	0	7	0	7	0	
0	0	7	0	7	0	
0	0	8	0	8	0	
0	0	7	0	7	0	
0	0	8	0	7	0	
0	0	7	0	8	0	
0	0	7	0	7	0	
0	0	8	0	8	0	
0	0	7	0	7	0	
0	0	8	0	8	0	
0	0	7	0	7	0	
0	0	8	0	8	0	
0	0	7	0	7	0	
0	0	7	0	7	0	
0	0	8	0	8	0	
0	0	7	0	7	0	
0	0	7	0	7	0	
0	0	8	0	8	0	
0	0	7	0	7	0	
0	0	7	0	7	0	
0	0	8	0	8	0	
0	0	7	0	7	0	
0	0	7	0	7	0	
0	0	7	0	7	0	
0	0	8	0	8	0	
0	0	7	0	7	0	
0	0	7	0	7	0	
0	0	8	0	8	0	
0	0	7	0	7	0	
0	0	7	0	7	0	
0	0	8	0	8	0	
0	0	7	0	7	0	
0	0	7	0	7	0	
0	0	7	0	7	0	
0	0	8	0	8	0	
0	0	7	0	7	0	
0	0	7	0	7	0	
0	0	8	0	8	0	
0	0	7	0	7	0	
0	0	7	0	7	0	
0	0	8	0	7	0	
0	0	7	0	8	0	
0	0	7	0	7	0	
0	0	7	0	7	0	
0	0	8	0	8	0	
0	0	7	0	7	0	
0	0	7	0	7	0	
0	0	8	0	8	0	
0	0	7	0	7	0	
0	0	7	0	7	0	
0	0	8	0	8	0	
0	0	7	0	7	0	
0	0	7	0	7	0	
0	0	8	0	8	0	
0	0	7	0	7	0	
0	0	7	0	7	0	
0	0	8	0	8	0	
0	0	7	0	7	0	
0	0	7	0	7	0	
0	0	8	0	8	0	
0	0	7	0	7	0	
0	0	7	0	7	0	
0	0	8	0	8	0	
0	0	7	0	7	0	
0	0	7	0	7	0	
0	0	8	0	8	0	
0	0	7	0	7	0	
0	0	8	0	8	0	
0	0	8	0	8	0	
0	0	7	0	7	0	
0	0	7	0	7	0	
0	0	8	0	8	0	
0	0	7	0	7	0	
0	0	7	0	7	0	
0	0	8	0	8	0	
0	0	7	0	7	0	
0	0	7	0	7	0	
0	0	8	0	8	0	
0	0	7	0	7	0	
0	0	7	0	7	0	
0	0	8	0	8	0	
0	0	7	0	7	0	
0	0	7	0	7	0	
0	0	8	0	8	0	
0	0	7	0	7	0	
0	0	7	0	7	0	
0	0	8	0	8	0	
0	0	7	0	7	0	
0	0	7	0	7	0	
0	0	8	0	8	0	
0	0	7	0	7	0	
0	0	7	0	7	0	
0	0	8	0	8	0	
0	0	7	0	7	0	
0	0	7	0	7	0	
4531	0	3	1	501	2649	
7820	0	0	0	481	4401	
8331	0	0	0	487	4310	
9430	0	0	0	552	4382	
10642	0	0	0	621	4746	
9402	0	0	0	567	3922	
9300	0	0	0	556	3707	
8480	0	0	0	493	2968	
10057	0	0	0	577	3206	
8823	0	0	0	521	2642	
9088	0	0	0	532	2653	
8389	0	0	0	482	2126	
8737	0	0	0	506	2085	
9082	0	0	0	543	1968	
9647	0	0	0	548	2099	
10140	0	0	0	567	2061	
9051	0	0	0	520	1622	
8107	0	0	0	476	1377	
7065	0	0	0	744	1181	
9066	0	0	0	521	1428	
9851	0	0	0	555	1580	
10072	0	0	0	558	1436	
9232	0	0	0	524	1197	
9252	0	0	0	536	1189	
9057	0	0	0	580	969	
9794	0	0	0	565	1028	
8552	0	0	0	488	921	
10181	0	0	0	570	986	
11134	0	0	0	616	1079	
10388	0	0	0	568	936	
4815	0	0	0	1627	424	
0	0	0	0	206	0	
