45 GB	40 GB	35 GB	30 GB	
4.84e-05	4.61e-05	4.72e-05	5.44e-05	
0.315387	0.342374	0.514608	0.497255	
0.696349	0.760254	0.878766	1.02729	
0.883253	0.948684	1.13053	1.36542	
1.04126	1.13483	1.34926	1.68444	
1.16702	1.27908	1.52831	1.97086	
1.27985	1.40039	1.6969	2.17938	
1.38053	1.52389	1.88253	2.37662	
1.48006	1.62089	2.00651	2.53533	
1.57423	1.71593	2.12371	2.68892	
1.68958	1.80875	2.23124	2.82959	
1.77371	1.91127	2.33607	2.97163	
1.8615	2.00144	2.46359	3.09974	
1.94565	2.08485	2.56145	3.24183	
2.03098	2.17936	2.66418	3.35034	
2.11073	2.28229	2.75915	3.45984	
2.19153	2.37043	2.85462	3.57025	
2.27483	2.45862	2.96866	3.67632	
2.39307	2.55984	3.0658	3.77565	
2.47405	2.65802	3.17253	3.87236	
2.55618	2.74531	3.27493	3.96356	
2.32279	2.48238	2.88413	3.57168	
2.03432	2.14507	2.64108	3.19504	
1.92696	2.0351	2.49398	2.9566	
1.84711	1.92826	2.3738	2.72737	
1.80258	1.86537	2.29028	2.55741	
1.76886	1.82106	2.25194	2.44049	
1.74539	1.77279	2.17072	2.3621	
1.7231	1.76032	2.16095	2.29271	
1.7059	1.74862	2.1834	2.22353	
1.66685	1.74017	2.17422	2.17113	
1.66428	1.71639	2.17096	2.1151	
1.6558	1.71232	2.1343	2.06972	
1.64811	1.71455	2.12563	2.06201	
1.64873	1.70674	2.11368	2.04317	
1.65081	1.6892	2.14823	2.0247	
1.64961	1.68933	2.15893	1.99877	
1.64334	1.68307	2.13656	1.9763	
1.60342	1.66798	2.15322	1.96391	
1.60063	1.66376	2.15222	1.95237	
1.59632	1.68374	2.13888	1.93825	
1.62245	1.68118	2.10529	1.91667	
1.61113	1.69425	2.0858	1.85137	
1.60573	1.6921	2.07462	1.83428	
1.60565	1.70185	2.06453	1.82378	
1.59992	1.70401	2.05901	1.78713	
1.59735	1.72757	2.05541	1.77594	
1.59453	1.73997	2.04787	1.74833	
1.59525	1.75982	2.03574	1.73585	
1.59551	1.7561	1.99026	1.72999	
1.59866	1.77173	1.98355	1.73196	
1.59459	1.79788	1.97265	1.73288	
1.59992	1.82038	1.96952	1.75673	
1.60656	1.84551	1.95895	1.71737	
1.60081	1.8535	1.96825	1.72257	
1.59373	1.85106	1.9375	1.71574	
1.59875	1.85303	1.9353	1.71109	
1.60264	1.87959	1.93833	1.70571	
1.60516	1.88381	1.92847	1.71672	
1.60213	1.8939	1.92401	1.72038	
1.60638	1.87278	1.92947	1.7314	
1.57575	1.87877	1.93529	1.72461	
1.57462	1.85791	1.93164	1.71686	
1.57794	1.85627	1.9269	1.76553	
1.58446	1.85071	1.92035	1.76295	
1.59161	1.86468	1.93348	1.76456	
1.59503	1.86664	1.89673	1.77106	
1.59967	1.85855	1.88596	1.76002	
1.60626	1.83296	1.88995	1.76756	
1.60556	1.87916	1.88059	1.79252	
1.6039	1.86649	1.89132	1.79253	
1.60217	1.84503	1.89879	1.78644	
1.59585	1.82714	1.90318	1.75997	
1.59213	1.82303	1.91557	1.73853	
1.58775	1.81707	1.90377	1.74176	
1.58835	1.81739	1.88936	1.7743	
1.60298	1.81536	1.87359	1.78354	
1.60103	1.79608	1.87671	1.7841	
1.59889	1.80914	1.87136	1.76356	
1.59827	1.78809	1.86812	1.75788	
1.59639	1.79844	1.86344	1.76728	
1.60488	1.81198	1.87207	1.76879	
1.60325	1.82036	1.87139	1.77902	
1.60268	1.83127	1.88601	1.72533	
1.59618	1.83421	1.91357	1.73128	
1.59018	1.82022	1.91965	1.75817	
1.58831	1.82076	1.93788	1.78641	
1.58609	1.82802	1.96625	1.80379	
1.5787	1.85254	1.94085	1.8011	
1.58089	1.82473	1.95785	1.79139	
1.58131	1.8429	1.94568	1.77904	
1.58062	1.84397	1.93797	1.78378	
1.61831	1.84972	1.93354	1.80305	
1.61898	1.84536	1.92985	1.8167	
1.62014	1.84866	1.92462	1.80875	
1.61927	1.85528	1.95338	1.76718	
1.59964	1.86322	1.94007	1.76798	
1.60247	1.863	1.94216	1.79908	
1.60407	1.84608	1.95395	1.83282	
1.60481	1.85326	1.96929	1.84786	
1.59935	1.86559	1.97823	1.83118	
1.59454	1.85634	1.95978	1.8395	
1.59329	1.89363	1.98398	1.84497	
1.59001	1.89446	1.96366	1.85628	
1.58779	1.91208	1.95001	1.85683	
1.58912	1.93635	1.9267	1.85886	
1.58663	1.92362	1.91176	1.83148	
1.58432	1.92439	1.90166	1.82788	
1.58496	1.91017	1.92574	1.82361	
1.58347	1.90178	1.90487	1.86906	
1.58334	1.88768	1.92082	1.90129	
1.58739	1.89644	1.91646	1.92532	
1.55403	1.89875	1.9213	1.90607	
1.55799	1.90213	1.92022	1.90185	
1.56059	1.8959	1.97558	1.90241	
1.56011	1.8923	1.94361	1.91696	
1.5601	1.88443	1.95708	1.92337	
1.55845	1.90687	1.94309	1.91466	
1.56035	1.90594	1.93112	1.89903	
1.56283	1.90912	1.91652	1.89835	
1.56966	1.89087	1.94198	1.91482	
1.56753	1.91228	1.94855	1.93507	
1.56866	1.87338	1.90784	1.92939	
1.57264	1.88301	1.91113	1.93305	
1.5948	1.86948	1.90031	1.93315	
1.59192	1.85592	1.90262	1.90681	
1.59115	1.85444	1.90973	1.90597	
1.59279	1.85303	1.89697	1.94386	
1.59289	1.84513	1.88715	1.9503	
1.5962	1.84608	1.89395	1.91668	
1.59926	1.84379	1.86771	1.88396	
1.59329	1.8408	1.85647	1.85624	
1.58849	1.83264	1.86584	1.85189	
1.58131	1.82161	1.86917	1.86083	
1.57911	1.82489	1.8342	1.8513	
1.58663	1.82636	1.8342	1.84793	
1.58705	1.84573	1.83791	1.827	
1.58529	1.82272	1.86725	1.80258	
1.58929	1.84538	1.8654	1.79248	
1.58852	1.84698	1.86304	1.7921	
1.58735	1.84924	1.81902	1.79382	
1.58644	1.8423	1.81562	1.7867	
1.58505	1.86772	1.85517	1.81366	
1.58501	1.87222	1.85743	1.82052	
1.56419	1.87062	1.85864	1.81732	
1.56973	1.87371	1.86166	1.82752	
1.5737	1.88091	1.85637	1.8425	
1.57296	1.88197	1.85795	1.79964	
1.57064	1.90963	1.84207	1.79826	
1.57018	1.90814	1.84034	1.77756	
1.57984	1.93109	1.8609	1.79872	
1.58705	1.94436	1.93173	1.80058	
1.59107	1.95427	1.91487	1.83063	
1.59866	1.95677	1.92149	1.84883	
1.60346	1.95473	1.90711	1.84969	
1.60852	1.95775	1.92244	1.88086	
1.62165	1.95748	1.92006	1.90608	
1.62405	1.96142	1.92245	1.91529	
1.6156	1.95992	1.92519	1.95124	
1.61849	1.95449	1.92005	1.94198	
1.63293	1.96081	1.92367	1.92387	
1.64626	1.94061	1.92407	1.90798	
1.6455	1.95096	1.88062	1.88788	
1.64217	1.93188	1.87489	1.90021	
1.64017	1.9419	1.89356	1.89861	
1.64214	1.92626	1.8923	1.89586	
1.64106	1.90539	1.89134	1.8889	
1.64021	1.91183	1.89356	1.90528	
1.64111	1.9039	1.91338	1.90442	
1.64319	1.90463	1.90936	1.90808	
1.62603	1.87745	1.90777	1.89435	
1.61913	1.86584	1.85402	1.91727	
1.61717	1.86792	1.85545	1.90692	
1.61841	1.88007	1.84549	1.8801	
1.62141	1.87957	1.86285	1.87914	
1.62903	1.87454	1.85654	1.84728	
1.6193	1.85723	1.86485	1.83043	
1.6174	1.84192	1.85679	1.84992	
1.61635	1.83754	1.86526	1.81118	
1.6135	1.84579	1.8739	1.80183	
1.59612	1.85925	1.88288	1.80388	
1.58209	1.86984	1.8854	1.81647	
1.58962	1.83367	1.90037	1.80414	
1.59946	1.82905	1.91231	1.77154	
1.60876	1.83579	1.88764	1.79469	
1.60672	1.85385	1.8889	1.78977	
1.60502	1.8575	1.88509	1.78789	
1.60477	1.86797	1.88001	1.76385	
1.60429	1.87435	1.88496	1.76035	
1.59942	1.88104	1.92361	1.77542	
1.60421	1.87513	1.94115	1.77384	
1.60859	1.87088	1.93706	1.75714	
1.60815	1.85353	1.93786	1.75068	
1.60031	1.82664	1.95564	1.75769	
1.58964	1.82099	1.93764	1.7841	
1.57632	1.82575	1.94165	1.79955	
1.57193	1.83277	1.93113	1.80414	
1.57264	1.85864	1.90981	1.79941	
1.60803	1.85417	1.90055	1.82365	
1.60468	1.88024	1.91208	1.82734	
1.60496	1.87297	1.90091	1.85994	
1.60144	1.86676	1.89854	1.86836	
1.59643	1.88369	1.90237	1.8891	
1.59544	1.8923	1.90037	1.89217	
1.59849	1.89797	1.9175	1.87532	
1.60199	1.89308	1.92058	1.87877	
1.60962	1.88881	1.91867	1.87242	
1.61017	1.86311	1.91662	1.86912	
1.61445	1.83883	1.90402	1.88694	
1.61599	1.84474	1.87023	1.86844	
1.61672	1.85114	1.87512	1.87174	
1.61815	1.85635	1.88926	1.87697	
1.61965	1.85241	1.88673	1.90535	
1.61911	1.85513	1.8653	1.90043	
1.62275	1.85779	1.85934	1.90813	
1.62381	1.90466	1.84442	1.88977	
1.63441	1.89631	1.84119	1.8789	
1.6506	1.89824	1.84115	1.88109	
1.62909	1.88574	1.84945	1.85643	
1.639	1.85946	1.86058	1.85808	
1.6408	1.83583	1.86523	1.8275	
1.64456	1.84569	1.88175	1.81657	
1.64357	1.83561	1.87368	1.79789	
1.64319	1.85022	1.87425	1.79674	
1.6323	1.82973	1.8569	1.78995	
1.62483	1.81829	1.8506	1.78369	
1.61995	1.83811	1.8691	1.79517	
1.62545	1.84814	1.86661	1.78986	
1.62015	1.84926	1.85822	1.79342	
1.61832	1.83357	1.87978	1.78773	
1.61656	1.84827	1.87243	1.78023	
1.61625	1.87503	1.85547	1.76695	
1.61049	1.87755	1.85973	1.73292	
1.62734	1.87447	1.86875	1.72406	
1.63857	1.88788	1.87223	1.69429	
1.6468	1.83859	1.88447	1.69138	
1.64981	1.84801	1.88572	1.71275	
1.64306	1.82864	1.88573	1.70706	
1.62999	1.84942	1.86702	1.71786	
1.62567	1.8425	1.84109	1.72708	
1.62483	1.84709	1.87954	1.72772	
1.62541	1.83606	1.86959	1.72145	
1.63714	1.85646	1.87338	1.7275	
1.64381	1.86479	1.88417	1.73682	
1.65456	1.87203	1.89029	1.74278	
1.66435	1.87821	1.89071	1.74792	
1.66187	1.86537	1.88176	1.73809	
1.66307	1.86362	1.88452	1.7628	
1.66718	1.86187	1.88678	1.74759	
1.66627	1.86429	1.86634	1.80541	
1.66644	1.85767	1.84402	1.81364	
1.66728	1.8213	1.8836	1.83883	
1.69553	1.83998	1.87893	1.86935	
1.68176	1.83241	1.87882	1.87739	
1.67128	1.81646	1.8815	1.89057	
1.65902	1.83662	1.89495	1.89079	
1.64298	1.83193	1.90025	1.90534	
1.63005	1.82563	1.90398	1.90478	
1.62919	1.80803	1.89971	1.91351	
1.62844	1.80086	1.88565	1.9057	
1.63135	1.80041	1.84721	1.91094	
1.63054	1.80815	1.84088	1.91226	
1.61598	1.80693	1.88495	1.90131	
1.60478	1.81442	1.86957	1.89347	
1.59505	1.81305	1.87827	1.89133	
1.58659	1.80639	1.87333	1.89992	
1.58215	1.8197	1.8657	1.90942	
1.57717	1.82979	1.862	1.90967	
1.58429	1.84911	1.85988	1.90237	
1.58534	1.84555	1.86235	1.86448	
1.5849	1.84299	1.86095	1.8759	
1.58103	1.85114	1.86854	1.85473	
1.55499	1.84021	1.88724	1.83461	
1.55201	1.86185	1.89256	1.84508	
1.55487	1.90044	1.898	1.82968	
1.56915	1.87761	1.87762	1.83591	
1.57992	1.8789	1.87184	1.84336	
1.5905	1.88687	1.87611	1.83396	
1.59413	1.87651	1.87411	1.83034	
1.58977	1.8849	1.87417	1.83381	
1.58422	1.88417	1.88189	1.82925	
1.5853	1.90274	1.91322	1.83979	
1.58711	1.88664	1.86382	1.868	
1.59506	1.86418	1.86891	1.8657	
1.60984	1.8605	1.86957	1.91649	
1.61053	1.87048	1.88798	1.91327	
1.61597	1.88219	1.88017	1.9182	
1.62585	1.87552	1.87626	1.91368	
1.61888	1.86548	1.88025	1.91176	
1.61748	1.87763	1.88078	1.91291	
1.61463	1.87301	1.88024	1.90193	
1.61656	1.87028	1.84137	1.90256	
1.64749	1.88296	1.82375	1.89507	
1.64557	1.87509	1.82032	1.89418	
1.63954	1.86304	1.81252	1.92452	
1.63504	1.88904	1.84589	1.91703	
1.62911	1.87879	1.85396	1.92805	
1.62935	1.8809	1.84445	1.92525	
1.63441	1.90462	1.87574	1.93971	
1.64737	1.89684	1.87714	1.9393	
1.65675	1.92064	1.87128	1.94871	
1.66308	1.9049	1.84411	1.93702	
1.67065	1.92579	1.8559	1.90748	
1.67513	1.90976	1.9049	1.90648	
1.67208	1.91098	1.91241	1.85455	
1.67835	1.9001	1.91081	1.84091	
1.68588	1.90242	1.94932	1.81858	
1.68661	1.91455	1.95324	1.8079	
1.69329	1.90797	1.95265	1.81756	
1.70453	1.88831	1.95081	1.8093	
1.71612	1.90881	1.94742	1.82767	
1.71994	1.90909	1.94759	1.83195	
1.70571	1.8866	1.94901	1.82512	
1.71556	1.88232	1.94813	1.81201	
1.72827	1.86427	1.95088	1.77924	
1.72927	1.84499	1.94111	1.81226	
1.74216	1.84323	1.96273	1.78687	
1.74345	1.83248	1.9622	1.80206	
1.75102	1.83779	1.95676	1.77419	
1.74868	1.84416	1.988	1.77321	
1.75214	1.83532	1.99243	1.75996	
1.7562	1.82942	1.97432	1.75421	
1.75454	1.80582	1.95917	1.75566	
1.74874	1.81176	1.94234	1.77575	
1.74369	1.80159	1.93246	1.7717	
1.74585	1.80965	1.92242	1.76884	
1.74274	1.78765	1.90262	1.76768	
1.7444	1.76847	1.93506	1.78918	
1.74072	1.77744	1.94984	1.78862	
1.74231	1.79284	1.95198	1.77876	
1.74038	1.80859	1.95327	1.75263	
1.74541	1.80902	1.95433	1.74877	
1.73875	1.8138	1.95492	1.75562	
1.74179	1.82139	1.95671	1.7618	
1.73361	1.81864	1.96521	1.76401	
1.72914	1.82055	1.95951	1.7384	
1.71697	1.83908	1.95617	1.72372	
1.71493	1.85247	1.98318	1.70535	
1.71403	1.826	1.98538	1.72044	
1.71701	1.82395	1.95925	1.72764	
1.75112	1.80602	1.95256	1.744	
1.75148	1.79773	1.97385	1.77569	
1.75273	1.79539	1.98206	1.79008	
1.75598	1.7984	1.94553	1.79733	
1.76325	1.81997	1.94444	1.8118	
1.76767	1.81607	1.94244	1.81191	
1.77211	1.82789	1.92807	1.83514	
1.76825	1.82751	1.92875	1.81634	
1.77818	1.82691	1.9247	1.82394	
1.77929	1.81894	1.93861	1.82878	
1.78246	1.77579	1.94358	1.83652	
1.78905	1.77315	1.93101	1.83205	
1.77977	1.76024	1.93362	1.83252	
1.79997	1.75262	1.9228	1.82467	
1.80525	1.74541	1.91442	1.81901	
1.80626	1.72903	1.89479	1.8085	
1.81448	1.73518	1.87053	1.79452	
1.81105	1.76166	1.84272	1.82089	
1.80649	1.76804	1.83325	1.82298	
1.80439	1.77147	1.84638	1.81628	
1.76206	1.78542	1.84535	1.80281	
1.75097	1.80507	1.83878	1.79766	
1.74343	1.81371	1.84366	1.77861	
1.73286	1.80993	1.84742	1.7758	
1.72195	1.78153	1.84687	1.77166	
1.71352	1.78295	1.87056	1.7744	
1.70406	1.76916	1.88346	1.75429	
1.69514	1.7616	1.85674	1.74971	
1.67771	1.77511	1.87841	1.74487	
1.66548	1.77519	1.87184	1.7408	
1.65488	1.78235	1.86856	1.73134	
1.64161	1.77849	1.8862	1.73357	
1.64337	1.80551	1.89366	1.73324	
1.61467	1.80847	1.90782	1.75564	
1.60645	1.81292	1.90775	1.75669	
1.59595	1.81258	1.91516	1.7681	
1.58366	1.78093	1.91189	1.77802	
1.57732	1.74768	1.93263	1.74943	
1.56656	1.73768	1.91296	1.73009	
1.56381	1.72633	1.89682	1.72393	
1.56207	1.73669	1.9176	1.72262	
1.56441	1.73066	1.94217	1.69411	
1.56163	1.74951	1.93905	1.72183	
1.55947	1.75183	1.94494	1.70507	
1.55376	1.76525	1.94537	1.70888	
1.55763	1.76242	1.93972	1.71245	
1.55491	1.76216	1.93167	1.71281	
1.55722	1.78865	1.92474	1.71942	
1.55875	1.77838	1.90978	1.72102	
1.56654	1.79301	1.92134	1.71631	
1.56612	1.7922	1.9328	1.71153	
1.58501	1.8032	1.91947	1.71069	
1.58439	1.79666	1.91379	1.70995	
1.58097	1.80785	1.93057	1.6922	
1.58711	1.82389	1.9527	1.69308	
1.59686	1.84487	1.97505	1.68856	
1.59633	1.85561	1.97601	1.68733	
1.60017	1.87643	1.97	1.70875	
1.60239	1.88011	1.97792	1.71553	
1.59804	1.90312	1.97384	1.71791	
1.59679	1.89606	1.95325	1.71906	
1.59312	1.87547	1.94899	1.71855	
1.5937	1.86312	1.97938	1.69095	
1.60073	1.85852	1.97496	1.70932	
1.60437	1.86213	2.01593	1.7099	
1.6016	1.86274	2.0088	1.71605	
1.60408	1.87675	2.02206	1.71562	
1.6014	1.88897	2.02115	1.71325	
1.59907	1.87931	2.02868	1.70749	
1.59303	1.87322	2.02441	1.71702	
1.59233	1.89718	2.01975	1.7262	
1.57708	1.89981	2.0192	1.73136	
1.57855	1.89717	2.01986	1.73207	
1.58138	1.905	1.99696	1.7533	
1.57419	1.88304	1.98315	1.77482	
1.56643	1.86639	1.97314	1.76788	
1.56639	1.8564	1.99621	1.76585	
1.56355	1.83848	1.99745	1.75216	
1.57812	1.83694	2.01386	1.7439	
1.58539	1.8111	2.02391	1.74507	
1.58904	1.78705	2.03957	1.74624	
1.59287	1.78944	2.03046	1.75084	
1.59118	1.76607	1.99362	1.75292	
1.58289	1.76209	1.98406	1.73142	
1.58817	1.74265	1.94152	1.72326	
1.58431	1.73685	1.92162	1.72606	
1.59919	1.72312	1.90793	1.73364	
1.60771	1.69001	1.91368	1.73234	
1.61344	1.67809	1.90398	1.72786	
1.61276	1.66878	1.90499	1.72346	
1.61393	1.63642	1.89369	1.72183	
1.6085	1.61462	1.88404	1.71351	
1.60412	1.5993	1.89484	1.71307	
1.60529	1.57574	1.89557	1.69353	
1.60394	1.59807	1.88823	1.67875	
1.61433	1.59704	1.88104	1.68984	
1.61671	1.61595	1.86314	1.69438	
1.61516	1.62069	1.85056	1.69383	
1.59753	1.62098	1.83264	1.6861	
1.5993	1.61866	1.82691	1.68716	
1.59808	1.64384	1.82931	1.67817	
1.59974	1.66501	1.80968	1.68459	
1.60061	1.6813	1.80275	1.6869	
1.60348	1.68482	1.82055	1.68757	
1.60764	1.69601	1.8397	1.6892	
1.61528	1.70817	1.84757	1.68298	
1.61191	1.70593	1.8407	1.67366	
1.61519	1.70894	1.8496	1.70288	
1.62054	1.72621	1.83822	1.70846	
1.61599	1.74348	1.8301	1.72947	
1.62007	1.75214	1.83023	1.72734	
1.61992	1.78104	1.85032	1.72468	
1.62004	1.80431	1.84815	1.71414	
1.6138	1.80178	1.83912	1.70455	
1.61556	1.80099	1.83816	1.69283	
1.62224	1.81705	1.83423	1.68957	
1.63481	1.8186	1.84193	1.69325	
1.64533	1.81891	1.84845	1.71002	
1.64603	1.82982	1.91304	1.71478	
1.63686	1.83266	1.92078	1.70682	
1.67131	1.80767	1.90827	1.73467	
1.67633	1.80821	1.92293	1.71975	
1.67741	1.82661	1.93508	1.71427	
1.68118	1.83095	1.93238	1.7278	
1.67074	1.83265	1.91099	1.72341	
1.66192	1.81755	1.91306	1.72817	
1.6504	1.80952	1.9154	1.73325	
1.64199	1.81848	1.90787	1.71563	
1.63333	1.81359	1.90806	1.74197	
1.63499	1.79847	1.94258	1.73231	
1.62833	1.80012	1.94676	1.74392	
1.6289	1.77379	1.97349	1.76874	
1.63331	1.75981	1.96421	1.79982	
1.63992	1.76355	1.98438	1.79834	
1.64593	1.7582	1.99313	1.80512	
1.6575	1.74492	1.99947	1.82097	
1.64811	1.7518	1.99216	1.80985	
1.65334	1.75031	2.00793	1.78551	
1.66412	1.74114	1.9479	1.8089	
1.66326	1.7594	1.95989	1.81338	
1.62684	1.76302	1.95407	1.8228	
1.6221	1.74606	1.94099	1.84583	
1.63578	1.72131	1.96141	1.85564	
1.63666	1.72368	1.95417	1.8347	
1.64227	1.73161	1.97714	1.84102	
1.65496	1.73858	1.9776	1.82199	
1.6678	1.75967	1.99495	1.81701	
1.67918	1.75251	1.98828	1.84418	
1.69447	1.75472	1.99513	1.82455	
1.71279	1.75575	1.95684	1.82433	
1.72345	1.74559	1.98355	1.80968	
1.73237	1.74696	1.94789	1.78162	
1.73545	1.75524	1.94546	1.75695	
1.74552	1.75238	1.93894	1.75653	
1.74868	1.74825	1.94617	1.75411	
1.71927	1.74645	1.93922	1.73675	
1.71285	1.72384	1.95657	1.74503	
1.70412	1.72474	1.9493	1.74628	
1.69397	1.72201	1.9439	1.72153	
1.70209	1.71716	1.92428	1.71468	
1.70461	1.71099	1.97052	1.67569	
1.69827	1.70935	1.97621	1.65624	
1.68409	1.71701	1.95555	1.64928	
1.68419	1.71896	1.94806	1.64554	
1.68386	1.70635	1.94315	1.63268	
1.66893	1.72783	1.93434	1.65624	
1.66415	1.73594	1.94518	1.65848	
1.65528	1.73253	1.95499	1.61637	
1.63723	1.7326	1.94461	1.60993	
1.62052	1.72822	1.92839	1.59294	
1.61354	1.72987	1.9061	1.60033	
1.60379	1.72492	1.90757	1.60637	
1.59913	1.7095	1.91474	1.60217	
1.58819	1.72761	1.89511	1.60524	
1.58647	1.73703	1.87335	1.62202	
1.59785	1.73145	1.88399	1.62457	
1.59781	1.75645	1.87266	1.62021	
1.58823	1.74348	1.85002	1.61818	
1.59095	1.75384	1.88008	1.62586	
1.59472	1.74528	1.87337	1.63639	
1.59584	1.75887	1.83765	1.64601	
1.60054	1.75661	1.82647	1.64776	
1.60335	1.74206	1.82204	1.66257	
1.59976	1.7557	1.8197	1.69708	
1.5929	1.7478	1.79251	1.71076	
1.59206	1.71927	1.7873	1.69855	
1.59062	1.69926	1.75554	1.69697	
1.58718	1.7096	1.74513	1.70165	
1.59422	1.71668	1.74635	1.69456	
1.59429	1.72069	1.76323	1.69763	
1.59446	1.72164	1.78285	1.71066	
1.59176	1.72722	1.78214	1.72529	
1.58913	1.7249	1.78081	1.7369	
1.59323	1.70398	1.78586	1.741	
1.58427	1.699	1.78059	1.72479	
1.57237	1.72973	1.76299	1.72108	
1.57341	1.70348	1.74044	1.71154	
1.58277	1.72215	1.76267	1.71195	
1.57911	1.71068	1.73551	1.72432	
1.57053	1.72027	1.73999	1.72406	
1.56937	1.73371	1.74092	1.72314	
1.56333	1.73357	1.74265	1.72625	
1.56061	1.73588	1.74445	1.71586	
1.56074	1.71339	1.74563	1.69186	
1.56992	1.72293	1.75082	1.68617	
1.5715	1.75869	1.76377	1.70473	
1.5625	1.76755	1.76942	1.72829	
1.56345	1.75442	1.76606	1.73044	
1.55859	1.73306	1.75961	1.74077	
1.55973	1.72131	1.74188	1.7403	
1.56094	1.7334	1.71734	1.72445	
1.5661	1.75295	1.73459	1.71267	
1.56574	1.75672	1.72261	1.74312	
1.56317	1.77162	1.74274	1.75161	
1.56558	1.75927	1.77106	1.77892	
1.57088	1.72856	1.78619	1.77916	
1.56668	1.74117	1.82339	1.78808	
1.56075	1.72041	1.81968	1.79412	
1.59245	1.72654	1.81319	1.78743	
1.5899	1.71839	1.82438	1.77867	
1.58731	1.71186	1.83955	1.7761	
1.58906	1.71736	1.85182	1.7854	
1.58975	1.7155	1.86314	1.78367	
1.58904	1.71037	1.86984	1.77386	
1.58085	1.73719	1.90063	1.76924	
1.59516	1.70629	1.90128	1.7541	
1.60116	1.69953	1.89363	1.73197	
1.5957	1.69614	1.89232	1.73093	
1.59853	1.69676	1.89567	1.72479	
1.59866	1.70145	1.91572	1.71717	
1.59487	1.69065	1.95179	1.71302	
1.59306	1.68572	1.93592	1.70458	
1.59735	1.70148	1.92876	1.66261	
1.5962	1.68429	1.90783	1.67526	
1.60112	1.70307	1.88908	1.66098	
1.61017	1.70889	1.87619	1.6678	
1.61414	1.69544	1.85218	1.66757	
1.61332	1.73658	1.86231	1.65833	
1.57979	1.75831	1.87236	1.64213	
1.57852	1.77635	1.85557	1.64155	
1.57874	1.77374	1.819	1.6382	
1.58265	1.8007	1.83037	1.62872	
1.58417	1.81162	1.81267	1.64769	
1.5864	1.83006	1.82382	1.66381	
1.59024	1.85244	1.79366	1.67843	
1.57923	1.85547	1.78563	1.67824	
1.576	1.89058	1.78994	1.6768	
1.57568	1.89673	1.79234	1.67012	
1.58407	1.90678	1.81403	1.66543	
1.60775	1.91022	1.794	1.67655	
1.61187	1.90636	1.75969	1.69949	
1.61549	1.89678	1.7754	1.71442	
1.61702	1.91288	1.77266	1.72372	
1.61373	1.93676	1.78679	1.7026	
1.60722	1.92819	1.78076	1.68336	
1.59725	1.9286	1.77175	1.67381	
1.60023	1.95109	1.73753	1.66665	
1.60131	1.89027	2.07961	1.65925	
1.59943	1.82647	2.50331	4.22797	
1.60051	1.75572	2.5798	7.28664	
1.61239	1.69573	3.60226	10.7957	
1.60609	2.05692	4.15287	13.2301	
1.60481	2.15142	5.0228	14.6791	
1.59351	2.25038	6.56998	19.9597	
1.58639	2.26203	8.17712	25.698	
1.59352	2.5086	8.73188	27.4302	
1.57224	2.58551	9.7132	31.036	
1.56201	2.70792	10.0518	35.904	
1.67048	2.88967	10.1388	38.563	
1.73377	2.91416	10.4425	46.0957	
1.80216	2.97961	10.9436	55.6097	
1.8476	3.03323	15.0166	61.7995	
1.85976	3.2228	16.5975	66.1003	
1.89819	3.33062	17.3089	72.3199	
1.92223	3.58848	17.5463	80.0331	
1.94557	3.58967	18.4812	83.856	
1.95383	3.56946	18.7526	90.2062	
2.05948	3.60503	19.0802	93.3359	
2.07493	3.81151	20.0341	91.6918	
2.08081	3.98405	20.6659	88.5817	
2.07014	4.70439	20.7662	87.9034	
2.11954	7.45619	21.075	98.3633	
2.12598	7.34691	20.4377	102.817	
2.13002	7.22541	18.9994	100.86	
2.1632	7.13334	18.1862	101.504	
2.16867	7.68442	18.4441	106.282	
2.213	7.55408	18.2617	107.981	
2.26223	7.45809	19.3605	106.29	
2.14231	7.28925	19.3498	103.577	
2.10453	7.25439	19.5601	100.734	
2.01432	7.16954	19.803	99.9286	
1.99016	7.19189	16.4614	103.616	
2.01756	7.0128	16.1361	101.787	
2.00507	6.99443	16.42	98.7933	
2.09848	6.7389	16.555	93.0472	
2.14252	6.80505	20.9646	95.7445	
2.14906	6.94091	21.3251	91.6385	
2.06685	6.98604	20.7787	90.4852	
2.07935	6.89975	19.9411	89.5108	
2.12106	6.79343	20.1662	93.4948	
2.12918	6.30866	19.4212	91.5613	
2.10777	3.27965	20.118	83.6808	
2.11404	3.38908	20.8433	84.1805	
2.11	3.66515	22.2148	86.2034	
2.13323	3.76803	22.2338	86.2225	
2.18937	3.03662	21.6382	82.3229	
2.16899	3.01394	21.2482	82.716	
2.14358	5.3132	20.9067	84.6528	
2.15528	5.36444	21.3134	90.594	
2.13947	5.39357	22.0984	89.3445	
2.16901	5.47561	21.8083	86.5277	
2.14089	5.46672	21.4358	79.8009	
2.08496	5.4666	20.5653	80.1714	
2.04607	5.36907	19.8471	79.7963	
1.91782	5.38369	19.7443	79.2212	
1.82792	5.36329	19.8049	75.5707	
1.78728	5.24597	19.6235	76.0632	
1.75592	5.34049	20.0154	75.9109	
1.7103	5.30514	19.5445	84.8426	
1.64717	5.30516	18.5619	81.7545	
1.61935	5.14385	18.6233	87.9675	
1.57386	5.05815	18.2388	97.1098	
1.54082	4.97428	17.4203	94.3358	
1.52707	4.73102	16.8163	90.4504	
1.44949	4.65819	16.1048	89.8024	
1.35792	4.68659	16.5383	87.7454	
1.44636	4.81298	16.9316	92.8366	
1.42482	2.58463	16.5266	90.5613	
1.48773	2.5855	16.2906	88.6061	
1.53646	2.5704	15.2684	89.2301	
1.7753	2.51937	15.26	87.7347	
1.8404	2.53277	15.5366	85.5396	
1.97195	2.53026	15.7175	85.6359	
2.05586	2.60889	16.1834	82.729	
2.14864	2.64083	16.9741	84.4946	
2.1811	2.65119	11.7002	84.6404	
2.2098	2.74312	11.6341	84.4118	
2.21853	2.62692	12.4166	91.4589	
2.25525	2.60926	12.6412	86.688	
2.27884	2.73657	13.2364	88.4412	
2.29835	2.75251	13.4539	82.2457	
2.31733	2.99184	12.5668	72.2971	
2.36702	3.13918	12.382	71.1885	
2.38153	3.21483	16.0898	74.3252	
2.40672	3.27048	20.1185	77.0643	
2.42951	3.20642	19.454	79.1581	
2.32978	3.19861	18.7899	73.6077	
2.37454	3.18073	18.1411	72.9408	
2.33493	3.17286	17.9842	70.3172	
2.2376	3.28314	17.6565	71.5449	
2.00559	3.29419	17.6857	68.7549	
1.95885	3.26569	17.2935	75.5742	
1.84305	3.25916	18.0094	76.0534	
1.7883	3.16443	17.647	80.8325	
1.70138	3.22646	16.8695	79.3226	
1.68952	3.25063	17.2313	78.1784	
1.71886	3.16675	16.8452	80.2774	
1.73537	3.20844	15.6089	77.8718	
1.78568	3.3247	15.3993	74.6585	
1.79877	3.27442	15.9661	72.6771	
1.79564	3.31439	16.0591	73.5128	
1.80201	3.15272	16.0527	70.6317	
1.79864	3.04461	16.9815	70.9431	
1.80709	2.93322	12.6602	66.9869	
1.81286	2.9694	8.70378	59.7644	
1.80718	2.94183	8.87054	63.9169	
1.84836	2.89889	9.14053	62.7392	
1.83235	2.87196	10.333	62.1105	
1.79873	2.82966	10.6005	62.1164	
1.81134	2.74332	10.7807	60.9739	
1.7899	2.73217	10.4645	63.2004	
1.7698	2.68058	11.113	63.6124	
1.76249	2.70114	10.0413	70.8126	
1.7494	2.74734	9.86717	67.7724	
1.75636	2.68149	9.95206	69.0254	
1.75486	2.63473	9.51183	69.9849	
1.72033	2.67341	9.99486	68.8143	
1.70182	2.60386	10.0604	66.6686	
1.63465	4.6993	10.4301	65.723	
1.61434	4.69103	9.47183	66.8915	
1.61507	4.63638	8.75781	72.3139	
1.60708	4.53096	8.49449	85.2773	
1.59329	4.45367	7.73761	86.6228	
1.60092	4.45116	7.61745	87.0428	
1.59462	4.33069	7.67249	89.8659	
1.86929	4.28603	7.73595	85.9541	
1.84374	4.20723	7.46645	84.2444	
1.83786	4.111	6.71346	88.4624	
1.849	4.04163	6.9696	93.7985	
1.85979	3.96279	7.48536	92.3007	
1.8732	3.90525	7.7554	89.1892	
1.89029	3.86058	7.67914	83.4965	
1.90013	3.75832	8.20702	75.8699	
1.90915	3.6636	9.04944	76.2235	
1.90644	4.02674	8.98142	76.5133	
1.92121	4.18341	9.00218	75.775	
1.92514	4.30911	8.87959	77.8309	
1.93723	4.71779	8.83994	76.5251	
1.94105	2.9453	9.97921	78.3747	
1.9573	3.02956	10.3327	77.9178	
1.9671	3.01602	10.6762	73.4573	
1.97665	2.98374	10.7229	63.0431	
1.9738	3.07562	10.7896	59.9894	
1.97691	3.13523	10.7942	59.101	
1.98733	3.17187	10.7091	57.7377	
1.72648	3.37092	11.2363	66.5212	
1.72704	3.51979	11.808	66.9496	
1.72728	3.68186	11.4348	66.5718	
1.75643	3.82135	10.9791	62.2703	
1.74346	3.98489	10.7504	62.8486	
1.73316	4.10771	10.7221	65.9737	
1.72704	4.18859	10.7737	76.9864	
1.71929	4.24586	10.1143	81.78	
1.7114	4.32639	9.11736	80.1885	
1.72098	3.91375	9.06986	77.5777	
1.72622	3.73224	10.2412	81.2549	
1.73264	3.52505	10.3783	77.9321	
1.73094	3.13411	10.6748	77.4452	
1.73676	2.70881	9.74487	83.6603	
1.73387	2.5804	10.2778	84.1944	
1.7444	2.58299	10.0281	82.2729	
1.73439	2.69782	10.1752	78.338	
1.73417	2.66395	10.0867	79.9418	
1.72858	2.64845	9.9778	82.7658	
1.71423	2.6549	9.95733	81.0445	
1.70285	2.48761	10.3068	75.268	
1.68316	2.38693	9.71771	77.4393	
1.66558	2.30703	9.60053	77.7904	
1.62003	2.26486	9.76666	76.5429	
1.62606	2.18466	9.56628	76.2961	
1.63463	2.11573	9.52456	75.446	
1.64619	2.06719	8.60136	70.7987	
1.64559	2.05571	9.75078	64.8779	
1.63637	2.07854	9.75971	69.232	
1.63027	2.09922	9.63951	68.941	
1.60771	2.1022	9.28094	68.946	
1.59771	2.13228	8.96956	69.2247	
1.59171	2.09963	8.70203	75.108	
1.58215	2.05763	8.3653	74.2437	
1.57317	2.04094	7.31189	75.9425	
1.55517	2.03042	8.36296	75.7694	
1.56244	1.97505	8.87348	78.1529	
1.55649	1.94488	9.07687	76.1032	
1.55697	1.93255	9.16913	79.0208	
1.55817	1.90942	9.07787	80.3832	
1.55245	1.93476	8.10155	80.5947	
1.55861	1.9437	8.01458	82.3817	
1.56934	1.9068	8.08737	77.3978	
1.57585	1.86407	8.1084	78.7655	
1.57565	1.84112	8.14665	79.161	
1.56557	1.83121	7.74601	77.4015	
1.54418	1.85049	8.09178	76.121	
1.54261	1.84569	7.04579	78.4389	
1.54242	1.80055	7.29866	81.707	
1.53137	1.76564	7.23365	85.6434	
1.53931	1.75778	6.35261	85.2146	
1.54023	1.74183	6.15249	83.6373	
1.53428	1.74766	6.3938	80.8144	
1.55049	1.77142	6.43988	75.6042	
1.54565	1.75687	6.64128	77.7081	
1.54601	1.7637	5.53564	77.8192	
1.54779	1.74581	5.02914	75.993	
1.54899	1.73683	4.69147	78.6274	
1.54158	1.71655	4.87313	76.489	
1.546	1.72337	5.83064	77.8689	
1.58046	1.69923	5.76766	77.9473	
1.60288	1.68651	6.02763	73.4806	
1.62587	1.68967	5.96775	76.5662	
1.65204	1.7185	5.60069	75.4022	
1.66482	1.72123	5.34325	82.9796	
1.68706	1.75546	5.37348	86.801	
1.71622	1.74253	5.06862	82.9906	
1.72085	1.76712	4.95847	80.5786	
1.72342	1.76799	4.71474	73.4047	
1.73409	1.76294	4.72629	71.9602	
1.73043	1.78474	4.81239	69.3256	
1.72993	1.85165	4.94951	69.0531	
1.76473	1.90302	4.91294	65.517	
1.77607	1.90829	4.52691	68.9722	
1.77274	1.941	4.35977	63.7357	
1.81041	1.93561	4.33705	64.7454	
1.80596	1.93316	4.15126	64.1954	
1.80209	1.93785	4.23438	64.6866	
1.80264	1.9561	4.09499	62.0883	
1.81055	1.97963	3.17747	60.1492	
1.79261	1.99324	3.17445	58.4575	
1.78319	2.00725	2.86985	60.6578	
1.7602	2.00515	3.01225	62.9928	
1.73079	1.9729	3.28773	62.3085	
1.71655	1.95506	3.40471	57.721	
1.69199	1.92359	3.39967	53.6634	
2.47745	1.94494	3.50677	52.0024	
2.47181	1.93703	3.49455	52.4924	
2.47215	1.92541	3.42965	54.8853	
2.47534	1.98307	3.38415	67.2472	
2.4913	1.96002	3.34019	70.9551	
2.49466	1.92272	3.38361	73.1718	
2.47765	1.86929	3.23041	77.0331	
2.44983	1.85841	3.32805	73.1297	
2.4739	1.84828	3.42878	77.2234	
2.43181	1.8414	3.53726	76.3593	
2.46669	1.83722	4.03747	80.0532	
2.47899	1.8488	4.12584	78.4474	
2.50691	1.83727	3.97545	78.6213	
2.51202	1.81848	4.16584	79.6877	
2.53297	1.80757	4.34236	78.0908	
2.52573	1.77881	4.58306	77.0353	
2.54896	1.79617	4.43435	72.1702	
2.59516	1.7979	4.16358	74.0113	
2.60411	1.80369	4.55937	69.2489	
2.64113	1.83396	4.53206	69.6569	
1.83783	1.82868	4.5548	70.9828	
1.86097	1.82648	4.68413	70.5354	
1.86375	1.83737	5.04133	68.6205	
1.86488	1.8008	4.95776	54.1074	
1.84464	1.79234	4.92588	50.1053	
1.83889	1.78115	5.12697	52.4554	
1.82722	1.79428	4.98171	51.1865	
1.82966	1.80167	5.13307	51.314	
1.80743	1.79257	5.70315	47.9077	
1.81578	1.83985	5.66522	47.7318	
1.78176	1.84055	5.11592	44.6614	
1.80371	1.81749	5.00857	45.0218	
1.79896	1.82326	5.23448	46.4864	
1.79574	1.8224	5.01751	56.5161	
1.78052	1.82592	4.83207	54.9279	
1.7955	1.8578	4.6093	54.2321	
1.78132	1.84713	4.65536	55.6855	
1.76265	1.8968	4.65491	56.4093	
1.76228	1.8945	4.16287	58.1715	
1.7384	1.91433	4.39428	62.4705	
1.73137	1.91566	4.46771	64.6902	
1.71114	1.93065	4.51219	64.2611	
1.71397	1.95008	4.19164	64.6924	
1.71793	1.94195	4.29476	67.7252	
1.73731	1.94713	4.45255	73.7416	
1.73868	1.92994	4.21362	70.4044	
1.74742	1.93916	4.34109	69.9164	
1.77386	1.9546	4.22352	70.7143	
1.80092	1.94036	3.63692	70.9589	
1.80757	1.89849	3.55929	73.4071	
1.81935	1.89572	3.71629	73.7441	
1.81541	1.91198	3.81534	71.762	
1.80212	1.95784	3.55445	70.645	
1.83734	1.95101	3.61474	60.4297	
1.8239	1.96868	3.54714	62.7916	
1.81121	1.97251	3.81059	62.6993	
2.05269	1.97421	4.24503	61.8224	
2.0379	1.93568	4.22858	60.2486	
2.06339	1.94657	4.29686	57.7431	
2.07741	1.91722	4.17335	53.336	
2.0857	1.91799	3.96242	52.9154	
2.10086	1.91684	3.77175	52.9937	
2.11163	1.89475	3.77151	52.396	
2.11331	1.89953	3.73726	51.0455	
2.10956	1.91507	3.73659	45.4602	
2.10829	1.92053	3.67208	46.4285	
2.09543	1.90114	3.48978	43.0402	
2.07628	1.87921	3.76039	42.0265	
2.06911	1.86414	3.82027	43.2374	
2.06254	1.86971	3.79449	41.6884	
2.07015	1.88036	3.65161	43.5871	
2.0658	1.88513	3.54205	45.4925	
2.07025	1.85202	3.55139	44.6183	
2.0368	1.85644	3.47576	43.286	
2.03954	1.85818	3.55461	42.1754	
2.04937	1.84517	3.33808	41.7059	
1.79816	1.87119	2.8927	40.5041	
1.80421	1.86691	2.92724	39.9991	
1.77403	1.8725	2.84097	41.8268	
1.75695	1.85144	2.84795	42.2262	
1.7787	1.87015	2.83584	39.8028	
1.79607	1.8611	2.79402	40.2613	
1.7842	1.85689	2.99566	41.4683	
1.88329	1.87328	3.13299	42.5103	
1.88876	1.87356	3.01092	44.5844	
1.89062	2.03971	2.99659	43.4193	
1.90205	2.05154	3.02354	44.2037	
1.913	2.33392	2.6453	49.8805	
1.91299	2.34947	2.55152	49.1104	
1.91432	2.35943	2.56593	48.964	
1.91644	2.37478	2.70763	49.2072	
1.90957	2.37115	2.74005	47.2531	
1.93046	2.37279	2.74341	49.0582	
1.9273	2.39735	2.74373	48.6654	
1.93091	2.37642	2.65179	47.9013	
1.93367	2.39118	2.96048	47.6343	
1.93777	2.37297	3.03927	48.4651	
1.93772	2.38017	3.30202	49.9912	
1.93926	2.36228	3.42989	49.2837	
1.96247	2.37117	3.36163	48.8521	
1.94272	2.34278	3.54703	47.0649	
2.047	2.33066	3.60934	49.4808	
2.05516	2.34455	3.40704	49.908	
1.9535	2.32115	3.31606	47.3602	
1.95799	2.30503	3.27751	44.6619	
1.95926	2.1282	3.26043	44.7527	
1.96281	2.11767	3.25288	45.9429	
1.95147	1.86286	3.28059	41.299	
1.94931	1.8584	3.23139	42.8016	
1.95369	1.84083	3.27553	42.3975	
1.93353	1.81987	3.16837	42.0448	
1.93461	1.80294	3.18419	42.453	
1.92077	1.78447	3.17924	43.2569	
1.91201	1.75707	3.12683	43.878	
1.90534	1.7597	3.21111	44.5818	
1.90192	1.7389	2.92638	45.975	
1.92401	1.71704	2.83808	46.4708	
1.92625	1.69427	2.60442	52.0909	
1.94236	1.70357	2.50628	51.0535	
1.92223	1.69398	2.49742	52.0545	
1.93336	1.69241	2.32393	54.4443	
1.80982	1.69727	2.32964	52.3351	
1.81161	1.68765	2.2812	51.2725	
1.81335	1.68929	2.25353	51.8973	
1.81664	1.68764	2.23371	51.133	
1.83921	1.72085	2.39496	51.7222	
1.82727	1.72906	2.39962	50.6524	
1.81896	1.68201	2.38432	49.1928	
1.81442	1.67643	2.46173	46.9461	
1.81947	1.6939	2.39331	50.6835	
1.81783	1.68324	2.32312	49.663	
1.80294	1.69405	2.21872	50.5557	
1.7853	1.7028	2.16139	47.6991	
1.78058	1.69687	8.32042	46.9195	
1.79188	1.69236	9.32427	45.1269	
1.79525	1.68174	9.60521	41.7929	
1.78209	1.68424	9.8573	41.1922	
1.76592	1.69907	10.395	34.0048	
1.75732	1.68099	10.5491	35.6936	
1.75112	1.67774	10.5528	34.6478	
1.73309	1.68049	10.5764	31.6482	
1.73142	1.6899	10.527	30.3157	
1.73236	1.68958	10.5363	29.7478	
1.84659	1.71257	10.5435	35.5403	
1.82193	1.7237	10.5617	34.9889	
1.82155	1.69955	10.4064	33.7902	
1.82004	1.69833	10.3978	37.2368	
1.82485	1.69981	10.365	37.9836	
1.82681	1.72523	10.2735	38.6307	
1.80673	1.9627	10.2677	39.5666	
1.80765	1.97472	10.3077	39.2164	
1.83035	1.96728	10.3539	37.3155	
1.89396	1.9474	10.3977	37.8388	
1.90144	1.95218	4.27194	38.0202	
1.88908	1.996	3.27181	39.2333	
1.88145	2.02164	2.90784	42.6536	
1.86248	2.02446	2.63259	42.7902	
1.85765	2.02066	2.06473	42.2752	
1.84781	2.05213	1.9244	40.457	
1.88841	2.06166	1.92977	40.1312	
1.88574	2.05927	1.96621	40.743	
1.91644	2.06609	1.96688	40.3424	
1.94197	2.07155	1.96715	40.8238	
1.81906	2.06419	1.92603	35.4969	
1.85531	2.05861	1.92066	35.4843	
1.82626	2.06738	1.90529	35.023	
1.82436	2.05529	1.91142	31.0864	
1.82073	2.04784	1.93784	29.7853	
1.8023	2.02554	1.93245	29.4661	
1.79883	1.76407	2.01966	24.9289	
1.80294	1.75415	2.03238	24.2243	
1.77784	1.75095	2.02212	25.0289	
1.72324	1.76101	2.02882	24.77	
1.71348	1.75587	2.1577	24.7761	
1.73079	1.70871	2.12671	25.0238	
1.7511	1.67889	2.1571	22.505	
1.75138	1.68496	2.1642	22.1261	
1.75352	1.67324	2.13933	23.8855	
1.74645	1.64491	2.1019	24.1331	
1.7177	1.63455	2.09978	25.1104	
1.72577	1.62031	2.05105	24.6424	
1.69946	1.6045	2.0533	27.5167	
1.65922	1.59449	2.04586	28.3265	
1.66391	1.57361	2.05228	28.8518	
1.62824	1.57682	2.06437	33.1959	
1.63642	1.55873	2.0718	33.7738	
1.64929	1.56069	2.05768	34.207	
1.64999	1.55904	2.03625	35.6747	
1.6715	1.55795	2.03976	37.3315	
1.67575	1.55649	1.96601	38.173	
1.67792	1.54846	1.93878	38.4525	
1.68324	1.67001	1.93638	38.2658	
1.67559	1.66446	1.94541	40.036	
1.68753	1.67074	1.83323	39.6649	
1.67976	1.66881	1.82113	38.0734	
1.65833	1.75207	1.79496	37.4598	
1.66868	1.74039	1.80606	38.9837	
1.66574	1.74373	1.83526	38.6352	
1.67563	1.74874	1.90134	39.0632	
1.6771	1.74795	1.92374	38.0925	
1.67226	1.75496	1.90999	38.6444	
1.6586	1.74771	1.89707	35.7367	
1.67016	1.74625	1.89283	33.531	
1.66054	1.74673	1.89808	31.6081	
1.67438	1.73436	1.8977	26.9194	
1.68251	1.74158	1.90171	26.0698	
1.68211	1.73707	1.90721	26.4843	
1.68204	1.74357	1.90175	25.3663	
1.66186	1.7389	1.925	23.1189	
1.67629	1.74447	1.94076	22.082	
1.66588	1.74966	1.95867	24.9877	
1.65786	1.62467	1.97277	26.9126	
1.65013	1.61964	1.95721	26.1311	
1.63992	1.6204	1.93154	26.3982	
1.62531	1.63685	1.95402	26.1485	
1.61527	1.55464	1.97562	26.736	
1.60532	1.54891	2.01304	25.1613	
1.60518	1.54511	1.9923	23.859	
1.59322	1.54539	1.92898	23.5459	
1.57257	1.54799	1.89795	23.5224	
1.56415	1.54732	1.91596	24.0389	
1.56159	1.54648	1.92612	26.7458	
1.5559	1.54942	1.93872	27.4414	
1.56429	1.54637	1.92853	30.6589	
1.54422	1.54636	1.93258	31.4302	
1.53061	1.53895	1.93102	31.8332	
1.56528	1.54027	1.92418	31.1113	
1.60303	1.53843	2.83829	30.9046	
1.62285	1.54167	2.89579	32.5696	
1.64445	1.53847	2.88966	32.766	
1.65737	1.54334	2.87557	30.6897	
1.65917	1.54401	2.86797	29.2117	
1.67323	1.54506	2.94739	28.2849	
1.68678	1.53733	2.95093	29.3152	
1.71366	1.52107	2.95857	31.943	
1.71749	1.52001	2.96221	31.9385	
1.71773	1.52239	2.91762	31.1538	
1.7254	1.58999	2.94814	30.9826	
1.73167	1.58868	2.95327	30.9989	
1.73661	1.58658	2.96163	32.3486	
1.74078	1.58218	2.95988	31.733	
1.74078	1.5786	2.94933	33.3004	
1.75116	1.57844	2.95539	32.5926	
1.74474	1.60494	2.95004	29.1319	
1.74658	1.60687	2.93333	29.3407	
1.75661	1.63024	2.95314	29.6798	
1.72709	1.63706	2.96062	28.7784	
1.68654	1.64959	2.04816	29.0613	
1.70017	1.70945	1.97224	27.2702	
1.68625	1.89109	1.94048	27.9251	
1.68526	1.88742	1.94527	27.6131	
1.68823	1.88722	1.93906	28.5687	
1.68367	1.91136	1.85678	30.0633	
1.69957	1.91466	1.84901	28.9654	
1.6795	1.91987	1.83019	26.373	
1.69511	1.93904	1.80701	27.3335	
1.69978	1.94132	1.80438	28.0157	
1.71048	1.87452	1.7678	28.5466	
1.70861	1.87171	1.75697	28.1936	
1.71083	1.87087	1.75211	27.1602	
1.70508	1.87538	1.74303	27.4006	
1.72749	1.88468	1.74095	24.8737	
1.72193	1.8818	1.71822	24.8976	
1.73058	1.85722	1.74225	26.4272	
1.7537	1.87533	1.74672	26.2067	
1.77285	1.8549	1.73607	26.3869	
1.76213	1.85218	1.74137	26.8594	
1.77006	1.83609	1.7499	27.158	
1.7537	1.77354	1.74454	28.6452	
1.73207	1.60341	1.76364	28.0134	
1.72774	1.60763	1.74638	27.8416	
1.72121	1.60767	1.74547	26.6721	
1.71518	1.58655	1.74293	24.9766	
1.71806	1.59158	1.738	24.4324	
1.73223	1.58732	1.7282	25.0244	
1.72932	1.57024	2.02262	28.2006	
1.74207	1.56847	2.04635	27.5326	
1.73542	2.04679	2.07888	29.0217	
1.75086	2.06071	2.11581	29.6457	
1.78502	2.06102	2.10672	28.9445	
1.80228	2.05866	2.11386	28.1547	
1.78666	2.04953	2.12714	26.5606	
1.78673	2.04963	2.16562	28.2502	
1.80353	2.04855	2.15208	27.5234	
1.80299	2.02618	2.15916	26.7474	
1.78264	2.03544	2.18087	26.7534	
1.77485	2.03528	2.17416	26.1529	
1.76974	2.07295	2.17131	25.082	
1.76372	2.07078	2.18695	23.8346	
1.79297	2.05918	2.19587	22.8492	
1.79176	2.06525	2.22795	22.8736	
1.79785	2.07046	2.23655	23.0394	
1.7913	2.06849	2.24974	23.2255	
1.76278	2.06846	2.25618	23.5367	
1.7435	2.08453	2.25117	23.8199	
1.72739	2.08078	1.94807	19.3893	
1.70564	2.08075	1.91993	19.4101	
1.70569	1.61086	1.89165	17.4116	
1.69259	1.62365	1.86594	17.1956	
1.6544	1.62275	1.88401	19.5003	
1.67192	1.62634	1.8786	19.913	
1.68447	1.62889	1.852	19.6103	
1.68409	1.62307	1.84894	18.1672	
1.67376	1.62541	1.84187	17.3475	
1.66967	1.62992	1.84515	18.7438	
1.6585	1.61848	1.82162	18.3822	
1.65554	1.61565	1.853	18.7844	
1.66695	1.58173	1.86181	19.2158	
1.68951	1.58384	1.87974	19.2138	
1.66008	1.58138	1.87833	19.9782	
1.65727	1.56818	1.86369	19.4313	
1.65877	1.58362	1.85408	19.343	
1.66311	1.59229	1.85489	19.0188	
1.68438	1.5943	1.85533	20.3692	
1.69243	1.57784	1.85972	22.0572	
1.7267	1.62617	1.86718	21.9774	
1.74583	1.62997	1.86383	22.6791	
1.74706	1.63805	1.86858	23.2378	
1.75195	1.61354	1.8639	22.3327	
1.76959	1.61719	1.84665	21.7305	
1.74341	1.61464	1.84933	22.3783	
1.72595	1.63944	1.87022	22.3648	
1.72697	1.64317	1.84156	22.7228	
1.71025	1.64063	1.84491	23.4247	
1.69224	1.63503	1.83899	21.9283	
1.71028	1.63605	1.82284	23.0208	
1.72785	1.63969	1.78146	23.9001	
1.71502	1.63578	1.77098	24.8896	
1.70687	1.63155	1.74286	25.1776	
1.74224	1.64193	1.73245	25.1192	
1.74355	1.6456	1.72537	24.3468	
1.7346	1.62552	1.73517	24.6739	
1.73285	1.61672	1.72854	24.9935	
1.71461	1.61926	1.72422	25.3454	
1.70685	1.62025	1.72503	23.2263	
1.67606	1.57436	1.74274	23.8663	
1.66151	1.57913	1.74685	23.1044	
1.65151	1.56757	1.73706	23.3628	
1.65412	1.56342	1.74314	23.4213	
1.63609	1.56259	1.74524	21.8465	
1.64476	1.55971	1.73311	20.8541	
1.65777	1.53893	1.74382	20.956	
1.66193	1.54272	1.74616	20.6602	
1.67665	1.54674	1.75385	20.4814	
1.68	1.56166	1.75704	20.5526	
1.66287	1.55969	1.76441	19.1406	
1.64574	1.57867	1.76919	18.0549	
1.65646	1.57809	1.76891	16.89	
1.64664	1.57433	1.76743	18.1133	
1.61392	1.56386	1.76474	18.0876	
1.61726	1.56563	1.76047	18.6023	
1.74523	1.56691	1.75703	18.3189	
1.76831	1.5686	1.7572	18.7624	
1.76601	1.56296	1.79022	17.368	
1.77178	1.56648	1.78814	16.945	
1.77656	1.56297	1.7774	16.5108	
1.77623	1.55248	1.77541	17.1236	
1.7745	1.54944	1.77769	16.3003	
1.80518	1.54925	1.76737	16.5175	
1.80259	1.55124	1.77789	16.1769	
1.78442	1.55752	1.80973	15.9676	
1.76902	1.55471	1.79922	16.4378	
1.77195	1.54951	1.78482	17.1697	
1.77355	1.54816	1.77005	16.6785	
1.77089	1.53897	1.758	16.6516	
1.78038	1.53881	1.75217	16.8099	
1.78482	1.51438	1.74523	16.7236	
1.77206	1.51665	1.73742	16.5883	
1.76511	1.53078	1.74047	17.7381	
1.76117	1.53067	1.73896	17.4851	
1.75967	1.52729	1.74303	17.2468	
1.64135	1.52552	1.73676	16.9731	
1.62375	1.52679	1.73873	16.2468	
1.64158	1.523	1.7185	17.3145	
1.66471	1.65941	1.71598	18.632	
1.67176	1.69321	1.70264	18.4437	
1.68299	1.69813	1.69769	17.944	
1.68578	1.6956	1.68769	18.0832	
1.65001	1.70209	1.69256	17.7695	
1.76707	1.70164	1.68319	18.0959	
1.77682	1.70045	1.65836	17.8444	
1.78038	1.70318	1.65197	17.5962	
1.77284	1.71054	1.65378	17.2545	
1.76105	1.71042	1.65007	18.6868	
1.76224	1.71298	1.65594	18.5849	
1.75178	1.71832	1.66127	18.4046	
1.74845	1.71962	1.66271	18.6491	
1.76653	2.01955	1.65849	19.8995	
1.75783	2.01003	1.64942	16.966	
1.77157	2.00961	1.65756	16.8491	
1.78168	2.01169	1.65434	17.9196	
1.7706	2.01214	1.65783	18.0358	
1.76691	2.0103	1.65232	18.7198	
1.74682	2.0139	1.6409	16.9909	
1.71294	1.87293	1.63532	15.9264	
1.71688	1.8422	1.63351	15.7018	
1.72402	1.85983	1.63443	16.2828	
1.73576	1.8678	1.63786	15.8447	
1.74034	1.86661	1.64383	16.9018	
1.6383	1.86547	1.64865	16.8225	
1.62587	1.86085	1.65438	17.8139	
1.62341	1.85963	1.66664	18.108	
1.62659	1.86178	1.67692	17.6616	
1.62314	1.86793	1.68832	16.6722	
1.64754	1.86372	1.69297	17.9018	
1.65247	1.85624	1.70056	20.008	
1.65164	1.85605	1.69985	21.1481	
1.66196	1.5567	2.03835	20.5678	
1.66286	1.55921	2.04463	20.4717	
1.65752	1.5624	2.04004	20.7672	
1.6527	1.56309	2.04173	20.2359	
1.67044	1.56792	2.04555	20.3384	
1.68212	1.56821	2.05003	19.5482	
1.68557	1.56081	2.051	19.3923	
1.69698	1.56304	2.06326	19.5491	
1.68039	1.5668	2.07144	20.7308	
1.6621	1.54595	2.0845	20.0627	
1.64755	1.53934	2.11068	20.2295	
1.65325	1.5336	2.09777	19.5688	
1.64629	1.53183	2.10565	19.3181	
1.6526	1.53322	2.09322	18.725	
1.6621	1.53522	2.07891	18.3431	
1.65521	1.53105	2.08708	18.2025	
1.66485	1.52269	2.07721	17.7097	
1.64737	1.5208	2.07477	16.3531	
1.6503	1.52346	2.06689	14.43	
1.66624	1.52304	2.06596	13.0873	
1.65047	1.52373	1.72883	12.57	
1.65855	1.52657	1.74469	12.3249	
1.64969	1.52434	1.74067	11.7692	
1.6362	1.54837	1.73343	12.4004	
1.62234	1.54367	1.72559	12.1922	
1.60968	1.53922	1.71738	12.7343	
1.6108	1.53943	1.72137	12.9866	
1.61904	1.5348	1.71281	12.987	
1.61571	1.53341	1.70841	11.8207	
1.62388	1.53407	1.69546	11.9392	
1.62375	1.53748	1.66833	11.7256	
1.6081	1.53878	1.66695	13.1944	
1.60704	1.53734	1.64951	13.4069	
1.62339	1.54043	1.64532	13.6097	
1.61103	1.53747	1.64656	13.6214	
1.70995	1.53447	1.64972	13.6535	
1.71054	1.5384	1.64927	14.5245	
1.72417	1.54475	1.65014	15.0706	
1.73306	1.54557	1.64632	16.1506	
1.74132	1.54944	1.64566	15.9355	
1.73516	1.56932	1.64677	16.9251	
1.73336	1.56335	1.63036	17.0764	
1.73612	1.56202	1.6295	17.8142	
1.74419	1.5351	1.63587	17.0236	
1.74292	1.53461	1.63891	16.8635	
1.7452	1.54074	1.64607	16.2254	
1.75658	1.54551	1.63611	16.0661	
1.75763	1.55062	1.63617	15.6884	
1.76338	1.57421	1.63736	15.5819	
1.75297	1.58003	1.64595	15.3699	
1.75151	1.59035	1.64624	15.3963	
1.75222	1.59515	1.64086	13.5631	
1.77028	1.6	1.64648	14.0672	
1.78428	1.60051	1.6531	13.6126	
1.79885	1.60216	1.65439	13.373	
1.71113	1.61342	1.63566	13.1011	
1.90622	1.62417	1.6343	12.3618	
1.90882	1.61684	1.62939	12.0143	
1.92564	1.61772	1.63399	10.5786	
1.91392	1.61205	1.64916	10.9053	
1.9217	1.58662	1.65519	9.83388	
1.92496	1.5844	1.64993	10.5627	
1.94021	1.58459	1.64859	10.0569	
1.9569	1.58134	1.64182	10.255	
1.9643	1.58598	1.63986	10.0882	
1.97699	1.6098	1.63931	10.4309	
1.95815	1.62534	1.64624	11.4431	
1.94244	1.62959	1.64893	11.2346	
1.96209	1.6062	1.65454	11.397	
1.96445	1.60274	1.65135	11.895	
1.9839	1.58719	1.65392	12.0214	
1.99503	1.57836	1.7158	11.8497	
1.97952	1.57524	1.72874	11.0283	
1.94886	1.5744	1.73941	11.4273	
1.93461	1.56948	1.73381	11.7439	
1.91789	1.55931	1.7311	12.2562	
1.74515	1.5444	1.73981	12.5847	
1.73287	1.5415	1.74399	12.5269	
1.71286	1.54088	1.74247	12.3874	
1.71114	1.54002	1.73344	12.0174	
1.70343	1.54327	1.73112	12.3007	
1.69067	1.55353	1.72998	11.9021	
1.667	1.55544	1.73267	11.6922	
1.64116	1.56163	1.74488	11.6146	
1.63394	1.55523	1.74555	11.7018	
1.62062	1.53553	1.74306	11.3642	
1.61644	1.51551	1.73411	10.8264	
1.61576	1.54275	1.76213	10.6854	
1.60475	1.5592	1.76485	10.5659	
1.60255	1.55596	1.76114	10.3991	
1.59406	1.55569	1.7659	10.2685	
1.58384	1.56115	1.71291	10.2172	
1.58153	1.56147	1.70221	10.5494	
1.58005	1.56057	1.69762	10.3799	
1.58167	1.56609	1.70222	9.80505	
1.57733	1.56544	1.71033	9.29278	
1.54287	1.56421	1.70895	9.39181	
1.53238	1.5669	1.69746	9.1992	
1.51654	1.56634	1.69912	9.17052	
1.50563	1.56904	1.69634	9.22231	
1.49992	1.5802	1.69717	9.04345	
1.50165	1.58359	1.72231	8.62279	
1.51682	1.59849	1.72397	8.91042	
1.52161	1.5958	1.7143	8.48771	
1.52586	1.61434	1.71194	8.23672	
1.52692	1.6223	1.7155	8.02097	
1.53184	1.63831	1.72299	8.06941	
1.53298	1.60369	1.70624	9.00892	
1.52398	1.58238	1.69914	9.21024	
1.52438	1.58158	1.70006	8.99744	
1.51742	1.58342	1.69215	9.23918	
1.5336	1.59201	1.68899	9.58861	
1.54339	1.60949	1.68696	9.34281	
1.55042	1.61567	1.67688	9.18821	
1.58722	1.61352	1.68202	9.30791	
1.58799	1.61472	1.68856	9.22949	
1.61352	1.61409	1.68926	8.61597	
1.61562	1.61695	1.73127	8.65544	
1.61918	1.61513	1.72925	8.65129	
1.62123	1.61432	1.72544	8.59809	
1.62394	1.6071	1.72148	8.59705	
1.62634	1.61517	1.69438	8.37644	
1.62398	1.60005	1.69289	7.80247	
1.63571	1.60301	1.69333	7.7534	
1.63398	1.60696	1.69418	7.73265	
1.6436	1.61085	1.68457	7.79475	
1.64125	1.60391	1.67748	7.23398	
1.64813	1.60594	1.66228	6.35508	
1.64726	1.61533	1.65543	6.35898	
1.65003	1.61642	1.65188	6.23991	
1.64681	1.61465	1.65397	6.02398	
1.63999	1.60198	1.66289	5.67976	
1.64511	1.58979	1.66986	5.88667	
1.65176	1.60525	1.67738	5.71927	
1.60986	1.60156	1.66977	5.7518	
1.61316	1.60189	1.65683	5.71699	
1.58787	1.6056	1.6548	5.78344	
1.5957	1.60992	1.61481	5.79208	
1.59286	1.60989	1.6102	5.71772	
1.60486	1.60722	1.61523	5.60774	
1.60735	1.60646	1.64631	5.35734	
1.61697	1.59171	1.65502	5.38406	
1.62978	1.59735	1.66067	5.54233	
1.61923	1.594	1.6648	5.40633	
1.65105	1.57665	1.68487	5.68277	
1.64637	1.55975	1.7404	5.80583	
1.66375	1.55065	1.74939	5.79007	
1.6774	1.54861	1.80264	5.74133	
1.68016	1.54441	1.82565	5.58414	
1.68366	1.54949	1.86567	5.76839	
1.6878	1.55147	1.87283	5.67235	
1.69663	1.55263	1.86148	5.73327	
1.72573	1.55326	1.86073	5.50054	
1.72066	1.53193	1.87388	5.71152	
1.72578	1.53097	1.88112	5.85788	
1.73289	1.52756	1.97289	6.71077	
1.74462	1.53033	1.98152	6.70153	
1.73563	1.52731	1.9864	6.85601	
1.7382	1.53331	1.99834	7.12379	
1.72867	1.53779	2.00484	7.30123	
1.72144	1.53719	1.97172	7.33114	
1.7101	1.53497	1.96364	7.51094	
1.71743	1.53334	1.95918	7.55791	
1.71238	1.53124	1.95769	7.47451	
1.6906	1.53137	1.94487	7.40972	
1.68751	1.52966	1.88991	7.03562	
1.67172	1.53782	1.88629	6.89949	
1.64794	1.53598	1.82556	6.89765	
1.64589	1.53272	1.80389	6.72042	
1.64086	1.54662	1.76428	6.42299	
1.63587	1.5538	1.75963	6.35836	
1.6163	1.55669	1.76133	6.22242	
1.56772	1.55485	1.75962	6.23744	
1.5575	1.55248	1.74198	6.3346	
1.55265	1.55422	1.73822	6.18141	
1.54079	1.55707	1.64489	5.37949	
1.52681	1.55475	1.64285	5.28887	
1.52076	1.55193	1.64086	4.96308	
1.51669	1.55163	1.65736	4.59939	
1.51787	1.54601	1.6564	4.42893	
1.52008	1.54238	1.66709	4.3243	
1.51891	1.54082	1.66452	4.13783	
1.49866	1.53425	1.67995	4.00464	
1.51378	1.53373	1.68481	4.06763	
1.50648	1.53281	1.67984	3.84986	
1.52984	1.53207	1.68867	3.98456	
1.5382	1.5265	1.6955	4.30658	
1.53841	1.52896	1.71714	4.61064	
1.56077	1.53325	1.72467	4.82787	
1.56223	1.51122	1.73064	4.95676	
1.58869	1.50033	1.73673	5.04398	
1.60737	1.49537	1.74987	5.16906	
1.60786	1.49085	1.75584	4.96184	
1.63168	1.49681	1.75289	4.71184	
1.63536	1.49448	1.75668	4.74645	
1.64478	1.49259	1.76305	4.81203	
1.64828	1.49192	1.76092	4.80023	
1.64988	1.489	1.76498	4.75395	
1.65121	1.48673	1.74305	4.86186	
1.64642	1.49035	1.73437	5.00043	
1.64493	1.49516	1.7246	5.08222	
1.64709	1.49374	1.78819	5.00235	
1.63972	1.51268	1.77124	5.12157	
1.62448	1.51258	1.76939	5.23549	
1.62316	1.51664	1.76404	5.56737	
1.60101	1.51998	1.75522	5.48011	
1.60946	1.52012	1.75603	5.23549	
1.64433	1.51764	1.74111	4.991	
1.61952	1.52535	1.7363	4.92287	
1.64543	1.53176	1.74427	4.79011	
1.6261	1.53434	1.7396	4.71336	
1.61471	1.53699	1.72979	4.62545	
1.62382	1.53902	1.72022	4.57865	
1.61348	1.53293	1.76903	4.43916	
1.63255	1.53699	1.77571	4.3133	
1.627	1.54002	1.78191	4.19641	
1.63058	1.53906	1.77748	4.16287	
1.63248	1.53972	1.76853	4.19927	
1.63939	1.56141	1.76934	4.10081	
1.65985	1.55923	1.77399	3.90789	
1.66027	1.56542	1.78162	4.03447	
1.65551	1.57088	1.71889	4.12029	
1.66955	1.55602	1.7253	4.33991	
1.6819	1.55656	1.72834	4.32305	
1.68007	1.56544	1.73559	4.10403	
1.67097	1.5685	1.74337	4.19261	
1.65811	1.568	1.74355	4.11819	
1.62281	1.56583	1.7509	4.07272	
1.62382	1.55919	1.77531	3.91594	
1.59418	1.5578	1.76796	3.82443	
1.58899	1.56111	1.7747	3.78056	
1.5833	1.58366	1.77604	3.72696	
1.57225	1.59506	1.7818	3.75038	
1.56382	1.59321	1.73627	3.74779	
1.55107	1.59566	1.73646	3.72101	
1.55052	1.58962	1.74014	3.67775	
1.54814	1.59337	1.74863	3.63189	
1.54615	1.59859	1.75581	3.65841	
1.54316	1.58807	1.75574	3.60281	
1.52341	1.58928	1.75946	3.65391	
1.54574	1.58736	1.76294	3.49301	
1.56143	1.58499	1.76756	3.35521	
1.56163	1.58036	1.76269	2.95158	
1.56394	1.58654	1.75653	2.75802	
1.58276	1.58358	1.75014	2.5733	
1.59692	1.57622	1.74927	2.43867	
1.60473	1.60056	1.748	2.45951	
1.61979	1.62278	1.7407	2.3827	
1.63058	1.63738	1.71419	2.32948	
1.64444	1.6375	1.71168	2.32677	
1.64334	1.63908	1.70399	2.3341	
1.63977	1.6139	1.70732	2.29255	
1.64397	1.60693	1.70408	2.23391	
1.64228	1.62931	1.70279	2.15584	
1.63535	1.64582	1.68835	2.05032	
1.63367	1.64855	1.67771	1.99653	
1.63408	1.65038	1.67515	1.91338	
1.63712	1.64555	1.67121	4.0612	
1.63578	1.63249	1.67257	4.52369	
1.67748	1.63607	1.66356	4.96245	
1.65831	1.62997	1.65936	5.02892	
1.64777	1.6289	1.65317	5.02812	
1.64226	1.62935	1.68438	5.10906	
1.64339	1.62629	1.68706	5.12335	
1.63368	1.61667	1.68637	5.12596	
1.62866	1.61843	1.68155	5.13477	
1.62067	1.59928	1.67638	5.1433	
1.60792	1.57961	1.68392	5.20039	
1.61639	1.5605	1.68696	5.24772	
1.60733	1.58164	1.69727	5.24089	
1.60884	1.58062	1.70196	5.2363	
1.62135	1.58967	1.69702	5.26077	
1.62986	1.60103	1.69255	5.28801	
1.63541	1.59439	1.70178	5.32093	
1.64856	1.57957	1.70259	5.35109	
1.65775	1.59747	1.71086	5.37605	
1.66058	1.60216	1.7083	5.48942	
1.6594	1.60581	1.70895	3.2901	
1.65974	1.62716	1.72742	2.81277	
1.62418	1.64124	1.73454	2.32296	
1.62628	1.64834	1.73383	2.17543	
1.63495	1.66438	1.7311	2.16297	
1.6337	1.72775	1.69718	2.07629	
1.61956	1.72594	1.68895	2.05483	
1.60735	1.76049	1.69401	1.98999	
1.60045	1.76836	1.69558	1.9711	
1.60585	1.77476	1.70861	1.97286	
1.60539	1.80148	1.70427	1.89189	
1.58392	1.80637	1.70898	1.8578	
1.57791	1.79177	1.70762	1.86036	
1.57558	1.80381	1.70066	1.86124	
1.56422	1.80351	1.70957	1.85381	
1.5524	1.79933	1.71031	1.86321	
1.54649	1.79211	1.69814	1.87507	
1.53372	1.80666	1.70045	1.90889	
1.52777	1.81393	1.692	1.92084	
1.52835	1.81903	1.6927	1.86845	
1.52388	1.82615	1.69525	1.85592	
1.52531	1.82743	1.67738	1.86851	
1.52408	1.81781	1.67211	1.85763	
1.52415	1.82841	1.66619	1.84796	
1.51977	1.82086	1.67428	1.93759	
1.51626	1.76947	1.67354	1.94111	
1.51804	1.78262	1.6767	1.95728	
1.5219	1.76708	1.67614	1.96003	
1.52242	1.76166	1.67543	1.97019	
1.51935	1.75882	1.66238	1.96025	
1.52326	1.7462	1.66296	1.97396	
1.52382	1.77867	1.65115	1.96922	
1.52892	1.7718	1.66133	1.96164	
1.53414	1.75746	1.65934	1.97588	
1.54109	1.76131	1.65566	1.97848	
1.54707	1.75757	1.65955	1.97341	
1.59394	1.74742	1.65814	1.96852	
1.60003	1.72337	1.65976	1.93685	
1.6044	1.73397	1.65833	1.94703	
1.60394	1.72203	1.65826	1.94846	
1.62794	1.72881	1.6546	1.92857	
1.63253	1.72545	1.64851	1.91526	
1.65351	1.72124	1.64939	1.93771	
1.66047	1.70635	1.65429	1.95276	
1.65296	1.72132	1.66077	1.86799	
1.67159	1.72534	1.66483	1.86109	
1.6736	1.70918	1.66879	1.86119	
1.67475	1.70926	1.67077	1.86004	
1.69157	1.72018	1.66956	1.85089	
1.68475	1.71764	1.66734	1.84974	
1.69747	1.72369	1.66516	1.84245	
1.70613	1.70057	1.68276	1.84704	
1.72045	1.74772	1.66148	1.85491	
1.72925	1.74842	1.6654	1.83094	
1.74267	1.75279	1.66128	1.8379	
1.74008	1.75114	1.66571	1.84275	
1.69331	1.77579	1.67006	1.84518	
1.69449	1.77886	1.67314	1.84148	
1.69743	1.75422	1.67563	1.83123	
1.70267	1.76031	1.67275	1.83075	
1.69652	1.74689	1.67219	1.86213	
1.70742	1.73691	1.67456	1.8494	
1.77969	1.75474	1.6828	1.88696	
1.77753	1.75706	1.68886	1.89145	
1.77658	1.77213	1.68378	1.89691	
1.78345	1.76946	1.68748	1.90073	
1.78335	1.78621	1.68607	1.89609	
1.78193	1.76457	1.69204	1.90295	
1.77204	1.75719	1.69419	1.90272	
1.79235	1.75717	1.69978	1.90826	
1.77798	1.69531	1.70596	1.90855	
1.77116	1.96252	1.69905	1.95383	
1.79048	1.91574	1.69905	1.99319	
1.79877	1.91865	1.70665	2.02425	
1.77821	1.90947	1.71157	2.05909	
1.7752	1.90524	1.70694	2.07657	
1.77259	1.88377	1.71643	2.07395	
1.76549	1.8868	1.71588	2.08919	
1.76974	1.90457	1.72685	2.08536	
1.76099	1.94	1.73316	2.13076	
1.7459	1.94009	1.73867	2.10195	
1.73162	1.9466	1.74428	2.09246	
1.63452	1.94874	1.76605	2.05202	
1.62656	1.9541	1.77023	2.04369	
1.63352	1.92305	1.77046	2.02418	
1.60767	1.92623	1.77056	2.02056	
1.60399	1.9191	1.79699	2.01528	
1.62393	1.92326	1.79029	1.99949	
1.62572	1.9437	1.81539	1.99372	
1.61538	1.94036	1.82806	1.98349	
1.61559	1.98428	1.82205	1.99089	
1.61979	1.70964	1.82449	1.93645	
1.58307	1.71048	1.81999	1.89508	
1.56189	1.70984	1.80457	1.87313	
1.56286	1.7339	1.81291	1.83283	
1.563	1.77646	1.82114	1.80967	
1.5616	1.78273	1.83063	1.81013	
1.56168	1.77801	1.8319	1.79917	
1.55015	1.75771	1.82544	1.80372	
1.54659	1.72017	1.83575	1.75867	
1.54363	1.72456	1.82886	1.76052	
1.54715	1.70773	1.82393	1.76873	
1.55212	1.68583	1.79079	2.27141	
1.55134	1.68353	1.80956	2.28808	
1.56852	1.69039	1.82148	2.32943	
1.56732	1.69721	1.81942	2.35291	
1.57806	1.68964	1.7957	2.35272	
1.57107	1.68849	1.78639	2.36754	
1.5815	1.66506	1.76409	2.38447	
1.59079	1.66139	1.74758	2.39756	
1.61065	1.68314	1.73949	2.41803	
1.62465	1.68252	1.72592	2.42377	
1.63343	1.69499	1.72718	2.41191	
1.64904	1.69274	1.73795	2.39931	
1.67827	1.71867	1.72992	2.38762	
1.69096	1.70734	1.73558	2.37488	
1.71911	1.70642	1.71268	2.36957	
1.73315	1.70686	1.70983	2.36572	
1.75103	1.72491	1.70149	2.36007	
1.88438	1.71945	1.6861	2.34356	
1.89633	1.71425	1.68743	2.33817	
1.89241	1.71478	1.68331	2.32681	
1.90832	1.72306	1.6889	1.81391	
1.90999	1.72041	1.65557	1.78393	
1.88949	1.71626	1.67035	1.75341	
1.89335	1.70171	1.66775	1.72093	
1.88305	1.71112	1.66261	1.71275	
1.87215	1.72325	1.6759	1.70005	
1.85379	1.71806	1.67653	1.68543	
1.83745	1.72853	1.68549	1.66192	
1.8167	1.71143	1.69837	1.62783	
1.79625	1.7112	1.71375	1.61403	
1.78855	1.70181	1.71083	1.62535	
1.79454	1.71605	1.70539	1.63335	
1.77089	1.66742	1.69427	1.63886	
1.76354	1.65655	1.67524	1.65289	
1.74631	1.66209	1.67806	1.66882	
1.74225	1.67423	1.67796	1.66756	
1.72096	1.66348	1.68629	1.70673	
1.58681	1.6848	1.68714	1.72409	
1.59435	1.69175	1.68863	1.72719	
1.60874	1.71008	1.69776	1.74669	
1.59085	1.70741	1.70515	1.7563	
1.65216	1.70601	1.71687	1.76058	
1.65752	1.69223	1.68986	1.75795	
1.65857	1.69991	1.6923	1.77254	
1.67029	1.69474	1.69885	1.77949	
1.67091	1.71297	1.69611	1.79081	
1.6841	1.72241	1.6932	1.79924	
1.7237	1.72619	1.6922	1.80251	
1.74485	1.74704	1.69427	2.07854	
1.76932	1.74602	1.69322	2.0921	
1.7967	1.74015	1.70058	2.08878	
1.7765	1.72311	1.72034	2.08752	
1.77122	1.73154	1.73166	2.08229	
1.77292	1.71981	1.73588	2.07804	
1.78272	1.73416	1.74076	2.07206	
1.78638	1.73259	1.74734	2.0787	
1.79505	1.74491	1.74728	2.04835	
1.80402	1.75595	1.74959	2.05243	
1.79661	1.75252	1.75102	2.07939	
1.81018	1.73294	1.75475	2.10844	
1.81442	1.73444	1.76347	2.15729	
1.75621	1.74574	1.75438	2.17504	
1.75255	1.7459	1.77141	2.19364	
1.75901	1.76221	1.77801	2.20712	
1.76315	1.76479	1.77575	2.21927	
1.77677	1.7414	1.7885	2.21814	
1.77923	1.73614	1.7916	2.23609	
1.74433	1.7403	1.81504	2.25526	
1.74895	1.71501	1.83113	1.97847	
1.7256	1.72714	1.84799	1.97182	
1.70111	1.74486	1.8529	1.96027	
1.72587	1.74641	1.84676	1.95586	
1.72377	1.73592	1.85983	1.96314	
1.7403	1.73124	1.87295	1.97307	
1.72495	1.8011	1.89065	1.95933	
1.7154	1.80164	1.90153	1.96251	
1.71134	1.79475	1.90019	1.96055	
1.70595	1.7928	1.89545	1.95223	
1.72483	1.79567	1.89533	1.92982	
1.71119	1.79702	1.88281	1.89484	
1.71544	1.80534	1.86739	1.8366	
1.71576	1.79271	1.88639	1.81993	
1.71458	1.79562	1.87836	1.80539	
1.72886	1.7836	1.88076	1.78645	
1.73412	1.80034	1.90417	1.81588	
1.72565	1.79312	1.90376	1.82637	
1.71339	1.79992	1.91874	1.82796	
1.73738	1.82192	1.89589	1.80698	
1.72957	1.84324	1.88042	1.82162	
1.7438	1.83922	1.86248	1.83065	
1.752	1.8269	1.86104	1.84699	
1.76668	1.83127	1.85427	1.87237	
1.78297	1.85408	1.85221	1.87693	
1.77665	1.8509	1.8703	1.87177	
1.81207	1.78243	1.85437	1.89692	
1.81883	1.77265	1.85558	1.89193	
1.83079	1.76284	1.86025	1.92913	
1.83579	1.76253	1.88523	1.94609	
1.8206	1.75682	1.88952	1.94696	
1.81932	1.75832	1.89946	1.93681	
1.81777	1.74324	1.89348	1.94569	
1.82181	1.7415	1.87946	1.95469	
1.84264	1.74384	1.88618	1.95395	
1.82188	1.70991	1.91551	1.95114	
1.80321	1.79945	1.88663	1.90711	
1.79873	1.8075	1.86791	1.89224	
1.7968	1.81371	1.86144	1.87106	
1.77377	1.77721	1.86394	1.8901	
1.7548	1.82356	1.8749	1.87491	
1.74327	1.83743	1.87078	1.86062	
1.74227	1.83642	1.86913	1.85595	
1.70972	1.82646	1.86777	1.84776	
1.70389	1.80488	1.87506	1.83831	
1.69553	1.80125	1.86708	1.83571	
1.66527	1.79655	1.86048	1.81681	
1.66858	1.80226	1.85642	1.80669	
1.66473	1.80657	1.86687	1.76554	
1.68215	1.77726	1.85198	1.74601	
1.67779	1.793	1.85469	1.74377	
1.67809	1.79137	1.85969	1.75601	
1.68303	1.81029	1.88518	1.76898	
1.68085	1.81704	1.87442	1.76509	
1.66667	1.83774	1.85341	1.75926	
1.67212	1.85985	1.83729	1.75785	
1.67783	1.77658	1.83656	1.75841	
1.68446	1.77608	1.86252	1.75794	
1.74915	1.78267	1.88719	1.75732	
1.75379	1.79769	1.88007	1.73854	
1.76438	1.7366	1.86636	1.74912	
1.75948	1.72659	1.88502	1.75234	
1.74865	1.72846	1.88388	1.74543	
1.75523	1.75157	1.88001	1.73236	
1.76009	1.74985	1.87421	1.72812	
1.76208	1.75563	1.88467	1.72736	
1.76594	1.73042	1.88724	1.72458	
1.76177	1.73004	1.86343	1.7191	
1.76967	1.73069	1.84398	1.71827	
1.75839	1.75521	1.82512	1.71914	
1.76196	1.73697	1.81724	1.70687	
1.75533	1.73968	1.8127	1.69037	
1.75642	1.74692	1.82216	1.67049	
1.75935	1.74059	1.82434	1.67308	
1.76135	1.72466	1.83856	1.6845	
1.76324	1.74582	1.80986	1.69331	
1.76563	1.71684	1.80924	1.68868	
1.7649	1.72332	1.78904	1.68738	
1.70984	1.70215	1.75406	1.68379	
1.71047	1.68352	1.77442	1.67828	
1.71473	1.68539	1.77205	1.67871	
1.72842	1.67561	1.75296	1.67631	
1.73444	1.67176	1.76561	1.68629	
1.73107	1.67087	1.7759	1.69403	
1.73758	1.68032	1.76408	1.70332	
1.73667	1.69349	1.73145	1.70012	
1.73791	1.70663	1.73487	1.70546	
1.74386	1.7191	1.75861	1.71253	
1.72881	1.70667	1.77468	1.70622	
1.72672	1.69416	1.77921	1.7038	
1.72738	1.69834	1.7936	1.712	
1.72498	1.71028	1.80769	1.72034	
1.72016	1.69174	1.77892	1.71666	
1.71915	1.71205	1.79411	1.71461	
1.71932	1.70975	1.78434	1.71261	
1.72551	1.69964	1.79104	1.72658	
1.72414	1.70196	1.79059	1.7251	
1.73099	1.70849	1.80727	1.72613	
1.73277	1.71697	1.80837	1.73453	
1.73235	1.71567	1.78742	1.73836	
1.71887	1.71061	1.81	1.73994	
1.71349	1.70729	1.82458	1.74124	
1.72069	1.7043	1.82861	1.7296	
1.72531	1.68338	1.83239	1.71277	
1.71956	1.70154	1.82756	1.7027	
1.7204	1.68826	1.82668	1.69353	
1.71756	1.701	1.83055	1.68241	
1.71525	1.68211	1.80851	1.69334	
1.71717	1.67927	1.81356	1.71176	
1.71367	1.66858	1.85046	1.70415	
1.71341	1.66366	1.8381	1.69783	
1.71916	1.66004	1.83519	1.692	
1.7193	1.66115	1.84366	1.69191	
1.72129	1.63929	1.84563	1.68625	
1.71392	1.63786	1.85483	1.67761	
1.70617	1.62056	1.85775	1.65893	
1.69974	1.62433	1.8782	1.66462	
1.68641	1.60336	1.85435	1.67173	
1.68371	1.59575	1.84705	1.67098	
1.68118	1.59612	1.86737	1.67284	
1.69138	1.60524	1.84346	1.66215	
1.72911	1.61974	1.82295	1.65811	
1.73047	1.61925	1.80418	1.65234	
1.72831	1.62431	1.8003	1.66021	
1.71766	1.61447	1.79919	1.66589	
1.71635	1.64608	1.79261	1.68812	
1.71257	1.62805	1.78426	1.7075	
1.70739	1.6375	1.78821	1.69967	
1.71511	1.64515	1.76962	1.68597	
1.71459	1.63913	1.75923	1.69185	
1.71377	1.63712	1.76535	1.69204	
1.71694	1.62552	1.75053	1.69918	
1.7093	1.61692	1.74392	1.70826	
1.701	1.61674	1.73453	1.70307	
1.70661	1.61861	1.72257	1.71217	
1.70606	1.64427	1.7297	1.71937	
1.71409	1.64526	1.7144	1.71107	
1.70954	1.64963	1.71757	1.69892	
1.70634	1.65822	1.73849	1.68788	
1.70638	1.66633	1.71135	1.67936	
1.70678	1.66832	1.72264	1.69629	
1.67349	1.6887	1.74373	1.70281	
1.66396	1.6997	1.74142	1.71327	
1.6605	1.72626	1.72986	1.71688	
1.6709	1.72364	1.7387	1.71619	
1.67211	1.70013	1.75374	1.69538	
1.671	1.70551	1.77414	1.67598	
1.66717	1.71097	1.77602	1.66984	
1.65684	1.71078	1.7735	1.67447	
1.65765	1.72418	1.75628	1.68521	
1.66527	1.73597	1.74383	1.69213	
1.67287	1.76711	1.75635	1.70021	
1.71489	1.7745	1.74794	1.70263	
1.72694	1.79684	1.76128	1.71018	
1.73077	1.81317	1.7816	1.7001	
1.73215	1.78744	1.76432	1.69052	
1.74059	1.80195	1.76072	1.7047	
1.75195	1.81188	1.77388	1.71397	
1.75821	1.80454	1.75809	1.7249	
1.76682	1.82024	1.75875	1.73438	
1.7633	1.80628	1.74015	1.71894	
1.76316	1.78531	1.7148	1.71408	
1.7705	1.80475	1.73565	1.70643	
1.77167	1.7801	1.73174	1.69192	
1.76379	1.80014	1.73411	1.69112	
1.75935	1.78843	1.71816	1.70498	
1.76488	1.79726	1.69486	1.70856	
1.77298	1.78718	1.71729	1.70996	
1.77754	1.78175	1.71784	1.70027	
1.7822	1.80412	1.71036	1.68016	
1.78453	1.80087	1.71821	1.67334	
1.7793	1.77247	1.70343	1.65138	
1.74474	1.76616	1.70846	1.64564	
1.73809	1.75129	1.69217	1.64876	
1.73121	1.73945	1.68214	1.66268	
1.72871	1.73921	1.70221	1.67024	
1.7231	1.72881	1.70384	1.67322	
1.72373	1.73353	1.7062	1.67004	
1.72261	1.74048	1.73413	1.66154	
1.7118	1.71973	1.73696	1.65287	
1.72846	1.72241	1.75205	1.65776	
1.72209	1.7135	1.7636	1.65822	
1.71587	1.70733	1.75874	1.66364	
1.71284	1.70487	1.77437	1.67815	
1.71852	1.67868	1.76934	1.67343	
1.72307	1.70557	1.79502	1.66219	
1.72608	1.70404	1.80624	1.66133	
1.72979	1.70699	1.79095	1.66244	
1.73641	1.71063	1.80711	1.66252	
1.73092	1.68079	1.81373	1.67479	
1.72376	1.67488	1.83004	1.67729	
1.71579	1.67744	1.84738	1.68919	
1.71859	1.70129	1.85315	1.68785	
1.7222	1.70005	1.87505	1.69987	
1.72888	1.71272	1.89701	1.68156	
1.73138	1.71838	1.87736	1.6737	
1.72633	1.73939	1.88329	1.66285	
1.72292	1.72257	1.86857	1.66949	
1.72601	1.72154	1.85325	1.67703	
1.73282	1.71909	1.85615	1.6858	
1.71747	1.75162	1.84335	1.68277	
1.72374	1.75896	1.83334	1.6819	
1.72775	1.75798	1.85165	1.67448	
1.72812	1.76034	1.84561	1.65998	
1.72653	1.7578	1.8483	1.67025	
1.72394	1.73368	1.82256	1.67591	
1.72413	1.73835	1.81816	1.68597	
1.72241	1.74024	1.80695	1.69692	
1.7202	1.74782	1.81287	1.70555	
1.72261	1.74888	1.81322	1.70758	
1.72677	1.75686	1.79867	1.70492	
1.73033	1.76243	1.78764	1.69172	
1.72849	1.74199	1.78008	1.69202	
1.72558	1.75259	1.74964	1.67998	
1.72526	1.73984	1.72502	1.69236	
1.72357	1.73498	1.73017	1.6906	
1.73047	1.71197	1.72913	1.69464	
1.74837	1.72754	1.73101	1.68222	
1.75181	1.73066	1.71502	1.67398	
1.75086	1.7478	1.73714	1.66481	
1.74667	1.72435	1.7457	1.66814	
1.74298	1.72867	1.75349	1.66859	
1.74307	1.72477	1.73253	1.6716	
1.74312	1.73879	1.72437	1.67218	
1.74584	1.73379	1.71454	1.66169	
1.74372	1.74366	1.71852	1.65305	
1.74636	1.74046	1.7162	1.63745	
1.74897	1.73543	1.72486	1.6188	
1.74708	1.73779	1.70008	1.61114	
1.74196	1.75952	1.696	1.60513	
1.73159	1.77193	1.70072	1.60531	
1.72536	1.76353	1.70335	1.61172	
1.72432	1.76206	1.70525	1.60968	
1.73256	1.75376	1.71456	1.60112	
1.7306	1.74304	1.7104	1.5893	
1.73041	1.74184	1.70712	1.59921	
1.72614	1.76679	1.74329	1.60031	
1.70857	1.80477	1.7442	1.61134	
1.70688	1.79535	1.75883	1.621	
1.70456	1.78312	1.738	1.62909	
1.70629	1.77514	1.73721	1.6239	
1.7074	1.76276	1.74406	1.62049	
1.70716	1.74568	1.76157	1.61567	
1.71283	1.72627	1.77435	1.61941	
1.71234	1.72372	1.78057	1.63019	
1.71627	1.71451	1.79569	1.64044	
1.70809	1.69566	1.81629	1.65497	
1.70081	1.69302	1.81971	1.6755	
1.6968	1.68003	1.82328	1.677	
1.6978	1.65334	1.81988	1.67178	
1.692	1.63133	1.81953	1.6716	
1.68682	1.63021	1.81553	1.67617	
1.68044	1.63018	1.81983	1.66875	
1.66172	1.62312	1.81846	1.66928	
1.65282	1.62308	1.82528	1.68468	
1.64632	1.62475	1.83139	1.68191	
1.63845	1.59649	1.80507	1.69848	
1.63097	1.54836	1.807	1.69026	
1.62046	1.54289	1.80713	1.68051	
1.61649	1.54401	1.80821	1.67617	
1.61041	1.54452	1.81163	1.68819	
1.60431	1.55483	1.8077	1.69633	
1.63081	1.55854	1.77871	1.70306	
1.62094	1.56816	1.78027	1.70818	
1.6175	1.59281	1.77683	1.69992	
1.62181	1.59211	1.76567	1.68932	
1.62725	1.59686	1.75011	1.68437	
1.63307	1.62394	1.73987	1.674	
1.63966	1.62781	1.74031	1.69909	
1.6429	1.644	1.73904	1.69902	
1.64958	1.67462	1.72591	1.69554	
1.65145	1.70406	1.72512	1.68782	
1.65297	1.70823	1.72474	1.69981	
1.66179	1.70689	1.73099	1.69979	
1.67772	1.70592	1.72197	1.68255	
1.68924	1.73189	1.71264	1.67084	
1.69047	1.73295	1.69704	1.65474	
1.69396	1.73321	1.6945	1.66284	
1.69541	1.73778	1.6907	1.67271	
1.69431	1.75659	1.69606	1.68069	
1.70176	1.76563	1.68347	1.67104	
1.7059	1.75012	1.67066	1.67469	
1.68206	1.74892	1.67529	1.67069	
1.69199	1.75811	1.67066	1.67316	
1.69445	1.74883	1.67051	1.68152	
1.68649	1.75459	1.66352	1.68688	
1.6776	1.758	1.65518	1.68321	
1.66736	1.75011	1.65054	1.68238	
1.65798	1.76005	1.64797	1.66092	
1.65385	1.75609	1.64971	1.66003	
1.66316	1.75501	1.66618	1.66073	
1.67356	1.74103	1.66546	1.66162	
1.68081	1.76761	1.67726	1.6525	
1.68241	1.7715	1.66752	1.65425	
1.68228	1.788	1.66729	1.65961	
1.6767	1.77097	1.69249	1.65601	
1.6796	1.77772	1.69842	1.64558	
1.68321	1.79357	1.7	1.62948	
1.68742	1.80747	1.69326	1.61656	
1.69407	1.79125	1.6848	1.60049	
1.69797	1.79908	1.72682	1.60298	
1.70379	1.81115	1.73249	1.59683	
1.70054	1.82719	1.74008	1.59663	
1.69048	1.82242	1.74917	1.58914	
1.68494	1.82857	1.766	1.58733	
1.71671	1.82988	1.77997	1.58396	
1.72589	1.84069	1.79484	1.59143	
1.73195	1.84936	1.8101	1.59925	
1.74185	1.85428	1.80676	1.60482	
1.7468	1.85221	1.82341	1.61603	
1.74137	1.84538	1.82508	1.62317	
1.73665	1.84246	1.82912	1.62283	
1.7305	1.80854	1.80727	1.62784	
1.72898	1.83067	1.8051	1.62159	
1.72504	1.8225	1.80253	1.61773	
1.72313	1.81998	1.80405	1.63273	
1.72374	1.81906	1.81269	1.64276	
1.71986	1.80038	1.80539	1.65217	
1.718	1.80556	1.81478	1.65489	
1.71872	1.82015	1.84138	1.65262	
1.71454	1.81177	1.81985	1.6495	
1.71279	1.81558	1.82425	1.64396	
1.71838	1.81597	1.82377	1.64875	
1.7267	1.81031	1.82351	1.65645	
1.73396	1.81563	1.81395	1.64728	
1.70484	1.81083	1.82436	1.66151	
1.7027	1.79304	1.83138	1.65462	
1.70371	1.77886	1.84379	1.65484	
1.70702	1.76546	1.84949	1.64762	
1.71356	1.75832	1.83814	1.64592	
1.71612	1.73864	1.82841	1.638	
1.71779	1.75851	1.8267	1.64243	
1.72027	1.76962	1.89082	1.64715	
1.72238	1.74466	1.90141	1.65973	
1.71442	1.75949	1.91271	1.66691	
1.70835	1.75728	1.8937	1.65929	
1.7064	1.75669	1.88908	1.67021	
1.73199	1.75415	1.89825	1.66778	
1.7325	1.74259	1.89388	1.67528	
1.73423	1.74218	1.87062	1.68542	
1.73746	1.73797	1.8587	1.69466	
1.72985	1.72733	1.85254	1.70315	
1.7203	1.70896	1.83893	1.7012	
1.71004	1.70246	1.82361	1.69578	
1.70336	1.67569	1.81175	1.69237	
1.70804	1.66855	1.79354	1.67631	
1.71056	1.67983	1.78111	1.67796	
1.71258	1.67755	1.76675	1.66187	
1.70536	1.6891	1.77431	1.67241	
1.69999	1.69817	1.7749	1.66731	
1.695	1.69705	1.77973	1.67736	
1.68907	1.68561	1.78203	1.6795	
1.68524	1.68677	1.72234	1.66857	
1.68235	1.69971	1.71693	1.65608	
1.68513	1.70739	1.72172	1.65096	
1.69346	1.71829	1.73418	1.65914	
1.6966	1.72024	1.7256	1.65181	
1.6756	1.7277	1.73734	1.65566	
1.68123	1.7424	1.73754	1.64887	
1.68537	1.74597	1.74734	1.64921	
1.68464	1.74868	1.74922	1.64257	
1.69145	1.74203	1.77786	1.6457	
1.7001	1.75887	1.78763	1.64007	
1.70431	1.78987	1.81595	1.64096	
1.70545	1.79806	1.82476	1.6541	
1.70095	1.80954	1.84291	1.65802	
1.72522	1.82287	1.84205	1.65574	
1.72392	1.8212	1.85615	1.6611	
1.72485	1.82815	1.85067	1.6513	
1.72373	1.82968	1.84335	1.65446	
1.72722	1.83613	1.84267	1.65504	
1.73721	1.82798	1.85102	1.65294	
1.7432	1.82471	1.85042	1.66803	
1.74878	1.81352	1.87718	1.71636	
1.75319	1.79759	1.93886	1.72003	
1.75353	1.78545	1.93031	1.70725	
1.75594	1.80171	1.95473	1.69509	
1.75426	1.79779	1.9413	1.69169	
1.74851	1.78379	1.94706	1.69794	
1.74637	1.79047	1.94157	1.69573	
1.74589	1.78654	1.96566	1.692	
1.74691	1.79548	1.94539	1.69193	
1.74805	1.80413	1.94897	1.69519	
1.75119	1.79351	1.94077	1.695	
1.7478	1.79451	1.95276	1.68701	
1.74997	1.79587	1.939	1.68172	
?	1.78476	1.94253	1.68888	
?	1.78738	1.9261	1.69655	
?	1.77143	1.94094	1.70828	
?	1.76693	1.96479	1.71201	
?	1.76204	1.96797	1.7038	
?	1.74686	1.95607	1.70359	
?	?	1.97065	1.69418	
?	?	1.94288	1.65738	
?	?	1.88583	1.66529	
?	?	1.87906	1.67947	
?	?	1.85712	1.6901	
?	?	1.86071	1.69909	
?	?	1.86574	1.69352	
?	?	1.8644	1.69337	
?	?	1.83426	1.7029	
?	?	1.8503	1.70357	
?	?	1.86963	1.71525	
?	?	1.8547	1.7218	
?	?	1.84266	1.72763	
?	?	1.84037	1.73054	
?	?	1.85881	1.72493	
?	?	1.86357	1.71895	
?	?	1.84069	1.7085	
?	?	1.82605	1.70532	
?	?	1.83947	1.71443	
?	?	1.83725	1.71419	
?	?	1.82611	1.72168	
?	?	1.8367	1.72411	
?	?	1.8251	1.71858	
?	?	1.82588	1.71197	
?	?	1.82635	1.70243	
?	?	1.82615	1.68785	
?	?	1.81266	1.69306	
?	?	1.81246	1.68984	
?	?	1.81972	1.68831	
?	?	1.80326	1.68592	
?	?	1.7813	1.67338	
?	?	1.80972	1.66422	
?	?	1.82057	1.65907	
?	?	1.82944	1.66509	
?	?	1.81576	1.67022	
?	?	1.81081	1.67064	
?	?	1.81652	1.67347	
?	?	1.8159	1.66994	
?	?	1.79916	1.66541	
?	?	1.81541	1.65801	
?	?	1.83616	1.64799	
?	?	1.82986	1.64654	
?	?	1.8302	1.64384	
?	?	1.83546	1.64087	
?	?	1.83456	1.65388	
?	?	1.83165	1.6552	
?	?	1.83445	1.64482	
?	?	1.84417	1.64409	
?	?	1.84579	1.6385	
?	?	1.84313	1.64295	
?	?	1.85522	1.64693	
?	?	1.82729	1.65503	
?	?	1.81261	1.66539	
?	?	1.80727	1.66811	
?	?	1.81768	1.66544	
?	?	1.815	1.66489	
?	?	1.81606	1.66037	
?	?	1.81435	1.65073	
?	?	1.80935	1.67389	
?	?	1.79981	1.67602	
?	?	1.7891	1.69936	
?	?	1.80106	1.70454	
?	?	1.81049	1.70992	
?	?	1.79993	1.70261	
?	?	1.79426	1.68619	
?	?	1.81365	1.68624	
?	?	1.80964	1.69295	
?	?	1.78963	1.69643	
?	?	1.79476	1.69551	
?	?	1.79919	1.68445	
?	?	1.78554	1.67774	
?	?	1.77977	1.66254	
?	?	1.77162	1.64891	
?	?	1.78459	1.63713	
?	?	1.76633	1.6309	
?	?	1.77281	1.63489	
?	?	1.79614	1.64338	
?	?	1.82017	1.65869	
?	?	1.82098	1.629	
?	?	1.81708	1.62635	
?	?	1.82378	1.60098	
?	?	1.81413	1.58403	
?	?	1.79826	1.57614	
?	?	1.80552	1.57981	
?	?	1.81339	1.58882	
?	?	1.81914	1.58631	
?	?	1.8391	1.57569	
?	?	1.84652	1.56833	
?	?	1.83566	1.56151	
?	?	1.85397	1.55258	
?	?	1.86639	1.55289	
?	?	1.87223	1.56172	
?	?	1.89896	1.57382	
?	?	1.88527	1.57533	
?	?	1.8836	1.57218	
?	?	1.88264	1.56379	
?	?	1.86926	1.55696	
?	?	1.84315	1.54986	
?	?	1.85934	1.55242	
?	?	1.85712	1.55653	
?	?	1.84396	1.56231	
?	?	1.84748	1.56124	
?	?	1.8536	1.56197	
?	?	1.85485	1.56854	
?	?	1.85649	1.57621	
?	?	1.83363	1.59242	
?	?	1.81941	1.60854	
?	?	1.81674	1.62065	
?	?	1.84331	1.63497	
?	?	1.84167	1.64523	
?	?	?	1.64508	
?	?	?	1.64957	
?	?	?	1.65255	
?	?	?	1.6641	
?	?	?	1.67153	
?	?	?	1.67963	
?	?	?	1.68455	
?	?	?	1.68572	
?	?	?	1.68413	
?	?	?	1.68387	
?	?	?	1.68211	
?	?	?	1.70575	
?	?	?	1.71281	
?	?	?	1.71617	
?	?	?	1.70782	
?	?	?	1.6988	
?	?	?	1.69078	
?	?	?	1.67981	
?	?	?	1.72222	
?	?	?	1.72482	
?	?	?	1.76518	
?	?	?	1.76825	
?	?	?	1.7619	
?	?	?	1.76161	
?	?	?	1.75655	
?	?	?	1.74757	
?	?	?	1.74292	
?	?	?	1.74152	
?	?	?	1.74858	
?	?	?	1.75798	
?	?	?	1.76796	
?	?	?	1.75633	
?	?	?	1.74339	
?	?	?	1.73455	
?	?	?	1.72475	
?	?	?	1.72864	
?	?	?	1.73325	
?	?	?	1.74447	
?	?	?	1.70616	
?	?	?	1.7086	
?	?	?	1.67341	
?	?	?	1.66616	
?	?	?	1.65824	
?	?	?	1.6578	
?	?	?	1.6664	
?	?	?	1.67164	
?	?	?	1.68199	
?	?	?	1.69054	
?	?	?	1.68368	
?	?	?	1.67464	
?	?	?	1.66664	
?	?	?	1.66119	
?	?	?	1.67382	
?	?	?	1.67895	
?	?	?	1.68921	
?	?	?	1.6869	
?	?	?	1.68864	
?	?	?	1.68307	
?	?	?	1.67335	
?	?	?	1.65963	
?	?	?	1.66737	
?	?	?	1.67208	
?	?	?	1.6736	
?	?	?	1.67214	
?	?	?	1.66673	
?	?	?	1.66683	
?	?	?	1.65866	
?	?	?	1.65151	
?	?	?	1.66001	
?	?	?	1.65484	
?	?	?	1.66232	
?	?	?	1.66594	
?	?	?	1.65771	
?	?	?	1.65681	
?	?	?	1.67794	
?	?	?	1.68059	
?	?	?	1.68143	
?	?	?	1.6878	
?	?	?	1.69849	
?	?	?	1.70974	
?	?	?	1.70016	
?	?	?	1.69314	
?	?	?	1.70023	
?	?	?	1.69007	
?	?	?	1.69454	
?	?	?	1.69442	
?	?	?	1.69969	
?	?	?	1.70876	
?	?	?	1.70199	
?	?	?	1.71039	
?	?	?	1.70469	
?	?	?	1.71059	
?	?	?	1.711	
?	?	?	1.73625	
?	?	?	1.7205	
?	?	?	1.70877	
?	?	?	1.6995	
?	?	?	1.68615	
?	?	?	1.68268	
?	?	?	1.68774	
?	?	?	1.6886	
?	?	?	1.70113	
?	?	?	1.70168	
?	?	?	1.71565	
?	?	?	1.71314	
?	?	?	1.71082	
?	?	?	1.70369	
?	?	?	1.69821	
?	?	?	1.69979	
?	?	?	1.7021	
?	?	?	1.70719	
?	?	?	1.70564	
?	?	?	1.70851	
?	?	?	1.68204	
?	?	?	1.6737	
?	?	?	1.68542	
?	?	?	1.69607	
?	?	?	1.71236	
?	?	?	1.71294	
?	?	?	1.71937	
?	?	?	1.72266	
?	?	?	1.70985	
?	?	?	1.70274	
?	?	?	1.6936	
?	?	?	1.70114	
?	?	?	1.71014	
?	?	?	1.71644	
?	?	?	1.71653	
?	?	?	1.71304	
?	?	?	1.70127	
?	?	?	1.68761	
?	?	?	1.67925	
?	?	?	1.68335	
?	?	?	1.68926	
?	?	?	1.69487	
?	?	?	1.68664	
?	?	?	1.68222	
?	?	?	1.67443	
?	?	?	1.69013	
?	?	?	1.668	
?	?	?	1.66946	
?	?	?	1.67945	
?	?	?	1.68557	
?	?	?	1.69776	
?	?	?	1.69376	
?	?	?	1.68364	
?	?	?	1.70289	
?	?	?	1.70741	
?	?	?	1.72079	
?	?	?	1.73502	
?	?	?	1.74539	
?	?	?	1.75032	
?	?	?	1.75483	
?	?	?	1.74294	
?	?	?	1.74041	
?	?	?	1.73911	
?	?	?	1.7407	
?	?	?	1.73942	
?	?	?	1.71101	
?	?	?	1.72025	
?	?	?	1.71513	
?	?	?	1.70538	
?	?	?	1.7006	
?	?	?	1.6858	
?	?	?	1.68788	
?	?	?	1.69655	
?	?	?	1.68035	
?	?	?	1.6782	
?	?	?	1.67311	
?	?	?	1.66477	
?	?	?	1.66402	
?	?	?	1.65993	
?	?	?	1.65126	
?	?	?	1.65517	
?	?	?	1.65009	
?	?	?	1.65449	
?	?	?	1.64642	
?	?	?	1.64205	
?	?	?	1.65243	
?	?	?	1.65412	
?	?	?	1.66082	
?	?	?	1.66884	
?	?	?	1.68125	
?	?	?	1.68735	
