0 restore_end page_write
0 0 0
0 0 0
0 0 0
0 0 0
0 0 0
0 0 0
0 0 0
0 0 0
0 0 0
0 0 0
0 0 0
0 0 0
0 0 0
0 0 0
0 0 0
0 0 0
0 0 0
0 0 0
0 0 0
0 0 0
0 0 0
0 0 0
0 0 0
0 0 0
0 0 0
0 0 0
0 0 0
0 0 0
0 0 0
0 0 0
0 0 0
0 0 0
0 0 0
0 0 0
0 0 0
0 0 0
0 0 0
0 0 0
0 0 0
0 0 0
0 0 0
0 0 0
0 0 0
0 0 0
0 0 0
0 0 0
0 0 0
0 0 0
0 0 0
0 0 0
0 0 0
0 0 0
0 0 0
0 0 0
0 0 0
0 0 0
0 0 0
0 0 0
0 0 0
0 0 0
0 0 0
0 0 0
0 0 0
0 0 0
0 0 0
0 0 0
0 0 0
0 0 0
0 0 0
0 0 0
0 0 0
0 0 0
0 0 0
0 0 0
0 0 0
0 0 0
0 0 0
0 0 0
0 0 0
0 0 0
0 0 0
0 0 0
0 0 0
0 0 0
0 0 0
0 0 0
0 0 0
0 0 0
0 0 0
0 0 0
0 0 0
0 0 0
0 0 0
0 0 0
0 0 0
0 0 0
0 0 0
0 0 0
0 0 0
0 0 0
0 0 0
0 0 0
0 0 0
0 0 0
0 0 0
0 0 0
0 0 0
0 0 0
0 0 0
0 0 0
0 0 0
0 0 0
0 0 0
0 0 0
0 0 0
0 0 0
0 0 0
0 0 0
0 0 0
0 0 0
0 0 0
0 0 0
0 0 0
0 0 0
0 0 0
0 0 0
0 0 0
0 0 0
0 0 0
0 0 0
0 0 0
0 0 0
0 0 0
0 0 0
0 0 0
0 0 0
0 0 0
0 0 0
0 0 0
0 0 0
0 0 0
0 0 0
0 0 0
0 0 0
0 0 0
0 0 0
0 0 0
0 0 0
0 0 0
0 0 0
0 0 0
0 0 0
0 0 0
0 0 0
0 0 0
0 0 0
0 0 0
0 0 0
0 0 0
0 0 0
0 0 0
0 0 0
0 0 0
0 0 0
0 0 0
0 0 0
0 0 0
0 0 0
0 0 0
0 0 0
0 0 0
0 0 0
0 0 0
0 0 0
0 0 0
0 0 0
0 0 0
0 0 0
0 0 0
0 0 0
0 0 0
0 0 0
0 0 0
0 0 0
0 0 0
0 0 0
0 0 0
0 0 0
0 0 0
0 0 0
0 0 0
0 0 0
0 0 0
0 0 0
0 0 0
0 0 0
0 0 0
0 0 0
0 0 0
0 0 0
0 0 0
0 0 0
0 0 0
0 0 0
0 0 0
0 0 0
0 0 0
0 0 0
0 0 0
0 0 0
0 0 0
0 0 0
0 0 0
0 0 0
0 0 0
0 0 0
0 0 0
0 0 0
0 0 0
0 0 0
0 0 0
0 0 0
0 0 0
0 0 0
0 0 0
0 0 0
0 0 0
0 0 0
0 0 0
0 0 0
0 0 0
0 0 0
0 0 0
0 0 0
0 0 0
0 0 0
0 0 0
0 0 0
0 0 0
0 0 0
0 0 0
0 0 0
0 0 0
0 0 0
0 0 0
0 0 0
0 0 0
0 0 0
0 0 0
0 0 0
0 0 0
0 0 0
0 0 0
0 0 0
0 0 0
0 0 0
0 0 0
0 0 0
0 0 0
0 0 0
0 0 0
0 0 0
0 0 0
0 0 0
0 0 0
0 0 0
0 0 0
0 0 0
0 0 0
0 0 0
0 0 0
0 0 0
0 0 0
0 0 0
0 0 0
0 0 0
0 0 0
0 0 0
0 0 0
0 0 0
0 0 0
0 0 0
0 0 0
0 0 0
0 0 0
0 0 0
0 0 0
0 0 0
0 0 0
0 0 0
0 0 0
0 0 0
0 0 0
0 0 0
0 0 0
0 0 0
0 0 0
0 0 0
0 0 0
0 0 0
0 0 0
0 0 0
0 0 0
0 0 0
0 0 0
0 0 0
0 0 0
0 0 0
0 0 0
0 0 0
0 0 0
0 0 0
0 0 0
0 0 0
0 0 0
0 0 0
0 0 0
0 0 0
0 0 0
0 0 0
0 0 0
0 0 0
0 0 0
0 0 0
0 0 0
0 0 0
0 0 0
0 0 0
0 0 0
0 0 0
0 0 0
0 0 0
0 0 0
0 0 0
0 0 0
0 0 0
0 0 0
0 0 0
0 0 0
0 0 0
0 0 0
0 0 0
0 0 0
0 0 0
0 0 0
0 0 0
0 0 0
0 0 0
0 0 0
0 0 0
0 0 0
0 0 0
0 0 0
0 0 0
0 0 0
0 0 0
0 0 0
0 0 0
0 0 0
0 0 0
0 0 0
0 0 0
0 0 0
0 0 0
0 0 0
0 0 0
0 0 0
0 0 0
0 0 0
0 0 0
0 0 0
0 0 0
0 0 0
0 0 0
0 0 0
0 0 0
0 0 0
0 0 0
0 0 0
0 0 0
0 0 0
0 0 0
0 0 0
0 0 0
0 0 0
0 0 0
0 0 0
0 0 0
0 0 0
0 0 0
0 0 0
0 0 0
0 0 0
0 0 0
0 0 0
0 0 0
0 0 0
0 0 0
0 0 0
0 0 0
0 0 0
0 0 0
0 0 0
0 0 0
0 0 0
0 0 0
0 0 0
0 0 0
0 0 0
0 0 0
0 0 0
0 0 0
0 0 0
0 0 0
0 0 0
0 0 0
0 0 0
0 0 0
0 0 0
0 0 0
0 0 0
0 0 0
0 0 0
0 0 0
0 0 0
0 0 0
0 0 0
0 0 0
0 0 0
0 0 0
0 0 0
0 0 0
0 0 0
0 0 0
0 0 0
0 0 0
0 0 0
0 0 0
0 0 0
0 0 0
315 0 6359
1963 252 23064
3426 855 15066
5876 815 17713
8993 614 18048
12269 585 17283
15926 615 17180
20195 659 17754
24703 670 17763
29740 652 17503
35278 628 17066
41675 680 17564
48071 663 15879
54784 585 14652
60931 515 11675
68765 598 12799
76909 447 11985
85718 94 10884
94710 598 9736
103656 608 8593
112334 549 7272
121749 582 6800
130846 553 6027
140638 568 5787
150172 546 4975
159614 586 4539
169095 538 4001
178990 574 3792
188333 543 3348
197648 528 2930
207400 556 2822
217094 555 2660
226935 555 2442
238184 616 2572
249997 637 2439
261508 618 2239
272680 604 1997
283744 622 1802
293941 728 1503
305194 611 1662
315070 507 1293
325140 490 1254
336051 543 1267
347642 606 1209
358607 556 1162
370027 569 1057
381308 550 1068
393184 585 958
404478 585 850
415246 573 826
426676 613 805
438329 621 772
449385 594 712
460210 609 647
471080 595 678
482902 641 659
494504 622 635
506013 614 591
516356 591 543
528023 656 552
539196 633 479
550678 673 473
562373 624 441
574583 600 512
586306 565 474
598179 602 438
609891 592 445
621582 575 415
633423 629 403
644808 588 435
655992 579 368
667268 597 361
678191 592 306
689899 635 332
701816 630 340
713518 613 304
724783 593 359
736050 584 324
747208 575 299
759418 652 347
771185 619 293
782564 582 273
794106 626 295
805248 605 314
815353 552 232
826645 555 250
838065 621 259
850088 585 274
862154 598 297
874242 586 228
885754 572 244
897778 592 290
908734 574 243
919814 581 209
930822 587 206
942187 619 216
952768 547 183
964994 630 240
977100 621 232
988917 625 241
999193 530 183
1010268 572 197
1021429 582 208
1032990 619 216
1044659 612 187
1056315 619 204
1068168 685 212
1077067 1145 155
1088530 618 201
1098896 509 161
1109281 545 171
1120072 558 149
1130568 514 162
1140601 486 143
1150981 499 162
1160976 490 141
1171382 534 166
1181140 506 140
1191492 543 141
1201867 556 151
1211750 544 171
1222640 569 166
1233124 532 134
1243998 562 156
1254017 512 157
1263692 514 158
1274013 539 145
1285087 591 149
1295380 541 148
1305449 562 141
1315286 525 169
1325813 562 129
1336268 543 136
1346542 537 127
1356668 535 109
1367166 525 136
1377642 553 111
1388612 537 124
1399680 550 125
1409904 503 120
1420213 501 118
1430650 532 122
1440483 519 105
1450815 571 117
1461006 542 118
1471232 547 113
1481548 523 114
1491985 540 96
1501542 497 95
1511825 531 149
1522350 549 124
1533291 564 113
1543643 570 109
1553314 520 105
1564231 573 96
1575360 624 115
1585701 532 118
1596183 548 105
1606717 550 87
1617495 559 101
1627563 503 81
1638146 550 116
1648292 499 86
1658734 542 82
1668754 484 99
1678679 490 96
1689271 538 91
1699778 520 102
1709980 547 100
1719939 513 118
1730666 554 102
1742402 606 108
1753456 562 84
1764421 559 97
1774828 545 88
1785323 544 103
1795654 523 79
1805351 520 95
1816741 639 123
1827285 545 91
1837772 541 78
1848190 529 80
1858510 564 72
1869210 567 89
1879022 512 64
1889542 553 67
1900103 545 79
1910793 565 94
1921592 544 75
1932920 546 90
1943343 503 69
1954103 520 83
1963905 479 68
1974384 520 72
1984798 530 83
1995443 558 62
2005360 508 69
2015484 543 65
2025901 539 67
2036551 544 75
2046166 495 64
2056315 529 50
2066646 537 71
2077353 549 47
2087509 511 71
2097522 509 52
2107697 526 79
2118721 590 68
2130538 620 66
2140732 532 64
2150893 535 62
2161667 559 46
2171937 532 55
2182356 519 51
2192298 534 1025
2203062 557 1103
2212961 525 689
2222930 500 1001
2232686 505 1464
2243167 527 1066
2252826 506 1445
2264029 583 2162
2273722 492 1467
2284431 556 1343
2294545 529 1084
2304655 535 1333
2314625 540 1304
2325346 551 1300
2335377 522 1513
2346863 639 1573
2358278 639 1633
2370024 628 1804
2380610 549 1403
2391552 578 1658
2402450 623 1535
2413951 616 1570
2425651 630 1719
2436768 592 1462
2447533 575 1378
2459144 587 1417
2469830 543 1067
2480963 592 1044
2492748 585 1100
2504451 592 923
2515734 563 903
2526593 546 775
2538386 624 743
2549938 595 613
2560711 555 586
2571564 566 523
2582645 585 484
2594578 614 449
2605653 562 416
2617145 613 2060
2628586 628 1324
2639850 603 2418
2651233 598 2677
2662317 577 1918
2673765 608 1536
2685764 648 1805
2696709 582 1619
2708089 597 1751
2719471 590 1815
2730783 569 1923
2741936 589 2551
2752608 557 2184
2762384 521 2015
2772637 534 2941
2782499 498 2577
2791989 489 3460
2801926 526 2895
2811956 537 3264
2821559 510 3016
2829663 540 2126
2839551 522 2914
2847355 493 3270
2856008 517 3051
2865340 495 3856
2875129 523 3970
2885309 552 4379
2893304 435 3186
2902488 515 5707
2910221 457 3607
2918803 707 4880
2927608 776 4593
2937454 532 5011
2945382 440 3717
2954727 608 5352
2962418 666 4640
2971503 652 5375
2978587 535 4528
2987447 541 6002
2994866 459 5377
3001725 587 5915
3006453 1251 2948
3006453 2592 0
3006453 2460 0
3006453 2394 0
3006453 2429 0
3006453 2400 0
3006453 2462 0
3006453 2526 0
3006453 2533 0
3006453 2605 0
3006453 2779 0
3006453 2675 0
3006453 2703 0
3006453 2239 0
3006453 2317 0
3006453 2171 0
3006453 2177 0
3006453 2216 0
3006453 2091 0
3006453 1997 0
3006453 2080 0
3006453 900 0
3006453 2729 0
3006453 2726 0
3006453 2742 0
3006453 2835 0
3006453 2760 0
3006453 2637 0
3006453 2620 0
3006453 2684 0
3006453 2696 0
3006453 2773 0
3006453 2733 0
3006453 2870 0
3006453 2830 0
3006453 2672 0
3006453 2717 0
3006453 2735 0
3006453 2878 0
3006453 2838 0
3006453 2789 0
3006453 2849 0
3006453 2809 0
3006453 2860 0
3006453 2732 0
3006453 2437 0
3006453 2162 0
3006453 2058 0
3006453 2238 0
3006453 2849 0
3006453 2794 0
3006453 2596 0
3006453 2676 0
3006453 2871 0
3006453 2798 0
3006453 2818 0
3006453 2479 0
3006453 2816 0
3006453 2756 0
3006453 2714 0
3006453 2727 0
3006453 2831 0
3006453 2812 0
3006453 2682 0
3006453 2749 0
3006453 2856 0
3006453 2301 0
3006453 2274 0
3006453 2423 0
3006453 2789 0
3006453 2846 0
3006453 2720 0
3006453 2591 0
3006453 2823 0
3006453 2705 0
3006453 2674 0
3006453 2602 0
3006453 2624 0
3006453 2504 0
3006453 2582 0
3006453 2689 0
3006453 2763 0
3006453 2631 0
3006453 2501 0
3006453 2688 0
3006453 2753 0
3006453 2565 0
3006453 2476 0
3006453 2421 0
3006453 2164 0
3006453 2254 0
3006453 2297 0
3006453 2186 0
3006453 2206 0
3006453 2658 0
3006453 2579 0
3006453 2618 0
3006453 2666 0
3006453 2599 0
3006453 2588 0
3006453 2596 0
3006453 2774 0
3006453 2594 0
3006453 2693 0
3006453 2594 0
3006453 2632 0
3006453 2482 0
3006453 2508 0
3006453 2531 0
3006453 2563 0
3006453 2261 0
3006453 2307 0
3006453 2283 0
3006453 2413 0
3006453 2381 0
3006453 2371 0
3006453 2195 0
3006453 2450 0
3006453 2362 0
3006453 453 0
3006453 28 0
3006453 27 0
3006453 28 0
3006453 28 0
3006453 27 0
3006453 28 0
3006453 27 0
3006453 27 0
3006453 27 0
3006539 59 111
3015575 485 5602
3025458 12 5113
3035155 503 4380
3045590 561 4458
3055352 506 4057
3063959 588 2831
3072827 561 3163
3083049 694 3446
3093117 529 3123
3103309 535 2733
3111690 523 2286
3119659 447 2038
3126935 616 1707
3134402 803 1839
3143895 546 2157
3152443 625 1808
3163311 560 2083
3171831 446 1558
3181262 596 1538
3191221 529 1415
3199384 514 1332
3206985 599 1144
3216183 491 1322
3226116 591 1294
3236704 551 1311
3246508 523 1061
3256484 504 1159
3266619 569 1017
3276445 498 910
3286361 499 915
3297134 540 905
3305228 449 623
3315311 497 785
3325939 525 742
3335156 477 613
3343062 424 513
3353354 538 597
3363425 517 532
3372716 516 480
3383419 554 541
3392652 481 467
3402352 537 461
3412375 602 420
3422481 524 444
3433625 572 424
3441589 497 337
3450688 518 343
3461082 540 392
3468469 402 302
3478729 588 329
3488658 528 317
3499705 584 370
3510537 563 296
3521374 541 339
3531833 541 276
3540894 489 228
3551721 542 285
3562346 545 263
3571265 523 219
3582378 557 266
3592901 515 262
3601153 531 177
3611217 541 263
3621376 522 186
3631784 544 206
3641871 513 191
3651319 567 198
3661669 532 218
3671724 509 167
3682297 543 189
3693221 569 244
3701278 482 147
3712011 572 178
3722894 562 172
3732229 602 163
3742598 530 164
3752931 539 179
3763234 539 196
3774095 568 176
3784635 545 183
3794701 519 213
3801685 579 128
3812044 530 186
3821949 543 163
3832942 529 162
3842115 476 151
3853031 526 171
3862159 571 152
3872069 513 154
3882449 530 138
3893355 571 154
3902636 519 140
3912408 507 141
3923401 561 158
3934405 564 164
3943604 616 100
3953477 528 178
3962222 542 162
3972674 545 154
3983652 568 185
3992616 572 136
4002743 532 132
4010394 541 112
4021370 576 159
4030056 534 98
4039937 530 126
4048266 462 106
4058514 536 130
4069052 534 157
4077290 459 102
4087694 537 132
4098132 499 135
4107905 577 133
4118332 513 147
4127151 519 144
4135208 434 111
4145989 549 150
4154562 480 101
4164892 541 117
4172849 508 115
4183874 639 164
4193029 530 142
4202320 557 140
4212147 505 133
4221875 494 98
4232247 539 160
4241082 582 114
4251425 544 117
4259528 415 112
4269885 528 134
4280207 536 161
4289986 511 124
4300119 579 120
4310046 521 120
4319087 502 104
4327876 687 106
4338399 520 123
4348879 520 120
4359157 512 131
4367789 576 97
4377370 500 123
4384366 359 77
4395661 558 176
4403925 530 102
4414407 519 116
4422938 438 86
4431807 676 111
4440909 524 103
4448935 476 129
4458719 504 126
4469140 536 136
4478668 520 103
4488820 522 117
4498975 524 148
4508225 479 108
4517788 514 119
4526037 512 113
4536642 546 117
4546313 572 121
4555160 535 91
4565462 538 128
4573455 568 94
4583093 536 113
4593476 551 132
4603135 503 123
4611570 437 114
4622237 531 131
4632866 536 134
4641775 334 91
4652350 534 92
4663399 549 141
4673879 506 126
4684326 528 127
4694016 564 121
4704515 608 122
4715039 543 118
4725161 512 290
4734494 484 223
4745451 633 215
4754470 482 185
4764900 554 131
4773246 489 354
4783873 547 308
4794111 527 266
4801916 453 159
4809898 461 142
4820505 546 359
4830098 494 362
4840217 530 272
4849039 494 220
4859939 563 258
4866094 391 183
4875424 488 329
4884356 464 246
4894995 555 295
4905062 512 235
4916714 599 401
4926592 504 369
4936211 472 329
4944542 463 212
4954231 510 242
4964480 532 344
4975241 557 363
4982718 379 245
4993107 534 253
5003301 524 251
5012266 461 361
5022860 542 426
5032993 522 317
5043754 554 298
5052307 460 185
5062128 503 405
5072254 584 349
5079328 393 208
5089807 533 239
5099651 509 219
5109989 535 399
5118448 480 251
5128587 532 256
5138909 538 257
5149297 546 237
5159904 531 357
5170652 535 296
5181026 496 241
5189329 455 205
5200011 527 204
5208677 439 379
5218288 528 302
5227532 501 261
5234137 347 171
5242204 432 169
5252463 555 566
5260906 492 838
5269062 605 660
5279415 550 683
5289275 505 1161
5299370 515 1236
5309761 534 909
5320048 535 1359
5329742 503 1173
5339668 543 1092
5349976 544 2336
5360091 525 1961
5369881 516 1795
5379323 552 1399
5390238 571 1888
5398626 628 1378
5408177 491 1389
5417632 510 2028
5427796 510 1760
5438304 550 1930
5448727 523 1771
5459078 510 1689
5469634 532 1708
5480028 513 1805
5489779 480 1516
5499347 510 1416
5509598 545 1960
5517736 473 1434
5526465 567 1634
5537433 579 2211
5546337 469 1677
5556353 520 2325
5566427 515 1833
5576028 513 2790
5586658 588 2618
5597382 570 2685
5608248 567 2748
5618799 548 2481
5628411 506 2526
5637669 559 2000
5645767 514 2059
5655711 524 2467
5665542 532 2810
5673324 507 2194
5682315 518 3296
5692778 540 4014
5701847 702 3158
5712298 538 4008
5722191 513 4004
5732472 542 4737
5742270 512 4121
5752445 525 3979
5762370 531 3870
5772595 548 4797
5782727 553 5569
5793068 558 5072
5802855 542 5272
5812995 554 5098
5823013 557 5052
5830946 449 4422
5839938 582 5017
5849174 501 5477
5857287 478 4920
5867255 547 5827
5877058 547 6242
5886639 532 5949
5896068 546 7353
5905587 529 6119
5914686 542 7253
5922928 461 5994
5932484 540 7236
5940434 579 7532
5945687 1136 3786
5945687 2315 0
5945687 2452 0
5945687 2625 0
5945687 2425 0
5945687 2476 0
5945687 2505 0
5945687 2598 0
5945687 2470 0
5945687 2476 0
5945687 2492 0
5945687 3034 0
5945687 2689 0
5945687 2707 0
5945687 2902 0
5945687 2707 0
5945687 2326 0
5945687 2424 0
5945687 2388 0
5945687 2582 0
5945687 2832 0
5945687 2616 0
5945687 2556 0
5945687 2632 0
5945687 2518 0
5945687 2674 0
5945687 2562 0
5945687 2646 0
5945687 2467 0
5945687 2456 0
5945687 2501 0
5945687 2676 0
5945687 2479 0
5945687 2317 0
5945687 2524 0
5945687 2399 0
5945687 2378 0
5945687 2508 0
5945687 2543 0
5945687 2730 0
5945687 2404 0
5945687 2366 0
5945687 2586 0
5945687 2559 0
5945687 2451 0
5945687 2690 0
5945687 2488 0
5945687 2513 0
5945687 2523 0
5945687 2572 0
5945687 2521 0
5945687 2494 0
5945687 2408 0
5945687 2421 0
5945687 2601 0
5945687 2569 0
5945687 2497 0
5945687 2444 0
5945687 2529 0
5945687 2468 0
5945687 2479 0
5945687 2649 0
5945687 2523 0
5945687 2612 0
5945687 2531 0
5945687 2487 0
5945687 2532 0
5945687 2658 0
5945687 2384 0
5945687 2452 0
5945687 2409 0
5945687 2536 0
5945687 2432 0
5945687 2428 0
5945687 2446 0
5945687 2449 0
5945687 2447 0
5945687 2529 0
5945687 2580 0
5945687 2529 0
5945687 2294 0
5945687 2326 0
5945687 2357 0
5945687 2377 0
5945687 2431 0
5945687 2484 0
5945687 2485 0
5945687 2457 0
5945687 2384 0
5945687 2286 0
5945687 2583 0
5945687 2436 0
5945687 2394 0
5945687 2488 0
5945687 2027 0
5945687 27 0
5945687 28 0
5945687 26 0
5945687 28 0
5945687 27 0
5945687 675 0
5945687 2357 0
5945687 2446 0
5945687 2421 0
5945687 2424 0
5945687 2329 0
5945687 2331 0
5945687 2401 0
5945687 2279 0
5945687 2410 0
5945687 2445 0
5945687 2495 0
5945687 2369 0
5945687 2289 0
5945687 2505 0
5945687 2501 0
5945687 2372 0
5945687 2399 0
5945687 2437 0
5945687 2513 0
5945687 2372 0
5945687 2316 0
5945687 2381 0
5945687 2418 0
5945687 2305 0
5945687 2369 0
5945687 2432 0
5945687 2487 0
5945687 2524 0
5945687 2489 0
5945687 132 0
5945687 28 0
5945687 28 0
5945687 27 0
5946558 104 738
5957215 594 6980
5966246 468 5005
5977255 580 5607
5986622 656 4485
5996467 712 4384
6006410 585 3936
6014615 579 3277
6025991 596 3940
6037335 594 3609
6047064 535 2894
6054915 544 2155
6065789 572 2884
6077366 619 2985
6089370 629 2627
6097343 550 1753
6106373 531 1788
6115365 613 1815
6125137 512 1793
6135295 531 1757
6145534 563 1638
6154071 627 1247
6164240 525 1374
6172566 499 1056
6181647 485 1125
6191582 558 1233
6201263 517 1093
6210689 497 931
6220550 541 895
6229170 497 775
6239498 507 874
6247166 515 561
6257651 516 837
6265621 462 596
6274605 519 637
6284441 488 645
6294524 524 668
6305204 560 639
6315628 521 556
6324831 564 417
6333571 511 449
6342419 464 433
6352226 516 445
6361676 619 432
6372669 608 460
6382905 523 453
6392931 538 424
6402954 521 373
6413835 567 393
6421908 419 321
6431512 555 271
6441553 643 284
6450536 470 306
6460666 515 302
6470979 539 356
6478302 498 254
6489219 584 286
6499985 662 247
6510269 538 193
6521336 544 318
6530790 536 230
6540692 510 218
6551492 521 251
6559486 473 174
6570134 528 281
6578477 465 174
6588009 501 201
6598387 536 213
6609275 556 207
6619364 520 225
6629598 524 246
6639857 535 233
6650745 563 205
6659102 495 155
6669277 535 247
6679704 531 209
6690664 565 189
6700533 525 144
6710475 525 149
6719362 492 166
6730099 561 211
6739910 512 176
6749549 606 179
6760346 564 164
6771882 571 196
6780607 455 148
6790536 508 207
6800224 509 161
6808614 462 128
6818538 486 173
6829026 512 191
6840268 581 191
6850186 607 158
6860617 547 164
6870890 560 172
6881200 537 199
6891341 528 148
6900147 529 142
6910589 534 127
6920905 525 162
6931530 536 154
6941563 686 169
6951739 527 168
6961279 531 130
6971110 581 144
6981318 537 123
6991495 618 189
7001910 539 170
7012785 565 171
7022858 540 138
7031629 478 106
7042016 531 160
7050696 481 152
7061245 539 166
7070574 582 129
7080983 509 162
7091782 530 178
7098662 470 118
7108824 539 151
7117392 533 137
7125548 435 115
7135905 543 119
7144279 593 246
7154613 527 315
7164296 492 227
7173007 480 178
7183247 543 155
7193096 530 175
7203275 524 511
7212311 495 264
7222531 526 203
7231463 544 142
7240802 546 172
7250837 523 305
7259080 516 234
7269468 547 262
7278509 603 199
7288847 535 226
7299427 568 341
7309437 552 313
7318302 560 230
7326661 414 197
7336830 531 210
7344902 445 208
7355538 520 342
7365838 540 287
7375729 473 233
7385940 515 243
7394696 442 357
7404104 499 272
7412339 531 213
7422543 532 257
7431830 570 214
7441980 531 304
7450877 473 288
7460260 532 283
7470802 541 245
7480581 505 221
7490748 534 300
7501515 569 354
7511695 529 294
7521981 526 217
7529420 404 198
7540065 484 330
7550503 548 315
7560043 639 261
7570261 538 226
7579085 581 213
7590391 558 363
7597984 432 225
7609394 557 322
7619748 510 246
7629719 547 204
7639274 526 259
7648665 484 276
7658463 500 295
7668770 527 252
7679045 528 213
7689127 517 280
7698905 553 291
7706502 399 212
7714733 449 215
7723723 494 221
7734308 551 248
7745512 574 294
7755866 533 251
7766647 569 239
7777283 579 216
7787461 575 256
7798524 578 273
7809356 629 295
7820715 590 239
7832233 607 209
7841963 575 244
7854126 611 289
7864084 506 195
7875409 577 209
7885339 519 171
7895425 569 283
7906674 555 272
7918207 564 245
7929649 560 221
7941474 624 312
7949506 408 289
7961395 621 381
7972926 603 281
7984398 596 269
7995056 600 1083
8005606 533 817
8014874 599 632
8024959 509 1084
8036158 606 1364
8047601 596 1095
8056926 500 1399
8066793 517 1297
8077402 734 1261
8087773 597 1922
8098080 560 1563
8109347 591 1914
8118752 543 1520
8129302 617 1814
8140182 586 2158
8150432 657 2031
8162043 578 2222
8173486 572 2273
8185013 566 2421
8196243 585 2905
8205923 615 2184
8217072 584 2275
8225697 492 1493
8236346 601 2124
8248556 626 2099
8259320 560 2869
8268637 477 1693
8280345 617 2663
8290021 513 1969
8301013 634 2322
8310469 535 1829
8321173 582 2684
8329901 513 1921
8341270 595 3111
8352160 579 2856
8363528 599 2879
8373302 554 2680
8382927 560 2504
8392425 541 2595
8402625 590 3005
8413569 546 2909
8425095 593 3597
8433027 435 2750
8442234 600 2827
8452858 549 4221
8463193 552 4041
8472339 494 3200
8481673 610 3809
8490096 596 3480
8500648 574 4257
8509191 526 3444
8519019 652 3962
8528342 608 4308
8538036 527 4305
8545640 483 3257
8554245 496 4086
8564259 554 5070
8574913 566 5106
8585381 565 5221
8597131 655 6091
8607875 607 6081
8618673 603 7021
8627535 514 5154
8636197 568 5475
8645554 571 6050
8655003 619 6158
8664598 552 6135
8675579 627 7542
8684028 530 5319
8693329 511 6276
8703790 588 7403
8714078 599 7290
8722837 483 6478
8731565 574 6047
8741695 605 8513
8752455 626 9076
8761794 659 7926
8771781 569 8195
8781661 620 8220
8791414 572 8358
8800963 613 9743
8803905 2590 1936
8803905 2929 0
8803905 2507 0
8803905 2341 0
8803905 2489 0
8803905 2463 0
8803905 2627 0
8803905 2720 0
8803905 2833 0
8803905 2535 0
8803905 2521 0
8803905 2504 0
8803905 2442 0
8803905 2586 0
8803905 2816 0
8803905 2598 0
8803905 2795 0
8803905 2550 0
8803905 2947 0
8803905 2429 0
8803905 2481 0
8803905 2459 0
8803905 2568 0
8803905 2836 0
8803905 2414 0
8803905 2438 0
8803905 2607 0
8803905 2653 0
8803905 2691 0
8803905 2451 0
8803905 2522 0
8803905 2475 0
8803905 2602 0
8803905 2625 0
8803905 2663 0
8803905 2510 0
8803905 2493 0
8803905 2529 0
8803905 2597 0
8803905 2503 0
8803905 2552 0
8803905 2493 0
8803905 2669 0
8803905 2600 0
8803905 2527 0
8803905 2438 0
8803905 2509 0
8803905 2712 0
8803905 2567 0
8803905 2300 0
8803905 2258 0
8803905 2127 0
8803905 1985 0
8803905 1909 0
8803905 2164 0
8803905 2161 0
8803905 2177 0
8803905 2086 0
8803905 1033 0
8803905 1534 0
8803905 1112 0
8803905 1080 0
8803905 1269 0
8803905 1146 0
8803905 1028 0
8803905 1288 0
8803905 1258 0
8803905 1245 0
8803905 1123 0
8803905 1037 0
8803905 1349 0
8803905 1305 0
8803905 1025 0
8803905 1227 0
8803905 1187 0
8803905 1047 0
8803905 1103 0
8803905 1047 0
8803905 1149 0
8803905 1189 0
8803905 1127 0
8803905 1154 0
8803905 1235 0
8803905 964 0
8803905 1117 0
8803905 1157 0
8803905 1116 0
8803905 1109 0
8803905 1291 0
8803905 1321 0
8803905 1433 0
8803905 1496 0
8803905 1373 0
8803905 1453 0
8803905 1381 0
8803905 1497 0
8803905 1373 0
8803905 1415 0
8803905 1456 0
8803905 1278 0
8803905 919 0
8803905 1670 0
8803905 1449 0
8803905 1426 0
8803905 1459 0
8803905 1411 0
8803905 1537 0
8803905 1551 0
8803905 1465 0
8803905 1539 0
8803905 1658 0
8803905 1536 0
8803905 1449 0
8803905 1426 0
8803905 1618 0
8803905 1424 0
8803905 1550 0
8803905 1490 0
8803905 1497 0
8803905 1365 0
8803905 1275 0
8803905 1290 0
8803905 1601 0
8803905 1463 0
8803905 1467 0
8803905 1416 0
8803905 1571 0
8803905 1504 0
8803905 1460 0
8803905 1588 0
8803905 1556 0
8803905 1289 0
8803905 20 0
8803905 22 0
8803905 21 0
8803905 21 0
8803905 21 0
8803905 21 0
8803905 21 0
8803905 674 0
8803905 1436 0
8803905 1331 0
8803905 1538 0
8803905 1621 0
8803905 1534 0
8803905 1498 0
8803905 1477 0
8803905 1338 0
8803905 1530 0
8803905 1465 0
8803905 1485 0
8803905 1533 0
8803905 1387 0
8803905 1187 0
8803905 1428 0
8803905 1346 0
8803905 1353 0
8803905 1337 0
8803905 1487 0
8803905 1381 0
8803905 1420 0
8803905 1494 0
8803905 1628 0
8803905 1330 0
8803905 1521 0
8803905 1480 0
8803905 1592 0
8803905 1557 0
8803905 1671 0
8803905 1617 0
8803905 1555 0
8803905 1389 0
8803905 1417 0
8803905 1375 0
8803905 1312 0
8803905 1501 0
8803905 1458 0
8803905 1462 0
8803905 1442 0
8803905 1310 0
8803905 1413 0
8803905 1365 0
8803905 1572 0
8803905 1387 0
8803905 1464 0
8803905 1273 0
8803905 1560 0
8803905 162 0
8803905 21 0
8803905 21 0
8803905 20 0
8803905 21 0
8803905 20 0
8803916 520 0
8803916 409 0
8803916 1055 0
8803916 999 0
8803916 0 0
8803916 0 0
8803916 0 0
8803916 0 0
8803916 0 0
8803916 0 0
8803916 0 0
8803916 0 0
8803916 0 0
8803916 0 0
8803916 0 0
8803916 0 0
8803916 0 0
8803916 0 0
8803916 0 0
8803916 0 0
8803916 0 0
8803916 0 0
8803916 0 0
8803916 0 0
8803916 0 0
8803916 0 0
8803916 0 0
8803916 0 0
8803916 0 0
8803916 0 0
8803916 0 0
8803916 0 0
8803916 0 0
8803916 0 0
8803916 0 0
8803916 0 0
8803916 0 0
8803916 0 0
8803916 0 0
8803916 0 0
8803916 0 0
8803916 0 0
8803916 0 0
8803916 0 0
8803916 0 0
8803916 0 0
8803916 0 0
8803916 0 0
8803916 0 0
8803916 0 0
8803916 0 0
8803916 0 0
8803916 0 0
8803916 0 0
8803916 0 0
8803916 0 0
8803916 0 0
8803916 0 0
8803916 0 0
8803916 0 0
8803916 0 0
8803916 0 0
8803916 0 0
8803916 0 0
8803916 0 0
8803916 0 0
8803916 0 0
8803916 0 0
8803916 0 0
8803916 0 0
8803916 0 0
8803916 0 0
8803916 0 0
8803916 0 0
8803916 0 0
8803916 0 0
8803916 0 0
8803916 0 0
8803916 0 0
8803916 0 0
8803916 0 0
8803916 0 0
8803916 0 0
8803916 0 0
8803916 0 0
8803916 0 0
8803916 0 0
8803916 0 0
8803916 0 0
8803916 0 0
8803916 0 0
8803916 0 0
8803916 0 0
8803916 0 0
8803916 0 0
8803916 0 0
8803916 0 0
8803916 0 0
8803916 0 0
8803916 0 0
8803916 0 0
8803916 0 0
8803916 0 0
8803916 0 0
8803916 0 0
8803916 0 0
8803916 0 0
8803916 0 0
8803916 0 0
8803916 0 0
8803916 0 0
8803916 0 0
8803916 0 0
8803916 0 0
8803916 0 0
8803916 0 0
8803916 0 0
8803916 0 0
8803916 0 0
8803916 0 0
8803916 0 0
8803916 0 0
8803916 0 0
8803916 0 0
8803916 0 0
8803916 0 0
8803916 0 0
8803916 0 0
8803916 0 0
8803916 0 0
8803916 0 0
8803916 0 0
8803916 0 0
8803916 0 0
8803916 0 0
8803916 0 0
8803916 0 0
8803916 0 0
8803916 0 0
8803916 0 0
8803916 0 0
8803916 0 0
8803916 0 0
8803916 0 0
8803916 0 0
8803916 0 0
8803916 0 0
8803916 0 0
8803916 0 0
8803916 0 0
8803916 0 0
8803916 0 0
8803916 0 0
8803916 0 0
8803916 0 0
8803916 0 0
8803916 0 0
8803916 0 0
8803916 0 0
8803916 0 0
8803916 0 0
8803916 0 0
8803916 0 0
8803916 0 0
8803916 0 0
8803916 0 0
8803916 0 0
8803916 0 0
8803916 0 0
8803916 0 0
8803916 0 0
8803916 0 0
8803916 0 0
8803916 0 0
8803916 0 0
8803916 0 0
8803916 0 0
8803916 0 0
8803916 0 0
8803916 0 0
8803916 0 0
8803916 0 0
8803916 0 0
8803916 0 0
8803916 0 0
8803916 0 0
8803916 0 0
8803916 0 0
8803916 0 0
8803916 0 0
8803916 0 0
8803916 0 0
8803916 0 0
8803916 0 0
8803916 0 0
8803916 0 0
8803916 0 0
8803916 0 0
8803916 0 0
8803916 0 0
8803916 0 0
8803916 0 0
8803916 0 0
8803916 0 0
8803916 0 0
8803916 0 0
8803916 0 0
8803916 0 0
8803916 0 0
8803916 0 0
8803916 0 0
8803916 0 0
8803916 0 0
8803916 0 0
8803916 0 0
8803916 0 0
8803916 0 0
8803916 0 0
8803916 0 0
8803916 0 0
8803916 0 0
8803916 0 0
8803916 0 0
8803916 0 0
8803916 0 0
8803916 0 0
8803916 0 0
8803916 0 0
8803916 0 0
8803916 0 0
8803916 0 0
8803916 0 0
8803916 0 0
8803916 0 0
8803916 0 0
8803916 0 0
8803916 0 0
8803916 0 0
8803916 0 0
8803916 0 0
8803916 0 0
8803916 0 0
8803916 0 0
8803916 0 0
8803916 0 0
8803916 0 0
8803916 0 0
8803916 0 0
8803916 0 0
8803916 0 0
8803916 0 0
8803916 0 0
8803916 0 0
8803916 0 0
8803916 0 0
8803916 0 0
8803916 0 0
8803916 0 0
8803916 0 0
8803916 0 0
8803916 0 0
8803916 0 0
8803916 0 0
8803916 0 0
8803916 0 0
8803916 0 0
8803916 0 0
8803916 0 0
8803916 0 0
8803916 0 0
8803916 0 0
8803916 0 0
8803916 0 0
8803916 0 0
8803916 0 0
8803916 0 0
8803916 0 0
8803916 0 0
8803916 0 0
8803916 0 0
8803916 0 0
8803916 0 0
8803916 0 0
8803916 0 0
8803916 0 0
8803916 0 0
8803916 0 0
8803916 0 0
8803916 0 0
8803916 0 0
8803916 0 0
8803916 0 0
8803916 0 0
8803916 0 0
8803916 0 0
8803916 0 0
8803916 0 0
8803916 0 0
8803916 0 0
8803916 0 0
8803916 0 0
8803916 0 0
8803916 0 0
8803916 0 0
8803916 0 0
8803916 0 0
8803916 0 0
8803916 0 0
8803916 0 0
8803916 0 0
8803916 0 0
8803916 0 0
8803916 0 0
8803916 0 0
8803916 0 0
8803916 0 0
8803916 0 0
8803916 0 0
8803916 0 0
8803916 0 0
8803916 0 0
8803916 0 0
8803916 0 0
8803916 0 0
8803916 0 0
8803916 0 0
8803916 0 0
8803916 0 0
8803916 0 0
8803916 0 0
8803916 0 0
8803916 0 0
8803916 0 0
8803916 0 0
8803916 0 0
8803916 0 0
8803916 0 0
8803916 0 0
8803916 0 0
8803916 0 0
8803916 0 0
8803916 0 0
8803916 0 0
8803916 0 0
8803916 0 0
8803916 0 0
8803916 0 0
8803916 0 0
8803916 0 0
8803916 0 0
8803916 0 0
8803916 0 0
8803916 0 0
8803916 0 0
8803916 0 0
8803916 0 0
8803916 0 0
8803916 0 0
8803916 0 0
8803916 0 0
8803916 0 0
8803916 0 0
8803916 0 0
8803916 0 0
8803916 0 0
8803916 0 0
8803916 0 0
8803916 0 0
8803916 0 0
8803916 0 0
8803916 0 0
8803916 0 0
8803916 0 0
8803916 0 0
8803916 0 0
8803916 0 0
8803916 0 0
8803916 0 0
8803916 0 0
8803916 0 0
8803916 0 0
8803916 0 0
8803916 0 0
8803916 0 0
8803916 0 0
8803916 0 0
8803916 0 0
8803916 0 0
8803916 0 0
8803916 0 0
8803916 0 0
8803916 0 0
8803916 0 0
8803916 0 0
8803916 0 0
8803916 0 0
8803916 0 0
8803916 0 0
8803916 0 0
8803916 0 0
8803916 0 0
8803916 0 0
8803916 0 0
8803916 0 0
8803916 0 0
8803916 0 0
8803916 0 0
8803916 0 0
8803916 0 0
8803916 0 0
8803916 0 0
8803916 0 0
8803916 0 0
8803916 0 0
8804990 0 1379
8815211 507 8458
8826009 618 7277
8836786 621 7416
8847131 580 6289
8857571 587 5921
8868593 620 5536
8879864 631 5653
8891156 621 4943
8902598 616 4773
8913699 603 4263
8924691 601 3664
8936330 627 3796
8946573 562 3085
8956482 535 2896
8966864 549 2617
8976833 532 2731
8987017 550 2489
8997376 555 2357
9007667 548 2279
9017403 580 2200
9027943 573 1852
9037625 522 1833
9047590 517 1710
9056301 534 1427
9066881 551 1709
9076576 523 1509
9085064 419 1239
9095363 554 1356
9105972 569 1346
9115694 519 1203
9124511 638 1018
9135350 584 1183
9145503 528 1134
9155580 526 995
9163996 530 806
9174002 536 1058
9184655 587 1023
9196562 638 1055
9205254 545 787
9216482 593 951
9228321 632 887
9239609 611 882
9249119 598 691
9258412 524 673
9266635 474 530
9276059 565 626
9284360 466 576
9295065 554 650
9305756 559 636
9316231 554 577
9325770 541 541
9336231 559 545
9345644 522 428
9355055 516 526
9365462 550 520
9375295 608 455
9383815 516 349
9394843 588 452
9403426 511 352
9413340 551 443
9423438 532 428
9433412 525 392
9442498 520 386
9452255 548 339
9461437 564 333
9471792 558 325
9480372 492 307
9492585 638 441
9501611 593 285
9512504 585 303
9524526 644 366
9536678 644 400
9546270 516 266
9555671 570 280
9565010 505 270
9576363 615 304
9588154 629 326
9599667 617 325
9610066 694 278
9620976 579 276
9633327 664 333
9644965 618 291
9657395 660 316
9665312 498 188
9675372 533 228
9684449 572 244
9695960 608 265
9707096 594 259
9718038 606 250
9730117 631 318
9741430 674 250
9751606 573 240
9762924 637 247
9774138 643 241
9783139 607 186
9792735 597 202
9804185 598 243
9815818 612 214
9826334 559 201
9834737 508 195
9845113 558 209
9855003 528 212
9865928 580 222
9876034 531 212
9885835 534 226
9896365 550 202
9906998 561 190
9916956 520 170
9927213 533 179
9937313 547 221
9947812 560 206
9957924 531 209
9968130 530 184
9978797 587 177
9989615 576 247
9999709 520 198
10009320 508 176
10019433 542 177
10029753 572 147
10040376 573 306
10049569 518 222
10059893 539 246
10068600 519 181
10077679 501 187
10086121 475 233
10096145 533 260
10103594 408 163
10113559 511 210
10121551 445 168
10132565 574 221
10142719 550 328
10152831 536 235
10161407 575 183
10171578 574 226
10181187 591 184
10191909 566 330
10201691 662 213
10213428 628 244
10224202 572 234
10234731 618 224
10245821 585 317
10255198 558 250
10266147 667 239
10278004 633 211
10288277 679 301
10299359 592 263
10310310 593 272
10318752 492 199
10330233 647 240
10340853 570 285
10350406 532 243
10361377 566 258
10373329 640 281
10382243 589 167
10393523 594 340
10403080 553 247
10414319 631 227
10423028 516 201
10434690 611 245
10445733 582 349
10457829 652 280
10468653 613 218
10480352 625 262
10492545 636 361
10501666 545 222
10513443 633 253
10523773 766 228
10534326 623 242
10543392 618 662
10551532 503 636
10562735 599 715
10573737 596 498
10584807 593 497
10596614 631 509
10608220 624 379
10620151 638 390
10631921 622 1448
10643601 635 1025
10653438 529 875
10663740 547 1404
10673049 518 1045
10681498 456 914
10689895 489 1383
10698287 438 1190
10708433 533 1363
10718398 520 1919
10728326 548 1651
10738335 509 1869
10748257 524 1892
10758310 536 1987
10768951 580 2351
10778477 505 2672
10788424 489 2429
10798869 543 2317
10808307 605 1961
10818118 533 2540
10826630 469 1891
10836812 560 2600
10845113 490 1705
10855277 543 2751
10864943 502 2179
10875561 568 2389
10886221 574 2414
10895896 519 1951
10905432 555 1918
10915435 538 1968
10926113 566 2039
10934993 506 2043
10944827 533 1795
10954138 500 2131
10964362 547 1985
10974743 545 2607
10983363 499 2196
10993493 538 2579
11003105 490 2305
11013081 571 2731
11023076 525 2552
11029407 489 1728
11039687 556 2702
11048821 478 2352
11056048 515 2163
11066334 538 3326
11077138 585 3430
11087397 552 3040
11097436 534 3303
11107493 548 3348
11117558 555 3758
11125779 479 2877
11133717 448 3122
11144479 593 4150
11154964 572 4297
11165487 561 4445
11175034 516 4032
11183734 673 4077
11191543 432 3155
11200707 493 4052
11210089 504 4010
11219390 499 4611
11230391 603 5406
11240741 558 5013
11249736 621 4201
11258604 477 5045
11268639 553 5348
11278151 523 5303
11288125 559 5659
11297593 526 5186
11307892 565 6244
11317791 540 6306
11327136 518 6301
11337044 561 5992
11347049 565 6680
11356450 529 5825
11365333 496 5597
11372768 529 5138
11383121 593 7616
11392614 535 6360
11402053 509 6573
11411981 591 7732
11420845 481 6909
11429478 507 7343
11438652 517 7361
11448213 562 8422
11457850 544 7990
11465669 432 6109
11474757 512 7252
11484146 556 9057
11493575 554 8400
11502608 530 8528
11511707 531 7746
11521154 612 10601
11529185 922 6999
11529185 2656 0
11529185 2476 0
11529185 2617 0
11529185 2447 0
11529185 2553 0
11529185 2483 0
11529185 2526 0
11529185 2503 0
11529185 2599 0
11529185 2562 0
11529185 2595 0
11529185 2431 0
11529185 2526 0
11529185 2639 0
11529185 2612 0
11529185 2512 0
11529185 2480 0
11529185 2547 0
11529185 2514 0
11529185 2464 0
11529185 2626 0
11529185 2413 0
11529185 2683 0
11529185 2500 0
11529185 2420 0
11529185 2403 0
11529185 2485 0
11529185 2543 0
11529185 2331 0
11529185 2413 0
11529185 2626 0
11529185 2623 0
11529185 2249 0
11529185 2508 0
11529185 2535 0
11529185 2410 0
11529185 2380 0
11529185 2344 0
11529185 2515 0
11529185 2377 0
11529185 2497 0
11529185 2438 0
11529185 2473 0
11529185 2446 0
11529185 2383 0
11529185 2401 0
11529185 2526 0
11529185 2590 0
11529185 2636 0
11529185 2611 0
11529185 2517 0
11529185 2779 0
11529185 2771 0
11529185 2761 0
11529185 2965 0
11529185 2846 0
11529185 2945 0
11529185 2662 0
11529185 1143 0
11529185 14 0
11529185 1326 0
11529185 2408 0
11529185 2455 0
11529185 2372 0
11529185 2480 0
11529185 2533 0
11529185 2632 0
11529185 2580 0
11529185 2282 0
11529185 2463 0
11529185 2713 0
11529185 2412 0
11529185 2421 0
11529185 2613 0
11529185 2478 0
11529185 2334 0
11529185 2484 0
11529185 2395 0
11529185 2685 0
11529185 2395 0
11529185 2439 0
11529185 2367 0
11529185 2542 0
11529185 2494 0
11529185 2374 0
11529185 2360 0
11529185 2477 0
11529185 2357 0
11529185 2349 0
11529185 2368 0
11529185 2509 0
11529185 2430 0
11529185 2306 0
11529185 2369 0
11529185 2512 0
11529185 2360 0
11529185 2586 0
11529185 2323 0
11529185 2535 0
11529185 2424 0
11529185 2424 0
11529185 2439 0
11529185 2530 0
11529185 2533 0
11529185 2770 0
11529185 2597 0
11529185 2714 0
11529185 2320 0
11529185 2426 0
11529185 2360 0
11529185 2428 0
11529185 2419 0
11529185 2315 0
11529185 2345 0
11529185 2457 0
11529185 2468 0
11529185 2538 0
11529185 2395 0
11529185 2496 0
11529185 2419 0
11529185 2527 0
11529185 2438 0
11529185 2477 0
11529185 2316 0
11529185 2312 0
11529185 2219 0
11529185 2476 0
11529185 2421 0
11529185 2325 0
11529185 2419 0
11529185 2561 0
11529185 1981 0
11529185 11 0
11529185 14 0
11529185 18 0
11529185 20 0
11529185 24 0
11529185 22 0
11529185 25 0
11529185 25 0
11529185 28 0
11529185 28 0
11529185 27 0
11534984 813 4739
11545341 154 7551
11555193 569 5928
11564409 794 5581
11573440 611 4647
11584574 639 5527
11595164 595 4717
11604493 525 3364
11612824 455 3216
11623291 576 3695
11635368 648 3873
11647513 660 3709
11656339 509 2337
11666523 552 2571
11676311 512 2291
11688494 644 2403
11699718 595 2247
11710242 572 2103
11720317 514 1967
11730960 551 1819
11741855 571 2213
11752247 538 1775
11763474 602 1869
11775052 632 1640
11785836 579 1551
11796833 590 1388
11806947 517 1247
11819239 657 1659
11831343 637 1343
11842259 584 1273
11852846 577 1213
11864814 618 1168
11876697 630 1383
11888041 607 1020
11899825 632 1061
11911641 631 1165
11922886 590 938
11933805 585 951
11945123 606 1027
11956255 611 922
11967102 570 800
11977988 583 1087
11987940 523 748
11997874 681 677
12009878 636 990
12019741 589 671
12027582 570 465
12038088 594 647
12048428 544 727
12059202 614 714
12070435 658 668
12081807 626 675
12092503 567 704
12103146 563 623
12111909 733 487
12112793 2499 46
12122548 684 622
12132144 543 648
12142070 532 520
12152293 533 531
12161484 619 513
12170533 598 435
12178661 630 437
12189515 587 501
12197044 477 311
12206759 510 484
12216866 536 468
12227754 569 478
12238566 552 475
12247924 561 378
12258651 578 458
12269129 556 400
12277461 517 325
12287022 523 369
12298030 571 472
12307308 611 407
12317871 575 397
12326902 492 311
12335241 537 314
12345787 560 439
12356219 562 374
12364121 477 297
12374073 515 334
12383308 578 350
12393581 533 349
12403482 522 358
12413360 520 346
12423676 549 324
12433692 528 425
12444393 565 388
12453242 494 292
12464209 580 368
12474902 557 377
12484246 505 350
12494860 562 351
12504333 530 313
12514332 583 258
12524098 516 355
12533830 598 328
12543894 519 347
12554231 544 316
12564791 562 260
12573743 584 304
12583485 521 332
12591823 512 253
12600760 526 255
12610820 521 295
12618876 478 289
12627800 492 294
12637257 508 256
12647654 575 296
12658009 591 286
12666196 459 286
12674815 504 282
12686075 591 292
12697768 621 341
12708565 580 284
12719907 614 397
12731340 620 325
12743015 530 359
12755150 632 297
12767386 649 360
12778619 587 348
12790073 599 295
12801855 634 286
12812787 580 331
12824190 638 347
12834266 638 291
12845524 602 276
12857864 671 335
12869959 647 383
12882308 661 332
12894242 639 284
12906342 651 332
12918283 644 288
12928696 574 240
12939729 588 283
12950666 584 271
12962547 649 301
12973570 582 279
12985095 605 278
12996938 620 239
13009364 664 309
13020893 611 242
13032522 620 306
13044455 629 224
13056388 663 239
13066874 555 257
13077632 564 225
13088025 537 216
13098463 541 212
13108047 499 190
13118110 533 241
13128408 543 232
13138209 553 177
13148045 526 171
13158153 528 223
13168193 522 912
13178283 528 636
13188341 517 559
13198587 547 858
13206486 482 1076
13216641 540 1094
13226471 526 1100
13236035 495 1414
13246269 528 1128
13257282 575 2050
13268040 563 2408
13278475 561 1968
13288369 536 1698
13298952 572 1833
13309959 596 1963
13320343 556 1972
13331516 578 2234
13342849 591 2399
13353564 556 2338
13364371 581 2676
13373753 535 2510
13384631 584 2907
13394746 523 2583
13405171 557 2638
13415315 542 3047
13426000 563 2926
13434449 892 2610
13434449 812 0
