# xct_end restore_begin restore_segment restore_end page_write page_read
0	0	0	0	0	1189	
0	0	0	0	0	4430	
0	0	0	0	0	3651	
0	0	0	0	0	4534	
0	0	0	0	0	4488	
0	0	0	0	0	4519	
0	0	0	0	0	4452	
0	0	0	0	0	4471	
0	0	0	0	0	4650	
0	0	0	0	0	4504	
0	0	0	0	0	4503	
0	0	0	0	0	4498	
0	0	0	0	0	4792	
0	0	0	0	0	4741	
0	0	0	0	0	4691	
0	0	0	0	0	4598	
0	0	0	0	0	4319	
0	0	0	0	0	4333	
0	0	0	0	0	4567	
0	0	0	0	0	4574	
0	0	0	0	0	4101	
0	0	0	0	0	2883	
0	0	0	0	0	4205	
0	0	0	0	0	4494	
0	0	0	0	0	4731	
0	0	0	0	0	4856	
0	0	0	0	0	5239	
0	0	0	0	0	5215	
0	0	0	0	0	5239	
0	0	0	0	0	5268	
0	0	0	0	0	5327	
0	0	0	0	0	5146	
0	0	0	0	0	4944	
0	0	0	0	0	4904	
0	0	0	0	0	4888	
0	0	0	0	0	4938	
0	0	0	0	0	4902	
0	0	0	0	0	5036	
0	0	0	0	0	4975	
0	0	0	0	0	5107	
0	0	0	0	0	5124	
0	0	0	0	0	5088	
0	0	0	0	0	3738	
0	0	0	0	0	3740	
0	0	0	0	0	3714	
0	0	0	0	0	3746	
0	0	0	0	0	3722	
0	0	0	0	0	3715	
0	0	0	0	0	3711	
0	0	0	0	0	3652	
0	0	0	0	0	3717	
0	0	0	0	0	3706	
0	0	0	0	0	3721	
0	0	0	0	0	3692	
0	0	0	0	0	3633	
0	0	0	0	0	3713	
0	0	0	0	0	3725	
0	0	0	0	0	3720	
0	0	0	0	0	3735	
0	0	0	0	0	3725	
0	0	0	0	0	3761	
0	0	0	0	0	3741	
0	0	0	0	0	3744	
0	0	0	0	0	3739	
0	0	0	0	0	3720	
0	0	0	0	0	3746	
0	0	0	0	0	3724	
0	0	0	0	0	3730	
0	0	0	0	0	3734	
0	0	0	0	0	3728	
0	0	0	0	0	3748	
0	0	0	0	0	3740	
0	0	0	0	0	3744	
0	0	0	0	0	3746	
0	0	0	0	0	3712	
0	0	0	0	0	3736	
0	0	0	0	0	3737	
0	0	0	0	0	3743	
0	0	0	0	0	3721	
0	0	0	0	0	3708	
0	0	0	0	0	3731	
0	0	0	0	0	3776	
0	0	0	0	0	5212	
0	0	0	0	0	4955	
0	0	0	0	0	4967	
0	0	0	0	0	5011	
0	0	0	0	0	5018	
0	0	0	0	0	4936	
0	0	0	0	0	5135	
0	0	0	0	0	4984	
0	0	0	0	0	4962	
0	0	0	0	0	4926	
0	0	0	0	0	3743	
0	0	0	0	0	3740	
0	0	0	0	0	3725	
0	0	0	0	0	3717	
0	0	0	0	0	3781	
0	0	0	0	0	3741	
0	0	0	0	0	3723	
0	0	0	0	0	3722	
0	0	0	0	0	3721	
0	0	0	0	0	3736	
0	0	0	0	0	3721	
0	0	0	0	0	3813	
0	0	0	0	0	3762	
0	0	0	0	0	3712	
0	0	0	0	0	3734	
0	0	0	0	0	3911	
0	0	0	0	0	3723	
0	0	0	0	0	3726	
0	0	0	0	0	3710	
0	0	0	0	0	3730	
0	0	0	0	0	3740	
0	0	0	0	0	3730	
0	0	0	0	0	3721	
0	0	0	0	0	3720	
0	0	0	0	0	3737	
0	0	0	0	0	3732	
0	0	0	0	0	3726	
0	0	0	0	0	3742	
0	0	0	0	0	3726	
0	0	0	0	0	3716	
0	0	0	0	0	3725	
0	0	0	0	0	3694	
0	0	0	0	0	3705	
0	0	0	0	0	3731	
0	0	0	0	0	3750	
0	0	0	0	0	3715	
0	0	0	0	0	3751	
0	0	0	0	0	3754	
0	0	0	0	0	3732	
0	0	0	0	0	3811	
0	0	0	0	0	5133	
0	0	0	0	0	5043	
0	0	0	0	0	4938	
0	0	0	0	0	5158	
0	0	0	0	0	5216	
0	0	0	0	0	5093	
0	0	0	0	0	5007	
0	0	0	0	0	4961	
0	0	0	0	0	5056	
0	0	0	0	0	4873	
0	0	0	0	0	3739	
0	0	0	0	0	3745	
0	0	0	0	0	3741	
0	0	0	0	0	3751	
0	0	0	0	0	3732	
0	0	0	0	0	3755	
0	0	0	0	0	3743	
0	0	0	0	0	3736	
0	0	0	0	0	3732	
0	0	0	0	0	3716	
0	0	0	0	0	3727	
0	0	0	0	0	3723	
0	0	0	0	0	3718	
0	0	0	0	0	3736	
0	0	0	0	0	3730	
0	0	0	0	0	3744	
0	0	0	0	0	3731	
0	0	0	0	0	3738	
0	0	0	0	0	3726	
0	0	0	0	0	3730	
0	0	0	0	0	3714	
0	0	0	0	0	3592	
0	0	0	0	0	3709	
0	0	0	0	0	3735	
0	0	0	0	0	3711	
0	0	0	0	0	3721	
0	0	0	0	0	3724	
0	0	0	0	0	3752	
0	0	0	0	0	3847	
0	0	0	0	0	3738	
0	0	0	0	0	3736	
0	0	0	0	0	3829	
0	0	0	0	0	3754	
0	0	0	0	0	3645	
0	0	0	0	0	3743	
0	0	0	0	0	3768	
0	0	0	0	0	3739	
0	0	0	0	0	3758	
0	0	0	0	0	3710	
0	0	0	0	0	3776	
0	0	0	0	0	3734	
0	0	0	0	0	3609	
0	0	0	0	0	3705	
0	0	0	0	0	3720	
0	0	0	0	0	3757	
0	0	0	0	0	3750	
0	0	0	0	0	3727	
0	0	0	0	0	3721	
0	0	0	0	0	3715	
0	0	0	0	0	3821	
0	0	0	0	0	3719	
0	0	0	0	0	3731	
0	0	0	0	0	3736	
0	0	0	0	0	3710	
0	0	0	0	0	3740	
0	0	0	0	0	3740	
0	0	0	0	0	3668	
0	0	0	0	0	3743	
0	0	0	0	0	3692	
0	0	0	0	0	3728	
0	0	0	0	0	3869	
0	0	0	0	0	3722	
0	0	0	0	0	3744	
0	0	0	0	0	3822	
0	0	0	0	0	3746	
0	0	0	0	0	3723	
0	0	0	0	0	3741	
0	0	0	0	0	3737	
0	0	0	0	0	3711	
0	0	0	0	0	3736	
0	0	0	0	0	3735	
0	0	0	0	0	3787	
0	0	0	0	0	3721	
0	0	0	0	0	3710	
0	0	0	0	0	3737	
0	0	0	0	0	3749	
0	0	0	0	0	3708	
0	0	0	0	0	3723	
0	0	0	0	0	3701	
0	0	0	0	0	3720	
0	0	0	0	0	3663	
0	0	0	0	0	3724	
0	0	0	0	0	3727	
0	0	0	0	0	3710	
0	0	0	0	0	3722	
0	0	0	0	0	3917	
0	0	0	0	0	4078	
0	0	0	0	0	3721	
0	0	0	0	0	3709	
0	0	0	0	0	3723	
0	0	0	0	0	3718	
0	0	0	0	0	3903	
0	0	0	0	0	3710	
0	0	0	0	0	3745	
0	0	0	0	0	3946	
0	0	0	0	0	3740	
0	0	0	0	0	3741	
0	0	0	0	0	3701	
0	0	0	0	0	3748	
0	0	0	0	0	3739	
0	0	0	0	0	3733	
0	0	0	0	0	3743	
0	0	0	0	0	3801	
0	0	0	0	0	3750	
0	0	0	0	0	3744	
0	0	0	0	0	3738	
0	0	0	0	0	3723	
0	0	0	0	0	3721	
0	0	0	0	0	3745	
0	0	0	0	0	3738	
0	0	0	0	0	3719	
0	0	0	0	0	3754	
0	0	0	0	0	3859	
0	0	0	0	0	3742	
0	0	0	0	0	3728	
0	0	0	0	0	3730	
0	0	0	0	0	3709	
0	0	0	0	0	3703	
0	0	0	0	0	3738	
0	0	0	0	0	3786	
0	0	0	0	0	3725	
0	0	0	0	0	3738	
0	0	0	0	0	3736	
0	0	0	0	0	3767	
0	0	0	0	0	3741	
0	0	0	0	0	3733	
0	0	0	0	0	3744	
0	0	0	0	0	3904	
0	0	0	0	0	3760	
0	0	0	0	0	3718	
0	0	0	0	0	3820	
0	0	0	0	0	3814	
0	0	0	0	0	4153	
0	0	0	0	0	3726	
0	0	0	0	0	3729	
0	0	0	0	0	3736	
0	0	0	0	0	3715	
0	0	0	0	0	3728	
0	0	0	0	0	3733	
0	0	0	0	0	3738	
0	0	0	0	0	3748	
0	0	0	0	0	3694	
0	0	0	0	0	3751	
0	0	0	0	0	3743	
0	0	0	0	0	3728	
0	0	0	0	0	3743	
0	0	0	0	0	3710	
0	0	0	0	0	3749	
0	0	0	0	0	3821	
0	0	0	0	0	3928	
0	0	0	0	0	3795	
0	0	0	0	0	3718	
0	0	0	0	0	3753	
0	0	0	0	0	3742	
0	0	0	0	0	3733	
0	0	0	0	0	3744	
0	0	0	0	0	3706	
0	0	0	0	0	3781	
0	0	0	0	0	3811	
0	0	0	0	0	3724	
0	0	0	0	0	3714	
0	0	0	0	0	3728	
0	0	0	0	0	3751	
0	0	0	0	0	3740	
0	0	0	0	0	3841	
0	0	0	0	0	3742	
0	0	0	0	0	3712	
0	0	0	0	0	3748	
0	0	0	0	0	3729	
0	0	0	0	0	3730	
0	0	0	0	0	3728	
0	0	0	0	0	3712	
0	0	0	0	0	3744	
0	0	0	0	0	3739	
0	0	0	0	0	3754	
0	0	0	0	0	3720	
0	0	0	0	0	3717	
0	0	0	0	0	3739	
0	0	0	0	0	3730	
0	0	0	0	0	3739	
0	0	0	0	0	3722	
0	0	0	0	0	3712	
0	0	0	0	0	3733	
0	0	0	0	0	3755	
0	0	0	0	0	3747	
0	0	0	0	0	3749	
0	0	0	0	0	3730	
0	0	0	0	0	3742	
0	0	0	0	0	3732	
0	0	0	0	0	3643	
0	0	0	0	0	3719	
0	0	0	0	0	3729	
0	0	0	0	0	3751	
0	0	0	0	0	3709	
0	0	0	0	0	3724	
0	0	0	0	0	3739	
0	0	0	0	0	3713	
0	0	0	0	0	3871	
0	0	0	0	0	3808	
0	0	0	0	0	3964	
0	0	0	0	0	3821	
0	0	0	0	0	3770	
0	0	0	0	0	3721	
0	0	0	0	0	3775	
0	0	0	0	0	3794	
0	0	0	0	0	3710	
0	0	0	0	0	3765	
0	0	0	0	0	3750	
0	0	0	0	0	3733	
0	0	0	0	0	3747	
0	0	0	0	0	3707	
0	0	0	0	0	3745	
0	0	0	0	0	3724	
0	0	0	0	0	3697	
0	0	0	0	0	3725	
0	0	0	0	0	3713	
0	0	0	0	0	3731	
0	0	0	0	0	3646	
0	0	0	0	0	3717	
0	0	0	0	0	3749	
0	0	0	0	0	3672	
0	0	0	0	0	3702	
0	0	0	0	0	3737	
0	0	0	0	0	3745	
0	0	0	0	0	3652	
0	0	0	0	0	3619	
0	0	0	0	0	4184	
0	0	0	0	0	3866	
0	0	0	0	0	3961	
0	0	0	0	0	3907	
0	0	0	0	0	3729	
0	0	0	0	0	3733	
0	0	0	0	0	3744	
0	0	0	0	0	3736	
0	0	0	0	0	3720	
0	0	0	0	0	3720	
0	0	0	0	0	3803	
0	0	0	0	0	3732	
0	0	0	0	0	3800	
0	0	0	0	0	3748	
0	0	0	0	0	3707	
0	0	0	0	0	3676	
0	0	0	0	0	3792	
0	0	0	0	0	3749	
0	0	0	0	0	3729	
0	0	0	0	0	3714	
0	0	0	0	0	3752	
0	0	0	0	0	3736	
0	0	0	0	0	4048	
0	0	0	0	0	3724	
0	0	0	0	0	3761	
0	0	0	0	0	3943	
0	0	0	0	0	3981	
0	0	0	0	0	3982	
0	0	0	0	0	3925	
0	0	0	0	0	4163	
0	0	0	0	0	4063	
0	0	0	0	0	3648	
0	0	0	0	0	3801	
0	0	0	0	0	3718	
0	0	0	0	0	4059	
0	0	0	0	0	3720	
0	0	0	0	0	3729	
0	0	0	0	0	3728	
0	0	0	0	0	3851	
0	0	0	0	0	3732	
0	0	0	0	0	3740	
0	0	0	0	0	3722	
0	0	0	0	0	3802	
0	0	0	0	0	3715	
0	0	0	0	0	3729	
0	0	0	0	0	3738	
0	0	0	0	0	3924	
0	0	0	0	0	3878	
0	0	0	0	0	3732	
0	0	0	0	0	3771	
0	0	0	0	0	3864	
0	0	0	0	0	3685	
0	0	0	0	0	3717	
0	0	0	0	0	3752	
0	0	0	0	0	3735	
0	0	0	0	0	3706	
0	0	0	0	0	3725	
0	0	0	0	0	3687	
0	0	0	0	0	3697	
0	0	0	0	0	3709	
0	0	0	0	0	3733	
0	0	0	0	0	3740	
0	0	0	0	0	3862	
0	0	0	0	0	3806	
0	0	0	0	0	3936	
0	0	0	0	0	3728	
0	0	0	0	0	3727	
0	0	0	0	0	3695	
0	0	0	0	0	3733	
0	0	0	0	0	3731	
0	0	0	0	0	3682	
0	0	0	0	0	3734	
0	0	0	0	0	3712	
0	0	0	0	0	3735	
0	0	0	0	0	3730	
0	0	0	0	0	4052	
0	0	0	0	0	3735	
0	0	0	0	0	3783	
0	0	0	0	0	3757	
0	0	0	0	0	3890	
0	0	0	0	0	3728	
0	0	0	0	0	3758	
0	0	0	0	0	3719	
0	0	0	0	0	3715	
0	0	0	0	0	3715	
0	0	0	0	0	3743	
0	0	0	0	0	3996	
0	0	0	0	0	3719	
0	0	0	0	0	3763	
0	0	0	0	0	3727	
0	0	0	0	0	3702	
0	0	0	0	0	3669	
0	0	0	0	0	3712	
0	0	0	0	0	3729	
0	0	0	0	0	3922	
0	0	0	0	0	3813	
0	0	0	0	0	3726	
0	0	0	0	0	3719	
0	0	0	0	0	3729	
0	0	0	0	0	3737	
0	0	0	0	0	3898	
0	0	0	0	0	3806	
0	0	0	0	0	3741	
0	0	0	0	0	3720	
0	0	0	0	0	3754	
0	0	0	0	0	3741	
0	0	0	0	0	3828	
0	0	0	0	0	3791	
0	0	0	0	0	3959	
0	0	0	0	0	3730	
0	0	0	0	0	3711	
0	0	0	0	0	3699	
0	0	0	0	0	3755	
0	0	0	0	0	3732	
0	0	0	0	0	3733	
0	0	0	0	0	3821	
0	0	0	0	0	3679	
0	0	0	0	0	3742	
0	0	0	0	0	3738	
0	0	0	0	0	3727	
0	0	0	0	0	3731	
0	0	0	0	0	3700	
0	0	0	0	0	3734	
0	0	0	0	0	3709	
0	0	0	0	0	3763	
0	0	0	0	0	3710	
0	0	0	0	0	3694	
0	0	0	0	0	3731	
0	0	0	0	0	3730	
0	0	0	0	0	3713	
0	0	0	0	0	3831	
0	0	0	0	0	3677	
0	0	0	0	0	3723	
0	0	0	0	0	3727	
0	0	0	0	0	3719	
0	0	0	0	0	3728	
0	0	0	0	0	3697	
0	0	0	0	0	3736	
0	0	0	0	0	3672	
0	0	0	0	0	3647	
0	0	0	0	0	3709	
0	0	0	0	0	3687	
0	0	0	0	0	3974	
0	0	0	0	0	3726	
0	0	0	0	0	3715	
0	0	0	0	0	3721	
0	0	0	0	0	3745	
0	0	0	0	0	3723	
0	0	0	0	0	3710	
0	0	0	0	0	3729	
0	0	0	0	0	3711	
0	0	0	0	0	3715	
0	0	0	0	0	3733	
0	0	0	0	0	3701	
0	0	0	0	0	3720	
0	0	0	0	0	3675	
0	0	0	0	0	3685	
0	0	0	0	0	3718	
0	0	0	0	0	3695	
0	0	0	0	0	3721	
0	0	0	0	0	3727	
0	0	0	0	0	3713	
0	0	0	0	0	3728	
0	0	0	0	0	3715	
0	0	0	0	0	3730	
0	0	0	0	0	3727	
0	0	0	0	0	3697	
0	0	0	0	0	3739	
0	0	0	0	0	3723	
0	0	0	0	0	3717	
0	0	0	0	0	3703	
0	0	0	0	0	3712	
0	0	0	0	0	3712	
0	0	0	0	0	3718	
0	0	0	0	0	3735	
0	0	0	0	0	3732	
0	0	0	0	0	3709	
0	0	0	0	0	3714	
0	0	0	0	0	3718	
0	0	0	0	0	3724	
0	0	0	0	0	3710	
0	0	0	0	0	3728	
0	0	0	0	0	3720	
0	0	0	0	0	3728	
0	0	0	0	0	3721	
0	0	0	0	0	3691	
0	0	0	0	0	3740	
0	0	0	0	0	3723	
0	0	0	0	0	3721	
0	0	0	0	0	3718	
0	0	0	0	0	3680	
0	0	0	0	0	3736	
0	0	0	0	0	3709	
0	0	0	0	0	3718	
0	0	0	0	0	3722	
0	0	0	0	0	3701	
0	0	0	0	0	3730	
0	0	0	0	0	3710	
0	0	0	0	0	3723	
0	0	0	0	0	3733	
0	0	0	0	0	3684	
0	0	0	0	0	3744	
0	0	0	0	0	3712	
0	0	0	0	0	3720	
0	0	0	0	0	3691	
0	0	0	0	0	3701	
0	0	0	0	0	3706	
0	0	0	0	0	3597	
0	0	0	0	0	3720	
0	0	0	0	0	3731	
0	0	0	0	0	3670	
0	0	0	0	0	3650	
0	0	0	0	0	3719	
0	0	0	0	0	3717	
0	0	0	0	0	3717	
0	0	0	0	0	3688	
0	0	0	0	0	3722	
0	0	0	0	0	3717	
0	0	0	0	0	3699	
0	0	0	0	0	3722	
0	0	0	0	0	3704	
0	0	0	0	0	3745	
0	0	0	0	0	3877	
0	0	0	0	0	3773	
0	0	0	0	0	3716	
0	0	0	0	0	3682	
0	0	0	0	0	3729	
0	0	0	0	0	3715	
0	0	0	0	0	3729	
0	0	0	0	0	3730	
0	0	0	0	0	3694	
0	0	0	0	0	3630	
0	0	0	0	0	3700	
0	0	0	0	0	3728	
0	0	0	0	0	3724	
0	0	0	0	0	3701	
0	0	0	0	0	3871	
0	0	0	0	0	3727	
0	0	0	0	0	3728	
0	0	0	0	0	3650	
0	0	0	0	0	3676	
0	0	0	0	0	3710	
0	0	0	0	0	3672	
0	0	0	0	0	3592	
0	0	0	0	0	3716	
0	0	0	0	0	3933	
0	0	0	0	0	3893	
0	0	0	0	0	3605	
0	0	0	0	0	3717	
0	0	0	0	0	3746	
0	0	0	0	0	3782	
0	0	0	0	0	3714	
0	0	0	0	0	3692	
0	0	0	0	0	3737	
0	0	0	0	0	3744	
0	0	0	0	0	3713	
0	0	0	0	0	3729	
0	0	0	0	0	3755	
0	0	0	0	0	3711	
0	0	0	0	0	3717	
0	0	0	0	0	3699	
0	0	0	0	0	3748	
0	0	0	0	0	3736	
0	0	0	0	0	3724	
0	0	0	0	0	3725	
0	0	0	0	0	3696	
0	0	0	0	0	3719	
0	0	0	0	0	3733	
0	0	0	0	0	3726	
0	0	0	0	0	3727	
0	0	0	0	0	3656	
0	0	0	0	0	3647	
0	0	0	0	0	3715	
0	0	0	0	0	3720	
0	0	0	0	0	3720	
0	0	0	0	0	3904	
0	0	0	0	0	3722	
0	0	0	0	0	3712	
0	0	0	0	0	3694	
0	0	0	0	0	3725	
0	0	0	0	0	3693	
0	0	0	0	0	3736	
0	0	0	0	0	3741	
0	0	0	0	0	3731	
0	0	0	0	0	3741	
0	0	0	0	0	3690	
0	0	0	0	0	3736	
0	0	0	0	0	3735	
0	0	0	0	0	3745	
0	0	0	0	0	3704	
0	0	0	0	0	3727	
0	0	0	0	0	3713	
0	0	0	0	0	3732	
0	0	0	0	0	3735	
0	0	0	0	0	3699	
0	0	0	0	0	3746	
0	0	0	0	0	3770	
0	0	0	0	0	3713	
0	0	0	0	0	3731	
0	0	0	0	0	3695	
0	0	0	0	0	3726	
0	0	0	0	0	3734	
0	0	0	0	0	3700	
0	0	0	0	0	3675	
0	0	0	0	0	3736	
0	0	0	0	0	3739	
0	0	0	0	0	3693	
0	0	0	0	0	3663	
0	0	0	0	0	3731	
0	0	0	0	0	3709	
0	0	0	0	0	3698	
0	0	0	0	0	3660	
0	0	0	0	0	3719	
0	0	0	0	0	3716	
0	0	0	0	0	3687	
0	0	0	0	0	3658	
0	0	0	0	0	3695	
0	0	0	0	0	3762	
0	0	0	0	0	3760	
0	0	0	0	0	3698	
0	0	0	0	0	3810	
0	0	0	0	0	3712	
0	0	0	0	0	3708	
0	0	0	0	0	3709	
0	0	0	0	0	3692	
0	0	0	0	0	3733	
0	0	0	0	0	3704	
0	0	0	0	0	3719	
0	0	0	0	0	3718	
0	0	0	0	0	3698	
0	0	0	0	0	3720	
0	0	0	0	0	3758	
0	0	0	0	0	3723	
0	0	0	0	0	3713	
0	0	0	0	0	3694	
0	0	0	0	0	3748	
0	0	0	0	0	3721	
0	0	0	0	0	3969	
0	0	0	0	0	3810	
0	0	0	0	0	3751	
0	0	0	0	0	3744	
0	0	0	0	0	3724	
0	0	0	0	0	3737	
0	0	0	0	0	3752	
0	0	0	0	0	3702	
0	0	0	0	0	3879	
0	0	0	0	0	3658	
0	0	0	0	0	3737	
0	0	0	0	0	3846	
0	0	0	0	0	3705	
0	0	0	0	0	3725	
0	0	0	0	0	3874	
0	0	0	0	0	3877	
0	0	0	0	0	3929	
0	0	0	0	0	3700	
0	0	0	0	0	3892	
0	0	0	0	0	3713	
0	0	0	0	0	3724	
0	0	0	0	0	3786	
0	0	0	0	0	3669	
0	0	0	0	0	3726	
0	0	0	0	0	3938	
0	0	0	0	0	3935	
0	0	0	0	0	3691	
0	0	0	0	0	3732	
0	0	0	0	0	3885	
0	0	0	0	0	4170	
0	0	0	0	0	3580	
0	0	0	0	0	3740	
0	0	0	0	0	3723	
0	0	0	0	0	3999	
0	0	0	0	0	3752	
0	0	0	0	0	3691	
0	0	0	0	0	3709	
0	0	0	0	0	4016	
0	0	0	0	0	3693	
0	0	0	0	0	3725	
0	0	0	0	0	3805	
0	0	0	0	0	3801	
0	0	0	0	0	3725	
0	0	0	0	0	3715	
0	0	0	0	0	3996	
0	0	0	0	0	3770	
0	0	0	0	0	3699	
0	0	0	0	0	3730	
0	0	0	0	0	3725	
0	0	0	0	0	3705	
0	0	0	0	0	3930	
0	0	0	0	0	3707	
0	0	0	0	0	3728	
0	0	0	0	0	3726	
0	0	0	0	0	3922	
0	0	0	0	0	3700	
0	0	0	0	0	3706	
0	0	0	0	0	3720	
0	0	0	0	0	3746	
0	0	0	0	0	3860	
0	0	0	0	0	3678	
0	0	0	0	0	3999	
0	0	0	0	0	3719	
0	0	0	0	0	3726	
0	0	0	0	0	3717	
0	0	0	0	0	3677	
0	0	0	0	0	3742	
0	0	0	0	0	3728	
0	0	0	0	0	3729	
0	0	0	0	0	3708	
0	0	0	0	0	3685	
0	0	0	0	0	3735	
0	0	0	0	0	3710	
0	0	0	0	0	3724	
0	0	0	0	0	3733	
0	0	0	0	0	3695	
0	0	0	0	0	3732	
0	0	0	0	0	3713	
0	0	0	0	0	3811	
0	0	0	0	0	4069	
0	0	0	0	0	3656	
0	0	0	0	0	3854	
0	0	0	0	0	3654	
0	0	0	0	0	3703	
0	0	0	0	0	3746	
0	0	0	0	0	3878	
0	0	0	0	0	3745	
0	0	0	0	0	3710	
0	0	0	0	0	3745	
0	0	0	0	0	3729	
0	0	0	0	0	3707	
0	0	0	0	0	3739	
0	0	0	0	0	3728	
0	0	0	0	0	3734	
0	0	0	0	0	3719	
0	0	0	0	0	3680	
0	0	0	0	0	3718	
0	0	0	0	0	3708	
0	0	0	0	0	4041	
0	0	0	0	0	3725	
0	0	0	0	0	3770	
0	0	0	0	0	3993	
0	0	0	0	0	3785	
0	0	0	0	0	3701	
0	0	0	0	0	3826	
0	0	0	0	0	3728	
0	0	0	0	0	3733	
0	0	0	0	0	3731	
0	0	0	0	0	3724	
0	0	0	0	0	3711	
0	0	0	0	0	3724	
0	0	0	0	0	3728	
0	0	0	0	0	3737	
0	0	0	0	0	3728	
0	0	0	0	0	3766	
0	0	0	0	0	3767	
0	0	0	0	0	3625	
0	0	0	0	0	3724	
0	0	0	0	0	3745	
0	0	0	0	0	3682	
0	0	0	0	0	3738	
0	0	0	0	0	3791	
0	0	0	0	0	3785	
0	0	0	0	0	3719	
0	0	0	0	0	3876	
0	0	0	0	0	3992	
0	0	0	0	0	3952	
0	0	0	0	0	3741	
0	0	0	0	0	3723	
0	0	0	0	0	3688	
0	0	0	0	0	3752	
0	0	0	0	0	3717	
0	0	0	0	0	3712	
0	0	0	0	0	3760	
0	0	0	0	0	3674	
0	0	0	0	0	3733	
0	0	0	0	0	3723	
0	0	0	0	0	3710	
0	0	0	0	0	3719	
0	0	0	0	0	3683	
0	0	0	0	0	3792	
0	0	0	0	0	3768	
0	0	0	0	0	3921	
0	0	0	0	0	3586	
0	0	0	0	0	3706	
0	0	0	0	0	3742	
0	0	0	0	0	3714	
0	0	0	0	0	3729	
0	0	0	0	0	3736	
0	0	0	0	0	3571	
0	0	0	0	0	3739	
0	0	0	0	0	3708	
0	0	0	0	0	3728	
0	0	0	0	0	3710	
0	0	0	0	0	3690	
0	0	0	0	0	3719	
0	0	0	0	0	3713	
0	0	0	0	0	3778	
0	0	0	0	0	3708	
0	0	0	0	0	3702	
0	0	0	0	0	3722	
0	0	0	0	0	3815	
0	0	0	0	0	3716	
0	0	0	0	0	3749	
0	0	0	0	0	3712	
0	0	0	0	0	3725	
0	0	0	0	0	3707	
0	0	0	0	0	3588	
0	0	0	0	0	3730	
0	0	0	0	0	3692	
0	0	0	0	0	3731	
0	0	0	0	0	3759	
0	0	0	0	0	3714	
0	0	0	0	0	3600	
0	0	0	0	0	3912	
0	0	0	0	0	3764	
0	0	0	0	0	3725	
0	0	0	0	0	3664	
0	0	0	0	0	3725	
0	0	0	0	0	3573	
0	0	0	0	0	3716	
0	0	0	0	0	3597	
0	0	0	0	0	3845	
0	0	0	0	0	3705	
0	0	0	0	0	3837	
0	0	0	0	0	3736	
0	0	0	0	0	3688	
0	0	0	0	0	3718	
0	0	0	0	0	3722	
0	0	0	0	0	3695	
0	0	0	0	0	4850	
0	0	0	0	0	5007	
0	0	0	0	0	4973	
0	0	0	0	0	4927	
0	0	0	0	0	4958	
0	0	0	0	0	4960	
0	0	0	0	0	4634	
0	0	0	0	0	4304	
0	0	0	0	0	4869	
0	0	0	0	0	4914	
0	0	0	0	0	4894	
0	0	0	0	0	5004	
0	0	0	0	0	4952	
0	0	0	0	0	4963	
0	0	0	0	0	4899	
0	0	0	0	0	4940	
0	0	0	0	0	4960	
0	0	0	0	0	4983	
0	0	0	0	0	4940	
0	0	0	0	0	4950	
0	0	0	0	0	4947	
0	0	0	0	0	4928	
0	0	0	0	0	5008	
0	0	0	0	0	4926	
0	0	0	0	0	4970	
0	0	0	0	0	4895	
0	0	0	0	0	4748	
0	0	0	0	0	3600	
0	0	0	0	0	3645	
0	0	0	0	0	3561	
0	0	0	0	0	3614	
0	0	0	0	0	3592	
0	0	0	0	0	3986	
0	0	0	0	0	3696	
0	0	0	0	0	4448	
0	0	0	0	0	5197	
0	0	0	0	0	5276	
0	0	0	0	0	5056	
0	0	0	0	0	4805	
0	0	0	0	0	4944	
0	0	0	0	0	4926	
0	0	0	0	0	5009	
0	0	0	0	0	4965	
0	0	0	0	0	5275	
0	0	0	0	0	4978	
0	0	0	0	0	4959	
0	0	0	0	0	4749	
0	0	0	0	0	4240	
0	0	0	0	0	4943	
0	0	0	0	0	4911	
0	0	0	0	0	5002	
0	0	0	0	0	4772	
0	0	0	0	0	4956	
0	0	0	0	0	4947	
0	0	0	0	0	4932	
0	0	0	0	0	4960	
0	0	0	0	0	4937	
0	0	0	0	0	4921	
0	0	0	0	0	4962	
0	0	0	0	0	4899	
0	0	0	0	0	4967	
0	0	0	0	0	4950	
0	0	0	0	0	4959	
0	0	0	0	0	4921	
0	0	0	0	0	4901	
0	0	0	0	0	5000	
0	0	0	0	0	4776	
0	0	0	0	0	3704	
0	0	0	0	0	3600	
0	0	0	0	0	3709	
0	0	0	0	0	3610	
0	0	0	0	0	3772	
0	0	0	0	0	4014	
0	0	0	0	0	3591	
0	0	0	0	0	3554	
0	0	0	0	0	4127	
0	0	0	0	0	3713	
0	0	0	0	0	3678	
0	0	0	0	0	3885	
0	0	0	0	0	4014	
0	0	0	0	0	3583	
0	0	0	0	0	3576	
0	0	0	0	0	3572	
0	0	0	0	0	3581	
0	0	0	0	0	3576	
0	0	0	0	0	3565	
0	0	0	0	0	3566	
0	0	0	0	0	3578	
0	0	0	0	0	3572	
0	0	0	0	0	3540	
0	0	0	0	0	3549	
0	0	0	0	0	3573	
0	0	0	0	0	3575	
0	0	0	0	0	4624	
0	0	0	0	0	3758	
0	0	0	0	0	3562	
0	0	0	0	0	3867	
0	0	0	0	0	3653	
0	0	0	0	0	3828	
0	0	0	0	0	3566	
0	0	0	0	0	3828	
0	0	0	0	0	3627	
0	0	0	0	0	3635	
0	0	0	0	0	4704	
0	0	0	0	0	5265	
0	0	0	0	0	5175	
0	0	0	0	0	4148	
0	0	0	0	0	3556	
0	0	0	0	0	3571	
0	0	0	0	0	3608	
0	0	0	0	0	3901	
0	0	0	0	0	3585	
0	0	0	0	0	3592	
0	0	0	0	0	3600	
0	0	0	0	0	3714	
0	0	0	0	0	3767	
0	0	0	0	0	3782	
0	0	0	0	0	4295	
0	0	0	0	0	3563	
0	0	0	0	0	3723	
0	0	0	0	0	3660	
0	0	0	0	0	3995	
0	0	0	0	0	3568	
0	0	0	0	0	3621	
0	0	0	0	0	3869	
0	0	0	0	0	3648	
0	0	0	0	0	3691	
0	0	0	0	0	3957	
0	0	0	0	0	3584	
0	0	0	0	0	3698	
0	0	0	0	0	3897	
0	0	0	0	0	3804	
0	0	0	0	0	3780	
0	0	0	0	0	3612	
0	0	0	0	0	3701	
0	0	0	0	0	4130	
0	0	0	0	0	4074	
0	0	0	0	0	3602	
0	0	0	0	0	4004	
0	0	0	0	0	3875	
0	0	0	0	0	4272	
0	0	0	0	0	3816	
0	0	0	0	0	3655	
0	0	0	0	0	3705	
0	0	0	0	0	3952	
0	0	0	0	0	3920	
0	0	0	0	0	3640	
0	0	0	0	0	3596	
0	0	0	0	0	3617	
0	0	0	0	0	3923	
0	0	0	0	0	3588	
0	0	0	0	0	3947	
0	0	0	0	0	3574	
0	0	0	0	0	3974	
0	0	0	0	0	3887	
0	0	0	0	0	3661	
0	0	0	0	0	3660	
0	0	0	0	0	3602	
0	0	0	0	0	3818	
0	0	0	0	0	3775	
0	0	0	0	0	3736	
0	0	0	0	0	3545	
0	0	0	0	0	3621	
0	0	0	0	0	3782	
0	0	0	0	0	3725	
0	0	0	0	0	3917	
0	0	0	0	0	3859	
0	0	0	0	0	3644	
0	0	0	0	0	3834	
0	0	0	0	0	4059	
0	0	0	0	0	3776	
0	0	0	0	0	3570	
0	0	0	0	0	3599	
0	0	0	0	0	4881	
0	0	0	0	0	3963	
0	0	0	0	0	3837	
0	0	0	0	0	3562	
0	0	0	0	0	3828	
0	0	0	0	0	3929	
0	0	0	0	0	4019	
0	0	0	0	0	3853	
0	0	0	0	0	3666	
0	0	0	0	0	4191	
0	0	0	0	0	4033	
0	0	0	0	0	4146	
0	0	0	0	0	3583	
0	0	0	0	0	3597	
0	0	0	0	0	3955	
0	0	0	0	0	3822	
0	0	0	0	0	3790	
0	0	0	0	0	3770	
0	0	0	0	0	3818	
0	0	0	0	0	3886	
0	0	0	0	0	3615	
0	0	0	0	0	4019	
0	0	0	0	0	3777	
0	0	0	0	0	3594	
0	0	0	0	0	3685	
0	0	0	0	0	3567	
0	0	0	0	0	3586	
0	0	0	0	0	3643	
0	0	0	0	0	3818	
0	0	0	0	0	3864	
0	0	0	0	0	3868	
0	0	0	0	0	3804	
0	0	0	0	0	3694	
0	0	0	0	0	3934	
0	0	0	0	0	3993	
0	0	0	0	0	3897	
0	0	0	0	0	3866	
0	0	0	0	0	3931	
0	0	0	0	0	4111	
0	0	0	0	0	3848	
0	0	0	0	0	4976	
0	0	0	0	0	4933	
0	0	0	0	0	5090	
0	0	0	0	0	5007	
0	0	0	0	0	5187	
0	0	0	0	0	4920	
0	0	0	0	0	4945	
0	0	0	0	0	4925	
0	0	0	0	0	5202	
0	0	0	0	0	4975	
0	0	0	0	0	5042	
0	0	0	0	0	5042	
0	0	0	0	0	4927	
0	0	0	0	0	4788	
0	0	0	0	0	4756	
0	0	0	0	0	4909	
0	0	0	0	0	4945	
0	0	0	0	0	4953	
0	0	0	0	0	4984	
0	0	0	0	0	4911	
0	0	0	0	0	4966	
0	0	0	0	0	4946	
0	0	0	0	0	4977	
0	0	0	0	0	4720	
0	0	0	0	0	3623	
0	0	0	0	0	3590	
0	0	0	0	0	3670	
0	0	0	0	0	3632	
0	0	0	0	0	3676	
0	0	0	0	0	3573	
0	0	0	0	0	4652	
0	0	0	0	0	3680	
0	0	0	0	0	3558	
0	0	0	0	0	3726	
0	0	0	0	0	3639	
0	0	0	0	0	3541	
0	0	0	0	0	3560	
0	0	0	0	0	3852	
0	0	0	0	0	3639	
0	0	0	0	0	3712	
0	0	0	0	0	4900	
0	0	0	0	0	5059	
0	0	0	0	0	5167	
0	0	0	0	0	4984	
0	0	0	0	0	4985	
0	0	0	0	0	5153	
0	0	0	0	0	5095	
0	0	0	0	0	5262	
0	0	0	0	0	5070	
0	0	0	0	0	5137	
0	0	0	0	0	5269	
0	0	0	0	0	5269	
0	0	0	0	0	5274	
0	0	0	0	0	4721	
0	0	0	0	0	4774	
0	0	0	0	0	4922	
0	0	0	0	0	4855	
0	0	0	0	0	4975	
0	0	0	0	0	5009	
0	0	0	0	0	4978	
0	0	0	0	0	4919	
0	0	0	0	0	4976	
0	0	0	0	0	4981	
0	0	0	0	0	4943	
0	0	0	0	0	4892	
0	0	0	0	0	4954	
0	0	0	0	0	4957	
0	0	0	0	0	4971	
0	0	0	0	0	4995	
0	0	0	0	0	4960	
0	0	0	0	0	4951	
0	0	0	0	0	4919	
0	0	0	0	0	4968	
0	0	0	0	0	4744	
0	0	0	0	0	3599	
0	0	0	0	0	3830	
0	0	0	0	0	3612	
0	0	0	0	0	3795	
0	0	0	0	0	4019	
0	0	0	0	0	3983	
0	0	0	0	0	3950	
0	0	0	0	0	3853	
0	0	0	0	0	4130	
0	0	0	0	0	3918	
0	0	0	0	0	3717	
0	0	0	0	0	3893	
0	0	0	0	0	3712	
0	0	0	0	0	4107	
0	0	0	0	0	3591	
0	0	0	0	0	3733	
0	0	0	0	0	3756	
0	0	0	0	0	3642	
0	0	0	0	0	3986	
0	0	0	0	0	3757	
0	0	0	0	0	3816	
0	0	0	0	0	3610	
0	0	0	0	0	3733	
0	0	0	0	0	3910	
0	0	0	0	0	4029	
0	0	0	0	0	3904	
0	0	0	0	0	4585	
0	0	0	0	0	5204	
0	0	0	0	0	4936	
0	0	0	0	0	4665	
0	0	0	0	0	3725	
0	0	0	0	0	3704	
0	0	0	0	0	3704	
0	0	0	0	0	3709	
0	0	0	0	0	3823	
0	0	0	0	0	4610	
0	0	0	0	0	4906	
0	0	0	0	0	4951	
0	0	0	0	0	4927	
0	0	0	0	0	4994	
0	0	0	0	0	4978	
0	0	0	0	0	4996	
0	0	0	0	0	4930	
0	0	0	0	0	5023	
0	0	0	0	0	4991	
0	0	0	0	0	4974	
0	0	0	0	0	4091	
0	0	0	0	0	4622	
0	0	0	0	0	4990	
0	0	0	0	0	4986	
0	0	0	0	0	4995	
0	0	0	0	0	5063	
0	0	0	0	0	4967	
0	0	0	0	0	4988	
0	0	0	0	0	4997	
0	0	0	0	0	4987	
0	0	0	0	0	5054	
0	0	0	0	0	4979	
0	0	0	0	0	5091	
0	0	0	0	0	5009	
0	0	0	0	0	5009	
0	0	0	0	0	5022	
0	0	0	0	0	5002	
0	0	0	0	0	4982	
0	0	0	0	0	4952	
0	0	0	0	0	4989	
0	0	0	0	0	4958	
0	0	0	0	0	4963	
0	0	0	0	0	4996	
0	0	0	0	0	5001	
0	0	0	0	0	4955	
0	0	0	0	0	4975	
0	0	0	0	0	4940	
0	0	0	0	0	4976	
0	0	0	0	0	4999	
0	0	0	0	0	4944	
0	0	0	0	0	5002	
0	0	0	0	0	4991	
0	0	0	0	0	4989	
0	0	0	0	0	4960	
0	0	0	0	0	4991	
0	0	0	0	0	4983	
0	0	0	0	0	4976	
0	0	0	0	0	4929	
0	0	0	0	0	4990	
0	0	0	0	0	4970	
0	0	0	0	0	4933	
0	0	0	0	0	4989	
0	0	0	0	0	4980	
0	0	0	0	0	4980	
0	0	0	0	0	4946	
0	0	0	0	0	4984	
0	0	0	0	0	5006	
0	0	0	0	0	5002	
0	0	0	0	0	4981	
0	0	0	0	0	4991	
0	0	0	0	0	4997	
0	0	0	0	0	4908	
0	0	0	0	0	5031	
0	0	0	0	0	5027	
0	0	0	0	0	5004	
0	0	0	0	0	4946	
0	0	0	0	0	5006	
0	0	0	0	0	4967	
0	0	0	0	0	5014	
0	0	0	0	0	4954	
0	0	0	0	0	4994	
0	0	0	0	0	4994	
0	0	0	0	0	4965	
0	0	0	0	0	4632	
0	0	0	0	0	3972	
0	0	0	0	0	3660	
0	0	0	0	0	3736	
0	0	0	0	0	3867	
0	0	0	0	0	3621	
0	0	0	0	0	3939	
0	0	0	0	0	3842	
0	0	0	0	0	3721	
0	0	0	0	0	3584	
0	0	0	0	0	3723	
0	0	0	0	0	3793	
0	0	0	0	0	3784	
0	0	0	0	0	3756	
0	0	0	0	0	3702	
0	0	0	0	0	3634	
0	0	0	0	0	3670	
0	0	0	0	0	4525	
0	0	0	0	0	5060	
0	0	0	0	0	5175	
0	0	0	0	0	5168	
0	0	0	0	0	3748	
0	0	0	0	0	3971	
0	0	0	0	0	4027	
0	0	0	0	0	4147	
0	0	0	0	0	4062	
0	0	0	0	0	3666	
0	0	0	0	0	3863	
0	0	0	0	0	3609	
0	0	0	0	0	3639	
0	0	0	0	0	3791	
0	0	0	0	0	3764	
0	0	0	0	0	3706	
0	0	0	0	0	3797	
0	0	0	0	0	3806	
0	0	0	0	0	3764	
0	0	0	0	0	3943	
0	0	0	0	0	3875	
0	0	0	0	0	4055	
0	0	0	0	0	3889	
0	0	0	0	0	4131	
0	0	0	0	0	3996	
0	0	0	0	0	3598	
0	0	0	0	0	3728	
0	0	0	0	0	3734	
0	0	0	0	0	3914	
0	0	0	0	0	3632	
0	0	0	0	0	3607	
0	0	0	0	0	4172	
0	0	0	0	0	4085	
0	0	0	0	0	3854	
0	0	0	0	0	4402	
0	0	0	0	0	5305	
0	0	0	0	0	5281	
0	0	0	0	0	5251	
0	0	0	0	0	5218	
0	0	0	0	0	5155	
0	0	0	0	0	5117	
0	0	0	0	0	4783	
0	0	0	0	0	3552	
0	0	0	0	0	3670	
0	0	0	0	0	3628	
0	0	0	0	0	3579	
0	0	0	0	0	3556	
0	0	0	0	0	3921	
0	0	0	0	0	3590	
0	0	0	0	0	3582	
0	0	0	0	0	3855	
0	0	0	0	0	3572	
0	0	0	0	0	3595	
0	0	0	0	0	3595	
0	0	0	0	0	3730	
0	0	0	0	0	3833	
0	0	0	0	0	3997	
0	0	0	0	0	3807	
0	0	0	0	0	3764	
0	0	0	0	0	3670	
0	0	0	0	0	3762	
0	0	0	0	0	3994	
0	0	0	0	0	3699	
0	0	0	0	0	4007	
0	0	0	0	0	3975	
0	0	0	0	0	3782	
0	0	0	0	0	3643	
0	0	0	0	0	3907	
0	0	0	0	0	3584	
0	0	0	0	0	3588	
0	0	0	0	0	3586	
0	0	0	0	0	3760	
0	0	0	0	0	3619	
0	0	0	0	0	3722	
0	0	0	0	0	3641	
0	0	0	0	0	3830	
0	0	0	0	0	3602	
0	0	0	0	0	3759	
0	0	0	0	0	3637	
0	0	0	0	0	3619	
0	0	0	0	0	3691	
0	0	0	0	0	3640	
0	0	0	0	0	3592	
0	0	0	0	0	3580	
0	0	0	0	0	3579	
0	0	0	0	0	3715	
0	0	0	0	0	3669	
0	0	0	0	0	3582	
0	0	0	0	0	3773	
0	0	0	0	0	3835	
0	0	0	0	0	3707	
0	0	0	0	0	3670	
0	0	0	0	0	3686	
0	0	0	0	0	3616	
0	0	0	0	0	3578	
0	0	0	0	0	3572	
0	0	0	0	0	3665	
0	0	0	0	0	3724	
0	0	0	0	0	3857	
0	0	0	0	0	3678	
0	0	0	0	0	3666	
0	0	0	0	0	3543	
0	0	0	0	0	3610	
0	0	0	0	0	3592	
0	0	0	0	0	3611	
0	0	0	0	0	3572	
0	0	0	0	0	3576	
0	0	0	0	0	3788	
0	0	0	0	0	4211	
0	0	0	0	0	5103	
0	0	0	0	0	5066	
0	0	0	0	0	5313	
0	0	0	0	0	5265	
0	0	0	0	0	5263	
0	0	0	0	0	5195	
0	0	0	0	0	4936	
0	0	0	0	0	3678	
0	0	0	0	0	3564	
0	0	0	0	0	3677	
0	0	0	0	0	3651	
0	0	0	0	0	3579	
0	0	0	0	0	3727	
0	0	0	0	0	3568	
0	0	0	0	0	3568	
0	0	0	0	0	3599	
0	0	0	0	0	3832	
0	0	0	0	0	3570	
0	0	0	0	0	3581	
0	0	0	0	0	3546	
0	0	0	0	0	3598	
0	0	0	0	0	3556	
0	0	0	0	0	3572	
0	0	0	0	0	3582	
0	0	0	0	0	3584	
0	0	0	0	0	3552	
0	0	0	0	0	3625	
0	0	0	0	0	3601	
0	0	0	0	0	3748	
0	0	0	0	0	3646	
0	0	0	0	0	3648	
0	0	0	0	0	3719	
0	0	0	0	0	3772	
0	0	0	0	0	3602	
0	0	0	0	0	4221	
0	0	0	0	0	3615	
0	0	0	0	0	3653	
0	0	0	0	0	3801	
0	0	0	0	0	3959	
0	0	0	0	0	3784	
0	0	0	0	0	3893	
0	0	0	0	0	4066	
0	0	0	0	0	3929	
0	0	0	0	0	3742	
0	0	0	0	0	3745	
0	0	0	0	0	3827	
0	0	0	0	0	3796	
0	0	0	0	0	3955	
0	0	0	0	0	4010	
0	0	0	0	0	3839	
0	0	0	0	0	3617	
0	0	0	0	0	4090	
0	0	0	0	0	3992	
0	0	0	0	0	4096	
0	0	0	0	0	3877	
0	0	0	0	0	3733	
0	0	0	0	0	4203	
0	0	0	0	0	4147	
0	0	0	0	0	3680	
0	0	0	0	0	3584	
0	0	0	0	0	3707	
0	0	0	0	0	4015	
0	0	0	0	0	3600	
0	0	0	0	0	3900	
0	0	0	0	0	3598	
0	0	0	0	0	4069	
0	0	0	0	0	3736	
0	0	0	0	0	3571	
0	0	0	0	0	3686	
0	0	0	0	0	3747	
0	0	0	0	0	3730	
0	0	0	0	0	3573	
0	0	0	0	0	3575	
0	0	0	0	0	3695	
0	0	0	0	0	3871	
0	0	0	0	0	4110	
0	0	0	0	0	3710	
0	0	0	0	0	3912	
0	0	0	0	0	4083	
0	0	0	0	0	3807	
0	0	0	0	0	3733	
0	0	0	0	0	3930	
0	0	0	0	0	3917	
0	0	0	0	0	3823	
0	0	0	0	0	4088	
0	0	0	0	0	3992	
0	0	0	0	0	4095	
0	0	0	0	0	3787	
0	0	0	0	0	4010	
0	0	0	0	0	3939	
0	0	0	0	0	3839	
0	0	0	0	0	3858	
0	0	0	0	0	3958	
0	0	0	0	0	3837	
0	0	0	0	0	3593	
0	0	0	0	0	3798	
0	0	0	0	0	3609	
0	0	0	0	0	3610	
0	0	0	0	0	3623	
0	0	0	0	0	3644	
0	0	0	0	0	4073	
0	0	0	0	0	4230	
0	0	0	0	0	3755	
0	0	0	0	0	4003	
0	0	0	0	0	3980	
0	0	0	0	0	3827	
0	0	0	0	0	3863	
0	0	0	0	0	3586	
0	0	0	0	0	3700	
0	0	0	0	0	4034	
0	0	0	0	0	3847	
0	0	0	0	0	3769	
0	0	0	0	0	4001	
0	0	0	0	0	3945	
0	0	0	0	0	3635	
0	0	0	0	0	3983	
0	0	0	0	0	4075	
0	0	0	0	0	3607	
0	0	0	0	0	3968	
0	0	0	0	0	3688	
0	0	0	0	0	3784	
0	0	0	0	0	3627	
0	0	0	0	0	3574	
0	0	0	0	0	3675	
0	0	0	0	0	3628	
0	0	0	0	0	3899	
0	0	0	0	0	3792	
0	0	0	0	0	3672	
0	0	0	0	0	3711	
0	0	0	0	0	4132	
0	0	0	0	0	3872	
0	0	0	0	0	3554	
0	0	0	0	0	3883	
0	0	0	0	0	3636	
0	0	0	0	0	3758	
0	0	0	0	0	3615	
0	0	0	0	0	3758	
0	0	0	0	0	3579	
0	0	0	0	0	4209	
0	0	0	0	0	4156	
0	0	0	0	0	3874	
0	0	0	0	0	3593	
0	0	0	0	0	3568	
0	0	0	0	0	3588	
0	0	0	0	0	3590	
0	0	0	0	0	3765	
0	0	0	0	0	3579	
0	0	0	0	0	3605	
0	0	0	0	0	4058	
0	0	0	0	0	3799	
0	0	0	0	0	3589	
0	0	0	0	0	3882	
0	0	0	0	0	3742	
0	0	0	0	0	3582	
0	0	0	0	0	3619	
0	0	0	0	0	4703	
0	0	0	0	0	5113	
0	0	0	0	0	5140	
0	0	0	0	0	5039	
0	0	0	0	0	5157	
0	0	0	0	0	5332	
0	0	0	0	0	5298	
0	0	0	0	0	5226	
0	0	0	0	0	5265	
0	0	0	0	0	5196	
0	0	0	0	0	4124	
0	0	0	0	0	3612	
0	0	0	0	0	3626	
0	0	0	0	0	3839	
0	0	0	0	0	3589	
0	0	0	0	0	3889	
0	0	0	0	0	3793	
0	0	0	0	0	3738	
0	0	0	0	0	3836	
0	0	0	0	0	3870	
0	0	0	0	0	3709	
0	0	0	0	0	3626	
0	0	0	0	0	3584	
0	0	0	0	0	3829	
0	0	0	0	0	3739	
0	0	0	0	0	3676	
0	0	0	0	0	3589	
0	0	0	0	0	3578	
0	0	0	0	0	3710	
0	0	0	0	0	3603	
0	0	0	0	0	3650	
0	0	0	0	0	3838	
0	0	0	0	0	3798	
0	0	0	0	0	3889	
0	0	0	0	0	3655	
0	0	0	0	0	3937	
0	0	0	0	0	3912	
0	0	0	0	0	3589	
0	0	0	0	0	3575	
0	0	0	0	0	3793	
0	0	0	0	0	3710	
0	0	0	0	0	3711	
0	0	0	0	0	3596	
0	0	0	0	0	3682	
0	0	0	0	0	3622	
0	0	0	0	0	3708	
0	0	0	0	0	3559	
0	0	0	0	0	3578	
0	0	0	0	0	3591	
0	0	0	0	0	3616	
0	0	0	0	0	3600	
0	0	0	0	0	3694	
0	0	0	0	0	3573	
0	0	0	0	0	3575	
0	0	0	0	0	3617	
0	0	0	0	0	3621	
0	0	0	0	0	3706	
0	0	0	0	0	3578	
0	0	0	0	0	3729	
0	0	0	0	0	3860	
0	0	0	0	0	3584	
0	0	0	0	0	3647	
0	0	0	0	0	3600	
0	0	0	0	0	3772	
0	0	0	0	0	3643	
0	0	0	0	0	3732	
0	0	0	0	0	3696	
0	0	0	0	0	3970	
0	0	0	0	0	3732	
0	0	0	0	0	3768	
0	0	0	0	0	3802	
0	0	0	0	0	3652	
0	0	0	0	0	3969	
0	0	0	0	0	3662	
0	0	0	0	0	3965	
0	0	0	0	0	3651	
0	0	0	0	0	3814	
0	0	0	0	0	3617	
0	0	0	0	0	3995	
0	0	0	0	0	3633	
0	0	0	0	0	4218	
0	0	0	0	0	3871	
0	0	0	0	0	3751	
0	0	0	0	0	3662	
0	0	0	0	0	3669	
0	0	0	0	0	3954	
0	0	0	0	0	3550	
0	0	0	0	0	3857	
0	0	0	0	0	3797	
0	0	0	0	0	3639	
0	0	0	0	0	3577	
0	0	0	0	0	3937	
0	0	0	0	0	3564	
0	0	0	0	0	3588	
0	0	0	0	0	3572	
0	0	0	0	0	3571	
0	0	0	0	0	3551	
0	0	0	0	0	3566	
0	0	0	0	0	3564	
0	0	0	0	0	3602	
0	0	0	0	0	3619	
0	0	0	0	0	3544	
0	0	0	0	0	3873	
0	0	0	0	0	3733	
0	0	0	0	0	3688	
0	0	0	0	0	3705	
0	0	0	0	0	3599	
0	0	0	0	0	3611	
0	0	0	0	0	3832	
0	0	0	0	0	3763	
0	0	0	0	0	3593	
0	0	0	0	0	3716	
0	0	0	0	0	3710	
0	0	0	0	0	3785	
0	0	0	0	0	3608	
0	0	0	0	0	3563	
0	0	0	0	0	3533	
0	0	0	0	0	3569	
0	0	0	0	0	3577	
0	0	0	0	0	3570	
0	0	0	0	0	3568	
0	0	0	0	0	3533	
0	0	0	0	0	3572	
0	0	0	0	0	3634	
0	0	0	0	0	3552	
0	0	0	0	0	3644	
0	0	0	0	0	3556	
0	0	0	0	0	3554	
0	0	0	0	0	3567	
0	0	0	0	0	3768	
0	0	0	0	0	4797	
0	0	0	0	0	4973	
0	0	0	0	0	3780	
0	0	0	0	0	3797	
0	0	0	0	0	3594	
0	0	0	0	0	3835	
0	0	0	0	0	3785	
0	0	0	0	0	4023	
0	0	0	0	0	3684	
0	0	0	0	0	3740	
0	0	0	0	0	3703	
0	0	0	0	0	3925	
0	0	0	0	0	3976	
0	0	0	0	0	3676	
0	0	0	0	0	3576	
0	0	0	0	0	4682	
0	0	0	0	0	4980	
0	0	0	0	0	4928	
0	0	0	0	0	4948	
0	0	0	0	0	4844	
0	0	0	0	0	4943	
0	0	0	0	0	4875	
0	0	0	0	0	4917	
0	0	0	0	0	4905	
0	0	0	0	0	4998	
0	0	0	0	0	5002	
0	0	0	0	0	5042	
0	0	0	0	0	5023	
0	0	0	0	0	5225	
0	0	0	0	0	4722	
0	0	0	0	0	3818	
0	0	0	0	0	3580	
0	0	0	0	0	4744	
0	0	0	0	0	5050	
0	0	0	0	0	3588	
0	0	0	0	0	3561	
0	0	0	0	0	3633	
0	0	0	0	0	3683	
0	0	0	0	0	3573	
0	0	0	0	0	3589	
0	0	0	0	0	3586	
0	0	0	0	0	3566	
0	0	0	0	0	3732	
0	0	0	0	0	3693	
0	0	0	0	0	3598	
0	0	0	0	0	3635	
0	0	0	0	0	3588	
0	0	0	0	0	3999	
0	0	0	0	0	3578	
0	0	0	0	0	3775	
0	0	0	0	0	3827	
0	0	0	0	0	3571	
0	0	0	0	0	3787	
0	0	0	0	0	3621	
0	0	0	0	0	3596	
0	0	0	0	0	3687	
0	0	0	0	0	3623	
0	0	0	0	0	3802	
0	0	0	0	0	3778	
0	0	0	0	0	3843	
0	0	0	0	0	4110	
0	0	0	0	0	4143	
0	0	0	0	0	3572	
0	0	0	0	0	3845	
0	0	0	0	0	3705	
0	0	0	0	0	3664	
0	0	0	0	0	3754	
0	0	0	0	0	3764	
0	0	0	0	0	3631	
0	0	0	0	0	3598	
0	0	0	0	0	3594	
0	0	0	0	0	4002	
0	0	0	0	0	3582	
0	0	0	0	0	4072	
0	0	0	0	0	3590	
0	0	0	0	0	3619	
0	0	0	0	0	3898	
0	0	0	0	0	3591	
0	0	0	0	0	3591	
0	0	0	0	0	3656	
0	0	0	0	0	3581	
0	0	0	0	0	3721	
0	0	0	0	0	3646	
0	0	0	0	0	3806	
0	0	0	0	0	3867	
0	0	0	0	0	5167	
0	0	0	0	0	5055	
0	0	0	0	0	5126	
0	0	0	0	0	4990	
0	0	0	0	0	5085	
0	0	0	0	0	5141	
0	0	0	0	0	4946	
0	0	0	0	0	5015	
0	0	0	0	0	5251	
0	0	0	0	0	5225	
0	0	0	0	0	5183	
0	0	0	0	0	5268	
0	0	0	0	0	5270	
0	0	0	0	0	5077	
0	0	0	0	0	4964	
0	0	0	0	0	5219	
0	0	0	0	0	5252	
0	0	0	0	0	5251	
0	0	0	0	0	5271	
0	0	0	0	0	5250	
0	0	0	0	0	5246	
0	0	0	0	0	5141	
0	0	0	0	0	4995	
0	0	0	0	0	5210	
0	0	0	0	0	4599	
0	0	0	0	0	4067	
0	0	0	0	0	4893	
0	0	0	0	0	4895	
0	0	0	0	0	3730	
0	0	0	0	0	3702	
0	0	0	0	0	3696	
0	0	0	0	0	3683	
0	0	0	0	0	4877	
0	0	0	0	0	4858	
0	0	0	0	0	4921	
0	0	0	0	0	4935	
0	0	0	0	0	4983	
0	0	0	0	0	4905	
0	0	0	0	0	4946	
0	0	0	0	0	4906	
0	0	0	0	0	4916	
0	0	0	0	0	4956	
0	0	0	0	0	4952	
0	0	0	0	0	4963	
0	0	0	0	0	4514	
0	0	0	0	0	3694	
0	0	0	0	0	4179	
0	0	0	0	0	3540	
0	0	0	0	0	3665	
0	0	0	0	0	3644	
0	0	0	0	0	3604	
0	0	0	0	0	3925	
0	0	0	0	0	3714	
0	0	0	0	0	3674	
0	0	0	0	0	4044	
0	0	0	0	0	3709	
0	0	0	0	0	3687	
0	0	0	0	0	3673	
0	0	0	0	0	3737	
0	0	0	0	0	3808	
0	0	0	0	0	3557	
0	0	0	0	0	4198	
0	0	0	0	0	3734	
0	0	0	0	0	3947	
0	0	0	0	0	4107	
0	0	0	0	0	3555	
0	0	0	0	0	3775	
0	0	0	0	0	3821	
0	0	0	0	0	3773	
0	0	0	0	0	3603	
0	0	0	0	0	3785	
0	0	0	0	0	3733	
0	0	0	0	0	3795	
0	0	0	0	0	3784	
0	0	0	0	0	3547	
0	0	0	0	0	3953	
0	0	0	0	0	3848	
0	0	0	0	0	4193	
0	0	0	0	0	3847	
0	0	0	0	0	3747	
0	0	0	0	0	3870	
0	0	0	0	0	3766	
0	0	0	0	0	3780	
0	0	0	0	0	3648	
0	0	0	0	0	3570	
0	0	0	0	0	3766	
0	0	0	0	0	3807	
0	0	0	0	0	4019	
0	0	0	0	0	3804	
0	0	0	0	0	3569	
0	0	0	0	0	3592	
0	0	0	0	0	3894	
0	0	0	0	0	3843	
0	0	0	0	0	3817	
0	0	0	0	0	3610	
0	0	0	0	0	3704	
0	0	0	0	0	3778	
0	0	0	0	0	3763	
0	0	0	0	0	3725	
0	0	0	0	0	3666	
0	0	0	0	0	3599	
0	0	0	0	0	3960	
0	0	0	0	0	3715	
0	0	0	0	0	3580	
0	0	0	0	0	3853	
0	0	0	0	0	3785	
0	0	0	0	0	4114	
0	0	0	0	0	3896	
0	0	0	0	0	3518	
0	0	0	0	0	3659	
0	0	0	0	0	3609	
0	0	0	0	0	3778	
0	0	0	0	0	4037	
0	0	0	0	0	3670	
0	0	0	0	0	3932	
0	0	0	0	0	3741	
0	0	0	0	0	3733	
0	0	0	0	0	3951	
0	0	0	0	0	3675	
0	0	0	0	0	4166	
0	0	0	0	0	3931	
0	0	0	0	0	3803	
0	0	0	0	0	3531	
0	0	0	0	0	3557	
0	0	0	0	0	3952	
0	0	0	0	0	3810	
0	0	0	0	0	3811	
0	0	0	0	0	3657	
0	0	0	0	0	4295	
0	0	0	0	0	3942	
0	0	0	0	0	3945	
0	0	0	0	0	3749	
0	0	0	0	0	3712	
0	0	0	0	0	3737	
0	0	0	0	0	3587	
0	0	0	0	0	3683	
0	0	0	0	0	4180	
0	0	0	0	0	3682	
0	0	0	0	0	3835	
0	0	0	0	0	3785	
0	0	0	0	0	3761	
0	0	0	0	0	3786	
0	0	0	0	0	3922	
0	0	0	0	0	4104	
0	0	0	0	0	3773	
0	0	0	0	0	3960	
0	0	0	0	0	3817	
0	0	0	0	0	3728	
0	0	0	0	0	3714	
0	0	0	0	0	3847	
0	0	0	0	0	3630	
0	0	0	0	0	3718	
0	0	0	0	0	3565	
0	0	0	0	0	3840	
0	0	0	0	0	3738	
0	0	0	0	0	3747	
0	0	0	0	0	3583	
0	0	0	0	0	3674	
0	0	0	0	0	3954	
0	0	0	0	0	4074	
0	0	0	0	0	3738	
0	0	0	0	0	3460	
0	0	0	0	0	3794	
0	0	0	0	0	3523	
0	0	0	0	0	3821	
0	0	0	0	0	3771	
0	0	0	0	0	3675	
0	0	0	0	0	3637	
0	0	0	0	0	3833	
0	0	0	0	0	3818	
0	0	0	0	0	4135	
0	0	0	0	0	3730	
0	0	0	0	0	3551	
0	0	0	0	0	3480	
0	0	0	0	0	3520	
0	0	0	0	0	3493	
0	0	0	0	0	3752	
0	0	0	0	0	3565	
0	0	0	0	0	3889	
0	0	0	0	0	3902	
0	0	0	0	0	3457	
0	0	0	0	0	3503	
0	0	0	0	0	3897	
0	0	0	0	0	3786	
0	0	0	0	0	4099	
0	0	0	0	0	3730	
0	0	0	0	0	3452	
0	0	0	0	0	3517	
0	0	0	0	0	4044	
0	0	0	0	0	3930	
0	0	0	0	0	3597	
0	0	0	0	0	4006	
0	0	0	0	0	3938	
0	0	0	0	0	3790	
0	0	0	0	0	3445	
0	0	0	0	0	3462	
0	0	0	0	0	3591	
0	0	0	0	0	3537	
0	0	0	0	0	3468	
0	0	0	0	0	3623	
0	0	0	0	0	4127	
0	0	0	0	0	3923	
0	0	0	0	0	3492	
0	0	0	0	0	3640	
0	0	0	0	0	4230	
0	0	0	0	0	3926	
0	0	0	0	0	3559	
0	0	0	0	0	3567	
0	0	0	0	0	3518	
0	0	0	0	0	3558	
0	0	0	0	0	3462	
0	0	0	0	0	3510	
0	0	0	0	0	3497	
0	0	0	0	0	3471	
0	0	0	0	0	3531	
0	0	0	0	0	4085	
0	0	0	0	0	3568	
0	0	0	0	0	3604	
0	0	0	0	0	3660	
0	0	0	0	0	3648	
0	0	0	0	0	4163	
0	0	0	0	0	3818	
0	0	0	0	0	3594	
0	0	0	0	0	3574	
0	0	0	0	0	4068	
0	0	0	0	0	4193	
0	0	0	0	0	3462	
0	0	0	0	0	3615	
0	0	0	0	0	3497	
0	0	0	0	0	3737	
0	0	0	0	0	3757	
0	0	0	0	0	3743	
0	0	0	0	0	3883	
0	0	0	0	0	3468	
0	0	0	0	0	3521	
0	0	0	0	0	3909	
0	0	0	0	0	3919	
0	0	0	0	0	3458	
0	0	0	0	0	3779	
0	0	0	0	0	3743	
0	0	0	0	0	3852	
0	0	0	0	0	3505	
0	0	0	0	0	3676	
0	0	0	0	0	3513	
0	0	0	0	0	3494	
0	0	0	0	0	3637	
0	0	0	0	0	3725	
0	0	0	0	0	3911	
0	0	0	0	0	4126	
0	0	0	0	0	3959	
0	0	0	0	0	4126	
0	0	0	0	0	3791	
0	0	0	0	0	3441	
0	0	0	0	0	3731	
0	0	0	0	0	4135	
0	0	0	0	0	4049	
0	0	0	0	0	3488	
0	0	0	0	0	3699	
0	0	0	0	0	3487	
0	0	0	0	0	3754	
0	0	0	0	0	3456	
0	0	0	0	0	3480	
0	0	0	0	0	3508	
0	0	0	0	0	3565	
0	0	0	0	0	3686	
0	0	0	0	0	3984	
0	0	0	0	0	3448	
0	0	0	0	0	3917	
0	0	0	0	0	3467	
0	0	0	0	0	3521	
0	0	0	0	0	3459	
0	0	0	0	0	3545	
0	0	0	0	0	5051	
0	0	0	0	0	5046	
0	0	0	0	0	5078	
0	0	0	0	0	5060	
0	0	0	0	0	4851	
0	0	0	0	0	4909	
0	0	0	0	0	4708	
0	0	0	0	0	3467	
0	0	0	0	0	3936	
0	0	0	0	0	3619	
0	0	0	0	0	3675	
0	0	0	0	0	3647	
0	0	0	0	0	3481	
0	0	0	0	0	3727	
0	0	0	0	0	3726	
0	0	0	0	0	4031	
0	0	0	0	0	3409	
0	0	0	0	0	3984	
0	0	0	0	0	3985	
0	0	0	0	0	4079	
0	0	0	0	0	3528	
0	0	0	0	0	3636	
0	0	0	0	0	3572	
0	0	0	0	0	4006	
0	0	0	0	0	3791	
0	0	0	0	0	3783	
0	0	0	0	0	3652	
0	0	0	0	0	3982	
0	0	0	0	0	3514	
0	0	0	0	0	3891	
0	0	0	0	0	3696	
0	0	0	0	0	3654	
0	0	0	0	0	3665	
0	0	0	0	0	3490	
0	0	0	0	0	3904	
0	0	0	0	0	3788	
0	0	0	0	0	3543	
0	0	0	0	0	3587	
0	0	0	0	0	3817	
0	0	0	0	0	3818	
0	0	0	0	0	3636	
0	0	0	0	0	3529	
0	0	0	0	0	3745	
0	0	0	0	0	3522	
0	0	0	0	0	4075	
0	0	0	0	0	3915	
0	0	0	0	0	3388	
0	0	0	0	0	3761	
0	0	0	0	0	3453	
0	0	0	0	0	3789	
0	0	0	0	0	3779	
0	0	0	0	0	3486	
0	0	0	0	0	3545	
0	0	0	0	0	3864	
0	0	0	0	0	3788	
0	0	0	0	0	3612	
0	0	0	0	0	3471	
0	0	0	0	0	3537	
0	0	0	0	0	3913	
0	0	0	0	0	3756	
0	0	0	0	0	3789	
0	0	0	0	0	3796	
0	0	0	0	0	3919	
0	0	0	0	0	3628	
0	0	0	0	0	3619	
0	0	0	0	0	3975	
0	0	0	0	0	3416	
0	0	0	0	0	3450	
0	0	0	0	0	4303	
0	0	0	0	0	4762	
0	0	0	0	0	3984	
0	0	0	0	0	3643	
0	0	0	0	0	4025	
0	0	0	0	0	3522	
0	0	0	0	0	3564	
0	0	0	0	0	3512	
0	0	0	0	0	3509	
0	0	0	0	0	3940	
0	0	0	0	0	3574	
0	0	0	0	0	3496	
0	0	0	0	0	3758	
0	0	0	0	0	3468	
0	0	0	0	0	3801	
0	0	0	0	0	3703	
0	0	0	0	0	3679	
0	0	0	0	0	3422	
0	0	0	0	0	3431	
0	0	0	0	0	3914	
0	0	0	0	0	3527	
0	0	0	0	0	3473	
0	0	0	0	0	3540	
0	0	0	0	0	3457	
0	0	0	0	0	3948	
0	0	0	0	0	3936	
0	0	0	0	0	3814	
0	0	0	0	0	3935	
0	0	0	0	0	3524	
0	0	0	0	0	3704	
0	0	0	0	0	3723	
0	0	0	0	0	3590	
0	0	0	0	0	3629	
0	0	0	0	0	3450	
0	0	0	0	0	3627	
0	0	0	0	0	3729	
0	0	0	0	0	3745	
0	0	0	0	0	3541	
0	0	0	0	0	3418	
0	0	0	0	0	3525	
0	0	0	0	0	3710	
0	0	0	0	0	3987	
0	0	0	0	0	3926	
0	0	0	0	0	3779	
0	0	0	0	0	4119	
0	0	0	0	0	3920	
0	0	0	0	0	3957	
0	0	0	0	0	3386	
0	0	0	0	0	4653	
0	0	0	0	0	4857	
0	0	0	0	0	4803	
0	0	0	0	0	4801	
0	0	0	0	0	4813	
0	0	0	0	0	4833	
0	0	0	0	0	4803	
0	0	0	0	0	4904	
0	0	0	0	0	4133	
0	0	0	0	0	3714	
0	0	0	0	0	3616	
0	0	0	0	0	3495	
0	0	0	0	0	3410	
0	0	0	0	0	3765	
0	0	0	0	0	3608	
0	0	0	0	0	3916	
0	0	0	0	0	3488	
0	0	0	0	0	3380	
0	0	0	0	0	3420	
0	0	0	0	0	3477	
0	0	0	0	0	3457	
0	0	0	0	0	3454	
0	0	0	0	0	3425	
0	0	0	0	0	4412	
0	0	0	0	0	5152	
0	0	0	0	0	4942	
0	0	0	0	0	4852	
0	0	0	0	0	4879	
0	0	0	0	0	4883	
0	0	0	0	0	4885	
0	0	0	0	0	4998	
0	0	0	0	0	4995	
0	0	0	0	0	4933	
0	0	0	0	0	4984	
0	0	0	0	0	5019	
0	0	0	0	0	5152	
0	0	0	0	0	4920	
0	0	0	0	0	4953	
0	0	0	0	0	4899	
0	0	0	0	0	5148	
0	0	0	0	0	4916	
0	0	0	0	0	4819	
0	0	0	0	0	4930	
0	0	0	0	0	4980	
0	0	0	0	0	4808	
0	0	0	0	0	4723	
0	0	0	0	0	4805	
0	0	0	0	0	4862	
0	0	0	0	0	4952	
0	0	0	0	0	4801	
0	0	0	0	0	4913	
0	0	0	0	0	5085	
0	0	0	0	0	4914	
0	0	0	0	0	5014	
0	0	0	0	0	5063	
0	0	0	0	0	4814	
0	0	0	0	0	4744	
0	0	0	0	0	4798	
0	0	0	0	0	4878	
0	0	0	0	0	4856	
0	0	0	0	0	4695	
0	0	0	0	0	4830	
316	0	0	0	0	7467	
2335	0	0	0	0	27449	
4049	0	0	0	0	24916	
7338	0	0	0	0	25972	
8360	0	0	0	0	24504	
8583	0	0	0	0	27448	
8811	0	0	0	0	24575	
9994	0	0	0	0	22638	
10656	0	0	0	0	19872	
11949	0	0	0	0	16937	
8838	0	0	0	0	10200	
0	0	0	0	0	0	
0	0	0	0	0	0	
0	0	0	0	0	0	
0	0	0	0	0	0	
2619	0	0	0	0	2725	
10791	0	0	0	0	10183	
11491	0	0	0	0	8621	
12459	0	0	0	0	7753	
12058	0	0	0	0	5757	
12089	0	0	0	0	4743	
12963	0	0	0	0	4240	
13053	0	0	0	0	3432	
12353	0	0	0	0	2561	
13166	0	0	0	0	2189	
13591	0	0	0	0	1794	
12933	0	0	0	0	1470	
12690	0	0	0	0	1199	
12770	0	0	0	0	914	
12626	0	0	0	0	948	
13118	0	0	0	0	730	
13332	0	0	0	0	607	
13170	0	0	0	0	517	
13141	0	0	0	0	383	
13678	0	0	0	0	341	
12937	0	0	0	0	301	
13212	0	0	0	0	272	
13682	0	0	0	0	255	
13276	0	0	0	0	206	
13265	0	0	0	0	154	
13367	0	0	0	0	140	
13075	0	0	0	0	116	
13701	0	0	0	0	105	
13577	0	0	0	0	94	
13273	0	0	0	0	78	
12864	0	0	0	0	63	
13335	0	0	0	0	54	
13085	0	0	0	0	43	
13082	0	0	0	0	33	
13730	0	0	0	0	44	
12753	0	0	0	0	33	
13584	0	0	0	0	18	
13054	0	0	0	0	21	
13233	0	0	0	0	28	
12727	0	0	0	0	26	
12941	0	0	0	0	14	
12144	0	0	0	0	8	
13036	0	0	0	0	14	
13113	0	0	0	0	17	
12843	0	0	0	0	12	
12698	0	0	0	0	6	
12748	0	0	0	0	4	
13250	0	0	0	0	3	
12733	0	0	0	0	4	
12832	0	0	0	0	2	
13362	0	0	0	0	4	
13539	0	0	0	0	3	
12074	0	0	0	0	2	
12256	0	0	0	0	2	
12775	0	0	0	0	2	
12575	0	0	0	0	3	
13029	0	0	0	0	4	
13341	0	0	0	0	3	
13015	0	0	0	0	0	
12968	0	0	0	0	2	
12763	0	0	0	0	0	
13043	0	0	0	0	2	
13556	0	0	0	0	1	
13489	0	0	0	0	1	
12068	0	0	0	0	1	
12023	0	0	0	0	1	
12486	0	0	0	0	0	
13187	0	0	0	0	0	
13247	0	0	0	0	0	
12846	0	0	0	0	0	
12932	0	0	0	0	0	
12310	0	0	0	0	1	
12702	0	0	0	0	0	
6422	0	0	0	0	1	
13316	0	0	0	0	0	
12718	0	0	0	0	0	
12888	0	0	0	0	0	
12943	0	0	0	0	0	
11599	0	0	0	0	0	
11437	0	0	0	0	0	
12565	0	0	0	0	1	
13058	0	0	0	0	0	
12037	0	0	0	0	0	
13318	0	0	0	0	0	
13343	0	0	0	0	0	
13043	0	0	0	0	0	
12779	0	0	0	0	0	
12448	0	0	0	0	0	
13131	0	0	0	0	0	
13127	0	0	0	0	0	
13299	0	0	0	0	0	
12486	0	0	0	0	0	
13469	0	0	0	0	0	
12556	0	0	0	0	0	
13017	0	0	0	0	0	
13057	0	0	0	0	0	
12840	0	0	0	0	0	
13484	0	0	0	0	0	
13171	0	0	0	0	0	
13081	0	0	0	0	0	
12079	0	0	0	0	0	
12442	0	0	0	0	0	
12675	0	0	0	0	0	
12725	0	0	0	0	0	
11909	0	0	0	0	0	
11734	0	0	0	0	1	
13392	0	0	0	0	0	
11687	0	0	0	0	0	
11805	0	0	0	0	0	
12702	0	0	0	0	0	
12849	0	0	0	0	0	
8930	0	0	0	0	0	
5030	0	0	0	0	0	
12265	0	0	0	0	0	
12410	0	0	0	0	0	
11267	0	0	0	0	0	
12981	0	0	0	0	0	
13275	0	0	0	0	0	
12380	0	0	0	0	0	
12339	0	0	0	0	0	
13137	0	0	0	0	0	
11469	0	0	0	0	0	
11964	0	0	0	0	0	
12915	0	0	0	0	0	
13755	0	0	0	0	0	
13067	0	0	0	0	0	
13640	0	0	0	0	0	
13469	0	0	0	0	0	
12915	0	0	0	0	0	
10727	0	0	0	0	0	
13614	0	0	0	0	0	
12869	0	0	0	0	1	
12930	0	0	0	0	0	
12535	0	0	0	0	0	
13082	0	0	0	0	0	
12934	0	0	0	0	0	
13185	0	0	0	0	0	
13620	0	0	0	0	0	
13469	0	0	0	0	0	
13452	0	0	0	0	0	
13175	0	0	0	0	0	
12205	0	0	0	0	0	
12983	0	0	0	0	0	
10988	0	0	0	0	0	
12718	0	0	0	0	0	
12832	0	0	0	0	0	
13626	0	0	0	0	0	
13605	0	0	0	0	0	
13321	0	0	0	0	0	
14052	0	0	0	0	0	
13675	0	0	0	0	0	
13005	0	0	0	0	0	
12170	0	0	0	0	0	
12731	0	0	0	0	0	
12625	0	0	0	0	0	
12118	0	0	0	0	0	
13157	0	0	0	0	0	
13389	0	0	0	0	0	
13889	0	0	0	0	0	
12822	0	0	0	0	0	
11658	0	0	0	0	0	
12584	0	0	0	0	0	
13073	0	0	0	0	0	
13308	0	0	0	0	0	
13282	0	0	0	0	0	
13270	0	0	0	0	0	
13403	0	0	0	0	0	
12906	0	0	0	0	0	
12689	0	0	0	0	0	
12978	0	0	0	0	0	
13427	0	0	0	0	0	
12938	0	0	0	0	0	
10079	0	0	0	0	0	
12623	0	0	0	0	0	
12777	0	0	0	0	0	
13644	0	0	0	0	0	
12540	0	0	0	0	0	
13005	0	0	0	0	0	
11023	0	0	0	0	0	
12442	0	0	0	0	0	
13093	0	0	0	0	0	
12883	0	0	0	0	0	
13271	0	0	0	0	0	
13518	0	0	0	0	0	
12962	0	0	0	0	0	
13002	0	0	0	0	0	
12899	0	0	0	0	0	
12194	0	0	0	0	0	
11905	0	0	0	0	0	
12539	0	0	0	0	0	
13602	0	0	0	0	0	
13595	0	0	0	0	0	
12524	0	0	0	0	0	
12864	0	0	0	0	0	
12780	0	0	0	0	0	
13047	0	0	0	0	0	
13196	0	0	0	0	0	
13231	0	0	0	0	0	
13263	0	0	0	0	0	
12997	0	0	0	0	0	
13020	0	0	0	0	0	
12453	0	0	0	0	0	
13405	0	0	0	0	0	
13447	0	0	0	0	0	
13018	0	0	0	0	0	
13018	0	0	0	0	0	
13159	0	0	0	0	0	
13134	0	0	0	0	0	
10159	0	0	0	0	0	
12949	0	0	0	0	0	
13139	0	0	0	0	0	
12505	0	0	0	0	0	
10096	0	0	0	0	0	
12241	0	0	0	0	0	
12920	0	0	0	0	0	
11077	0	0	0	0	0	
12120	0	0	0	0	0	
12962	0	0	0	0	0	
12958	0	0	0	0	0	
13036	0	0	0	0	0	
13035	0	0	0	0	0	
12916	0	0	0	0	0	
13477	0	0	0	0	0	
13214	0	0	0	0	0	
13085	0	0	0	0	0	
13257	0	0	0	0	0	
13705	0	0	0	0	0	
13397	0	0	0	0	0	
12465	0	0	0	0	0	
13838	0	0	0	0	0	
13536	0	0	0	0	0	
13293	0	0	0	0	0	
13383	0	0	0	0	0	
12989	0	0	0	0	0	
12859	0	0	0	0	0	
13365	0	0	0	0	0	
12926	0	0	0	0	0	
12622	0	0	0	0	0	
13386	0	0	0	0	0	
13591	0	0	0	0	0	
13705	0	0	0	0	0	
12927	0	0	0	0	0	
13502	0	0	0	0	0	
13474	0	0	0	0	0	
13577	0	0	0	0	0	
13747	0	0	0	0	0	
13021	0	0	0	0	0	
10143	0	0	0	0	0	
12209	0	0	0	0	0	
13542	0	0	0	0	0	
13815	0	0	0	0	0	
13255	0	0	0	0	0	
9535	0	0	0	0	0	
11888	0	0	0	0	0	
11695	0	0	0	0	0	
13132	0	0	0	0	0	
12996	0	0	0	0	0	
12838	0	0	0	0	0	
13397	0	0	0	0	0	
13006	0	0	0	0	0	
13019	0	0	0	0	0	
13133	0	0	0	0	0	
13574	0	0	0	0	0	
13338	0	0	0	0	0	
12600	0	0	0	0	0	
13082	0	0	0	0	0	
13197	0	0	0	0	0	
12961	0	0	0	0	0	
12398	0	0	0	0	0	
13113	0	0	0	0	0	
13273	0	0	0	0	0	
12136	0	0	0	0	0	
13364	0	0	0	0	0	
11996	0	0	0	0	0	
12158	0	0	0	0	0	
11613	0	0	0	0	0	
12334	0	0	0	0	0	
9569	0	0	0	0	0	
13756	0	0	0	0	0	
13585	0	0	0	0	0	
12932	0	0	0	0	0	
12137	0	0	0	0	0	
13327	0	0	0	0	0	
12702	0	0	0	0	0	
12409	0	0	0	0	0	
13128	0	0	0	0	0	
9867	0	0	0	0	0	
12905	0	0	0	0	0	
12452	0	0	0	0	0	
13034	0	0	0	0	0	
13288	0	0	0	0	0	
13743	0	0	0	0	0	
12908	0	0	0	0	0	
13380	0	0	0	0	0	
13797	0	0	0	0	0	
12528	0	0	0	0	0	
12808	0	0	0	0	0	
12614	0	0	0	0	0	
13236	0	0	0	0	0	
12573	0	0	0	0	0	
12567	0	0	0	0	0	
11783	0	0	0	0	0	
13072	0	0	0	0	0	
13213	0	0	0	0	0	
12853	0	0	0	0	0	
13292	0	0	0	0	0	
13504	0	0	0	0	0	
13167	0	0	0	0	0	
12778	0	0	0	0	0	
13603	0	0	0	0	0	
13611	0	0	0	0	0	
13789	0	0	0	0	0	
12918	0	0	0	0	0	
13091	0	0	0	0	0	
9405	0	0	0	0	0	
12247	0	0	0	0	0	
12942	0	0	0	0	0	
13078	0	0	0	0	0	
13601	0	0	0	0	0	
13410	0	0	0	0	0	
9848	0	0	0	0	0	
12902	0	0	0	0	0	
13499	0	0	0	0	0	
13044	0	0	0	0	0	
13074	0	0	0	0	0	
12796	0	0	0	0	1	
13268	0	0	0	0	0	
12904	0	0	0	0	0	
13091	0	0	0	0	0	
13273	0	0	0	0	0	
13038	0	0	0	0	0	
12636	0	0	0	0	0	
12755	0	0	0	0	0	
13126	0	0	0	0	0	
13193	0	0	0	0	0	
12979	0	0	0	0	0	
13509	0	0	0	0	0	
13343	0	0	0	0	0	
13620	0	0	0	0	0	
13713	0	0	0	0	0	
13477	0	0	0	0	0	
12988	0	0	0	0	0	
13769	0	0	0	0	0	
13178	0	0	0	0	0	
13623	0	0	0	0	0	
10667	0	0	0	0	0	
13107	0	0	0	0	0	
13083	0	0	0	0	0	
12711	0	0	0	0	0	
13256	0	0	0	0	0	
13239	0	0	0	0	0	
13020	0	0	0	0	0	
8882	0	0	0	0	0	
12839	0	0	0	0	0	
13178	0	0	0	0	0	
12514	0	0	0	0	0	
13492	0	0	0	0	0	
13092	0	0	0	0	0	
13297	0	0	0	0	0	
12733	0	0	0	0	0	
13042	0	0	0	0	0	
12762	0	0	0	0	0	
13635	0	0	0	0	0	
13007	0	0	0	0	0	
13056	0	0	0	0	0	
13368	0	0	0	0	0	
13293	0	0	0	0	0	
13484	0	0	0	0	0	
13236	0	0	0	0	0	
13315	0	0	0	0	0	
13422	0	0	0	0	0	
12926	0	0	0	0	0	
12960	0	0	0	0	0	
12685	0	0	0	0	0	
12991	0	0	0	0	0	
13224	0	0	0	0	0	
13009	0	0	0	0	0	
9537	0	0	0	0	0	
13195	0	0	0	0	0	
12958	0	0	0	0	0	
13181	0	0	0	0	0	
12879	0	0	0	0	0	
13540	0	0	0	0	0	
13063	0	0	0	0	0	
13339	0	0	0	0	0	
13487	0	0	0	0	0	
13350	0	0	0	0	0	
12621	0	0	0	0	0	
12844	0	0	0	0	0	
12675	0	0	0	0	0	
12852	0	0	0	0	0	
11630	0	0	0	0	0	
12776	0	0	0	0	0	
12731	0	0	0	0	0	
12872	0	0	0	0	0	
12862	0	0	0	0	0	
12739	0	0	0	0	0	
10731	0	0	0	0	0	
13544	0	0	0	0	0	
13516	0	0	0	0	0	
13122	0	0	0	0	0	
12434	0	0	0	0	0	
13088	0	0	0	0	0	
13439	0	0	0	0	0	
12856	0	0	0	0	0	
13230	0	0	0	0	0	
9925	0	0	0	0	0	
12914	0	0	0	0	0	
12818	0	0	0	0	0	
13302	0	0	0	0	0	
13727	0	0	0	0	0	
13662	0	0	0	0	0	
13318	0	0	0	0	0	
13140	0	0	0	0	0	
13318	0	0	0	0	0	
13548	0	0	0	0	0	
13453	0	0	0	0	0	
13113	0	0	0	0	0	
13471	0	0	0	0	0	
13289	0	0	0	0	0	
12902	0	0	0	0	0	
12165	0	0	0	0	0	
13255	0	0	0	0	0	
12763	0	0	0	0	0	
12622	0	0	0	0	0	
12834	0	0	0	0	0	
13397	0	0	0	0	0	
12330	0	0	0	0	0	
13033	0	0	0	0	0	
13162	0	0	0	0	0	
13413	0	0	0	0	0	
13315	0	0	0	0	0	
13599	0	0	0	0	0	
13582	0	0	0	0	0	
13068	0	0	0	0	0	
13225	0	0	0	0	0	
13295	0	0	0	0	0	
13089	0	0	0	0	0	
10593	0	0	0	0	0	
10515	0	0	0	0	0	
13126	0	0	0	0	0	
12680	0	0	0	0	0	
13431	0	0	0	0	0	
13456	0	0	0	0	0	
12972	0	0	0	0	0	
13321	0	0	0	0	0	
13304	0	0	0	0	0	
12675	0	0	0	0	0	
13207	0	0	0	0	0	
13438	0	0	0	0	0	
13168	0	0	0	0	0	
13059	0	0	0	0	0	
12819	0	0	0	0	0	
13243	0	0	0	0	0	
12874	0	0	0	0	0	
12392	0	0	0	0	0	
13547	0	0	0	0	0	
13366	0	0	0	0	0	
13048	0	0	0	0	0	
13116	0	0	0	0	0	
12712	0	0	0	0	0	
12813	0	0	0	0	0	
13620	0	0	0	0	0	
12699	0	0	0	0	0	
13402	0	0	0	0	0	
13193	0	0	0	0	0	
9171	0	0	0	0	0	
11078	0	0	0	0	0	
13031	0	0	0	0	0	
13333	0	0	0	0	0	
12877	0	0	0	0	0	
12503	0	0	0	0	0	
12733	0	0	0	0	0	
12535	0	0	0	0	0	
12828	0	0	0	0	0	
12889	0	0	0	0	0	
12568	0	0	0	0	0	
12409	0	0	0	0	0	
13045	0	0	0	0	0	
12900	0	0	0	0	0	
13117	0	0	0	0	0	
12501	0	0	0	0	0	
13203	0	0	0	0	0	
13371	0	0	0	0	0	
12874	0	0	0	0	0	
13059	0	0	0	0	0	
13190	0	0	0	0	0	
13006	0	0	0	0	0	
13715	0	0	0	0	0	
12881	0	0	0	0	0	
13607	0	0	0	0	0	
12939	0	0	0	0	0	
12816	0	0	0	0	0	
13024	0	0	0	0	0	
12387	0	0	0	0	0	
13230	0	0	0	0	0	
13377	0	0	0	0	0	
13378	0	0	0	0	0	
13291	0	0	0	0	0	
13004	0	0	0	0	0	
12933	0	0	0	0	0	
13361	0	0	0	0	0	
10574	0	0	0	0	0	
13212	0	0	0	0	0	
13290	0	0	0	0	0	
13322	0	0	0	0	0	
13208	0	0	0	0	0	
12725	0	0	0	0	0	
13196	0	0	0	0	0	
13449	0	0	0	0	0	
12564	0	0	0	0	0	
12770	0	0	0	0	0	
12686	0	0	0	0	0	
13051	0	0	0	0	0	
13287	0	0	0	0	0	
9887	0	0	0	0	0	
13651	0	0	0	0	0	
13450	0	0	0	0	0	
13380	0	0	0	0	0	
12807	0	0	0	0	0	
12738	0	0	0	0	0	
13456	0	0	0	0	0	
13752	0	0	0	0	0	
13187	0	0	0	0	0	
13012	0	0	0	0	0	
12562	0	0	0	0	0	
13335	0	0	0	0	0	
12373	0	0	0	0	0	
12863	0	0	0	0	0	
13044	0	0	0	0	0	
13234	0	0	0	0	0	
13011	0	0	0	0	0	
12754	0	0	0	0	0	
12473	0	0	0	0	0	
9863	0	0	0	0	0	
12665	0	0	0	0	0	
13155	0	0	0	0	0	
12914	0	0	0	0	0	
13397	0	0	0	0	0	
13305	0	0	0	0	0	
13050	0	0	0	0	0	
13170	0	0	0	0	0	
13138	0	0	0	0	0	
13236	0	0	0	0	0	
13317	0	0	0	0	0	
13442	0	0	0	0	0	
13110	0	0	0	0	0	
12857	0	0	0	0	0	
12831	0	0	0	0	0	
13369	0	0	0	0	0	
13657	0	0	0	0	0	
13396	0	0	0	0	0	
12983	0	0	0	0	0	
12442	0	0	0	0	0	
12935	0	0	0	0	0	
13202	0	0	0	0	0	
13246	0	0	0	0	0	
12872	0	0	0	0	0	
13527	0	0	0	0	0	
12832	0	0	0	0	0	
8517	0	0	0	0	0	
12667	0	0	0	0	0	
12896	0	0	0	0	0	
12929	0	0	0	0	0	
13494	0	0	0	0	0	
13524	0	0	0	0	0	
13227	0	0	0	0	0	
13065	0	0	0	0	0	
12938	0	0	0	0	0	
9216	0	0	0	0	0	
12549	0	0	0	0	0	
13281	0	0	0	0	0	
12424	0	0	0	0	0	
12757	0	0	0	0	0	
13141	0	0	0	0	0	
13548	0	0	0	0	0	
13360	0	0	0	0	0	
13004	0	0	0	0	0	
13163	0	0	0	0	0	
13275	0	0	0	0	0	
12560	0	0	0	0	0	
12771	0	0	0	0	0	
13423	0	0	0	0	0	
12860	0	0	0	0	0	
13193	0	0	0	0	0	
12869	0	0	0	0	0	
12847	0	0	0	0	0	
11183	0	0	0	0	0	
12456	0	0	0	0	0	
13119	0	0	0	0	0	
13500	0	0	0	0	0	
11935	0	0	0	0	1	
13002	0	0	0	0	0	
13057	0	0	0	0	0	
13388	0	0	0	0	0	
13239	0	0	0	0	0	
9763	0	0	0	0	0	
13475	0	0	0	0	0	
13584	0	0	0	0	0	
13154	0	0	0	0	0	
12875	1	0	0	0	0	
13343	0	0	0	0	0	
13199	0	0	0	0	0	
13254	0	0	0	0	0	
5211	0	0	0	0	0	
6	0	1	0	1	1	
12643	0	2	0	2	0	
12681	0	3	0	3	0	
13156	0	3	0	3	0	
13121	0	2	0	2	0	
13863	0	3	0	3	0	
13789	0	3	0	3	0	
13812	0	3	0	3	0	
13876	0	2	0	2	0	
12770	0	3	0	3	0	
13569	0	4	0	4	0	
12876	0	2	0	2	0	
13247	0	3	0	3	0	
13671	0	3	0	3	0	
12334	0	3	0	3	0	
12513	0	3	0	3	0	
8009	0	3	0	3	0	
7086	0	2	0	2	1	
12288	0	3	0	3	0	
12770	0	3	0	3	0	
12750	0	3	0	3	0	
13420	0	3	0	3	0	
13312	0	4	0	4	0	
13254	0	2	0	2	0	
13453	0	3	0	3	0	
13402	0	4	0	4	0	
13171	0	2	0	2	0	
13398	0	4	0	4	0	
13194	0	2	0	2	0	
13435	0	3	0	3	0	
12938	0	3	0	3	0	
10842	0	3	0	3	0	
11799	0	2	0	2	0	
13333	0	3	0	3	0	
13822	0	3	0	3	0	
13648	0	2	0	2	0	
13260	0	3	0	3	0	
12681	0	3	0	3	0	
13785	0	3	0	3	0	
12784	0	2	0	2	0	
13162	0	3	0	3	0	
12901	0	3	0	3	0	
13391	0	2	0	2	0	
12662	0	3	0	3	0	
13185	0	3	0	3	0	
13522	0	3	0	3	0	
13384	0	3	0	3	0	
13271	0	3	0	3	0	
12951	0	3	0	3	0	
12698	0	3	0	3	0	
12017	0	3	0	3	0	
9165	0	2	0	2	0	
12620	0	3	0	3	0	
13659	0	3	0	3	0	
13117	0	3	0	3	0	
13629	0	3	0	3	0	
13222	0	3	0	3	0	
12999	0	3	0	3	0	
13202	0	3	0	3	0	
13061	0	3	0	3	0	
12920	0	3	0	3	0	
13744	0	3	0	3	0	
13158	0	3	0	3	0	
13211	0	3	0	3	0	
13893	0	3	0	3	0	
13757	0	3	0	3	0	
12758	0	4	0	4	0	
13355	0	2	0	2	0	
13072	0	4	0	4	0	
13158	0	3	0	3	0	
13379	0	3	0	3	0	
12964	0	4	0	4	0	
12574	0	3	0	3	0	
13693	0	3	0	3	0	
13698	0	4	0	4	0	
13437	0	3	0	3	0	
13070	0	3	0	3	0	
13319	0	3	0	3	0	
12716	0	3	0	3	0	
12707	0	3	0	3	0	
13105	0	3	0	3	0	
13643	0	4	0	4	0	
12755	0	3	0	3	0	
13761	0	3	0	3	0	
13040	0	2	0	2	0	
9520	0	4	0	4	0	
13461	0	3	0	3	0	
13624	0	2	0	2	0	
13201	0	4	0	4	0	
13058	0	3	0	3	0	
12159	0	2	0	2	0	
12732	0	3	0	3	0	
13140	0	4	0	4	0	
13325	0	2	0	2	0	
13351	0	4	0	4	0	
13221	0	3	0	3	0	
12894	0	2	0	2	0	
13356	0	4	0	4	0	
10514	0	2	0	2	0	
13438	0	3	0	3	0	
13153	0	3	0	3	0	
13039	0	3	0	3	0	
12874	0	3	0	3	0	
12957	0	3	0	3	0	
13145	0	3	0	3	0	
13724	0	3	0	3	0	
13862	0	3	0	3	0	
13229	0	3	0	3	0	
13603	0	3	0	3	0	
13350	0	3	0	3	0	
12907	0	2	0	2	0	
13222	0	3	0	3	0	
13381	0	3	0	3	0	
13876	0	3	0	3	0	
13565	0	3	0	3	0	
12740	0	3	0	3	0	
13595	0	3	0	3	0	
12861	0	3	0	3	0	
13901	0	3	0	3	0	
13664	0	3	0	3	0	
13394	0	3	0	3	0	
13423	0	2	0	2	0	
10008	0	3	0	3	0	
13217	0	3	0	3	0	
13580	0	3	0	3	0	
13237	0	3	0	3	0	
13254	0	3	0	3	0	
13841	0	2	0	2	0	
13094	0	4	0	4	0	
13912	0	2	0	2	0	
13847	0	3	0	3	0	
12980	0	3	0	3	0	
13335	0	3	0	3	0	
13477	0	4	0	4	0	
13427	0	3	0	3	0	
12598	0	2	0	2	0	
13375	0	3	0	3	0	
13443	0	3	0	3	0	
13358	0	3	0	3	0	
12873	0	3	0	3	0	
12060	0	3	0	3	0	
13159	0	3	0	3	0	
13886	0	3	0	3	0	
13684	0	4	0	4	0	
13099	0	2	0	2	0	
13651	0	3	0	3	0	
13038	0	3	0	3	0	
13184	0	4	0	4	0	
13045	0	3	0	3	0	
13619	0	3	0	3	0	
13602	0	3	0	3	0	
13778	0	3	0	3	0	
13639	0	3	0	3	0	
13872	0	3	0	3	0	
12489	0	3	0	3	0	
13429	0	3	0	3	0	
13641	0	3	0	3	0	
13950	0	3	0	3	0	
13576	0	3	0	3	0	
13303	0	4	0	4	0	
13033	0	3	0	3	0	
13727	0	3	0	3	0	
13774	0	3	0	3	0	
13588	0	3	0	3	0	
13666	0	3	0	3	0	
12866	0	3	0	3	0	
9598	0	2	0	2	0	
12421	0	3	0	3	0	
13002	0	4	0	4	0	
13741	0	2	0	2	0	
13679	0	3	0	3	0	
13453	0	3	0	3	0	
13814	0	3	0	3	0	
12964	0	3	0	3	0	
13818	0	3	0	3	0	
13625	0	3	0	3	0	
13604	0	3	0	3	0	
13226	0	3	0	3	0	
12987	0	3	0	3	0	
12906	0	3	0	3	0	
12682	0	3	0	3	0	
13187	0	3	0	3	0	
12949	0	3	0	3	0	
12937	0	3	0	3	0	
13307	0	3	0	3	0	
13683	0	3	0	3	0	
13116	0	3	0	3	0	
12950	0	3	0	3	0	
13289	0	3	0	3	0	
10199	0	4	0	4	0	
13417	0	3	0	3	0	
13225	0	3	0	3	0	
13065	0	3	0	3	0	
13279	0	3	0	3	0	
13447	0	3	0	3	0	
13703	0	4	0	4	0	
13574	0	3	0	3	0	
13660	0	2	0	2	0	
12282	0	3	0	3	0	
12842	0	3	0	3	0	
13281	0	3	0	3	0	
13261	0	3	0	3	0	
13554	0	3	0	3	0	
13234	0	3	0	3	0	
13431	0	3	0	3	0	
13846	0	3	0	3	0	
13104	0	3	0	3	0	
13675	0	4	0	4	0	
13370	0	3	0	3	0	
12805	0	3	0	3	0	
11660	0	3	0	3	0	
13380	0	3	0	3	0	
12915	0	3	0	3	0	
13567	0	3	0	3	0	
13693	0	2	0	2	0	
13550	0	3	0	3	0	
13268	0	3	0	3	0	
13512	0	3	0	3	0	
13201	0	3	0	3	0	
12798	0	3	0	3	0	
13263	0	3	0	3	0	
13832	0	3	0	3	0	
12827	0	3	0	3	0	
13804	0	3	0	3	0	
13153	0	3	0	3	0	
12472	0	3	0	3	0	
13340	0	3	0	3	0	
13078	0	3	0	3	0	
11778	0	3	0	3	0	
12796	0	3	0	3	0	
13244	0	3	0	3	0	
12886	0	3	0	3	0	
13194	0	3	0	3	0	
13453	0	3	0	3	0	
10469	0	3	0	3	0	
13131	0	2	0	2	0	
13544	0	3	0	3	0	
13287	0	3	0	3	0	
13662	0	3	0	3	0	
12604	0	3	0	3	0	
13414	0	3	0	3	0	
13429	0	3	0	3	0	
13374	0	3	0	3	0	
13204	0	3	0	3	0	
13272	0	3	0	3	0	
13342	0	3	0	3	0	
13617	0	3	0	3	0	
9893	0	3	0	3	0	
13715	0	2	0	2	0	
13467	0	4	0	4	0	
13720	0	2	0	2	0	
13701	0	4	0	4	0	
13023	0	3	0	3	0	
13691	0	4	0	4	0	
13363	0	2	0	2	0	
13803	0	4	0	4	0	
13662	0	3	0	3	0	
13754	0	3	0	3	0	
12708	0	3	0	3	0	
12972	0	3	0	3	0	
13238	0	3	0	3	0	
13396	0	3	0	3	0	
13388	0	3	0	3	0	
13604	0	4	0	4	0	
12841	0	3	0	3	0	
13640	0	3	0	3	0	
13600	0	3	0	3	0	
13169	0	4	0	4	0	
13346	0	3	0	3	0	
13858	0	3	0	3	0	
12745	0	3	0	3	0	
12541	0	3	0	3	0	
12674	0	3	0	3	0	
13785	0	3	0	3	0	
13313	0	3	0	3	0	
13097	0	3	0	3	0	
13443	0	3	0	3	0	
12777	0	2	0	2	0	
12834	0	3	0	3	0	
13062	0	3	0	3	0	
13160	0	3	0	3	0	
13870	0	3	0	3	0	
13492	0	3	0	3	0	
10390	0	2	0	2	0	
12488	0	3	0	3	0	
13337	0	3	0	3	0	
13072	0	3	0	3	0	
9049	0	3	0	3	0	
12234	0	3	0	3	0	
13436	0	3	0	3	0	
13790	0	3	0	3	0	
13074	0	3	0	3	0	
13536	0	3	0	3	0	
13212	0	3	0	3	0	
13458	0	3	0	3	0	
13095	0	3	0	3	0	
13536	0	3	0	3	0	
12967	0	3	0	3	0	
13258	0	3	0	3	0	
13125	0	3	0	3	0	
13783	0	3	0	3	0	
13836	0	3	0	3	0	
13707	0	3	0	3	0	
13713	0	3	0	3	0	
12884	0	2	0	2	0	
13596	0	3	0	3	0	
13079	0	3	0	3	0	
13493	0	3	0	3	0	
13354	0	3	0	3	0	
13502	0	3	0	3	0	
13109	0	3	0	3	0	
8906	0	2	0	2	0	
11226	0	4	0	4	0	
13721	0	3	0	3	0	
13801	0	3	0	3	0	
13480	0	3	0	3	0	
13358	0	3	0	3	0	
13142	0	3	0	3	0	
13759	0	3	0	3	0	
13223	0	3	0	3	0	
13274	0	3	0	3	0	
13319	0	3	0	3	0	
13759	0	3	0	3	0	
12807	0	3	0	3	0	
12920	0	3	0	3	0	
13071	0	3	0	3	0	
9796	0	3	0	3	0	
12581	0	3	0	3	0	
10781	0	3	0	3	0	
11964	0	3	0	3	0	
12503	0	3	0	3	0	
13738	0	3	0	3	0	
12973	0	3	0	3	0	
13524	0	3	0	3	0	
13298	0	3	0	3	0	
10295	0	3	0	3	0	
13266	0	3	0	3	0	
12985	0	3	0	3	0	
12878	0	3	0	3	0	
13085	0	3	0	3	0	
11044	0	3	0	3	0	
13251	0	3	0	3	0	
13498	0	3	0	3	0	
12941	0	3	0	3	0	
13005	0	2	0	2	0	
13664	0	3	0	3	0	
13208	0	4	0	4	0	
13476	0	3	0	3	0	
13472	0	2	0	2	0	
13497	0	4	0	4	0	
13302	0	2	0	2	0	
13722	0	4	0	4	0	
13101	0	2	0	2	0	
13261	0	3	0	3	0	
13421	0	3	0	3	0	
13142	0	3	0	3	0	
13381	0	3	0	3	0	
12900	0	3	0	3	0	
12327	0	3	0	3	0	
13178	0	3	0	3	0	
12548	0	3	0	3	0	
11397	0	3	0	3	0	
12931	0	3	0	3	0	
12434	0	3	0	3	0	
13037	0	3	0	3	0	
13215	0	3	0	3	0	
5072	0	4	0	4	1	
13242	0	4	0	4	0	
12877	0	5	0	5	0	
13406	0	4	0	4	0	
13054	0	6	0	6	0	
12527	0	6	0	6	0	
12828	0	6	0	6	0	
8799	0	7	0	7	0	
13288	0	6	0	6	0	
13126	0	6	0	6	0	
13671	0	5	0	5	0	
10083	0	5	0	5	0	
12964	0	6	0	6	0	
13032	0	6	0	6	0	
13445	0	6	0	6	0	
13529	0	6	0	6	0	
13603	0	6	0	6	0	
13721	0	7	0	7	0	
13062	0	6	0	6	0	
13565	0	6	0	6	0	
13288	0	6	0	6	0	
12920	0	6	0	6	0	
13157	0	6	0	6	0	
13729	0	6	0	6	0	
13203	0	6	0	6	0	
13271	0	6	0	6	0	
13570	0	6	0	6	0	
13888	0	6	0	6	0	
13390	0	6	0	6	0	
13661	0	6	0	6	0	
13132	0	6	0	6	0	
13347	0	6	0	6	0	
12093	0	5	0	5	0	
13348	0	6	0	6	0	
12760	0	6	0	6	0	
13903	0	6	0	6	0	
13725	0	6	0	6	0	
12946	0	5	0	5	0	
13635	0	6	0	6	0	
13697	0	7	0	7	0	
13459	0	6	0	6	0	
13195	0	6	0	6	0	
13568	0	6	0	6	0	
13668	0	6	0	6	0	
10202	0	6	0	6	0	
12198	0	6	0	6	0	
12783	0	6	0	6	0	
13670	0	6	0	6	0	
11139	0	6	0	6	0	
13525	0	7	0	7	0	
13449	0	6	0	6	0	
12563	0	6	0	6	0	
13283	0	6	0	6	0	
13139	0	6	0	6	0	
13595	0	6	0	6	0	
13077	0	5	0	5	0	
12798	0	6	0	6	0	
12373	0	6	0	6	0	
13780	0	6	0	6	0	
13638	0	6	0	6	0	
13431	0	6	0	6	0	
13377	0	6	0	6	0	
13333	0	6	0	6	0	
13305	0	6	0	6	0	
13392	0	6	0	6	0	
13005	0	6	0	6	0	
13131	0	6	0	6	0	
13453	0	7	0	7	0	
13784	0	6	0	6	0	
13099	0	5	0	5	0	
12248	0	6	0	6	0	
13425	0	6	0	6	0	
13169	0	6	0	6	0	
13262	0	6	0	6	0	
13624	0	6	0	6	0	
13786	0	6	0	6	0	
12937	0	6	0	6	0	
13738	0	6	0	6	0	
13423	0	6	0	6	0	
13713	0	5	0	5	0	
13010	0	6	0	6	0	
12100	0	6	0	6	0	
11681	0	7	0	7	0	
12957	0	6	0	6	0	
13549	0	6	0	6	0	
13730	0	6	0	6	0	
13658	0	6	0	6	0	
13458	0	6	0	6	0	
13682	0	6	0	6	0	
12620	0	6	0	6	0	
13384	0	5	0	5	0	
13581	0	6	0	6	0	
13459	0	6	0	6	0	
13227	0	6	0	6	0	
13303	0	6	0	6	0	
13342	0	6	0	6	0	
12584	0	6	0	6	0	
13308	0	6	0	6	0	
13605	0	6	0	6	0	
9443	0	4	0	4	0	
13516	0	6	0	6	0	
13112	0	6	0	6	0	
13652	0	6	0	6	0	
13281	0	6	0	6	0	
13287	0	6	0	6	0	
13557	0	6	0	6	0	
13140	0	6	0	6	0	
13674	0	7	0	7	0	
13436	0	5	0	5	0	
12742	0	6	0	6	0	
13274	0	6	0	6	0	
13145	0	6	0	6	0	
13267	0	6	0	6	0	
13657	0	6	0	6	0	
13528	0	6	0	6	0	
13347	0	5	0	5	0	
12923	0	6	0	6	0	
13231	0	6	0	6	0	
13538	0	6	0	6	0	
13313	0	5	0	5	0	
13450	0	6	0	6	0	
10644	0	6	0	6	0	
12841	0	6	0	6	0	
13760	0	6	0	6	0	
13665	0	6	0	6	0	
13720	0	6	0	6	0	
13617	0	6	0	6	0	
13458	0	6	0	6	0	
12868	0	6	0	6	0	
12813	0	5	0	5	0	
13625	0	6	0	6	0	
13588	0	6	0	6	0	
13500	0	6	0	6	0	
13349	0	6	0	6	0	
13034	0	6	0	6	0	
12828	0	6	0	6	0	
13470	0	6	0	6	0	
13480	0	7	0	7	0	
13580	0	6	0	6	0	
10022	0	6	0	6	0	
13765	0	6	0	6	0	
13529	0	6	0	6	0	
13678	0	6	0	6	0	
13848	0	5	0	5	0	
13591	0	7	0	7	0	
13136	0	5	0	5	0	
13383	0	6	0	6	0	
13596	0	6	0	6	0	
13511	0	6	0	6	0	
13780	0	6	0	6	0	
13481	0	6	0	6	0	
13195	0	6	0	6	0	
13203	0	6	0	6	0	
13742	0	6	0	6	0	
12729	0	6	0	6	0	
13611	0	6	0	6	0	
13256	0	6	0	6	0	
13882	0	6	0	6	0	
13670	0	6	0	6	0	
13560	0	6	0	6	0	
13686	0	6	0	6	0	
12854	0	6	0	6	0	
13474	0	6	0	6	0	
13244	0	6	0	6	0	
12768	0	6	0	6	0	
13169	0	6	0	6	0	
13377	0	6	0	6	0	
13863	0	5	0	5	0	
13842	0	1	0	1	0	
13844	0	3	0	3	0	
13018	0	2	0	2	0	
13568	0	2	0	2	0	
12867	0	2	0	2	0	
9581	0	1	0	1	0	
13476	0	2	0	2	0	
13537	0	2	0	2	0	
12887	0	2	0	2	0	
12719	0	2	0	2	0	
13799	0	3	0	3	0	
13696	0	2	0	2	0	
13212	0	2	0	2	0	
13483	0	3	0	3	0	
13183	0	2	0	2	0	
13142	0	1	0	1	0	
13160	0	2	0	2	0	
12287	0	2	0	2	0	
13055	0	2	0	2	0	
13211	0	2	0	2	0	
12454	0	2	0	2	0	
12503	0	2	0	2	0	
12440	0	3	0	3	0	
13366	0	2	0	2	0	
12689	0	2	0	2	0	
13118	0	2	0	2	0	
12780	0	3	0	3	0	
13382	0	2	0	2	0	
13206	0	2	0	2	0	
13367	0	2	0	2	0	
13780	0	2	0	2	0	
13513	0	2	0	2	0	
8876	0	2	0	2	0	
13047	0	2	0	2	0	
13138	0	2	0	2	0	
12958	0	3	0	3	0	
12880	0	2	0	2	0	
13468	0	2	0	2	0	
13029	0	3	0	3	0	
13470	0	2	0	2	0	
13543	0	2	0	2	0	
13357	0	2	0	2	0	
13567	0	3	0	3	0	
13827	0	2	0	2	0	
12675	0	2	0	2	0	
13396	0	3	0	3	0	
13021	0	2	0	2	0	
13795	0	2	0	2	0	
12597	0	3	0	3	0	
12572	0	2	0	2	0	
10155	0	2	0	2	0	
13521	0	2	0	2	0	
13731	0	2	0	2	0	
13502	0	3	0	3	0	
13249	0	2	0	2	0	
13408	0	2	0	2	0	
13312	0	3	0	3	0	
13538	0	2	0	2	0	
13543	0	2	0	2	0	
13743	0	3	0	3	0	
13203	0	2	0	2	0	
13198	0	3	0	3	0	
13204	0	2	0	2	0	
13540	0	2	0	2	0	
12747	0	3	0	3	0	
13243	0	2	0	2	0	
12573	0	2	0	2	0	
13211	0	3	0	3	0	
12562	0	2	0	2	0	
13672	0	2	0	2	0	
13195	0	2	0	2	0	
13907	0	2	0	2	0	
13560	0	2	0	2	0	
13483	0	2	0	2	0	
11512	0	2	0	2	0	
11716	0	3	0	3	0	
13451	0	2	0	2	0	
13250	0	2	0	2	0	
13220	0	3	0	3	0	
13230	0	2	0	2	0	
12629	0	3	0	3	0	
12770	0	2	0	2	0	
13236	0	3	0	3	0	
13509	0	2	0	2	0	
13426	0	3	0	3	0	
13151	0	2	0	2	0	
10419	0	2	0	2	0	
13581	0	2	0	2	0	
13131	0	3	0	3	0	
13771	0	2	0	2	0	
13194	0	3	0	3	0	
13741	0	2	0	2	0	
13354	0	3	0	3	0	
12970	0	2	0	2	0	
12810	0	3	0	3	0	
13679	0	2	0	2	0	
13343	0	3	0	3	0	
13316	0	2	0	2	0	
13136	0	3	0	3	0	
13441	0	2	0	2	0	
13162	0	3	0	3	0	
12161	0	2	0	2	0	
13661	0	3	0	3	0	
13681	0	2	0	2	0	
13316	0	3	0	3	0	
13687	0	2	0	2	0	
13223	0	3	0	3	0	
13004	0	2	0	2	0	
12949	0	3	0	3	0	
13023	0	3	0	3	0	
12749	0	2	0	2	0	
13056	0	3	0	3	0	
13333	0	2	0	2	0	
13355	0	3	0	3	0	
12754	0	2	0	2	0	
13525	0	3	0	3	0	
13547	0	3	0	3	0	
13840	0	2	0	2	0	
13243	0	3	0	3	0	
13245	0	2	0	2	0	
13006	0	3	0	3	0	
13477	0	2	0	2	0	
13565	0	3	0	3	0	
13040	0	2	0	2	0	
13166	0	3	0	3	0	
8882	0	2	0	2	0	
13605	0	3	0	3	0	
13290	0	2	0	2	0	
13268	0	3	0	3	0	
13108	0	2	0	2	0	
13139	0	3	0	3	0	
13534	0	3	0	3	0	
13191	0	3	0	3	0	
10167	0	1	0	1	0	
13225	0	3	0	3	0	
13577	0	3	0	3	0	
13362	0	2	0	2	0	
12914	0	3	0	3	0	
13217	0	3	0	3	0	
13633	0	3	0	3	0	
12621	0	2	0	2	0	
13432	0	3	0	3	0	
13628	0	3	0	3	0	
13822	0	2	0	2	0	
13203	0	3	0	3	0	
12867	0	3	0	3	0	
12539	0	3	0	3	0	
13639	0	2	0	2	0	
13668	0	3	0	3	0	
13053	0	3	0	3	0	
13181	0	2	0	2	0	
13446	0	3	0	3	0	
13248	0	3	0	3	0	
12312	0	3	0	3	0	
12980	0	2	0	2	0	
13370	0	3	0	3	0	
13187	0	3	0	3	0	
13103	0	2	0	2	0	
13092	0	3	0	3	0	
13420	0	3	0	3	0	
12761	0	3	0	3	0	
13701	0	3	0	3	0	
13612	0	2	0	2	0	
13066	0	3	0	3	0	
13488	0	2	0	2	0	
12918	0	3	0	3	0	
12602	0	2	0	2	0	
13421	0	3	0	3	0	
13610	0	3	0	3	0	
12869	0	2	0	2	0	
13262	0	3	0	3	0	
13556	0	3	0	3	0	
13277	0	3	0	3	0	
12636	0	3	0	3	0	
13186	0	2	0	2	0	
10582	0	3	0	3	0	
12151	0	3	0	3	0	
11753	0	2	0	2	0	
13215	0	3	0	3	0	
13658	0	3	0	3	0	
13182	0	3	0	3	0	
13682	0	2	0	2	0	
13079	0	3	0	3	0	
13244	0	3	0	3	0	
13621	0	3	0	3	0	
13114	0	3	0	3	0	
12798	0	3	0	3	0	
13582	0	3	0	3	0	
13659	0	0	0	0	0	
12703	0	0	0	0	0	
13105	0	0	0	0	0	
13437	0	0	0	0	0	
13253	0	0	0	0	0	
12821	0	0	0	0	0	
12788	0	0	0	0	0	
13649	0	0	0	0	0	
13442	0	0	0	0	0	
13556	0	0	0	0	0	
13049	0	0	0	0	0	
12976	0	0	0	0	0	
12822	0	0	0	0	0	
13086	0	0	0	0	0	
13083	0	0	0	0	0	
13301	0	0	0	0	0	
12515	0	0	0	0	0	
13143	0	0	0	0	0	
12538	0	0	0	0	0	
12587	0	0	0	0	0	
12981	0	0	0	0	0	
13650	0	0	0	0	0	
13262	0	0	0	0	0	
12893	0	0	0	0	0	
13085	0	0	0	0	0	
13144	0	0	0	0	0	
8808	0	0	0	0	0	
13722	0	0	0	0	0	
12689	0	0	0	0	0	
12445	0	0	0	0	0	
13786	0	0	0	0	0	
13203	0	0	0	0	0	
13691	0	0	0	0	0	
13566	0	0	0	0	0	
13328	0	0	0	0	0	
12782	0	0	0	0	0	
13122	0	0	0	0	0	
13516	0	0	0	0	0	
13157	0	0	0	0	0	
13286	0	0	0	0	0	
13171	0	3	0	3	0	
9865	0	2	0	2	0	
13393	0	3	0	3	0	
13679	0	3	0	3	0	
13116	0	2	0	2	0	
13543	0	3	0	3	0	
13445	0	3	0	3	0	
13720	0	3	0	3	0	
12286	0	3	0	3	0	
12780	0	3	0	3	0	
13325	0	2	0	2	0	
13216	0	3	0	3	0	
13565	0	3	0	3	0	
13636	0	3	0	3	0	
12856	0	3	0	3	0	
13080	0	3	0	3	0	
9930	0	3	0	3	0	
13339	0	3	0	3	0	
12671	0	2	0	2	0	
13175	0	3	0	3	0	
12990	0	3	0	3	0	
13086	0	3	0	3	0	
12411	0	4	0	4	0	
13394	0	3	0	3	0	
12845	0	3	0	3	0	
13337	0	3	0	3	0	
12860	0	3	0	3	0	
13426	0	3	0	3	0	
13450	0	4	0	4	0	
12656	0	3	0	3	0	
13164	0	3	0	3	0	
12943	0	3	0	3	0	
13612	0	3	0	3	0	
13038	0	3	0	3	0	
10766	0	3	0	3	0	
13524	0	3	0	3	0	
13713	0	3	0	3	0	
12968	0	3	0	3	0	
12452	0	3	0	3	0	
13341	0	3	0	3	0	
13549	0	2	0	2	0	
13289	0	3	0	3	0	
12916	0	2	0	2	0	
13834	0	3	0	3	0	
13139	0	3	0	3	0	
13234	0	3	0	3	0	
13515	0	3	0	3	0	
13263	0	3	0	3	0	
12479	0	3	0	3	0	
13017	0	2	0	2	0	
13534	0	3	0	3	0	
12618	0	2	0	2	0	
10366	0	3	0	3	0	
12862	0	3	0	3	0	
13181	0	3	0	3	0	
13345	0	3	0	3	0	
13165	0	3	0	3	0	
12570	0	3	0	3	0	
13274	0	3	0	3	0	
13008	0	3	0	3	0	
13493	0	3	0	3	0	
13152	0	3	0	3	0	
13379	0	3	0	3	0	
13306	0	3	0	3	0	
12867	0	3	0	3	0	
13224	0	3	0	3	0	
13535	0	3	0	3	0	
13288	0	3	0	3	0	
13035	0	3	0	3	0	
11862	0	3	0	3	0	
13303	0	3	0	3	0	
13596	0	3	0	3	0	
13061	0	3	0	3	0	
12815	0	3	0	3	0	
13229	0	3	0	3	0	
13568	0	3	0	3	0	
13240	0	3	0	3	0	
12773	0	3	0	3	0	
12655	0	4	0	4	0	
12879	0	3	0	3	0	
13019	0	3	0	3	0	
13140	0	3	0	3	0	
9662	0	2	0	2	0	
13664	0	3	0	3	0	
12505	0	3	0	3	0	
13563	0	3	0	3	0	
12886	0	2	0	2	0	
13419	0	3	0	3	0	
13296	0	3	0	3	0	
13306	0	3	0	3	0	
10367	0	4	0	4	0	
13047	0	2	0	2	0	
13577	0	3	0	3	0	
13378	0	4	0	4	0	
12991	0	3	0	3	0	
13605	0	3	0	3	0	
13669	0	3	0	3	0	
12840	0	3	0	3	0	
13308	0	3	0	3	0	
13017	0	3	0	3	0	
13427	0	3	0	3	0	
12743	0	3	0	3	0	
13122	0	3	0	3	0	
13324	0	3	0	3	0	
12590	0	3	0	3	0	
13268	0	3	0	3	0	
13084	0	3	0	3	0	
13712	0	3	0	3	0	
13255	0	3	0	3	0	
13356	0	3	0	3	0	
12433	0	2	0	2	0	
13343	0	3	0	3	0	
13818	0	3	0	3	0	
13154	0	3	0	3	0	
13497	0	4	0	4	0	
13351	0	2	0	2	0	
13494	0	3	0	3	0	
13104	0	3	0	3	0	
13657	0	3	0	3	0	
13530	0	3	0	3	0	
12156	0	3	0	3	0	
12631	0	3	0	3	0	
12844	0	2	0	2	0	
12706	0	4	0	4	0	
12901	0	3	0	3	0	
13577	0	3	0	3	0	
13525	0	3	0	3	0	
13760	0	2	0	2	0	
10565	0	3	0	3	0	
13572	0	4	0	4	0	
12908	0	3	0	3	0	
13647	0	2	0	2	0	
8748	0	3	0	3	0	
13362	0	3	0	3	0	
13134	0	3	0	3	0	
13113	0	3	0	3	0	
13105	0	3	0	3	0	
12605	0	3	0	3	0	
13574	0	4	0	4	0	
13846	0	3	0	3	0	
13442	0	3	0	3	0	
13196	0	2	0	2	0	
13501	0	3	0	3	0	
13057	0	3	0	3	0	
13434	0	3	0	3	0	
13220	0	3	0	3	0	
12734	0	3	0	3	0	
13393	0	3	0	3	0	
13229	0	3	0	3	0	
13332	0	4	0	4	0	
12256	0	2	0	2	0	
12880	0	4	0	4	0	
13010	0	3	0	3	0	
13399	0	2	0	2	0	
13193	0	4	0	4	0	
13446	0	3	0	3	0	
12181	0	3	0	3	0	
13232	0	3	0	3	0	
13276	0	3	0	3	0	
13350	0	2	0	2	0	
13205	0	3	0	3	0	
12290	0	3	0	3	0	
13594	0	3	0	3	0	
13151	0	3	0	3	0	
13224	0	3	0	3	0	
12768	0	3	0	3	0	
13215	0	3	0	3	0	
13716	0	3	0	3	0	
10905	0	4	0	4	0	
12706	0	3	0	3	0	
13151	0	3	0	3	0	
13575	0	3	0	3	0	
13456	0	3	0	3	0	
13800	0	3	0	3	0	
13620	0	3	0	3	0	
13579	0	3	0	3	0	
12957	0	2	0	2	0	
13168	0	3	0	3	0	
13555	0	4	0	4	0	
13412	0	3	0	3	0	
13711	0	3	0	3	0	
13669	0	3	0	3	0	
13403	0	3	0	3	0	
13342	0	3	0	3	0	
13435	0	3	0	3	0	
9741	0	3	0	3	0	
13276	0	3	0	3	0	
13402	0	3	0	3	0	
13351	0	3	0	3	0	
12679	0	4	0	4	0	
13163	0	2	0	2	0	
13304	0	3	0	3	0	
13109	0	3	0	3	0	
12989	0	3	0	3	0	
13609	0	3	0	3	0	
12852	0	3	0	3	0	
12639	0	3	0	3	0	
13487	0	4	0	4	0	
13622	0	3	0	3	0	
13522	0	3	0	3	0	
13169	0	3	0	3	0	
13360	0	3	0	3	0	
12975	0	3	0	3	0	
13633	0	3	0	3	0	
13364	0	3	0	3	0	
13557	0	3	0	3	0	
13388	0	3	0	3	0	
13017	0	5	0	5	0	
11397	0	5	0	5	0	
12521	0	4	0	4	0	
12835	0	5	0	5	0	
13295	0	5	0	5	0	
12524	0	4	0	4	0	
12529	0	5	0	5	0	
13216	0	5	0	5	0	
12954	0	5	0	5	0	
12523	0	5	0	5	0	
12973	0	5	0	5	0	
13024	0	4	0	4	0	
13757	0	5	0	5	0	
13550	0	5	0	5	0	
13610	0	5	0	5	0	
12865	0	5	0	5	0	
13686	0	4	0	4	0	
13405	0	5	0	5	0	
13462	0	5	0	5	0	
13582	0	5	0	5	0	
10660	0	4	0	4	0	
12657	0	5	0	5	0	
13044	0	4	0	4	0	
13179	0	5	0	5	0	
13625	0	5	0	5	0	
13494	0	5	0	5	0	
13362	0	4	0	4	0	
13518	0	5	0	5	0	
12646	0	5	0	5	0	
12501	0	4	0	4	0	
13207	0	5	0	5	0	
12721	0	4	0	4	0	
12679	0	5	0	5	0	
11950	0	5	0	5	0	
13012	0	4	0	4	0	
13039	0	5	0	5	0	
12991	0	5	0	5	0	
13715	0	4	0	4	0	
9292	0	5	0	5	0	
13428	0	4	0	4	0	
12961	0	5	0	5	0	
13543	0	4	0	4	0	
12496	0	5	0	5	0	
13152	0	5	0	5	0	
13213	0	4	0	4	0	
13402	0	5	0	5	0	
13474	0	4	0	4	0	
12969	0	5	0	5	0	
13309	0	4	0	4	0	
13116	0	4	0	4	0	
13159	0	5	0	5	0	
13592	0	4	0	4	0	
13531	0	5	0	5	0	
13617	0	5	0	5	0	
13235	0	4	0	4	0	
12663	0	5	0	5	0	
13348	0	5	0	5	0	
13508	0	4	0	4	0	
13356	0	5	0	5	0	
13538	0	5	0	5	0	
13660	0	4	0	4	0	
12588	0	5	0	5	0	
12266	0	4	0	4	0	
12979	0	5	0	5	0	
13211	0	4	0	4	0	
13277	0	5	0	5	0	
13423	0	5	0	5	0	
13066	0	5	0	5	0	
11206	0	4	0	4	0	
12255	0	4	0	4	0	
13174	0	5	0	5	0	
13112	0	3	0	3	0	
13529	0	1	0	1	0	
13599	0	2	0	2	0	
11839	0	2	0	2	0	
13068	0	2	0	2	0	
13140	0	1	0	1	0	
13032	0	2	0	2	0	
12904	0	2	0	2	0	
12339	0	2	0	2	0	
13279	0	1	0	1	0	
12503	0	2	0	2	0	
12733	0	2	0	2	0	
12732	0	2	0	2	0	
13291	0	1	0	1	0	
13234	0	2	0	2	0	
9038	0	2	0	2	0	
12705	0	1	0	1	0	
13125	0	2	0	2	0	
13600	0	2	0	2	0	
12973	0	2	0	2	0	
13127	0	1	0	1	0	
13409	0	2	0	2	0	
12819	0	2	0	2	0	
12466	0	2	0	2	0	
12774	0	1	0	1	0	
13522	0	2	0	2	0	
13674	0	2	0	2	0	
13386	0	3	0	3	0	
13540	0	2	0	2	0	
12930	0	2	0	2	0	
12958	0	2	1	2	0	
13140	0	0	0	0	0	
13180	0	0	0	0	0	
12517	0	0	0	0	0	
13105	0	0	0	0	0	
12948	0	0	0	0	0	
13617	0	0	0	0	0	
13066	0	0	0	0	0	
12763	0	0	0	0	0	
13348	0	0	0	0	0	
13143	0	0	0	0	0	
13331	0	0	0	0	0	
13366	0	0	0	0	0	
12729	0	0	0	0	0	
12803	0	0	0	0	0	
13287	0	0	0	0	0	
12880	0	0	0	0	0	
13408	0	0	0	0	0	
12618	0	0	0	0	0	
13139	0	0	0	0	0	
13258	0	0	0	0	0	
13495	0	0	0	0	0	
13193	0	0	0	0	0	
13264	0	0	0	0	0	
13206	0	0	0	0	0	
13604	0	0	0	0	0	
13115	0	0	0	0	0	
12697	0	0	0	0	0	
12653	0	0	0	0	0	
12970	0	0	0	0	0	
13618	0	0	0	0	0	
13211	0	0	0	0	0	
12899	0	0	0	0	0	
12811	0	0	0	0	0	
12742	0	0	0	0	0	
13408	0	0	0	0	0	
13476	0	0	0	0	0	
12716	0	0	0	0	0	
12708	0	0	0	0	0	
12994	0	0	0	0	0	
11997	0	0	0	0	0	
13231	0	0	0	0	0	
13214	0	0	0	0	0	
13379	0	0	0	0	0	
13602	0	0	0	0	0	
13636	0	0	0	0	0	
12935	0	0	0	0	0	
12840	0	0	0	0	0	
12765	0	0	0	0	0	
13675	0	0	0	0	0	
12630	0	0	0	0	0	
12650	0	0	0	0	0	
12829	0	0	0	0	0	
12751	0	0	0	0	0	
13472	0	0	0	0	0	
13304	0	0	0	0	0	
13361	0	0	0	0	0	
13483	0	0	0	0	0	
13558	0	0	0	0	0	
12659	0	0	0	0	0	
13013	0	0	0	0	0	
12862	0	0	0	0	1	
13183	0	0	0	0	0	
13175	0	0	0	0	0	
13421	0	0	0	0	0	
13736	0	0	0	0	0	
12939	0	0	0	0	0	
13206	0	0	0	0	0	
13060	0	0	0	0	0	
12861	0	0	0	0	0	
13428	0	0	0	0	0	
13233	0	0	0	0	0	
12766	0	0	0	0	0	
13285	0	0	0	0	0	
13230	0	0	0	0	0	
13271	0	0	0	0	0	
12316	0	0	0	0	0	
12873	0	0	0	0	0	
12774	0	0	0	0	0	
13235	0	0	0	0	0	
13601	0	0	0	0	0	
13330	0	0	0	0	0	
13149	0	0	0	0	0	
13445	0	0	0	0	0	
13156	0	0	0	0	0	
12846	0	0	0	0	0	
12831	0	0	0	0	0	
13834	0	0	0	0	0	
12599	0	0	0	0	0	
12583	0	0	0	0	0	
13580	0	0	0	0	0	
13073	0	0	0	0	0	
12875	0	0	0	0	0	
13306	0	0	0	0	0	
12929	0	0	0	0	1	
12831	0	0	0	0	0	
13183	0	0	0	0	0	
12919	0	0	0	0	0	
12654	0	0	0	0	0	
13145	0	0	0	0	0	
12907	0	0	0	0	1	
13273	0	0	0	0	0	
12569	0	0	0	0	0	
13516	0	0	0	0	0	
12919	0	0	0	0	0	
13299	0	0	0	0	0	
12844	0	0	0	0	0	
13476	0	0	0	0	0	
12548	0	0	0	0	0	
12266	0	0	0	0	0	
13123	0	0	0	0	0	
13710	0	0	0	0	0	
12531	0	0	0	0	0	
13375	0	0	0	0	0	
13359	0	0	0	0	0	
13124	0	0	0	0	0	
13382	0	0	0	0	0	
13026	0	0	0	0	0	
12096	0	0	0	0	0	
12522	0	0	0	0	0	
10437	0	0	0	0	0	
12822	0	0	0	0	0	
13046	0	0	0	0	0	
13225	0	0	0	0	0	
12557	0	0	0	0	0	
12797	0	0	0	0	0	
12717	0	0	0	0	0	
13166	0	0	0	0	0	
12541	0	0	0	0	0	
13050	0	0	0	0	0	
13412	0	0	0	0	0	
11546	0	0	0	0	0	
9920	0	0	0	0	0	
12671	0	0	0	0	0	
13218	0	0	0	0	0	
12690	0	0	0	0	0	
11756	0	0	0	0	0	
12669	0	0	0	0	0	
12943	0	0	0	0	0	
12690	0	0	0	0	0	
12671	0	0	0	0	0	
12825	0	0	0	0	0	
13286	0	0	0	0	0	
13386	0	0	0	0	0	
12849	0	0	0	0	0	
13096	0	0	0	0	0	
13080	0	0	0	0	0	
13034	0	0	0	0	0	
13311	0	0	0	0	0	
13627	0	0	0	0	0	
13055	0	0	0	0	0	
13132	0	0	0	0	0	
12787	0	0	0	0	0	
13344	0	0	0	0	0	
13765	0	0	0	0	0	
13037	0	0	0	0	0	
13409	0	0	0	0	0	
13525	0	0	0	0	0	
13249	0	0	0	0	0	
12935	0	0	0	0	0	
12524	0	0	0	0	0	
13104	0	0	0	0	0	
12632	0	0	0	0	0	
12873	0	0	0	0	0	
12724	0	0	0	0	0	
13299	0	0	0	0	0	
12946	0	0	0	0	0	
13021	0	0	0	0	0	
12637	0	0	0	0	0	
12107	0	0	0	0	0	
12568	0	0	0	0	0	
13191	0	0	0	0	0	
12693	0	0	0	0	0	
12534	0	0	0	0	0	
13382	0	0	0	0	0	
13261	0	0	0	0	0	
13475	0	0	0	0	0	
13098	0	0	0	0	0	
12256	0	0	0	0	0	
12707	0	0	0	0	0	
12765	0	0	0	0	0	
12349	0	0	0	0	0	
13625	0	0	0	0	0	
13227	0	0	0	0	0	
12701	0	0	0	0	0	
12565	0	0	0	0	0	
12579	0	0	0	0	0	
13144	0	0	0	0	0	
12846	0	0	0	0	0	
13081	0	0	0	0	0	
13382	0	0	0	0	0	
12629	0	0	0	0	0	
12842	0	0	0	0	0	
12498	0	0	0	0	0	
13674	0	0	0	0	0	
13062	0	0	0	0	0	
12775	0	0	0	0	0	
13055	0	0	0	0	0	
13598	0	0	0	0	0	
13129	0	0	0	0	0	
13538	0	0	0	0	0	
13153	0	0	0	0	0	
13203	0	0	0	0	0	
13311	0	0	0	0	0	
13185	0	0	0	0	0	
13024	0	0	0	0	0	
12723	0	0	0	0	0	
12678	0	0	0	0	0	
13471	0	0	0	0	0	
13577	0	0	0	0	0	
12906	0	0	0	0	0	
12538	0	0	0	0	0	
12555	0	0	0	0	0	
13099	0	0	0	0	0	
13004	0	0	0	0	0	
12628	0	0	0	0	0	
13287	0	0	0	0	0	
12616	0	0	0	0	0	
12928	0	0	0	0	0	
13073	0	0	0	0	0	
13055	0	0	0	0	0	
13299	0	0	0	0	0	
13000	0	0	0	0	0	
13064	0	0	0	0	0	
13352	0	0	0	0	0	
12672	0	0	0	0	0	
13206	0	0	0	0	0	
13408	0	0	0	0	0	
12853	0	0	0	0	0	
13312	0	0	0	0	0	
13013	0	0	0	0	0	
13411	0	0	0	0	0	
12712	0	0	0	0	0	
12977	0	0	0	0	0	
12923	0	0	0	0	0	
13481	0	0	0	0	0	
12947	0	0	0	0	0	
13227	0	0	0	0	0	
12672	0	0	0	0	0	
12789	0	0	0	0	0	
13500	0	0	0	0	0	
13330	0	0	0	0	0	
13551	0	0	0	0	0	
13303	0	0	0	0	0	
13279	0	0	0	0	0	
12848	0	0	0	0	0	
13173	0	0	0	0	0	
13019	0	0	0	0	0	
13464	0	0	0	0	0	
13578	0	0	0	0	0	
12779	0	0	0	0	0	
13116	0	0	0	0	0	
12595	0	0	0	0	0	
13296	0	0	0	0	0	
13356	0	0	0	0	0	
12706	0	0	0	0	0	
13400	0	0	0	0	0	
13215	0	0	0	0	0	
13221	0	0	0	0	0	
13321	0	0	0	0	0	
12684	0	0	0	0	0	
12629	0	0	0	0	0	
12938	0	0	0	0	0	
12840	0	0	0	0	0	
12953	0	0	0	0	0	
12132	0	0	0	0	0	
12685	0	0	0	0	0	
13258	0	0	0	0	0	
13075	0	0	0	0	0	
13287	0	0	0	0	0	
13389	0	0	0	0	0	
13124	0	0	0	0	0	
12448	0	0	0	0	0	
12934	0	0	0	0	0	
12766	0	0	0	0	0	
13559	0	0	0	0	0	
13716	0	0	0	0	0	
13105	0	0	0	0	0	
12171	0	0	0	0	0	
13787	0	0	0	0	0	
13486	0	0	0	0	0	
13379	0	0	0	0	0	
13293	0	0	0	0	0	
13211	0	0	0	0	0	
12817	0	0	0	0	0	
12108	0	0	0	0	0	
12645	0	0	0	0	0	
12760	0	0	0	0	0	
12416	0	0	0	0	0	
13465	0	0	0	0	0	
13097	0	0	0	0	0	
12944	0	0	0	0	0	
13290	0	0	0	0	0	
12652	0	0	0	0	0	
13297	0	0	0	0	0	
13533	0	0	0	0	0	
13487	0	0	0	0	0	
13463	0	0	0	0	0	
13010	0	0	0	0	0	
13585	0	0	0	0	0	
13019	0	0	0	0	0	
12716	0	0	0	0	0	
12591	0	0	0	0	0	
13165	0	0	0	0	0	
12946	0	0	0	0	0	
13544	0	0	0	0	0	
13120	0	0	0	0	0	
13442	0	0	0	0	0	
12545	0	0	0	0	0	
12732	0	0	0	0	0	
13623	0	0	0	0	0	
13186	0	0	0	0	0	
13110	0	0	0	0	0	
12976	0	0	0	0	0	
12663	0	0	0	0	0	
13747	0	0	0	0	0	
13516	0	0	0	0	0	
12867	0	0	0	0	0	
12711	0	0	0	0	0	
13506	0	0	0	0	0	
13647	0	0	0	0	0	
13563	0	0	0	0	0	
13457	0	0	0	0	0	
13333	0	0	0	0	0	
12298	0	0	0	0	0	
12358	0	0	0	0	0	
12433	0	0	0	0	0	
12619	0	0	0	0	0	
12508	0	0	0	0	0	
13106	0	0	0	0	0	
13146	0	0	0	0	0	
12288	0	0	0	0	0	
13404	0	0	0	0	0	
12909	0	0	0	0	0	
12796	0	0	0	0	0	
13354	0	0	0	0	0	
13228	0	0	0	0	0	
12466	0	0	0	0	0	
12245	0	0	0	0	0	
13314	0	0	0	0	0	
13369	0	0	0	0	0	
13389	0	0	0	0	0	
13250	0	0	0	0	0	
12971	0	0	0	0	0	
12743	0	0	0	0	0	
13332	0	0	0	0	0	
13148	0	0	0	0	0	
13249	0	0	0	0	0	
13193	0	0	0	0	0	
13200	0	0	0	0	0	
12559	0	0	0	0	0	
12955	0	0	0	0	0	
13343	0	0	0	0	0	
12790	0	0	0	0	0	
12700	0	0	0	0	0	
13422	0	0	0	0	0	
11586	0	0	0	0	0	
11966	0	0	0	0	0	
12845	0	0	0	0	0	
13292	0	0	0	0	0	
13174	0	0	0	0	0	
13454	0	0	0	0	0	
12541	0	0	0	0	0	
13334	0	0	0	0	0	
13086	0	0	0	0	0	
13281	0	0	0	0	0	
13568	0	0	0	0	0	
12660	0	0	0	0	0	
12673	0	0	0	0	0	
13380	0	0	0	0	0	
11900	0	0	0	0	0	
13047	0	0	0	0	0	
12551	0	0	0	0	0	
12630	0	0	0	0	0	
13169	0	0	0	0	0	
12902	0	0	0	0	0	
13091	0	0	0	0	0	
12242	0	0	0	0	0	
12950	0	0	0	0	0	
13432	0	0	0	0	0	
13134	0	0	0	0	0	
12753	0	0	0	0	0	
12917	0	0	0	0	0	
13331	0	0	0	0	0	
12776	0	0	0	0	0	
13413	0	0	0	0	0	
12871	0	0	0	0	0	
13726	0	0	0	0	0	
12938	0	0	0	0	0	
13299	0	0	0	0	0	
12852	0	0	0	0	0	
12640	0	0	0	0	0	
12403	0	0	0	0	0	
12083	0	0	0	0	0	
12605	0	0	0	0	0	
12848	0	0	0	0	0	
13350	0	0	0	0	0	
12105	0	0	0	0	0	
12929	0	0	0	0	0	
12640	0	0	0	0	0	
13123	0	0	0	0	0	
13178	0	0	0	0	0	
12746	0	0	0	0	0	
12726	0	0	0	0	0	
11941	0	0	0	0	0	
12998	0	0	0	0	0	
13483	0	0	0	0	0	
13512	0	0	0	0	0	
13364	0	0	0	0	0	
13212	0	0	0	0	0	
12847	0	0	0	0	0	
13186	0	0	0	0	0	
13252	0	0	0	0	0	
12800	0	0	0	0	0	
13044	0	0	0	0	0	
12572	0	0	0	0	0	
12941	0	0	0	0	0	
12693	0	0	0	0	0	
13071	0	0	0	0	0	
13320	0	0	0	0	0	
12629	0	0	0	0	0	
12984	0	0	0	0	0	
13177	0	0	0	0	0	
12274	0	0	0	0	0	
12405	0	0	0	0	0	
12917	0	0	0	0	0	
12879	0	0	0	0	0	
12986	0	0	0	0	0	
13332	0	0	0	0	0	
12517	0	0	0	0	0	
13807	0	0	0	0	0	
12123	0	0	0	0	0	
13020	0	0	0	0	0	
13023	0	0	0	0	0	
13177	0	0	0	0	0	
13254	0	0	0	0	0	
13351	0	0	0	0	0	
12824	0	0	0	0	0	
13014	0	0	0	0	0	
13558	0	0	0	0	0	
13371	0	0	0	0	0	
13362	0	0	0	0	0	
13222	0	0	0	0	0	
13672	0	0	0	0	0	
11708	0	0	0	0	0	
13028	0	0	0	0	0	
10614	0	0	0	0	2017	
12761	0	0	0	0	2058	
12509	0	0	0	0	1112	
13097	0	0	0	0	601	
11866	0	0	0	0	321	
12440	0	0	0	0	275	
12855	0	0	0	0	233	
13035	0	0	0	0	146	
13162	0	0	0	0	95	
13263	0	0	0	0	67	
13147	0	0	0	0	64	
12821	0	0	0	0	38	
13188	0	0	0	0	29	
13221	0	0	0	0	23	
13314	0	0	0	0	19	
13020	0	0	0	0	9	
13634	0	0	0	0	14	
13558	0	0	0	0	13	
12751	0	0	0	0	6	
13181	0	0	0	0	9	
13149	0	0	0	0	8	
12901	0	0	0	0	7	
12750	0	0	0	0	4	
12648	0	0	0	0	8	
12738	0	0	0	0	6	
13207	0	0	0	0	4	
12971	0	0	0	0	6	
13368	0	0	0	0	2	
13686	0	0	0	0	3	
13227	0	0	0	0	4	
13209	0	0	0	0	5	
13113	0	0	0	0	2	
13477	0	0	0	0	3	
13413	0	0	0	0	2	
13383	0	0	0	0	4	
13476	0	0	0	0	7	
13249	0	0	0	0	1	
13151	0	0	0	0	1	
12858	0	0	0	0	2	
12738	0	0	0	0	1	
12876	0	0	0	0	2	
12949	0	0	0	0	3	
12596	0	0	0	0	1	
12948	0	0	0	0	2	
12884	0	0	0	0	1	
13647	0	0	0	0	1	
13203	0	0	0	0	0	
13240	0	0	0	0	0	
12382	0	0	0	0	2	
13284	0	0	0	0	0	
13441	0	0	0	0	2	
12529	0	0	0	0	0	
13177	0	0	0	0	0	
13477	0	0	0	0	0	
13335	0	0	0	0	0	
13014	0	0	0	0	0	
12855	0	0	0	0	0	
12582	0	0	0	0	0	
5691	0	0	0	0	0	
5603	0	0	0	0	1	
5666	0	0	0	0	2	
5715	0	0	0	0	0	
5611	0	0	0	0	0	
5427	0	0	0	0	0	
5597	0	0	0	0	0	
5530	0	0	0	0	0	
5482	0	0	0	0	0	
5470	0	0	0	0	0	
5385	0	0	0	0	0	
5639	0	0	0	0	0	
5336	0	0	0	0	0	
5146	0	0	0	0	0	
5230	0	0	0	0	0	
4166	0	0	0	0	0	
6404	0	0	0	0	1	
6330	0	0	0	0	0	
6207	0	0	0	0	0	
6502	0	0	0	0	0	
6539	0	0	0	0	1	
6335	0	0	0	0	0	
6287	0	0	0	0	0	
6312	0	0	0	0	0	
6125	0	0	0	0	2	
6012	0	0	0	0	0	
5893	0	0	0	0	0	
5831	0	0	0	0	0	
6021	0	0	0	0	0	
5056	0	0	0	0	0	
12809	0	0	0	0	0	
13706	0	0	0	0	2	
13395	0	0	0	0	0	
12245	0	0	0	0	0	
12495	0	0	0	0	0	
13242	0	0	0	0	1	
12347	0	0	0	0	2	
13312	0	0	0	0	1	
13448	0	0	0	0	0	
13325	0	0	0	0	0	
13183	0	0	0	0	0	
13261	0	0	0	0	2	
12268	0	0	0	0	1	
12789	0	0	0	0	0	
12946	0	0	0	0	1	
13270	0	0	0	0	0	
13030	0	0	0	0	0	
12824	0	0	0	0	0	
12743	0	0	0	0	0	
11057	0	0	0	0	0	
13244	0	0	0	0	1	
13460	0	0	0	0	0	
13002	0	0	0	0	0	
13593	0	0	0	0	0	
13698	0	0	0	0	1	
13355	0	0	0	0	0	
12880	0	0	0	0	0	
13281	0	0	0	0	0	
13389	0	0	0	0	0	
13101	0	0	0	0	1	
13627	0	0	0	0	0	
12976	0	0	0	0	0	
13087	0	0	0	0	0	
13541	0	0	0	0	0	
12971	0	0	0	0	0	
13332	0	0	0	0	0	
12965	0	0	0	0	0	
13406	0	0	0	0	0	
13146	0	0	0	0	0	
12170	0	0	0	0	0	
13531	0	0	0	0	0	
13692	0	0	0	0	0	
12810	0	0	0	0	0	
13366	0	0	0	0	0	
13623	0	0	0	0	0	
11843	0	0	0	0	0	
12825	0	0	0	0	0	
12967	0	0	0	0	0	
12335	0	0	0	0	0	
12892	0	0	0	0	0	
13343	0	0	0	0	0	
13380	0	0	0	0	0	
12714	0	0	0	0	0	
13600	0	0	0	0	0	
12857	0	0	0	0	0	
13166	0	0	0	0	0	
12859	0	0	0	0	0	
13064	0	0	0	0	0	
12977	0	0	0	0	0	
12467	0	0	0	0	0	
13031	0	0	0	0	0	
13088	0	0	0	0	0	
13025	0	0	0	0	0	
13568	0	0	0	0	0	
13717	0	0	0	0	0	
12569	0	0	0	0	0	
11580	0	0	0	0	0	
0	0	0	0	0	0	
0	0	0	0	0	0	
