# xct_end restore_begin restore_segment restore_end page_write page_read
0	0	0	0	0	992	
0	0	0	0	0	3439	
0	0	0	0	0	3621	
0	0	0	0	0	3533	
0	0	0	0	0	3568	
0	0	0	0	0	3480	
0	0	0	0	0	3574	
0	0	0	0	0	3612	
0	0	0	0	0	3647	
0	0	0	0	0	3536	
0	0	0	0	0	3701	
0	0	0	0	0	4577	
0	0	0	0	0	4455	
0	0	0	0	0	2997	
0	0	0	0	0	3519	
0	0	0	0	0	3548	
0	0	0	0	0	3530	
0	0	0	0	0	3709	
0	0	0	0	0	3703	
0	0	0	0	0	3535	
0	0	0	0	0	3523	
0	0	0	0	0	3505	
0	0	0	0	0	3592	
0	0	0	0	0	3587	
0	0	0	0	0	3688	
0	0	0	0	0	3638	
0	0	0	0	0	3437	
0	0	0	0	0	4210	
0	0	0	0	0	4336	
0	0	0	0	0	4589	
0	0	0	0	0	4576	
0	0	0	0	0	4883	
0	0	0	0	0	4837	
0	0	0	0	0	4916	
0	0	0	0	0	4866	
0	0	0	0	0	4886	
0	0	0	0	0	4944	
0	0	0	0	0	4853	
0	0	0	0	0	4259	
0	0	0	0	0	4962	
0	0	0	0	0	4956	
0	0	0	0	0	4923	
0	0	0	0	0	4963	
0	0	0	0	0	4945	
0	0	0	0	0	4995	
0	0	0	0	0	4822	
0	0	0	0	0	4933	
0	0	0	0	0	5011	
0	0	0	0	0	3791	
0	0	0	0	0	4139	
0	0	0	0	0	3937	
0	0	0	0	0	3875	
0	0	0	0	0	4064	
0	0	0	0	0	3977	
0	0	0	0	0	3872	
0	0	0	0	0	3737	
0	0	0	0	0	4067	
0	0	0	0	0	3974	
0	0	0	0	0	3696	
0	0	0	0	0	3686	
0	0	0	0	0	3741	
0	0	0	0	0	4001	
0	0	0	0	0	4025	
0	0	0	0	0	4132	
0	0	0	0	0	3783	
0	0	0	0	0	3759	
0	0	0	0	0	3950	
0	0	0	0	0	4054	
0	0	0	0	0	3988	
0	0	0	0	0	3731	
0	0	0	0	0	3907	
0	0	0	0	0	3829	
0	0	0	0	0	4002	
0	0	0	0	0	3764	
0	0	0	0	0	3815	
0	0	0	0	0	4008	
0	0	0	0	0	3759	
0	0	0	0	0	3821	
0	0	0	0	0	3757	
0	0	0	0	0	4033	
0	0	0	0	0	3941	
0	0	0	0	0	3722	
0	0	0	0	0	3809	
0	0	0	0	0	3714	
0	0	0	0	0	3735	
0	0	0	0	0	3893	
0	0	0	0	0	3825	
0	0	0	0	0	3843	
0	0	0	0	0	3728	
0	0	0	0	0	3788	
0	0	0	0	0	3778	
0	0	0	0	0	4055	
0	0	0	0	0	3921	
0	0	0	0	0	3713	
0	0	0	0	0	3887	
0	0	0	0	0	3721	
0	0	0	0	0	3730	
0	0	0	0	0	3770	
0	0	0	0	0	3908	
0	0	0	0	0	4018	
0	0	0	0	0	4037	
0	0	0	0	0	4142	
0	0	0	0	0	3784	
0	0	0	0	0	4157	
0	0	0	0	0	4053	
0	0	0	0	0	4185	
0	0	0	0	0	3856	
0	0	0	0	0	3728	
0	0	0	0	0	3913	
0	0	0	0	0	3791	
0	0	0	0	0	3953	
0	0	0	0	0	3976	
0	0	0	0	0	3725	
0	0	0	0	0	3927	
0	0	0	0	0	3893	
0	0	0	0	0	3849	
0	0	0	0	0	3724	
0	0	0	0	0	3808	
0	0	0	0	0	4019	
0	0	0	0	0	3958	
0	0	0	0	0	3659	
0	0	0	0	0	3728	
0	0	0	0	0	3752	
0	0	0	0	0	3749	
0	0	0	0	0	3804	
0	0	0	0	0	4109	
0	0	0	0	0	3751	
0	0	0	0	0	3869	
0	0	0	0	0	3787	
0	0	0	0	0	3746	
0	0	0	0	0	3716	
0	0	0	0	0	3737	
0	0	0	0	0	3789	
0	0	0	0	0	4075	
0	0	0	0	0	3989	
0	0	0	0	0	3785	
0	0	0	0	0	3744	
0	0	0	0	0	3753	
0	0	0	0	0	3718	
0	0	0	0	0	3868	
0	0	0	0	0	3697	
0	0	0	0	0	3714	
0	0	0	0	0	3969	
0	0	0	0	0	3704	
0	0	0	0	0	3693	
0	0	0	0	0	4025	
0	0	0	0	0	3722	
0	0	0	0	0	3729	
0	0	0	0	0	3947	
0	0	0	0	0	3798	
0	0	0	0	0	4329	
0	0	0	0	0	3732	
0	0	0	0	0	3979	
0	0	0	0	0	3772	
0	0	0	0	0	3696	
0	0	0	0	0	3760	
0	0	0	0	0	3943	
0	0	0	0	0	4084	
0	0	0	0	0	3734	
0	0	0	0	0	3795	
0	0	0	0	0	3725	
0	0	0	0	0	3797	
0	0	0	0	0	4349	
0	0	0	0	0	3879	
0	0	0	0	0	4208	
0	0	0	0	0	3785	
0	0	0	0	0	3788	
0	0	0	0	0	3826	
0	0	0	0	0	3815	
0	0	0	0	0	3713	
0	0	0	0	0	4518	
0	0	0	0	0	4990	
0	0	0	0	0	4920	
0	0	0	0	0	4991	
0	0	0	0	0	4966	
0	0	0	0	0	4945	
0	0	0	0	0	4541	
0	0	0	0	0	3702	
0	0	0	0	0	3750	
0	0	0	0	0	3832	
0	0	0	0	0	3806	
0	0	0	0	0	4149	
0	0	0	0	0	3767	
0	0	0	0	0	3966	
0	0	0	0	0	3973	
0	0	0	0	0	3802	
0	0	0	0	0	3717	
0	0	0	0	0	3780	
0	0	0	0	0	3902	
0	0	0	0	0	4152	
0	0	0	0	0	3780	
0	0	0	0	0	3696	
0	0	0	0	0	3827	
0	0	0	0	0	3982	
0	0	0	0	0	3781	
0	0	0	0	0	3737	
0	0	0	0	0	3803	
0	0	0	0	0	3704	
0	0	0	0	0	3947	
0	0	0	0	0	3865	
0	0	0	0	0	4025	
0	0	0	0	0	3739	
0	0	0	0	0	3703	
0	0	0	0	0	4122	
0	0	0	0	0	3716	
0	0	0	0	0	3776	
0	0	0	0	0	3714	
0	0	0	0	0	3911	
0	0	0	0	0	3819	
0	0	0	0	0	3730	
0	0	0	0	0	3867	
0	0	0	0	0	3820	
0	0	0	0	0	3724	
0	0	0	0	0	3880	
0	0	0	0	0	3829	
0	0	0	0	0	3688	
0	0	0	0	0	3718	
0	0	0	0	0	3960	
0	0	0	0	0	3770	
0	0	0	0	0	3760	
0	0	0	0	0	3670	
0	0	0	0	0	3867	
0	0	0	0	0	3725	
0	0	0	0	0	3940	
0	0	0	0	0	4134	
0	0	0	0	0	4207	
0	0	0	0	0	3690	
0	0	0	0	0	3950	
0	0	0	0	0	4016	
0	0	0	0	0	4035	
0	0	0	0	0	3747	
0	0	0	0	0	4030	
0	0	0	0	0	3870	
0	0	0	0	0	3707	
0	0	0	0	0	3673	
0	0	0	0	0	4774	
0	0	0	0	0	4873	
0	0	0	0	0	4865	
0	0	0	0	0	3575	
0	0	0	0	0	3593	
0	0	0	0	0	4160	
0	0	0	0	0	5173	
0	0	0	0	0	4918	
0	0	0	0	0	4865	
0	0	0	0	0	4926	
0	0	0	0	0	5003	
0	0	0	0	0	4953	
0	0	0	0	0	4998	
0	0	0	0	0	5013	
0	0	0	0	0	5094	
0	0	0	0	0	5033	
0	0	0	0	0	5012	
0	0	0	0	0	5038	
0	0	0	0	0	5239	
0	0	0	0	0	5151	
0	0	0	0	0	5094	
0	0	0	0	0	4802	
0	0	0	0	0	3560	
0	0	0	0	0	4947	
0	0	0	0	0	5163	
0	0	0	0	0	5200	
0	0	0	0	0	5242	
0	0	0	0	0	5107	
0	0	0	0	0	5125	
0	0	0	0	0	5175	
0	0	0	0	0	5075	
0	0	0	0	0	4925	
0	0	0	0	0	4936	
0	0	0	0	0	4896	
0	0	0	0	0	4936	
0	0	0	0	0	4931	
0	0	0	0	0	4929	
0	0	0	0	0	4876	
0	0	0	0	0	5039	
0	0	0	0	0	5271	
0	0	0	0	0	5135	
0	0	0	0	0	5131	
0	0	0	0	0	5106	
0	0	0	0	0	5073	
0	0	0	0	0	5040	
0	0	0	0	0	5089	
0	0	0	0	0	5174	
0	0	0	0	0	5134	
0	0	0	0	0	5221	
0	0	0	0	0	5266	
0	0	0	0	0	5305	
0	0	0	0	0	5247	
0	0	0	0	0	4994	
0	0	0	0	0	3912	
0	0	0	0	0	3724	
0	0	0	0	0	3961	
0	0	0	0	0	3811	
0	0	0	0	0	3860	
0	0	0	0	0	3995	
0	0	0	0	0	3859	
0	0	0	0	0	3825	
0	0	0	0	0	3831	
0	0	0	0	0	3946	
0	0	0	0	0	4019	
0	0	0	0	0	4037	
0	0	0	0	0	4012	
0	0	0	0	0	3809	
0	0	0	0	0	4049	
0	0	0	0	0	3882	
0	0	0	0	0	4024	
0	0	0	0	0	3757	
0	0	0	0	0	4091	
0	0	0	0	0	3857	
0	0	0	0	0	4220	
0	0	0	0	0	3904	
0	0	0	0	0	3725	
0	0	0	0	0	3899	
0	0	0	0	0	3952	
0	0	0	0	0	3856	
0	0	0	0	0	3860	
0	0	0	0	0	3832	
0	0	0	0	0	3904	
0	0	0	0	0	3918	
0	0	0	0	0	3752	
0	0	0	0	0	3799	
0	0	0	0	0	3773	
0	0	0	0	0	4174	
0	0	0	0	0	5056	
0	0	0	0	0	5032	
0	0	0	0	0	5006	
0	0	0	0	0	5128	
0	0	0	0	0	4950	
0	0	0	0	0	4827	
0	0	0	0	0	3633	
0	0	0	0	0	3693	
0	0	0	0	0	3722	
0	0	0	0	0	3946	
0	0	0	0	0	3707	
0	0	0	0	0	3806	
0	0	0	0	0	3891	
0	0	0	0	0	3720	
0	0	0	0	0	3737	
0	0	0	0	0	3938	
0	0	0	0	0	3863	
0	0	0	0	0	3952	
0	0	0	0	0	3960	
0	0	0	0	0	3735	
0	0	0	0	0	3821	
0	0	0	0	0	3907	
0	0	0	0	0	3824	
0	0	0	0	0	3910	
0	0	0	0	0	3720	
0	0	0	0	0	3950	
0	0	0	0	0	3730	
0	0	0	0	0	4067	
0	0	0	0	0	3826	
0	0	0	0	0	3745	
0	0	0	0	0	3829	
0	0	0	0	0	4027	
0	0	0	0	0	3839	
0	0	0	0	0	4031	
0	0	0	0	0	3781	
0	0	0	0	0	3832	
0	0	0	0	0	3793	
0	0	0	0	0	3921	
0	0	0	0	0	3783	
0	0	0	0	0	4594	
0	0	0	0	0	5541	
0	0	0	0	0	5537	
0	0	0	0	0	5478	
0	0	0	0	0	5125	
0	0	0	0	0	4989	
0	0	0	0	0	4949	
0	0	0	0	0	4970	
0	0	0	0	0	3855	
0	0	0	0	0	4001	
0	0	0	0	0	3709	
0	0	0	0	0	3681	
0	0	0	0	0	3698	
0	0	0	0	0	3717	
0	0	0	0	0	3711	
0	0	0	0	0	3704	
0	0	0	0	0	3691	
0	0	0	0	0	3810	
0	0	0	0	0	3701	
0	0	0	0	0	3709	
0	0	0	0	0	3710	
0	0	0	0	0	3713	
0	0	0	0	0	3718	
0	0	0	0	0	3828	
0	0	0	0	0	4131	
0	0	0	0	0	3869	
0	0	0	0	0	3810	
0	0	0	0	0	4127	
0	0	0	0	0	3906	
0	0	0	0	0	3787	
0	0	0	0	0	3868	
0	0	0	0	0	3834	
0	0	0	0	0	3928	
0	0	0	0	0	3724	
0	0	0	0	0	3711	
0	0	0	0	0	3876	
0	0	0	0	0	3725	
0	0	0	0	0	3822	
0	0	0	0	0	3802	
0	0	0	0	0	3906	
0	0	0	0	0	3868	
0	0	0	0	0	3808	
0	0	0	0	0	3860	
0	0	0	0	0	3765	
0	0	0	0	0	3776	
0	0	0	0	0	3722	
0	0	0	0	0	3698	
0	0	0	0	0	4150	
0	0	0	0	0	3789	
0	0	0	0	0	3641	
0	0	0	0	0	3910	
0	0	0	0	0	3761	
0	0	0	0	0	3930	
0	0	0	0	0	3923	
0	0	0	0	0	3766	
0	0	0	0	0	4076	
0	0	0	0	0	3744	
0	0	0	0	0	3825	
0	0	0	0	0	3800	
0	0	0	0	0	3689	
0	0	0	0	0	3723	
0	0	0	0	0	3799	
0	0	0	0	0	3805	
0	0	0	0	0	3964	
0	0	0	0	0	3687	
0	0	0	0	0	3770	
0	0	0	0	0	4041	
0	0	0	0	0	3859	
0	0	0	0	0	3803	
0	0	0	0	0	3823	
0	0	0	0	0	3721	
0	0	0	0	0	3805	
0	0	0	0	0	3734	
0	0	0	0	0	3972	
0	0	0	0	0	3763	
0	0	0	0	0	3969	
0	0	0	0	0	3984	
0	0	0	0	0	3809	
0	0	0	0	0	3834	
0	0	0	0	0	3974	
0	0	0	0	0	3767	
0	0	0	0	0	3920	
0	0	0	0	0	3874	
0	0	0	0	0	3839	
0	0	0	0	0	3794	
0	0	0	0	0	4072	
0	0	0	0	0	4041	
0	0	0	0	0	3897	
0	0	0	0	0	3977	
0	0	0	0	0	3786	
0	0	0	0	0	3972	
0	0	0	0	0	3831	
0	0	0	0	0	4133	
0	0	0	0	0	3721	
0	0	0	0	0	3870	
0	0	0	0	0	3762	
0	0	0	0	0	3873	
0	0	0	0	0	4096	
0	0	0	0	0	3983	
0	0	0	0	0	3721	
0	0	0	0	0	3937	
0	0	0	0	0	4082	
0	0	0	0	0	3869	
0	0	0	0	0	3836	
0	0	0	0	0	3988	
0	0	0	0	0	3693	
0	0	0	0	0	3781	
0	0	0	0	0	4252	
0	0	0	0	0	3934	
0	0	0	0	0	4002	
0	0	0	0	0	3968	
0	0	0	0	0	3726	
0	0	0	0	0	4090	
0	0	0	0	0	3919	
0	0	0	0	0	3881	
0	0	0	0	0	3897	
0	0	0	0	0	3849	
0	0	0	0	0	3970	
0	0	0	0	0	4133	
0	0	0	0	0	3958	
0	0	0	0	0	4186	
0	0	0	0	0	3855	
0	0	0	0	0	3770	
0	0	0	0	0	3985	
0	0	0	0	0	3934	
0	0	0	0	0	4006	
0	0	0	0	0	3992	
0	0	0	0	0	4118	
0	0	0	0	0	4078	
0	0	0	0	0	4159	
0	0	0	0	0	3813	
0	0	0	0	0	4087	
0	0	0	0	0	3830	
0	0	0	0	0	3814	
0	0	0	0	0	4088	
0	0	0	0	0	3832	
0	0	0	0	0	4034	
0	0	0	0	0	4107	
0	0	0	0	0	3730	
0	0	0	0	0	3845	
0	0	0	0	0	3778	
0	0	0	0	0	3973	
0	0	0	0	0	3990	
0	0	0	0	0	4146	
0	0	0	0	0	3753	
0	0	0	0	0	3788	
0	0	0	0	0	3867	
0	0	0	0	0	3922	
0	0	0	0	0	3905	
0	0	0	0	0	4023	
0	0	0	0	0	3973	
0	0	0	0	0	4259	
0	0	0	0	0	3955	
0	0	0	0	0	4205	
0	0	0	0	0	3740	
0	0	0	0	0	4144	
0	0	0	0	0	3888	
0	0	0	0	0	3728	
0	0	0	0	0	3713	
0	0	0	0	0	3805	
0	0	0	0	0	3983	
0	0	0	0	0	4126	
0	0	0	0	0	3821	
0	0	0	0	0	3688	
0	0	0	0	0	3725	
0	0	0	0	0	3986	
0	0	0	0	0	3818	
0	0	0	0	0	4046	
0	0	0	0	0	3984	
0	0	0	0	0	4006	
0	0	0	0	0	3953	
0	0	0	0	0	3946	
0	0	0	0	0	4116	
0	0	0	0	0	3961	
0	0	0	0	0	3794	
0	0	0	0	0	4105	
0	0	0	0	0	3738	
0	0	0	0	0	3694	
0	0	0	0	0	3796	
0	0	0	0	0	3770	
0	0	0	0	0	4418	
0	0	0	0	0	4078	
0	0	0	0	0	3729	
0	0	0	0	0	4025	
0	0	0	0	0	4155	
0	0	0	0	0	3819	
0	0	0	0	0	4056	
0	0	0	0	0	3837	
0	0	0	0	0	3916	
0	0	0	0	0	4130	
0	0	0	0	0	3844	
0	0	0	0	0	4050	
0	0	0	0	0	3850	
0	0	0	0	0	3766	
0	0	0	0	0	3712	
0	0	0	0	0	3841	
0	0	0	0	0	3740	
0	0	0	0	0	4004	
0	0	0	0	0	4150	
0	0	0	0	0	3860	
0	0	0	0	0	4002	
0	0	0	0	0	3915	
0	0	0	0	0	3939	
0	0	0	0	0	4239	
0	0	0	0	0	3929	
0	0	0	0	0	3683	
0	0	0	0	0	3787	
0	0	0	0	0	3691	
0	0	0	0	0	3849	
0	0	0	0	0	3852	
0	0	0	0	0	3816	
0	0	0	0	0	3812	
0	0	0	0	0	3726	
0	0	0	0	0	4096	
0	0	0	0	0	3949	
0	0	0	0	0	3727	
0	0	0	0	0	3658	
0	0	0	0	0	3853	
0	0	0	0	0	3816	
0	0	0	0	0	3781	
0	0	0	0	0	3788	
0	0	0	0	0	4136	
0	0	0	0	0	3898	
0	0	0	0	0	3816	
0	0	0	0	0	3805	
0	0	0	0	0	3918	
0	0	0	0	0	3756	
0	0	0	0	0	4173	
0	0	0	0	0	4257	
0	0	0	0	0	3972	
0	0	0	0	0	3967	
0	0	0	0	0	4082	
0	0	0	0	0	4034	
0	0	0	0	0	3724	
0	0	0	0	0	3757	
0	0	0	0	0	3952	
0	0	0	0	0	4045	
0	0	0	0	0	3796	
0	0	0	0	0	4022	
0	0	0	0	0	3721	
0	0	0	0	0	4223	
0	0	0	0	0	4366	
0	0	0	0	0	3891	
0	0	0	0	0	3680	
0	0	0	0	0	3826	
0	0	0	0	0	4136	
0	0	0	0	0	3907	
0	0	0	0	0	3963	
0	0	0	0	0	3868	
0	0	0	0	0	3875	
0	0	0	0	0	3928	
0	0	0	0	0	4102	
0	0	0	0	0	4071	
0	0	0	0	0	3850	
0	0	0	0	0	3886	
0	0	0	0	0	3806	
0	0	0	0	0	3785	
0	0	0	0	0	4041	
0	0	0	0	0	4059	
0	0	0	0	0	4083	
0	0	0	0	0	3871	
0	0	0	0	0	3716	
0	0	0	0	0	3757	
0	0	0	0	0	4639	
0	0	0	0	0	4999	
0	0	0	0	0	4934	
0	0	0	0	0	4988	
0	0	0	0	0	4965	
0	0	0	0	0	5002	
0	0	0	0	0	3814	
0	0	0	0	0	3872	
0	0	0	0	0	3853	
0	0	0	0	0	3706	
0	0	0	0	0	3733	
0	0	0	0	0	3689	
0	0	0	0	0	3720	
0	0	0	0	0	4018	
0	0	0	0	0	3780	
0	0	0	0	0	4044	
0	0	0	0	0	3687	
0	0	0	0	0	3765	
0	0	0	0	0	3808	
0	0	0	0	0	4336	
0	0	0	0	0	4919	
0	0	0	0	0	4955	
0	0	0	0	0	4953	
0	0	0	0	0	4982	
0	0	0	0	0	4925	
0	0	0	0	0	4926	
0	0	0	0	0	4879	
0	0	0	0	0	4895	
0	0	0	0	0	4892	
0	0	0	0	0	4895	
0	0	0	0	0	4926	
0	0	0	0	0	4448	
0	0	0	0	0	3584	
0	0	0	0	0	3881	
0	0	0	0	0	3885	
0	0	0	0	0	3867	
0	0	0	0	0	4108	
0	0	0	0	0	3716	
0	0	0	0	0	3712	
0	0	0	0	0	3814	
0	0	0	0	0	3761	
0	0	0	0	0	3776	
0	0	0	0	0	3893	
0	0	0	0	0	3679	
0	0	0	0	0	3791	
0	0	0	0	0	4508	
0	0	0	0	0	5027	
0	0	0	0	0	4988	
0	0	0	0	0	4975	
0	0	0	0	0	4979	
0	0	0	0	0	4945	
0	0	0	0	0	5055	
0	0	0	0	0	4879	
0	0	0	0	0	4916	
0	0	0	0	0	4986	
0	0	0	0	0	4924	
0	0	0	0	0	4972	
0	0	0	0	0	4992	
0	0	0	0	0	5098	
0	0	0	0	0	5098	
0	0	0	0	0	4988	
0	0	0	0	0	4948	
0	0	0	0	0	4982	
0	0	0	0	0	4957	
0	0	0	0	0	4955	
0	0	0	0	0	4926	
0	0	0	0	0	4959	
0	0	0	0	0	4887	
0	0	0	0	0	4863	
0	0	0	0	0	4978	
0	0	0	0	0	4881	
0	0	0	0	0	4910	
0	0	0	0	0	4928	
0	0	0	0	0	4956	
0	0	0	0	0	4969	
0	0	0	0	0	5002	
0	0	0	0	0	4993	
0	0	0	0	0	4921	
0	0	0	0	0	4960	
0	0	0	0	0	4875	
0	0	0	0	0	4864	
0	0	0	0	0	4949	
0	0	0	0	0	4982	
0	0	0	0	0	4906	
0	0	0	0	0	4989	
0	0	0	0	0	4935	
0	0	0	0	0	4957	
0	0	0	0	0	4936	
0	0	0	0	0	4947	
0	0	0	0	0	4985	
0	0	0	0	0	4980	
0	0	0	0	0	4878	
0	0	0	0	0	4991	
0	0	0	0	0	4955	
0	0	0	0	0	4889	
0	0	0	0	0	4960	
0	0	0	0	0	4973	
0	0	0	0	0	4965	
0	0	0	0	0	4982	
0	0	0	0	0	4975	
0	0	0	0	0	4975	
0	0	0	0	0	4957	
0	0	0	0	0	4978	
0	0	0	0	0	4738	
0	0	0	0	0	3572	
0	0	0	0	0	3581	
0	0	0	0	0	3575	
0	0	0	0	0	3754	
0	0	0	0	0	3825	
0	0	0	0	0	3567	
0	0	0	0	0	3579	
0	0	0	0	0	3563	
0	0	0	0	0	3594	
0	0	0	0	0	3574	
0	0	0	0	0	3571	
0	0	0	0	0	3572	
0	0	0	0	0	3570	
0	0	0	0	0	3558	
0	0	0	0	0	3578	
0	0	0	0	0	3574	
0	0	0	0	0	3560	
0	0	0	0	0	3577	
0	0	0	0	0	3557	
0	0	0	0	0	3572	
0	0	0	0	0	3576	
0	0	0	0	0	3567	
0	0	0	0	0	3578	
0	0	0	0	0	3538	
0	0	0	0	0	3579	
0	0	0	0	0	3567	
0	0	0	0	0	3562	
0	0	0	0	0	3573	
0	0	0	0	0	3568	
0	0	0	0	0	3595	
0	0	0	0	0	3579	
0	0	0	0	0	3584	
0	0	0	0	0	3581	
0	0	0	0	0	3626	
0	0	0	0	0	3585	
0	0	0	0	0	3598	
0	0	0	0	0	3576	
0	0	0	0	0	3593	
0	0	0	0	0	3552	
0	0	0	0	0	3587	
0	0	0	0	0	3569	
0	0	0	0	0	3686	
0	0	0	0	0	3567	
0	0	0	0	0	3542	
0	0	0	0	0	3595	
0	0	0	0	0	3839	
0	0	0	0	0	3585	
0	0	0	0	0	3616	
0	0	0	0	0	3779	
0	0	0	0	0	3619	
0	0	0	0	0	3587	
0	0	0	0	0	3583	
0	0	0	0	0	3563	
0	0	0	0	0	3573	
0	0	0	0	0	3758	
0	0	0	0	0	3682	
0	0	0	0	0	3627	
0	0	0	0	0	3573	
0	0	0	0	0	3570	
0	0	0	0	0	3561	
0	0	0	0	0	3574	
0	0	0	0	0	3572	
0	0	0	0	0	3589	
0	0	0	0	0	3585	
0	0	0	0	0	3670	
0	0	0	0	0	3771	
0	0	0	0	0	3640	
0	0	0	0	0	3576	
0	0	0	0	0	3580	
0	0	0	0	0	3573	
0	0	0	0	0	3590	
0	0	0	0	0	3586	
0	0	0	0	0	3572	
0	0	0	0	0	3583	
0	0	0	0	0	3561	
0	0	0	0	0	3585	
0	0	0	0	0	3567	
0	0	0	0	0	3580	
0	0	0	0	0	3583	
0	0	0	0	0	3558	
0	0	0	0	0	3576	
0	0	0	0	0	3576	
0	0	0	0	0	3576	
0	0	0	0	0	3591	
0	0	0	0	0	3537	
0	0	0	0	0	3584	
0	0	0	0	0	3576	
0	0	0	0	0	3571	
0	0	0	0	0	3587	
0	0	0	0	0	3699	
0	0	0	0	0	3581	
0	0	0	0	0	3571	
0	0	0	0	0	3576	
0	0	0	0	0	3607	
0	0	0	0	0	3590	
0	0	0	0	0	3558	
0	0	0	0	0	3575	
0	0	0	0	0	3581	
0	0	0	0	0	3584	
0	0	0	0	0	3580	
0	0	0	0	0	3553	
0	0	0	0	0	3579	
0	0	0	0	0	3581	
0	0	0	0	0	3575	
0	0	0	0	0	3581	
0	0	0	0	0	3549	
0	0	0	0	0	3583	
0	0	0	0	0	3575	
0	0	0	0	0	3641	
0	0	0	0	0	3571	
0	0	0	0	0	3542	
0	0	0	0	0	3579	
0	0	0	0	0	3566	
0	0	0	0	0	3582	
0	0	0	0	0	3573	
0	0	0	0	0	3550	
0	0	0	0	0	3579	
0	0	0	0	0	3577	
0	0	0	0	0	3576	
0	0	0	0	0	3577	
0	0	0	0	0	3549	
0	0	0	0	0	3584	
0	0	0	0	0	3575	
0	0	0	0	0	3589	
0	0	0	0	0	3577	
0	0	0	0	0	3596	
0	0	0	0	0	3323	
0	0	0	0	0	3519	
0	0	0	0	0	3537	
0	0	0	0	0	3563	
0	0	0	0	0	3723	
0	0	0	0	0	3542	
0	0	0	0	0	3569	
0	0	0	0	0	3576	
0	0	0	0	0	3566	
0	0	0	0	0	3656	
0	0	0	0	0	3544	
0	0	0	0	0	3572	
0	0	0	0	0	3576	
0	0	0	0	0	3584	
0	0	0	0	0	3570	
0	0	0	0	0	3539	
0	0	0	0	0	3576	
0	0	0	0	0	3585	
0	0	0	0	0	3575	
0	0	0	0	0	3584	
0	0	0	0	0	3553	
0	0	0	0	0	3644	
0	0	0	0	0	3571	
0	0	0	0	0	3573	
0	0	0	0	0	3578	
0	0	0	0	0	3530	
0	0	0	0	0	3566	
0	0	0	0	0	3588	
0	0	0	0	0	3582	
0	0	0	0	0	3568	
0	0	0	0	0	3616	
0	0	0	0	0	3580	
0	0	0	0	0	3590	
0	0	0	0	0	3608	
0	0	0	0	0	3864	
0	0	0	0	0	3592	
0	0	0	0	0	3575	
0	0	0	0	0	3607	
0	0	0	0	0	3606	
0	0	0	0	0	3595	
0	0	0	0	0	3674	
0	0	0	0	0	3550	
0	0	0	0	0	3636	
0	0	0	0	0	3608	
0	0	0	0	0	3869	
0	0	0	0	0	3648	
0	0	0	0	0	3541	
0	0	0	0	0	3579	
0	0	0	0	0	3565	
0	0	0	0	0	3573	
0	0	0	0	0	3568	
0	0	0	0	0	3553	
0	0	0	0	0	3561	
0	0	0	0	0	3569	
0	0	0	0	0	3573	
0	0	0	0	0	3572	
0	0	0	0	0	3534	
0	0	0	0	0	3580	
0	0	0	0	0	3571	
0	0	0	0	0	3662	
0	0	0	0	0	3565	
0	0	0	0	0	3543	
0	0	0	0	0	3584	
0	0	0	0	0	3592	
0	0	0	0	0	3560	
0	0	0	0	0	3564	
0	0	0	0	0	3529	
0	0	0	0	0	3587	
0	0	0	0	0	3730	
0	0	0	0	0	3661	
0	0	0	0	0	3561	
0	0	0	0	0	3554	
0	0	0	0	0	3581	
0	0	0	0	0	3576	
0	0	0	0	0	3581	
0	0	0	0	0	3631	
0	0	0	0	0	3629	
0	0	0	0	0	3559	
0	0	0	0	0	3575	
0	0	0	0	0	4309	
0	0	0	0	0	5075	
0	0	0	0	0	5114	
0	0	0	0	0	3985	
0	0	0	0	0	3568	
0	0	0	0	0	3576	
0	0	0	0	0	3562	
0	0	0	0	0	3547	
0	0	0	0	0	3776	
0	0	0	0	0	3795	
0	0	0	0	0	3568	
0	0	0	0	0	3570	
0	0	0	0	0	3547	
0	0	0	0	0	3568	
0	0	0	0	0	3584	
0	0	0	0	0	3587	
0	0	0	0	0	3576	
0	0	0	0	0	3551	
0	0	0	0	0	3575	
0	0	0	0	0	3577	
0	0	0	0	0	3567	
0	0	0	0	0	3571	
0	0	0	0	0	3534	
0	0	0	0	0	3579	
0	0	0	0	0	3570	
0	0	0	0	0	3564	
0	0	0	0	0	3575	
0	0	0	0	0	3538	
0	0	0	0	0	3581	
0	0	0	0	0	3569	
0	0	0	0	0	4350	
0	0	0	0	0	5087	
0	0	0	0	0	5150	
0	0	0	0	0	5031	
0	0	0	0	0	5046	
0	0	0	0	0	4976	
0	0	0	0	0	4608	
0	0	0	0	0	5103	
0	0	0	0	0	5148	
0	0	0	0	0	4950	
0	0	0	0	0	5209	
0	0	0	0	0	5093	
0	0	0	0	0	5074	
0	0	0	0	0	4984	
0	0	0	0	0	4991	
0	0	0	0	0	4023	
0	0	0	0	0	4084	
0	0	0	0	0	3869	
0	0	0	0	0	3769	
0	0	0	0	0	3855	
0	0	0	0	0	4023	
0	0	0	0	0	3893	
0	0	0	0	0	3674	
0	0	0	0	0	4070	
0	0	0	0	0	3739	
0	0	0	0	0	4078	
0	0	0	0	0	3943	
0	0	0	0	0	3724	
0	0	0	0	0	3868	
0	0	0	0	0	4139	
0	0	0	0	0	4247	
0	0	0	0	0	3717	
0	0	0	0	0	4153	
0	0	0	0	0	3723	
0	0	0	0	0	3701	
0	0	0	0	0	3965	
0	0	0	0	0	3731	
0	0	0	0	0	3807	
0	0	0	0	0	3802	
0	0	0	0	0	4067	
0	0	0	0	0	4096	
0	0	0	0	0	3699	
0	0	0	0	0	3893	
0	0	0	0	0	3874	
0	0	0	0	0	3686	
0	0	0	0	0	3935	
0	0	0	0	0	3717	
0	0	0	0	0	4130	
0	0	0	0	0	3929	
0	0	0	0	0	3688	
0	0	0	0	0	3656	
0	0	0	0	0	3873	
0	0	0	0	0	3711	
0	0	0	0	0	3665	
0	0	0	0	0	3625	
0	0	0	0	0	3687	
0	0	0	0	0	3994	
0	0	0	0	0	3798	
0	0	0	0	0	3701	
0	0	0	0	0	3793	
0	0	0	0	0	3990	
0	0	0	0	0	3746	
0	0	0	0	0	3741	
0	0	0	0	0	3952	
0	0	0	0	0	3885	
0	0	0	0	0	3807	
0	0	0	0	0	3760	
0	0	0	0	0	3900	
0	0	0	0	0	3895	
0	0	0	0	0	3963	
0	0	0	0	0	3700	
0	0	0	0	0	3993	
0	0	0	0	0	3737	
0	0	0	0	0	3818	
0	0	0	0	0	3740	
0	0	0	0	0	3719	
0	0	0	0	0	3818	
0	0	0	0	0	4021	
0	0	0	0	0	3749	
0	0	0	0	0	3747	
0	0	0	0	0	3796	
0	0	0	0	0	4065	
0	0	0	0	0	3800	
0	0	0	0	0	3854	
0	0	0	0	0	3788	
0	0	0	0	0	3807	
0	0	0	0	0	3775	
0	0	0	0	0	4049	
0	0	0	0	0	3811	
0	0	0	0	0	3691	
0	0	0	0	0	3730	
0	0	0	0	0	3796	
0	0	0	0	0	3928	
0	0	0	0	0	3876	
0	0	0	0	0	3995	
0	0	0	0	0	4024	
0	0	0	0	0	3890	
0	0	0	0	0	3779	
0	0	0	0	0	3909	
0	0	0	0	0	3768	
0	0	0	0	0	4099	
0	0	0	0	0	3881	
0	0	0	0	0	3856	
0	0	0	0	0	3711	
0	0	0	0	0	3734	
0	0	0	0	0	3858	
0	0	0	0	0	3900	
0	0	0	0	0	3917	
0	0	0	0	0	3720	
0	0	0	0	0	4040	
0	0	0	0	0	3795	
0	0	0	0	0	3895	
0	0	0	0	0	3920	
0	0	0	0	0	3853	
0	0	0	0	0	3873	
0	0	0	0	0	4026	
0	0	0	0	0	3843	
0	0	0	0	0	3731	
0	0	0	0	0	3827	
0	0	0	0	0	4176	
0	0	0	0	0	3946	
0	0	0	0	0	3834	
0	0	0	0	0	3805	
0	0	0	0	0	3806	
0	0	0	0	0	3930	
0	0	0	0	0	3914	
0	0	0	0	0	3816	
0	0	0	0	0	3878	
0	0	0	0	0	3708	
0	0	0	0	0	4213	
0	0	0	0	0	3726	
0	0	0	0	0	4160	
0	0	0	0	0	3719	
0	0	0	0	0	4071	
0	0	0	0	0	3825	
0	0	0	0	0	3945	
0	0	0	0	0	3815	
0	0	0	0	0	4035	
0	0	0	0	0	3879	
0	0	0	0	0	4305	
0	0	0	0	0	3983	
0	0	0	0	0	3898	
0	0	0	0	0	3889	
0	0	0	0	0	3947	
0	0	0	0	0	3788	
0	0	0	0	0	3720	
0	0	0	0	0	3706	
0	0	0	0	0	3784	
0	0	0	0	0	3848	
0	0	0	0	0	3834	
0	0	0	0	0	4153	
0	0	0	0	0	3742	
0	0	0	0	0	3868	
0	0	0	0	0	3960	
0	0	0	0	0	3876	
0	0	0	0	0	3673	
0	0	0	0	0	3937	
0	0	0	0	0	3885	
0	0	0	0	0	4108	
0	0	0	0	0	3836	
0	0	0	0	0	3662	
0	0	0	0	0	3818	
0	0	0	0	0	3946	
0	0	0	0	0	3873	
0	0	0	0	0	3811	
0	0	0	0	0	3729	
0	0	0	0	0	3834	
0	0	0	0	0	4247	
0	0	0	0	0	3756	
0	0	0	0	0	3669	
0	0	0	0	0	3796	
0	0	0	0	0	3697	
0	0	0	0	0	3796	
0	0	0	0	0	3770	
0	0	0	0	0	3870	
0	0	0	0	0	3709	
0	0	0	0	0	3851	
0	0	0	0	0	3939	
0	0	0	0	0	3904	
0	0	0	0	0	3692	
0	0	0	0	0	3893	
0	0	0	0	0	3798	
0	0	0	0	0	4016	
0	0	0	0	0	3850	
0	0	0	0	0	3852	
0	0	0	0	0	3775	
0	0	0	0	0	4057	
0	0	0	0	0	3722	
0	0	0	0	0	4064	
0	0	0	0	0	3989	
0	0	0	0	0	3764	
0	0	0	0	0	3833	
0	0	0	0	0	3782	
0	0	0	0	0	3947	
0	0	0	0	0	3714	
0	0	0	0	0	3702	
0	0	0	0	0	3751	
0	0	0	0	0	3746	
0	0	0	0	0	3856	
0	0	0	0	0	4252	
0	0	0	0	0	3838	
0	0	0	0	0	3926	
0	0	0	0	0	3832	
0	0	0	0	0	3699	
0	0	0	0	0	3807	
0	0	0	0	0	3865	
0	0	0	0	0	3707	
0	0	0	0	0	3879	
0	0	0	0	0	3836	
0	0	0	0	0	3708	
0	0	0	0	0	4128	
0	0	0	0	0	3971	
0	0	0	0	0	4177	
0	0	0	0	0	4063	
0	0	0	0	0	3805	
0	0	0	0	0	3727	
0	0	0	0	0	4200	
0	0	0	0	0	3903	
0	0	0	0	0	3834	
0	0	0	0	0	4268	
0	0	0	0	0	4221	
0	0	0	0	0	3722	
0	0	0	0	0	3706	
0	0	0	0	0	3787	
0	0	0	0	0	3793	
0	0	0	0	0	4108	
0	0	0	0	0	3878	
0	0	0	0	0	3699	
0	0	0	0	0	4230	
0	0	0	0	0	4039	
0	0	0	0	0	3831	
0	0	0	0	0	3655	
0	0	0	0	0	3865	
0	0	0	0	0	3782	
0	0	0	0	0	3922	
0	0	0	0	0	3699	
0	0	0	0	0	4168	
0	0	0	0	0	3694	
0	0	0	0	0	3724	
0	0	0	0	0	3859	
0	0	0	0	0	3961	
0	0	0	0	0	3665	
0	0	0	0	0	3792	
0	0	0	0	0	3816	
0	0	0	0	0	3846	
0	0	0	0	0	3984	
0	0	0	0	0	3676	
0	0	0	0	0	3882	
0	0	0	0	0	3940	
0	0	0	0	0	3785	
0	0	0	0	0	3876	
0	0	0	0	0	3694	
0	0	0	0	0	3727	
0	0	0	0	0	4105	
0	0	0	0	0	4145	
0	0	0	0	0	4000	
0	0	0	0	0	3862	
0	0	0	0	0	3689	
0	0	0	0	0	3765	
0	0	0	0	0	3830	
0	0	0	0	0	3794	
0	0	0	0	0	3991	
0	0	0	0	0	3892	
0	0	0	0	0	3687	
0	0	0	0	0	3778	
0	0	0	0	0	3679	
0	0	0	0	0	3692	
0	0	0	0	0	3684	
0	0	0	0	0	3678	
0	0	0	0	0	3712	
0	0	0	0	0	3674	
0	0	0	0	0	3933	
0	0	0	0	0	3691	
0	0	0	0	0	4061	
0	0	0	0	0	3922	
0	0	0	0	0	3718	
0	0	0	0	0	3773	
0	0	0	0	0	3954	
0	0	0	0	0	3779	
0	0	0	0	0	3899	
0	0	0	0	0	3695	
0	0	0	0	0	3973	
0	0	0	0	0	3820	
0	0	0	0	0	3705	
0	0	0	0	0	3662	
0	0	0	0	0	3710	
0	0	0	0	0	3899	
0	0	0	0	0	3931	
0	0	0	0	0	3901	
0	0	0	0	0	4093	
0	0	0	0	0	3685	
0	0	0	0	0	3877	
0	0	0	0	0	3895	
0	0	0	0	0	3810	
0	0	0	0	0	3681	
0	0	0	0	0	3811	
0	0	0	0	0	3968	
0	0	0	0	0	4063	
0	0	0	0	0	3908	
0	0	0	0	0	4103	
0	0	0	0	0	3821	
0	0	0	0	0	3973	
0	0	0	0	0	3704	
0	0	0	0	0	3861	
0	0	0	0	0	3818	
0	0	0	0	0	3892	
0	0	0	0	0	3678	
0	0	0	0	0	3900	
0	0	0	0	0	3853	
0	0	0	0	0	3729	
0	0	0	0	0	3946	
0	0	0	0	0	3960	
0	0	0	0	0	3940	
0	0	0	0	0	3996	
0	0	0	0	0	3873	
0	0	0	0	0	4098	
0	0	0	0	0	4000	
0	0	0	0	0	3785	
0	0	0	0	0	3711	
0	0	0	0	0	4056	
0	0	0	0	0	3685	
0	0	0	0	0	3722	
0	0	0	0	0	3824	
0	0	0	0	0	3715	
0	0	0	0	0	3781	
0	0	0	0	0	3795	
0	0	0	0	0	4113	
0	0	0	0	0	3806	
0	0	0	0	0	3738	
0	0	0	0	0	3722	
0	0	0	0	0	3738	
0	0	0	0	0	3848	
0	0	0	0	0	3709	
0	0	0	0	0	3826	
0	0	0	0	0	4146	
0	0	0	0	0	4028	
0	0	0	0	0	3909	
0	0	0	0	0	3679	
0	0	0	0	0	4059	
0	0	0	0	0	4166	
0	0	0	0	0	3939	
0	0	0	0	0	3914	
0	0	0	0	0	3724	
0	0	0	0	0	3810	
0	0	0	0	0	4017	
0	0	0	0	0	3812	
0	0	0	0	0	3673	
0	0	0	0	0	3978	
0	0	0	0	0	3909	
0	0	0	0	0	3703	
0	0	0	0	0	3915	
0	0	0	0	0	3747	
0	0	0	0	0	3780	
0	0	0	0	0	3944	
0	0	0	0	0	3972	
0	0	0	0	0	3926	
0	0	0	0	0	3677	
0	0	0	0	0	3955	
0	0	0	0	0	3863	
0	0	0	0	0	3946	
0	0	0	0	0	3823	
0	0	0	0	0	3738	
0	0	0	0	0	3859	
0	0	0	0	0	3978	
0	0	0	0	0	4036	
0	0	0	0	0	3783	
0	0	0	0	0	3848	
0	0	0	0	0	3772	
0	0	0	0	0	4148	
0	0	0	0	0	4009	
0	0	0	0	0	3841	
0	0	0	0	0	3872	
0	0	0	0	0	3869	
0	0	0	0	0	4052	
0	0	0	0	0	4169	
0	0	0	0	0	3747	
0	0	0	0	0	3691	
0	0	0	0	0	3725	
0	0	0	0	0	3826	
0	0	0	0	0	3828	
0	0	0	0	0	3704	
0	0	0	0	0	3816	
0	0	0	0	0	4137	
0	0	0	0	0	3900	
0	0	0	0	0	3731	
0	0	0	0	0	3942	
0	0	0	0	0	3754	
0	0	0	0	0	3812	
0	0	0	0	0	3984	
0	0	0	0	0	3763	
0	0	0	0	0	3897	
0	0	0	0	0	4062	
0	0	0	0	0	3998	
0	0	0	0	0	3996	
0	0	0	0	0	3789	
0	0	0	0	0	3720	
0	0	0	0	0	3906	
0	0	0	0	0	4061	
0	0	0	0	0	4200	
0	0	0	0	0	3851	
0	0	0	0	0	3957	
0	0	0	0	0	4094	
0	0	0	0	0	3871	
0	0	0	0	0	4044	
0	0	0	0	0	3840	
0	0	0	0	0	3803	
0	0	0	0	0	3919	
0	0	0	0	0	3889	
0	0	0	0	0	3994	
0	0	0	0	0	3764	
0	0	0	0	0	3743	
0	0	0	0	0	3681	
0	0	0	0	0	3904	
0	0	0	0	0	3656	
0	0	0	0	0	4004	
0	0	0	0	0	3657	
0	0	0	0	0	3920	
0	0	0	0	0	4182	
0	0	0	0	0	3765	
0	0	0	0	0	3851	
0	0	0	0	0	3853	
0	0	0	0	0	3715	
0	0	0	0	0	3752	
0	0	0	0	0	3825	
0	0	0	0	0	3905	
0	0	0	0	0	4081	
0	0	0	0	0	3781	
0	0	0	0	0	4022	
0	0	0	0	0	3753	
0	0	0	0	0	3949	
0	0	0	0	0	4062	
0	0	0	0	0	3924	
0	0	0	0	0	3965	
0	0	0	0	0	3710	
0	0	0	0	0	3777	
0	0	0	0	0	3847	
0	0	0	0	0	3821	
0	0	0	0	0	3697	
0	0	0	0	0	3773	
0	0	0	0	0	3907	
0	0	0	0	0	4086	
0	0	0	0	0	3777	
0	0	0	0	0	3733	
0	0	0	0	0	4038	
0	0	0	0	0	3931	
0	0	0	0	0	4084	
0	0	0	0	0	3578	
0	0	0	0	0	3705	
0	0	0	0	0	3893	
0	0	0	0	0	3774	
0	0	0	0	0	3788	
0	0	0	0	0	3790	
0	0	0	0	0	3665	
0	0	0	0	0	4221	
0	0	0	0	0	3737	
0	0	0	0	0	4105	
0	0	0	0	0	3724	
0	0	0	0	0	4178	
0	0	0	0	0	4065	
0	0	0	0	0	3913	
0	0	0	0	0	3638	
0	0	0	0	0	3700	
0	0	0	0	0	3696	
0	0	0	0	0	4010	
0	0	0	0	0	4143	
0	0	0	0	0	3707	
0	0	0	0	0	3905	
0	0	0	0	0	3697	
0	0	0	0	0	3853	
0	0	0	0	0	4219	
0	0	0	0	0	4081	
0	0	0	0	0	3692	
0	0	0	0	0	3908	
0	0	0	0	0	3959	
0	0	0	0	0	3771	
0	0	0	0	0	3687	
0	0	0	0	0	3739	
0	0	0	0	0	4036	
0	0	0	0	0	3899	
0	0	0	0	0	3927	
0	0	0	0	0	3767	
0	0	0	0	0	4078	
0	0	0	0	0	3803	
0	0	0	0	0	4094	
0	0	0	0	0	4051	
0	0	0	0	0	3992	
0	0	0	0	0	4382	
0	0	0	0	0	3937	
0	0	0	0	0	3927	
0	0	0	0	0	3969	
0	0	0	0	0	3934	
0	0	0	0	0	3842	
0	0	0	0	0	3831	
0	0	0	0	0	3943	
0	0	0	0	0	4135	
0	0	0	0	0	3901	
0	0	0	0	0	3726	
0	0	0	0	0	3914	
0	0	0	0	0	3638	
0	0	0	0	0	3693	
0	0	0	0	0	3693	
0	0	0	0	0	4103	
0	0	0	0	0	4037	
0	0	0	0	0	3846	
0	0	0	0	0	3739	
0	0	0	0	0	3986	
0	0	0	0	0	4220	
0	0	0	0	0	3986	
0	0	0	0	0	3717	
0	0	0	0	0	3819	
0	0	0	0	0	3856	
0	0	0	0	0	3683	
0	0	0	0	0	3727	
0	0	0	0	0	3740	
0	0	0	0	0	3781	
0	0	0	0	0	3835	
0	0	0	0	0	3812	
0	0	0	0	0	3783	
0	0	0	0	0	3671	
0	0	0	0	0	3676	
0	0	0	0	0	3674	
0	0	0	0	0	3989	
0	0	0	0	0	3675	
0	0	0	0	0	3692	
0	0	0	0	0	4146	
0	0	0	0	0	3995	
0	0	0	0	0	3662	
0	0	0	0	0	3710	
0	0	0	0	0	3962	
0	0	0	0	0	3668	
0	0	0	0	0	3684	
0	0	0	0	0	3690	
0	0	0	0	0	3671	
0	0	0	0	0	3871	
0	0	0	0	0	3695	
0	0	0	0	0	3827	
0	0	0	0	0	3981	
0	0	0	0	0	3890	
0	0	0	0	0	3907	
0	0	0	0	0	3703	
0	0	0	0	0	3826	
0	0	0	0	0	3591	
0	0	0	0	0	3728	
0	0	0	0	0	3711	
0	0	0	0	0	3694	
0	0	0	0	0	3637	
0	0	0	0	0	3663	
0	0	0	0	0	3729	
0	0	0	0	0	3987	
0	0	0	0	0	4007	
0	0	0	0	0	3646	
0	0	0	0	0	3926	
0	0	0	0	0	3695	
0	0	0	0	0	3635	
0	0	0	0	0	3693	
0	0	0	0	0	3676	
0	0	0	0	0	3669	
0	0	0	0	0	3690	
0	0	0	0	0	3688	
0	0	0	0	0	3714	
0	0	0	0	0	3908	
0	0	0	0	0	4023	
0	0	0	0	0	3686	
0	0	0	0	0	3671	
0	0	0	0	0	3738	
0	0	0	0	0	3671	
0	0	0	0	0	3648	
0	0	0	0	0	3705	
0	0	0	0	0	3682	
0	0	0	0	0	3666	
0	0	0	0	0	3729	
0	0	0	0	0	3952	
0	0	0	0	0	3705	
0	0	0	0	0	3689	
0	0	0	0	0	3691	
0	0	0	0	0	3922	
0	0	0	0	0	3661	
0	0	0	0	0	3762	
0	0	0	0	0	4043	
0	0	0	0	0	3830	
0	0	0	0	0	3691	
0	0	0	0	0	3654	
0	0	0	0	0	3686	
0	0	0	0	0	3682	
0	0	0	0	0	3778	
0	0	0	0	0	3730	
0	0	0	0	0	4185	
0	0	0	0	0	3673	
0	0	0	0	0	4080	
0	0	0	0	0	3893	
0	0	0	0	0	3672	
0	0	0	0	0	3902	
0	0	0	0	0	4132	
0	0	0	0	0	4102	
0	0	0	0	0	3711	
0	0	0	0	0	3803	
0	0	0	0	0	3954	
0	0	0	0	0	3664	
0	0	0	0	0	3686	
0	0	0	0	0	3697	
0	0	0	0	0	3666	
0	0	0	0	0	3691	
0	0	0	0	0	4047	
0	0	0	0	0	3865	
0	0	0	0	0	3691	
0	0	0	0	0	3597	
0	0	0	0	0	3691	
0	0	0	0	0	3688	
0	0	0	0	0	3679	
0	0	0	0	0	3626	
0	0	0	0	0	3686	
0	0	0	0	0	3692	
0	0	0	0	0	3694	
0	0	0	0	0	3824	
0	0	0	0	0	3737	
0	0	0	0	0	3674	
0	0	0	0	0	3699	
0	0	0	0	0	3617	
0	0	0	0	0	3723	
0	0	0	0	0	3691	
0	0	0	0	0	3682	
0	0	0	0	0	3906	
0	0	0	0	0	3838	
0	0	0	0	0	3705	
0	0	0	0	0	3685	
0	0	0	0	0	4134	
0	0	0	0	0	3812	
0	0	0	0	0	3681	
0	0	0	0	0	3652	
0	0	0	0	0	3622	
0	0	0	0	0	3661	
0	0	0	0	0	3681	
0	0	0	0	0	3680	
0	0	0	0	0	3635	
0	0	0	0	0	3667	
0	0	0	0	0	3651	
0	0	0	0	0	3692	
0	0	0	0	0	3680	
0	0	0	0	0	3673	
0	0	0	0	0	3680	
0	0	0	0	0	3647	
0	0	0	0	0	3675	
0	0	0	0	0	3672	
0	0	0	0	0	3674	
0	0	0	0	0	3695	
0	0	0	0	0	3684	
0	0	0	0	0	3678	
0	0	0	0	0	3688	
0	0	0	0	0	3695	
0	0	0	0	0	3670	
0	0	0	0	0	3678	
0	0	0	0	0	3682	
0	0	0	0	0	3687	
0	0	0	0	0	3745	
0	0	0	0	0	3693	
0	0	0	0	0	3665	
0	0	0	0	0	3732	
0	0	0	0	0	3679	
0	0	0	0	0	3672	
0	0	0	0	0	3681	
0	0	0	0	0	3840	
0	0	0	0	0	3598	
0	0	0	0	0	3678	
0	0	0	0	0	3679	
0	0	0	0	0	3674	
0	0	0	0	0	3683	
0	0	0	0	0	3642	
0	0	0	0	0	3673	
0	0	0	0	0	3684	
0	0	0	0	0	3653	
0	0	0	0	0	3608	
0	0	0	0	0	3683	
0	0	0	0	0	3663	
0	0	0	0	0	3655	
0	0	0	0	0	3685	
0	0	0	0	0	3652	
0	0	0	0	0	3673	
0	0	0	0	0	3584	
0	0	0	0	0	3690	
0	0	0	0	0	3694	
0	0	0	0	0	3677	
0	0	0	0	0	3628	
0	0	0	0	0	3674	
0	0	0	0	0	3716	
0	0	0	0	0	3685	
0	0	0	0	0	3742	
0	0	0	0	0	3703	
0	0	0	0	0	3684	
0	0	0	0	0	4023	
0	0	0	0	0	3614	
0	0	0	0	0	3697	
0	0	0	0	0	3685	
0	0	0	0	0	3674	
0	0	0	0	0	3649	
0	0	0	0	0	3647	
0	0	0	0	0	3730	
0	0	0	0	0	3700	
0	0	0	0	0	3674	
0	0	0	0	0	3662	
0	0	0	0	0	3688	
0	0	0	0	0	3681	
0	0	0	0	0	3615	
0	0	0	0	0	3698	
0	0	0	0	0	3696	
0	0	0	0	0	3660	
0	0	0	0	0	3706	
0	0	0	0	0	3692	
0	0	0	0	0	3688	
0	0	0	0	0	3687	
0	0	0	0	0	3851	
0	0	0	0	0	3723	
0	0	0	0	0	3664	
0	0	0	0	0	3670	
0	0	0	0	0	3622	
0	0	0	0	0	3680	
0	0	0	0	0	3676	
0	0	0	0	0	3677	
0	0	0	0	0	3673	
0	0	0	0	0	3659	
0	0	0	0	0	3670	
0	0	0	0	0	3673	
0	0	0	0	0	3673	
0	0	0	0	0	3646	
0	0	0	0	0	3686	
0	0	0	0	0	3688	
0	0	0	0	0	3669	
0	0	0	0	0	3696	
0	0	0	0	0	3684	
0	0	0	0	0	3699	
0	0	0	0	0	3687	
0	0	0	0	0	3672	
0	0	0	0	0	3697	
0	0	0	0	0	3689	
0	0	0	0	0	3608	
0	0	0	0	0	3677	
0	0	0	0	0	3655	
0	0	0	0	0	3678	
0	0	0	0	0	3624	
0	0	0	0	0	3663	
0	0	0	0	0	3677	
0	0	0	0	0	3668	
0	0	0	0	0	3689	
0	0	0	0	0	3687	
0	0	0	0	0	3791	
0	0	0	0	0	3679	
0	0	0	0	0	3655	
0	0	0	0	0	3653	
0	0	0	0	0	3674	
0	0	0	0	0	3681	
0	0	0	0	0	3637	
0	0	0	0	0	4540	
0	0	0	0	0	4931	
0	0	0	0	0	4874	
0	0	0	0	0	4927	
0	0	0	0	0	4560	
0	0	0	0	0	5083	
0	0	0	0	0	5228	
0	0	0	0	0	5109	
0	0	0	0	0	5172	
0	0	0	0	0	5031	
0	0	0	0	0	5039	
0	0	0	0	0	5181	
0	0	0	0	0	5044	
0	0	0	0	0	5212	
0	0	0	0	0	4791	
0	0	0	0	0	3726	
0	0	0	0	0	3763	
0	0	0	0	0	3651	
0	0	0	0	0	3683	
0	0	0	0	0	3623	
0	0	0	0	0	3674	
0	0	0	0	0	3679	
0	0	0	0	0	3701	
0	0	0	0	0	3657	
0	0	0	0	0	3646	
0	0	0	0	0	3697	
0	0	0	0	0	3686	
0	0	0	0	0	3689	
0	0	0	0	0	3669	
0	0	0	0	0	3681	
0	0	0	0	0	3694	
0	0	0	0	0	3677	
0	0	0	0	0	3688	
0	0	0	0	0	3674	
0	0	0	0	0	3666	
0	0	0	0	0	3674	
0	0	0	0	0	3683	
0	0	0	0	0	3675	
0	0	0	0	0	3801	
0	0	0	0	0	3631	
0	0	0	0	0	3701	
0	0	0	0	0	3688	
0	0	0	0	0	3658	
0	0	0	0	0	3657	
0	0	0	0	0	3651	
0	0	0	0	0	3659	
0	0	0	0	0	3681	
0	0	0	0	0	3657	
0	0	0	0	0	3684	
0	0	0	0	0	3720	
0	0	0	0	0	3661	
0	0	0	0	0	3675	
0	0	0	0	0	3689	
0	0	0	0	0	3707	
0	0	0	0	0	3851	
0	0	0	0	0	3703	
0	0	0	0	0	3872	
0	0	0	0	0	3768	
0	0	0	0	0	3904	
0	0	0	0	0	3761	
0	0	0	0	0	3709	
0	0	0	0	0	3666	
0	0	0	0	0	3682	
0	0	0	0	0	3657	
0	0	0	0	0	3612	
0	0	0	0	0	3701	
0	0	0	0	0	3672	
0	0	0	0	0	3643	
0	0	0	0	0	3674	
0	0	0	0	0	3640	
0	0	0	0	0	3706	
0	0	0	0	0	3667	
0	0	0	0	0	3677	
0	0	0	0	0	3687	
0	0	0	0	0	3639	
0	0	0	0	0	3709	
0	0	0	0	0	3681	
0	0	0	0	0	3672	
0	0	0	0	0	3724	
0	0	0	0	0	3683	
0	0	0	0	0	3689	
0	0	0	0	0	3677	
0	0	0	0	0	3679	
0	0	0	0	0	3627	
0	0	0	0	0	3618	
0	0	0	0	0	3694	
0	0	0	0	0	3674	
0	0	0	0	0	3677	
0	0	0	0	0	3671	
0	0	0	0	0	3660	
0	0	0	0	0	3701	
0	0	0	0	0	3770	
0	0	0	0	0	3867	
0	0	0	0	0	3842	
0	0	0	0	0	3829	
0	0	0	0	0	3698	
0	0	0	0	0	3674	
0	0	0	0	0	3657	
0	0	0	0	0	3887	
0	0	0	0	0	3647	
0	0	0	0	0	3681	
0	0	0	0	0	3691	
0	0	0	0	0	3805	
0	0	0	0	0	3660	
0	0	0	0	0	3567	
0	0	0	0	0	3686	
0	0	0	0	0	3670	
0	0	0	0	0	3671	
0	0	0	0	0	3655	
0	0	0	0	0	3614	
0	0	0	0	0	3705	
0	0	0	0	0	3625	
0	0	0	0	0	3646	
0	0	0	0	0	3653	
0	0	0	0	0	3630	
0	0	0	0	0	3669	
0	0	0	0	0	3710	
0	0	0	0	0	3712	
0	0	0	0	0	3655	
0	0	0	0	0	3612	
0	0	0	0	0	3683	
0	0	0	0	0	3612	
0	0	0	0	0	3640	
0	0	0	0	0	3639	
0	0	0	0	0	3613	
0	0	0	0	0	3733	
0	0	0	0	0	3715	
0	0	0	0	0	3612	
0	0	0	0	0	3618	
0	0	0	0	0	3589	
0	0	0	0	0	3650	
0	0	0	0	0	3655	
0	0	0	0	0	3630	
0	0	0	0	0	3640	
0	0	0	0	0	3608	
0	0	0	0	0	3637	
0	0	0	0	0	3621	
0	0	0	0	0	3651	
0	0	0	0	0	3618	
0	0	0	0	0	3628	
0	0	0	0	0	3666	
0	0	0	0	0	3664	
0	0	0	0	0	3676	
0	0	0	0	0	3627	
0	0	0	0	0	3630	
0	0	0	0	0	3566	
0	0	0	0	0	3653	
0	0	0	0	0	3665	
0	0	0	0	0	3582	
0	0	0	0	0	3561	
0	0	0	0	0	3588	
0	0	0	0	0	3591	
0	0	0	0	0	3536	
0	0	0	0	0	3629	
0	0	0	0	0	3591	
0	0	0	0	0	3620	
0	0	0	0	0	3514	
0	0	0	0	0	3661	
0	0	0	0	0	3626	
0	0	0	0	0	3616	
0	0	0	0	0	3684	
0	0	0	0	0	3652	
0	0	0	0	0	3634	
0	0	0	0	0	3614	
0	0	0	0	0	3620	
0	0	0	0	0	3511	
0	0	0	0	0	3607	
0	0	0	0	0	3584	
0	0	0	0	0	3643	
0	0	0	0	0	3888	
0	0	0	0	0	3561	
0	0	0	0	0	3623	
0	0	0	0	0	3534	
0	0	0	0	0	3622	
0	0	0	0	0	3623	
0	0	0	0	0	3599	
0	0	0	0	0	3652	
0	0	0	0	0	3626	
0	0	0	0	0	3792	
0	0	0	0	0	3626	
0	0	0	0	0	3657	
0	0	0	0	0	3636	
0	0	0	0	0	3682	
0	0	0	0	0	3582	
0	0	0	0	0	3667	
0	0	0	0	0	3605	
0	0	0	0	0	3629	
0	0	0	0	0	3654	
0	0	0	0	0	3705	
0	0	0	0	0	3885	
0	0	0	0	0	3678	
0	0	0	0	0	3585	
0	0	0	0	0	3630	
0	0	0	0	0	3715	
0	0	0	0	0	3622	
0	0	0	0	0	3589	
0	0	0	0	0	3622	
0	0	0	0	0	3608	
0	0	0	0	0	3634	
0	0	0	0	0	3569	
0	0	0	0	0	3603	
0	0	0	0	0	3616	
0	0	0	0	0	3672	
0	0	0	0	0	3573	
0	0	0	0	0	3590	
0	0	0	0	0	3550	
0	0	0	0	0	3570	
0	0	0	0	0	3727	
0	0	0	0	0	3592	
0	0	0	0	0	3595	
0	0	0	0	0	3478	
0	0	0	0	0	3592	
0	0	0	0	0	3574	
0	0	0	0	0	4030	
0	0	0	0	0	3951	
0	0	0	0	0	3520	
0	0	0	0	0	3650	
0	0	0	0	0	3633	
0	0	0	0	0	3589	
0	0	0	0	0	3612	
0	0	0	0	0	3585	
0	0	0	0	0	3632	
0	0	0	0	0	3566	
0	0	0	0	0	3586	
0	0	0	0	0	3649	
0	0	0	0	0	3628	
0	0	0	0	0	3607	
0	0	0	0	0	3706	
0	0	0	0	0	3580	
0	0	0	0	0	3694	
0	0	0	0	0	3636	
893	0	0	0	0	13550	
2705	0	0	0	0	25908	
5484	0	0	0	0	26491	
7075	0	0	0	0	24263	
7732	0	0	0	0	27461	
8758	0	0	0	0	27123	
9772	0	0	0	0	25120	
10435	0	0	0	0	22687	
10430	0	0	0	0	18138	
11168	0	0	0	0	15234	
5820	0	0	0	0	6681	
0	0	0	0	0	0	
0	0	0	0	0	0	
0	0	0	0	0	0	
0	0	0	0	0	0	
4086	0	0	0	0	4221	
12384	0	0	0	0	11270	
11882	0	0	0	0	8612	
12503	0	0	0	0	7361	
13067	0	0	0	0	5797	
12904	0	0	0	0	4669	
12467	0	0	0	0	3728	
13291	0	0	0	0	3232	
12649	0	0	0	0	2368	
13279	0	0	0	0	2012	
13065	0	0	0	0	1582	
12618	0	0	0	0	1300	
13345	0	0	0	0	1123	
13041	0	0	0	0	1000	
13065	0	0	0	0	823	
12284	0	0	0	0	566	
13279	0	0	0	0	548	
12535	0	0	0	0	447	
13159	0	0	0	0	371	
13233	0	0	0	0	305	
13440	0	0	0	0	286	
12706	0	0	0	0	212	
13132	0	0	0	0	210	
13216	0	0	0	0	164	
13672	0	0	0	0	172	
13244	0	0	0	0	142	
13384	0	0	0	0	107	
12605	0	0	0	0	98	
13285	0	0	0	0	73	
12971	0	0	0	0	71	
12879	0	0	0	0	57	
13029	0	0	0	0	40	
12806	0	0	0	0	39	
13026	0	0	0	0	45	
12630	0	0	0	0	36	
13099	0	0	0	0	37	
13386	0	0	0	0	18	
13369	0	0	0	0	14	
13460	0	0	0	0	21	
12832	0	0	0	0	13	
12650	0	0	0	0	13	
13719	0	0	0	0	19	
12332	0	0	0	0	15	
12725	0	0	0	0	15	
12002	0	0	0	0	7	
13376	0	0	0	0	8	
13060	0	0	0	0	8	
12549	0	0	0	0	5	
12997	0	0	0	0	7	
13083	0	0	0	0	6	
12699	0	0	0	0	5	
12056	0	0	0	0	0	
12682	0	0	0	0	4	
13217	0	0	0	0	2	
12222	0	0	0	0	2	
13027	0	0	0	0	0	
13100	0	0	0	0	0	
13053	0	0	0	0	1	
12921	0	0	0	0	0	
13222	0	0	0	0	1	
12537	0	0	0	0	0	
13380	0	0	0	0	0	
13519	0	0	0	0	0	
13463	0	0	0	0	2	
13434	0	0	0	0	1	
13032	0	0	0	0	0	
12540	0	0	0	0	0	
12322	0	0	0	0	0	
13006	0	0	0	0	0	
12726	0	0	0	0	1	
12553	0	0	0	0	0	
13153	0	0	0	0	2	
11977	0	0	0	0	1	
12669	0	0	0	0	1	
12432	0	0	0	0	0	
13204	0	0	0	0	0	
13438	0	0	0	0	0	
13724	0	0	0	0	0	
13379	0	0	0	0	0	
12368	0	0	0	0	0	
12618	0	0	0	0	0	
13422	0	0	0	0	1	
12871	0	0	0	0	0	
13272	0	0	0	0	0	
13038	0	0	0	0	0	
11806	0	0	0	0	0	
12767	0	0	0	0	0	
12968	0	0	0	0	0	
13275	0	0	0	0	0	
13407	0	0	0	0	0	
13001	0	0	0	0	0	
12290	0	0	0	0	0	
12825	0	0	0	0	0	
12590	0	0	0	0	0	
12883	0	0	0	0	0	
13082	0	0	0	0	0	
13376	0	0	0	0	0	
13805	0	0	0	0	0	
12907	0	0	0	0	1	
13283	0	0	0	0	0	
12283	0	0	0	0	0	
13605	0	0	0	0	0	
13280	0	0	0	0	0	
13365	0	0	0	0	0	
13166	0	0	0	0	0	
13226	0	0	0	0	0	
12053	0	0	0	0	0	
12962	0	0	0	0	0	
13027	0	0	0	0	0	
12729	0	0	0	0	0	
12120	0	0	0	0	0	
13316	0	0	0	0	0	
12784	0	0	0	0	0	
11648	0	0	0	0	0	
13071	0	0	0	0	1	
13180	0	0	0	0	0	
12715	0	0	0	0	0	
13326	0	0	0	0	0	
12867	0	0	0	0	0	
12927	0	0	0	0	0	
12407	0	0	0	0	0	
13176	0	0	0	0	0	
12288	0	0	0	0	0	
13261	0	0	0	0	0	
12077	0	0	0	0	0	
13234	0	0	0	0	0	
12673	0	0	0	0	0	
11670	0	0	0	0	0	
12471	0	0	0	0	0	
13313	0	0	0	0	0	
13276	0	0	0	0	0	
12959	0	0	0	0	1	
13172	0	0	0	0	0	
12695	0	0	0	0	0	
13402	0	0	0	0	0	
13220	0	0	0	0	0	
13365	0	0	0	0	0	
12976	0	0	0	0	0	
13275	0	0	0	0	0	
13215	0	0	0	0	0	
12589	0	0	0	0	0	
13417	0	0	0	0	0	
12850	0	0	0	0	0	
13226	0	0	0	0	0	
13179	0	0	0	0	0	
13267	0	0	0	0	0	
12438	0	0	0	0	0	
13021	0	0	0	0	0	
12254	0	0	0	0	0	
13020	0	0	0	0	0	
12830	0	0	0	0	0	
12938	0	0	0	0	0	
13238	0	0	0	0	0	
12765	0	0	0	0	0	
13200	0	0	0	0	0	
12888	0	0	0	0	0	
12281	0	0	0	0	0	
13301	0	0	0	0	0	
13677	0	0	0	0	0	
12910	0	0	0	0	0	
12582	0	0	0	0	0	
12211	0	0	0	0	0	
12466	0	0	0	0	0	
13220	0	0	0	0	0	
12552	0	0	0	0	0	
12627	0	0	0	0	0	
12742	0	0	0	0	0	
12934	0	0	0	0	0	
12497	0	0	0	0	0	
12303	0	0	0	0	0	
13379	0	0	0	0	0	
13446	0	0	0	0	0	
13083	0	0	0	0	0	
12906	0	0	0	0	0	
12855	0	0	0	0	0	
13299	0	0	0	0	0	
12642	0	0	0	0	0	
13003	0	0	0	0	0	
10399	0	0	0	0	0	
12923	0	0	0	0	0	
12711	0	0	0	0	0	
13260	0	0	0	0	0	
13349	0	0	0	0	0	
12945	0	0	0	0	0	
13029	0	0	0	0	0	
13499	0	0	0	0	0	
12840	0	0	0	0	0	
12985	0	0	0	0	0	
13592	0	0	0	0	0	
13564	0	0	0	0	0	
12888	0	0	0	0	0	
12773	0	0	0	0	0	
13240	0	0	0	0	0	
13025	0	0	0	0	0	
13402	0	0	0	0	0	
12573	0	0	0	0	1	
13369	0	0	0	0	0	
10988	0	0	0	0	0	
13418	0	0	0	0	0	
12640	0	0	0	0	0	
13241	0	0	0	0	0	
13012	0	0	0	0	0	
13339	0	0	0	0	0	
13304	0	0	0	0	0	
13488	0	0	0	0	0	
13456	0	0	0	0	0	
13231	0	0	0	0	0	
13091	0	0	0	0	0	
13382	0	0	0	0	0	
13239	0	0	0	0	0	
12933	0	0	0	0	0	
12900	0	0	0	0	0	
12403	0	0	0	0	0	
13251	0	0	0	0	0	
13423	0	0	0	0	0	
13336	0	0	0	0	0	
13781	0	0	0	0	0	
13677	0	0	0	0	0	
13459	0	0	0	0	0	
13029	0	0	0	0	0	
13001	0	0	0	0	0	
13158	0	0	0	0	0	
12996	0	0	0	0	0	
12982	0	0	0	0	0	
13605	0	0	0	0	0	
12357	0	0	0	0	0	
11771	0	0	0	0	0	
10754	0	0	0	0	0	
12890	0	0	0	0	0	
13440	0	0	0	0	0	
13351	0	0	0	0	0	
13370	0	0	0	0	0	
12975	0	0	0	0	0	
13127	0	0	0	0	0	
12436	0	0	0	0	0	
13106	0	0	0	0	0	
13018	0	0	0	0	0	
9546	0	0	0	0	0	
12299	0	0	0	0	0	
12593	0	0	0	0	0	
12803	0	0	0	0	0	
13309	0	0	0	0	0	
13553	0	0	0	0	0	
13296	0	0	0	0	0	
13279	0	0	0	0	0	
12828	0	0	0	0	0	
12425	0	0	0	0	0	
12928	0	0	0	0	0	
13408	0	0	0	0	0	
13438	0	0	0	0	0	
13343	0	0	0	0	0	
13109	0	0	0	0	0	
12779	0	0	0	0	0	
11982	0	0	0	0	0	
12737	0	0	0	0	0	
9676	0	0	0	0	3	
13196	0	0	0	0	0	
13476	0	0	0	0	0	
12846	0	0	0	0	0	
12467	0	0	0	0	0	
13181	0	0	0	0	0	
13038	0	0	0	0	0	
12620	0	0	0	0	0	
13052	0	0	0	0	0	
13250	0	0	0	0	0	
13470	0	0	0	0	0	
12880	0	0	0	0	0	
13314	0	0	0	0	0	
13158	0	0	0	0	0	
13429	0	0	0	0	0	
13131	0	0	0	0	0	
10332	0	0	0	0	0	
12747	0	0	0	0	0	
13544	0	0	0	0	0	
13411	0	0	0	0	0	
13134	0	0	0	0	0	
12567	0	0	0	0	0	
11869	0	0	0	0	0	
11438	0	0	0	0	0	
12760	0	0	0	0	0	
13495	0	0	0	0	0	
13033	0	0	0	0	0	
13192	0	0	0	0	0	
12834	0	0	0	0	0	
12542	0	0	0	0	0	
13331	0	0	0	0	0	
12688	0	0	0	0	0	
13220	0	0	0	0	0	
12879	0	0	0	0	0	
13477	0	0	0	0	0	
12805	0	0	0	0	0	
12437	0	0	0	0	0	
12213	0	0	0	0	0	
12985	0	0	0	0	0	
13521	0	0	0	0	0	
13229	0	0	0	0	0	
12674	0	0	0	0	0	
13290	0	0	0	0	0	
13342	0	0	0	0	0	
12770	0	0	0	0	0	
12855	0	0	0	0	0	
13212	0	0	0	0	0	
13144	0	0	0	0	0	
9419	0	0	0	0	0	
13231	0	0	0	0	0	
13412	0	0	0	0	0	
12865	0	0	0	0	0	
13166	0	0	0	0	0	
13318	0	0	0	0	0	
13092	0	0	0	0	0	
13515	0	0	0	0	0	
10474	0	0	0	0	0	
12322	0	0	0	0	0	
13250	0	0	0	0	0	
13146	0	0	0	0	0	
13074	0	0	0	0	1	
12633	0	0	0	0	0	
13022	0	0	0	0	0	
13440	0	0	0	0	0	
12978	0	0	0	0	0	
13595	0	0	0	0	0	
13511	0	0	0	0	0	
12689	0	0	0	0	0	
13416	0	0	0	0	0	
12659	0	0	0	0	0	
12994	0	0	0	0	0	
12655	0	0	0	0	0	
13273	0	0	0	0	0	
13459	0	0	0	0	0	
13498	0	0	0	0	0	
9564	0	0	0	0	0	
13175	0	0	0	0	0	
12627	0	0	0	0	0	
13377	0	0	0	0	0	
13552	0	0	0	0	0	
13513	0	0	0	0	0	
13446	0	0	0	0	0	
13211	0	0	0	0	0	
12709	0	0	0	0	0	
12756	0	0	0	0	0	
13277	0	0	0	0	0	
13358	0	0	0	0	0	
12778	0	0	0	0	0	
13102	0	0	0	0	0	
12822	0	0	0	0	0	
12764	0	0	0	0	0	
12941	0	0	0	0	0	
13427	0	0	0	0	0	
13003	0	0	0	0	0	
13087	0	0	0	0	0	
9243	0	0	0	0	0	
12834	0	0	0	0	0	
12366	0	0	0	0	0	
12803	0	0	0	0	0	
10700	0	0	0	0	0	
13185	0	0	0	0	0	
13104	0	0	0	0	0	
13315	0	0	0	0	0	
13162	0	0	0	0	0	
13073	0	0	0	0	0	
13241	0	0	0	0	0	
13311	0	0	0	0	0	
13355	0	0	0	0	0	
13204	0	0	0	0	0	
13269	0	0	0	0	0	
12433	0	0	0	0	0	
13119	0	0	0	0	0	
12548	0	0	0	0	0	
13167	0	0	0	0	0	
13134	0	0	0	0	0	
13349	0	0	0	0	0	
12988	0	0	0	0	0	
12211	0	0	0	0	0	
13205	0	0	0	0	0	
13430	0	0	0	0	0	
13023	0	0	0	0	0	
13237	0	0	0	0	0	
13231	0	0	0	0	0	
13241	0	0	0	0	0	
12387	0	0	0	0	0	
13019	0	0	0	0	0	
13331	0	0	0	0	0	
13168	0	0	0	0	0	
13156	0	0	0	0	0	
12949	0	0	0	0	0	
9153	0	0	0	0	0	
13101	0	0	0	0	0	
13005	0	0	0	0	0	
13088	0	0	0	0	0	
12957	0	0	0	0	0	
12803	0	0	0	0	0	
13212	0	0	0	0	0	
12807	0	0	0	0	0	
13332	0	0	0	0	0	
12188	0	0	0	0	0	
9908	0	0	0	0	0	
12743	0	0	0	0	0	
13307	0	0	0	0	0	
13442	0	0	0	0	0	
12901	0	0	0	0	0	
13403	0	0	0	0	0	
13750	0	0	0	0	0	
13228	0	0	0	0	0	
13437	0	0	0	0	0	
13322	0	0	0	0	0	
12714	0	0	0	0	0	
13036	0	0	0	0	0	
12949	0	0	0	0	0	
13094	0	0	0	0	0	
13068	0	0	0	0	0	
12619	0	0	0	0	0	
12945	0	0	0	0	0	
12535	0	0	0	0	0	
13010	0	0	0	0	0	
13019	0	0	0	0	0	
13499	0	0	0	0	0	
13639	0	0	0	0	0	
10545	0	0	0	0	0	
12832	0	0	0	0	4	
12726	0	0	0	0	0	
13125	0	0	0	0	0	
13362	0	0	0	0	0	
13086	0	0	0	0	0	
13387	0	0	0	0	0	
13271	0	0	0	0	0	
13020	0	0	0	0	0	
13474	0	0	0	0	0	
13153	0	0	0	0	0	
13224	0	0	0	0	0	
13189	0	0	0	0	0	
13139	0	0	0	0	0	
13155	0	0	0	0	0	
12864	0	0	0	0	0	
13125	0	0	0	0	0	
13245	0	0	0	0	0	
13040	0	0	0	0	0	
13499	0	0	0	0	0	
13398	0	0	0	0	0	
12774	0	0	0	0	0	
13209	0	0	0	0	0	
13541	0	0	0	0	0	
13270	0	0	0	0	0	
12733	0	0	0	0	0	
12833	0	0	0	0	0	
13267	0	0	0	0	0	
11422	0	0	0	0	0	
10271	0	0	0	0	0	
13207	0	0	0	0	0	
12940	0	0	0	0	0	
13079	0	0	0	0	0	
13216	0	0	0	0	0	
13108	0	0	0	0	0	
13216	0	0	0	0	0	
13479	0	0	0	0	0	
13490	0	0	0	0	0	
13047	0	0	0	0	0	
12959	0	0	0	0	0	
13628	0	0	0	0	0	
12720	0	0	0	0	0	
13227	0	0	0	0	0	
13059	0	0	0	0	0	
13008	0	0	0	0	0	
12401	0	0	0	0	0	
12828	0	0	0	0	0	
13269	0	0	0	0	0	
12722	0	0	0	0	0	
13177	0	0	0	0	0	
13665	0	0	0	0	0	
13483	0	0	0	0	0	
13421	0	0	0	0	0	
13429	0	0	0	0	0	
12995	0	0	0	0	0	
13393	0	0	0	0	0	
13341	0	0	0	0	1	
13480	0	0	0	0	0	
13333	0	0	0	0	0	
13369	0	0	0	0	0	
12897	0	0	0	0	0	
13453	0	0	0	0	0	
9531	0	0	0	0	0	
9037	0	0	0	0	0	
13023	0	0	0	0	0	
13300	0	0	0	0	0	
13510	0	0	0	0	0	
13230	0	0	0	0	2	
13199	0	0	0	0	0	
13485	0	0	0	0	0	
13588	0	0	0	0	0	
13167	0	0	0	0	0	
13164	0	0	0	0	0	
13410	0	0	0	0	0	
11948	0	0	0	0	0	
12949	0	0	0	0	0	
13421	0	0	0	0	0	
13428	0	0	0	0	0	
13439	0	0	0	0	0	
13472	0	0	0	0	0	
12971	0	0	0	0	0	
12972	0	0	0	0	0	
13259	0	0	0	0	0	
13264	0	0	0	0	0	
13194	0	0	0	0	0	
13420	0	0	0	0	0	
12938	0	0	0	0	0	
12634	0	0	0	0	0	
13405	0	0	0	0	0	
13013	0	0	0	0	0	
12969	0	0	0	0	0	
13340	0	0	0	0	0	
13054	0	0	0	0	0	
12995	0	0	0	0	0	
12966	0	0	0	0	0	
12935	0	0	0	0	0	
10202	0	0	0	0	0	
1259	0	0	0	0	0	
1165	0	0	0	0	0	
7176	0	0	0	0	0	
9477	0	0	0	0	0	
13117	0	0	0	0	0	
11796	0	0	0	0	0	
12332	0	0	0	0	0	
13036	0	0	0	0	0	
12944	0	0	0	0	0	
13516	0	0	0	0	0	
13091	0	0	0	0	0	
13435	0	0	0	0	0	
12608	0	0	0	0	0	
13265	0	0	0	0	0	
9796	0	0	0	0	0	
13384	0	0	0	0	0	
13668	0	0	0	0	0	
13198	0	0	0	0	2	
12784	0	0	0	0	0	
12692	0	0	0	0	0	
13501	0	0	0	0	0	
13207	0	0	0	0	0	
13209	0	0	0	0	0	
12761	0	0	0	0	0	
12691	0	0	0	0	0	
13042	0	0	0	0	0	
12820	0	0	0	0	0	
13668	0	0	0	0	0	
8224	0	0	0	0	0	
13175	0	0	0	0	0	
13284	0	0	0	0	0	
12960	0	0	0	0	0	
12987	0	0	0	0	0	
12673	0	0	0	0	0	
13166	0	0	0	0	0	
12954	0	0	0	0	0	
13369	0	0	0	0	0	
13127	0	0	0	0	0	
12947	0	0	0	0	0	
12997	0	0	0	0	0	
13496	0	0	0	0	0	
13314	0	0	0	0	0	
13206	0	0	0	0	0	
13514	0	0	0	0	0	
13112	0	0	0	0	0	
13456	0	0	0	0	0	
10588	0	0	0	0	0	
12946	0	0	0	0	0	
12501	0	0	0	0	0	
13237	0	0	0	0	0	
13388	0	0	0	0	0	
13260	0	0	0	0	0	
13089	0	0	0	0	0	
13451	0	0	0	0	0	
13172	0	0	0	0	0	
12826	0	0	0	0	0	
13056	0	0	0	0	0	
13071	0	0	0	0	0	
13401	0	0	0	0	0	
12611	0	0	0	0	0	
9681	0	0	0	0	0	
13184	0	0	0	0	0	
13053	0	0	0	0	0	
13207	0	0	0	0	0	
12997	0	0	0	0	0	
13428	0	0	0	0	0	
12938	0	0	0	0	2	
13279	0	0	0	0	0	
12922	0	0	0	0	0	
12705	0	0	0	0	0	
13269	0	0	0	0	0	
13659	0	0	0	0	0	
12873	0	0	0	0	0	
13210	0	0	0	0	0	
13047	0	0	0	0	0	
12881	0	0	0	0	0	
13317	0	0	0	0	0	
13177	0	0	0	0	0	
13215	0	0	0	0	0	
12595	0	0	0	0	0	
9670	0	0	0	0	0	
13265	0	0	0	0	0	
12861	0	0	0	0	0	
13354	0	0	0	0	0	
12973	0	0	0	0	0	
13006	0	0	0	0	0	
12839	1	0	0	0	0	
13330	0	0	0	0	0	
13515	0	0	0	0	0	
13269	0	0	0	0	0	
13409	0	0	0	0	0	
11190	0	0	0	0	0	
12216	0	0	0	0	0	
13463	0	0	0	0	0	
13551	0	0	0	0	0	
13587	0	0	0	0	0	
13647	0	0	0	0	0	
13543	0	0	0	0	0	
13559	0	0	0	0	0	
13072	0	0	0	0	0	
13775	0	0	0	0	0	
13527	0	0	0	0	0	
13530	0	0	0	0	0	
13776	0	0	0	0	0	
13682	0	0	0	0	0	
12964	0	0	0	0	0	
13530	0	0	0	0	0	
13241	0	0	0	0	0	
13651	0	0	0	0	0	
13844	0	0	0	0	0	
13771	0	0	0	0	0	
9916	0	0	0	0	0	
13374	0	0	0	0	0	
13227	0	0	0	0	0	
13723	0	0	0	0	0	
4539	0	0	0	0	0	
0	0	0	0	0	0	
0	0	0	0	0	0	
0	0	0	0	0	0	
0	0	0	0	0	0	
0	0	0	0	0	0	
0	0	0	0	0	0	
0	0	0	0	0	0	
0	0	0	0	0	0	
0	0	0	0	0	0	
0	0	0	0	0	0	
0	0	0	0	0	0	
0	0	0	0	0	0	
0	0	0	0	0	0	
0	0	0	0	0	0	
0	0	0	0	0	0	
0	0	0	0	0	0	
0	0	0	0	0	0	
0	0	1	0	1	0	
0	0	3	0	3	1	
10981	0	3	0	3	1	
13535	0	3	0	3	0	
12913	0	3	0	3	0	
13183	0	3	0	3	0	
13912	0	3	0	3	0	
13689	0	3	0	3	0	
13806	0	3	0	3	0	
13358	0	3	0	3	0	
13861	0	3	0	3	0	
13388	0	3	0	3	0	
13693	0	3	0	3	0	
13777	0	3	0	3	0	
13792	0	3	0	3	0	
12887	0	3	0	3	0	
13236	0	3	0	3	0	
13327	0	3	0	3	0	
13778	0	3	0	3	0	
13849	0	3	0	3	0	
13933	0	3	0	3	0	
10990	0	3	0	3	0	
13342	0	3	0	3	0	
13276	0	3	0	3	0	
12753	0	3	0	3	0	
13352	0	2	0	2	0	
13383	0	4	0	4	0	
13632	0	3	0	3	0	
13541	0	3	0	3	0	
13364	0	3	0	3	0	
13078	0	2	0	2	0	
13326	0	3	0	3	0	
13566	0	3	0	3	0	
13582	0	3	0	3	0	
13183	0	2	0	2	0	
13409	0	3	0	3	0	
13860	0	3	0	3	0	
13083	0	2	0	2	0	
10627	0	3	0	3	0	
13906	0	3	0	3	0	
13805	0	2	0	2	0	
13807	0	3	0	3	0	
13449	0	3	0	3	0	
13078	0	2	0	2	0	
10783	0	2	0	2	0	
13113	0	3	0	3	0	
13597	0	3	0	3	0	
10486	0	2	0	2	0	
12876	0	3	0	3	0	
13350	0	3	0	3	0	
12849	0	3	0	3	0	
13444	0	3	0	3	0	
13392	0	3	0	3	0	
12955	0	3	0	3	0	
13532	0	3	0	3	0	
10868	0	2	0	2	0	
13747	0	3	0	3	0	
12511	0	3	0	3	0	
13466	0	3	0	3	0	
13673	0	3	0	3	0	
13436	0	2	0	2	0	
13909	0	3	0	3	0	
13892	0	3	0	3	0	
13136	0	3	0	3	0	
13807	0	3	0	3	0	
13599	0	3	0	3	0	
10956	0	2	0	2	0	
13194	0	3	0	3	0	
13551	0	3	0	3	0	
13315	0	3	0	3	0	
13018	0	3	0	3	0	
13801	0	4	0	4	0	
13349	0	3	0	3	0	
13691	0	3	0	3	0	
13556	0	3	0	3	0	
13882	0	3	0	3	0	
13300	0	3	0	3	0	
13938	0	4	0	4	0	
3007	0	3	0	3	0	
0	0	2	0	2	1	
10446	0	3	0	3	1	
13735	0	3	0	3	0	
13979	0	3	0	3	0	
13409	0	3	0	3	0	
13391	0	3	0	3	0	
13530	0	3	0	3	0	
13673	0	3	0	3	0	
13484	0	2	0	2	0	
11587	0	3	0	3	0	
11848	0	3	0	3	0	
13332	0	4	0	4	0	
13699	0	3	0	3	0	
13556	0	3	0	3	0	
13529	0	3	0	3	0	
13691	0	3	0	3	0	
13410	0	3	0	3	0	
646	0	2	0	2	0	
13150	0	7	0	7	1	
8711	0	3	0	3	0	
10967	0	5	0	5	0	
13219	0	6	0	6	0	
12571	0	5	0	5	0	
13503	0	6	0	6	0	
13587	0	6	0	6	0	
13619	0	6	0	6	0	
12771	0	6	0	6	0	
13561	0	6	0	6	0	
13095	0	6	0	6	0	
13684	0	6	0	6	0	
12789	0	6	0	6	0	
8269	0	6	0	6	0	
0	0	6	0	6	0	
8508	0	6	0	6	1	
12836	0	6	0	6	0	
13584	0	6	0	6	0	
13853	0	6	0	6	0	
13305	0	6	0	6	0	
13831	0	6	0	6	0	
13558	0	6	0	6	0	
13032	0	6	0	6	0	
13782	0	6	0	6	0	
13897	0	6	0	6	0	
13778	0	6	0	6	0	
13908	0	6	0	6	0	
13136	0	6	0	6	0	
13104	0	6	0	6	0	
12839	0	6	0	6	0	
13657	0	6	0	6	0	
13753	0	6	0	6	0	
13652	0	6	0	6	0	
13405	0	6	0	6	0	
13442	0	6	0	6	0	
13267	0	6	0	6	0	
11298	0	6	0	6	0	
13414	0	6	0	6	0	
13558	0	6	0	6	0	
13672	0	6	0	6	0	
13734	0	6	0	6	0	
13179	0	6	0	6	0	
13195	0	6	0	6	0	
13582	0	6	0	6	0	
13438	0	6	0	6	0	
10649	0	6	0	6	0	
13197	0	6	0	6	0	
6697	0	6	0	6	0	
0	0	6	0	6	0	
11999	0	5	0	5	1	
12840	0	3	0	3	0	
13658	0	3	0	3	0	
13844	0	4	0	4	0	
13151	0	3	0	3	0	
11046	0	2	0	2	0	
12424	0	3	0	3	0	
5344	0	4	0	4	2	
12980	0	4	0	4	0	
13496	0	5	0	5	0	
13581	0	5	0	5	0	
13076	0	4	0	4	0	
13779	0	5	0	5	0	
13418	0	4	0	4	0	
12520	0	5	0	5	0	
12106	0	5	0	5	0	
13800	0	4	0	4	0	
13935	0	5	0	5	0	
13607	0	5	0	5	0	
13719	0	4	0	4	0	
13481	0	5	0	5	0	
13155	0	4	0	4	0	
13595	0	5	0	5	0	
12918	0	5	0	5	0	
9424	0	3	0	3	0	
12924	0	4	0	4	0	
13355	0	5	0	5	0	
13150	0	4	0	4	0	
12973	0	4	0	4	0	
13568	0	4	0	4	0	
13691	0	5	0	5	0	
13560	0	4	0	4	0	
13381	0	5	0	5	0	
13540	0	5	0	5	0	
12921	0	4	0	4	0	
13483	0	5	0	5	0	
10166	0	4	0	4	0	
13302	0	5	0	5	0	
13449	0	5	0	5	0	
13404	0	4	0	4	0	
13484	0	5	0	5	0	
12884	0	4	0	4	0	
13603	0	5	0	5	0	
13564	0	4	0	4	0	
12371	0	5	0	5	0	
12845	0	4	0	4	0	
13238	0	5	0	5	0	
12837	0	4	0	4	0	
13526	0	5	0	5	0	
13731	0	4	0	4	0	
13644	0	5	0	5	0	
10009	0	4	0	4	0	
13649	0	4	0	4	0	
13681	0	5	0	5	0	
13119	0	4	0	4	0	
13675	0	5	0	5	0	
13705	0	5	0	5	0	
13453	0	6	0	6	0	
13439	0	6	0	6	0	
13612	0	3	0	3	0	
12937	0	3	0	3	0	
13672	0	2	0	2	0	
13799	0	3	0	3	0	
13650	0	3	0	3	0	
13696	0	3	0	3	0	
13452	0	3	0	3	0	
13585	0	3	0	3	0	
13190	0	2	0	2	0	
13662	0	2	0	2	0	
13567	0	3	0	3	0	
13375	0	3	0	3	0	
13675	0	2	0	2	0	
13890	0	3	0	3	0	
12777	0	3	0	3	0	
13713	0	3	0	3	0	
13965	0	3	0	3	0	
13803	0	3	0	3	0	
13313	0	2	0	2	0	
13510	0	3	0	3	0	
12903	0	3	0	3	0	
13274	0	3	0	3	0	
13734	0	3	0	3	0	
13799	0	3	0	3	0	
11304	0	4	0	4	0	
13666	0	3	0	3	0	
13526	0	3	0	3	0	
10789	0	3	0	3	0	
12415	0	3	0	3	0	
13599	0	3	0	3	0	
13423	0	3	0	3	0	
13341	0	4	0	4	0	
13408	0	2	0	2	0	
13305	0	3	0	3	0	
12880	0	3	0	3	0	
13260	0	3	0	3	0	
13355	0	3	0	3	0	
13187	0	3	0	3	0	
13103	0	3	0	3	0	
13599	0	3	0	3	0	
13263	0	2	0	2	0	
13532	0	3	0	3	0	
13793	0	2	0	2	0	
13084	0	3	0	3	0	
10239	0	2	0	2	0	
13713	0	3	0	3	0	
13687	0	3	0	3	0	
12657	0	3	0	3	0	
13579	0	3	0	3	0	
13619	0	3	0	3	0	
13505	0	3	0	3	0	
13628	0	3	0	3	0	
13512	0	3	0	3	0	
13169	0	2	0	2	0	
13406	0	3	0	3	0	
13774	0	3	0	3	0	
13747	0	2	0	2	0	
13592	0	3	0	3	0	
13415	0	2	0	2	0	
13348	0	3	0	3	0	
13145	0	3	0	3	0	
13571	0	3	0	3	0	
13734	0	3	0	3	0	
13827	0	3	0	3	0	
13586	0	3	0	3	0	
13884	0	3	0	3	0	
12743	0	2	0	2	0	
13641	0	4	0	4	0	
9149	0	2	0	2	0	
13884	0	3	0	3	0	
13454	0	4	0	4	0	
9520	0	3	0	3	0	
13376	0	3	0	3	0	
12717	0	3	0	3	0	
12888	0	2	0	2	0	
12669	0	3	0	3	0	
13325	0	3	0	3	0	
13291	0	3	0	3	0	
13348	0	3	0	3	0	
12902	0	3	0	3	0	
13184	0	3	0	3	0	
13009	0	3	0	3	0	
13348	0	2	0	2	0	
13152	0	3	0	3	0	
13121	0	3	0	3	0	
13540	0	3	0	3	0	
6711	0	3	0	3	0	
13465	0	3	0	3	0	
13449	0	3	0	3	0	
13658	0	3	0	3	0	
13380	0	3	0	3	0	
13710	0	3	0	3	0	
13740	0	3	0	3	0	
12541	0	3	0	3	0	
13582	0	3	0	3	0	
13631	0	3	0	3	0	
10256	0	3	0	3	0	
13562	0	3	0	3	0	
13673	0	3	0	3	0	
12751	0	3	0	3	0	
13362	0	3	0	3	0	
13467	0	3	0	3	0	
13719	0	3	0	3	0	
13668	0	3	0	3	0	
13635	0	3	0	3	0	
12814	0	2	0	2	0	
12880	0	3	0	3	0	
13334	0	3	0	3	0	
13348	0	2	0	2	0	
13367	0	4	0	4	0	
13212	0	3	0	3	0	
13169	0	3	0	3	0	
12877	0	2	0	2	0	
13540	0	4	0	4	0	
13709	0	3	0	3	0	
10279	0	3	0	3	0	
13534	0	3	0	3	0	
13689	0	3	0	3	0	
8450	0	3	0	3	0	
12964	0	3	0	3	0	
13392	0	3	0	3	0	
13391	0	3	0	3	0	
13306	0	3	0	3	0	
13479	0	3	0	3	0	
12976	0	3	0	3	0	
13696	0	2	0	2	0	
13298	0	3	0	3	0	
13612	0	3	0	3	0	
13291	0	3	0	3	0	
13602	0	3	0	3	0	
13484	0	3	0	3	0	
13561	0	3	0	3	0	
13045	0	3	0	3	0	
13497	0	3	0	3	0	
13303	0	3	0	3	0	
13633	0	3	0	3	0	
13777	0	2	0	2	0	
13366	0	3	0	3	0	
13366	0	3	0	3	0	
12871	0	3	0	3	0	
13472	0	3	0	3	0	
11442	0	3	0	3	0	
13245	0	3	0	3	0	
13391	0	3	0	3	0	
13649	0	3	0	3	0	
13149	0	3	0	3	0	
13525	0	2	0	2	0	
13586	0	4	0	4	0	
13948	0	2	0	2	0	
13395	0	3	0	3	0	
13586	0	3	0	3	0	
13519	0	3	0	3	0	
13176	0	3	0	3	0	
13316	0	3	0	3	0	
13551	0	3	0	3	0	
13534	0	3	0	3	0	
13446	0	2	0	2	0	
13488	0	3	0	3	0	
12933	0	3	0	3	0	
13429	0	3	0	3	0	
13599	0	3	0	3	0	
13539	0	3	0	3	0	
13381	0	3	0	3	0	
13395	0	3	0	3	0	
13313	0	3	0	3	0	
13314	0	3	0	3	0	
13159	0	3	0	3	0	
8916	0	2	0	2	0	
12850	0	3	0	3	0	
9189	0	3	0	3	0	
13301	0	2	0	2	0	
6670	0	3	0	3	0	
10612	0	6	0	6	1	
13412	0	6	0	6	0	
13283	0	6	0	6	0	
13591	0	6	0	6	0	
13583	0	6	0	6	0	
13681	0	6	0	6	0	
13088	0	6	0	6	0	
13002	0	6	0	6	0	
13824	0	6	0	6	0	
13565	0	6	0	6	0	
13345	0	6	0	6	0	
13161	0	6	0	6	0	
13676	0	6	0	6	0	
13164	0	6	0	6	0	
13712	0	6	0	6	0	
13137	0	6	0	6	0	
13625	0	6	0	6	0	
13427	0	6	0	6	0	
13522	0	6	0	6	0	
12733	0	6	0	6	0	
13441	0	5	0	5	0	
13590	0	5	0	5	0	
12840	0	6	0	6	0	
13581	0	7	0	7	0	
12687	0	6	0	6	0	
13774	0	6	0	6	0	
12936	0	6	0	6	0	
13194	0	6	0	6	0	
13492	0	6	0	6	0	
13503	0	6	0	6	0	
13100	0	6	0	6	0	
13338	0	6	0	6	0	
13519	0	6	0	6	0	
13284	0	6	0	6	0	
9649	0	4	0	4	0	
0	0	3	0	3	1	
8141	0	4	0	4	1	
13447	0	6	0	6	0	
13758	0	6	0	6	0	
13446	0	6	0	6	0	
13297	0	7	0	7	0	
12472	0	6	0	6	0	
10355	0	6	0	6	0	
1232	0	6	0	6	0	
3937	0	5	0	5	1	
13215	0	5	0	5	0	
12805	0	3	0	3	0	
13470	0	3	0	3	0	
12985	0	3	0	3	0	
13231	0	4	0	4	0	
13767	0	3	0	3	0	
13510	0	3	0	3	0	
13737	0	3	0	3	0	
13739	0	3	0	3	0	
10921	0	3	0	3	0	
5556	0	3	0	3	0	
9824	0	5	0	5	1	
13060	0	6	0	6	0	
13306	0	6	0	6	0	
13531	0	6	0	6	0	
13604	0	3	0	3	0	
13589	0	2	0	2	0	
13533	0	1	0	1	0	
12888	0	3	0	3	0	
13383	0	2	0	2	0	
13689	0	2	0	2	0	
13601	0	2	0	2	0	
13424	0	1	0	1	0	
13218	0	2	0	2	0	
12705	0	1	0	1	0	
12665	0	2	0	2	0	
13566	0	2	0	2	0	
13674	0	2	0	2	0	
13839	0	2	0	2	0	
13641	0	2	0	2	0	
13506	0	2	0	2	0	
13277	0	3	0	3	0	
9948	0	1	0	1	0	
12761	0	2	0	2	0	
13247	0	2	0	2	0	
13507	0	1	0	1	0	
13509	0	2	0	2	0	
10535	0	2	0	2	0	
11777	0	1	0	1	0	
13096	0	2	0	2	0	
13924	0	2	0	2	0	
13522	0	2	0	2	0	
13612	0	2	0	2	0	
13454	0	2	0	2	0	
13098	0	2	0	2	0	
13421	0	2	0	2	0	
13473	0	2	0	2	0	
13313	0	2	0	2	0	
13406	0	2	0	2	0	
13305	0	2	0	2	0	
12912	0	1	0	1	0	
13052	0	2	0	2	0	
13679	0	2	0	2	0	
13321	0	2	0	2	0	
13419	0	2	0	2	0	
13618	0	2	0	2	0	
13695	0	2	0	2	0	
13264	0	2	0	2	0	
13292	0	2	0	2	0	
13290	0	2	0	2	0	
13369	0	3	0	3	0	
13705	0	2	0	2	0	
13570	0	2	0	2	0	
13052	0	2	0	2	0	
13450	0	2	0	2	0	
13432	0	2	0	2	0	
13549	0	2	0	2	0	
13009	0	2	0	2	0	
12619	0	2	0	2	0	
13470	0	2	0	2	0	
13162	0	2	0	2	0	
13637	0	2	0	2	0	
13777	0	2	0	2	0	
13681	0	2	0	2	0	
13217	0	2	0	2	0	
10817	0	2	0	2	0	
13406	0	2	0	2	0	
9249	0	2	0	2	0	
13489	0	2	0	2	0	
13501	0	2	0	2	0	
13274	0	2	0	2	0	
13469	0	2	0	2	0	
13523	0	2	0	2	0	
12975	0	2	0	2	0	
13816	0	2	0	2	0	
13907	0	2	0	2	0	
13642	0	3	0	3	0	
13461	0	2	0	2	0	
13728	0	2	0	2	0	
13355	0	2	0	2	0	
12925	0	2	0	2	0	
13935	0	2	0	2	0	
13606	0	2	0	2	0	
13386	0	2	0	2	0	
13325	0	2	0	2	0	
13650	0	2	0	2	0	
13406	0	3	0	3	0	
13882	0	1	0	1	0	
13639	0	3	0	3	0	
13782	0	2	0	2	0	
13861	0	2	0	2	0	
13772	0	2	0	2	0	
13334	0	3	0	3	0	
13927	0	2	0	2	0	
13603	0	2	0	2	0	
13410	0	2	0	2	0	
13349	0	2	0	2	0	
13655	0	3	0	3	0	
13251	0	2	0	2	0	
13096	0	2	0	2	0	
13709	0	2	0	2	0	
13607	0	3	0	3	0	
13634	0	2	0	2	0	
13296	0	3	0	3	0	
13270	0	2	0	2	0	
12898	0	2	0	2	0	
13735	0	2	0	2	0	
13390	0	2	0	2	0	
9983	0	3	0	3	0	
13916	0	2	0	2	0	
13934	0	2	0	2	0	
13873	0	3	0	3	0	
12863	0	2	0	2	0	
13696	0	2	0	2	0	
10249	0	2	0	2	0	
12905	0	2	0	2	0	
13664	0	2	0	2	0	
13473	0	3	0	3	0	
13140	0	2	0	2	0	
13875	0	2	0	2	0	
13483	0	3	0	3	0	
13618	0	2	0	2	0	
13501	0	3	0	3	0	
13692	0	2	0	2	0	
13132	0	2	0	2	0	
13218	0	3	0	3	0	
13861	0	2	0	2	0	
13722	0	3	0	3	0	
13659	0	2	0	2	0	
13821	0	2	0	2	0	
13640	0	3	0	3	0	
13230	0	2	0	2	0	
13749	0	2	0	2	0	
13809	0	3	0	3	0	
13852	0	2	0	2	0	
13939	0	2	0	2	0	
13887	0	3	0	3	0	
12178	0	2	0	2	0	
13000	0	3	0	3	0	
13294	0	2	0	2	0	
13319	0	2	0	2	0	
13817	0	3	0	3	0	
13775	0	2	0	2	0	
13485	0	3	0	3	0	
11672	0	2	0	2	0	
11533	0	2	0	2	0	
12386	0	2	0	2	0	
11409	0	3	0	3	0	
13020	0	2	0	2	0	
10668	0	2	0	2	0	
13384	0	2	0	2	0	
12815	0	3	0	3	0	
12903	0	2	0	2	0	
13436	0	3	0	3	0	
13561	0	3	0	3	0	
13420	0	2	0	2	0	
13624	0	3	0	3	0	
13541	0	2	0	2	0	
10767	0	2	0	2	0	
13504	0	3	0	3	0	
13747	0	2	0	2	0	
13505	0	2	0	2	0	
11367	0	2	0	2	0	
13424	0	3	0	3	0	
10716	0	2	0	2	0	
13421	0	2	0	2	0	
12778	0	3	0	3	0	
13614	0	3	0	3	0	
13547	0	2	0	2	0	
13773	0	2	0	2	0	
13823	0	3	0	3	0	
13171	0	2	0	2	0	
10732	0	2	0	2	0	
13466	0	3	0	3	0	
13530	0	2	0	2	0	
10329	0	2	0	2	0	
13799	0	3	0	3	0	
13439	0	3	0	3	0	
13292	0	2	0	2	0	
13695	0	3	0	3	0	
13677	0	2	0	2	0	
13408	0	3	0	3	0	
13757	0	2	0	2	0	
13523	0	3	0	3	0	
12932	0	3	0	3	0	
13450	0	2	0	2	0	
13882	0	3	0	3	0	
13667	0	2	0	2	0	
13765	0	3	0	3	0	
13803	0	2	0	2	0	
12985	0	3	0	3	0	
13348	0	2	0	2	0	
13508	0	3	0	3	0	
13675	0	3	0	3	0	
13644	0	2	0	2	0	
13196	0	3	0	3	0	
13418	0	2	0	2	0	
10773	0	2	0	2	0	
13903	0	3	0	3	0	
13658	0	2	0	2	0	
13925	0	3	0	3	0	
13510	0	3	0	3	0	
13605	0	2	0	2	0	
13160	0	3	0	3	0	
13634	0	2	0	2	0	
13822	0	3	0	3	0	
13888	0	3	0	3	0	
4979	0	2	0	2	0	
10185	0	3	0	3	1	
12973	0	3	0	3	0	
12458	0	3	0	3	0	
10300	0	3	0	3	0	
13413	0	2	0	2	0	
13405	0	3	0	3	0	
13111	0	3	0	3	0	
13720	0	3	0	3	0	
13604	0	2	0	2	0	
12978	0	3	0	3	0	
13441	0	3	0	3	0	
13622	0	3	0	3	0	
13644	0	3	0	3	0	
13724	0	3	0	3	0	
13796	0	3	0	3	0	
13154	0	3	0	3	0	
12869	0	3	0	3	0	
13592	0	3	0	3	0	
13782	0	3	0	3	0	
13593	0	3	0	3	0	
13784	0	3	0	3	0	
13559	0	3	0	3	0	
13381	0	3	0	3	0	
13695	0	3	0	3	0	
13481	0	3	0	3	0	
13653	0	3	0	3	0	
13310	0	3	0	3	0	
13808	0	3	0	3	0	
12949	0	2	0	2	0	
13672	0	3	0	3	0	
12896	0	3	0	3	0	
13274	0	3	0	3	0	
13740	0	3	0	3	0	
13361	0	3	0	3	0	
13144	0	3	0	3	0	
12802	0	3	0	3	0	
12810	0	3	0	3	0	
12910	0	3	0	3	0	
13750	0	3	0	3	0	
13755	0	3	0	3	0	
13905	0	3	0	3	0	
13054	0	3	0	3	0	
13629	0	3	0	3	0	
12786	0	3	0	3	0	
11193	0	2	0	2	0	
13393	0	3	0	3	0	
12338	0	3	0	3	0	
5501	0	3	0	3	1	
8911	0	4	0	4	4	
13291	0	7	0	7	0	
11319	0	6	0	6	0	
13727	0	5	0	6	0	
13396	0	6	0	5	0	
13669	0	6	0	6	0	
13257	0	6	0	6	0	
13184	0	6	0	6	0	
10780	0	6	0	6	0	
13357	0	6	0	6	0	
12997	0	6	0	6	0	
13756	0	5	0	5	0	
13678	0	5	0	5	0	
13593	0	6	0	6	0	
13163	0	6	0	6	0	
13699	0	6	0	6	0	
10511	0	6	0	6	0	
13272	0	6	0	6	0	
13593	0	6	0	6	0	
10757	0	6	0	6	0	
13595	0	3	0	3	0	
13189	0	2	0	2	0	
10936	0	3	0	3	0	
13733	0	4	0	4	0	
13829	0	3	0	3	0	
13771	0	3	0	3	0	
9711	0	2	0	2	0	
10698	0	3	0	3	0	
13002	0	3	0	3	0	
12888	0	3	0	3	0	
13399	0	3	0	3	0	
4196	0	3	0	3	0	
9105	0	3	0	3	1	
13541	0	3	0	3	0	
13471	0	2	0	2	0	
13034	0	3	0	3	0	
13236	0	3	0	3	0	
13534	0	3	0	3	0	
13595	0	3	0	3	0	
13478	0	3	0	3	0	
13405	0	2	0	2	0	
10624	0	3	0	3	0	
12853	0	4	0	4	0	
13591	0	3	0	3	0	
13392	0	2	0	2	0	
13615	0	3	0	3	0	
13854	0	4	0	4	0	
13322	0	2	0	2	0	
13255	0	3	0	3	0	
12851	0	3	0	3	0	
13443	0	3	0	3	0	
13753	0	2	0	2	0	
13561	0	3	0	3	0	
13586	0	3	0	3	0	
13357	0	3	0	3	0	
13285	0	3	0	3	0	
12926	0	3	0	3	0	
13004	0	3	0	3	0	
13308	0	2	0	2	0	
13366	0	4	0	4	0	
13126	0	3	0	3	0	
13153	0	3	0	3	0	
13735	0	3	0	3	0	
13750	0	3	0	3	0	
13869	0	3	0	3	0	
13964	0	3	0	3	0	
13734	0	3	0	3	0	
13702	0	3	0	3	0	
13281	0	3	0	3	0	
13322	0	3	0	3	0	
13296	0	3	0	3	0	
13170	0	3	0	3	0	
13366	0	2	0	2	0	
13246	0	3	0	3	0	
12164	0	3	0	3	0	
11804	0	3	0	3	0	
11971	0	3	0	3	0	
12115	0	3	0	3	0	
11388	0	3	0	3	0	
13757	0	3	0	3	0	
13485	0	3	0	3	0	
10819	0	3	0	3	0	
13513	0	3	0	3	0	
13585	0	2	0	2	0	
11467	0	3	0	3	0	
13218	0	3	0	3	0	
13100	0	2	0	2	0	
13079	0	2	0	2	0	
12585	0	3	0	3	0	
12549	0	3	0	3	0	
13525	0	4	0	4	0	
13647	0	3	0	3	0	
13319	0	2	0	2	0	
13721	0	3	0	3	0	
13315	0	3	0	3	0	
13870	0	3	0	3	0	
11826	0	3	0	3	0	
12781	0	4	0	4	0	
8559	0	2	0	2	0	
12215	0	4	0	4	0	
13743	0	3	0	3	0	
10013	0	2	0	2	0	
13698	0	3	0	3	0	
12025	0	3	0	3	0	
10975	0	3	0	3	0	
13321	0	3	0	3	0	
13570	0	3	0	3	0	
13510	0	3	0	3	1	
13043	0	2	0	2	0	
13379	0	3	0	3	0	
13567	0	3	0	3	0	
13454	0	3	0	3	0	
10923	0	2	0	2	0	
10842	0	3	0	3	0	
10391	0	3	0	3	0	
12897	0	3	0	3	0	
13556	0	2	0	2	0	
13780	0	4	0	4	0	
10394	0	2	0	2	0	
13613	0	4	0	4	0	
12238	0	3	0	3	0	
11074	0	2	0	2	0	
13031	0	3	0	3	0	
13238	0	3	0	3	0	
13714	0	3	0	3	1	
13802	0	3	0	3	0	
11559	0	2	0	2	0	
7391	0	3	0	3	0	
13580	0	3	0	3	0	
12158	0	3	0	3	0	
12266	0	2	0	2	0	
12149	0	4	0	4	0	
13705	0	3	0	3	0	
10352	0	3	0	3	0	
13278	0	3	0	3	0	
13447	0	2	0	2	0	
12536	0	3	0	3	0	
13510	0	4	0	4	0	
12039	0	2	0	2	0	
12642	0	3	0	3	0	
12945	0	3	0	3	0	
2516	0	4	0	4	1	
13883	0	6	0	6	0	
13922	0	6	0	6	0	
13616	0	6	0	6	0	
13784	0	6	0	6	0	
13502	0	6	0	6	0	
13768	0	6	0	6	0	
13729	0	6	0	6	0	
13827	0	6	0	6	0	
10030	0	6	0	6	0	
13609	0	5	0	5	0	
11120	0	7	0	7	0	
13426	0	5	0	5	0	
12999	0	4	0	4	0	
11268	0	2	0	2	0	
13769	0	3	0	3	0	
13236	0	4	0	4	0	
13626	0	3	0	3	0	
13747	0	3	0	3	0	
13529	0	3	0	3	0	
13194	0	3	0	3	0	
13578	0	3	0	3	0	
10186	0	3	0	3	0	
13344	0	2	0	2	0	
13461	0	4	0	4	0	
13279	0	3	0	3	0	
13752	0	3	0	3	0	
12783	0	3	0	3	0	
13528	0	4	0	4	0	
13195	0	3	0	3	0	
13687	0	3	0	3	0	
13548	0	3	0	3	0	
12677	0	3	0	3	0	
11908	0	3	0	3	0	
13152	0	3	0	3	0	
12929	0	2	0	2	0	
13715	0	3	0	3	0	
13695	0	3	0	3	0	
13777	0	3	0	3	0	
13920	0	3	0	3	0	
13109	0	2	0	2	0	
13652	0	3	0	3	0	
10602	0	3	0	3	0	
13466	0	3	0	3	0	
13480	0	3	0	3	0	
13720	0	3	0	3	0	
13524	0	3	0	3	0	
13246	0	3	0	3	0	
12750	0	2	0	2	0	
13547	0	3	0	3	0	
13633	0	3	0	3	0	
13489	0	3	0	3	0	
13699	0	3	0	3	0	
13835	0	3	0	3	1	
13630	0	3	0	3	0	
13202	0	3	0	3	0	
13628	0	2	0	2	0	
13539	0	3	0	3	0	
13912	0	3	0	3	0	
13559	0	3	0	3	0	
13741	0	3	0	3	0	
13509	0	4	0	4	0	
13681	0	3	0	3	0	
13251	0	2	0	2	0	
13151	0	3	0	3	0	
13536	0	2	0	2	0	
13401	0	4	0	4	0	
13306	0	3	0	3	0	
13058	0	2	0	2	0	
13512	0	3	0	3	0	
13553	0	3	0	3	0	
13353	0	3	0	3	0	
13406	0	3	0	3	0	
13223	0	3	0	3	0	
8912	0	3	0	3	0	
13488	0	3	0	3	0	
13676	0	3	0	3	0	
13212	0	3	0	3	0	
13620	0	3	0	3	0	
13589	0	2	0	2	0	
10920	0	3	0	3	0	
12510	0	3	0	3	0	
7785	0	3	0	3	0	
13498	0	3	0	3	0	
10660	0	3	0	3	0	
13665	0	2	0	2	0	
13555	0	2	0	2	0	
13673	0	3	0	3	0	
12999	0	4	0	4	0	
13418	0	3	0	3	0	
11670	0	2	0	2	0	
13473	0	3	0	3	0	
13634	0	3	0	3	0	
13821	0	3	0	3	0	
13365	0	3	0	3	0	
12858	0	3	0	3	0	
12679	0	3	0	3	0	
13657	0	3	0	3	0	
13424	0	3	0	3	0	
10130	0	3	0	3	0	
12841	0	3	0	3	0	
12862	0	3	0	3	0	
13312	0	3	0	3	0	
13248	0	3	0	3	0	
13347	0	2	0	2	0	
13720	0	3	0	3	0	
13122	0	3	0	3	0	
13867	0	3	0	3	0	
9798	0	2	0	2	0	
13715	0	3	0	3	0	
13281	0	3	0	3	0	
12659	0	3	0	3	0	
10334	0	2	0	2	0	
13158	0	4	0	4	0	
13018	0	2	0	2	0	
12583	0	3	0	3	1	
12648	0	3	0	3	0	
13607	0	4	0	4	0	
13420	0	2	0	2	0	
13113	0	3	0	3	0	
13361	0	3	0	3	0	
8968	0	3	0	3	0	
13161	0	3	0	3	0	
13404	0	3	0	3	0	
13384	0	3	0	3	0	
13189	0	3	0	3	0	
13310	0	3	0	3	0	
13740	0	3	0	3	0	
13074	0	3	0	3	0	
13510	0	3	0	3	0	
13346	0	3	0	3	0	
9551	0	3	0	3	0	
13555	0	3	0	3	0	
13353	0	3	0	3	0	
13364	0	2	0	2	0	
12936	0	4	0	4	0	
13188	0	4	0	4	0	
13644	0	4	0	4	0	
13533	0	5	0	5	0	
12722	0	4	0	4	0	
13283	0	5	0	5	0	
13026	0	5	0	5	0	
8892	0	5	0	5	0	
13552	0	4	0	4	0	
13602	0	5	0	5	0	
12867	0	5	0	5	0	
13748	0	4	0	4	0	
13733	0	5	0	5	0	
13151	0	5	0	5	0	
13263	0	5	0	5	0	
13653	0	5	0	5	0	
13151	0	4	0	4	0	
13240	0	5	0	5	0	
13620	0	5	0	5	0	
13484	0	4	0	4	0	
12940	0	5	0	5	0	
13200	0	5	0	5	0	
13372	0	4	0	4	0	
13322	0	5	0	5	0	
13359	0	4	0	4	0	
13582	0	5	0	5	0	
13399	0	5	0	5	0	
13447	0	5	0	5	0	
13167	0	2	0	2	0	
11710	0	4	0	4	0	
11028	0	6	0	6	0	
13247	0	6	0	6	0	
13393	0	6	0	6	0	
13161	0	6	0	6	0	
13474	0	6	0	6	0	
13469	0	6	0	6	0	
13355	0	6	0	6	0	
13485	0	6	0	6	0	
13480	0	6	0	6	0	
13062	0	5	0	5	0	
13711	0	2	0	2	0	
13212	0	2	0	2	0	
13230	0	2	0	2	0	
13587	0	1	0	1	0	
13547	0	2	0	2	0	
13378	0	2	0	2	0	
12925	0	2	0	2	0	
12176	0	6	0	6	1	
12889	0	5	0	5	0	
13590	0	2	0	2	0	
13390	0	1	0	1	0	
13515	0	2	0	2	0	
12379	0	2	0	2	0	
13213	0	2	0	2	0	
13528	0	1	0	1	0	
13540	0	2	0	2	0	
13664	0	2	0	2	1	
13133	0	2	0	2	0	
13279	0	1	0	1	0	
10203	0	2	0	2	0	
12406	0	2	0	2	0	
12792	0	1	0	1	0	
12842	0	2	0	2	0	
13430	0	2	0	2	0	
12987	0	1	0	1	0	
12891	0	6	0	6	0	
13665	0	6	0	6	0	
13611	0	6	0	6	0	
13696	0	6	0	6	0	
13595	0	6	0	6	0	
13245	0	6	0	6	0	
13472	0	6	0	6	0	
13138	0	6	0	6	0	
10533	0	6	0	6	0	
12795	0	6	0	6	0	
13859	0	6	0	6	0	
13445	0	6	0	6	0	
13395	0	6	0	6	0	
12613	0	6	0	6	0	
13169	0	6	0	6	0	
13468	0	6	0	6	0	
13637	0	6	0	6	0	
13238	0	6	0	6	0	
13493	0	6	0	6	0	
13414	0	6	0	6	0	
12485	0	5	0	5	1	
13159	0	6	0	6	0	
10705	0	5	0	5	0	
13427	0	3	0	3	0	
13499	0	2	0	2	0	
13569	0	2	0	2	0	
13533	0	2	0	2	0	
13170	0	3	0	3	0	
13492	0	3	0	3	0	
13621	0	3	0	3	0	
13166	0	2	0	2	0	
12373	0	3	1	3	0	
13546	0	0	0	0	0	
12763	0	0	0	0	0	
13263	0	0	0	0	0	
13454	0	0	0	0	0	
13465	0	0	0	0	0	
13170	0	0	0	0	0	
13227	0	0	0	0	0	
13628	0	0	0	0	0	
13113	0	0	0	0	0	
13295	0	0	0	0	0	
13383	0	0	0	0	0	
13617	0	0	0	0	0	
13742	0	0	0	0	0	
13580	0	0	0	0	0	
12682	0	0	0	0	0	
12907	0	0	0	0	0	
13153	0	0	0	0	0	
13694	0	0	0	0	0	
13622	0	0	0	0	0	
13313	0	0	0	0	0	
13609	0	0	0	0	0	
12801	0	0	0	0	0	
13287	0	0	0	0	0	
12850	0	0	0	0	0	
13045	0	0	0	0	0	
13142	0	0	0	0	0	
13349	0	0	0	0	0	
12802	0	0	0	0	0	
13320	0	0	0	0	0	
13319	0	0	0	0	0	
13447	0	0	0	0	0	
13472	0	0	0	0	0	
13718	0	0	0	0	0	
13468	0	0	0	0	0	
12768	0	0	0	0	0	
13072	0	0	0	0	0	
13408	0	0	0	0	0	
13310	0	0	0	0	0	
13421	0	0	0	0	0	
13649	0	0	0	0	0	
13200	0	0	0	0	0	
13644	0	0	0	0	0	
13749	0	0	0	0	0	
13415	0	0	0	0	0	
13467	0	0	0	0	0	
13528	0	0	0	0	0	
12629	0	0	0	0	0	
13280	0	0	0	0	0	
13253	0	0	0	0	0	
13343	0	0	0	0	0	
13349	0	0	0	0	1	
13355	0	0	0	0	0	
13539	0	0	0	0	0	
12932	0	0	0	0	0	
13337	0	0	0	0	0	
13252	0	0	0	0	0	
13224	0	0	0	0	0	
13505	0	0	0	0	0	
13468	0	0	0	0	0	
13156	0	0	0	0	0	
13772	0	0	0	0	0	
13385	0	0	0	0	0	
13376	0	0	0	0	0	
13648	0	0	0	0	0	
13478	0	0	0	0	0	
13462	0	0	0	0	0	
13343	0	0	0	0	0	
13430	0	0	0	0	0	
13495	0	0	0	0	0	
13696	0	0	0	0	0	
13197	0	0	0	0	0	
13518	0	0	0	0	0	
13236	0	0	0	0	0	
13626	0	0	0	0	0	
13343	0	0	0	0	0	
13323	0	0	0	0	0	
13423	0	0	0	0	0	
13581	0	0	0	0	0	
13544	0	0	0	0	0	
13099	0	0	0	0	0	
13733	0	0	0	0	0	
13474	0	0	0	0	0	
13581	0	0	0	0	0	
13541	0	0	0	0	0	
13396	0	0	0	0	0	
12777	0	0	0	0	0	
13210	0	0	0	0	0	
13129	0	0	0	0	0	
13338	0	0	0	0	0	
13284	0	0	0	0	0	
12961	0	0	0	0	0	
13393	0	0	0	0	0	
12911	0	0	0	0	0	
13686	0	0	0	0	0	
13315	0	0	0	0	0	
13324	0	0	0	0	0	
13204	0	0	0	0	0	
13083	0	0	0	0	0	
12774	0	0	0	0	0	
13509	0	0	0	0	0	
13266	0	0	0	0	0	
13075	0	0	0	0	0	
13587	0	0	0	0	0	
13394	0	0	0	0	0	
13609	0	0	0	0	2	
13263	0	0	0	0	0	
13003	0	0	0	0	0	
13467	0	0	0	0	0	
13522	0	0	0	0	0	
13495	0	0	0	0	0	
13701	0	0	0	0	0	
12955	0	0	0	0	0	
13732	0	0	0	0	0	
13539	0	0	0	0	0	
13552	0	0	0	0	0	
13051	0	0	0	0	0	
13735	0	0	0	0	1	
12307	0	0	0	0	0	
13279	0	0	0	0	0	
13410	0	0	0	0	0	
8029	0	0	0	0	0	
13437	0	0	0	0	0	
13134	0	0	0	0	0	
12843	0	0	0	0	0	
13019	0	0	0	0	0	
13413	0	0	0	0	0	
13703	0	0	0	0	0	
13607	0	0	0	0	0	
13670	0	0	0	0	0	
13647	0	0	0	0	0	
13205	0	0	0	0	1	
13161	0	0	0	0	0	
13726	0	0	0	0	0	
13082	0	0	0	0	0	
12352	0	0	0	0	0	
13428	0	0	0	0	0	
13387	0	0	0	0	0	
13116	0	0	0	0	0	
13555	0	0	0	0	0	
12992	0	0	0	0	0	
13715	0	0	0	0	0	
13709	0	0	0	0	0	
13321	0	0	0	0	0	
12877	0	0	0	0	0	
12983	0	0	0	0	0	
13603	0	0	0	0	0	
13759	0	0	0	0	0	
13824	0	0	0	0	0	
13605	0	0	0	0	0	
13247	0	0	0	0	0	
13081	0	0	0	0	0	
12232	0	0	0	0	0	
13668	0	0	0	0	0	
13636	0	0	0	0	0	
13223	0	0	0	0	0	
13325	0	0	0	0	0	
13575	0	0	0	0	0	
12857	0	0	0	0	0	
13004	0	0	0	0	0	
12996	0	0	0	0	0	
12916	0	0	0	0	0	
13075	0	0	0	0	0	
13015	0	0	0	0	0	
12623	0	0	0	0	0	
13517	0	0	0	0	0	
13671	0	0	0	0	0	
13718	0	0	0	0	0	
13643	0	0	0	0	0	
13847	0	0	0	0	0	
13629	0	0	0	0	0	
13168	0	0	0	0	0	
13589	0	0	0	0	0	
13727	0	0	0	0	0	
13234	0	0	0	0	0	
13575	0	0	0	0	0	
13244	0	0	0	0	0	
12722	0	0	0	0	0	
13241	0	0	0	0	0	
13750	0	0	0	0	0	
13624	0	0	0	0	0	
13593	0	0	0	0	0	
13704	0	0	0	0	0	
12803	0	0	0	0	0	
13546	0	0	0	0	0	
13301	0	0	0	0	0	
13338	0	0	0	0	0	
13107	0	0	0	0	0	
13553	0	0	0	0	0	
13754	0	0	0	0	0	
13079	0	0	0	0	0	
13522	0	0	0	0	0	
13779	0	0	0	0	0	
13549	0	0	0	0	0	
13234	0	0	0	0	0	
13072	0	0	0	0	0	
12381	0	0	0	0	0	
13272	0	0	0	0	0	
13607	0	0	0	0	0	
13456	0	0	0	0	0	
13554	0	0	0	0	0	
13153	0	0	0	0	0	
13154	0	0	0	0	0	
13061	0	0	0	0	0	
13637	0	0	0	0	0	
13635	0	0	0	0	0	
13694	0	0	0	0	0	
13619	0	0	0	0	0	
13489	0	0	0	0	0	
12946	0	0	0	0	0	
13337	0	0	0	0	0	
13083	0	0	0	0	0	
13580	0	0	0	0	0	
13587	0	0	0	0	0	
12637	0	0	0	0	0	
12475	0	0	0	0	0	
13334	0	0	0	0	0	
13809	0	0	0	0	0	
13691	0	0	0	0	0	
13411	0	0	0	0	0	
13366	0	0	0	0	0	
13642	0	0	0	0	0	
12996	0	0	0	0	0	
13229	0	0	0	0	0	
13670	0	0	0	0	0	
13527	0	0	0	0	0	
13136	0	0	0	0	0	
13559	0	0	0	0	0	
12275	0	0	0	0	0	
12999	0	0	0	0	0	
13030	0	0	0	0	0	
12840	0	0	0	0	0	
13046	0	0	0	0	0	
13560	0	0	0	0	0	
12973	0	0	0	0	0	
12852	0	0	0	0	0	
13045	0	0	0	0	0	
13335	0	0	0	0	0	
13290	0	0	0	0	0	
13536	0	0	0	0	0	
13343	0	0	0	0	0	
13671	0	0	0	0	0	
12523	0	0	0	0	0	
12992	0	0	0	0	0	
13101	0	0	0	0	0	
13664	0	0	0	0	0	
13565	0	0	0	0	0	
13620	0	0	0	0	0	
12750	0	0	0	0	0	
13462	0	0	0	0	0	
13536	0	0	0	0	0	
13301	0	0	0	0	0	
12882	0	0	0	0	0	
13530	0	0	0	0	0	
13300	0	0	0	0	0	
12763	0	0	0	0	0	
13752	0	0	0	0	0	
13254	0	0	0	0	0	
13543	0	0	0	0	0	
13609	0	0	0	0	0	
13343	0	0	0	0	0	
12906	0	0	0	0	0	
13437	0	0	0	0	0	
13478	0	0	0	0	0	
13488	0	0	0	0	0	
13395	0	0	0	0	0	
12847	0	0	0	0	0	
13200	0	0	0	0	0	
12342	0	0	0	0	0	
13113	0	0	0	0	0	
12737	0	0	0	0	0	
13170	0	0	0	0	0	
13286	0	0	0	0	0	
13359	0	0	0	0	0	
12786	0	0	0	0	0	
13370	0	0	0	0	0	
13318	0	0	0	0	0	
13294	0	0	0	0	0	
13029	0	0	0	0	0	
13315	0	0	0	0	0	
12854	0	0	0	0	0	
12922	0	0	0	0	0	
13132	0	0	0	0	0	
12945	0	0	0	0	0	
13090	0	0	0	0	0	
13433	0	0	0	0	0	
13112	0	0	0	0	0	
11826	0	0	0	0	0	
12917	0	0	0	0	0	
13449	0	0	0	0	0	
13236	0	0	0	0	0	
13655	0	0	0	0	0	
13266	0	0	0	0	0	
13414	0	0	0	0	0	
12949	0	0	0	0	0	
12975	0	0	0	0	0	
13365	0	0	0	0	0	
13414	0	0	0	0	0	
13408	0	0	0	0	0	
13664	0	0	0	0	0	
13134	0	0	0	0	0	
13587	0	0	0	0	0	
13451	0	0	0	0	0	
13212	0	0	0	0	0	
13242	0	0	0	0	0	
13667	0	0	0	0	0	
13464	0	0	0	0	0	
12882	0	0	0	0	0	
13342	0	0	0	0	0	
13228	0	0	0	0	0	
13579	0	0	0	0	0	
13478	0	0	0	0	0	
13611	0	0	0	0	0	
13001	0	0	0	0	0	
13589	0	0	0	0	0	
13384	0	0	0	0	0	
13499	0	0	0	0	0	
13516	0	0	0	0	0	
11553	0	0	0	0	0	
12175	0	0	0	0	0	
12998	0	0	0	0	0	
13687	0	0	0	0	0	
13104	0	0	0	0	0	
13212	0	0	0	0	0	
13180	0	0	0	0	0	
13535	0	0	0	0	0	
12965	0	0	0	0	0	
13069	0	0	0	0	0	
13092	0	0	0	0	0	
13026	0	0	0	0	0	
12819	0	0	0	0	0	
13252	0	0	0	0	0	
12727	0	0	0	0	0	
12984	0	0	0	0	0	
13409	0	0	0	0	0	
13381	0	0	0	0	0	
13555	0	0	0	0	0	
13379	0	0	0	0	0	
13661	0	0	0	0	0	
12257	0	0	0	0	0	
13306	0	0	0	0	0	
13736	0	0	0	0	0	
13680	0	0	0	0	0	
12928	0	0	0	0	0	
13440	0	0	0	0	0	
13516	0	0	0	0	0	
13154	0	0	0	0	0	
13037	0	0	0	0	0	
13373	0	0	0	0	0	
13517	0	0	0	0	0	
13254	0	0	0	0	0	
13045	0	0	0	0	0	
12786	0	0	0	0	0	
13348	0	0	0	0	0	
13333	0	0	0	0	0	
13480	0	0	0	0	0	
13429	0	0	0	0	0	
13330	0	0	0	0	0	
13039	0	0	0	0	0	
12541	0	0	0	0	0	
13496	0	0	0	0	0	
13579	0	0	0	0	0	
13630	0	0	0	0	0	
13403	0	0	0	0	0	
13397	0	0	0	0	0	
13183	0	0	0	0	0	
13624	0	0	0	0	0	
13350	0	0	0	0	0	
12991	0	0	0	0	0	
13014	0	0	0	0	0	
13310	0	0	0	0	0	
13380	0	0	0	0	0	
12984	0	0	0	0	0	
13557	0	0	0	0	0	
12756	0	0	0	0	0	
12956	0	0	0	0	0	
13265	0	0	0	0	0	
13290	0	0	0	0	0	
12762	0	0	0	0	0	
13293	0	0	0	0	0	
12742	0	0	0	0	0	
13327	0	0	0	0	0	
13283	0	0	0	0	0	
13554	0	0	0	0	0	
13361	0	0	0	0	0	
13180	0	0	0	0	0	
13243	0	0	0	0	0	
12904	0	0	0	0	0	
13219	0	0	0	0	0	
13584	0	0	0	0	0	
12781	0	0	0	0	0	
13082	0	0	0	0	0	
13604	0	0	0	0	0	
12520	0	0	0	0	0	
12496	0	0	0	0	0	
13271	0	0	0	0	0	
13692	0	0	0	0	0	
13254	0	0	0	0	0	
12905	0	0	0	0	0	
13141	0	0	0	0	0	
13059	0	0	0	0	0	
13636	0	0	0	0	0	
13334	0	0	0	0	0	
13094	0	0	0	0	0	
12739	0	0	0	0	0	
13555	0	0	0	0	0	
13511	0	0	0	0	0	
13700	0	0	0	0	0	
13544	0	0	0	0	0	
13374	0	0	0	0	0	
13345	0	0	0	0	0	
13158	0	0	0	0	0	
13028	0	0	0	0	0	
13551	0	0	0	0	0	
13386	0	0	0	0	0	
13784	0	0	0	0	0	
13361	0	0	0	0	0	
13036	0	0	0	0	0	
13548	0	0	0	0	0	
13494	0	0	0	0	0	
13684	0	0	0	0	0	
9735	0	0	0	0	0	
13230	0	0	0	0	0	
13466	0	0	0	0	0	
12328	0	0	0	0	0	
13614	0	0	0	0	0	
13504	0	0	0	0	0	
13500	0	0	0	0	0	
13671	0	0	0	0	0	
12366	0	0	0	0	2688	
13177	0	0	0	0	1850	
13541	0	0	0	0	1006	
12408	0	0	0	0	566	
13576	0	0	0	0	347	
13284	0	0	0	0	194	
13634	0	0	0	0	148	
13505	0	0	0	0	75	
13186	0	0	0	0	66	
13463	0	0	0	0	42	
13596	0	0	0	0	50	
13676	0	0	0	0	29	
13425	0	0	0	0	23	
13511	0	0	0	0	16	
12710	0	0	0	0	14	
13407	0	0	0	0	17	
13632	0	0	0	0	13	
13393	0	0	0	0	9	
13276	0	0	0	0	12	
13343	0	0	0	0	9	
13338	0	0	0	0	5	
12752	0	0	0	0	5	
13168	0	0	0	0	8	
13072	0	0	0	0	5	
13460	0	0	0	0	7	
13219	0	0	0	0	6	
12552	0	0	0	0	2	
12780	0	0	0	0	4	
13321	0	0	0	0	2	
13756	0	0	0	0	2	
13543	0	0	0	0	2	
13329	0	0	0	0	3	
14021	0	0	0	0	3	
13495	0	0	0	0	3	
12560	0	0	0	0	2	
13597	0	0	0	0	5	
13702	0	0	0	0	1	
13448	0	0	0	0	2	
13981	0	0	0	0	2	
13766	0	0	0	0	0	
13164	0	0	0	0	0	
12927	0	0	0	0	2	
13410	0	0	0	0	1	
13200	0	0	0	0	0	
13354	0	0	0	0	0	
13278	0	0	0	0	1	
13368	0	0	0	0	0	
12377	0	0	0	0	1	
13012	0	0	0	0	0	
13265	0	0	0	0	3	
13167	0	0	0	0	0	
12564	0	0	0	0	1	
13178	0	0	0	0	2	
11805	0	0	0	0	1	
13307	0	0	0	0	0	
13399	0	0	0	0	1	
13386	0	0	0	0	1	
13210	0	0	0	0	0	
13308	0	0	0	0	1	
12875	0	0	0	0	1	
12187	0	0	0	0	0	
13480	0	0	0	0	0	
12752	0	0	0	0	0	
12757	0	0	0	0	0	
13261	0	0	0	0	0	
12712	0	0	0	0	0	
12056	0	0	0	0	0	
12629	0	0	0	0	0	
13347	0	0	0	0	0	
13156	0	0	0	0	0	
13337	0	0	0	0	0	
13506	0	0	0	0	0	
13678	0	0	0	0	0	
11401	0	0	0	0	0	
13418	0	0	0	0	0	
13042	0	0	0	0	0	
13182	0	0	0	0	0	
12790	0	0	0	0	2	
13455	0	0	0	0	0	
13372	0	0	0	0	0	
12787	0	0	0	0	0	
13435	0	0	0	0	0	
13357	0	0	0	0	0	
13566	0	0	0	0	0	
13600	0	0	0	0	0	
13149	0	0	0	0	0	
12473	0	0	0	0	0	
13005	0	0	0	0	0	
13447	0	0	0	0	0	
13366	0	0	0	0	0	
13029	0	0	0	0	0	
13563	0	0	0	0	1	
12965	0	0	0	0	0	
12620	0	0	0	0	0	
13352	0	0	0	0	0	
13211	0	0	0	0	0	
13244	0	0	0	0	0	
11918	0	0	0	0	0	
13410	0	0	0	0	0	
12588	0	0	0	0	0	
13279	0	0	0	0	0	
12761	0	0	0	0	0	
13341	0	0	0	0	1	
13364	0	0	0	0	0	
13169	0	0	0	0	0	
13677	0	0	0	0	0	
12169	0	0	0	0	0	
13650	0	0	0	0	0	
13570	0	0	0	0	0	
13511	0	0	0	0	0	
13578	0	0	0	0	0	
13513	0	0	0	0	0	
12213	0	0	0	0	0	
13382	0	0	0	0	0	
13365	0	0	0	0	0	
13435	0	0	0	0	0	
13299	0	0	0	0	0	
13557	0	0	0	0	0	
13495	0	0	0	0	0	
12804	0	0	0	0	0	
13675	0	0	0	0	0	
13450	0	0	0	0	0	
13524	0	0	0	0	0	
13437	0	0	0	0	0	
13669	0	0	0	0	0	
11438	0	0	0	0	0	
13498	0	0	0	0	0	
13445	0	0	0	0	0	
12309	0	0	0	0	0	
13008	0	0	0	0	0	
13135	0	0	0	0	0	
13230	0	0	0	0	0	
12310	0	0	0	0	0	
13643	0	0	0	0	0	
13316	0	0	0	0	0	
12984	0	0	0	0	0	
13050	0	0	0	0	0	
13246	0	0	0	0	0	
12373	0	0	0	0	0	
12812	0	0	0	0	0	
13126	0	0	0	0	0	
13238	0	0	0	0	0	
12794	0	0	0	0	0	
12948	0	0	0	0	0	
13143	0	0	0	0	0	
12066	0	0	0	0	0	
13510	0	0	0	0	0	
13501	0	0	0	0	0	
13594	0	0	0	0	0	
13176	0	0	0	0	0	
13077	0	0	0	0	0	
13352	0	0	0	0	0	
12329	0	0	0	0	0	
13523	0	0	0	0	0	
13221	0	0	0	0	11	
13405	0	0	0	0	28	
13080	0	0	0	0	67	
13106	0	0	0	0	24	
12500	0	0	0	0	37	
13312	0	0	0	0	38	
12974	0	0	0	0	31	
13348	0	0	0	0	30	
13007	0	0	0	0	38	
13103	0	0	0	0	46	
13054	0	0	0	0	9	
11370	0	0	0	0	18	
13007	0	0	0	0	30	
13360	0	0	0	0	29	
13171	0	0	0	0	30	
13598	0	0	0	0	38	
13348	0	0	0	0	22	
10037	0	0	0	0	14	
0	0	0	0	0	0	
0	0	0	0	0	0	
