# xct_end restore_begin restore_segment restore_end page_write page_read
0	0	0	0	0	2903	
0	0	0	0	0	4984	
0	0	0	0	0	4885	
0	0	0	0	0	4836	
0	0	0	0	0	4818	
0	0	0	0	0	4801	
0	0	0	0	0	4924	
0	0	0	0	0	4846	
0	0	0	0	0	4818	
0	0	0	0	0	4914	
0	0	0	0	0	4827	
0	0	0	0	0	4814	
0	0	0	0	0	4093	
0	0	0	0	0	4950	
0	0	0	0	0	4933	
0	0	0	0	0	4776	
0	0	0	0	0	4877	
0	0	0	0	0	4868	
0	0	0	0	0	4562	
0	0	0	0	0	4197	
0	0	0	0	0	3632	
0	0	0	0	0	3636	
0	0	0	0	0	3613	
0	0	0	0	0	3823	
0	0	0	0	0	3820	
0	0	0	0	0	3585	
0	0	0	0	0	3766	
0	0	0	0	0	3832	
0	0	0	0	0	3841	
0	0	0	0	0	3921	
0	0	0	0	0	3609	
0	0	0	0	0	3909	
0	0	0	0	0	3849	
0	0	0	0	0	3965	
0	0	0	0	0	3861	
0	0	0	0	0	3599	
0	0	0	0	0	3942	
0	0	0	0	0	3953	
0	0	0	0	0	3896	
0	0	0	0	0	4261	
0	0	0	0	0	5211	
0	0	0	0	0	5229	
0	0	0	0	0	5091	
0	0	0	0	0	5135	
0	0	0	0	0	5207	
0	0	0	0	0	5236	
0	0	0	0	0	5006	
0	0	0	0	0	5228	
0	0	0	0	0	5220	
0	0	0	0	0	4927	
0	0	0	0	0	5028	
0	0	0	0	0	3691	
0	0	0	0	0	3923	
0	0	0	0	0	3719	
0	0	0	0	0	3875	
0	0	0	0	0	3558	
0	0	0	0	0	3860	
0	0	0	0	0	3997	
0	0	0	0	0	3912	
0	0	0	0	0	3851	
0	0	0	0	0	3802	
0	0	0	0	0	4115	
0	0	0	0	0	3802	
0	0	0	0	0	3676	
0	0	0	0	0	3624	
0	0	0	0	0	3887	
0	0	0	0	0	3901	
0	0	0	0	0	3700	
0	0	0	0	0	3885	
0	0	0	0	0	3633	
0	0	0	0	0	3927	
0	0	0	0	0	3878	
0	0	0	0	0	4083	
0	0	0	0	0	4088	
0	0	0	0	0	3598	
0	0	0	0	0	3827	
0	0	0	0	0	4210	
0	0	0	0	0	4056	
0	0	0	0	0	3621	
0	0	0	0	0	3897	
0	0	0	0	0	3787	
0	0	0	0	0	3690	
0	0	0	0	0	3954	
0	0	0	0	0	3660	
0	0	0	0	0	3797	
0	0	0	0	0	3821	
0	0	0	0	0	3900	
0	0	0	0	0	3833	
0	0	0	0	0	3753	
0	0	0	0	0	3844	
0	0	0	0	0	3834	
0	0	0	0	0	3772	
0	0	0	0	0	3814	
0	0	0	0	0	3819	
0	0	0	0	0	3884	
0	0	0	0	0	3739	
0	0	0	0	0	3838	
0	0	0	0	0	3656	
0	0	0	0	0	3611	
0	0	0	0	0	4008	
0	0	0	0	0	4112	
0	0	0	0	0	3877	
0	0	0	0	0	3988	
0	0	0	0	0	3594	
0	0	0	0	0	3898	
0	0	0	0	0	4026	
0	0	0	0	0	3762	
0	0	0	0	0	3627	
0	0	0	0	0	3585	
0	0	0	0	0	3584	
0	0	0	0	0	3584	
0	0	0	0	0	3613	
0	0	0	0	0	3671	
0	0	0	0	0	3761	
0	0	0	0	0	3840	
0	0	0	0	0	3879	
0	0	0	0	0	3582	
0	0	0	0	0	3631	
0	0	0	0	0	3857	
0	0	0	0	0	3913	
0	0	0	0	0	4077	
0	0	0	0	0	3863	
0	0	0	0	0	3652	
0	0	0	0	0	3926	
0	0	0	0	0	3848	
0	0	0	0	0	3741	
0	0	0	0	0	3976	
0	0	0	0	0	3663	
0	0	0	0	0	3775	
0	0	0	0	0	3723	
0	0	0	0	0	3589	
0	0	0	0	0	3913	
0	0	0	0	0	5035	
0	0	0	0	0	5027	
0	0	0	0	0	5037	
0	0	0	0	0	5004	
0	0	0	0	0	5181	
0	0	0	0	0	5128	
0	0	0	0	0	5242	
0	0	0	0	0	4757	
0	0	0	0	0	3741	
0	0	0	0	0	3726	
0	0	0	0	0	4060	
0	0	0	0	0	4928	
0	0	0	0	0	4955	
0	0	0	0	0	5028	
0	0	0	0	0	5038	
0	0	0	0	0	4974	
0	0	0	0	0	5032	
0	0	0	0	0	4762	
0	0	0	0	0	3706	
0	0	0	0	0	3767	
0	0	0	0	0	3639	
0	0	0	0	0	3736	
0	0	0	0	0	3582	
0	0	0	0	0	3594	
0	0	0	0	0	3622	
0	0	0	0	0	3835	
0	0	0	0	0	3611	
0	0	0	0	0	3855	
0	0	0	0	0	3709	
0	0	0	0	0	3559	
0	0	0	0	0	3577	
0	0	0	0	0	3612	
0	0	0	0	0	3925	
0	0	0	0	0	3596	
0	0	0	0	0	4175	
0	0	0	0	0	5042	
0	0	0	0	0	5036	
0	0	0	0	0	4964	
0	0	0	0	0	4987	
0	0	0	0	0	5150	
0	0	0	0	0	5143	
0	0	0	0	0	5198	
0	0	0	0	0	5058	
0	0	0	0	0	5063	
0	0	0	0	0	4994	
0	0	0	0	0	4975	
0	0	0	0	0	5261	
0	0	0	0	0	5104	
0	0	0	0	0	4999	
0	0	0	0	0	5141	
0	0	0	0	0	5198	
0	0	0	0	0	4997	
0	0	0	0	0	5026	
0	0	0	0	0	4983	
0	0	0	0	0	4995	
0	0	0	0	0	5164	
0	0	0	0	0	5127	
0	0	0	0	0	4682	
0	0	0	0	0	3640	
0	0	0	0	0	3609	
0	0	0	0	0	3693	
0	0	0	0	0	3723	
0	0	0	0	0	3712	
0	0	0	0	0	3722	
0	0	0	0	0	3725	
0	0	0	0	0	3721	
0	0	0	0	0	3742	
0	0	0	0	0	3736	
0	0	0	0	0	3720	
0	0	0	0	0	3751	
0	0	0	0	0	3740	
0	0	0	0	0	3731	
0	0	0	0	0	3715	
0	0	0	0	0	3690	
0	0	0	0	0	3701	
0	0	0	0	0	3704	
0	0	0	0	0	3723	
0	0	0	0	0	3726	
0	0	0	0	0	3695	
0	0	0	0	0	3724	
0	0	0	0	0	3713	
0	0	0	0	0	3738	
0	0	0	0	0	3716	
0	0	0	0	0	3724	
0	0	0	0	0	3726	
0	0	0	0	0	3701	
0	0	0	0	0	3735	
0	0	0	0	0	3707	
0	0	0	0	0	3735	
0	0	0	0	0	3735	
0	0	0	0	0	3702	
0	0	0	0	0	3741	
0	0	0	0	0	3723	
0	0	0	0	0	3719	
0	0	0	0	0	3718	
0	0	0	0	0	3722	
0	0	0	0	0	3735	
0	0	0	0	0	3732	
0	0	0	0	0	3735	
0	0	0	0	0	3724	
0	0	0	0	0	3702	
0	0	0	0	0	3740	
0	0	0	0	0	3727	
0	0	0	0	0	3795	
0	0	0	0	0	3728	
0	0	0	0	0	3715	
0	0	0	0	0	3805	
0	0	0	0	0	3738	
0	0	0	0	0	3768	
0	0	0	0	0	3934	
0	0	0	0	0	3712	
0	0	0	0	0	3638	
0	0	0	0	0	3730	
0	0	0	0	0	3733	
0	0	0	0	0	3703	
0	0	0	0	0	3750	
0	0	0	0	0	3728	
0	0	0	0	0	3775	
0	0	0	0	0	3713	
0	0	0	0	0	3630	
0	0	0	0	0	3753	
0	0	0	0	0	3821	
0	0	0	0	0	3713	
0	0	0	0	0	3723	
0	0	0	0	0	3703	
0	0	0	0	0	3766	
0	0	0	0	0	3741	
0	0	0	0	0	3731	
0	0	0	0	0	3745	
0	0	0	0	0	3716	
0	0	0	0	0	3781	
0	0	0	0	0	3714	
0	0	0	0	0	3833	
0	0	0	0	0	3733	
0	0	0	0	0	3744	
0	0	0	0	0	3760	
0	0	0	0	0	3723	
0	0	0	0	0	3740	
0	0	0	0	0	3732	
0	0	0	0	0	3696	
0	0	0	0	0	3742	
0	0	0	0	0	4046	
0	0	0	0	0	3722	
0	0	0	0	0	3745	
0	0	0	0	0	3701	
0	0	0	0	0	3744	
0	0	0	0	0	3722	
0	0	0	0	0	4095	
0	0	0	0	0	4990	
0	0	0	0	0	4966	
0	0	0	0	0	5001	
0	0	0	0	0	5148	
0	0	0	0	0	5020	
0	0	0	0	0	5143	
0	0	0	0	0	5124	
0	0	0	0	0	5247	
0	0	0	0	0	5043	
0	0	0	0	0	4733	
0	0	0	0	0	4279	
0	0	0	0	0	3888	
0	0	0	0	0	3717	
0	0	0	0	0	3761	
0	0	0	0	0	3734	
0	0	0	0	0	3735	
0	0	0	0	0	3938	
0	0	0	0	0	3715	
0	0	0	0	0	3734	
0	0	0	0	0	3642	
0	0	0	0	0	3723	
0	0	0	0	0	3737	
0	0	0	0	0	3705	
0	0	0	0	0	3723	
0	0	0	0	0	3697	
0	0	0	0	0	3855	
0	0	0	0	0	3736	
0	0	0	0	0	3902	
0	0	0	0	0	3725	
0	0	0	0	0	3731	
0	0	0	0	0	3728	
0	0	0	0	0	3744	
0	0	0	0	0	4962	
0	0	0	0	0	4961	
0	0	0	0	0	4990	
0	0	0	0	0	3673	
0	0	0	0	0	3720	
0	0	0	0	0	3820	
0	0	0	0	0	3748	
0	0	0	0	0	4097	
0	0	0	0	0	5265	
0	0	0	0	0	5246	
0	0	0	0	0	5047	
0	0	0	0	0	5218	
0	0	0	0	0	5194	
0	0	0	0	0	5329	
0	0	0	0	0	5309	
0	0	0	0	0	5255	
0	0	0	0	0	5182	
0	0	0	0	0	4835	
0	0	0	0	0	3801	
0	0	0	0	0	3681	
0	0	0	0	0	3802	
0	0	0	0	0	3743	
0	0	0	0	0	3731	
0	0	0	0	0	3811	
0	0	0	0	0	3757	
0	0	0	0	0	3732	
0	0	0	0	0	3742	
0	0	0	0	0	4028	
0	0	0	0	0	3707	
0	0	0	0	0	3713	
0	0	0	0	0	3733	
0	0	0	0	0	3753	
0	0	0	0	0	3721	
0	0	0	0	0	3721	
0	0	0	0	0	3719	
0	0	0	0	0	3797	
0	0	0	0	0	3730	
0	0	0	0	0	3720	
0	0	0	0	0	3717	
0	0	0	0	0	3827	
0	0	0	0	0	3739	
0	0	0	0	0	3730	
0	0	0	0	0	3803	
0	0	0	0	0	3713	
0	0	0	0	0	3688	
0	0	0	0	0	3731	
0	0	0	0	0	3718	
0	0	0	0	0	3767	
0	0	0	0	0	3724	
0	0	0	0	0	3699	
0	0	0	0	0	3976	
0	0	0	0	0	3870	
0	0	0	0	0	3723	
0	0	0	0	0	3892	
0	0	0	0	0	3700	
0	0	0	0	0	3715	
0	0	0	0	0	3709	
0	0	0	0	0	3726	
0	0	0	0	0	3718	
0	0	0	0	0	3722	
0	0	0	0	0	3716	
0	0	0	0	0	3719	
0	0	0	0	0	3715	
0	0	0	0	0	3672	
0	0	0	0	0	3743	
0	0	0	0	0	3710	
0	0	0	0	0	3716	
0	0	0	0	0	3755	
0	0	0	0	0	3701	
0	0	0	0	0	3747	
0	0	0	0	0	3745	
0	0	0	0	0	3801	
0	0	0	0	0	3907	
0	0	0	0	0	4020	
0	0	0	0	0	3754	
0	0	0	0	0	3884	
0	0	0	0	0	3922	
0	0	0	0	0	3777	
0	0	0	0	0	3855	
0	0	0	0	0	3721	
0	0	0	0	0	3826	
0	0	0	0	0	3723	
0	0	0	0	0	3639	
0	0	0	0	0	3692	
0	0	0	0	0	3716	
0	0	0	0	0	3719	
0	0	0	0	0	3949	
0	0	0	0	0	3857	
0	0	0	0	0	3732	
0	0	0	0	0	3714	
0	0	0	0	0	3934	
0	0	0	0	0	3730	
0	0	0	0	0	3941	
0	0	0	0	0	3809	
0	0	0	0	0	3773	
0	0	0	0	0	3727	
0	0	0	0	0	4062	
0	0	0	0	0	4196	
0	0	0	0	0	3920	
0	0	0	0	0	3691	
0	0	0	0	0	3706	
0	0	0	0	0	3705	
0	0	0	0	0	3685	
0	0	0	0	0	3737	
0	0	0	0	0	3791	
0	0	0	0	0	3736	
0	0	0	0	0	3769	
0	0	0	0	0	3804	
0	0	0	0	0	4011	
0	0	0	0	0	3729	
0	0	0	0	0	3702	
0	0	0	0	0	3697	
0	0	0	0	0	3692	
0	0	0	0	0	3712	
0	0	0	0	0	3804	
0	0	0	0	0	3690	
0	0	0	0	0	3699	
0	0	0	0	0	3931	
0	0	0	0	0	3720	
0	0	0	0	0	3719	
0	0	0	0	0	3728	
0	0	0	0	0	3773	
0	0	0	0	0	3890	
0	0	0	0	0	3720	
0	0	0	0	0	3714	
0	0	0	0	0	3721	
0	0	0	0	0	3687	
0	0	0	0	0	3696	
0	0	0	0	0	3980	
0	0	0	0	0	3754	
0	0	0	0	0	3891	
0	0	0	0	0	3823	
0	0	0	0	0	4001	
0	0	0	0	0	3725	
0	0	0	0	0	3764	
0	0	0	0	0	3700	
0	0	0	0	0	3761	
0	0	0	0	0	3814	
0	0	0	0	0	3754	
0	0	0	0	0	3725	
0	0	0	0	0	3721	
0	0	0	0	0	3695	
0	0	0	0	0	3726	
0	0	0	0	0	3707	
0	0	0	0	0	3706	
0	0	0	0	0	3715	
0	0	0	0	0	3907	
0	0	0	0	0	3847	
0	0	0	0	0	3729	
0	0	0	0	0	3803	
0	0	0	0	0	3705	
0	0	0	0	0	3786	
0	0	0	0	0	3745	
0	0	0	0	0	3726	
0	0	0	0	0	3699	
0	0	0	0	0	3714	
0	0	0	0	0	3696	
0	0	0	0	0	3727	
0	0	0	0	0	3647	
0	0	0	0	0	3713	
0	0	0	0	0	3715	
0	0	0	0	0	3703	
0	0	0	0	0	3716	
0	0	0	0	0	3696	
0	0	0	0	0	3685	
0	0	0	0	0	3717	
0	0	0	0	0	3709	
0	0	0	0	0	3698	
0	0	0	0	0	3710	
0	0	0	0	0	3713	
0	0	0	0	0	3714	
0	0	0	0	0	3674	
0	0	0	0	0	3741	
0	0	0	0	0	3708	
0	0	0	0	0	3712	
0	0	0	0	0	3716	
0	0	0	0	0	3684	
0	0	0	0	0	3702	
0	0	0	0	0	3704	
0	0	0	0	0	3720	
0	0	0	0	0	3702	
0	0	0	0	0	3673	
0	0	0	0	0	3729	
0	0	0	0	0	3609	
0	0	0	0	0	3705	
0	0	0	0	0	3699	
0	0	0	0	0	3781	
0	0	0	0	0	3788	
0	0	0	0	0	3686	
0	0	0	0	0	3712	
0	0	0	0	0	3712	
0	0	0	0	0	3680	
0	0	0	0	0	3783	
0	0	0	0	0	3705	
0	0	0	0	0	3686	
0	0	0	0	0	3785	
0	0	0	0	0	4121	
0	0	0	0	0	3696	
0	0	0	0	0	3829	
0	0	0	0	0	3799	
0	0	0	0	0	3851	
0	0	0	0	0	3701	
0	0	0	0	0	3776	
0	0	0	0	0	4024	
0	0	0	0	0	3997	
0	0	0	0	0	3836	
0	0	0	0	0	3848	
0	0	0	0	0	3720	
0	0	0	0	0	3703	
0	0	0	0	0	3739	
0	0	0	0	0	4874	
0	0	0	0	0	4912	
0	0	0	0	0	4879	
0	0	0	0	0	4908	
0	0	0	0	0	4920	
0	0	0	0	0	4064	
0	0	0	0	0	3893	
0	0	0	0	0	3732	
0	0	0	0	0	3843	
0	0	0	0	0	3877	
0	0	0	0	0	4082	
0	0	0	0	0	4072	
0	0	0	0	0	3821	
0	0	0	0	0	3699	
0	0	0	0	0	3718	
0	0	0	0	0	3967	
0	0	0	0	0	3690	
0	0	0	0	0	3897	
0	0	0	0	0	3706	
0	0	0	0	0	3710	
0	0	0	0	0	3721	
0	0	0	0	0	3811	
0	0	0	0	0	4028	
0	0	0	0	0	3682	
0	0	0	0	0	3674	
0	0	0	0	0	3869	
0	0	0	0	0	3719	
0	0	0	0	0	3950	
0	0	0	0	0	3780	
0	0	0	0	0	3688	
0	0	0	0	0	3811	
0	0	0	0	0	4144	
0	0	0	0	0	3964	
0	0	0	0	0	3793	
0	0	0	0	0	3751	
0	0	0	0	0	3766	
0	0	0	0	0	3843	
0	0	0	0	0	3769	
0	0	0	0	0	3700	
0	0	0	0	0	3756	
0	0	0	0	0	3937	
0	0	0	0	0	3816	
0	0	0	0	0	3858	
0	0	0	0	0	3810	
0	0	0	0	0	3863	
0	0	0	0	0	3855	
0	0	0	0	0	3707	
0	0	0	0	0	3801	
0	0	0	0	0	3957	
0	0	0	0	0	3844	
0	0	0	0	0	3955	
0	0	0	0	0	3747	
0	0	0	0	0	3781	
0	0	0	0	0	3765	
0	0	0	0	0	3727	
0	0	0	0	0	3878	
0	0	0	0	0	3913	
0	0	0	0	0	3653	
0	0	0	0	0	3739	
0	0	0	0	0	3958	
0	0	0	0	0	3867	
0	0	0	0	0	3917	
0	0	0	0	0	3881	
0	0	0	0	0	3715	
0	0	0	0	0	3906	
0	0	0	0	0	3776	
0	0	0	0	0	3677	
0	0	0	0	0	3747	
0	0	0	0	0	4000	
0	0	0	0	0	4156	
0	0	0	0	0	4027	
0	0	0	0	0	3877	
0	0	0	0	0	3746	
0	0	0	0	0	3905	
0	0	0	0	0	3788	
0	0	0	0	0	3894	
0	0	0	0	0	3680	
0	0	0	0	0	3686	
0	0	0	0	0	3682	
0	0	0	0	0	3689	
0	0	0	0	0	3879	
0	0	0	0	0	3672	
0	0	0	0	0	3763	
0	0	0	0	0	3746	
0	0	0	0	0	3868	
0	0	0	0	0	3733	
0	0	0	0	0	3707	
0	0	0	0	0	3708	
0	0	0	0	0	3887	
0	0	0	0	0	3880	
0	0	0	0	0	3749	
0	0	0	0	0	3727	
0	0	0	0	0	3779	
0	0	0	0	0	3910	
0	0	0	0	0	3842	
0	0	0	0	0	3790	
0	0	0	0	0	3918	
0	0	0	0	0	3973	
0	0	0	0	0	3715	
0	0	0	0	0	4333	
0	0	0	0	0	3722	
0	0	0	0	0	3821	
0	0	0	0	0	3929	
0	0	0	0	0	3764	
0	0	0	0	0	3837	
0	0	0	0	0	3731	
0	0	0	0	0	3758	
0	0	0	0	0	3805	
0	0	0	0	0	4086	
0	0	0	0	0	3798	
0	0	0	0	0	3701	
0	0	0	0	0	3746	
0	0	0	0	0	3732	
0	0	0	0	0	3798	
0	0	0	0	0	3999	
0	0	0	0	0	3704	
0	0	0	0	0	3841	
0	0	0	0	0	3979	
0	0	0	0	0	3711	
0	0	0	0	0	3692	
0	0	0	0	0	3732	
0	0	0	0	0	3981	
0	0	0	0	0	3696	
0	0	0	0	0	3837	
0	0	0	0	0	3643	
0	0	0	0	0	3619	
0	0	0	0	0	3788	
0	0	0	0	0	3775	
0	0	0	0	0	3899	
0	0	0	0	0	4191	
0	0	0	0	0	3704	
0	0	0	0	0	4133	
0	0	0	0	0	4051	
0	0	0	0	0	3900	
0	0	0	0	0	3828	
0	0	0	0	0	3703	
0	0	0	0	0	3899	
0	0	0	0	0	4022	
0	0	0	0	0	4244	
0	0	0	0	0	3790	
0	0	0	0	0	3885	
0	0	0	0	0	3930	
0	0	0	0	0	4283	
0	0	0	0	0	3719	
0	0	0	0	0	3719	
0	0	0	0	0	3718	
0	0	0	0	0	4732	
0	0	0	0	0	4838	
0	0	0	0	0	4882	
0	0	0	0	0	4952	
0	0	0	0	0	4941	
0	0	0	0	0	4896	
0	0	0	0	0	4532	
0	0	0	0	0	3671	
0	0	0	0	0	3678	
0	0	0	0	0	3774	
0	0	0	0	0	3765	
0	0	0	0	0	3743	
0	0	0	0	0	3772	
0	0	0	0	0	3746	
0	0	0	0	0	3834	
0	0	0	0	0	3741	
0	0	0	0	0	3795	
0	0	0	0	0	3873	
0	0	0	0	0	3787	
0	0	0	0	0	3781	
0	0	0	0	0	3675	
0	0	0	0	0	3691	
0	0	0	0	0	3862	
0	0	0	0	0	3696	
0	0	0	0	0	3735	
0	0	0	0	0	3727	
0	0	0	0	0	3821	
0	0	0	0	0	3751	
0	0	0	0	0	3884	
0	0	0	0	0	3792	
0	0	0	0	0	3695	
0	0	0	0	0	3693	
0	0	0	0	0	3906	
0	0	0	0	0	3669	
0	0	0	0	0	3941	
0	0	0	0	0	3688	
0	0	0	0	0	3758	
0	0	0	0	0	3733	
0	0	0	0	0	3781	
0	0	0	0	0	3644	
0	0	0	0	0	3686	
0	0	0	0	0	3822	
0	0	0	0	0	3709	
0	0	0	0	0	3947	
0	0	0	0	0	3914	
0	0	0	0	0	3752	
0	0	0	0	0	3783	
0	0	0	0	0	3938	
0	0	0	0	0	3721	
0	0	0	0	0	3664	
0	0	0	0	0	3681	
0	0	0	0	0	3702	
0	0	0	0	0	3687	
0	0	0	0	0	3705	
0	0	0	0	0	3677	
0	0	0	0	0	3697	
0	0	0	0	0	3685	
0	0	0	0	0	3694	
0	0	0	0	0	3698	
0	0	0	0	0	3699	
0	0	0	0	0	3684	
0	0	0	0	0	3690	
0	0	0	0	0	3670	
0	0	0	0	0	3675	
0	0	0	0	0	3805	
0	0	0	0	0	3704	
0	0	0	0	0	3787	
0	0	0	0	0	3715	
0	0	0	0	0	3790	
0	0	0	0	0	3703	
0	0	0	0	0	3907	
0	0	0	0	0	3743	
0	0	0	0	0	3814	
0	0	0	0	0	3723	
0	0	0	0	0	3669	
0	0	0	0	0	3712	
0	0	0	0	0	3756	
0	0	0	0	0	3872	
0	0	0	0	0	3913	
0	0	0	0	0	3646	
0	0	0	0	0	3702	
0	0	0	0	0	3701	
0	0	0	0	0	3716	
0	0	0	0	0	3704	
0	0	0	0	0	3733	
0	0	0	0	0	3732	
0	0	0	0	0	3933	
0	0	0	0	0	3858	
0	0	0	0	0	3728	
0	0	0	0	0	3723	
0	0	0	0	0	3728	
0	0	0	0	0	3777	
0	0	0	0	0	3874	
0	0	0	0	0	3737	
0	0	0	0	0	3852	
0	0	0	0	0	3796	
0	0	0	0	0	3807	
0	0	0	0	0	3851	
0	0	0	0	0	3832	
0	0	0	0	0	3700	
0	0	0	0	0	3718	
0	0	0	0	0	3742	
0	0	0	0	0	3836	
0	0	0	0	0	3751	
0	0	0	0	0	3768	
0	0	0	0	0	3810	
0	0	0	0	0	3854	
0	0	0	0	0	4048	
0	0	0	0	0	3711	
0	0	0	0	0	3792	
0	0	0	0	0	3931	
0	0	0	0	0	3775	
0	0	0	0	0	3703	
0	0	0	0	0	3716	
0	0	0	0	0	3850	
0	0	0	0	0	3887	
0	0	0	0	0	3761	
0	0	0	0	0	3676	
0	0	0	0	0	3701	
0	0	0	0	0	3705	
0	0	0	0	0	3900	
0	0	0	0	0	3797	
0	0	0	0	0	3720	
0	0	0	0	0	3702	
0	0	0	0	0	3718	
0	0	0	0	0	3780	
0	0	0	0	0	3779	
0	0	0	0	0	3639	
0	0	0	0	0	3690	
0	0	0	0	0	3764	
0	0	0	0	0	3682	
0	0	0	0	0	3783	
0	0	0	0	0	3895	
0	0	0	0	0	3693	
0	0	0	0	0	3791	
8	0	0	0	0	3559	
1442	0	0	0	0	23140	
2658	0	0	0	0	27878	
3954	0	0	0	0	28230	
4845	0	0	0	0	28187	
5127	0	0	0	0	28133	
5937	0	0	0	0	27993	
6487	0	0	0	0	28105	
7356	0	0	0	0	27843	
8037	0	0	0	0	27360	
7242	0	0	0	0	21429	
0	0	0	0	0	0	
0	0	0	0	0	0	
0	0	0	0	0	0	
0	0	0	0	0	0	
1219	0	0	0	0	3449	
9263	0	0	0	0	23608	
9981	0	0	0	0	21556	
9994	0	0	0	0	18475	
10784	0	0	0	0	17597	
10471	0	0	0	0	14899	
10538	0	0	0	0	13330	
10850	0	0	0	0	12262	
10783	0	0	0	0	10358	
11287	0	0	0	0	9604	
10994	0	0	0	0	8623	
10943	0	0	0	0	7748	
11245	0	0	0	0	7234	
11227	0	0	0	0	6524	
11582	0	0	0	0	6326	
11272	0	0	0	0	5760	
11109	0	0	0	0	4954	
11240	0	0	0	0	4709	
11286	0	0	0	0	4535	
11320	0	0	0	0	4286	
11621	0	0	0	0	3991	
11095	0	0	0	0	3666	
11512	0	0	0	0	3585	
10781	0	0	0	0	3251	
11862	0	0	0	0	3263	
11024	0	0	0	0	2974	
11396	0	0	0	0	2980	
11355	0	0	0	0	2815	
11549	0	0	0	0	2633	
11705	0	0	0	0	2529	
11218	0	0	0	0	2386	
11555	0	0	0	0	2415	
11953	0	0	0	0	2206	
11525	0	0	0	0	2294	
11356	0	0	0	0	2089	
11669	0	0	0	0	1976	
11614	0	0	0	0	2024	
11351	0	0	0	0	1824	
11200	0	0	0	0	1756	
10962	0	0	0	0	1624	
11542	0	0	0	0	1639	
11450	0	0	0	0	1691	
11517	0	0	0	0	1688	
12005	0	0	0	0	1661	
11796	0	0	0	0	1647	
11410	0	0	0	0	1476	
11481	0	0	0	0	1437	
11518	0	0	0	0	1370	
11719	0	0	0	0	1473	
11294	0	0	0	0	1281	
11514	0	0	0	0	1346	
11258	0	0	0	0	1268	
11410	0	0	0	0	1212	
11163	0	0	0	0	1196	
11521	0	0	0	0	1284	
12064	0	0	0	0	1168	
12028	0	0	0	0	1253	
11672	0	0	0	0	1137	
11453	0	0	0	0	1012	
11297	0	0	0	0	1070	
11480	0	0	0	0	984	
11634	0	0	0	0	1086	
11561	0	0	0	0	1021	
11624	0	0	0	0	1001	
12058	0	0	0	0	1012	
12502	0	0	0	0	1053	
11505	0	0	0	0	916	
11895	0	0	0	0	912	
12031	0	0	0	0	985	
11649	0	0	0	0	956	
11246	0	0	0	0	897	
11746	0	0	0	0	814	
11962	0	0	0	0	795	
11870	0	0	0	0	855	
11260	0	0	0	0	774	
11455	0	0	0	0	794	
11914	0	0	0	0	780	
11985	0	0	0	0	782	
11619	0	0	0	0	754	
11334	0	0	0	0	663	
11822	0	0	0	0	749	
11380	0	0	0	0	717	
10837	0	0	0	0	730	
11181	0	0	0	0	713	
11606	0	0	0	0	739	
11410	0	0	0	0	635	
11486	0	0	0	0	629	
11577	0	0	0	0	658	
11968	0	0	0	0	713	
11246	0	0	0	0	707	
11391	0	0	0	0	693	
11288	0	0	0	0	573	
11655	0	0	0	0	624	
11361	0	0	0	0	607	
11588	0	0	0	0	653	
11699	0	0	0	0	529	
11610	0	0	0	0	579	
11305	0	0	0	0	606	
11771	0	0	0	0	631	
11360	0	0	0	0	582	
12223	0	0	0	0	551	
11528	0	0	0	0	578	
11840	0	0	0	0	602	
11687	0	0	0	0	596	
11194	0	0	0	0	549	
11793	0	0	0	0	606	
11678	0	0	0	0	534	
11413	0	0	0	0	568	
11496	0	0	0	0	519	
11948	0	0	0	0	510	
12117	0	0	0	0	581	
11465	0	0	0	0	533	
11940	0	0	0	0	530	
11263	0	0	0	0	454	
11830	0	0	0	0	547	
11581	0	0	0	0	523	
11686	0	0	0	0	478	
11324	0	0	0	0	499	
11461	0	0	0	0	511	
11434	0	0	0	0	528	
11463	0	0	0	0	487	
11299	0	0	0	0	490	
11962	0	0	0	0	486	
11618	0	0	0	0	425	
11880	0	0	0	0	468	
11900	0	0	0	0	544	
11222	0	0	0	0	441	
11731	0	0	0	0	440	
11990	0	0	0	0	465	
11790	0	0	0	0	518	
11667	0	0	0	0	420	
11546	0	0	0	0	433	
11916	0	0	0	0	449	
11821	0	0	0	0	427	
11463	0	0	0	0	483	
11728	0	0	0	0	397	
12249	0	0	0	0	423	
11615	0	0	0	0	485	
11347	0	0	0	0	412	
11586	0	0	0	0	412	
11640	0	0	0	0	382	
11261	0	0	0	0	365	
11305	0	0	0	0	433	
11691	0	0	0	0	386	
11764	0	0	0	0	367	
11892	0	0	0	0	430	
11453	0	0	0	0	409	
11379	0	0	0	0	403	
11212	0	0	0	0	403	
11424	0	0	0	0	402	
11384	0	0	0	0	379	
11755	0	0	0	0	353	
12029	0	0	0	0	420	
11447	0	0	0	0	384	
11660	0	0	0	0	384	
11426	0	0	0	0	350	
12002	0	0	0	0	414	
12391	0	0	0	0	459	
11501	0	0	0	0	381	
11492	0	0	0	0	385	
11912	0	0	0	0	352	
11726	0	0	0	0	337	
11771	0	0	0	0	387	
11763	0	0	0	0	338	
12221	0	0	0	0	337	
11343	0	0	0	0	373	
11905	0	0	0	0	332	
12282	0	0	0	0	338	
11790	0	0	0	0	407	
12805	0	0	0	0	417	
11026	0	0	0	0	299	
11212	0	0	0	0	376	
11628	0	0	0	0	300	
11399	0	0	0	0	391	
11491	0	0	0	0	362	
11572	0	0	0	0	364	
11687	0	0	0	0	328	
11395	0	0	0	0	405	
11832	0	0	0	0	296	
11994	0	0	0	0	388	
11715	0	0	0	0	353	
11520	0	0	0	0	344	
11375	0	0	0	0	347	
11804	0	0	0	0	352	
11585	0	0	0	0	368	
11110	0	0	0	0	300	
11440	0	0	0	0	388	
11599	0	0	0	0	321	
11373	0	0	0	0	313	
11554	0	0	0	0	356	
11667	0	0	0	0	353	
11500	0	0	0	0	313	
11714	0	0	0	0	324	
11304	0	0	0	0	314	
11158	0	0	0	0	314	
11288	0	0	0	0	341	
11945	0	0	0	0	360	
11688	0	0	0	0	349	
11372	0	0	0	0	370	
11471	0	0	0	0	348	
11445	0	0	0	0	349	
12444	0	0	0	0	334	
11935	0	0	0	0	309	
11884	0	0	0	0	354	
11799	0	0	0	0	324	
11264	0	0	0	0	331	
11850	0	0	0	0	318	
11394	0	0	0	0	271	
11914	0	0	0	0	330	
11469	0	0	0	0	297	
11461	0	0	0	0	310	
11347	0	0	0	0	285	
12104	0	0	0	0	306	
11629	0	0	0	0	260	
10953	0	0	0	0	344	
11344	0	0	0	0	340	
11639	0	0	0	0	304	
11714	0	0	0	0	302	
11465	0	0	0	0	274	
11770	0	0	0	0	313	
11465	0	0	0	0	270	
11590	0	0	0	0	237	
11152	0	0	0	0	225	
11736	0	0	0	0	299	
12113	0	0	0	0	298	
11993	0	0	0	0	286	
11733	0	0	0	0	299	
11389	0	0	0	0	313	
11934	0	0	0	0	300	
10992	0	0	0	0	290	
11607	0	0	0	0	288	
11455	0	0	0	0	308	
11888	0	0	0	0	212	
11586	0	0	0	0	243	
12059	0	0	0	0	260	
12215	0	0	0	0	281	
11637	0	0	0	0	282	
11592	0	0	0	0	272	
11603	0	0	0	0	311	
11572	0	0	0	0	270	
11504	0	0	0	0	347	
11543	0	0	0	0	251	
11886	0	0	0	0	277	
11302	0	0	0	0	269	
11604	0	0	0	0	293	
11543	0	0	0	0	348	
11923	0	0	0	0	265	
12231	0	0	0	0	273	
11881	0	0	0	0	322	
11698	0	0	0	0	278	
11812	0	0	0	0	274	
11215	0	0	0	0	300	
11760	0	0	0	0	274	
11185	0	0	0	0	215	
11420	0	0	0	0	266	
11594	0	0	0	0	230	
11543	0	0	0	0	247	
11486	0	0	0	0	279	
11883	0	0	0	0	268	
11064	0	0	0	0	239	
11619	0	0	0	0	257	
11833	0	0	0	0	220	
11279	0	0	0	0	308	
11563	0	0	0	0	304	
11961	0	0	0	0	293	
11607	0	0	0	0	298	
11121	0	0	0	0	264	
12154	0	0	0	0	284	
12172	0	0	0	0	327	
11165	0	0	0	0	226	
11724	0	0	0	0	297	
11771	0	0	0	0	241	
11626	0	0	0	0	252	
10986	0	0	0	0	278	
11434	0	0	0	0	259	
11499	0	0	0	0	238	
11729	0	0	0	0	249	
11457	0	0	0	0	260	
11332	0	0	0	0	277	
12240	0	0	0	0	278	
12155	0	0	0	0	229	
11195	0	0	0	0	250	
11495	0	0	0	0	211	
11584	0	0	0	0	246	
11439	0	0	0	0	236	
11197	0	0	0	0	233	
11332	0	0	0	0	250	
11482	0	0	0	0	252	
10981	0	0	0	0	248	
11034	0	0	0	0	235	
11315	0	0	0	0	246	
11929	0	0	0	0	224	
12262	0	0	0	0	305	
11533	0	0	0	0	253	
11828	0	0	0	0	220	
11014	0	0	0	0	204	
11679	0	0	0	0	237	
11560	0	0	0	0	259	
11182	0	0	0	0	212	
11616	0	0	0	0	275	
11782	0	0	0	0	221	
11947	0	0	0	0	290	
11548	0	0	0	0	230	
11767	0	0	0	0	216	
11899	0	0	0	0	214	
11474	0	0	0	0	260	
11586	0	0	0	0	254	
11459	0	0	0	0	246	
11498	0	0	0	0	279	
11219	0	0	0	0	207	
11625	0	0	0	0	226	
11272	0	0	0	0	200	
11732	0	0	0	0	268	
11884	0	0	0	0	213	
11412	0	0	0	0	247	
11891	0	0	0	0	259	
11785	0	0	0	0	206	
11478	0	0	0	0	233	
11395	0	0	0	0	238	
11727	0	0	0	0	206	
11942	0	0	0	0	270	
11289	0	0	0	0	231	
11328	0	0	0	0	191	
11344	0	0	0	0	260	
11784	0	0	0	0	238	
11265	0	0	0	0	232	
11753	0	0	0	0	186	
11541	0	0	0	0	229	
11978	0	0	0	0	209	
11559	0	0	0	0	235	
11544	0	0	0	0	201	
11396	0	0	0	0	205	
11616	0	0	0	0	251	
11833	0	0	0	0	203	
11493	0	0	0	0	156	
11775	0	0	0	0	227	
11932	0	0	0	0	220	
11780	0	0	0	0	272	
11474	0	0	0	0	252	
11821	0	0	0	0	220	
11480	0	0	0	0	207	
11293	0	0	0	0	188	
11391	0	0	0	0	195	
11550	0	0	0	0	202	
11705	0	0	0	0	226	
11449	0	0	0	0	210	
11801	0	0	0	0	184	
11546	0	0	0	0	208	
12107	0	0	0	0	250	
11400	0	0	0	0	246	
11560	0	0	0	0	218	
11522	0	0	0	0	186	
11647	0	0	0	0	212	
11049	0	0	0	0	229	
11578	0	0	0	0	243	
11467	0	0	0	0	189	
11729	0	0	0	0	197	
11869	0	0	0	0	214	
11695	0	0	0	0	211	
11386	0	0	0	0	199	
12227	0	0	0	0	218	
11744	0	0	0	0	218	
11204	0	0	0	0	201	
11811	0	0	0	0	208	
11732	0	0	0	0	251	
11817	0	0	0	0	205	
11784	0	0	0	0	215	
11701	0	0	0	0	219	
11919	0	0	0	0	225	
11416	0	0	0	0	172	
11839	0	0	0	0	237	
12077	0	0	0	0	206	
11709	0	0	0	0	183	
11990	0	0	0	0	192	
11569	0	0	0	0	214	
11299	0	0	0	0	200	
11296	0	0	0	0	206	
11481	0	0	0	0	166	
11995	0	0	0	0	220	
11540	0	0	0	0	205	
12042	0	0	0	0	198	
11773	0	0	0	0	170	
11851	0	0	0	0	227	
11561	0	0	0	0	215	
11592	0	0	0	0	203	
11248	0	0	0	0	198	
11354	0	0	0	0	246	
11390	0	0	0	0	188	
11651	0	0	0	0	213	
11344	0	0	0	0	162	
11862	0	0	0	0	185	
10955	0	0	0	0	191	
11977	0	0	0	0	225	
11621	0	0	0	0	189	
11743	0	0	0	0	250	
11456	0	0	0	0	240	
11991	0	0	0	0	193	
11622	0	0	0	0	197	
11611	0	0	0	0	199	
11462	0	0	0	0	176	
12087	0	0	0	0	196	
11748	0	0	0	0	188	
11766	0	0	0	0	180	
11703	0	0	0	0	222	
12191	0	0	0	0	183	
11737	0	0	0	0	194	
11335	0	0	0	0	157	
11181	0	0	0	0	172	
11616	0	0	0	0	157	
11129	0	0	0	0	182	
11593	0	0	0	0	165	
11787	0	0	0	0	186	
11538	0	0	0	0	184	
11679	0	0	0	0	230	
12023	0	0	0	0	215	
11722	0	0	0	0	194	
11820	0	0	0	0	153	
11214	0	0	0	0	180	
11466	0	0	0	0	173	
11319	0	0	0	0	203	
11797	0	0	0	0	206	
11459	0	0	0	0	203	
11725	0	0	0	0	189	
11818	0	0	0	0	201	
11672	0	0	0	0	205	
11990	0	0	0	0	195	
11834	0	0	0	0	194	
11623	0	0	0	0	201	
11571	0	0	0	0	206	
11560	0	0	0	0	150	
11338	0	0	0	0	203	
11176	0	0	0	0	193	
11577	0	0	0	0	192	
11048	0	0	0	0	180	
11670	0	0	0	0	228	
11355	0	0	0	0	193	
11898	0	0	0	0	200	
11717	0	0	0	0	178	
11429	0	0	0	0	188	
11750	0	0	0	0	176	
11899	0	0	0	0	165	
11675	0	0	0	0	170	
11743	0	0	0	0	221	
11442	0	0	0	0	143	
11948	0	0	0	0	193	
11773	0	0	0	0	205	
11473	0	0	0	0	181	
11803	0	0	0	0	184	
12166	0	0	0	0	212	
12485	0	0	0	0	217	
11493	0	0	0	0	170	
11913	0	0	0	0	220	
11874	0	0	0	0	226	
11714	0	0	0	0	172	
12080	0	0	0	0	229	
7750	0	0	0	0	153	
11919	0	0	0	0	218	
11518	0	0	0	0	181	
11560	0	0	0	0	208	
12017	0	0	0	0	189	
12063	0	0	0	0	178	
12030	0	0	0	0	201	
9694	0	0	0	0	158	
9452	0	0	0	0	169	
6814	0	0	0	0	114	
11400	0	0	0	0	227	
10279	0	0	0	0	188	
7616	0	0	0	0	127	
11750	0	0	0	0	205	
11779	0	0	0	0	198	
11774	0	0	0	0	229	
11697	0	0	0	0	195	
11835	0	0	0	0	231	
9327	0	0	0	0	166	
11605	0	0	0	0	198	
11742	0	0	0	0	206	
11659	0	0	0	0	205	
10829	0	0	0	0	185	
11855	0	0	0	0	172	
9102	0	0	0	0	145	
10720	0	0	0	0	204	
9322	0	0	0	0	175	
11654	0	0	0	0	196	
11901	0	0	0	0	223	
11717	0	0	0	0	200	
9275	0	0	0	0	98	
12031	0	0	0	0	186	
11443	0	0	0	0	190	
11797	0	0	0	0	194	
8447	0	0	0	0	132	
10072	0	0	0	0	133	
9971	0	0	0	0	179	
10824	0	0	0	0	184	
10112	0	0	0	0	189	
9575	0	0	0	0	148	
9424	0	0	0	0	148	
11904	0	0	0	0	173	
9276	0	0	0	0	170	
9860	0	0	0	0	163	
11735	0	0	0	0	185	
10646	0	0	0	0	164	
11742	0	0	0	0	192	
10820	0	0	0	0	165	
10386	0	0	0	0	188	
11934	0	0	0	0	180	
11203	0	0	0	0	195	
11915	0	0	0	0	171	
12022	0	0	0	0	218	
11714	0	0	0	0	175	
10851	0	0	0	0	166	
10801	0	0	0	0	197	
10485	0	0	0	0	152	
9139	0	0	0	0	184	
11381	0	0	0	0	165	
11665	0	0	0	0	152	
9439	0	0	0	0	124	
12084	0	0	0	0	157	
10704	0	0	0	0	194	
11474	0	0	0	0	186	
10163	0	0	0	0	145	
11207	0	0	0	0	183	
11698	0	0	0	0	185	
11480	0	0	0	0	162	
12035	0	0	0	0	201	
11894	0	0	0	0	172	
9298	0	0	0	0	146	
9389	0	0	0	0	168	
10266	0	0	0	0	202	
9308	0	0	0	0	181	
9194	0	0	0	0	154	
11409	0	0	0	0	199	
9838	0	0	0	0	172	
11898	0	0	0	0	186	
11965	0	0	0	0	209	
10674	0	0	0	0	172	
12092	0	0	0	0	227	
11954	0	0	0	0	187	
10328	0	0	0	0	142	
9076	0	0	0	0	181	
9377	0	0	0	0	138	
10687	0	0	0	0	175	
8245	0	0	0	0	115	
10416	0	0	0	0	207	
11104	0	0	0	0	176	
8911	0	0	0	0	149	
11548	0	0	0	0	171	
12143	0	0	0	0	155	
9673	0	0	0	0	177	
11795	0	0	0	0	197	
11539	0	0	0	0	155	
10034	0	0	0	0	129	
10260	0	0	0	0	156	
8509	0	0	0	0	143	
11271	0	0	0	0	164	
11483	0	0	0	0	146	
11417	0	0	0	0	141	
12035	0	0	0	0	157	
7846	0	0	0	0	139	
8413	0	0	0	0	131	
9584	0	0	0	0	155	
12322	0	0	0	0	213	
11428	0	0	0	0	200	
11596	0	0	0	0	192	
9403	0	0	0	0	168	
12026	0	0	0	0	170	
11912	0	0	0	0	175	
9590	0	0	0	0	132	
9519	0	0	0	0	183	
10294	0	0	0	0	165	
10559	0	0	0	0	148	
11503	0	0	0	0	174	
9250	0	0	0	0	130	
10502	0	0	0	0	159	
9202	0	0	0	0	161	
10037	0	0	0	0	164	
11834	0	0	0	0	176	
11587	0	0	0	0	188	
9293	0	0	0	0	141	
11510	0	0	0	0	191	
11565	0	0	0	0	194	
9690	0	0	0	0	170	
11797	0	0	0	0	212	
11682	0	0	0	0	194	
11939	0	0	0	0	190	
12356	0	0	0	0	223	
10125	0	0	0	0	159	
8488	0	0	0	0	122	
11525	0	0	0	0	165	
8342	0	0	0	0	129	
11255	0	0	0	0	178	
10896	0	0	0	0	153	
11732	0	0	0	0	177	
11830	0	0	0	0	199	
11397	0	0	0	0	171	
12260	0	0	0	0	198	
11989	0	0	0	0	196	
9159	0	0	0	0	131	
10815	0	0	0	0	199	
9629	0	0	0	0	152	
8544	0	0	0	0	137	
11521	1	0	0	0	147	
1689	0	0	0	0	0	
0	0	0	0	0	0	
0	0	0	0	0	0	
0	0	0	0	0	0	
0	0	0	0	0	0	
51	0	1	0	1	1	
0	0	1	0	1	1	
0	0	0	0	0	0	
15	0	1	0	1	1	
0	0	1	0	1	1	
0	0	1	0	1	1	
0	0	0	0	0	0	
118	0	1	0	1	1	
0	0	0	0	0	0	
7	0	1	0	1	1	
118	0	1	0	1	2	
163	0	0	0	0	0	
154	0	1	0	1	1	
0	0	0	0	0	0	
55	0	1	0	1	1	
71	0	1	0	1	1	
0	0	1	0	1	1	
0	0	0	0	0	0	
149	0	1	0	1	1	
760	0	1	0	1	1	
0	0	0	0	0	0	
35	0	1	0	1	1	
41	0	1	0	1	2	
0	0	1	0	1	1	
317	0	1	0	1	1	
93	0	1	0	1	1	
264	0	1	0	1	1	
0	0	0	0	0	0	
290	0	1	0	1	1	
476	0	1	0	1	2	
0	0	1	0	1	1	
111	0	1	0	1	1	
0	0	0	0	0	0	
448	0	1	0	1	1	
0	0	1	0	1	1	
505	0	1	0	1	1	
1164	0	1	0	1	2	
267	0	1	0	1	1	
0	0	0	0	0	0	
78	0	1	0	1	1	
358	0	1	0	1	1	
0	0	0	0	0	0	
201	0	2	0	2	2	
48	0	0	0	0	0	
173	0	1	0	1	1	
0	0	1	0	1	1	
0	0	0	0	0	0	
298	0	1	0	1	1	
437	0	1	0	1	1	
20	0	1	0	1	1	
0	0	0	0	0	0	
185	0	1	0	1	1	
0	0	0	0	0	0	
211	0	1	0	1	1	
709	0	1	0	1	1	
133	0	1	0	1	1	
0	0	0	0	0	0	
279	0	1	0	1	1	
0	0	0	0	0	0	
423	0	1	0	1	1	
1088	0	1	0	1	1	
404	0	1	0	1	1	
206	0	1	0	1	1	
0	0	0	0	0	0	
164	0	1	0	1	1	
0	0	1	0	1	1	
158	0	1	0	1	1	
0	0	1	0	1	1	
287	0	1	0	1	2	
702	0	1	0	1	1	
354	0	1	0	1	1	
2	0	1	0	1	1	
858	0	0	0	0	0	
366	0	1	0	1	1	
0	0	0	0	0	0	
411	0	2	0	2	2	
671	0	0	0	0	0	
236	0	1	0	1	1	
373	0	1	0	1	1	
171	0	1	0	1	1	
178	0	1	0	1	1	
1157	0	2	0	2	3	
1429	0	0	0	0	0	
49	0	1	0	1	1	
0	0	1	0	1	1	
248	0	1	0	1	1	
0	0	0	0	0	0	
920	0	1	0	1	2	
600	0	1	0	1	1	
473	0	0	0	0	0	
101	0	1	0	1	1	
223	0	1	0	1	1	
0	0	0	0	0	0	
742	0	1	0	1	1	
845	0	1	0	1	1	
0	0	0	0	0	0	
14	0	1	0	1	1	
719	0	1	0	1	1	
0	0	0	0	0	0	
462	0	1	0	1	1	
198	0	1	0	1	1	
0	0	0	0	0	0	
512	0	1	0	1	1	
76	0	1	0	1	2	
1849	0	0	0	0	0	
0	0	0	0	0	0	
450	0	1	0	1	1	
479	0	1	0	1	1	
267	0	1	0	1	1	
0	0	0	0	0	0	
346	0	1	0	1	1	
97	0	1	0	1	1	
0	0	0	0	0	0	
1039	0	1	0	1	1	
177	0	1	0	1	1	
1565	0	1	0	1	1	
1446	0	0	0	0	0	
1244	0	1	0	1	2	
63	0	1	0	1	1	
765	0	0	0	0	0	
554	0	1	0	1	1	
0	0	0	0	0	0	
15	0	1	0	1	1	
6	0	1	0	1	1	
18	0	0	0	0	0	
592	0	1	0	1	2	
2089	0	1	0	1	3	
867	0	0	0	0	0	
906	0	2	0	2	4	
241	0	0	0	0	0	
136	0	1	0	1	1	
0	0	0	0	0	0	
0	0	0	0	0	0	
73	0	1	0	1	1	
141	0	1	0	1	1	
0	0	0	0	0	0	
1582	0	1	0	1	3	
288	0	1	0	1	1	
0	0	0	0	0	0	
220	0	1	0	1	2	
157	0	1	0	1	1	
8	0	1	0	1	1	
919	0	1	0	1	1	
447	0	0	0	0	0	
162	0	1	0	1	1	
0	0	0	0	0	0	
107	0	1	0	1	1	
1548	0	1	0	1	1	
1133	0	1	0	1	1	
131	0	1	0	1	1	
29	0	1	0	1	1	
182	0	1	0	1	1	
0	0	0	0	0	0	
702	0	1	0	1	1	
146	0	1	0	1	1	
621	0	1	0	1	4	
2543	0	1	0	1	2	
925	0	0	0	0	0	
132	0	1	0	1	2	
1356	0	1	0	1	1	
665	0	0	0	0	0	
573	0	1	0	1	2	
0	0	0	0	0	0	
3	0	1	0	1	1	
0	0	0	0	0	0	
108	0	1	0	1	1	
0	0	0	0	0	0	
516	0	1	0	1	1	
104	0	1	0	1	1	
63	0	1	0	1	1	
3022	0	0	0	0	0	
140	0	1	0	1	1	
978	0	1	0	1	1	
747	0	0	0	0	0	
43	0	1	0	1	2	
262	0	1	0	1	1	
975	0	0	0	0	0	
673	0	1	0	1	3	
470	0	1	0	1	1	
519	0	1	0	1	1	
326	0	1	0	1	1	
25	0	0	0	0	0	
225	0	1	0	1	2	
0	0	0	0	0	0	
222	0	2	0	2	2	
561	0	0	0	0	2	
1689	0	1	0	1	2	
2181	0	1	0	1	4	
558	0	1	0	1	1	
359	0	1	0	1	1	
31	0	1	0	1	1	
29	0	0	0	0	0	
762	0	1	0	1	1	
0	0	0	0	0	0	
5	0	1	0	1	1	
1410	0	2	0	2	2	
0	0	0	0	0	0	
98	0	1	0	1	1	
56	0	1	0	1	2	
0	0	0	0	0	0	
158	0	1	0	1	1	
0	0	0	0	0	0	
506	0	2	0	2	2	
461	0	1	0	1	3	
387	0	0	0	0	0	
404	0	1	0	1	3	
984	0	1	0	1	3	
617	0	1	0	1	2	
848	0	0	0	0	1	
505	0	1	0	1	1	
52	0	1	0	1	1	
689	0	1	0	1	4	
0	0	0	0	0	0	
172	0	1	0	1	1	
0	0	0	0	0	0	
1103	0	1	0	1	3	
93	0	1	0	1	1	
330	0	1	0	1	1	
0	0	0	0	0	0	
510	0	1	0	1	2	
38	0	1	0	1	1	
498	0	1	0	1	1	
0	0	0	0	0	0	
349	0	1	0	1	2	
120	0	1	0	1	3	
0	0	0	0	0	0	
0	0	1	0	1	1	
1142	0	2	0	2	2	
207	0	1	0	1	1	
227	0	0	0	0	1	
496	0	1	0	1	3	
292	0	1	0	1	1	
343	0	0	0	0	0	
18	0	1	0	1	1	
327	0	1	0	1	1	
111	0	1	0	1	2	
0	0	0	0	0	0	
16	0	1	0	1	1	
0	0	1	0	1	1	
0	0	0	0	0	0	
1199	0	2	0	2	2	
378	0	0	0	0	0	
729	0	1	0	1	1	
21	0	1	0	1	2	
0	0	0	0	0	0	
1455	0	1	0	1	2	
800	0	1	0	1	1	
691	0	0	0	0	0	
164	0	1	0	1	1	
0	0	1	0	1	1	
0	0	0	0	0	0	
0	0	1	0	1	1	
32	0	1	0	1	1	
2	0	0	0	0	0	
161	0	1	0	1	1	
535	0	1	0	1	2	
1110	0	1	0	1	2	
342	0	0	0	0	0	
0	0	1	0	1	1	
0	0	0	0	0	0	
89	0	1	0	1	1	
10	0	1	0	1	1	
0	0	0	0	0	0	
0	0	1	0	1	1	
46	0	1	0	1	1	
252	0	0	0	0	3	
125	0	1	0	1	2	
793	0	1	0	1	2	
658	0	1	0	1	1	
666	0	1	0	1	3	
211	0	1	0	1	1	
0	0	0	0	0	0	
1544	0	1	0	1	1	
579	0	1	0	1	1	
315	0	0	0	0	0	
858	0	2	0	2	4	
815	0	0	0	0	0	
278	0	1	0	1	2	
1261	0	1	0	1	4	
891	0	1	0	1	4	
1575	0	1	0	1	5	
1142	0	1	0	1	4	
1800	0	1	0	1	3	
1980	0	0	0	0	2	
76	0	1	0	1	1	
328	0	1	0	1	2	
502	0	1	0	1	1	
1	0	1	0	1	1	
0	0	0	0	0	0	
0	0	1	0	1	1	
3	0	1	0	1	1	
0	0	0	0	0	0	
30	0	1	0	1	2	
311	0	1	0	1	1	
196	0	1	0	1	1	
610	0	0	0	0	0	
266	0	1	0	1	1	
535	0	1	0	1	2	
243	0	1	0	1	1	
664	0	1	0	1	4	
528	0	0	0	0	2	
1398	0	1	0	1	5	
787	0	1	0	1	1	
0	0	0	0	0	0	
0	0	1	0	1	1	
655	0	1	0	1	3	
0	0	0	0	0	0	
531	0	1	0	1	2	
0	0	1	0	1	1	
472	0	1	0	1	2	
22	0	1	0	1	1	
830	0	0	0	0	0	
1065	0	1	0	1	2	
0	0	0	0	0	0	
197	0	1	0	1	2	
286	0	1	0	1	1	
218	0	1	0	1	1	
186	0	1	0	1	1	
0	0	0	0	0	0	
873	0	2	0	2	2	
171	0	1	0	1	1	
0	0	0	0	0	0	
755	0	1	0	1	5	
1435	0	1	0	1	2	
457	0	0	0	0	0	
173	0	2	0	2	4	
714	0	0	0	0	0	
36	0	1	0	1	1	
342	0	1	0	1	2	
0	0	0	0	0	0	
526	0	2	0	2	3	
1465	0	1	0	1	7	
1622	0	1	0	1	2	
849	0	0	0	0	1	
191	0	1	0	1	1	
0	0	0	0	0	0	
574	0	1	0	1	4	
422	0	1	0	1	3	
0	0	0	0	0	0	
376	0	1	0	1	3	
519	0	1	0	1	1	
150	0	1	0	1	2	
61	0	1	0	1	2	
0	0	0	0	0	0	
593	0	1	0	1	3	
111	0	1	0	1	1	
375	0	1	0	1	2	
0	0	0	0	0	0	
615	0	1	0	1	1	
794	0	1	0	1	1	
228	0	1	0	1	2	
793	0	1	0	1	1	
147	0	0	0	0	0	
0	0	1	0	1	1	
48	0	1	0	1	1	
682	0	0	0	0	2	
380	0	1	0	1	2	
700	0	1	0	1	3	
291	0	0	0	0	0	
1555	0	1	0	1	4	
36	0	1	0	1	2	
0	0	0	0	0	0	
762	0	1	0	1	3	
26	0	1	0	1	1	
529	0	1	0	1	2	
283	0	1	0	1	2	
0	0	0	0	0	0	
371	0	1	0	1	2	
0	0	0	0	0	0	
21	0	1	0	1	1	
678	0	1	0	1	3	
318	0	0	0	0	1	
490	0	1	0	1	1	
143	0	1	0	1	1	
372	0	1	0	1	1	
807	0	1	0	1	2	
2	0	1	0	1	1	
824	0	1	0	1	4	
827	0	0	0	0	3	
427	0	1	0	1	2	
1325	0	1	0	1	4	
1290	0	2	0	2	5	
1776	0	0	0	0	3	
94	0	1	0	1	1	
1273	0	1	0	1	4	
73	0	0	0	0	0	
310	0	1	0	1	1	
207	0	1	0	1	1	
142	0	1	0	1	1	
247	0	1	0	1	1	
197	0	1	0	1	1	
1472	0	1	0	1	2	
415	0	1	0	1	2	
0	0	0	0	0	0	
39	0	1	0	1	1	
300	0	1	0	1	1	
99	0	0	0	0	0	
304	0	1	0	1	1	
598	0	1	0	1	1	
965	0	1	0	1	5	
1583	0	1	0	1	2	
1736	0	1	0	1	5	
390	0	1	0	1	1	
0	0	0	0	0	0	
78	0	1	0	1	1	
1495	0	1	0	1	6	
1492	0	1	0	1	2	
1012	0	0	0	0	2	
267	0	1	0	1	1	
1993	0	1	0	1	6	
1873	0	1	0	1	4	
598	0	1	0	1	2	
3184	0	0	0	0	6	
15	0	1	0	1	2	
919	0	1	0	1	2	
0	0	0	0	0	0	
9	0	1	0	1	1	
1771	0	1	0	1	6	
930	0	1	0	1	2	
166	0	0	0	0	0	
38	0	1	0	1	1	
1908	0	1	0	1	4	
496	0	0	0	0	1	
236	0	1	0	1	1	
934	0	1	0	1	2	
0	0	0	0	0	0	
130	0	1	0	1	2	
623	0	1	0	1	2	
0	0	0	0	0	0	
684	0	1	0	1	1	
202	0	1	0	1	1	
739	0	1	0	1	2	
1805	0	1	0	1	2	
352	0	1	0	1	1	
1072	0	1	0	1	5	
1012	0	0	0	0	1	
20	0	1	0	1	1	
1369	0	1	0	1	4	
0	0	1	0	1	1	
0	0	0	0	0	0	
1272	0	1	0	1	5	
0	0	0	0	0	0	
270	0	1	0	1	1	
530	0	1	0	1	1	
353	0	1	0	1	1	
291	0	1	0	1	2	
1229	0	1	0	1	2	
296	0	2	0	2	5	
666	0	0	0	0	1	
645	0	1	0	1	2	
1686	0	1	0	1	3	
1955	0	1	0	1	4	
95	0	0	0	0	0	
970	0	1	0	1	4	
1509	0	1	0	1	3	
2136	0	1	0	1	4	
392	0	1	0	1	2	
368	0	0	0	0	3	
1172	0	1	0	1	1	
1408	0	1	0	1	6	
1	0	0	0	0	0	
281	0	1	0	1	3	
664	0	1	0	1	3	
611	0	0	0	0	5	
906	0	1	0	1	4	
2142	0	1	0	1	11	
1023	0	1	0	1	6	
37	0	0	0	0	0	
503	0	1	0	1	5	
98	0	1	0	1	1	
390	0	1	0	1	1	
106	0	1	0	1	1	
503	0	1	0	1	2	
809	0	0	0	0	1	
88	0	1	0	1	2	
757	0	1	0	1	11	
708	0	1	0	1	2	
0	0	0	0	0	0	
206	0	1	0	1	1	
0	0	1	0	1	1	
0	0	0	0	0	0	
453	0	1	0	1	3	
53	0	1	0	1	3	
0	0	0	0	0	0	
1255	0	1	0	1	8	
1660	0	1	0	1	7	
1060	0	1	0	1	5	
0	0	0	0	0	0	
282	0	1	0	1	2	
252	0	1	0	1	1	
1037	0	2	0	2	5	
1035	0	1	0	1	4	
810	0	0	0	0	1	
189	0	1	0	1	2	
446	0	1	0	1	1	
676	0	0	0	0	3	
13	0	1	0	1	1	
317	0	1	0	1	3	
925	0	1	0	1	6	
934	0	1	0	1	6	
455	0	1	0	1	8	
828	0	1	0	1	4	
244	0	1	0	1	3	
1170	0	1	0	1	14	
0	0	0	0	0	0	
578	0	2	0	2	5	
1154	0	1	0	1	4	
415	0	0	0	0	5	
383	0	1	0	1	5	
347	0	1	0	1	2	
929	0	1	0	1	8	
0	0	1	0	1	1	
344	0	1	0	1	4	
853	0	1	0	1	11	
7	0	0	0	0	0	
334	0	1	0	1	2	
5	0	0	0	0	1	
269	0	1	0	1	2	
470	0	1	0	1	9	
729	0	1	0	1	3	
795	0	1	0	1	6	
676	0	1	0	1	3	
21	0	1	0	1	1	
278	0	1	0	1	3	
125	0	1	0	1	1	
232	0	0	0	0	4	
353	0	1	0	1	1	
272	0	1	0	1	5	
428	0	1	0	1	3	
328	0	1	0	1	4	
0	0	0	0	0	0	
457	0	1	0	1	2	
470	0	1	0	1	2	
0	0	0	0	0	0	
447	0	1	0	1	1	
971	0	1	0	1	6	
2386	0	1	0	1	4	
689	0	1	0	1	3	
627	0	1	0	1	7	
1567	0	0	0	0	11	
1128	0	1	0	1	5	
62	0	1	0	1	3	
1228	0	1	0	1	9	
123	0	0	0	0	0	
683	0	1	0	1	3	
150	0	0	0	0	2	
69	0	1	0	1	1	
6	0	1	0	1	2	
0	0	0	0	0	0	
2036	0	1	0	1	6	
547	0	1	0	1	1	
113	0	1	0	1	1	
347	0	1	0	1	2	
75	0	1	0	1	1	
0	0	0	0	0	0	
829	0	1	0	1	1	
11	0	1	0	1	1	
215	0	1	0	1	3	
0	0	0	0	0	0	
1359	0	1	0	1	7	
1208	0	0	0	0	1	
243	0	1	0	1	3	
829	0	1	0	1	3	
57	0	1	0	1	1	
0	0	0	0	0	0	
848	0	1	0	1	1	
1923	0	1	0	1	6	
669	0	1	0	1	5	
1142	0	1	0	1	4	
758	0	0	0	0	0	
1288	0	1	0	1	4	
601	0	1	0	1	2	
43	0	1	0	1	1	
945	0	0	0	0	4	
643	0	1	0	1	2	
308	0	2	0	2	4	
1021	0	1	0	1	5	
1056	0	1	0	1	10	
816	0	1	0	1	6	
84	0	1	0	1	1	
17	0	0	0	0	0	
1044	0	1	0	1	6	
387	0	1	0	1	4	
232	0	1	0	1	2	
901	0	1	0	1	7	
0	0	0	0	0	0	
2326	0	1	0	1	12	
149	0	1	0	1	1	
0	0	0	0	0	0	
2277	0	1	0	1	9	
1342	0	1	0	1	5	
1841	0	1	0	1	10	
0	0	1	0	1	1	
73	0	1	0	1	1	
270	0	1	0	1	3	
170	0	0	0	0	1	
371	0	1	0	1	6	
1705	0	1	0	1	9	
392	0	1	0	1	6	
422	0	1	0	1	3	
300	0	0	0	0	2	
1166	0	1	0	1	9	
1049	0	1	0	1	6	
741	0	1	0	1	7	
199	0	0	0	0	0	
20	0	1	0	1	1	
234	0	1	0	1	4	
47	0	1	0	1	1	
1060	0	1	0	1	2	
160	0	0	0	0	0	
7	0	1	0	1	1	
837	0	1	0	1	2	
26	0	0	0	0	0	
49	0	1	0	1	1	
1049	0	1	0	1	12	
360	0	1	0	1	3	
18	0	0	0	0	0	
631	0	1	0	1	6	
3108	0	1	0	1	14	
903	0	1	0	1	4	
370	0	0	0	0	5	
0	0	1	0	1	1	
2476	0	2	0	2	16	
2153	0	1	0	1	13	
0	0	0	0	0	0	
524	0	1	0	1	2	
0	0	0	0	0	0	
535	0	1	0	1	3	
506	0	0	0	0	0	
149	0	1	0	1	3	
782	0	2	0	2	7	
1165	0	1	0	1	4	
1363	0	1	0	1	7	
0	0	0	0	0	0	
157	0	1	0	1	4	
280	0	1	0	1	1	
0	0	0	0	0	0	
860	0	1	0	1	3	
2507	0	1	0	1	15	
1437	0	1	0	1	8	
236	0	0	0	0	2	
193	0	1	0	1	1	
687	0	1	0	1	5	
739	0	1	0	1	3	
26	0	1	0	1	3	
840	0	1	0	1	11	
771	0	0	0	0	1	
131	0	1	0	1	1	
191	0	1	0	1	1	
2952	0	1	0	1	13	
3540	0	1	0	1	28	
446	0	1	0	1	3	
175	0	1	0	1	1	
513	0	0	0	0	9	
847	0	1	0	1	9	
21	0	1	0	1	1	
2139	0	0	0	0	24	
403	0	1	0	1	7	
230	0	1	0	1	4	
236	0	0	0	0	0	
131	0	1	0	1	2	
0	0	0	0	0	0	
924	0	1	0	1	6	
1730	0	2	0	2	12	
1063	0	0	0	0	8	
159	0	1	0	1	3	
1311	0	1	0	1	10	
466	0	1	0	1	6	
1063	0	1	0	1	7	
1810	0	1	0	1	18	
0	0	0	0	0	0	
21	0	1	0	1	1	
1266	0	1	0	1	3	
233	0	0	0	0	0	
311	0	1	0	1	4	
1110	0	1	0	1	5	
80	0	1	0	1	2	
1919	0	1	0	1	9	
111	0	0	0	0	0	
1878	0	1	0	1	30	
2639	0	2	0	2	25	
1432	0	0	0	0	5	
837	0	1	0	1	6	
328	0	1	0	1	2	
226	0	0	0	0	1	
1089	0	1	0	1	12	
690	0	1	0	1	3	
156	0	0	0	0	1	
27	0	1	0	1	2	
0	0	0	0	0	0	
12	0	1	0	1	1	
0	0	1	0	1	1	
43	0	1	0	1	1	
79	0	0	0	0	0	
769	0	1	0	1	3	
79	0	1	0	1	1	
235	0	1	0	1	1	
1136	0	1	0	1	1	
522	0	0	0	0	2	
359	0	1	0	1	2	
761	0	1	0	1	9	
1373	0	1	0	1	10	
184	0	0	0	0	3	
798	0	1	0	1	8	
49	0	1	0	1	2	
0	0	0	0	0	0	
723	0	2	0	2	4	
1056	0	0	0	0	6	
1806	0	1	0	1	9	
872	0	1	0	1	12	
2645	0	0	0	0	15	
612	0	1	0	1	8	
2398	0	1	0	1	20	
1722	0	1	0	1	18	
4019	0	1	0	1	33	
3893	0	1	0	1	33	
998	0	0	0	0	10	
1843	0	2	0	2	18	
1507	0	1	0	1	14	
828	0	0	0	0	2	
755	0	1	0	1	12	
1290	0	1	0	1	10	
870	0	1	0	1	10	
1498	0	1	0	1	16	
0	0	0	0	0	0	
1085	0	1	0	1	10	
1654	0	1	0	1	15	
0	0	0	0	0	0	
537	0	1	0	1	6	
878	0	1	0	1	12	
389	0	1	0	1	6	
1179	0	1	0	1	13	
265	0	0	0	0	2	
381	0	1	0	1	10	
597	0	1	0	1	7	
11	0	0	0	0	0	
639	0	1	0	1	6	
1969	0	1	0	1	11	
5925	0	1	0	1	35	
2649	0	1	0	1	22	
788	0	1	0	1	9	
0	0	0	0	0	0	
720	0	2	0	2	4	
6087	0	1	0	1	39	
1748	0	0	0	0	13	
855	0	1	0	1	4	
520	0	1	0	1	5	
223	0	1	0	1	1	
190	0	0	0	0	2	
142	0	1	0	1	3	
613	0	1	0	1	9	
0	0	0	0	0	0	
2105	0	1	0	1	17	
1785	0	1	0	1	17	
2008	0	1	0	1	19	
1100	0	1	0	1	13	
1274	0	1	0	1	10	
1788	0	1	0	1	3	
1356	0	1	0	1	9	
2083	0	1	0	1	20	
497	0	0	0	0	3	
21	0	1	0	1	1	
236	0	1	0	1	1	
2033	0	1	0	1	11	
1636	0	0	0	0	10	
3955	0	1	0	1	25	
3212	0	1	0	1	20	
4685	0	1	0	1	27	
2320	0	1	0	1	10	
2177	0	0	0	0	8	
733	0	1	0	1	12	
0	0	0	0	0	0	
817	0	2	0	2	8	
1240	0	1	0	1	13	
46	0	0	0	0	1	
1524	0	1	0	1	17	
1079	0	1	0	1	7	
3018	0	1	0	1	30	
2112	0	1	0	1	17	
4953	0	1	0	1	58	
2981	0	1	0	1	31	
283	0	1	0	1	3	
0	0	0	0	0	0	
64	0	1	0	1	5	
1669	0	1	0	1	12	
1238	0	1	0	1	23	
759	0	1	0	1	9	
927	0	0	0	0	8	
2056	0	1	0	1	30	
885	0	1	0	1	10	
1148	0	1	0	1	17	
364	0	0	0	0	3	
824	0	1	0	1	4	
1843	0	1	0	1	14	
1169	0	1	0	1	4	
1550	0	1	0	1	22	
1849	0	1	0	1	19	
1999	0	1	0	1	14	
1468	0	1	0	1	9	
2197	0	1	0	1	25	
484	0	1	0	1	8	
704	0	1	0	1	13	
2231	0	1	0	1	28	
2154	0	0	0	0	31	
1364	0	1	0	1	20	
2091	0	1	0	1	57	
1439	0	1	0	1	26	
1541	0	1	0	1	25	
282	0	0	0	0	4	
4875	0	2	0	2	74	
3362	0	0	0	0	27	
136	0	1	0	1	7	
924	0	1	0	1	12	
2499	0	1	0	1	32	
100	0	0	0	0	2	
1046	0	1	0	1	14	
1299	0	1	0	1	15	
1395	0	0	0	0	27	
340	0	1	0	1	6	
295	0	1	0	1	5	
2428	0	1	0	1	33	
2822	0	1	0	1	15	
2553	0	1	0	1	45	
967	0	1	0	1	23	
0	0	0	0	0	0	
694	0	1	0	1	13	
144	0	1	0	1	1	
552	0	1	0	1	3	
1224	0	1	0	1	15	
406	0	0	0	0	2	
652	0	1	0	1	6	
3148	0	1	0	1	46	
459	0	1	0	1	10	
0	0	0	0	0	0	
2114	0	1	0	1	48	
451	0	1	0	1	7	
984	0	1	0	1	18	
837	0	0	0	0	18	
2282	0	1	0	1	24	
1717	0	1	0	1	22	
3058	0	0	0	0	38	
2231	0	1	0	1	37	
4280	0	1	0	1	58	
1020	0	1	0	1	6	
1597	0	0	0	0	14	
1218	0	1	0	1	26	
3933	0	1	0	1	53	
4757	0	1	0	1	68	
1416	0	1	0	1	18	
2340	0	1	0	1	46	
2455	0	1	0	1	35	
2883	0	2	0	2	24	
3997	0	0	0	0	41	
2247	0	1	0	1	14	
4050	0	1	0	1	32	
1437	0	1	0	1	24	
1431	0	1	0	1	19	
1760	0	0	0	0	13	
3943	0	1	0	1	38	
2474	0	1	0	1	44	
6321	0	1	0	1	92	
4761	0	0	0	0	76	
4532	0	1	0	1	84	
2942	0	1	0	1	44	
2928	0	0	0	0	51	
2319	0	1	0	1	28	
2575	0	1	0	1	41	
2664	0	2	0	2	37	
25	0	1	0	1	5	
0	0	0	0	0	0	
1	0	1	0	1	1	
4	0	1	0	1	1	
0	0	1	0	1	1	
11	0	1	0	1	1	
4	0	1	0	1	3	
1	0	1	0	1	1	
0	0	0	0	0	0	
7918	0	1	0	1	106	
10924	0	0	0	0	130	
6998	0	0	0	0	81	
1326	0	0	0	0	24	
0	0	0	0	0	0	
0	0	0	0	0	0	
0	0	0	0	0	0	
0	0	0	0	0	0	
0	0	0	0	0	0	
0	0	0	0	0	0	
0	0	0	0	0	0	
0	0	0	0	0	0	
0	0	0	0	0	0	
0	0	0	0	0	0	
0	0	0	0	0	0	
0	0	0	0	0	0	
0	0	0	0	0	0	
0	0	0	0	0	0	
0	0	0	0	0	0	
0	0	0	0	0	0	
0	0	0	0	0	0	
0	0	0	0	0	0	
0	0	0	0	0	0	
0	0	0	0	0	0	
0	0	0	0	0	0	
0	0	0	0	0	0	
0	0	0	0	0	0	
0	0	0	0	0	0	
0	0	0	0	0	0	
0	0	0	0	0	0	
0	0	0	0	0	0	
0	0	0	0	0	0	
0	0	0	0	0	0	
0	0	0	0	0	0	
0	0	0	0	0	0	
0	0	0	0	0	0	
0	0	0	0	0	0	
0	0	0	0	0	0	
0	0	0	0	0	0	
0	0	0	0	0	0	
0	0	1	0	1	0	
1078	0	1	0	1	16	
1430	0	0	0	0	12	
749	0	1	0	1	13	
464	0	1	0	1	11	
1686	0	0	0	0	19	
1171	0	1	0	1	12	
1566	0	1	0	1	47	
693	0	1	0	1	13	
1165	0	1	0	1	28	
2999	0	1	0	1	62	
2009	0	2	0	2	53	
201	0	0	0	0	0	
1427	0	1	0	1	9	
2333	0	1	0	1	43	
4377	0	2	0	2	51	
6620	0	0	0	0	107	
5275	0	1	0	1	69	
3056	0	0	0	0	33	
5452	0	2	0	2	77	
7568	0	1	0	1	133	
7567	0	0	0	0	123	
4410	0	1	0	1	47	
6811	0	1	0	1	90	
5262	0	1	0	1	97	
3219	0	1	0	1	55	
5231	0	0	0	0	77	
2709	0	1	0	1	40	
838	0	1	0	1	20	
3049	0	0	0	0	36	
960	0	1	0	1	11	
190	0	1	0	1	5	
2857	0	1	0	1	50	
4068	0	0	0	0	85	
1755	0	1	0	1	56	
3914	0	1	0	1	61	
3457	0	1	0	1	55	
4845	0	0	0	0	86	
6193	0	1	0	1	78	
6089	0	1	0	1	101	
4870	0	1	0	1	48	
4715	0	0	0	0	72	
3546	0	1	0	1	70	
3976	0	1	0	1	81	
4438	0	0	0	0	77	
8828	0	1	0	1	150	
6656	0	1	0	1	150	
7789	0	1	0	1	102	
6355	0	1	0	1	121	
7648	0	1	0	1	135	
10400	0	1	0	1	233	
3901	0	1	0	1	84	
5972	0	1	0	1	83	
6675	0	0	0	0	93	
5417	0	1	0	1	97	
6569	0	1	0	1	112	
10598	0	1	0	1	165	
9883	0	1	0	1	148	
8397	0	1	0	1	112	
7129	0	2	0	2	141	
11137	0	0	0	0	142	
10256	0	1	0	1	236	
10468	0	0	0	0	184	
9613	0	1	0	1	175	
8498	0	1	0	1	140	
9710	0	0	0	0	126	
5912	0	1	0	1	68	
8747	0	1	0	1	164	
8812	0	0	0	0	153	
9105	0	2	0	2	157	
11893	0	0	0	0	184	
10321	0	1	0	1	159	
7689	0	1	0	1	143	
8599	0	1	0	1	138	
9943	0	0	0	0	135	
8753	0	2	0	2	178	
8816	0	1	0	1	147	
10573	0	1	0	1	220	
9163	0	1	0	1	161	
9658	0	1	0	1	117	
11869	0	0	0	0	188	
9752	0	1	0	1	108	
8968	0	0	0	0	128	
11254	0	1	0	1	140	
8078	0	1	0	1	149	
12054	0	1	0	1	208	
9905	0	1	0	1	138	
12531	0	0	0	0	183	
9989	0	1	0	1	163	
12094	0	0	0	0	197	
10006	0	1	0	1	162	
11781	0	0	0	0	174	
8834	0	1	0	1	82	
9498	0	1	0	1	147	
10273	0	1	0	1	118	
8715	0	0	0	0	151	
8051	0	1	0	1	120	
10710	0	2	0	2	186	
10107	0	0	0	0	138	
12189	0	1	0	1	187	
11861	0	0	0	0	151	
8724	0	1	0	1	184	
10669	0	1	0	1	135	
12319	0	0	0	0	152	
10352	0	1	0	1	117	
11572	0	0	0	0	160	
6966	0	1	0	1	112	
12217	0	0	0	0	208	
10839	0	1	0	1	162	
11221	0	0	0	0	136	
9251	0	1	0	1	136	
11235	0	0	0	0	155	
11247	0	1	0	1	204	
12131	0	0	0	0	133	
10752	0	1	0	1	169	
9838	0	0	0	0	155	
7355	0	1	0	1	113	
10893	0	1	0	1	153	
12227	0	0	0	0	212	
11368	0	0	0	0	130	
10067	0	1	0	1	171	
11066	0	0	0	0	162	
6243	0	1	0	1	101	
5385	0	1	0	1	103	
11326	0	1	0	1	215	
8992	0	1	0	1	134	
10592	0	1	0	1	142	
11758	0	0	0	0	182	
10490	0	1	0	1	227	
12088	0	0	0	0	234	
7309	0	1	0	1	100	
9801	0	0	0	0	187	
9576	0	1	0	1	183	
12531	0	0	0	0	161	
10246	0	1	0	1	155	
9922	0	0	0	0	119	
10894	0	1	0	1	157	
11600	0	0	0	0	181	
8957	0	1	0	1	117	
11138	0	0	0	0	186	
9783	0	1	0	1	176	
10549	0	1	0	1	165	
12423	0	0	0	0	164	
10301	0	1	0	1	124	
11378	0	0	0	0	153	
10011	0	2	0	2	152	
8998	0	1	0	1	100	
9911	0	2	0	2	135	
7431	0	1	0	1	134	
8068	0	2	0	2	161	
6822	0	1	0	1	115	
8594	0	2	0	2	162	
8169	0	1	0	1	123	
10084	0	0	0	0	105	
10108	0	2	0	2	142	
10660	0	1	0	1	140	
9841	0	1	0	1	124	
10316	0	1	0	1	209	
9604	0	1	0	1	130	
8407	0	0	0	0	99	
9876	0	2	0	2	151	
8307	0	1	0	1	104	
9861	0	2	0	2	129	
7801	0	2	0	2	107	
9607	0	1	0	1	94	
9111	0	2	0	2	195	
9762	0	0	0	0	94	
11020	0	1	0	1	185	
10222	0	1	0	1	170	
10721	0	0	0	0	114	
10528	0	2	0	2	107	
10601	0	1	0	1	157	
10329	0	1	0	1	131	
10345	0	1	0	1	133	
10775	0	1	0	1	98	
8166	0	2	0	2	122	
10374	0	1	0	1	104	
8733	0	1	0	1	160	
9992	0	2	0	2	122	
11344	0	1	0	1	171	
8694	0	1	0	1	129	
9485	0	2	0	2	141	
11216	0	1	0	1	142	
10594	0	1	0	1	198	
10070	0	0	0	0	175	
9499	0	1	0	1	109	
12120	0	0	0	0	104	
12305	0	1	0	1	149	
10532	0	1	0	1	102	
12189	0	0	0	0	88	
11985	0	1	0	1	99	
11082	0	1	0	1	85	
12429	0	0	0	0	58	
9345	0	1	0	1	51	
12178	0	0	0	0	58	
12257	0	1	0	1	84	
9796	0	1	0	1	67	
12037	0	0	0	0	87	
11051	0	1	0	1	73	
11594	0	1	0	1	51	
12667	0	0	0	0	51	
11879	0	1	0	1	77	
11113	0	1	0	1	71	
10832	0	0	0	0	60	
11426	0	1	0	1	79	
12122	0	1	0	1	76	
11946	0	0	0	0	70	
9756	0	1	0	1	53	
10850	0	0	0	0	56	
12527	0	1	0	1	97	
8395	0	1	0	1	52	
12090	0	0	0	0	56	
9864	0	1	0	1	58	
11637	0	0	0	0	69	
9134	0	1	0	1	68	
12102	0	1	0	1	82	
12044	0	0	0	0	70	
12083	0	1	0	1	75	
12155	0	1	0	1	44	
10064	0	0	0	0	52	
12883	0	1	0	1	92	
8849	0	1	0	1	48	
11573	0	0	0	0	62	
10308	0	1	0	1	57	
11066	0	1	0	1	65	
12249	0	0	0	0	44	
12429	0	1	0	1	78	
11689	0	1	0	1	73	
11986	0	0	0	0	53	
11795	0	1	0	1	97	
11524	0	1	0	1	74	
8941	0	0	0	0	61	
12249	0	1	0	1	78	
10961	0	0	0	0	82	
12281	0	1	0	1	69	
11225	0	1	0	1	103	
10706	0	1	0	1	77	
12475	0	0	0	0	69	
12190	0	1	0	1	68	
12363	0	1	0	1	78	
11738	0	0	0	0	61	
13028	0	1	0	1	93	
12164	0	1	0	1	62	
11240	0	0	0	0	60	
12523	0	1	0	1	45	
12021	0	1	0	1	63	
11914	0	0	0	0	60	
12291	0	1	0	1	75	
11359	0	1	0	1	84	
11449	0	1	0	1	71	
11926	0	0	0	0	54	
10888	0	1	1	1	58	
12257	0	0	0	0	106	
12429	0	0	0	0	111	
12716	0	0	0	0	120	
12193	0	0	0	0	127	
12221	0	0	0	0	130	
12514	0	0	0	0	153	
11989	0	0	0	0	143	
12494	0	0	0	0	181	
12711	0	0	0	0	208	
12465	0	0	0	0	176	
12141	0	0	0	0	165	
11656	0	0	0	0	164	
12441	0	0	0	0	189	
12136	0	0	0	0	162	
12810	0	0	0	0	226	
12795	0	0	0	0	190	
12476	0	0	0	0	161	
12457	0	0	0	0	166	
12595	0	0	0	0	140	
12282	0	0	0	0	183	
12435	0	0	0	0	152	
12721	0	0	0	0	166	
12135	0	0	0	0	163	
12466	0	0	0	0	167	
12107	0	0	0	0	154	
12179	0	0	0	0	166	
12031	0	0	0	0	160	
12400	0	0	0	0	155	
12443	0	0	0	0	164	
12806	0	0	0	0	186	
12185	0	0	0	0	165	
12572	0	0	0	0	161	
12560	0	0	0	0	156	
9245	0	0	0	0	147	
12173	0	0	0	0	150	
12057	0	0	0	0	180	
12151	0	0	0	0	143	
12530	0	0	0	0	139	
12466	0	0	0	0	206	
12296	0	0	0	0	169	
12163	0	0	0	0	189	
12273	0	0	0	0	156	
12394	0	0	0	0	207	
12265	0	0	0	0	136	
12709	0	0	0	0	148	
12369	0	0	0	0	203	
12519	0	0	0	0	217	
12129	0	0	0	0	156	
12386	0	0	0	0	208	
11523	0	0	0	0	175	
11295	0	0	0	0	131	
10657	0	0	0	0	150	
12653	0	0	0	0	204	
10577	0	0	0	0	143	
12285	0	0	0	0	199	
11922	0	0	0	0	195	
12166	0	0	0	0	148	
10261	0	0	0	0	147	
9467	0	0	0	0	111	
12482	0	0	0	0	138	
12230	0	0	0	0	148	
12355	0	0	0	0	220	
9654	0	0	0	0	136	
11626	0	0	0	0	170	
12380	0	0	0	0	144	
12509	0	0	0	0	175	
12686	0	0	0	0	136	
12476	0	0	0	0	126	
8847	0	0	0	0	122	
12188	0	0	0	0	129	
11959	0	0	0	0	202	
9631	0	0	0	0	118	
8486	0	0	0	0	125	
10335	0	0	0	0	133	
10021	0	0	0	0	120	
10462	0	0	0	0	135	
12249	0	0	0	0	136	
12506	0	0	0	0	163	
11751	0	0	0	0	156	
12614	0	0	0	0	149	
12325	0	0	0	0	158	
12428	0	0	0	0	177	
11560	0	0	0	0	184	
12343	0	0	0	0	170	
12372	0	0	0	0	141	
11899	0	0	0	0	166	
10692	0	0	0	0	138	
12997	0	0	0	0	153	
12189	0	0	0	0	171	
12942	0	0	0	0	170	
12425	0	0	0	0	112	
12580	0	0	0	0	126	
11991	0	0	0	0	166	
12502	0	0	0	0	158	
12560	0	0	0	0	169	
12443	0	0	0	0	181	
12628	0	0	0	0	151	
12805	0	0	0	0	159	
10363	0	0	0	0	118	
11851	0	0	0	0	190	
12160	0	0	0	0	153	
12368	0	0	0	0	161	
12463	0	0	0	0	154	
12396	0	0	0	0	151	
12360	0	0	0	0	127	
12226	0	0	0	0	148	
12538	0	0	0	0	175	
12166	0	0	0	0	137	
12410	0	0	0	0	160	
12416	0	0	0	0	192	
12379	0	0	0	0	175	
12081	0	0	0	0	154	
10611	0	0	0	0	130	
10673	0	0	0	0	131	
12432	0	0	0	0	170	
12246	0	0	0	0	190	
12621	0	0	0	0	167	
12585	0	0	0	0	154	
9224	0	0	0	0	131	
11174	0	0	0	0	135	
12070	0	0	0	0	151	
13418	0	0	0	0	169	
12187	0	0	0	0	127	
12152	0	0	0	0	193	
12626	0	0	0	0	144	
12371	0	0	0	0	147	
12486	0	0	0	0	133	
12187	0	0	0	0	164	
9009	0	0	0	0	143	
12472	0	0	0	0	188	
12198	0	0	0	0	172	
12406	0	0	0	0	150	
13138	0	0	0	0	177	
13383	0	0	0	0	170	
11926	0	0	0	0	172	
12669	0	0	0	0	173	
11997	0	0	0	0	133	
11985	0	0	0	0	94	
13852	0	0	0	0	168	
10396	0	0	0	0	145	
12098	0	0	0	0	157	
9906	0	0	0	0	145	
12288	0	0	0	0	160	
12066	0	0	0	0	162	
13361	0	0	0	0	144	
12376	0	0	0	0	102	
12473	0	0	0	0	165	
12242	0	0	0	0	133	
11664	0	0	0	0	176	
12233	0	0	0	0	105	
12196	0	0	0	0	114	
12364	0	0	0	0	149	
11829	0	0	0	0	129	
12335	0	0	0	0	134	
10918	0	0	0	0	158	
12209	0	0	0	0	145	
12312	0	0	0	0	124	
12534	0	0	0	0	148	
12479	0	0	0	0	140	
12560	0	0	0	0	127	
12806	0	0	0	0	160	
12684	0	0	0	0	157	
11789	0	0	0	0	136	
11884	0	0	0	0	148	
12538	0	0	0	0	153	
12159	0	0	0	0	125	
12319	0	0	0	0	147	
7712	0	0	0	0	84	
9729	0	0	0	0	100	
12215	0	0	0	0	201	
8818	0	0	0	0	102	
13743	0	0	0	0	181	
10206	0	0	0	0	141	
9215	0	0	0	0	88	
10140	0	0	0	0	118	
10259	0	0	0	0	145	
11938	0	0	0	0	138	
11759	0	0	0	0	159	
12909	0	0	0	0	155	
12192	0	0	0	0	122	
12018	0	0	0	0	153	
12360	0	0	0	0	95	
11045	0	0	0	0	131	
11300	0	0	0	0	139	
12173	0	0	0	0	127	
12173	0	0	0	0	184	
12465	0	0	0	0	118	
12310	0	0	0	0	140	
12594	0	0	0	0	150	
10421	0	0	0	0	133	
12433	0	0	0	0	146	
10291	0	0	0	0	118	
11770	0	0	0	0	135	
12304	0	0	0	0	160	
12189	0	0	0	0	154	
12291	0	0	0	0	140	
12470	0	0	0	0	149	
11219	0	0	0	0	118	
11495	0	0	0	0	141	
11768	0	0	0	0	124	
12332	0	0	0	0	125	
12583	0	0	0	0	171	
12057	0	0	0	0	182	
12234	0	0	0	0	137	
12388	0	0	0	0	108	
12400	0	0	0	0	143	
11729	0	0	0	0	155	
12087	0	0	0	0	127	
12252	0	0	0	0	143	
13354	0	0	0	0	160	
12416	0	0	0	0	132	
12328	0	0	0	0	160	
12379	0	0	0	0	154	
12132	0	0	0	0	152	
12243	0	0	0	0	119	
12214	0	0	0	0	174	
12473	0	0	0	0	158	
12635	0	0	0	0	144	
12266	0	0	0	0	168	
12344	0	0	0	0	141	
12217	0	0	0	0	135	
12554	0	0	0	0	102	
12650	0	0	0	0	141	
12429	0	0	0	0	160	
12311	0	0	0	0	139	
12833	0	0	0	0	127	
12136	0	0	0	0	146	
11991	0	0	0	0	109	
12908	0	0	0	0	135	
12193	0	0	0	0	189	
12973	0	0	0	0	132	
12605	0	0	0	0	162	
12777	0	0	0	0	140	
12373	0	0	0	0	143	
12196	0	0	0	0	130	
12453	0	0	0	0	147	
12118	0	0	0	0	158	
12385	0	0	0	0	131	
12772	0	0	0	0	178	
12175	0	0	0	0	129	
12024	0	0	0	0	119	
12438	0	0	0	0	212	
11940	0	0	0	0	163	
12217	0	0	0	0	128	
12461	0	0	0	0	156	
12401	0	0	0	0	144	
12242	0	0	0	0	106	
11874	0	0	0	0	147	
12172	0	0	0	0	167	
12491	0	0	0	0	154	
12111	0	0	0	0	152	
12227	0	0	0	0	139	
12466	0	0	0	0	141	
12806	0	0	0	0	163	
11828	0	0	0	0	113	
12454	0	0	0	0	158	
12345	0	0	0	0	163	
12386	0	0	0	0	153	
12104	0	0	0	0	150	
12185	0	0	0	0	131	
9915	0	0	0	0	121	
11208	0	0	0	0	120	
12119	0	0	0	0	115	
12545	0	0	0	0	150	
11894	0	0	0	0	133	
13205	0	0	0	0	110	
13176	0	0	0	0	195	
12271	0	0	0	0	126	
12594	0	0	0	0	122	
12406	0	0	0	0	139	
12040	0	0	0	0	125	
12362	0	0	0	0	157	
12520	0	0	0	0	159	
12272	0	0	0	0	123	
12037	0	0	0	0	150	
11930	0	0	0	0	137	
12300	0	0	0	0	128	
12655	0	0	0	0	131	
12138	0	0	0	0	111	
12086	0	0	0	0	134	
12364	0	0	0	0	143	
12206	0	0	0	0	134	
11889	0	0	0	0	136	
12423	0	0	0	0	119	
12760	0	0	0	0	125	
12636	0	0	0	0	126	
12282	0	0	0	0	130	
11402	0	0	0	0	130	
12658	0	0	0	0	147	
10343	0	0	0	0	111	
12420	0	0	0	0	136	
12384	0	0	0	0	160	
10923	0	0	0	0	70	
12392	0	0	0	0	164	
12443	0	0	0	0	139	
12269	0	0	0	0	139	
10169	0	0	0	0	85	
11831	0	0	0	0	103	
12069	0	0	0	0	149	
10225	0	0	0	0	133	
12427	0	0	0	0	162	
10631	0	0	0	0	144	
12762	0	0	0	0	149	
12586	0	0	0	0	114	
10190	0	0	0	0	101	
12443	0	0	0	0	125	
12181	0	0	0	0	158	
12307	0	0	0	0	155	
12507	0	0	0	0	146	
12658	0	0	0	0	135	
12037	0	0	0	0	147	
12384	0	0	0	0	127	
13458	0	0	0	0	129	
10242	0	0	0	0	115	
10621	0	0	0	0	112	
10048	0	0	0	0	139	
11863	0	0	0	0	130	
12269	0	0	0	0	149	
11066	0	0	0	0	124	
11965	0	0	0	0	117	
12492	0	0	0	0	146	
10916	0	0	0	0	102	
11953	0	0	0	0	148	
10682	0	0	0	0	145	
11707	0	0	0	0	90	
10145	0	0	0	0	134	
12108	0	0	0	0	138	
5053	0	0	0	0	55	
10341	0	0	0	0	122	
12265	0	0	0	0	113	
10231	0	0	0	0	95	
11996	0	0	0	0	129	
10029	0	0	0	0	102	
11432	0	0	0	0	115	
10205	0	0	0	0	147	
9877	0	0	0	0	116	
12618	0	0	0	0	124	
10053	0	0	0	0	115	
12273	0	0	0	0	122	
12158	0	0	0	0	124	
11233	0	0	0	0	119	
10254	0	0	0	0	106	
9746	0	0	0	0	103	
12271	0	0	0	0	147	
12583	0	0	0	0	136	
12355	0	0	0	0	96	
12318	0	0	0	0	127	
12368	0	0	0	0	126	
10290	0	0	0	0	95	
12687	0	0	0	0	98	
10034	0	0	0	0	127	
8289	0	0	0	0	66	
9154	0	0	0	0	106	
11983	0	0	0	0	129	
10884	0	0	0	0	70	
10786	0	0	0	0	131	
12500	0	0	0	0	110	
12039	0	0	0	0	122	
10237	0	0	0	0	72	
12401	0	0	0	0	131	
11000	0	0	0	0	108	
12935	0	0	0	0	124	
12312	0	0	0	0	98	
12395	0	0	0	0	105	
12406	0	0	0	0	121	
10508	0	0	0	0	86	
12719	0	0	0	0	129	
10234	0	0	0	0	118	
10977	0	0	0	0	100	
12299	0	0	0	0	125	
9035	0	0	0	0	82	
12236	0	0	0	0	149	
12022	0	0	0	0	141	
12366	0	0	0	0	114	
12514	0	0	0	0	146	
10127	0	0	0	0	128	
12855	0	0	0	0	138	
12409	0	0	0	0	140	
12180	0	0	0	0	118	
12036	0	0	0	0	117	
10049	0	0	0	0	82	
12331	0	0	0	0	89	
12101	0	0	0	0	114	
12492	0	0	0	0	139	
13565	0	0	0	0	107	
13327	0	0	0	0	126	
12109	0	0	0	0	121	
11972	0	0	0	0	107	
9104	0	0	0	0	91	
12183	0	0	0	0	121	
12307	0	0	0	0	125	
12206	0	0	0	0	123	
12308	0	0	0	0	107	
12486	0	0	0	0	136	
12128	0	0	0	0	119	
12215	0	0	0	0	113	
12559	0	0	0	0	130	
12139	0	0	0	0	125	
12364	0	0	0	0	131	
12214	0	0	0	0	142	
12254	0	0	0	0	98	
12285	0	0	0	0	187	
12307	0	0	0	0	85	
12223	0	0	0	0	105	
12458	0	0	0	0	126	
12394	0	0	0	0	97	
12352	0	0	0	0	121	
11867	0	0	0	0	102	
12440	0	0	0	0	124	
12075	0	0	0	0	125	
11575	0	0	0	0	113	
12082	0	0	0	0	86	
9988	0	0	0	0	101	
12483	0	0	0	0	101	
12247	0	0	0	0	97	
10154	0	0	0	0	95	
12428	0	0	0	0	115	
12174	0	0	0	0	124	
12228	0	0	0	0	126	
9967	0	0	0	0	86	
13316	0	0	0	0	139	
10704	0	0	0	0	69	
10590	0	0	0	0	81	
11993	0	0	0	0	141	
7519	0	0	0	0	111	
11193	0	0	0	0	106	
12208	0	0	0	0	138	
12528	0	0	0	0	106	
12474	0	0	0	0	141	
12678	0	0	0	0	146	
12144	0	0	0	0	121	
12340	0	0	0	0	121	
12316	0	0	0	0	130	
12713	0	0	0	0	108	
10753	0	0	0	0	97	
12451	0	0	0	0	130	
10040	0	0	0	0	116	
12004	0	0	0	0	109	
12061	0	0	0	0	127	
12122	0	0	0	0	126	
12554	0	0	0	0	136	
10222	0	0	0	0	95	
12387	0	0	0	0	114	
12290	0	0	0	0	118	
11619	0	0	0	0	91	
11638	0	0	0	0	118	
11977	0	0	0	0	112	
11800	0	0	0	0	115	
12162	0	0	0	0	113	
11634	0	0	0	0	139	
9042	0	0	0	0	100	
11417	0	0	0	0	99	
9506	0	0	0	0	75	
9391	0	0	0	0	70	
11484	0	0	0	0	111	
11904	0	0	0	0	97	
12076	0	0	0	0	109	
12459	0	0	0	0	120	
12270	0	0	0	0	64	
12021	0	0	0	0	86	
12311	0	0	0	0	120	
11704	0	0	0	0	104	
12101	0	0	0	0	114	
11605	0	0	0	0	109	
11618	0	0	0	0	99	
11671	0	0	0	0	120	
11090	0	0	0	0	99	
11338	0	0	0	0	93	
11863	0	0	0	0	102	
12019	0	0	0	0	99	
11645	0	0	0	0	147	
11481	0	0	0	0	92	
12076	0	0	0	0	105	
11557	0	0	0	0	106	
11447	0	0	0	0	99	
11573	0	0	0	0	91	
12039	0	0	0	0	130	
9947	0	0	0	0	89	
12522	0	0	0	0	99	
12525	0	0	0	0	88	
12360	0	0	0	0	119	
11907	0	0	0	0	102	
13074	0	0	0	0	121	
10690	0	0	0	66	104	
12056	0	0	0	183	136	
12167	0	0	0	168	97	
12398	0	0	0	168	135	
12336	0	0	0	172	89	
12027	0	0	0	170	88	
12320	0	0	0	174	123	
12369	0	0	0	170	100	
12212	0	0	0	169	132	
12266	0	0	0	167	101	
12578	0	0	0	170	134	
12259	0	0	0	169	118	
10401	0	0	0	169	74	
12030	0	0	0	170	117	
11397	0	0	0	168	90	
13585	0	0	0	168	116	
8088	0	0	0	171	70	
12526	0	0	0	163	110	
12374	0	0	0	164	87	
10165	0	0	0	166	56	
10000	0	0	0	138	82	
10087	0	0	0	154	88	
11604	0	0	0	168	94	
10440	0	0	0	172	90	
11979	0	0	0	167	130	
11650	0	0	0	168	91	
10153	0	0	0	169	92	
11582	0	0	0	170	65	
11241	0	0	0	169	91	
9581	0	0	0	165	87	
11688	0	0	0	176	84	
11593	0	0	0	178	104	
11759	0	0	0	173	110	
11642	0	0	0	169	95	
10199	0	0	0	169	87	
11181	0	0	0	171	87	
10818	0	0	0	171	81	
11416	0	0	0	166	73	
10694	0	0	0	167	118	
11034	0	0	0	168	109	
10413	0	0	0	172	98	
12564	0	0	0	169	140	
9245	0	0	0	161	64	
12023	0	0	0	171	103	
10730	0	0	0	160	104	
11092	0	0	0	154	103	
12180	0	0	0	174	99	
12098	0	0	0	172	131	
12327	0	0	0	170	117	
9540	0	0	0	175	81	
12043	0	0	0	169	136	
12340	0	0	0	175	115	
12190	0	0	0	174	100	
12551	0	0	0	173	111	
11120	0	0	0	153	93	
12441	0	0	0	172	124	
10835	0	0	0	151	75	
11972	0	0	0	167	96	
11277	0	0	0	166	110	
12765	0	0	0	168	107	
9750	0	0	0	175	112	
10214	0	0	0	182	77	
12311	0	0	0	173	89	
12443	0	0	0	174	125	
8856	0	0	0	169	92	
10009	0	0	0	176	101	
12255	0	0	0	174	118	
10610	0	0	0	176	123	
12237	0	0	0	178	73	
10774	0	0	0	164	76	
11114	0	0	0	152	96	
13132	0	0	0	170	110	
12748	0	0	0	171	96	
9673	0	0	0	173	92	
12906	0	0	0	167	124	
10650	0	0	0	163	79	
12133	0	0	0	165	110	
12891	0	0	0	164	118	
9564	0	0	0	163	73	
12076	0	0	0	163	139	
11811	0	0	0	164	86	
10646	0	0	0	167	103	
11927	0	0	0	167	113	
10994	0	0	0	167	66	
12213	0	0	0	171	91	
12480	0	0	0	165	99	
11996	0	0	0	166	116	
12020	0	0	0	168	115	
12568	0	0	0	167	84	
10117	0	0	0	142	109	
10274	0	0	0	165	87	
12144	0	0	0	182	114	
10954	0	0	0	171	98	
12472	0	0	0	168	110	
12153	0	0	0	170	102	
11976	0	0	0	170	82	
12189	0	0	0	162	89	
10139	0	0	0	171	76	
12472	0	0	0	164	130	
12223	0	0	0	164	93	
12220	0	0	0	168	119	
12540	0	0	0	165	91	
11976	0	0	0	164	74	
12239	0	0	0	166	132	
12239	0	0	0	164	98	
13384	0	0	0	173	97	
10042	0	0	0	164	92	
11878	0	0	0	166	91	
12142	0	0	0	168	95	
10497	0	0	0	166	82	
12208	0	0	0	167	103	
12076	0	0	0	170	91	
11311	0	0	0	170	91	
10684	0	0	0	170	93	
13022	0	0	0	168	106	
12568	0	0	0	167	121	
672	0	0	0	20	4	
0	0	0	0	0	0	
