0 restore_end page_write
0 0 0
0 0 0
0 0 0
0 0 0
0 0 0
0 0 0
0 0 0
0 0 0
0 0 0
0 0 0
0 0 0
0 0 0
0 0 0
0 0 0
0 0 0
0 0 0
0 0 0
0 0 0
0 0 0
0 0 0
0 0 0
0 0 0
0 0 0
0 0 0
0 0 0
0 0 0
0 0 0
0 0 0
0 0 0
0 0 0
0 0 0
0 0 0
0 0 0
0 0 0
0 0 0
0 0 0
0 0 0
0 0 0
0 0 0
0 0 0
0 0 0
0 0 0
0 0 0
0 0 0
0 0 0
0 0 0
0 0 0
0 0 0
0 0 0
0 0 0
0 0 0
0 0 0
0 0 0
0 0 0
0 0 0
0 0 0
0 0 0
0 0 0
0 0 0
0 0 0
0 0 0
0 0 0
0 0 0
0 0 0
0 0 0
0 0 0
0 0 0
0 0 0
0 0 0
0 0 0
0 0 0
0 0 0
0 0 0
0 0 0
0 0 0
0 0 0
0 0 0
0 0 0
0 0 0
0 0 0
0 0 0
0 0 0
0 0 0
0 0 0
0 0 0
0 0 0
0 0 0
0 0 0
0 0 0
0 0 0
0 0 0
0 0 0
0 0 0
0 0 0
0 0 0
0 0 0
0 0 0
0 0 0
0 0 0
0 0 0
0 0 0
0 0 0
0 0 0
0 0 0
0 0 0
0 0 0
0 0 0
0 0 0
0 0 0
0 0 0
0 0 0
0 0 0
0 0 0
0 0 0
0 0 0
0 0 0
0 0 0
0 0 0
0 0 0
0 0 0
0 0 0
0 0 0
0 0 0
0 0 0
0 0 0
0 0 0
0 0 0
0 0 0
0 0 0
0 0 0
0 0 0
0 0 0
0 0 0
0 0 0
0 0 0
0 0 0
0 0 0
0 0 0
0 0 0
0 0 0
0 0 0
0 0 0
0 0 0
0 0 0
0 0 0
0 0 0
0 0 0
0 0 0
0 0 0
0 0 0
0 0 0
0 0 0
0 0 0
0 0 0
0 0 0
0 0 0
0 0 0
0 0 0
0 0 0
0 0 0
0 0 0
0 0 0
0 0 0
0 0 0
0 0 0
0 0 0
0 0 0
0 0 0
0 0 0
0 0 0
0 0 0
0 0 0
0 0 0
0 0 0
0 0 0
0 0 0
0 0 0
0 0 0
0 0 0
0 0 0
0 0 0
0 0 0
0 0 0
0 0 0
0 0 0
0 0 0
0 0 0
0 0 0
0 0 0
0 0 0
0 0 0
0 0 0
0 0 0
0 0 0
0 0 0
0 0 0
0 0 0
0 0 0
0 0 0
0 0 0
0 0 0
0 0 0
0 0 0
0 0 0
0 0 0
0 0 0
0 0 0
0 0 0
0 0 0
0 0 0
0 0 0
0 0 0
0 0 0
0 0 0
0 0 0
0 0 0
0 0 0
0 0 0
0 0 0
0 0 0
0 0 0
0 0 0
0 0 0
0 0 0
0 0 0
0 0 0
0 0 0
0 0 0
0 0 0
0 0 0
0 0 0
0 0 0
0 0 0
0 0 0
0 0 0
0 0 0
0 0 0
0 0 0
0 0 0
0 0 0
0 0 0
0 0 0
0 0 0
0 0 0
0 0 0
0 0 0
0 0 0
0 0 0
0 0 0
0 0 0
0 0 0
0 0 0
0 0 0
0 0 0
0 0 0
0 0 0
0 0 0
0 0 0
0 0 0
0 0 0
0 0 0
0 0 0
0 0 0
0 0 0
0 0 0
0 0 0
0 0 0
0 0 0
0 0 0
0 0 0
0 0 0
0 0 0
0 0 0
0 0 0
0 0 0
0 0 0
0 0 0
0 0 0
0 0 0
0 0 0
0 0 0
0 0 0
0 0 0
0 0 0
0 0 0
0 0 0
0 0 0
0 0 0
0 0 0
0 0 0
0 0 0
0 0 0
0 0 0
0 0 0
0 0 0
0 0 0
0 0 0
0 0 0
0 0 0
0 0 0
0 0 0
0 0 0
0 0 0
0 0 0
0 0 0
0 0 0
0 0 0
0 0 0
0 0 0
0 0 0
0 0 0
0 0 0
0 0 0
0 0 0
0 0 0
0 0 0
0 0 0
0 0 0
0 0 0
0 0 0
0 0 0
0 0 0
0 0 0
0 0 0
0 0 0
0 0 0
0 0 0
0 0 0
0 0 0
0 0 0
0 0 0
0 0 0
0 0 0
0 0 0
0 0 0
0 0 0
0 0 0
0 0 0
0 0 0
0 0 0
0 0 0
0 0 0
0 0 0
0 0 0
0 0 0
0 0 0
0 0 0
0 0 0
0 0 0
0 0 0
0 0 0
0 0 0
0 0 0
0 0 0
0 0 0
0 0 0
0 0 0
0 0 0
0 0 0
0 0 0
0 0 0
0 0 0
0 0 0
0 0 0
0 0 0
0 0 0
0 0 0
0 0 0
0 0 0
0 0 0
0 0 0
0 0 0
0 0 0
0 0 0
0 0 0
0 0 0
0 0 0
0 0 0
0 0 0
0 0 0
0 0 0
0 0 0
0 0 0
0 0 0
0 0 0
0 0 0
0 0 0
0 0 0
0 0 0
0 0 0
0 0 0
0 0 0
0 0 0
0 0 0
0 0 0
0 0 0
0 0 0
0 0 0
0 0 0
0 0 0
0 0 0
0 0 0
0 0 0
0 0 0
0 0 0
0 0 0
0 0 0
0 0 0
0 0 0
0 0 0
0 0 0
0 0 0
0 0 0
0 0 0
0 0 0
0 0 0
0 0 0
0 0 0
0 0 0
0 0 0
0 0 0
0 0 0
0 0 0
0 0 0
0 0 0
0 0 0
0 0 0
0 0 0
0 0 0
0 0 0
0 0 0
0 0 0
0 0 0
0 0 0
0 0 0
0 0 0
0 0 0
0 0 0
0 0 0
0 0 0
1321 0 20884
3140 709 19014
5257 823 16968
7936 634 16360
11395 690 18148
15091 655 18055
18956 600 16849
23385 630 17885
28095 633 16993
33652 662 18092
39776 654 17508
46616 713 17696
53829 649 15752
61008 557 13477
68658 572 12539
77091 624 12086
86480 85 11429
96274 473 10739
105319 587 8532
114371 568 7318
123573 557 6874
132357 511 5681
141212 533 5335
150318 557 4623
160209 561 4675
169399 506 3920
179455 576 3841
188578 542 3266
198511 558 3204
208181 547 2945
217909 543 2726
227596 536 2526
238248 579 2446
248163 527 2109
255560 401 1457
255560 0 0
263784 423 1540
273987 496 1864
284152 527 1643
294171 539 1464
304084 532 1448
314480 528 1433
324346 498 1313
334248 493 1132
344599 520 1163
355235 528 1101
366039 558 1103
377759 591 1136
389572 594 1044
400920 577 980
412039 609 810
424047 654 928
435861 644 861
447988 643 759
458745 580 633
470525 652 733
482054 623 705
493350 596 606
504587 595 575
515732 619 555
526493 576 512
537596 586 496
549229 609 532
561468 639 516
573259 573 441
584522 562 443
595335 545 427
606965 588 445
618705 585 421
630289 628 419
641750 611 404
653142 613 375
664912 633 382
676282 600 359
687932 612 343
699676 631 401
710683 584 341
722545 632 298
734337 611 317
746164 613 308
757425 593 280
768328 605 300
779928 618 298
792179 654 291
804391 653 282
816326 630 286
828428 609 270
838784 526 241
849410 539 229
859440 495 219
869730 507 203
880744 533 240
892026 565 221
903551 623 217
914560 561 218
924772 522 241
935252 542 188
944976 504 192
954037 479 166
964217 526 195
974787 548 208
984590 506 172
994910 537 170
1006931 643 227
1017730 578 185
1028764 586 198
1039827 578 201
1051428 616 193
1062689 597 201
1074070 602 175
1085461 621 183
1097503 589 221
1108884 608 195
1119885 533 176
1131228 567 194
1142646 562 208
1154322 578 191
1165802 581 192
1177249 628 190
1189377 612 181
1201209 637 175
1211818 551 167
1222926 575 143
1234337 588 157
1244847 593 172
1256199 619 135
1267809 601 169
1279676 625 174
1291670 629 160
1303374 624 159
1315064 624 133
1326146 582 145
1337321 612 151
1349250 657 145
1361054 627 138
1373267 619 144
1385503 634 152
1396787 588 140
1408104 570 118
1419717 589 125
1431045 557 113
1442278 569 137
1453751 580 148
1465818 666 131
1476840 581 104
1488286 602 124
1499696 593 111
1511730 632 122
1522698 610 122
1533039 543 86
1544699 612 112
1556488 617 142
1567503 589 107
1579592 640 135
1591565 651 122
1603525 643 92
1614413 585 116
1625423 589 110
1635955 526 88
1648313 651 105
1659844 549 101
1670944 597 116
1682213 584 96
1693597 567 79
1704924 570 83
1716200 569 103
1727805 575 107
1739163 587 107
1751184 645 108
1761931 553 89
1773610 591 119
1785641 636 101
1797341 626 94
1807784 608 65
1819023 598 68
1829929 571 83
1840840 577 77
1852161 595 81
1862481 539 83
1874248 624 94
1885933 655 83
1897313 631 74
1908704 585 98
1920330 626 106
1931622 549 89
1942180 555 71
1952457 511 66
1964203 565 64
1975272 547 68
1985863 545 65
1996003 529 63
2006538 555 71
2016817 567 69
2027421 572 73
2037560 536 60
2048860 587 71
2059809 569 54
2070161 539 63
2079912 504 52
2089996 522 48
2100345 546 61
2110986 563 52
2121113 549 65
2131813 559 77
2142375 555 65
2152710 536 47
2163062 541 58
2173956 576 78
2184841 528 72
2194977 549 51
2205213 541 50
2216391 540 64
2227112 522 57
2237473 504 63
2247996 519 53
2258100 534 56
2268373 528 55
2278653 527 43
2288458 531 44
2299246 553 46
2310029 554 49
2320239 515 49
2330447 525 49
2340779 527 34
2350995 531 44
2360957 514 40
2371577 542 55
2382600 572 37
2393258 541 34
2403550 559 43
2413909 560 45
2424721 597 45
2434859 530 46
2445622 546 44
2456233 532 55
2467496 567 41
2479214 561 48
2489362 491 39
2499701 516 49
2510508 540 43
2521381 574 45
2531949 546 29
2542305 548 36
2552731 529 47
2562837 512 37
2572456 498 30
2582480 520 40
2592472 521 32
2603369 628 34
2614630 611 45
2625211 560 40
2635770 543 39
2646324 531 38
2656161 504 42
2665495 491 34
2675860 544 45
2686058 550 31
2695639 541 36
2705510 532 21
2716143 528 21
2726515 554 32
2737056 525 25
2747846 556 23
2758497 555 30
2768821 541 31
2778895 502 24
2789462 509 36
2799747 504 30
2809931 511 30
2820217 552 32
2830232 514 30
2840609 535 29
2850813 549 31
2860566 524 27
2870514 522 30
2881354 561 43
2891727 554 31
2901945 546 26
2912194 541 31
2922487 543 38
2932861 550 23
2943338 609 24
2953892 562 25
2964452 545 21
2975308 569 30
2985807 536 30
2995650 509 24
3006676 549 29
3017792 569 22
3029070 571 26
3040368 580 23
3051044 540 22
3061614 549 28
3072088 551 28
3082379 526 17
3093106 557 36
3103580 542 23
3113790 525 28
3124276 534 24
3134955 537 23
3145619 545 23
3155785 550 19
3165426 505 21
3176062 553 32
3186719 546 21
3197478 568 24
3207692 528 13
3218880 582 31
3229611 557 27
3239905 541 28
3249655 524 14
3259907 534 14
3271103 550 29
3281609 529 16
3290936 514 16
3301706 524 27
3312325 515 31
3322469 491 23
3333378 540 23
3344983 618 28
3352376 583 11
3362621 524 20
3372906 521 21
3380487 577 8
3389251 683 18
3398816 580 12
3408907 524 14
3415059 649 5
3425859 762 17
3434813 874 20
3445489 952 16
3456542 562 15
3467537 562 19
3475967 677 11
3484051 797 9
3494055 530 9
3501447 732 9
3512325 559 17
3521181 533 6
3531671 540 14
3541476 504 20
3551982 522 7
3563340 591 22
3571974 471 11
3580371 557 7
3589958 482 19
3599744 634 23
3610053 540 21
3619185 558 9
3627297 464 11
3637341 521 15
3647147 569 16
3656194 517 9
3664363 609 9
3674091 1178 2
3685689 785 14
3696010 896 14
3706822 559 15
3716355 519 11
3727881 604 11
3738838 563 26
3749927 591 9
3762140 668 11
3774489 673 15
3786493 641 14
3797984 569 16
3809303 575 13
3817960 518 11
3826745 587 15
3837050 489 8
3847013 728 11
3857627 518 13
3869409 572 23
3881456 587 13
3893061 598 12
3904821 604 11
3916120 608 20
3927244 630 3
3939595 642 19
3951817 712 14
3961092 583 17
3970465 498 6
3980167 667 5
3991788 45 15
4001309 142 9
4010370 638 12
4022407 633 11
4034510 634 16
4046207 614 12
4057705 604 11
4068922 604 14
4078366 552 5
4089021 559 11
4098734 548 3
4107487 442 5
4119763 587 10
4130831 542 11
4141364 525 13
4152283 578 7
4162913 702 3
4172644 547 5
4182985 629 9
4192157 508 11
4203946 609 11
4215669 600 8
4225790 595 5
4234676 463 7
4245960 594 7
4256894 595 8
4266636 618 8
4277960 700 5
4287729 529 8
4299606 628 8
4309077 510 2
4317914 538 3
4329477 608 4
4340848 554 6
4350038 607 1
4361482 562 6
4373604 635 10
4385743 596 9
4397429 569 15
4409472 580 8
4421053 570 7
4430600 592 9
4441166 616 11
4450046 483 5
4458037 518 6
4466290 496 4
4475978 497 10
4485244 474 8
4495880 557 11
4506309 544 12
4517555 589 13
4524463 528 5
4533590 616 7
4542601 507 9
4553314 557 12
4561394 509 5
4571813 618 6
4583403 608 4
4592470 508 2
4601564 533 5
4612334 528 7
4623604 582 4
4634862 580 6
4647221 599 10
4657586 527 8
4668700 547 9
4679893 544 4
4689657 520 2
4699783 543 4
4709897 629 7
4720880 640 2
4733175 642 7
4745069 617 5
4757028 643 7
4764932 550 5
4776274 618 10
4787029 643 2
4796912 531 5
4809175 636 4
4819381 515 5
4829303 608 5
4840872 638 5
4848238 533 5
4857830 637 2
4869306 626 4
4881040 575 3
4890348 516 4
4902852 597 3
4914473 609 5
4924284 538 5
4933447 583 6
4942646 494 2
4950730 513 3
4959781 587 2
4969011 502 4
4980983 624 5
4993008 624 4
5003601 621 7
5012848 531 10
5024020 682 5
5032880 561 5
5043726 561 3
5054926 595 3
5067431 671 4
5079223 616 4
5090615 596 2
5102174 606 3
5114083 641 6
5125416 609 6
5136553 591 7
5147832 590 0
5158182 524 1
5167955 520 1
5177560 551 1
5187756 520 5
5198469 528 5
5208024 477 2
5218235 513 7
5228330 511 3
5239614 588 2
5250260 558 2
5260355 667 3
5270672 564 5
5280443 540 4
5290597 527 3
5299941 599 0
5307725 491 4
5318705 602 1
5326643 532 7
5336766 535 3
5346419 503 1
5356835 535 3
5366702 606 3
5377377 567 1
5386744 555 4
5397045 554 2
5406256 553 1
5416338 510 5
5424821 505 4
5435633 515 1
5446051 538 1
5457056 533 3
5465400 539 0
5474670 587 2
5479847 457 2
5489131 579 5
5498273 605 0
5508347 627 5
5518856 540 3
5526869 517 3
5536301 504 3
5546651 537 1
5557457 577 5
5567928 542 3
5576852 603 5
5587563 553 3
5597835 525 2
5608305 548 3
5618562 531 3
5626800 602 2
5637007 534 1
5645882 523 1
5654383 487 4
5665216 571 1
5674500 491 2
5684895 548 1
5695349 557 1
5705169 503 1
5714153 535 2
5724457 498 6
5734483 562 6
5743808 462 2
5752951 494 2
5763553 578 2
5772379 499 7
5780521 502 2
5788855 469 2
5798859 537 3
5807604 469 2
5819061 686 1
5827682 494 3
5836305 501 2
5846212 582 4
5856228 519 4
5865872 530 0
5874920 555 1
5884226 483 4
5893192 513 2
5903307 538 3
5912670 495 1
5920993 537 1
5929773 538 3
5940175 551 1
5948134 496 1
5957323 472 5
5965966 550 2
5976558 509 4
5987091 552 2
5997446 500 1
6007359 489 0
6016082 478 1
6024142 478 1
6034461 522 1
6044929 535 2
6054990 546 2
6063828 524 0
6074254 544 2
6084986 553 1
6095176 531 0
6103214 456 1
6113156 518 1
6122592 601 2
6131588 531 1
6140703 484 2
6151379 557 2
6160466 679 0
6170551 522 1
6178424 418 1
6188619 534 1
6197338 618 3
6208238 570 0
6215188 398 0
6226099 559 3
6235838 514 2
6245492 583 0
6253821 498 2
6264541 516 2
6274250 570 4
6283479 493 1
6293302 491 2
6302426 485 2
6310387 417 0
6318981 516 2
6327600 465 3
6336148 559 0
6344154 464 0
6353166 477 3
6363071 531 2
6371587 469 0
6381723 543 1
6389554 512 1
6398624 524 1
6409237 551 4
6417967 534 1
6428315 627 0
6438277 537 0
6446399 462 1
6457101 552 3
6467544 555 1
6477508 521 1
6488489 573 2
6499482 539 0
6510003 540 0
6520126 505 0
6530302 526 1
6540034 504 0
6546997 400 0
6555790 487 0
6564885 566 2
6575455 556 4
6586226 551 0
6596234 519 0
6604671 477 4
6613629 472 1
6622189 454 3
6632089 599 1
6642442 530 4
6652831 529 1
6661533 537 0
6670703 502 1
6679223 549 2
6688748 506 1
6698609 519 1
6705246 525 1
6714646 587 0
6723196 471 0
6733467 551 1
6743824 539 0
6752239 527 2
6762520 536 4
6772274 573 1
6781296 543 0
6792106 538 0
6802899 529 2
6811626 439 2
6820895 656 1
6832183 549 1
6839381 502 0
6847363 490 1
6854926 460 1
6865366 536 1
6875673 533 0
6885769 513 1
6894156 458 0
6904520 535 4
6913594 523 0
6921824 553 0
6930069 533 0
6939997 636 0
6950382 533 3
6960656 534 0
6970969 536 0
6981364 542 2
6992150 562 0
7002499 536 0
7012883 534 3
7023258 538 2
7030783 464 1
7040046 471 0
7049631 473 0
7060225 540 0
7067937 439 3
7078191 532 1
7085795 480 0
7094740 545 1
7103956 509 1
7114193 548 0
7124631 543 0
7133795 527 0
7141724 460 0
7152614 556 1
7160912 459 0
7172180 577 0
7183332 577 0
7193349 522 1
7203612 538 0
7212851 537 0
7223228 532 0
7233578 548 2
7244655 571 0
7256048 581 0
7266441 541 0
7275577 586 1
7286046 548 3
7295403 533 0
7302778 445 0
7311338 454 1
7321180 504 3
7331834 553 0
7342497 565 0
7351651 611 0
7362125 521 0
7371187 573 1
7378945 491 0
7387895 588 2
7398537 556 1
7406898 496 0
7415746 539 0
7425927 536 1
7435641 560 0
7445583 524 1
7452833 581 0
7462119 592 0
7470436 598 0
7478717 460 0
7486574 510 0
7496795 556 0
7508178 659 1
7517670 600 0
7525813 421 0
7533784 589 1
7544238 553 0
7554714 539 0
7564956 527 0
7575247 538 1
7585335 542 1
7594880 471 0
7602714 521 0
7612945 583 0
7620827 616 1
7631024 510 0
7640516 462 0
7650284 499 1
7659995 552 0
7670913 556 0
7680681 521 0
7689063 567 0
7699785 600 0
7710250 536 0
7719181 461 0
7727337 498 0
7736085 528 0
7746443 542 0
7755250 535 1
7763503 594 0
7774066 548 0
7782588 554 1
7791925 583 0
7801438 513 0
7810148 533 0
7820375 587 0
7829634 615 0
7837313 501 0
7848177 569 1
7856917 442 0
7867388 507 0
7875607 616 0
7884278 591 0
7894405 528 0
7902822 462 1
7912598 494 0
7922430 587 2
7932911 498 0
7942336 595 1
7952210 508 0
7962660 540 0
7971024 493 0
7979242 419 0
7986233 393 0
7995725 557 0
8005424 532 0
8015090 565 0
8025091 515 0
8034269 572 0
8044337 520 1
8052089 597 0
8061831 516 0
8072431 547 0
8082673 537 0
8091283 522 0
8099962 563 0
8110144 546 0
8119275 482 0
8129272 497 1
8137616 546 0
8148971 587 0
8160059 552 0
8171386 542 0
8181898 564 0
8191032 495 0
8198885 659 1
8206719 434 0
8215539 533 0
8226080 554 0
8233750 410 0
8241981 530 0
8250683 548 0
8261485 548 1
8271620 521 0
8281636 513 0
8289613 552 0
8298266 576 0
8306922 459 1
8317190 517 0
8326880 570 0
8336867 636 2
8345541 601 0
8353967 517 0
8364081 589 0
8374711 559 0
8384907 539 0
8393297 525 0
8403183 610 0
8414249 572 0
8422368 536 0
8432047 520 0
8440584 449 0
8449721 600 0
8459679 487 0
8469106 489 0
8478394 485 0
8487325 447 1
8497817 569 0
8506097 447 0
8514776 484 0
8522892 570 0
8531457 641 0
8541134 503 0
8551172 525 0
8561530 529 0
8571771 539 0
8580340 573 0
8590857 549 0
8601266 536 0
8609372 566 0
8619967 567 0
8631451 609 0
8643199 614 0
8653806 558 0
8664280 527 0
8671758 491 0
8682777 542 0
8690702 412 0
8699269 478 0
8710750 556 0
8720947 524 0
8730699 494 0
8737695 472 0
8745686 419 0
8753828 565 0
8763980 526 0
8773321 479 0
8782680 524 0
8791967 669 0
8802130 515 0
8810705 563 0
8819202 555 0
8829275 529 0
8837920 522 0
8848195 524 0
8857821 620 0
8866904 574 1
8875628 553 0
8886734 569 0
8896829 550 0
8905704 499 1
8915311 620 0
8924407 483 0
8933295 514 0
8942375 503 0
8953002 539 0
8962008 470 0
8972030 512 0
8981967 509 0
8991939 600 0
9002060 494 0
9010330 534 0
9020527 564 0
9028762 515 1
9039430 547 0
9050257 557 0
9060691 544 1
9071036 528 0
9080574 581 0
9091821 595 0
9102780 581 0
9113071 531 0
9123269 543 0
9131750 434 0
9142903 584 0
9153847 567 0
9164239 548 0
9174734 557 0
9183072 560 0
9191375 466 1
9198982 498 0
9209487 548 1
9219831 522 0
9230050 515 0
9240182 529 0
9249404 544 0
9260670 574 0
9269652 532 0
9281375 584 0
9291259 586 0
9303683 633 0
9313183 554 0
9324720 610 0
9336329 607 0
9347052 560 0
9358393 582 0
9366068 630 0
9375580 541 0
9384105 24 0
9394613 27 1
9407193 27 0
9413961 20 0
9425610 27 0
9437139 27 0
9446348 23 0
9456669 24 0
9462720 19 0
9473304 23 0
9481919 19 0
9494488 26 0
9504291 22 0
9513129 20 0
9524940 25 0
9535918 25 0
9546297 12 0
9556779 197 0
9566454 509 0
9577506 562 0
9587786 519 0
9598221 532 0
9608468 544 0
9619329 570 0
9629879 544 0
9640298 559 0
9651019 548 0
9661075 523 0
9670921 496 0
9681493 543 0
9691842 532 0
9701137 491 0
9709885 471 0
9718492 502 0
9728842 535 0
9737525 473 0
9747456 538 0
9757670 517 0
9768443 538 0
9778825 530 0
9789466 542 0
9799444 487 0
9809702 531 0
9818481 504 0
9829605 533 0
9840530 563 0
9850571 525 0
9860836 521 0
9870911 522 0
9880597 514 0
9888046 462 0
9896752 467 0
9907533 559 0
9916551 542 0
9925443 534 0
9935270 570 0
9945192 611 0
9955689 554 0
9965385 503 0
9975814 528 0
9984355 534 0
9993318 494 0
10003410 522 0
10014261 565 0
10023176 484 0
10033884 531 0
10044499 557 0
10056056 562 0
10066722 511 0
10077334 512 0
10085949 479 0
10091010 499 0
10100357 499 0
10109131 465 0
10118895 589 0
10128916 644 0
10139003 635 0
10147682 463 0
10157716 561 0
10168734 587 0
10176286 546 0
10184821 519 0
10196806 622 0
10208116 582 0
10213425 457 0
10223186 502 0
10230831 459 0
10241630 562 0
10249951 445 0
10259371 561 0
10268765 636 0
10278971 626 0
10290245 575 0
10301015 545 0
10311420 506 0
10321757 539 0
10330537 529 0
10339943 477 0
10349267 496 0
10358242 534 0
10367568 483 0
10377545 539 0
10388922 595 0
10399257 530 0
10409688 557 0
10419878 551 0
10429714 664 0
10439498 586 0
10448921 539 0
10459128 524 0
10469531 533 0
10479344 503 0
10488031 481 0
10498990 582 1
10508605 549 0
10517452 477 0
10527535 520 0
10537838 540 0
10548378 544 0
10556268 411 0
10566710 517 0
10575005 462 0
10583922 506 0
10594676 543 0
10605569 538 0
10616546 526 0
10627616 535 0
10638084 519 0
10646363 512 0
10655068 560 0
10665704 572 0
10674607 587 0
10684474 604 0
10694338 560 0
10705510 570 0
10715562 524 0
10724045 557 0
10733239 497 0
10741417 574 0
10751962 549 0
10760133 466 0
10769069 513 0
10779627 542 0
10790146 541 0
10800433 534 0
10808426 461 0
10817189 552 0
10825822 460 0
10835910 547 0
10844562 430 0
10852788 470 0
10863133 565 0
10873600 504 0
10883930 510 0
10894401 513 0
10902311 525 0
10912729 543 0
10923001 532 0
10933863 560 0
10943901 509 0
10953616 498 0
10962329 484 0
10972963 555 0
10980469 487 0
10990782 532 0
11001278 533 0
11009601 612 0
11019521 512 0
11030162 550 0
11040304 520 0
11049036 532 0
11058265 506 0
11068731 623 0
11077758 524 0
11088223 544 0
11098534 527 0
11109359 549 0
11117067 410 0
11125711 625 0
11135570 553 0
11144623 552 0
11156129 568 0
11168605 599 0
11180219 564 0
11191937 606 0
11201200 500 0
11209682 621 0
11221480 634 0
11230170 526 0
11239409 577 0
11251659 640 0
11261361 635 0
11270425 594 0
11281757 592 0
11293179 624 0
11303807 556 0
11314978 591 0
11326999 628 0
11339239 658 0
11350998 623 0
11362751 627 0
11375132 678 0
11387334 618 0
11399266 572 0
11410545 600 0
11422429 580 0
11433711 559 0
11440599 449 0
11449763 496 0
11461893 599 0
11473862 627 0
11486090 653 0
11498428 645 0
11510353 648 0
11521718 608 0
11532975 591 0
11544721 606 0
11556769 621 0
11568520 620 0
11580149 621 0
11589433 705 0
11598575 623 0
11609893 606 0
11619301 567 0
11630438 598 0
11642881 668 0
11652627 583 0
11661653 491 0
11671468 543 0
11684155 633 0
11694573 562 0
11704724 535 0
11715660 538 0
11726066 511 0
11736722 565 0
11745362 435 0
11755526 521 0
11763896 501 0
11774587 548 0
11784720 520 0
11795038 540 0
11805427 555 0
11816838 591 0
11827633 568 0
11838904 592 0
11851003 618 0
11862733 692 0
11872656 569 0
11884651 641 0
11896841 657 0
11908046 598 0
11916951 542 0
11928424 557 0
11940389 630 0
11952010 551 0
11963899 577 0
11975702 583 0
11987557 578 0
11998892 557 0
12009777 534 0
12021553 572 0
12033701 591 0
12045847 579 0
12057858 580 0
12069848 586 0
12071366 1892 0
12077794 832 0
12088414 472 0
12099012 471 0
12111503 428 0
12122168 404 0
12133393 383 0
12142006 355 0
12154075 401 0
12166034 392 0
12177149 379 0
12189116 445 0
12201240 410 0
12210247 454 0
12219440 328 0
12227960 360 0
12237475 342 0
12247798 423 0
12259170 455 0
12270944 443 0
12280517 427 0
12290769 371 0
12301732 424 0
12313671 447 0
12325466 426 0
12337202 427 0
12346402 406 0
12355078 478 0
12366604 402 0
12376805 485 0
12387483 421 0
12396493 396 0
12408099 412 0
12419125 425 0
12430663 450 0
12441159 452 0
12452544 451 0
12464091 458 0
12475490 435 0
12487108 441 0
12498733 455 0
12509987 442 0
12520672 462 0
12531689 475 0
12542723 508 0
12553500 451 0
12560067 478 0
12570702 546 0
12581118 463 0
12592256 504 0
12603222 518 0
12613828 479 0
12625154 535 0
12635856 453 0
12646652 495 0
12655619 398 0
12665046 437 0
12671121 282 0
12681707 466 0
12690254 430 0
12701392 510 0
12709589 429 0
12721019 523 0
12730018 500 0
12741149 459 0
12751848 502 0
12762354 544 0
12771470 327 0
12780051 169 0
12790673 166 0
12799696 167 0
12811057 105 0
12822789 73 0
12831707 53 0
12843139 41 0
12854801 67 0
12866541 80 0
12876950 74 0
12888143 57 0
12899865 38 0
12911538 65 0
12922782 64 0
12934274 64 0
12944139 84 0
12953676 44 0
12963970 103 0
12972610 82 0
12980728 164 0
12989138 95 0
13000809 100 0
13012203 56 0
13023215 64 0
13035026 44 0
13044823 98 0
13055015 118 0
13063823 60 0
13074910 49 0
13086395 51 0
13096315 38 0
13105439 70 0
13117196 83 0
13125449 120 0
13136902 53 0
13147703 49 0
13157325 144 0
13168386 78 0
13177486 61 0
13188898 31 0
13197706 40 0
13208267 47 0
13218448 65 0
13229800 31 0
13241386 52 0
13250721 212 0
13261932 31 0
13268995 121 0
13279936 69 0
13291036 57 0
13302132 57 0
13311071 34 0
13322457 51 0
13333476 54 0
13344387 60 0
13355844 70 0
13365598 38 0
13376558 56 0
13387794 78 0
13399651 55 0
13407551 76 0
13419451 53 0
13430053 60 0
13438983 141 0
13449872 54 0
13461054 66 0
13471842 54 0
13483449 57 0
13494673 36 0
13506177 31 0
13517620 69 0
13529041 34 0
13540067 52 0
13551297 117 0
13562074 39 0
13570164 65 0
13581133 92 0
13589817 146 0
13599790 134 0
13609214 100 0
13617974 85 0
13628551 48 0
13637072 172 0
13648103 51 0
13659073 36 0
13669202 61 0
13680302 161 0
13687896 123 0
13696774 118 0
13707293 116 0
13715352 173 0
13724024 215 0
13733238 212 0
13742093 80 0
13751524 116 0
13760894 108 0
13768799 106 0
13778113 60 0
13788331 69 0
13798598 64 0
13808547 43 0
13817845 55 0
13827493 92 0
13837344 90 0
13846877 63 0
13856691 65 0
13866271 191 0
13874158 117 0
13882172 115 0
13892174 51 0
13899751 68 0
13909414 69 0
13919207 57 0
13929384 58 0
13935761 161 0
13945552 48 0
13953525 53 0
13963406 130 0
13970574 88 0
13980537 30 0
13988270 63 0
13995263 89 0
14002979 102 0
14010850 88 0
14021360 85 0
14029175 128 0
14039422 77 0
14049543 81 0
14058756 128 0
14069262 127 0
14078866 125 0
14087116 91 0
14093667 325 0
14103867 36 0
14114265 49 0
14123854 34 0
14133078 30 0
14143374 47 0
14153580 75 0
14162873 96 0
14170548 137 0
14179898 97 0
14189108 85 0
14196785 83 0
14206419 29 0
14215943 30 0
14223554 79 0
14230834 92 0
14240838 103 0
14251003 72 0
14258600 82 0
14266560 72 0
14275679 95 0
14285054 88 0
14292606 65 0
14302115 45 0
14311881 72 0
14321613 75 0
14329530 110 0
14339532 78 0
14346392 144 0
14355867 90 0
14365831 119 0
14375834 82 0
14385780 115 0
14395368 113 0
14403899 114 0
14414206 67 0
14424191 86 0
14432375 160 0
14441347 91 0
14451294 81 0
14461214 99 0
14470458 132 0
14476466 192 0
14483278 90 0
14493602 111 0
14502184 131 0
14511538 140 0
14521641 97 0
14528301 52 0
14537192 87 0
14547056 127 0
14556799 58 0
14565036 64 0
14575183 66 0
14585845 74 0
14596380 96 0
14606623 57 0
14616568 87 0
14624104 67 0
14634039 61 0
14641176 82 0
14651317 111 0
14661830 64 0
14669793 186 0
14679487 68 0
14690021 63 0
14698668 28 0
14708451 81 0
14719115 69 0
14729251 54 0
14736042 106 0
14745477 39 0
14752555 92 0
14760204 64 0
14768396 67 0
14774183 144 0
14784250 109 0
14794414 89 0
14803931 117 0
14812372 148 0
14822633 48 0
14832438 29 0
14842747 32 0
14853283 32 0
14863753 31 0
14870697 145 0
14880850 221 0
14887617 346 0
14898241 316 0
14906617 210 0
14915041 32 0
14923454 34 0
14934353 35 0
14944791 31 0
14951255 31 0
14961801 32 0
14969464 35 0
14979901 35 0
14990660 32 0
15001334 31 0
15010077 35 0
15020593 29 0
15028791 130 0
15039366 34 0
15049274 29 0
15059745 37 0
15070656 30 0
15081462 30 0
15092403 34 0
15102612 29 0
15112857 33 0
15119547 83 0
15129368 34 0
15139464 32 0
15146831 53 0
15157248 30 0
15167895 35 0
15178025 44 0
15188336 455 0
15198817 484 0
15209883 485 0
15219712 430 0
15229995 460 0
15240147 441 0
15249965 511 0
15260020 460 0
15270021 461 0
15279454 487 0
15286121 361 0
15296753 488 0
15303643 334 0
15313989 482 0
15323868 438 0
15332048 404 0
15342482 476 0
15353009 456 0
15363435 457 0
15373681 498 0
15383501 476 0
15392022 460 0
15401367 430 0
15411881 484 0
15420103 394 0
15430664 484 0
15441197 466 0
15449753 393 0
15457737 436 0
15467419 603 0
15477398 437 0
15488090 474 0
15498232 450 0
15507897 455 0
15516425 525 0
15526787 459 0
15537540 447 0
15548262 465 0
15556924 432 0
15567022 459 0
15575175 389 0
15582208 314 0
15592700 456 0
15601006 390 0
15611126 447 0
15621635 448 0
15631392 534 0
15640867 435 0
15651460 467 0
15661915 461 0
15672777 456 0
15680926 484 0
15690974 445 0
15699044 406 0
15707202 343 0
15717821 450 0
15726524 520 0
15736914 503 0
15746581 419 0
15754820 425 0
15764993 494 0
15775514 501 0
15786111 494 0
15796387 478 0
15803417 379 0
15813005 477 0
15823814 469 0
15833239 454 0
15844032 469 0
15854790 452 0
15864729 431 0
15874561 417 0
15885233 448 0
15895990 470 0
15906027 444 0
15916251 449 0
15924275 450 0
15934514 473 0
15940939 324 0
15950936 456 0
15960994 456 0
15968382 432 0
15977883 419 0
15986520 513 0
15996262 435 0
16003422 431 0
16013573 456 0
16024209 453 0
16033639 411 0
16040592 347 0
16050179 409 0
16059842 427 0
16068094 425 0
16078317 431 0
16088673 456 0
16096347 312 0
16105600 424 0
16115662 449 0
16126198 460 0
16135878 409 0
16145224 385 0
16155350 444 0
16165272 438 0
16174975 437 0
16185194 426 0
16195199 441 0
16205595 460 0
16214634 410 0
16223340 472 0
16230264 328 0
16240326 452 0
16247711 414 0
16257587 461 0
16267537 450 0
16276834 415 0
16285915 407 0
16293729 403 0
16303099 414 0
16313126 432 0
16323140 430 0
16333683 440 0
16344071 459 0
16353772 408 0
16363008 410 0
16372724 415 0
16382922 537 0
16392246 482 0
16400469 465 0
16410621 530 0
16420316 550 0
16428951 463 0
16438166 493 0
16447574 609 0
16457875 516 0
16467479 473 0
16476100 522 0
16486815 519 0
16497536 585 5
16509068 608 0
16520579 603 0
16530965 542 0
16541240 534 0
16551515 551 0
16561135 524 0
16571209 536 0
16581394 549 0
16589717 573 0
16598844 493 0
16608148 547 0
16618187 577 0
16628712 546 0
16639005 543 0
16648651 515 0
16659129 558 0
16668795 508 0
16679079 552 0
16688586 495 0
16698721 525 0
16708978 533 0
16719108 525 0
16729694 559 0
16740151 663 0
16750740 563 0
16759572 575 0
16769633 564 0
16777081 428 0
16786780 508 0
16794495 459 0
16804975 550 0
16815714 577 0
16823705 457 0
16834061 551 0
16844228 536 0
16852177 467 0
16862654 543 0
16872145 595 0
16882530 544 0
16890948 448 0
16899729 495 0
16910275 562 0
16918369 493 0
16930014 665 0
16939878 607 0
16948794 526 0
16959632 650 0
16969865 535 0
16980551 565 0
16990505 527 0
16998693 459 0
17008531 513 0
17018308 519 0
17028794 559 0
17040395 615 0
17051229 577 0
17060039 483 0
17070016 540 0
17077453 587 0
17087065 631 0
17098316 602 0
17108069 514 0
17119086 577 0
17129113 520 0
17139211 527 0
17149270 531 0
17159397 526 0
17169304 521 0
17179501 547 0
17188563 482 0
17197372 560 0
17202190 301 0
17210008 446 0
17219682 504 0
17230344 566 0
17240995 563 0
17251598 559 0
17260654 514 0
17271487 577 0
17281342 526 0
17291780 548 0
17302039 536 0
17312560 548 0
17322469 522 0
17330774 478 0
17339441 499 0
17351231 637 0
17362200 592 0
17372638 580 0
17383865 622 0
17393274 520 0
17404776 616 0
17416186 614 0
17427478 607 0
17438850 609 0
17449846 578 0
17460105 559 0
17466306 785 0
17478324 662 0
17490314 644 0
17502231 568 0
17514022 26 0
17526189 26 0
17536888 26 0
17547394 24 0
17557511 22 0
17569619 27 0
17578653 20 0
17590575 26 0
17599563 21 0
17609838 24 0
17620085 25 0
17631610 26 0
17640277 21 0
17652119 25 0
17662164 26 0
17673299 26 0
17682706 19 0
17694952 26 0
17706306 27 0
17717855 25 0
17729815 26 0
17741222 26 0
17750308 19 0
17756507 23 0
17765967 604 0
17778010 648 0
17789470 613 0
17800852 613 0
17812741 641 0
17824904 660 0
17832424 601 0
17843287 593 0
17854595 602 0
17866168 623 0
17876594 560 0
17884245 420 0
17893764 612 0
17905802 662 0
17917542 628 0
17928431 583 0
17939681 600 0
17950807 597 0
17961664 582 0
17972924 617 0
17981937 528 0
17989633 908 0
17999998 573 0
18011500 619 0
18023236 633 0
18034617 607 0
18045496 579 0
18056007 568 0
18067102 584 0
18079384 677 0
18091305 655 0
18102136 584 0
18111661 711 0
18118832 453 0
18130798 650 0
18138325 515 0
18149380 590 0
18157454 487 0
18168256 580 0
18176879 458 0
18185790 483 0
18198159 672 0
18207160 497 0
18218581 610 0
18226930 504 0
18238493 676 0
18249391 589 0
18254617 523 0
18266445 648 0
18275367 533 0
18286623 608 0
18298270 628 0
18310091 642 0
18321868 645 0
18331425 539 0
18343100 636 0
18354812 642 0
18366326 631 0
18377319 593 0
18388375 603 0
18398261 556 0
18404948 537 0
18416221 609 0
18425228 518 0
18435873 571 0
18445967 573 0
18457375 614 0
18468738 614 0
18480498 643 0
18492245 629 0
18503184 585 0
18514396 609 0
18523117 495 0
18533096 565 0
18538502 414 0
18549775 615 0
18561738 642 0
18573438 623 0
18584896 613 0
18596221 610 0
18608192 646 0
18620229 648 0
18631368 601 0
18642725 611 0
18653758 589 0
18665258 617 0
18676491 626 0
18685406 505 0
18694347 609 0
18704509 665 0
18715080 561 0
18725586 566 0
18737093 632 0
18748435 617 0
18757949 513 0
18769141 606 0
18780829 631 0
18792808 659 0
18800964 530 0
18810130 582 0
18821214 597 0
18832201 597 0
18843101 586 0
18854850 629 0
18863681 526 0
18874629 592 0
18885573 591 0
18897194 634 0
18908868 628 0
18919020 598 0
18927007 464 0
18936374 581 0
18948230 643 0
18960043 637 0
18971760 628 0
18983855 656 0
18995664 641 0
19005556 560 0
19015050 561 0
19023598 468 0
19034870 630 0
19046328 645 0
19053646 604 0
19062937 554 0
19074469 620 0
19085330 575 0
19093972 496 0
19105078 595 0
19117254 667 0
19128743 615 0
19139984 615 0
19151782 639 0
19163833 648 0
19174617 582 0
19186131 627 0
19194890 548 0
19197736 151 0
19206179 469 0
19216556 551 0
19227023 550 0
19237828 565 0
19248484 559 0
19258734 530 0
19268265 505 0
19278843 559 0
19288959 538 0
19298681 521 0
19309326 621 0
19315793 431 0
19326186 543 0
19336753 548 0
19346607 518 0
19357040 556 0
19367092 538 0
19377036 540 0
19387615 562 0
19396701 512 0
19406850 557 0
19417019 533 0
19426928 519 0
19438166 598 0
19444919 414 0
19453262 558 0
19463510 545 0
19473714 541 0
19483555 526 0
19493690 537 0
19504218 551 0
19514401 535 0
19524469 535 0
19534377 532 0
19545515 598 0
19555964 557 0
19564046 469 0
19572165 438 0
19581081 470 0
19591387 536 0
19599000 413 0
19609352 541 0
19617541 487 0
19625963 493 0
19636248 549 0
19643453 506 0
19655057 632 0
19663087 434 0
19672444 488 0
19682454 537 0
19690811 560 0
19697450 536 0
19707270 521 0
19717009 520 0
19727309 540 0
19737767 545 0
19748001 543 0
19756868 486 0
19766917 533 0
19777805 577 0
19786523 541 0
19796652 539 0
19806537 609 0
19814600 635 0
19825293 569 0
19835751 554 0
19846268 550 0
19856943 568 0
19867039 531 0
19877249 547 0
19887175 532 0
19897187 535 0
19906806 513 0
19917248 550 0
19928697 604 0
19939672 584 0
19946727 419 0
19955202 472 0
19965490 551 0
19975667 543 0
19985973 555 0
19994489 470 0
20004074 600 0
20015508 606 0
20026431 577 0
20036438 534 0
20047457 591 0
20058029 570 0
20067487 505 0
20074326 721 0
20084638 543 0
20095237 552 0
20105192 519 0
20116436 593 0
20126903 554 0
20137340 562 0
20147491 538 0
20157498 540 0
20167885 554 0
20179039 586 0
20189465 552 0
20199468 539 0
20210691 600 0
20214548 458 0
20224248 532 0
20235424 599 0
20246183 576 0
20257593 617 0
20269055 612 0
20280561 616 0
20292867 665 0
20304522 628 0
20315533 597 0
20326465 594 0
20337574 596 0
20348661 639 0
20356034 662 0
20364551 487 0
20374366 564 0
20386062 649 0
20393132 383 0
20403337 535 0
20413954 565 0
20425162 604 0
20434505 608 0
20443828 521 0
20455853 656 0
20467605 631 0
20479212 613 0
20490692 620 0
20500471 657 0
20510385 593 0
20518875 571 0
20530664 634 0
20542764 655 0
20553666 591 0
20562314 479 0
20574301 628 0
20586556 661 0
20597853 595 0
20609073 602 0
20620035 617 0
20627897 604 0
20636636 486 0
20647247 560 0
20657220 531 0
20667008 516 0
20675528 483 0
20685991 545 0
20696140 527 0
20706525 550 0
20716801 557 0
20726427 518 0
20735955 528 0
20741938 439 0
20752561 567 0
20763172 558 0
20773836 568 0
20779923 546 1913
20789564 528 5059
20799052 514 3430
20808846 526 2737
20818654 526 2366
20828725 542 1996
20839438 563 1788
20849259 531 1490
20855780 390 833
20865790 527 1185
20875645 516 1095
20886638 587 1069
20896972 555 932
20906884 531 749
20917359 552 773
20927870 554 719
20938915 572 633
20948722 508 528
20959307 555 549
20969716 550 454
20977681 442 326
20985990 737 1019
20994255 466 1143
21004400 545 1093
21015071 563 1122
21024989 519 960
21034805 513 875
21044960 532 748
21055470 551 786
21065536 539 679
21075434 527 630
21085513 538 548
21095404 535 439
21100687 499 251
21109524 532 363
21119347 515 422
21130338 580 968
21140603 549 754
21150422 530 641
21160299 526 646
21170738 558 654
21180888 534 515
21191808 579 481
21201771 560 423
21209726 571 300
21220633 583 356
21230453 515 302
21240423 536 280
21250687 548 251
21260768 542 228
21270442 514 221
21280592 543 217
21291465 566 208
21301936 556 337
21312532 558 350
21323153 553 293
21333642 589 276
21338320 390 114
21349197 593 251
21361063 627 244
21373145 644 237
21384762 624 196
21396542 637 195
21408055 621 145
21420255 653 153
21431295 591 139
21442570 601 119
21453955 611 121
21466036 638 111
21476860 587 91
21487942 611 67
21499477 660 69
21508408 600 82
21519016 559 144
21530319 604 141
21541400 592 117
21552899 617 140
21561569 496 103
21572804 625 104
21584038 619 83
21595747 631 104
21607313 618 70
21619116 642 66
21623370 234 26
21635032 639 54
21647279 652 49
21658609 615 46
21670077 625 60
21681969 652 46
21693257 619 38
21704278 601 29
21716480 661 37
21728522 650 30
21740563 647 26
21750802 639 111
21759947 706 81
21770463 565 72
21781183 571 72
21792660 626 80
21804378 631 64
21815676 614 53
21827011 604 40
21838468 614 50
21850252 635 44
21861292 600 31
21872280 600 34
21882778 563 32
21890964 483 24
21900476 563 24
21912383 629 24
21921351 526 15
21933531 638 19
21945885 665 15
21957163 595 18
21966245 590 14
21978493 652 16
21989928 610 68
22001297 614 82
22012183 590 77
22024198 638 75
22035180 578 55
22046156 592 53
22056021 590 44
22065657 690 39
22076609 597 47
22086816 547 34
22097821 591 32
22108966 609 37
22120569 614 35
22132285 634 32
22143952 641 23
22156325 675 20
22168046 626 26
22178587 570 20
22189475 594 18
22197974 682 6
22207138 554 14
22218088 591 10
22229352 604 95
22241008 618 84
22252947 648 72
22264035 582 75
22275103 596 52
22286948 646 46
22297808 576 47
22309068 612 55
22320816 643 48
22332517 637 27
22344063 623 28
22350245 570 16
22360491 567 28
22372293 640 26
22384009 620 24
22394801 575 19
22405825 592 16
22417540 629 11
22428091 560 12
22439865 635 11
22451590 635 13
22463092 607 48
22474540 608 92
22486426 637 92
22497691 635 94
22506238 640 42
22515332 542 34
22526166 586 66
22537537 616 57
22549529 641 43
22560641 589 37
22572131 619 31
22583838 628 36
22596095 663 21
22606485 560 20
22617359 583 26
22628327 589 20
22634647 836 7
22634647 2007 0
22634647 1973 0
22634647 2188 0
22634647 2310 0
22634647 2546 0
22634647 2366 0
22634647 2344 0
22634647 411 0
22634647 0 0
