#xct_latency_in_nsec
0
0
0
0
0
0
0
0
0
0
0
0
0
0
0
0
0
0
0
0
0
0
0
0
0
0
0
0
0
0
0
0
0
0
0
0
0
0
0
0
0
0
0
0
0
0
0
0
0
0
0
0
0
0
0
0
0
0
0
0
0
0
0
0
0
0
0
0
0
0
0
0
0
0
0
0
0
0
0
0
0
0
0
0
0
0
0
0
0
0
0
0
0
0
0
0
0
0
0
0
0
0
0
0
0
0
0
0
0
0
0
0
0
0
0
0
0
0
0
0
0
0
0
0
0
0
0
0
0
0
0
0
0
0
0
0
0
0
0
0
0
0
0
0
0
0
0
0
0
0
0
0
0
0
0
0
0
0
0
0
0
0
0
0
0
0
0
0
0
0
0
0
0
0
0
0
0
0
0
0
0
0
0
0
0
0
0
0
0
0
0
0
0
0
0
0
0
0
0
0
0
0
0
0
0
0
0
0
0
0
0
0
0
0
0
0
0
0
0
0
0
0
0
0
0
0
0
0
0
0
0
0
0
0
0
0
0
0
0
0
0
0
0
0
0
0
0
0
0
0
0
0
0
0
0
0
0
0
0
0
0
0
0
0
0
0
0
0
0
0
0
0
0
0
0
0
0
0
0
0
0
0
0
0
0
0
0
0
0
0
0
0
0
0
0
0
0
0
0
0
0
0
0
0
0
0
0
0
0
0
0
0
0
0
0
0
0
0
0
0
0
0
0
0
0
0
0
0
0
0
0
0
0
0
0
0
0
0
0
0
0
0
0
0
0
0
0
0
0
0
0
0
0
0
0
0
0
0
0
0
0
0
0
0
0
0
0
0
0
0
0
0
0
0
0
0
0
0
0
0
0
0
0
0
0
0
0
0
0
0
0
0
0
0
0
0
0
0
0
0
0
0
0
0
0
0
0
0
0
0
0
0
0
0
0
0
0
0
0
0
0
0
0
0
0
0
0
0
0
0
0
0
0
0
0
0
0
0
0
0
0
11019904
10011732
7363265
5565333
5056567
4633889
4279929
3875989
3310306
3019452
2609869
2410198
2551449
2412909
2119333
1914499
1784583
1947208
1950691
1914783
1990286
2036697
1930829
1803254
1946194
1758423
1920460
1813757
1842383
1803383
1811578
1711027
1835946
1868915
0
4724016
1766753
1756119
1808015
1806835
1747932
1821167
1821610
1732599
1727319
1652709
1543018
1516998
1603301
1608049
1504988
1513811
1473587
1691187
1514771
1559490
1600564
1605792
1585537
1688666
1609922
1574865
1495219
1531595
1583078
1667829
1554358
1506992
1562375
1550848
1584104
1512141
1598375
1532740
1532192
1636877
1522890
1528390
1543409
1605817
1642510
1542544
1477902
1482092
1506608
1492429
1719247
1710331
1797315
1789991
1643270
1603704
1571216
1626766
1775960
1734325
1844343
2004778
1772457
1709060
1862202
1762257
1511766
1637841
1637517
1633522
1566815
1587352
1616317
1571330
1503227
1569904
1666586
1573787
1596196
1559483
1556180
1563334
1497055
1502323
1701732
1652362
1603264
1677329
1589773
1554854
1530460
1514370
1556005
1527467
1652187
1589841
1516006
1515178
1475759
1472068
1608711
1564162
1593966
1582435
1631991
1568320
1496635
1632413
1578151
1596463
1530492
1591750
1729324
1560511
1535835
1644109
1501148
1485599
1531289
1619607
1649340
1734364
1478954
1567986
1626475
1572518
1597772
1581267
1606546
1548591
1608971
1498151
1685683
1549793
1515912
1528780
1724907
1628042
1659637
1652045
1604184
1752157
1549615
1507693
1568658
1570365
1569718
1576651
1683982
1751219
1566516
1601620
1730121
1776210
1735568
1710528
1692091
1776179
1626017
1625226
1777343
1840016
1789631
1750169
1681608
1778042
1692028
1698600
1748114
1766392
1679436
1660262
1756868
1755132
1592699
1689732
1760725
1720466
1796065
1767938
1777045
1832010
1697440
1671769
1786123
1786529
1756986
1781612
1812045
1735316
1616769
1708325
1764682
1715344
1672950
1765408
1710250
1702429
1622062
1550300
1775738
1763089
1660247
1630336
1719063
1737779
1748499
1779616
1888036
1852304
1808795
1646458
1588345
1688328
1727375
1715613
1827520
1956667
1760669
1761730
1862383
1801510
1718303
1723108
1733888
1693367
1681890
1738994
1797353
1708528
1770175
1787196
1765401
1794164
1746612
1769276
1799544
1848224
1687473
1739881
1769165
1786229
1749819
1746787
1744600
1661539
1733601
1676049
1709393
1847759
1669161
1622222
1618806
1573359
1660156
1683241
1726522
1768257
1705461
1715584
1784032
1727707
1698647
1702158
1765725
1890449
1700430
1714886
1668798
1772185
1616823
1672647
1763041
1869376
1758020
1628315
1708567
1927204
1709361
1707784
1787331
1681710
1551950
2058687
2115069
1758121
2409486
2061590
1881246
1797918
2671290
1865204
2012859
1703605
1947612
1646063
1744938
1851734
1803127
2422731
1724794
2032832
1742330
1836535
1748536
1597102
2048138
1934047
1764966
1872080
1760480
1857552
2348393
1859445
1845950
1990995
1831279
1640816
1564848
1745400
1660810
1725500
1705511
1662244
1644605
1484032
1462874
1510412
1575559
1573751
1676383
1714554
1507342
1989123
1901589
1503078
1539911
1545895
1549280
1590675
1609611
1477493
1476199
1937364
1927728
1864524
1559512
1883228
2009234
1497050
1488953
1550150
1575509
1638871
1905225
1701237
1884175
2081042
1482475
1635259
1641714
1643430
1616320
1878503
1590532
2344578
1540283
1552751
1718439
2109907
1601381
1564738
1965861
1733151
1859466
1528111
1772838
1899932
1868456
1606553
1691612
1884593
1480495
1496531
1545584
1503874
1552660
1901385
1708699
1687067
1741451
2728262
1880811
1782317
2023157
1718560
1628551
2301710
2183102
1697723
1689576
2039033
1913667
1563191
2002023
1977311
1693834
1592690
1627710
1448247
1600057
1756500
1630893
1877768
1760570
1814038
1514937
1758640
1512565
1525035
2015273
1610130
1581359
1563315
1476412
1449759
1854583
1818012
2499851
1877372
1576786
1528969
1972047
1452332
1543849
1846115
1983183
1822471
1833450
1790433
1670178
1521394
1499567
1708993
1969778
1555033
1563130
1775197
1615493
1452309
1531340
1573266
1570067
1523332
1600317
1607344
1568891
1756328
1744853
1727463
1792896
1704119
1701374
2022937
1840066
1615415
1681586
1629553
1708492
1745889
1912335
1945140
2331957
1679519
2314686
1791953
1864077
1752428
1759163
1693946
1979024
1759446
1807606
1899803
2189153
1610809
1800366
1662436
2213790
1946878
1999321
1738127
1802588
1621348
1722057
2255052
1909832
1775652
1652719
1750115
2023800
1701420
1746068
1747249
1755768
2215974
1766038
2035910
1865470
1730968
1953568
1728871
1649728
1948422
1986791
1802769
1705832
1875943
2174083
1720653
1837993
1829241
1833525
1793349
1779673
1889002
2161949
2121213
1842348
1800849
1868596
1886119
1708411
1736039
1760376
1933108
2227922
2068680
1738568
2249615
2001873
2112506
1704949
1747827
1744143
1826981
1851649
1874290
1750228
1730992
1751664
2182954
1928465
1672821
1778902
2258100
1822622
1936971
1821730
2140410
1759457
1847818
1825559
1945665
1729525
2078809
1666328
2685633
1653025
1727183
2028798
2172594
1694519
1668068
1720915
1824845
2010503
2255898
2111272
2115253
2132599
2056948
2172411
1852959
1749597
2090112
2374032
1985970
1719114
2066264
1744028
2062798
2280502
1947745
1738484
1798936
1667075
1645478
1718357
1800661
1772683
1677342
2808098
2088324
2028461
1707998
1673257
1811515
2170393
2007031
1782440
1817599
2073481
1723756
2098754
2002537
2143905
1658188
2256658
2760282
1821418
1748981
1753664
1767665
2177828
1732164
1900572
2017151
1667497
1686036
2059501
1875863
1729428
2187712
2153991
1855293
1835630
1758128
1800395
2177054
1754943
2003341
2211832
1856743
1669116
1712798
1757650
1757232
1746745
1690932
1740084
1757711
1766532
2140510
2179021
1897959
1727655
1669934
2239710
1991310
1745210
1770747
1776027
1733161
1993181
1847651
2020680
2216800
1622899
1622529
1784671
1789998
1976772
1734040
1739378
1635137
1599842
1717269
1812462
2121787
1775657
2348827
2493197
1821147
1737318
1707438
1967868
1727435
1808364
1811043
1993178
1721556
2157679
2088754
1748186
1755243
1948576
2551196
1910189
2104590
1807186
1880501
1717584
1705369
2136781
2265163
2254858
1727329
1745145
1755252
1769768
1800879
1734259
2500975
1726706
2696139
1825313
1922536
1872095
1861147
1641737
1824756
2174005
1698182
1733543
2017112
2207989
2087986
1760092
2055149
2240952
1864334
2098824
1945482
1897786
2121506
1666034
1783811
2385798
1681092
2076366
1714214
2229609
2113452
1774545
1989578
1916460
1814335
1746406
1775863
2023894
1885231
2210789
2211397
2327508
2244960
1858165
1876555
1845339
1995333
1794382
2044470
2071943
1762757
1751058
2104533
2104515
1778237
1994653
1787957
2217812
1577508
1652600
1604898
1734451
1966629
2323129
2251561
1833536
1846112
2327325
2266257
2104549
1680097
1791514
1799309
2267605
2118213
2149470
1794292
1816255
1886945
2108658
2136502
1786032
1995946
1775480
2176076
1725470
1927524
2224637
1895674
1824797
2028238
1845428
1913011
1951113
2037902
1725739
2217278
2067538
2044245
2353582
1804239
2127089
1732871
1781714
2123805
1724085
1749896
1937041
1713769
1587286
1512781
1691019
1738399
2434796
1638200
2290302
2144662
1593270
1748275
1861497
2428611
1918045
1862525
1808143
1861123
1693643
1594294
1791228
2171378
2077355
1834137
1986591
1887210
1757684
1767103
1738940
1628431
1811127
2026741
1894691
1994787
2064832
1998074
1684145
2053138
1830349
1760183
1802575
1794219
1820567
1699907
1850167
1730161
1700449
1709031
1757936
1907599
1631201
1628597
1769318
1647698
1792968
1656245
1625159
1762135
1731083
2148114
2166967
2432770
1734623
1729994
1774885
1775778
1681524
1526438
1741558
1512152
1832165
1462378
1930804
1540200
1553116
1690742
1613691
1791705
1636573
1884424
1937970
1448025
2685761
1557345
1588226
1964989
1681607
2036555
2485966
1993139
1581722
1783825
2131992
1527903
1653884
1724255
1718509
1866029
1667476
1743406
1756771
1776923
1679045
1696503
1737422
1652643
1851250
1819794
1706421
1755419
1999265
2034371
2098038
1770585
1890924
2016179
1781468
1682192
1677573
1761520
1812569
1749216
2102381
1620833
1653448
1800919
1792028
1791798
1865608
1903168
1771341
1651514
2036663
1657165
1871562
2135988
2028625
1876677
1760153
2087731
2012534
1809353
1677217
2023391
1676242
1713537
1575466
1686680
1703933
2104562
3604290
1967206
1780371
2098716
1936005
2028465
1911990
1975813
1627001
1816724
1756986
1536932
1564839
3826260
1749516
2153882
2058559
2175302
1936102
1925166
1732903
1639331
1682955
1729767
1777082
1787963
2007524
2170264
2021124
1966422
1839629
1571346
1769771
1720225
1765501
1589124
1739948
1829038
2132323
1749573
1801937
2136789
1653932
1599631
2417265
1794490
1773377
1735830
1985601
1958342
2206002
2053146
1684392
1664134
1662726
1641315
1709616
2141444
1939264
1723443
1771707
1965971
1934170
1627625
1787546
2132783
1761016
2765070
1874690
2213982
2082579
1681167
1721069
1784647
2287714
1712399
2115583
1697527
2498873
2061238
1921995
1728411
1764090
1744803
1832986
2192591
1771673
1661453
1777978
1884318
1734801
1696389
2343160
1782011
1741750
2189215
1826980
1714940
1774486
1772859
1917213
2006278
2008124
1732365
1779078
1686874
2352430
1881876
1765836
1690805
1600899
1446902
1562968
1537899
1983718
2006348
1621736
2085856
1820473
1590086
1846300
1986651
1610208
1571629
1689877
1587113
1543982
1480524
1524497
1545035
1463235
1453754
1493605
1607124
1541253
1586587
2576012
2056546
1514820
1508809
1491060
1462329
1503855
1562250
1606094
1542132
1506204
1536672
1521084
2446392
1910802
1663542
1933660
1645157
1455146
1456965
2114323
2268307
1435975
1634296
1621489
1635804
1725336
1706023
2086187
1782776
2178199
1700600
1787666
1753768
1741245
1590393
1650169
1610606
1497394
1518903
2037860
1514877
1468301
1625784
2046907
1571035
1524508
1555751
1523197
1523704
1525454
1605080
1604697
1598945
1493554
1488593
1512395
1503747
1470831
1950880
2036947
1586232
1462404
1606928
1621516
1969387
1603522
1514935
1634300
1505631
1396052
1913440
1779309
1917450
1725953
1411771
1553950
1390832
1705493
1586668
1502007
1368592
1381060
1392061
1799391
1845386
1442912
1492240
1635467
1829726
1393807
1473609
1413962
1429729
1738393
1345318
1346458
1328814
1325909
1363894
1442623
1405116
1393261
1430924
2338619
1404694
1857180
1386854
1401386
1431981
1356396
1444496
1424398
1737187
1597336
2608988
1457026
1783428
1390782
1916376
1337070
1729878
1389143
1423515
1378216
1414863
1781270
1450500
1705955
1360766
1306337
1742261
1352634
1316746
1310826
1492334
1378727
1319876
1316228
1375279
1342384
1338586
1476735
1452523
1466563
1889877
1859465
1324968
1357188
1411878
1307550
1416622
1686630
1328155
1721885
1334430
1426047
1835119
1311222
1378185
1746577
1434208
1372777
1690467
1700033
1351485
1766037
1465249
1392487
1770033
1316964
1396921
1420635
1460659
1387274
1399155
1395327
1730544
1354412
1378147
1409974
1343400
1571139
1416756
1368140
1303406
1960427
1290309
1357488
1955739
1415791
1382732
1436213
1328578
1363863
1350792
1346309
1361201
1390381
1342294
1828271
1998293
1391857
1396172
1751215
1631185
1498674
1639173
1695416
1319643
1315228
1428272
1312604
1799076
1557049
1694475
1679449
1576756
1299033
2349538
1326533
1529986
1356300
1494250
1321842
1315425
1360838
1445046
1424487
1372778
1449834
1384597
1419471
1736396
1386156
1621141
1835120
1396320
1350260
1325825
1397075
1712227
1691253
1375789
1921444
1360320
1772598
1949013
1779858
1728064
1293331
1390266
1790275
1335858
1658033
1284846
1411446
1648398
1400341
1346214
1301965
1364419
1470709
1327639
1322837
1472914
1342763
1775134
1430694
2030169
1431808
1443875
1787946
1611552
1572952
1336606
1806980
1708413
1406292
1722449
1359851
1360932
1417157
1396485
1415093
1359179
1680780
1662680
1362093
1355720
1368715
1407767
1800037
1495853
1365185
1675921
1492938
1393321
1362892
1478396
2262666
1947934
1358547
1364761
1761409
1421750
2043003
1436826
1307575
1442483
1382993
1417266
1271798
1292666
1325482
1368785
1381940
1666576
1852709
1366613
1598507
1522807
1529631
1500885
1574375
1391988
1287341
1323009
1629978
1732292
1928575
1787748
1586037
2430749
1353272
1329523
1328995
1316025
1332912
1382100
1320079
1284396
1299908
1962342
1340383
1989805
1325774
1544021
1630729
1375008
1633577
1297777
2078430
1294296
1756584
1310173
1270044
1279398
1516974
1484449
1668591
1299335
1376459
1282446
1249233
1257767
1241229
1335896
1321816
2059687
1384997
1296444
1443806
1334208
1250960
1346108
1324476
1306395
1231577
1389432
1312911
1345026
1348683
1385734
1319576
1730878
1406604
1675564
1563945
1584165
1376355
1680939
1303401
1290339
1298757
1339884
1343693
1444316
1303442
1282356
1660435
1294368
1282262
1588804
1391439
1694239
1646567
1259877
1349903
1285696
1773327
1316538
1272326
1267000
1568705
1356147
1662204
1940459
1289102
1645540
1335222
1292977
1390834
1426940
1283456
1305778
1250639
1424279
1530488
1341731
1352562
1284512
1578238
1302118
1427034
1291739
1736985
1298889
1270551
1330055
1319118
1879515
1267385
1335486
1588015
1237798
1388150
1286541
1377642
1266067
1333173
1335212
1415648
1555172
2081077
1365504
1364529
1827322
1415110
1338064
1385796
1394282
1351976
1280749
1434577
1967383
1412012
1408721
1495352
1638682
1312271
1772989
1477298
1350991
1294066
1397510
1454271
1356511
1352966
1412316
1331297
1360979
1304758
1354491
2038455
1529943
1392331
1415977
1298688
1715984
1436176
1460461
1415483
1885405
1359927
1356240
1299462
1305175
1413170
1449634
1402714
1334046
1441071
2282503
1329613
1374973
1530200
1450261
1396241
1332613
1432194
1573672
1271569
163793101
1561032
1588907
1741064
1759232
1780407
1886489
1805394
1781089
2172508
1665841
2322950
1813389
1725997
1751611
1871594
1741301
1889050
1739864
1917020
1786587
1792308
1761981
1738392
1720866
2067927
1864631
1785878
1882297
1855836
1856499
1759000
1667607
2292498
1738298
1788439
2299527
1720351
1687944
2133835
2178320
2094131
1694396
2262242
1559089
1681937
2047106
1706569
1745741
1703880
1818215
2257518
1833626
1854262
1747936
1559331
1666208
2080977
1798347
1942840
1695408
1586311
1855947
1669263
1812332
1802467
1790940
1812842
1816773
1794035
1962509
1835202
2351894
1880548
1873160
1705462
1685014
1711996
1984021
1692095
1799910
1738472
1770456
1748509
1780401
1813529
2127842
1543790
1630569
1582337
1956536
1941624
1566341
1592183
1598173
1613418
1634147
1641267
2083792
1868290
1515270
1522379
1527885
1486962
1681099
1608388
2200481
1508268
1980184
1519530
2018036
1589774
1624543
1551993
1826999
1731104
1812234
1641893
1920714
1483459
1589260
1571874
1507372
1581611
1908586
2955560
1678668
1512872
1584646
1585858
1514554
1501191
2419568
1635879
1602240
1555782
1753360
2061835
1693856
1499169
1529303
1657126
1612956
1630652
1607612
1645109
2052982
1822289
1954864
1565348
1538975
1593331
1664695
1722189
1641352
1490371
1515050
1669864
1523817
3657767
1506764
2098148
1831739
1876375
1951463
2054539
2105954
1469031
1992833
1583800
2093531
1628485
1643955
3005284
1545251
2037997
1610517
1567360
1527582
1519405
1739149
1680804
1551621
1581901
1651109
1636584
1545869
1635711
2001975
1928261
1777970
1778203
1602076
1591518
1535325
1533491
1640154
1612595
2098297
1540404
2082836
1620859
1514003
1529397
1580272
1602281
1534817
1501301
1622199
1598782
1654355
1567565
1597690
1667000
1650705
1726077
1706531
1714601
1563320
1586166
1923145
1617952
1563659
1498792
1625422
1849539
1652431
1618366
1663000
1546379
2079489
1640889
1657186
1558688
1559507
1724047
2067175
1702514
1543077
1517663
1545204
1503212
1529961
1538878
2391052
1879457
1808506
1564740
1739261
1911994
1560718
1647626
2096272
1640543
1485282
1564686
1613091
1537876
1505183
1683880
1568095
1852565
2496699
3721231
1738972
1738949
1667908
1716621
1761967
1889463
1749522
1774245
1880204
1688305
2103824
1727617
1701755
1845546
1761614
1799888
1814702
1711152
1812984
1921159
2141218
1859853
1634548
1738252
2760734
1789246
1752574
1863338
1772604
1734502
1779572
1810722
1816523
1654165
1721059
1824294
2179508
2056830
1784255
2374624
1759228
2234565
1763495
2085761
2548001
1588368
2255251
1954025
1789690
2188142
2373600
1855596
1863122
1782791
1729647
1760263
1858713
2165516
1678202
2047191
1788203
1697507
1868270
1710863
1726542
1736654
1688499
1786876
1776758
1831026
1794070
1903843
1751897
1589191
1633979
2562819
2090338
1788943
1760636
1783027
2105959
1785445
1686029
1644204
1806478
1647641
1689622
1908262
2037684
1765952
1698399
1845753
1607200
1740135
1731048
1790372
1822467
1743086
1622228
1760048
1804256
2000709
1939601
1992156
1623893
1687297
1600482
1568450
1582595
1463370
1560697
1636827
1660522
1629909
1626305
1732651
1677723
1531507
1533581
2367132
1924140
1710780
1625604
1599614
1995145
1736459
1542686
1560144
1580387
1499235
1660352
1778490
1545340
1477481
1658264
2122525
1523605
1473542
1558196
1658946
1634856
1816979
2409934
1670853
1814027
1873972
2122670
1724917
1792967
1780939
1735858
1841315
1964632
1992861
1714410
1695239
1708584
2726344
2022643
1918023
1857427
1882749
1795760
1709101
1809934
2186383
1809025
1841142
1690445
1706501
1840317
1749955
1732948
1657011
1838445
1719199
1726741
1789258
2408327
1864643
1796607
1708456
1802761
1886540
1806630
1717247
1788970
1840145
1804443
1837836
2129300
2003351
1851552
1672636
1716532
1842420
1865621
1726726
1809819
1671979
1799505
1734565
1710209
1849664
1813919
1727261
1827556
1890550
1788005
1676702
1741851
1701382
1670878
1746488
1924471
1699319
1510469
1503308
1557269
1534491
1572208
1495380
1636352
1602693
1592717
1508583
1600038
1576411
1573737
1903975
1791330
1622822
1640055
1583890
2063769
1603862
1629180
1544190
1574222
1535889
1581691
2960270
1489404
1605207
1575905
1499200
1602629
1657319
1486220
1488765
1500123
1594490
1629767
1691100
1719274
1563294
1562183
1590186
1598424
1570462
1555214
1628972
1648042
1735127
2199381
1709213
1505955
1602611
1494809
1452511
1596338
1992832
1496468
1588537
1608939
1656365
1510448
1647085
1644477
1554633
1725191
1680805
1700395
1715620
1633168
1543701
1549567
1554622
1472788
1534315
1715839
1657965
1679712
1836596
1656125
1611059
1557203
1521362
1634824
1617845
1561871
1640548
1602290
1550424
1545558
1555429
2969918
1731746
1536001
1521688
1687001
1630891
1566080
1699002
1550281
1540976
1598734
1574232
1532363
1594222
1565275
1715607
1713561
1647824
1490694
1626336
1581128
1553740
1467404
1749276
1660912
1655993
1826766
0
0
0
0
0
0
0
0
0
