706 0 0 0
1553.5 0 0 0
2730.33 0 0 0
3835.5 0 0 0
4653.2 0 0 0
5255.33 0 0 0
5869.57 0 0 0
6369.75 0 0 0
6742.78 0 0 0
7076.7 0 0 0
6870.18 0 0 0
6685.25 0 0 0
7007.23 0 0 0
7318.71 0 0 0
7566.27 0 0 0
7809.81 0 0 0
8036 0 0 0
8205.72 0 0 0
8367.32 0 0 0
8544.8 0 0 0
8697.57 0 0 0
8818.27 0 0 0
8921.13 0 0 0
9038.38 0 0 0
9142.12 0 0 0
9241.62 0 0 0
9332.85 0 0 0
9405.57 0 0 0
9484.62 0 0 0
9557.3 0 0 0
9627.06 0 0 0
9692.47 0 0 0
9745.21 0 0 0
9772.53 0 0 0
9818.46 0 0 0
9869.58 0 0 0
9920.62 0 0 0
9967.55 0 0 0
10013.5 0 0 0
10058.8 0 0 0
10092.6 0 0 0
10134.7 0 0 0
10169.1 0 0 0
10203.6 0 0 0
10233.6 0 0 0
10271.1 0 0 0
10302.7 0 0 0
10333.8 0 0 0
10359.7 0 0 0
10387.1 0 0 0
10412.9 0 0 0
10446.7 0 0 0
10475.9 0 0 0
10484.7 0 0 0
10503.1 0 0 0
10522.8 0 0 0
10542 0 0 0
10581.7 0 0 0
10622.1 0 0 0
10641.4 0 0 0
10676.5 0 0 0
10691.9 0 0 0
10719.1 0 0 0
10740.7 0 0 0
10749 0 0 0
10755.2 0 0 0
10760.5 0 0 0
10777.2 0 0 0
10791.9 0 0 0
10801.9 0 0 0
10815.8 0 0 0
10827.3 0 0 0
10843.4 0 0 0
10853.8 0 0 0
10868.7 0 0 0
10878.4 0 0 0
10889.3 0 0 0
10901.4 0 0 0
10918.8 0 0 0
10930.2 0 0 0
10934.8 0 0 0
10943.8 0 0 0
10951.7 0 0 0
10963 0 0 0
10970.8 0 0 0
10988.6 0 0 0
10994.5 0 0 0
11006 0 0 0
11015.4 0 0 0
11020.3 0 0 0
11022.9 0 0 0
11036 0 0 0
11054.1 0 0 0
11058.8 0 0 0
11069.6 0 0 0
11091.1 0 0 0
11095.8 0 0 0
11100.1 0 0 0
11101.5 0 0 0
11108.3 0 0 0
11111.2 0 0 0
11120.7 0 0 0
11125.2 0 0 0
11124.2 0 0 0
11122.9 0 0 0
11120.7 0 0 0
11123.3 0 0 0
11124.1 0 0 0
11129.3 0 0 0
11132.3 0 0 0
11137.8 0 0 0
11139.9 0 0 0
11142.5 0 0 0
11148.9 0 0 0
11159.9 0 0 0
11166.5 0 0 0
11171.2 0 0 0
11174.2 0 0 0
11183.1 0 0 0
11183 0 0 0
11182.8 0 0 0
11188.3 0 0 0
11192.8 0 0 0
11197.5 0 0 0
11185.2 0 0 0
11185 0 0 0
11189.4 0 0 0
11172.2 0 0 0
11170.7 0 0 0
11177.1 0 0 0
11171.9 0 0 0
11176.3 0 0 0
11179.3 0 0 0
11180.9 0 0 0
11166.4 0 0 0
11167.9 0 0 0
11162.6 0 0 0
11165.2 0 0 0
11149.7 0 0 0
11133.5 0 0 0
11119.8 0 0 0
11118.9 0 0 0
11110.9 0 0 0
11106.5 0 0 0
11110.4 0 0 0
11087.9 0 0 0
11091.6 0 0 0
11084.8 0 0 0
11087 0 0 0
11087.6 0 0 0
11076.9 0 0 0
11079.3 0 0 0
11069.7 0 0 0
11064.2 0 0 0
11059.5 0 0 0
11052 0 0 0
11061 0 0 0
11045.1 0 0 0
11044.1 0 0 0
11048.3 0 0 0
11038.3 0 0 0
11039.9 0 0 0
11045.6 0 0 0
11035.1 0 0 0
11037.5 0 0 0
11041 0 0 0
11045.8 0 0 0
11055.9 0 0 0
11045.7 0 0 0
11041.2 0 0 0
11045.6 0 0 0
11042.1 0 0 0
11044.8 0 0 0
11045.5 0 0 0
11048.5 0 0 0
11047.1 0 0 0
11042.9 0 0 0
11035.2 0 0 0
11030.7 0 0 0
11021.7 0 0 0
11024.4 0 0 0
11019.7 0 0 0
11011.5 0 0 0
11014.2 0 0 0
11008.6 0 0 0
11014.9 0 0 0
11020.5 0 0 0
11021.4 0 0 0
11025.8 0 0 0
11027.4 0 0 0
11018.2 0 0 0
11022.1 0 0 0
11024 0 0 0
11025.7 0 0 0
11029 0 0 0
11030.1 0 0 0
11037.3 0 0 0
11040.7 0 0 0
11043.3 0 0 0
11044.9 0 0 0
11099.9 0 0 0
11138.5 0 0 0
11162.5 0 0 0
11182.7 0 0 0
11203.7 0 0 0
11218.4 0 0 0
11221.6 0 0 0
11232.4 0 0 0
11238.5 0 0 0
11239.8 0 0 0
11280.2 0 0 0
11308.7 0 0 0
11301.2 0 0 0
11304.1 0 0 0
11305 0 0 0
11293.6 0 0 0
11284.3 0 0 0
11287.7 0 0 0
11280.7 0 0 0
11272.6 0 0 0
11265.1 0 0 0
11251.7 0 0 0
11248.8 0 0 0
11245.5 0 0 0
11236.7 0 0 0
11235.2 0 0 0
11236.7 0 0 0
11228.3 0 0 0
11228.5 0 0 0
11227.9 0 0 0
11228.2 0 0 0
11221.5 0 0 0
11216.8 0 0 0
11212.7 0 0 0
11203.8 0 0 0
11206.4 0 0 0
11191.1 0 0 0
11183.7 0 0 0
11182.8 0 0 0
11170 0 0 0
11164 0 0 0
11164 0 0 0
11162.9 0 0 0
11146.9 0 0 0
11130 0 0 0
11129.6 0 0 0
11127 0 0 0
11130 0 0 0
11126.8 0 0 0
11136.8 0 0 0
11142.1 0 0 0
11132.7 0 0 0
11131.3 0 0 0
11136.6 0 0 0
11137.6 0 0 0
11137.1 0 0 0
11128.4 0 0 0
11123.3 0 0 0
11109 0 0 0
11107.8 0 0 0
11088 0 0 0
11082.4 0 0 0
11062.5 0 0 0
11063.6 0 0 0
11068 0 0 0
11066 0 0 0
11062.1 0 0 0
11047.8 0 0 0
11046.4 0 0 0
11037.1 0 0 0
11033.6 0 0 0
11019.7 0 0 0
11016.2 0 0 0
11004.9 0 0 0
10991.5 0 0 0
10984.4 0 0 0
10977 0 0 0
10973.8 0 0 0
10970.3 0 0 0
10969.4 0 0 0
10954.8 0 0 0
10953.3 0 0 0
10944.5 0 0 0
10944.4 0 0 0
10935.6 0 0 0
10926.9 0 0 0
10914.4 0 0 0
10861.5 0 0 0
10840.3 0 0 0
10830.8 0 0 0
10819.1 0 0 0
10817.8 0 0 0
10807.9 0 0 0
10801.9 0 0 0
10798.9 0 0 0
10782.6 0 0 0
10782.5 0 0 0
10774.1 0 0 0
10771.9 0 0 0
10754.7 0 0 0
10732.4 0 0 0
10716.9 0 0 0
10721.8 0 0 0
10711.2 0 0 0
10717 0 0 0
10705.5 0 0 0
10705.9 0 0 0
10696.8 0 0 0
10689.3 0 0 0
10681.6 0 0 0
10681.1 0 0 0
10683.2 0 0 0
10674.2 0 0 0
10672 0 0 0
10670 0 0 0
10662.7 0 0 0
10662.6 0 0 0
10664.5 0 0 0
10651.1 0 0 0
10650.8 0 0 0
10640.4 0 0 0
10640 0 0 0
10639 0 0 0
10637.4 0 0 0
10634.4 0 0 0
10636.5 0 0 0
10637.2 0 0 0
10645.3 0 0 0
10636.3 0 0 0
10634.5 0 0 0
10641 0 0 0
10632.4 0 0 0
10633.4 0 0 0
10635.7 0 0 0
10652.6 0 0 0
10654.5 0 0 0
10660.2 0 0 0
10662.1 0 0 0
10669.4 0 0 0
10681.6 0 0 0
10684.2 0 0 0
10687.4 0 0 0
10684.5 0 0 0
10688.2 0 0 0
10675.6 0 0 0
10690 0 0 0
10689 0 0 0
10691.2 0 0 0
10697.1 0 0 0
10701.1 0 0 0
10710.4 0 0 0
10712.2 0 0 0
10723 0 0 0
10729.5 0 0 0
10734.5 0 0 0
10725.7 0 0 0
10721.2 0 0 0
10737.7 0 0 0
10729.4 0 0 0
10723.7 0 0 0
10729.7 0 0 0
10731.9 0 0 0
10729.8 0 0 0
10739.1 0 0 0
10737.7 0 0 0
10737.9 0 0 0
10729 0 0 0
10711 0 0 0
10713.8 0 0 0
10710.6 0 0 0
10687.2 0 0 0
10674.8 0 0 0
10674.9 0 0 0
10668.5 0 0 0
10668.9 0 0 0
10672 0 0 0
10669.6 0 0 0
10679 0 0 0
10662.4 0 0 0
10651.7 0 0 0
10639.7 0 0 0
10646.7 0 0 0
10644.9 0 0 0
10634 0 0 0
10630.5 0 0 0
10625.9 0 0 0
10619.8 0 0 0
10624.1 0 0 0
10620.8 0 0 0
10623.1 0 0 0
10633.3 0 0 0
10632 0 0 0
10627.1 0 0 0
10627.8 0 0 0
10627.5 0 0 0
10619.5 0 0 0
10604.5 0 0 0
10602.4 0 0 0
10597.2 0 0 0
10597.3 0 0 0
10597.7 0 0 0
10599.2 0 0 0
10607.8 0 0 0
10610.3 0 0 0
10602.8 0 0 0
10591.8 0 0 0
10592 0 0 0
10569.5 0 0 0
10572.3 0 0 0
10566 0 0 0
10558.3 0 0 0
10554 0 0 0
10560.1 0 0 0
10560.4 0 0 0
10557.8 0 0 0
10569 0 0 0
10578.7 0 0 0
10582.7 0 0 0
10593.7 0 0 0
10603.8 0 0 0
10619.3 0 0 0
10633.4 0 0 0
10627.8 0 0 0
10619 0 0 0
10635.9 0 0 0
10638.4 0 0 0
10627.5 0 0 0
10631.9 0 0 0
10632.2 0 0 0
10626 0 0 0
10610.6 0 0 0
10613.6 0 0 0
10614.8 0 0 0
10623 0 0 0
10622.6 0 0 0
10606.4 0 0 0
10615.5 0 0 0
10604.9 0 0 0
10607.4 0 0 0
10618.4 0 0 0
10616.5 0 0 0
10607.1 0 0 0
10607.1 0 0 0
10618.8 0 0 0
10629.6 0 0 0
10627 0 0 0
10621.7 0 0 0
10602.7 0 0 0
10608.3 0 0 0
10600.3 0 0 0
10599 0 0 0
10594.4 0 0 0
10593 0 0 0
10589.5 0 0 0
10587.5 0 0 0
10582.2 0 0 0
10590.5 0 0 0
10577.8 0 0 0
10570.2 0 0 0
10569.5 0 0 0
10576.4 0 0 0
10581.8 0 0 0
10589.1 0 0 0
10586.2 0 0 0
10583.9 0 0 0
10585.8 0 0 0
10584.9 0 0 0
10597.3 0 0 0
10597.3 0 0 0
10597.1 0 0 0
10598 0 0 0
10612.2 0 0 0
10614.7 0 0 0
10627.6 0 0 0
10639.8 0 0 0
10652.2 0 0 0
10660.4 0 0 0
10660.3 0 0 0
10658.5 0 0 0
10647.3 0 0 0
10665 0 0 0
10658.4 0 0 0
10659.7 0 0 0
10654.9 0 0 0
10656.9 0 0 0
10656.8 0 0 0
10655.3 0 0 0
10707.3 0 0 0
10722.5 0 0 0
10727.5 0 0 0
10741.8 0 0 0
10722.9 0 0 0
10720.7 0 0 0
10728.4 0 0 0
10729.2 0 0 0
10733.7 0 0 0
10728.4 0 0 0
10740.3 0 0 0
10730.9 0 0 0
10739.3 0 0 0
10750.5 0 0 0
10756.2 0 0 0
10748.5 0 0 0
10760.5 0 0 0
10760 0 0 0
10784.2 0 0 0
10784.1 0 0 0
10795.2 0 0 0
10798.2 0 0 0
10798.8 0 0 0
10800.5 0 0 0
10792.4 0 0 0
10794.6 0 0 0
10787.8 0 0 0
10787.5 0 0 0
10780.9 0 0 0
10778.2 0 0 0
10768.7 0 0 0
10779 0 0 0
10770.8 0 0 0
10774.9 0 0 0
10754.1 0 0 0
10739.2 0 0 0
10723.2 0 0 0
10733.4 0 0 0
10724.3 0 0 0
10721.1 0 0 0
10726.8 0 0 0
10732 0 0 0
10727.5 0 0 0
10726.9 0 0 0
10735.6 0 0 0
10734.8 0 0 0
10733.3 0 0 0
10722.4 0 0 0
10721.3 0 0 0
10719.9 0 0 0
10711.3 0 0 0
10699.1 0 0 0
10688.8 0 0 0
10692.3 0 0 0
10691.2 0 0 0
10701.4 0 0 0
10692.3 0 0 0
10698.4 0 0 0
10684.3 0 0 0
10685.7 0 0 0
10686.1 0 0 0
10674.1 0 0 0
10669.4 0 0 0
10659.5 0 0 0
10657 0 0 0
10649.1 0 0 0
10648.1 0 0 0
10635.9 0 0 0
10642.3 0 0 0
10636 0 0 0
10632.8 0 0 0
10634.9 0 0 0
10637.4 0 0 0
10634 0 0 0
10636.2 0 0 0
10618.9 0 0 0
10623.3 0 0 0
10616.1 0 0 0
10607.3 0 0 0
10614 0 0 0
10610.9 0 0 0
10608.4 0 0 0
10627.7 0 0 0
10658.5 0 0 0
10686.6 0 0 0
10689 0 0 0
10681.4 0 0 0
10674.1 0 0 0
10677.2 0 0 0
10680.4 0 0 0
10679.9 0 0 0
10701.2 0 0 0
10723.9 0 0 0
10726.2 0 0 0
10725.9 0 0 0
10734.9 0 0 0
10741.7 0 0 0
10752.7 0 0 0
10733 0 0 0
10738.4 0 0 0
10736.4 0 0 0
10738.5 0 0 0
10722.9 0 0 0
10725.4 0 0 0
10715.2 0 0 0
10711.6 0 0 0
10707.4 0 0 0
10708.1 0 0 0
10723.3 0 0 0
10722.6 0 0 0
10719.3 0 0 0
10722.1 0 0 0
10724.3 0 0 0
10724.3 0 0 0
10720.8 0 0 0
10708.5 0 0 0
103.545 1 0 0
161.87 0 0 0
221.265 0 0 0
273.285 0 0 0
332.805 0 0 0
372.895 0 0 0
434.595 0 0 0
484.385 0 0 0
524.21 0 0 0
564.55 0 0 0
599.925 0 0 0
643.835 0 0 0
688.285 0 0 0
743.295 0 0 0
792.465 0 0 0
841.875 0 0 0
895.095 0 0 0
947.715 0 0 0
1009.4 0 0 0
1071.41 0 0 0
1135.2 0 0 0
1194.45 0 0 0
1255.79 0 0 0
1319.63 0 0 0
1374.88 0 0 0
1439.9 0 0 0
1497.09 0 0 0
1560.36 0 0 0
1619.27 0 0 0
1683.85 0 0 0
1738.01 0 0 0
1807.29 0 0 0
1873.67 0 0 0
1924.53 0 0 0
1980.84 0 0 0
2036.2 0 0 0
2080.14 0 0 0
2143.05 0 0 0
2195.79 0 0 0
2247.62 0 0 0
2308.26 0 0 0
2369.66 0 0 0
2430.17 0 0 0
2484.75 0 0 0
2536.64 0 0 0
2588.45 0 2 0
2640.67 0 3 0
2699.89 0 3 0
2764.29 0 2 0
2827.19 0 3 0
2887.57 0 3 0
2950.96 0 3 0
3014.45 0 3 0
3067.88 0 2 0
3124.26 0 3 0
3189.27 0 3 0
3240.72 0 2 0
3301.93 0 3 0
3365.73 0 3 0
3424.78 0 3 0
3480.55 0 2 0
3536.28 0 3 0
3584.35 0 3 0
3640.75 0 2 0
3697.99 0 3 0
3751.94 0 3 0
3814.59 0 3 0
3866.67 0 3 0
3918.93 0 4 0
3972.84 0 3 0
4024.39 0 4 0
4073.14 0 3 0
4138.32 0 3 0
4203.9 0 3 0
4258.54 0 3 0
4325.74 0 4 0
4376.18 0 3 0
4423.75 0 3 0
4482.81 0 3 0
4531.53 0 2 0
4594.75 0 3 0
4650.05 0 3 0
4698.52 0 3 0
4744.78 0 3 0
4802.74 0 3 0
4862.78 0 3 0
4925.16 0 3 0
4988.57 0 2 0
5033.61 0 3 0
5080.08 0 3 0
5127.54 0 3 0
5191.75 0 3 0
5249.76 0 3 0
5300.83 0 3 0
5359.74 0 3 0
5414.97 0 3 0
5480.65 0 3 0
5537.31 0 3 0
5599.42 0 3 0
5661.01 0 3 0
5715.12 0 2 0
5769.26 0 4 0
5831.52 0 2 0
5895.33 0 3 0
5956.88 0 3 0
6015.65 0 4 0
6078.69 0 3 0
6139.48 0 3 0
6201.73 0 3 0
6246.72 0 2 0
6304.47 0 3 0
6367.85 0 4 0
6419.29 0 3 0
6483.14 0 3 0
6532.57 0 3 0
6596.11 0 3 0
6659.39 0 3 0
6720.97 0 3 0
6782.22 0 3 0
6832.97 0 3 0
6893.4 0 3 0
6936.03 0 2 0
6993.27 0 3 0
7042.06 0 3 0
7107.29 0 3 0
7164.85 0 3 0
7226.13 0 3 0
7285.39 0 4 0
7327.15 0 3 0
7390.36 0 2 0
7454.47 0 4 0
7504.65 0 3 0
7568.36 0 3 0
7616.74 0 3 0
7679.89 0 3 0
7743.15 0 3 0
7807.52 0 3 0
7868.27 0 3 0
7926.07 0 4 0
7991.63 0 3 0
8054.23 0 3 0
8116.52 0 3 0
8183.11 0 3 0
8230.68 0 3 0
8292.81 0 3 0
8343.92 0 3 0
8407.35 0 3 0
8453.34 0 3 0
8500.48 0 3 0
8551 0 3 0
8600.1 0 3 0
8646.64 0 3 0
8695.99 0 4 0
8737.8 0 2 0
8800.61 0 3 0
8864.1 0 3 0
8914.05 0 3 0
8977.4 0 4 0
9027.58 0 3 0
9090.6 0 3 0
9148.86 0 3 0
9203.68 0 3 0
9266.03 0 2 0
9326.6 0 4 0
9389.97 0 3 0
9455.28 0 3 0
9520.42 0 3 0
9572.57 0 3 0
9625.75 0 3 0
9675.77 0 3 0
9734.42 0 4 0
9800.82 0 3 0
9854.23 0 3 0
9916.67 0 3 0
9983.66 0 3 0
10036.7 0 3 0
10100.4 0 3 0
10164.8 0 4 0
10208.2 0 2 0
10271.4 0 3 0
10332.9 0 4 0
10397.5 0 2 0
10449.1 0 3 0
10486.2 0 3 0
10551.8 0 3 0
10616.3 0 2 0
10679.8 0 3 0
10742.9 0 3 0
10795.3 0 3 0
10846 0 2 0
10906.8 0 3 0
10949.2 0 3 0
11011 0 3 0
11073.4 0 3 0
11139.4 0 3 0
11202 0 3 0
11251.7 0 3 0
11312.9 0 3 0
11375.8 0 3 0
11392.8 0 3 0
11395.8 0 3 0
11401 0 3 0
11399.7 0 3 0
11411.2 0 3 0
11412.4 0 3 0
11433.9 0 3 0
11434 0 3 0
11446 0 3 0
11468.1 0 3 0
11476.9 0 3 0
11505.6 0 3 0
11516.5 0 3 0
11529.4 0 3 0
11537.3 0 3 0
11533.9 0 4 0
11546.5 0 3 0
11558 0 4 0
11551.3 0 3 0
11540.4 0 3 0
11539.5 0 4 0
11539.1 0 3 0
11542.8 0 4 0
11532.4 0 3 0
11531.9 0 3 0
11539.7 0 4 0
11531.8 0 2 0
11531.8 0 0 0
11524.7 0 4 0
11527.3 0 3 0
11522.8 0 3 0
11525 0 4 0
11510.2 0 5 0
11499 0 4 0
11510.1 0 3 0
11517.5 0 3 0
11524.9 0 3 0
11541.5 0 3 0
11533.8 0 3 0
11544.3 0 4 0
11554.5 0 3 0
11556.7 0 3 0
11555.9 0 4 0
11552.2 0 3 0
11558.5 0 3 0
11571.3 0 3 0
11582.4 0 3 0
11593.2 0 3 0
11595.7 0 3 0
11592.9 0 3 0
11576.7 0 3 0
11567.1 0 3 0
11565.3 0 3 0
11561.7 0 3 0
11567 0 3 0
11570.5 0 3 0
11566.7 0 4 0
11566.9 0 2 0
11563.3 0 4 0
11564 0 3 0
11564.1 0 3 0
11568.8 0 3 0
11567.6 0 3 0
11583 0 3 0
11578 0 3 0
11562.2 0 3 0
11569.8 0 3 0
11568 0 3 0
11566.7 0 3 0
11573.7 0 3 0
11580.7 0 3 0
11590.1 0 3 0
11578.4 0 3 0
11513.3 0 3 0
11465.6 0 3 0
11464.7 0 4 0
11456.6 0 4 0
11457 0 3 0
11459.9 0 4 0
11461 0 3 0
11476.2 0 4 0
11477 0 5 0
11477.6 0 5 0
11491 0 4 0
11502 0 4 0
11508.7 0 4 0
11507.5 0 4 0
11497.8 0 4 0
11496.7 0 2 0
11512.5 0 4 0
11528.7 0 4 0
11531.3 0 4 0
11531.1 0 3 0
11532.8 0 5 0
11540.8 0 4 0
11530.6 0 4 0
11538.6 0 5 0
11524.6 0 5 0
11514.2 0 4 0
11509.6 0 4 0
11513.6 0 5 0
11523.3 0 5 0
11531.9 0 4 0
11525.9 0 5 0
11518.5 0 4 0
11519.3 0 5 0
11522.7 0 5 0
11517 0 5 0
11522.1 0 5 0
11508.7 0 4 0
11523.5 0 6 0
11515.2 0 5 0
11514.2 0 5 0
11526.6 0 4 0
11525.1 0 5 0
11532.4 0 5 0
11527.3 0 3 0
11523.9 0 6 0
11525.9 0 4 0
11527.6 0 6 0
11540.1 0 5 0
11540.6 0 5 0
11553.7 0 5 0
11555.2 0 6 0
11567.9 0 5 0
11563.1 0 5 0
11565.1 0 5 0
11570.8 0 5 0
11576.7 0 4 0
11596.7 0 5 0
11592.8 0 5 0
11590.1 0 5 0
11601.6 0 5 0
11598.6 0 5 0
11602.8 0 5 0
11602.8 0 4 0
11599.2 0 5 0
11597.4 0 5 0
11598.4 0 5 0
11603 0 5 0
11599.7 0 4 0
11598.5 0 4 0
11599 0 5 0
11595 0 5 0
11610.1 0 5 0
11612.2 0 6 0
11624.4 0 5 0
11623.1 0 5 0
11641.1 0 4 0
11657.9 0 5 0
11672.8 0 5 0
11686.3 0 5 0
11705 0 5 0
11720.3 0 5 0
11741.3 0 6 0
11741.4 0 5 0
11738.7 0 5 0
11753.2 0 5 0
11753.7 0 5 0
11769.3 0 4 0
11772.3 0 5 0
11777.1 0 5 0
11786.1 0 5 0
11784.5 0 4 0
11784.7 0 6 0
11781.3 0 5 0
11778.2 0 5 0
11774.1 0 5 0
11782.3 0 5 0
11792 0 5 0
11806.1 0 5 0
11804.6 0 6 0
11798.5 0 5 0
11807 0 6 0
11806.2 0 5 0
11802.8 0 5 0
11815.4 0 5 0
11813.5 0 5 0
11813.5 0 5 0
11834.3 0 5 0
11837.8 0 5 0
11837.8 0 5 0
11837.1 0 5 0
11849.9 0 5 0
11877.2 0 5 0
11861 0 4 0
11856.3 0 4 0
11856 0 5 0
11854.1 0 5 0
11864.8 0 5 0
11877.6 0 5 0
11877.8 0 5 0
11899.2 0 6 0
11898.2 0 5 0
11899.2 0 5 0
11894.1 0 5 0
11897.5 0 5 0
11911.8 0 5 0
11902.6 0 5 0
11901.4 0 5 0
11900.9 0 5 0
11906.2 0 5 0
11909.1 0 5 0
11914.6 0 5 0
11915.6 0 5 0
11921.2 0 5 0
11922.6 0 5 0
11924.5 0 5 0
11925.1 0 5 0
11924.1 0 4 0
11936 0 5 0
11934.3 0 7 0
11942 0 6 0
11946.7 0 6 0
11946.9 0 6 0
11964.6 0 6 0
11966.1 0 5 0
11964.4 0 6 0
11984.2 0 6 0
11997 0 5 0
11998.6 0 6 0
11964.6 0 5 0
11901.6 0 6 0
11890.1 0 5 0
11890.5 0 5 0
11891.4 0 3 0
11897.7 0 3 0
11903 0 3 0
11909.7 0 3 0
11908.8 0 3 0
11911 0 3 0
11914.8 0 3 0
11921.8 0 4 0
11927.9 0 3 0
11928.1 0 3 0
11925.4 0 4 0
11926 0 3 0
11915.3 0 3 0
11923.8 0 3 0
11910.7 0 3 0
11905.6 0 4 0
11886.9 0 3 0
11886.6 0 3 0
11885.8 0 3 0
11876.1 0 3 0
11860.9 0 3 0
11861.2 0 3 0
11860.8 0 4 0
11864.2 0 3 0
11867.8 0 3 0
11887 0 3 0
11902.3 0 4 0
11891.5 0 2 0
11893.8 0 3 0
11896.4 0 4 0
11899.9 0 3 0
11903 0 3 0
11914.4 0 3 0
11920 0 4 0
11915.5 0 5 0
11906.3 0 5 0
11887.4 0 5 0
11893.2 0 5 0
11894.3 0 6 0
11903.4 0 5 0
11922.8 0 5 0
11925 0 5 0
11925.9 0 5 0
11939.8 0 5 0
11945.7 0 5 0
11950.4 0 6 0
11940.1 0 5 0
11964.3 0 5 0
12027.8 0 6 0
12068.7 0 4 0
12070.4 0 5 0
12074.2 0 4 0
12062.6 0 5 0
12072.7 0 5 0
12063.7 0 4 0
12063.1 0 5 0
12058.1 0 5 0
12055.8 0 5 0
12050 0 6 0
12054.7 0 6 0
12052.2 0 5 0
12047.2 0 5 0
12056.4 0 5 0
12056 0 5 0
12014 0 3 0
11996.1 0 3 0
11997.6 0 3 0
11984.8 0 2 0
11973.6 0 4 0
11977.4 0 3 0
11992.7 0 3 0
11970.5 0 3 0
11973.3 0 3 0
11977.2 0 3 0
11978.3 0 3 0
11972.8 0 3 0
11971.2 0 3 0
11970.9 0 4 0
11963.5 0 3 0
11956.9 0 3 0
11953.7 0 3 0
11940.1 0 3 0
11944.7 0 3 0
11940.2 0 3 0
11941.5 0 3 0
11937 0 4 0
11944.7 0 3 0
11941.2 0 3 0
11935.6 0 3 0
11934.8 0 3 0
11931.4 0 3 0
11922.7 0 2 0
11921.5 0 4 0
11921.3 0 3 0
11918.4 0 4 0
11918.9 0 2 0
11910.6 0 3 0
11917.6 0 3 0
11915.5 0 3 0
11917.6 0 3 0
11922.4 0 4 0
11927.2 0 3 0
11924 0 3 0
11925.9 0 3 0
11928.9 0 3 0
11920.8 0 3 0
11923.8 0 4 0
11922.9 0 3 0
11926.3 0 3 0
11938.1 0 3 0
11938.3 0 3 0
11941.3 0 4 0
11943 0 2 0
11943.7 0 4 0
11945.2 0 3 0
11944.8 0 3 0
11948.1 0 3 0
11945.2 0 4 0
11938.3 0 3 0
11937.5 0 3 0
11921.5 0 3 0
11921.4 0 3 0
11909.7 0 2 0
11905.3 0 4 0
11904.1 0 3 0
11901.7 0 3 0
11888.9 0 3 0
11887.7 0 3 0
11887.4 0 3 0
11873.2 0 3 0
11856.4 0 3 0
11858.1 0 3 0
11842.6 0 4 0
11830.9 0 2 0
11828.6 0 4 0
11808.3 0 3 0
11795 0 3 0
11791.8 0 3 0
11793.5 0 3 0
11794.5 0 3 0
11798.8 0 3 0
11795.8 0 4 0
11798.9 0 3 0
11803.4 0 2 0
11801.7 0 3 0
11801.4 0 4 0
11805.3 0 3 0
11808.4 0 3 0
11787.4 0 3 0
11788.8 0 4 0
11787.5 0 3 0
11775 0 3 0
11761.5 0 3 0
11743.4 0 3 0
11742.9 0 3 0
11734.3 0 3 0
11734.4 0 4 0
11733 0 3 0
11722.3 0 3 0
11718.2 0 3 0
11716.2 0 3 0
11716.5 0 3 0
11710.8 0 3 0
11712.5 0 3 0
11713 0 3 0
11699.2 0 3 0
11700.7 0 3 0
11688.8 0 4 0
11691 0 3 0
11673.9 0 2 0
11663.5 0 3 0
11659.7 0 3 0
11654.5 0 3 0
11666 0 3 0
11653.6 0 4 0
11651.9 0 3 0
11650 0 3 0
11643.1 0 3 0
11640.4 0 3 0
11639.8 0 3 0
11638.6 0 3 0
11626.5 0 4 0
11627.1 0 3 0
11628.1 0 3 0
11614.8 0 3 0
11619.1 0 3 0
11620.6 0 4 0
11620.1 0 3 0
11619.8 0 4 0
11621.1 0 3 0
11610.1 0 3 0
11604.1 0 4 0
11602.5 0 3 0
11600 0 4 0
11600.2 0 3 0
11602.5 0 3 0
11634 0 3 0
11690.8 0 3 0
11717 0 4 0
11716.7 0 3 0
11714.6 0 3 0
11706.7 0 3 0
11707.2 0 3 0
11708 0 3 0
11710.7 0 3 0
11709.1 0 3 0
11711.1 0 3 0
11712 0 3 0
11713.4 0 3 0
11700.2 0 2 0
11701.8 0 3 0
11700.5 0 4 0
11704.6 0 3 0
11680.4 0 3 0
11691.2 0 3 0
11684.9 0 3 0
11701.4 0 3 0
11703.6 0 3 0
11699.1 0 3 0
11711.2 0 2 0
11713.2 0 3 0
11700.6 0 3 0
11699.5 0 3 0
11692 0 4 0
11683.9 0 3 0
11667.3 0 3 0
11645.9 0 3 0
11644.9 0 3 0
11641.5 0 3 0
11641.2 0 4 0
11640.8 0 3 0
11637.8 0 3 0
11636 0 4 0
11634.6 0 3 0
11627.1 0 3 0
11628.3 0 3 0
11645 0 3 0
11645 0 3 0
11634 0 3 0
11636.3 0 4 0
11638.1 0 3 0
11636.2 0 3 0
11638.6 0 3 0
11637.6 0 3 0
11624.3 0 3 0
11620.7 0 4 0
11630.3 0 3 0
11622.1 0 3 0
11613.9 0 3 0
11611 0 3 0
11619.5 0 3 0
11618 0 3 0
11639 0 3 0
11637.8 0 3 0
11649.5 0 4 0
11636.5 0 2 0
11641.7 0 3 0
11644.6 0 3 0
11647.3 0 3 0
11649.3 0 3 0
11636.3 0 3 0
11646.8 0 4 0
11650.1 0 2 0
11653.4 0 3 0
11699.5 0 4 0
11716.5 0 3 0
11723.6 0 3 0
11733.5 0 4 0
11745.6 0 3 0
11743.7 0 3 0
11741.8 0 4 0
11750.1 0 3 0
11757.7 0 3 0
11768.5 0 3 0
11771.9 0 3 0
11756.1 0 4 0
11753.6 0 3 0
11748.7 0 3 0
11751.5 0 3 0
11764.9 0 3 0
11768.3 0 4 0
11779.5 0 3 0
11766.8 0 1 0
11769 0 3 0
11780.8 0 4 0
11787.8 0 2 0
11795 0 4 0
11791.5 0 3 0
11775.8 0 3 0
11765.2 0 3 0
11773.7 0 3 0
11773.4 0 4 0
11776.5 0 3 0
11775.1 0 3 0
11773.1 0 3 0
11756.5 0 3 0
11760 0 3 0
11751.2 0 3 0
11751.1 0 3 0
11750.1 0 3 0
11746.1 0 3 0
11743.7 0 3 0
11743.7 0 3 0
11740.8 0 4 0
11729 0 3 0
11738.6 0 3 0
11735.5 0 4 0
11737 0 3 0
11718.8 0 3 0
11710.9 0 3 0
11699.2 0 2 0
11697.6 0 3 0
11697.1 0 3 0
11696.7 0 3 0
11694.2 0 3 0
11689.5 0 3 0
11689 0 3 0
11689.3 0 3 0
11697.4 0 4 0
11699.3 0 3 0
11716.5 0 3 0
11719.2 0 3 0
11732.2 0 3 0
11736.5 0 4 0
11738.5 0 3 0
11738.3 0 3 0
11755.7 0 3 0
11755.5 0 3 0
11741.2 0 4 0
11756.5 0 3 0
11775.5 0 3 0
11776.1 0 3 0
11792 0 4 0
11791.6 0 3 0
11790.9 0 3 0
11807.2 0 4 0
11803.7 0 2 0
11806.8 0 3 0
11794.2 0 3 0
11792.6 0 4 0
11792.3 0 3 0
11796.6 0 3 0
11780.9 0 4 0
11770.9 0 3 0
11759.5 0 3 0
11757.9 0 4 0
11759.5 0 3 0
11756.5 0 4 0
11764.5 0 3 0
11761.9 0 4 0
11753 0 3 0
11762.1 0 3 0
11769.5 0 3 0
11786.1 0 2 0
11771.4 0 5 0
11764.8 0 4 0
11755 0 5 0
11756.3 0 6 0
11766.5 0 4 0
11769.4 0 5 0
11771.2 0 6 0
11771.5 0 4 0
11755.6 0 4 0
11755.8 0 5 0
11755.1 0 5 0
11754.3 0 4 0
11755.8 0 5 0
11767.7 0 5 0
11767.7 0 5 0
11773.3 0 4 0
11767.3 0 5 0
11768.3 0 5 0
11774 0 5 0
11772.7 0 5 0
11779.2 0 5 0
11780.6 0 5 0
11770.1 0 5 0
11771.5 0 4 0
11760.7 0 5 0
11758 0 4 0
11741.6 0 5 0
11753.9 0 5 0
11751.1 0 5 0
11750 0 4 0
11764.9 0 5 0
11762.4 0 5 0
11760 0 6 0
11748.5 0 4 0
11750.5 0 5 0
11736.1 0 5 0
11744.3 0 1 0
11742.1 0 1 0
11743 0 2 0
11741 0 1 0
11737.8 0 2 0
11722.2 0 1 0
11718.6 0 2 0
11718 0 1 0
11713 0 2 0
11712 0 1 0
11699.7 0 2 0
11708.2 0 2 0
11702.7 0 1 0
11682.5 0 1 0
11668.7 0 2 0
11668 0 1 0
11670.7 0 2 0
11656.4 0 1 0
11654.9 0 2 0
11668.2 0 1 0
11667.7 0 2 0
11669.5 0 1 0
11676.3 0 2 0
11699.8 0 1 0
11702.4 0 2 0
11714.7 0 1 0
11716.5 0 2 0
11716.1 0 1 0
11716.3 0 2 0
11714.5 0 1 0
11722.9 0 2 0
11735.1 0 1 0
11734.7 0 2 0
11738.2 0 1 0
11743.7 0 6 0
11758.5 0 6 0
11775.5 0 6 0
11789.6 0 6 0
11794.8 0 6 0
11797.2 0 6 0
11799.4 0 5 0
11800.1 0 6 0
11803.3 0 6 0
11803.9 0 5 0
11800.4 0 6 0
11805.3 0 6 0
11811.8 0 6 0
11803.4 0 5 0
11803.1 0 5 0
11803.1 0 6 0
11800.1 0 6 0
11787.3 0 6 0
11779.5 0 6 0
11768.1 0 6 0
11776.7 0 6 0
11776.1 0 6 0
11778.8 0 6 0
11788.1 0 6 0
11793.9 0 6 0
11787.4 0 6 0
11785.1 0 6 0
11774.1 0 6 0
11762.6 0 6 0
11759.7 0 6 0
11749.8 0 6 0
11760.1 0 5 0
11757.4 0 6 0
11764.1 0 6 0
11749.5 0 6 0
11735.6 0 6 0
11747.1 0 6 0
11735.4 0 6 0
11721 0 5 0
11714.9 0 6 0
11713.1 0 6 0
11714.5 0 6 0
11720.4 0 6 0
11723.1 0 5 0
11712.5 0 3 0
11717.7 0 2 0
11716.3 0 2 0
11729.6 0 3 0
11730.2 0 2 0
11732.7 0 1 0
11733 0 2 0
11750.5 0 2 0
11754.7 0 2 0
11754.7 0 2 0
11766.5 0 3 0
11766.4 0 2 0
11766 0 2 0
11768.9 0 3 0
11782.7 0 2 0
11781.4 0 2 0
11781.5 0 2 0
11781.9 0 2 0
11773.7 0 2 0
11769.4 0 2 0
11789.7 0 2 0
11792.9 0 2 0
11788.8 0 2 0
11789.1 0 2 0
11790.7 0 2 0
11792.1 0 3 0
11797.1 0 2 0
11797.7 0 2 0
11804 0 2 0
11813.8 0 2 0
11819.5 0 2 0
11806 0 2 0
11806.8 0 2 0
11808.2 0 2 0
11795.1 0 2 0
11793.7 0 2 0
11800.7 0 3 0
11796.4 0 2 0
11798.7 0 2 0
11798.2 0 2 0
11816.2 0 3 0
11822.9 0 2 0
11834.3 0 2 0
11836.5 0 3 0
11832.2 0 2 0
11833.3 0 2 0
11834.7 0 3 0
11840.2 0 2 0
11840.4 0 3 0
11842.5 0 2 0
11840.8 0 2 0
11838.2 0 3 0
11836.8 0 2 0
11834.5 0 2 0
11831.8 0 3 0
11815.6 0 1 0
11807.9 0 3 0
11802.2 0 2 0
11790.3 0 3 0
11776.5 0 1 0
11774.5 0 2 0
11772.3 0 2 0
11750.5 0 2 0
11749.3 0 2 0
11746.8 0 3 0
11759 0 2 0
11756.8 0 2 0
11746.9 0 3 0
11761.8 0 2 0
11746.7 0 2 0
11759.6 0 3 0
11747.2 0 2 0
11744.7 0 2 0
11741.7 0 3 0
11752.8 0 2 0
11761.8 0 3 0
11762.2 0 2 0
11743.8 0 2 0
11742.1 0 3 0
11744.4 0 2 0
11753.9 0 2 0
11747.6 0 3 0
11756.2 0 2 0
11758.3 0 3 0
11768.2 0 2 0
11758.5 0 2 0
11762.9 0 2 0
11761.9 0 2 0
11767.2 0 3 0
11765.8 0 2 0
11756.4 0 2 0
11742.6 0 2 0
11746.1 0 2 0
11747.4 0 3 0
11764.6 0 3 0
11763.4 0 2 0
11761.2 0 3 0
11776.8 0 2 0
11775.4 0 3 0
11764.2 0 2 0
11764.4 0 3 0
11774.1 0 3 0
11780.6 0 2 0
11778 0 3 0
11771.4 0 3 0
11770.8 0 2 0
11771.4 0 3 0
11755.5 0 3 0
11763.6 0 3 0
11764 0 2 0
11774 0 3 0
11775.3 0 3 0
11788.6 0 3 0
11788.8 0 2 0
11785.9 0 3 0
11786.5 0 2 0
11786.2 0 3 0
11785.9 0 3 0
11786.6 0 2 0
11798.9 0 2 0
11799.4 0 3 0
11807.6 0 2 0
11810.4 0 3 0
11816.1 0 3 0
11802.6 0 3 0
11803.1 0 2 0
11804.8 0 3 0
11818.1 0 3 0
11824.8 0 3 0
11831.8 0 2 0
11834.4 0 3 0
11832.4 0 3 0
11846 0 3 0
11845.3 0 2 0
11850.8 0 3 0
11870.2 0 3 0
11882.9 0 3 0
11881.8 0 2 0
11875.5 0 3 0
11872.1 0 2 0
11874.4 0 2 0
11874.2 0 3 0
11871 0 2 0
11864.3 0 3 0
11858.1 0 3 0
11847.1 0 2 0
11838.7 0 3 0
11837.6 0 3 0
11831.7 0 2 0
11822.5 0 3 0
11832.6 0 3 0
11832.8 0 3 0
11832.4 0 3 0
11826 0 2 0
11814.2 0 3 0
11815.9 0 3 0
11803.6 0 2 0
11801.9 0 3 0
11802.5 0 3 0
11800 0 3 0
11798.8 0 2 0
11800.1 0 3 0
11798.4 0 3 0
11786.1 0 3 0
11772.7 0 3 0
11771.5 0 2 0
11784 0 3 0
11780.5 0 2 0
11777.1 0 3 0
11786.8 0 3 0
11797.1 0 2 0
11795.9 0 3 0
11800.4 0 3 0
11815.2 0 3 0
11820.6 0 4 0
11829.5 0 2 0
11819 0 1 0
11807.3 0 2 0
11809.2 0 1 0
11799.1 0 2 0
11799.7 0 2 0
11810.7 0 1 0
11802 0 1 0
11804.4 0 2 0
115.4 0 1 1
177.38 0 0 0
241.075 0 0 0
303.995 0 0 0
365.765 0 0 0
425.865 0 0 0
488.805 0 0 0
551.62 0 0 0
612.68 0 0 0
674.765 0 0 0
738.5 0 0 0
801.24 0 0 0
863.91 0 0 0
927.955 0 0 0
991.965 0 0 0
1055.46 0 0 0
1120.09 0 0 0
1181.7 0 0 0
1242.23 0 0 0
1306.77 0 0 0
1370.22 0 0 0
1431.3 0 0 0
1494.75 0 0 0
1556.8 0 0 0
1619.27 0 0 0
1680.44 0 0 0
1740.98 0 0 0
1802.18 0 0 0
1865.27 0 0 0
1927.02 0 0 0
1990.74 0 0 0
2052.98 0 0 0
2114.33 0 0 0
2177.09 0 0 0
2240.62 0 0 0
2302.76 0 0 0
2366.31 0 0 0
2430.34 0 0 0
2490.3 0 0 0
2551.95 0 0 0
2615.84 0 0 0
2676.92 0 0 0
2737.25 0 0 0
2800.2 0 0 0
2863.79 0 0 0
2923.3 0 0 0
2986.4 0 0 0
3050.38 0 0 0
3114.93 0 0 0
3176.66 0 0 0
3238.18 0 0 0
3296.18 0 0 0
3359.21 0 0 0
3422.84 0 0 0
3484.3 0 0 0
3547.45 0 0 0
3610.51 0 0 0
3671.53 0 0 0
3735.07 0 0 0
3798.68 0 0 0
3862.77 0 0 0
3924.5 0 0 0
3986.68 0 0 0
4047.64 0 0 0
4108.18 0 0 0
4169.64 0 0 0
4232.67 0 0 0
4295.72 0 0 0
4360.45 0 0 0
4423.9 0 0 0
4484.16 0 0 0
4546.97 0 0 0
4608.45 0 0 0
4671.66 0 0 0
4730.28 0 0 0
4793.29 0 0 0
4857.3 0 0 0
4920.56 0 0 0
4983.49 0 0 0
5044.4 0 0 0
5105.83 0 0 0
5167.98 0 0 0
5230.96 0 0 0
5292.36 0 0 0
5355.77 0 0 0
5414.9 0 0 0
5474.03 0 0 0
5534.44 0 0 0
5599.09 0 0 0
5660.82 0 0 0
5720.74 0 0 0
5783.88 0 0 0
5850.53 0 0 0
5915.05 0 0 0
5975.9 0 0 0
6039.01 0 0 0
6101.89 0 0 0
6164.86 0 0 0
6227.37 0 0 0
6289.81 0 0 0
6349.86 0 0 0
6411.73 0 0 0
6471.44 0 0 0
6531.95 0 0 0
6595.45 0 0 0
6658.84 0 0 0
6720.48 0 0 0
6782.01 0 0 0
6844.03 0 0 0
6906.02 0 0 0
6970.03 0 0 0
7031.56 0 0 0
7093.64 0 0 0
7156.59 0 0 0
7216.57 0 0 0
7278.96 0 0 0
7343.52 0 0 0
7403.94 0 0 0
7464.66 0 0 0
7528.22 0 0 0
7592.47 0 0 0
7656.31 0 0 0
7719.11 0 0 0
7782.27 0 0 0
7847.19 0 0 0
7910.68 0 0 0
7972.47 0 0 0
8034.94 0 0 0
8099.09 0 0 0
8161.97 0 0 0
8224.38 0 0 0
8287.16 0 0 0
8351.51 0 0 0
8415.67 0 0 0
8476.19 0 0 0
8537.77 0 0 0
8602.07 0 0 0
8664.42 0 0 0
8726.75 0 0 0
8788.98 0 0 0
8853.16 0 0 0
8915.98 0 0 0
8979.3 0 0 0
9038.17 0 0 0
9102.32 0 0 0
9164.45 0 0 0
9223.11 0 0 0
9283.42 0 0 0
9346.7 0 0 0
9410.14 0 0 0
9472.14 0 0 0
9536.85 0 0 0
9599.24 0 0 0
9660.33 0 0 0
9721.31 0 0 0
9782.58 0 0 0
9843.56 0 0 0
9902.77 0 0 0
9963.33 0 0 0
10023.4 0 0 0
10086.9 0 0 0
10149.8 0 0 0
10199.5 0 0 0
10261.8 0 0 0
10326.1 0 0 0
10389.2 0 0 0
10450.2 0 0 0
10512.7 0 0 0
10576.1 0 0 0
10638.1 0 0 0
10701.2 0 0 0
10764.3 0 0 0
10829.2 0 0 0
10889.8 0 0 0
10953.5 0 0 0
11010.3 0 0 0
11072.5 0 0 0
11135 0 0 0
11195.4 0 0 0
11258.1 0 0 0
11319.5 0 0 0
11382.6 0 0 0
11445.6 0 0 0
11508.7 0 0 0
11573 0 0 0
11634.6 0 0 0
11696.8 0 0 0
11758.2 0 0 0
11821.9 0 0 0
11882.4 0 0 0
11943.5 0 0 0
12005.6 0 0 0
12070.2 0 0 0
12133.7 0 0 0
12195.6 0 0 0
12257.4 0 0 0
12321.8 0 0 0
12384.9 0 0 0
12444.9 0 0 0
12456.2 0 0 0
12456.3 0 0 0
12458.1 0 0 0
12456.6 0 0 0
12453.2 0 0 0
12453.5 0 0 0
12452.2 0 0 0
12451.8 0 0 0
12452.6 0 0 0
12454.3 0 0 0
12453.5 0 0 0
12452 0 0 0
12448.5 0 0 0
12446.9 0 0 0
12447.4 0 0 0
12444.5 0 0 0
12443.3 0 0 0
12435.8 0 0 0
12436.8 0 0 0
12437.8 0 0 0
12432.7 0 0 0
12431.7 0 0 0
12433.2 0 0 0
12431.5 0 0 0
12427 0 0 0
12415.2 0 0 0
12415.5 0 0 0
12413.4 0 0 0
12413.4 0 0 0
12412.1 0 0 0
12411.9 0 0 0
12409.8 0 0 0
12411.5 0 0 0
12414 0 0 0
12410.8 0 0 0
12411.1 0 0 0
12412.1 0 0 0
12413.3 0 0 0
12413.3 0 0 0
12412.1 0 0 0
12411.6 0 0 0
12408.8 0 0 0
12407.3 0 0 0
12408 0 0 0
12405.9 0 0 0
12404.8 0 0 0
12407.3 0 0 0
12407 0 0 0
12402.5 0 0 0
12399.1 0 0 0
12398 0 0 0
12401.1 0 0 0
12392.7 0 0 0
12393.7 0 0 0
12392.9 0 0 0
12394.6 0 0 0
12395.6 0 0 0
12394.3 0 0 0
12395.2 0 0 0
12393.5 0 0 0
12386.2 0 0 0
12386.6 0 0 0
12387 0 0 0
12387 0 0 0
12386.3 0 0 0
12390.6 0 0 0
12391 0 0 0
12389.3 0 0 0
12387.8 0 0 0
12386.6 0 0 0
12385.7 0 0 0
12386.8 0 0 0
12385.9 0 0 0
12380.3 0 0 0
12379.1 0 0 0
12383.4 0 0 0
12381.4 0 0 0
12381.6 0 0 0
12381.9 0 0 0
12371.1 0 0 0
12371.1 0 0 0
12371.7 0 0 0
12369.9 0 0 0
12367.1 0 0 0
12366.2 0 0 0
12367 0 0 0
12369 0 0 0
12373.5 0 0 0
12375.8 0 0 0
12372.3 0 0 0
12374.8 0 0 0
12376.7 0 0 0
12375.9 0 0 0
12373.4 0 0 0
12370.7 0 0 0
12370.1 0 0 0
12366.8 0 0 0
12366.6 0 0 0
12366.3 0 0 0
12366.4 0 0 0
12367 0 0 0
12369.5 0 0 0
12369.3 0 0 0
12371.8 0 0 0
12375.1 0 0 0
12372.8 0 0 0
12370.3 0 0 0
12372.5 0 0 0
12375.1 0 0 0
12374.5 0 0 0
12375.2 0 0 0
12374 0 0 0
12372.7 0 0 0
12362.4 0 0 0
12362 0 0 0
12362.5 0 0 0
12359.4 0 0 0
12355.4 0 0 0
12352.5 0 0 0
12352.8 0 0 0
12349.2 0 0 0
12347.9 0 0 0
12345.9 0 0 0
12344.2 0 0 0
12343 0 0 0
12342.1 0 0 0
12340.3 0 0 0
12343.8 0 0 0
12345.3 0 0 0
12345.4 0 0 0
12342.9 0 0 0
12344.6 0 0 0
12344.5 0 0 0
12343.2 0 0 0
12341.4 0 0 0
12341.9 0 0 0
12342.2 0 0 0
12341.6 0 0 0
12342 0 0 0
12339.5 0 0 0
12337.9 0 0 0
12335.6 0 0 0
12335.3 0 0 0
12336.8 0 0 0
12341.5 0 0 0
12342 0 0 0
12340.3 0 0 0
12342.5 0 0 0
12342.5 0 0 0
12342.6 0 0 0
12337.7 0 0 0
12336.4 0 0 0
12334.1 0 0 0
12335.3 0 0 0
12308.4 0 0 0
12309.9 0 0 0
12312.2 0 0 0
12312.8 0 0 0
12316.8 0 0 0
12313.2 0 0 0
12316.5 0 0 0
12316.7 0 0 0
12317.7 0 0 0
12330.5 0 0 0
12329.5 0 0 0
12329.3 0 0 0
12325.8 0 0 0
12326.6 0 0 0
12329.2 0 0 0
12329.5 0 0 0
12331 0 0 0
12329.2 0 0 0
12330.6 0 0 0
12328.6 0 0 0
12333.5 0 0 0
12333 0 0 0
12337.6 0 0 0
12336 0 0 0
12335 0 0 0
12336.6 0 0 0
12338 0 0 0
12338 0 0 0
12335.9 0 0 0
12335.5 0 0 0
12333.2 0 0 0
12332.4 0 0 0
12333.5 0 0 0
12336 0 0 0
12337 0 0 0
12336.3 0 0 0
12336.7 0 0 0
12338.4 0 0 0
12339.2 0 0 0
12339 0 0 0
12339.8 0 0 0
12340.2 0 0 0
12340.9 0 0 0
12337.4 0 0 0
12337.6 0 0 0
12334.2 0 0 0
12332.7 0 0 0
12333.4 0 0 0
12332.2 0 0 0
12331.9 0 0 0
12335.1 0 0 0
12336.5 0 0 0
12340 0 0 0
12339.9 0 0 0
12338.3 0 0 0
12335.8 0 0 0
12331.1 0 0 0
12330.9 0 0 0
12335.5 0 0 0
12338.1 0 0 0
12337.9 0 0 0
12338.8 0 0 0
12337.8 0 0 0
12344.6 0 0 0
12341.4 0 0 0
12341.9 0 0 0
12344.9 0 0 0
12347.7 0 0 0
12336.5 0 0 0
12329.3 0 0 0
12327.3 0 0 0
12339.4 0 0 0
12338.8 0 0 0
12340.6 0 0 0
12342.7 0 0 0
12343.3 0 0 0
12342.9 0 0 0
12342.8 0 0 0
12339.7 0 0 0
12338.4 0 0 0
12339 0 0 0
12337.7 0 0 0
12337.4 0 0 0
12333.9 0 0 0
12333.6 0 0 0
12334.3 0 0 0
12336.2 0 0 0
12337 0 0 0
12341.9 0 0 0
12344 0 0 0
12343.6 0 0 0
12344.2 0 0 0
12345.8 0 0 0
12347.3 0 0 0
12352.2 0 0 0
12354.5 0 0 0
12357 0 0 0
12355.8 0 0 0
12368.2 0 0 0
12367.2 0 0 0
12368.6 0 0 0
12367.1 0 0 0
12368.3 0 0 0
12371.7 0 0 0
12370.3 0 0 0
12369.4 0 0 0
12377.2 0 0 0
12375.8 0 0 0
12374.7 0 0 0
12373.8 0 0 0
12377 0 0 0
12374.6 0 0 0
12376.8 0 0 0
12378.6 0 0 0
12379.9 0 0 0
12372.9 0 0 0
12371.8 0 0 0
12370.8 0 0 0
12369.6 0 0 0
12377.6 0 0 0
12379.5 0 0 0
12380.6 0 0 0
12380.9 0 0 0
12376.9 0 0 0
12375.7 0 0 0
12386.2 0 0 0
12387.5 0 0 0
12389.4 0 0 0
12389.8 0 0 0
12390.5 0 0 0
12394 0 0 0
12393.1 0 0 0
12391.6 0 0 0
12387.8 0 0 0
12388.4 0 0 0
12390.4 0 0 0
12391.2 0 0 0
12391.4 0 0 0
12392.1 0 0 0
12389.2 0 0 0
12389.6 0 0 0
12392.4 0 0 0
12396.6 0 0 0
12391.8 0 0 0
12392.1 0 0 0
12390.4 0 0 0
12391.4 0 0 0
12391.6 0 0 0
12391.8 0 0 0
12392.7 0 0 0
12390.7 0 0 0
12390.4 0 0 0
12388.6 0 0 0
12384.8 0 0 0
12385.5 0 0 0
12384.2 0 0 0
12380.3 0 0 0
12379.3 0 0 0
12379.7 0 0 0
12387.8 0 0 0
12387.4 0 0 0
12391.1 0 0 0
12396.2 0 0 0
12398 0 0 0
12401 0 0 0
12401.4 0 0 0
12400.8 0 0 0
12402.1 0 0 0
12404.4 0 0 0
12403.6 0 0 0
12402.7 0 0 0
12397.9 0 0 0
12397.9 0 0 0
12393.5 0 0 0
12393.2 0 0 0
12382.5 0 0 0
12383.5 0 0 0
12383.1 0 0 0
12385 0 0 0
12385.4 0 0 0
12383.1 0 0 0
12383.3 0 0 0
12382.5 0 0 0
12378.3 0 0 0
12380 0 0 0
12383.9 0 0 0
12387 0 0 0
12385.2 0 0 0
12384.5 0 0 0
12381.9 0 0 0
12381.6 0 0 0
12380.1 0 0 0
12381.2 0 0 0
12383.6 0 0 0
12385.5 0 0 0
12383.1 0 0 0
12385.8 0 0 0
12389 0 0 0
12387.3 0 0 0
12387.4 0 0 0
12413.7 0 0 0
12397 0 0 0
12395 0 0 0
12396.7 0 0 0
12396.2 0 0 0
12402.4 0 0 0
12403.3 0 0 0
12402.4 0 0 0
12398.8 0 0 0
12399.7 0 0 0
12401.9 0 0 0
12400.8 0 0 0
12405.1 0 0 0
12405.5 0 0 0
12401.8 0 0 0
12400.7 0 0 0
12399.4 0 0 0
12401.4 0 0 0
12400.9 0 0 0
12399 0 0 0
12395.5 0 0 0
12393.7 0 0 0
12395.2 0 0 0
12396.9 0 0 0
12398.3 0 0 0
12401.3 0 0 0
12401.7 0 0 0
12402.3 0 0 0
12403.1 0 0 0
12403.4 0 0 0
12405.9 0 0 0
12405.4 0 0 0
12406.9 0 0 0
12406.6 0 0 0
12406.9 0 0 0
12406.5 0 0 0
12409 0 0 0
12407.3 0 0 0
12407.6 0 0 0
12392.2 0 0 0
12389.7 0 0 0
12387 0 0 0
12387.9 0 0 0
12390.9 0 0 0
12390.6 0 0 0
12395.6 0 0 0
12396.2 0 0 0
12333.6 0 0 0
