706 0 0 0 0 0 13403 0
2401 0 0 0 0 0 23792 0
5084 0 0 0 0 0 26598 0
7151 0 0 0 0 0 24906 0
7924 0 0 0 0 0 23444 0
8266 0 0 0 0 0 26684 0
9555 0 0 0 0 0 25119 0
9871 0 0 0 0 0 22162 0
9727 0 0 0 0 0 17821 0
10082 0 0 0 0 0 14639 0
4805 0 0 0 0 0 5971 0
4651 0 0 0 0 0 5075 0
10871 0 0 0 0 0 10822 0
11368 0 0 0 0 0 9075 0
11032 0 0 0 0 0 7647 0
11463 0 0 0 0 0 6113 0
11655 0 0 0 0 0 4839 0
11091 0 0 0 0 0 4003 0
11276 0 0 0 0 0 3429 0
11917 0 0 0 0 0 2944 0
11753 0 0 0 0 0 2330 0
11353 0 0 0 0 0 1902 0
11184 0 0 0 0 0 1449 0
11735 0 0 0 0 0 1416 0
11632 0 0 0 0 0 1158 0
11729 0 0 0 0 0 961 0
11705 0 0 0 0 0 910 0
11369 0 0 0 0 0 728 0
11698 0 0 0 0 0 572 0
11665 0 0 0 0 0 488 0
11720 0 0 0 0 0 455 0
11720 0 0 0 0 0 334 0
11433 0 0 0 0 0 273 0
10674 0 0 0 0 0 278 0
11380 0 0 0 0 0 236 0
11659 0 0 0 0 0 200 0
11758 0 0 0 0 0 181 0
11704 0 0 0 0 0 183 0
11760 0 0 0 0 0 157 0
11823 0 0 0 0 0 106 0
11448 0 0 0 0 0 120 0
11859 0 0 0 0 0 107 0
11615 0 0 0 0 0 91 0
11688 0 0 0 0 0 66 0
11553 0 0 0 0 0 61 0
11958 0 0 0 0 0 46 0
11755 0 0 0 0 0 51 0
11798 0 0 0 0 0 44 0
11599 0 0 0 0 0 50 0
11734 0 0 0 0 0 37 0
11700 0 0 0 0 0 26 0
12169 0 0 0 0 0 27 0
11996 0 0 0 0 0 23 0
10950 0 0 0 0 0 21 0
11497 0 0 0 0 0 21 0
11606 0 0 0 0 0 20 0
11619 0 0 0 0 0 19 0
12843 0 0 0 0 0 13 0
12964 0 0 0 0 0 9 0
11782 0 0 0 0 0 10 0
12784 0 0 0 0 0 11 0
11631 0 0 0 0 0 8 0
12407 0 0 0 0 0 4 0
12098 0 0 0 0 0 7 0
11279 0 0 0 0 0 8 0
11158 0 0 0 0 0 3 0
11114 0 0 0 0 0 1 0
11896 0 0 0 0 0 5 0
11792 0 0 0 0 0 5 0
11494 0 0 0 0 0 1 0
11786 0 0 0 0 0 7 0
11641 0 0 0 0 0 0 0
12002 0 0 0 0 0 2 0
11613 0 0 0 0 0 0 0
11978 0 0 0 0 0 4 0
11602 0 0 0 0 0 2 0
11718 0 0 0 0 0 1 0
11831 0 0 0 0 0 0 0
12279 0 0 0 0 0 0 0
11827 0 0 0 0 0 0 0
11302 0 0 0 0 0 1 0
11680 0 0 0 0 0 2 0
11594 0 0 0 0 0 0 0
11901 0 0 0 0 0 0 0
11628 0 0 0 0 0 1 0
12505 0 0 0 0 0 0 0
11497 0 0 0 0 0 0 0
12005 0 0 0 0 0 1 0
11842 0 0 0 0 0 0 0
11464 0 0 0 0 0 0 0
11254 0 0 0 0 0 0 0
12224 0 0 0 0 0 0 0
12718 0 0 0 0 0 0 0
11502 0 0 0 0 0 0 0
12079 0 0 0 0 0 0 0
13135 0 0 0 0 0 0 0
11554 0 0 0 0 0 0 0
11510 0 0 0 0 0 0 0
11245 0 0 0 0 0 0 0
11780 0 0 0 0 0 0 0
11400 0 0 0 0 0 0 0
12079 0 0 0 0 0 0 0
11586 0 0 0 0 0 0 0
11021 0 0 0 0 0 0 0
10989 0 0 0 0 0 0 0
10886 0 0 0 0 0 0 0
11404 0 0 0 0 0 0 0
11203 0 0 0 0 0 0 0
11689 0 0 0 0 0 0 0
11463 0 0 0 0 0 0 0
11743 0 0 0 0 0 0 0
11375 0 0 0 0 0 0 0
11435 0 0 0 0 0 0 0
11873 0 0 0 0 0 0 0
12409 0 0 0 0 0 0 0
11922 0 0 0 0 0 0 0
11724 0 0 0 0 0 0 0
11518 0 0 0 0 0 0 0
12243 0 0 0 0 0 0 0
11161 0 0 0 0 0 0 0
11167 0 0 0 0 0 0 0
11854 0 0 0 0 0 1 0
11737 0 0 0 0 0 0 0
11780 0 0 0 0 0 0 0
9658 0 0 0 0 0 0 0
11165 0 0 0 0 0 0 0
11739 0 0 0 0 0 0 0
8990 0 0 0 0 0 0 0
10980 0 0 0 0 0 0 0
12004 0 0 0 0 0 0 0
10485 0 0 0 0 0 0 0
11754 0 0 0 0 0 0 0
11579 0 0 0 0 0 0 0
11388 0 0 0 0 0 0 0
9231 0 0 0 0 0 0 0
11370 0 0 0 0 0 0 0
10442 0 0 0 0 0 0 0
11518 0 0 0 0 0 0 0
9008 0 0 0 0 0 0 0
8888 0 0 0 0 0 0 0
9195 0 0 0 0 0 0 0
10994 0 0 0 0 0 0 0
9977 0 0 0 0 0 0 0
10483 0 0 0 0 0 0 0
11674 0 0 0 0 0 0 0
7814 0 0 0 0 0 0 0
11637 0 0 0 0 0 0 0
10086 0 0 0 0 0 0 0
11417 0 0 0 0 0 0 0
11170 0 0 0 0 0 0 0
9476 0 0 0 0 0 0 0
11445 0 0 0 0 0 0 0
9608 0 0 0 0 0 0 0
10223 0 0 0 0 0 0 0
10330 0 0 0 0 0 0 0
9896 0 0 0 0 0 0 0
12460 0 0 0 0 0 0 0
8543 0 0 0 0 0 0 0
10893 0 0 0 0 0 0 0
11714 0 0 0 0 0 0 0
9447 0 0 0 0 0 0 0
11297 0 0 0 0 0 1 0
11967 0 0 0 0 0 0 0
9319 0 0 0 0 0 0 0
11431 0 0 0 0 0 0 0
11624 0 0 0 0 0 0 0
11842 0 0 0 0 0 0 0
12744 0 0 0 0 0 0 0
9324 0 0 0 0 0 0 0
10288 0 0 0 0 0 0 0
11784 0 0 0 0 0 0 0
10448 0 0 0 0 0 0 0
11516 0 0 0 0 0 0 0
11165 0 0 0 0 0 0 0
11559 0 0 0 0 0 0 0
10814 0 0 0 0 0 0 0
10289 0 0 0 0 0 0 0
9673 0 0 0 0 0 0 0
10239 0 0 0 0 0 0 0
9405 0 0 0 0 0 0 0
11519 0 0 0 0 0 0 0
10167 0 0 0 0 0 0 0
9518 0 0 0 0 0 0 0
11506 0 0 0 0 0 0 0
9975 0 0 0 0 0 0 0
12193 0 0 0 0 0 0 0
12052 0 0 0 0 0 0 0
11192 0 0 0 0 0 0 0
11847 0 0 0 0 0 0 0
11344 0 0 0 0 0 0 0
9265 0 0 0 0 0 0 0
11769 0 0 0 0 0 0 0
11392 0 0 0 0 0 0 0
11336 0 0 0 0 0 0 0
11678 0 0 0 0 0 0 0
11250 0 0 0 0 0 0 0
12444 0 0 0 0 0 0 0
11709 0 0 0 0 0 0 0
11559 0 0 0 0 0 0 0
11370 0 0 0 0 0 0 0
11693 0 0 0 0 0 0 0
10133 0 0 0 0 0 0 0
9879 0 0 0 0 0 0 0
11194 0 0 0 0 0 0 0
12124 0 0 0 0 0 0 0
11206 0 0 0 0 0 0 0
10191 0 0 0 0 0 0 0
12033 0 0 0 0 0 0 0
10948 0 0 0 0 0 0 0
10348 0 0 0 0 0 0 0
12869 0 0 0 0 0 0 0
10356 0 0 0 0 0 0 0
9368 0 0 0 0 0 0 0
11961 0 0 0 0 0 0 0
11196 0 0 0 0 0 0 0
9195 0 0 0 0 0 0 0
9798 0 0 0 0 0 0 0
11763 0 0 0 0 0 0 0
9882 0 0 0 0 0 0 0
10301 0 0 0 0 0 0 0
10243 0 0 0 0 0 0 0
8667 0 0 0 0 0 0 0
10608 0 0 0 0 0 0 0
11085 0 0 0 0 0 0 0
9868 0 0 0 0 0 0 0
11433 0 0 0 0 0 0 0
11994 0 0 0 0 0 0 0
9684 0 0 0 0 0 0 0
11757 0 0 0 0 0 1 0
11540 0 0 0 0 0 0 0
11775 0 0 0 0 0 0 0
10371 0 0 0 0 0 0 0
10500 0 0 0 0 0 0 0
9861 0 0 0 0 0 0 0
9592 0 0 0 0 0 0 0
12183 0 0 0 0 0 0 0
8705 0 0 0 0 0 0 0
10210 0 0 0 0 0 0 0
11590 0 0 0 0 0 0 0
9269 0 0 0 0 0 0 0
10247 0 0 0 0 0 0 0
11855 0 0 0 0 0 0 0
11388 0 0 0 0 0 0 0
8482 0 0 0 0 0 0 0
8180 0 0 0 0 0 0 0
11871 0 0 0 0 0 0 0
11249 0 0 0 0 0 0 0
12402 0 0 0 0 0 0 0
10955 0 0 0 0 0 0 0
13729 0 0 0 0 0 0 0
12751 0 0 0 0 0 0 0
10301 0 0 0 0 0 0 0
11717 0 0 0 0 0 0 0
12013 0 0 0 0 0 0 0
11695 0 0 0 0 0 0 0
11506 0 0 0 0 0 0 0
9866 0 0 0 0 0 0 0
11822 0 0 0 0 0 0 0
10121 0 0 0 0 0 0 0
11537 0 0 0 0 0 0 0
8821 0 0 0 0 0 0 0
10519 0 0 0 0 0 0 0
8425 0 0 0 0 0 0 0
12321 0 0 0 0 0 0 0
12153 0 0 0 0 0 0 0
10757 0 0 0 0 0 0 0
10322 0 0 0 0 0 0 0
9040 0 0 0 0 0 0 0
11509 0 0 0 0 0 0 0
9643 0 0 0 0 0 0 0
11080 0 0 0 0 0 0 0
8868 0 0 0 0 0 0 0
11308 0 0 0 0 0 0 0
9343 0 0 0 0 0 0 0
9292 0 0 0 0 0 0 0
10180 0 0 0 0 0 0 0
10248 0 0 0 0 0 0 0
11200 0 0 0 0 0 0 0
11579 0 0 0 0 0 0 0
11640 0 0 0 0 0 0 0
8386 0 0 0 0 0 0 0
11368 0 0 0 0 0 0 0
9838 0 0 0 0 0 0 0
11881 0 0 0 0 0 0 0
9872 0 0 0 0 0 0 0
10771 0 0 0 0 0 0 0
8985 0 0 0 0 0 0 0
1426 0 0 0 0 0 0 0
7611 0 0 0 0 0 0 0
9565 0 0 0 0 0 0 0
8910 0 0 0 0 0 0 0
11956 0 0 0 0 0 0 0
10752 0 0 0 0 0 0 0
10293 0 0 0 0 0 0 0
11473 0 0 0 0 0 0 0
9891 0 0 0 0 0 0 0
11522 0 0 0 0 0 0 0
9840 0 0 0 0 0 0 0
10787 0 0 0 0 0 0 0
8352 0 0 0 0 0 0 0
6937 0 0 0 0 0 0 0
8976 0 0 0 0 0 0 0
12565 0 0 0 0 0 0 0
8916 0 0 0 0 0 0 0
12140 0 0 0 0 0 0 0
8577 0 0 0 0 0 0 0
11482 0 0 0 0 0 0 0
9387 0 0 0 0 0 0 0
10199 0 0 0 0 0 0 0
9912 0 0 0 0 0 0 0
11646 0 0 0 0 0 0 0
11791 0 0 0 0 0 0 0
9641 0 0 0 0 0 0 0
11441 0 0 0 0 0 0 0
12002 0 0 0 0 0 0 0
10457 0 0 0 0 0 0 0
11704 0 0 0 0 0 0 0
11913 0 0 0 0 0 0 0
9548 0 0 0 0 0 0 0
11097 0 0 0 0 0 0 0
9089 0 0 0 0 0 0 0
11774 0 0 0 0 0 0 0
11551 0 0 0 0 0 0 0
11461 0 0 0 0 0 0 0
9051 0 0 0 0 0 0 0
11577 0 0 0 0 0 0 0
11888 0 0 0 0 0 0 0
10601 0 0 0 0 0 0 0
9184 0 0 0 0 0 0 0
11641 0 0 0 0 0 0 0
11790 0 0 0 0 0 0 0
10026 0 0 0 0 0 0 0
11797 0 0 0 0 0 0 0
11831 0 0 0 0 0 0 0
12619 0 0 0 0 0 0 0
11747 0 0 0 0 0 0 0
11587 0 0 0 0 0 0 0
11904 0 0 0 0 0 0 0
10470 0 0 0 0 0 0 0
11329 0 0 0 0 0 0 0
9704 0 0 0 0 0 0 0
11627 0 0 0 0 0 0 0
9410 0 0 0 0 0 0 0
11216 0 0 0 0 0 0 0
9153 0 0 0 0 0 0 0
10695 0 0 0 0 0 0 0
11435 0 0 0 0 0 0 0
10538 0 0 0 0 0 0 0
12585 0 0 0 0 0 0 0
11969 0 0 0 0 0 0 0
11339 0 0 0 0 0 0 0
11815 0 0 0 0 0 0 0
11762 0 0 0 0 0 0 0
11520 0 0 0 0 0 0 0
11332 0 0 0 0 0 0 0
8139 0 0 0 0 0 0 0
11552 0 0 0 0 0 0 0
11842 0 0 0 0 0 0 0
9237 0 0 0 0 0 0 0
10578 0 0 0 0 0 0 0
10645 0 0 0 0 0 0 0
11732 0 0 0 0 0 0 0
11546 0 0 0 0 0 0 0
11186 0 0 0 0 0 0 0
11150 0 0 0 0 0 0 0
11654 0 0 0 0 0 0 0
10067 0 0 0 0 0 0 0
9140 0 0 0 0 0 0 0
9888 0 0 0 0 0 0 0
9647 0 0 0 0 0 0 0
7110 0 0 0 0 0 0 0
7958 0 0 0 0 0 0 0
11551 0 0 0 0 0 0 0
9870 0 0 0 0 0 0 0
11647 0 0 0 0 0 0 0
11438 0 0 0 0 0 0 0
9802 0 0 0 0 0 0 0
11558 0 0 0 0 0 0 0
6927 0 0 0 0 0 0 0
7257 0 0 0 0 0 0 0
9120 0 0 0 0 0 0 0
11560 0 0 0 0 0 0 0
9166 0 0 0 0 0 0 0
9327 0 0 0 0 0 0 0
9264 0 0 0 0 0 0 0
11274 0 0 0 0 0 0 0
10844 0 0 0 0 0 0 0
12037 0 0 0 0 0 0 0
11196 0 0 0 0 0 0 0
11795 0 0 0 0 0 0 0
11319 0 0 0 0 0 0 0
11501 0 0 0 0 0 0 0
10415 0 0 0 0 0 0 0
11482 0 0 0 0 0 0 0
11622 0 0 0 0 0 0 0
9642 0 0 0 0 0 0 0
9434 0 0 0 0 0 0 0
11298 0 0 0 0 0 0 0
10516 0 0 0 0 0 0 0
11397 0 0 0 0 0 0 0
11764 0 0 0 0 0 0 0
10434 0 0 0 0 0 0 0
11610 0 0 0 0 0 0 0
11695 0 0 0 0 0 0 0
10611 0 0 0 0 0 0 0
9015 0 0 0 0 0 0 0
10225 0 0 0 0 0 0 0
7533 0 0 0 0 0 0 0
11502 0 0 0 0 0 0 0
9087 0 0 0 0 0 0 0
11328 0 0 0 0 0 0 0
9507 0 0 0 0 0 0 0
10583 0 0 0 0 0 0 0
12030 0 0 0 0 0 0 0
10679 0 0 0 0 0 0 0
11434 0 0 0 0 0 0 0
11737 0 0 0 0 0 0 0
12565 0 0 0 0 0 0 0
12070 0 0 0 0 0 0 0
12324 0 0 0 0 0 0 0
13335 0 0 0 0 0 0 0
11487 0 0 0 0 0 0 0
9488 0 0 0 0 0 0 0
9336 0 0 0 0 0 0 0
13251 0 0 0 0 0 0 0
11928 0 0 0 0 0 0 0
9807 0 0 0 0 0 0 0
10578 0 0 0 0 0 0 0
11815 0 0 0 0 0 0 0
10301 0 0 0 0 0 0 0
8679 0 0 0 0 0 0 0
10978 0 0 0 0 0 0 0
10748 0 0 0 0 0 0 0
11494 0 0 0 0 0 0 0
9507 0 0 0 0 0 0 0
8953 0 0 0 0 0 0 0
10528 0 0 0 0 0 0 0
8084 0 0 0 0 0 0 0
12088 0 0 0 0 0 0 0
11461 0 0 0 0 0 0 0
9882 0 0 0 0 0 0 0
9973 0 0 0 0 0 0 0
11387 0 0 0 0 0 0 0
10819 0 0 0 0 0 0 0
10339 0 0 0 0 0 0 0
11356 0 0 0 0 0 0 0
10188 0 0 0 0 0 0 0
8594 0 0 0 0 0 0 0
12072 0 0 0 0 0 0 0
12131 0 0 0 0 0 0 0
12491 0 0 0 0 0 0 0
9379 0 0 0 0 0 0 0
11437 0 0 0 0 0 0 0
11312 0 0 0 0 0 0 0
11312 0 0 0 0 0 0 0
10433 0 0 0 0 0 0 0
11529 0 0 0 0 0 0 0
9275 0 0 0 0 0 0 0
8603 0 0 0 0 0 0 0
11401 0 0 0 0 0 0 0
10209 0 0 0 0 0 0 0
11591 0 0 0 0 0 0 0
9898 0 0 0 0 0 0 0
11728 0 0 0 0 0 0 0
11699 0 0 0 0 0 0 0
11140 0 0 0 0 0 0 0
10136 0 0 0 0 0 0 0
11527 0 0 0 0 0 0 0
11497 0 0 0 0 0 0 0
9605 0 0 0 0 0 0 0
11259 0 0 0 0 0 0 0
11713 0 0 0 0 0 0 0
11815 0 0 0 0 0 0 0
11908 0 0 0 0 0 0 0
11732 0 0 0 0 0 0 0
12660 0 0 0 0 0 0 0
11899 0 0 0 0 0 0 0
11174 0 0 0 0 0 0 0
11219 0 0 0 0 0 0 0
9410 0 0 0 0 0 0 0
11915 0 0 0 0 0 0 0
10059 0 0 0 0 0 0 0
10093 0 0 0 0 0 0 0
10925 0 0 0 0 0 0 0
10262 0 0 0 0 0 0 0
10751 0 0 0 0 0 0 0
8695 0 0 0 0 0 0 0
11812 0 0 0 0 0 0 0
10657 0 0 0 0 0 0 0
10572 0 0 0 0 0 0 0
11756 0 0 0 0 0 0 0
8184 0 0 0 0 0 0 0
10313 0 0 0 0 0 0 0
11824 0 0 0 0 0 0 0
11640 0 0 0 0 0 0 0
10787 0 0 0 0 0 0 0
10459 0 0 0 0 0 0 0
12235 0 0 0 0 0 0 0
8905 0 0 0 0 0 0 0
10036 0 0 0 0 0 0 0
9159 0 0 0 0 0 0 0
10132 0 0 0 0 0 0 0
11028 0 0 0 0 0 0 0
11312 0 0 0 0 0 0 0
12036 0 0 0 0 0 0 0
13423 0 0 0 0 0 0 0
11453 0 0 0 0 0 0 0
11602 0 0 0 0 0 0 0
10812 0 0 0 0 0 0 0
10030 0 0 0 0 0 0 0
11981 0 0 0 0 0 0 0
10176 0 0 0 0 0 0 0
10084 0 0 0 0 0 0 0
10079 0 0 0 0 0 0 0
11943 0 0 0 0 0 0 0
9123 0 0 0 0 0 0 0
11176 0 0 0 0 0 0 0
10001 0 0 0 0 0 0 0
11611 0 0 0 0 0 0 0
9468 0 0 0 0 0 0 0
9897 0 0 0 0 0 0 0
7620 0 0 0 0 0 0 0
8574 0 0 0 0 0 0 0
8252 0 0 0 0 0 0 0
11097 0 0 0 0 0 0 0
9753 0 0 0 0 0 0 0
11259 0 0 0 0 0 0 0
11727 0 0 0 0 0 0 0
10227 0 0 0 0 0 0 0
10736 0 0 0 0 0 0 0
11668 0 0 0 0 0 0 0
11779 0 0 0 0 0 0 0
11633 0 0 0 0 0 0 0
11529 0 0 0 0 0 0 0
10435 0 0 0 0 0 0 0
11529 0 0 0 0 0 0 0
11320 0 0 0 0 0 0 0
10177 0 0 0 0 0 0 0
8038 0 0 0 0 0 0 0
9260 0 0 0 0 0 0 0
10408 0 0 0 0 0 0 0
11407 0 0 0 0 0 0 0
11452 0 0 0 0 0 0 0
9382 0 0 0 0 0 0 0
10389 0 0 0 0 0 0 0
7861 0 0 0 0 0 0 0
11714 0 0 0 0 0 0 0
10629 0 0 0 0 0 0 0
10191 0 0 0 0 0 0 0
11016 0 0 0 0 0 0 0
9356 0 0 0 0 0 0 0
11311 0 0 0 0 0 0 0
10202 0 0 0 0 0 0 0
11309 0 0 0 0 0 0 0
8888 0 0 0 0 0 0 0
9428 0 0 0 0 0 0 0
10296 0 0 0 0 0 0 0
11203 0 0 0 0 0 0 0
9650 0 0 0 0 0 0 0
11085 0 0 0 0 0 0 0
9946 0 0 0 0 0 0 0
12179 0 0 0 0 0 0 0
8092 0 0 0 0 0 0 0
12054 0 0 0 0 0 0 0
9728 0 0 0 0 0 0 0
9887 0 0 0 0 0 0 0
11400 0 0 0 0 0 0 0
8520 0 0 0 0 0 0 0
9398 0 0 0 0 0 0 0
13501 0 0 0 0 0 0 0
13272 0 0 0 0 0 0 0
13573 0 0 0 0 0 0 0
12038 0 0 0 0 0 0 0
8350 0 0 0 0 0 0 0
10191 0 0 0 0 0 0 0
12044 0 0 0 0 0 0 0
10448 0 0 0 0 0 0 0
11452 0 0 0 0 0 0 0
11202 0 0 0 0 0 0 0
11786 0 0 0 0 0 0 0
9591 0 0 0 0 0 0 0
11499 0 0 0 0 0 0 0
10956 0 0 0 0 0 0 0
10693 0 0 0 0 0 0 0
11462 0 0 0 0 0 0 0
7338 0 0 0 0 0 0 0
11916 0 0 0 0 0 0 0
11639 0 0 0 0 0 0 0
11619 0 0 0 0 0 0 0
8681 0 0 0 0 0 0 0
11809 0 0 0 0 0 0 0
9461 0 0 0 0 0 0 0
9698 0 0 0 0 0 0 0
10643 0 0 0 0 0 0 0
11760 0 0 0 0 0 0 0
12686 0 0 0 0 0 0 0
9284 0 0 0 0 0 0 0
10647 0 0 0 0 0 0 0
11065 0 0 0 0 0 0 0
11836 0 0 0 0 0 0 0
11774 0 0 0 0 0 0 0
9740 0 0 0 0 0 0 0
9144 0 0 0 0 0 0 0
11565 1 0 0 0 0 0 0
11665 0 0 0 10668.2 0 0 -996.75
11879 0 0 0 10668.2 0 0 -1210.75
10404 0 0 0 10668.2 0 0 264.25
11904 0 0 0 10668.2 0 0 -1235.75
8018 0 0 0 10668.2 0 0 2650.25
12340 0 0 0 10668.2 0 0 -1671.75
9958 0 0 0 10668.2 0 0 710.25
7965 0 0 0 10668.2 0 0 2703.25
8068 0 0 0 10668.2 0 0 2600.25
7075 0 0 0 10668.2 0 0 3593.25
8782 0 0 0 10668.2 0 0 1886.25
8890 0 0 0 10668.2 0 0 1778.25
11002 0 0 0 10668.2 0 0 -333.75
9834 0 0 0 10668.2 0 0 834.25
9882 0 0 0 10668.2 0 0 786.25
10644 0 0 0 10668.2 0 0 24.25
10524 0 0 0 10668.2 0 0 144.25
12337 0 0 0 10668.2 0 0 -1668.75
12402 0 0 0 10668.2 0 0 -1733.75
12759 0 0 0 10668.2 0 0 -2090.75
11849 0 0 0 10668.2 0 0 -1180.75
12268 0 0 0 10668.2 0 0 -1599.75
12768 0 0 0 10668.2 0 0 -2099.75
11050 0 0 0 10668.2 0 0 -381.75
13005 0 0 0 10668.2 0 0 -2336.75
11437 0 0 0 10668.2 0 0 -768.75
12654 0 0 0 10668.2 0 0 -1985.75
11781 0 0 0 10668.2 0 0 -1112.75
12917 0 0 0 10668.2 0 0 -2248.75
10832 0 0 0 10668.2 0 0 -163.75
13855 0 0 0 10668.2 0 0 -3186.75
13278 0 0 0 10668.2 0 0 -2609.75
10170 0 0 0 10668.2 0 0 498.25
11262 0 0 0 10668.2 0 0 -593.75
11073 0 0 0 10668.2 0 0 -404.75
8788 0 0 0 10668.2 0 0 1880.25
12582 0 0 0 10668.2 0 0 -1913.75
10548 0 0 0 10668.2 0 0 120.25
10366 0 0 0 10668.2 0 0 302.25
12127 0 0 0 10668.2 0 0 -1458.75
12280 0 0 0 10668.2 0 0 -1611.75
12103 0 0 0 10668.2 0 0 -1434.75
10916 0 0 0 10668.2 0 0 -247.75
10378 0 0 0 10668.2 0 0 290.25
10361 0 2 0 10668.2 2 0 307.25
10445 0 3 0 10668.2 3 0 223.25
11844 0 3 0 10668.2 3 0 -1175.75
12880 0 2 0 10668.2 2 0 -2211.75
12580 0 3 0 10668.2 3 0 -1911.75
12077 0 3 0 10668.2 3 0 -1408.75
12677 0 3 0 10668.2 3 0 -2008.75
12697 0 3 0 10668.2 3 0 -2028.75
10687 0 2 0 10668.2 2 0 -18.75
11277 0 3 0 10668.2 3 0 -608.75
13001 0 3 0 10668.2 3 0 -2332.75
10290 0 2 0 10668.2 2 0 378.25
12241 0 3 0 10668.2 3 0 -1572.75
12761 0 3 0 10668.2 3 0 -2092.75
11809 0 3 0 10668.2 3 0 -1140.75
11156 0 2 0 10668.2 2 0 -487.75
11144 0 3 0 10668.2 3 0 -475.75
9615 0 3 0 10668.2 3 0 1053.25
11280 0 2 0 10668.2 2 0 -611.75
11448 0 3 0 10668.2 3 0 -779.75
10790 0 3 0 10668.2 3 0 -121.75
12529 0 3 0 10668.2 3 0 -1860.75
10417 0 3 0 10668.2 3 0 251.25
10451 0 4 0 10668.2 4 0 217.25
10783 0 3 0 10668.2 3 0 -114.75
10311 0 4 0 10668.2 4 0 357.25
9749 0 3 0 10668.2 3 0 919.25
13037 0 3 0 10668.2 3 0 -2368.75
13114 0 3 0 10668.2 3 0 -2445.75
10929 0 3 0 10668.2 3 0 -260.75
13440 0 4 0 10668.2 4 0 -2771.75
10088 0 3 0 10668.2 3 0 580.25
9514 0 3 0 10668.2 3 0 1154.25
11812 0 3 0 10668.2 3 0 -1143.75
9745 0 2 0 10668.2 2 0 923.25
12643 0 3 0 10668.2 3 0 -1974.75
11059 0 3 0 10668.2 3 0 -390.75
9694 0 3 0 10668.2 3 0 974.25
9254 0 3 0 10668.2 3 0 1414.25
11592 0 3 0 10668.2 3 0 -923.75
12007 0 3 0 10668.2 3 0 -1338.75
12477 0 3 0 10668.2 3 0 -1808.75
12682 0 2 0 10668.2 2 0 -2013.75
9008 0 3 0 10668.2 3 0 1660.25
9293 0 3 0 10668.2 3 0 1375.25
9492 0 3 0 10668.2 3 0 1176.25
12842 0 3 0 10668.2 3 0 -2173.75
11601 0 3 0 10668.2 3 0 -932.75
10215 0 3 0 10668.2 3 0 453.25
11782 0 3 0 10668.2 3 0 -1113.75
11045 0 3 0 10668.2 3 0 -376.75
13136 0 3 0 10668.2 3 0 -2467.75
11334 0 3 0 10668.2 3 0 -665.75
12421 0 3 0 10668.2 3 0 -1752.75
12318 0 3 0 10668.2 3 0 -1649.75
10822 0 2 0 10668.2 2 0 -153.75
10828 0 4 0 10668.2 4 0 -159.75
12452 0 2 0 10668.2 2 0 -1783.75
12762 0 3 0 10668.2 3 0 -2093.75
12309 0 3 0 10668.2 3 0 -1640.75
11756 0 4 0 10668.2 4 0 -1087.75
12607 0 3 0 10668.2 3 0 -1938.75
12159 0 3 0 10668.2 3 0 -1490.75
12449 0 3 0 10668.2 3 0 -1780.75
8998 0 2 0 10668.2 2 0 1670.25
11549 0 3 0 10668.2 3 0 -880.75
12677 0 4 0 10668.2 4 0 -2008.75
10288 0 3 0 10668.2 3 0 380.25
12769 0 3 0 10668.2 3 0 -2100.75
9887 0 3 0 10668.2 3 0 781.25
12709 0 3 0 10668.2 3 0 -2040.75
12654 0 3 0 10668.2 3 0 -1985.75
12317 0 3 0 10668.2 3 0 -1648.75
12250 0 3 0 10668.2 3 0 -1581.75
10150 0 3 0 10668.2 3 0 518.25
12086 0 3 0 10668.2 3 0 -1417.75
8527 0 2 0 10668.2 2 0 2141.25
11446 0 3 0 10668.2 3 0 -777.75
9758 0 3 0 10668.2 3 0 910.25
13047 0 3 0 10668.2 3 0 -2378.75
11511 0 3 0 10668.2 3 0 -842.75
12257 0 3 0 10668.2 3 0 -1588.75
11851 0 4 0 10668.2 4 0 -1182.75
8352 0 3 0 10668.2 3 0 2316.25
12643 0 2 0 10668.2 2 0 -1974.75
12821 0 4 0 10668.2 4 0 -2152.75
10036 0 3 0 10668.2 3 0 632.25
12743 0 3 0 10668.2 3 0 -2074.75
9676 0 3 0 10668.2 3 0 992.25
12630 0 3 0 10668.2 3 0 -1961.75
12651 0 3 0 10668.2 3 0 -1982.75
12876 0 3 0 10668.2 3 0 -2207.75
12149 0 3 0 10668.2 3 0 -1480.75
11561 0 4 0 10668.2 4 0 -892.75
13111 0 3 0 10668.2 3 0 -2442.75
12520 0 3 0 10668.2 3 0 -1851.75
12458 0 3 0 10668.2 3 0 -1789.75
13319 0 3 0 10668.2 3 0 -2650.75
9513 0 3 0 10668.2 3 0 1155.25
12426 0 3 0 10668.2 3 0 -1757.75
10222 0 3 0 10668.2 3 0 446.25
12686 0 3 0 10668.2 3 0 -2017.75
9198 0 3 0 10668.2 3 0 1470.25
9427 0 3 0 10668.2 3 0 1241.25
10104 0 3 0 10668.2 3 0 564.25
9821 0 3 0 10668.2 3 0 847.25
9308 0 3 0 10668.2 3 0 1360.25
9869 0 4 0 10668.2 4 0 799.25
8362 0 2 0 10668.2 2 0 2306.25
12563 0 3 0 10668.2 3 0 -1894.75
12699 0 3 0 10668.2 3 0 -2030.75
9988 0 3 0 10668.2 3 0 680.25
12670 0 4 0 10668.2 4 0 -2001.75
10038 0 3 0 10668.2 3 0 630.25
12604 0 3 0 10668.2 3 0 -1935.75
11652 0 3 0 10668.2 3 0 -983.75
10963 0 3 0 10668.2 3 0 -294.75
12471 0 2 0 10668.2 2 0 -1802.75
12114 0 4 0 10668.2 4 0 -1445.75
12673 0 3 0 10668.2 3 0 -2004.75
13063 0 3 0 10668.2 3 0 -2394.75
13028 0 3 0 10668.2 3 0 -2359.75
10429 0 3 0 10668.2 3 0 239.25
10636 0 3 0 10668.2 3 0 32.25
10005 0 3 0 10668.2 3 0 663.25
11729 0 4 0 10668.2 4 0 -1060.75
13279 0 3 0 10668.2 3 0 -2610.75
10683 0 3 0 10668.2 3 0 -14.75
12489 0 3 0 10668.2 3 0 -1820.75
13396 0 3 0 10668.2 3 0 -2727.75
10600 0 3 0 10668.2 3 0 68.25
12752 0 3 0 10668.2 3 0 -2083.75
12873 0 4 0 10668.2 4 0 -2204.75
8690 0 2 0 10668.2 2 0 1978.25
12628 0 3 0 10668.2 3 0 -1959.75
12311 0 4 0 10668.2 4 0 -1642.75
12909 0 2 0 10668.2 2 0 -2240.75
10326 0 3 0 10668.2 3 0 342.25
7426 0 3 0 10668.2 3 0 3242.25
13111 0 3 0 10668.2 3 0 -2442.75
12902 0 2 0 10668.2 2 0 -2233.75
12706 0 3 0 10668.2 3 0 -2037.75
12617 0 3 0 10668.2 3 0 -1948.75
10480 0 3 0 10668.2 3 0 188.25
10144 0 2 0 10668.2 2 0 524.25
12144 0 3 0 10668.2 3 0 -1475.75
8496 0 3 0 10668.2 3 0 2172.25
12349 0 3 0 10668.2 3 0 -1680.75
12483 0 3 0 10668.2 3 0 -1814.75
13211 0 3 0 10668.2 3 0 -2542.75
12512 0 3 0 10668.2 3 0 -1843.75
9947 0 3 0 10668.2 3 0 721.25
12231 0 3 0 10668.2 3 0 -1562.75
12584 0 3 0 10668.2 3 0 -1915.75
12536 0 3 0 10668.2 3 0 -1867.75
12172 0 3 0 10668.2 3 0 -1503.75
12712 0 3 0 10668.2 3 0 -2043.75
11617 0 3 0 10668.2 3 0 -948.75
12689 0 3 0 10668.2 3 0 -2020.75
12146 0 3 0 10668.2 3 0 -1477.75
12331 0 3 0 10668.2 3 0 -1662.75
12363 0 3 0 10668.2 3 0 -1694.75
12347 0 3 0 10668.2 3 0 -1678.75
12390 0 3 0 10668.2 3 0 -1721.75
9816 0 3 0 10668.2 3 0 852.25
12815 0 3 0 10668.2 3 0 -2146.75
10975 0 3 0 10668.2 3 0 -306.75
11465 0 3 0 10668.2 3 0 -796.75
12574 0 3 0 10668.2 3 0 -1905.75
9169 0 4 0 10668.2 4 0 1499.25
12404 0 3 0 10668.2 3 0 -1735.75
12936 0 4 0 10668.2 4 0 -2267.75
9187 0 3 0 10668.2 3 0 1481.25
10145 0 3 0 10668.2 3 0 523.25
12240 0 4 0 10668.2 4 0 -1571.75
12669 0 3 0 10668.2 3 0 -2000.75
12597 0 4 0 10668.2 4 0 -1928.75
10172 0 3 0 10668.2 3 0 496.25
12674 0 3 0 10668.2 3 0 -2005.75
12621 0 4 0 10668.2 4 0 -1952.75
11414 0 2 0 10668.2 2 0 -745.75
11437 0 0 0 10668.2 0 0 -768.75
11237 0 4 0 10668.2 4 0 -568.75
12291 0 3 0 10668.2 3 0 -1622.75
12031 0 3 0 10668.2 3 0 -1362.75
11257 0 4 0 10668.2 4 0 -588.75
10909 0 5 0 10668.2 5 0 -240.75
11025 0 4 0 10668.2 4 0 -356.75
12407 0 3 0 10668.2 3 0 -1738.75
12731 0 3 0 10668.2 3 0 -2062.75
12552 0 3 0 10668.2 3 0 -1883.75
12109 0 3 0 10668.2 3 0 -1440.75
11040 0 3 0 10668.2 3 0 -371.75
12646 0 4 0 10668.2 4 0 -1977.75
12421 0 3 0 10668.2 3 0 -1752.75
12553 0 3 0 10668.2 3 0 -1884.75
12117 0 4 0 10668.2 4 0 -1448.75
11371 0 3 0 10668.2 3 0 -702.75
12177 0 3 0 10668.2 3 0 -1508.75
12939 0 3 0 10668.2 3 0 -2270.75
12589 0 3 0 10668.2 3 0 -1920.75
12604 0 3 0 10668.2 3 0 -1935.75
12327 0 3 0 10668.2 3 0 -1658.75
12322 0 3 0 10668.2 3 0 -1653.75
9353 0 3 0 10668.2 3 0 1315.25
10147 0 3 0 10668.2 3 0 521.25
12314 0 3 0 10668.2 3 0 -1645.75
11990 0 3 0 10668.2 3 0 -1321.75
11736 0 3 0 10668.2 3 0 -1067.75
11979 0 3 0 10668.2 3 1 -1310.75
12244 0 4 0 10668.2 4 0 -1575.75
10331 0 2 0 10668.2 2 0 337.25
11529 0 4 0 10668.2 4 0 -860.75
12882 0 3 0 10668.2 3 0 -2213.75
11832 0 3 0 10668.2 3 0 -1163.75
12109 0 3 0 10668.2 3 0 -1440.75
10890 0 3 0 10668.2 3 0 -221.75
12701 0 3 0 10668.2 3 0 -2032.75
10285 0 3 0 10668.2 3 0 383.25
8277 0 3 0 10668.2 3 0 2391.25
12326 0 3 0 10668.2 3 0 -1657.75
12151 0 3 0 10668.2 3 0 -1482.75
10167 0 3 0 10668.2 3 0 501.25
11860 0 3 0 10668.2 3 0 -1191.75
12165 0 3 0 10668.2 3 0 -1496.75
12204 0 3 0 10668.2 3 0 -1535.75
7414 0 3 0 10668.2 3 0 3254.25
0 0 3 0 10668.2 3 1 10668.2
3581 0 3 0 10668.2 3 1 7087.25
10750 0 4 0 10668.2 4 0 -81.75
11815 0 4 0 10668.2 4 0 -1146.75
10172 0 3 0 10668.2 3 0 496.25
10096 0 4 0 10668.2 4 0 572.25
12035 0 3 0 10668.2 3 0 -1366.75
12786 0 4 0 10668.2 4 0 -2117.75
12803 0 5 0 10668.2 5 0 -2134.75
11173 0 5 0 10668.2 5 0 -504.75
12366 0 4 0 10668.2 4 0 -1697.75
11459 0 4 0 10668.2 4 0 -790.75
12933 0 4 0 10668.2 4 0 -2264.75
11776 0 4 0 10668.2 4 0 -1107.75
10537 0 4 0 10668.2 4 0 131.25
12455 0 2 0 10668.2 2 0 -1786.75
12173 0 4 0 10668.2 4 0 -1504.75
12536 0 4 0 10668.2 4 0 -1867.75
10006 0 4 0 10668.2 4 0 662.25
12794 0 3 0 10668.2 3 0 -2125.75
11953 0 5 0 10668.2 5 0 -1284.75
11812 0 4 0 10668.2 4 0 -1143.75
9734 0 4 0 10668.2 4 0 934.25
12647 0 5 0 10668.2 5 0 -1978.75
10333 0 5 0 10668.2 5 0 335.25
9270 0 4 0 10668.2 4 0 1398.25
11499 0 4 0 10668.2 4 0 -830.75
13102 0 5 0 10668.2 5 0 -2433.75
12778 0 5 0 10668.2 5 0 -2109.75
12545 0 4 0 10668.2 4 0 -1876.75
11246 0 5 0 10668.2 5 0 -577.75
11289 0 4 0 10668.2 4 0 -620.75
12460 0 5 0 10668.2 5 0 -1791.75
12447 0 5 0 10668.2 5 0 -1778.75
11456 0 5 0 10668.2 5 0 -787.75
13188 0 5 0 10668.2 5 0 -2519.75
9762 0 4 0 10668.2 4 0 906.25
11966 0 6 0 10668.2 6 0 -1297.75
9884 0 5 0 10668.2 5 0 784.25
12473 0 5 0 10668.2 5 0 -1804.75
12763 0 4 0 10668.2 4 0 -2094.75
12486 0 5 0 10668.2 5 0 -1817.75
11337 0 5 0 10668.2 5 0 -668.75
11681 0 3 0 10668.2 3 0 -1012.75
11984 0 6 0 10668.2 6 0 -1315.75
12717 0 4 0 10668.2 4 0 -2048.75
12596 0 6 0 10668.2 6 0 -1927.75
12636 0 5 0 10668.2 5 0 -1967.75
12185 0 5 0 10668.2 5 0 -1516.75
11157 0 5 0 10668.2 5 0 -488.75
11739 0 6 0 10668.2 6 0 -1070.75
12303 0 5 0 10668.2 5 0 -1634.75
12092 0 5 0 10668.2 5 0 -1423.75
11909 0 5 0 10668.2 5 0 -1240.75
13392 0 5 0 10668.2 5 0 -2723.75
13027 0 4 0 10668.2 4 0 -2358.75
12357 0 5 0 10668.2 5 0 -1688.75
11862 0 5 0 10668.2 5 0 -1193.75
12289 0 5 0 10668.2 5 0 -1620.75
12325 0 5 0 10668.2 5 0 -1656.75
12139 0 5 0 10668.2 5 0 -1470.75
10530 0 5 0 10668.2 5 0 138.25
12619 0 4 0 10668.2 4 0 -1950.75
11939 0 5 0 10668.2 5 0 -1270.75
12504 0 5 0 10668.2 5 0 -1835.75
12362 0 5 0 10668.2 5 0 -1693.75
12474 0 5 0 10668.2 5 0 -1805.75
12459 0 4 0 10668.2 4 0 -1790.75
12268 0 4 0 10668.2 4 0 -1599.75
12564 0 5 0 10668.2 5 0 -1895.75
12529 0 5 0 10668.2 5 0 -1860.75
12534 0 5 0 10668.2 5 0 -1865.75
12841 0 6 0 10668.2 6 0 -2172.75
12654 0 5 0 10668.2 5 0 -1985.75
12440 0 5 0 10668.2 5 0 -1771.75
12786 0 4 0 10668.2 4 0 -2117.75
12793 0 5 0 10668.2 5 0 -2124.75
13087 0 5 0 10668.2 5 0 -2418.75
12506 0 5 0 10668.2 5 0 -1837.75
13054 0 5 0 10668.2 5 0 -2385.75
12939 0 5 0 10668.2 5 0 -2270.75
12552 0 6 0 10668.2 6 0 -1883.75
12579 0 5 0 10668.2 5 0 -1910.75
12166 0 5 0 10668.2 5 0 -1497.75
12883 0 5 0 10668.2 5 0 -2214.75
12782 0 5 0 10668.2 5 0 -2113.75
13153 0 4 0 10668.2 4 0 -2484.75
13209 0 5 0 10668.2 5 0 -2540.75
12612 0 5 0 10668.2 5 0 -1943.75
12758 0 5 0 10668.2 5 0 -2089.75
12147 0 4 0 10668.2 4 0 -1478.75
12158 0 6 0 10668.2 6 0 -1489.75
11986 0 5 0 10668.2 5 0 -1317.75
12441 0 5 0 10668.2 5 0 -1772.75
12218 0 5 0 10668.2 5 0 -1549.75
12063 0 5 0 10668.2 5 0 -1394.75
12577 0 5 0 10668.2 5 0 -1908.75
12819 0 5 0 10668.2 5 0 -2150.75
11428 0 6 0 10668.2 6 0 -759.75
12066 0 5 0 10668.2 5 0 -1397.75
12390 0 6 0 10668.2 6 0 -1721.75
12328 0 5 0 10668.2 5 0 -1659.75
12707 0 5 0 10668.2 5 0 -2038.75
13129 0 5 0 10668.2 5 0 -2460.75
12371 0 5 0 10668.2 5 0 -1702.75
12868 0 5 0 10668.2 5 0 -2199.75
12843 0 5 0 10668.2 5 0 -2174.75
13327 0 5 0 10668.2 5 0 -2658.75
12319 0 5 0 10668.2 5 0 -1650.75
12777 0 5 0 10668.2 5 0 -2108.75
12870 0 5 0 10668.2 5 0 -2201.75
12894 0 5 0 10668.2 5 0 -2225.75
9874 0 4 0 10668.2 4 0 794.25
11961 0 4 0 10668.2 4 0 -1292.75
12646 0 5 0 10668.2 5 0 -1977.75
12232 0 5 0 10668.2 5 0 -1563.75
12628 0 5 0 10668.2 5 0 -1959.75
12705 0 5 0 10668.2 5 0 -2036.75
12177 0 5 0 10668.2 5 0 -1508.75
12775 0 6 0 10668.2 6 0 -2106.75
12162 0 5 0 10668.2 5 0 -1493.75
12677 0 5 0 10668.2 5 0 -2008.75
12182 0 5 0 10668.2 5 0 -1513.75
13187 0 5 0 10668.2 5 0 -2518.75
12807 0 5 0 10668.2 5 0 -2138.75
10400 0 5 0 10668.2 5 0 268.25
12354 0 5 0 10668.2 5 0 -1685.75
12427 0 5 0 10668.2 5 0 -1758.75
13229 0 5 0 10668.2 5 0 -2560.75
13287 0 5 0 10668.2 5 0 -2618.75
12727 0 5 0 10668.2 5 0 -2058.75
12889 0 5 0 10668.2 5 0 -2220.75
13264 0 5 0 10668.2 5 0 -2595.75
12605 0 5 0 10668.2 5 0 -1936.75
12740 0 5 0 10668.2 5 0 -2071.75
12482 0 5 0 10668.2 5 0 -1813.75
12181 0 4 0 10668.2 4 0 -1512.75
12191 0 5 0 10668.2 5 0 -1522.75
12475 0 7 0 10668.2 7 0 -1806.75
12529 0 6 0 10668.2 6 0 -1860.75
12391 0 6 0 10668.2 6 0 -1722.75
12627 0 6 0 10668.2 6 0 -1958.75
12701 0 6 0 10668.2 6 0 -2032.75
12707 0 5 0 10668.2 5 0 -2038.75
12603 0 6 0 10668.2 6 0 -1934.75
13143 0 6 0 10668.2 6 0 -2474.75
12704 0 5 0 10668.2 5 0 -2035.75
12554 0 6 0 10668.2 6 0 -1885.75
5879 0 5 0 10668.2 5 0 4789.25
0 0 6 0 10668.2 6 0 10668.2
7865 0 5 0 10668.2 5 1 2803.25
12749 0 5 0 10668.2 5 0 -2080.75
12802 0 3 0 10668.2 3 0 -2133.75
12679 0 3 0 10668.2 3 0 -2010.75
12499 0 3 0 10668.2 3 0 -1830.75
12580 0 3 0 10668.2 3 0 -1911.75
12104 0 3 0 10668.2 3 0 -1435.75
12466 0 3 0 10668.2 3 0 -1797.75
12020 0 3 0 10668.2 3 0 -1351.75
12306 0 4 0 10668.2 4 0 -1637.75
12257 0 3 0 10668.2 3 0 -1588.75
12434 0 3 0 10668.2 3 0 -1765.75
12190 0 4 0 10668.2 4 0 -1521.75
12677 0 3 0 10668.2 3 0 -2008.75
9964 0 3 0 10668.2 3 0 704.25
12750 0 3 0 10668.2 3 0 -2081.75
10023 0 3 0 10668.2 3 0 645.25
11397 0 4 0 10668.2 4 0 -728.75
8820 0 3 0 10668.2 3 0 1848.25
12046 0 3 0 10668.2 3 0 -1377.75
11221 0 3 0 10668.2 3 0 -552.75
10244 0 3 0 10668.2 3 0 424.25
9879 0 3 0 10668.2 3 0 789.25
12663 0 3 0 10668.2 3 0 -1994.75
12524 0 4 0 10668.2 4 0 -1855.75
13004 0 3 0 10668.2 3 0 -2335.75
13040 0 3 0 10668.2 3 0 -2371.75
13192 0 3 0 10668.2 3 0 -2523.75
13203 0 4 0 10668.2 4 0 -2534.75
10164 0 2 0 10668.2 2 0 504.25
12447 0 3 0 10668.2 3 0 -1778.75
12257 0 4 0 10668.2 4 0 -1588.75
12675 0 3 0 10668.2 3 0 -2006.75
12871 0 3 0 10668.2 3 0 -2202.75
12602 0 3 0 10668.2 3 0 -1933.75
12643 0 4 0 10668.2 4 0 -1974.75
11984 0 5 0 10668.2 5 0 -1315.75
9994 0 5 0 10668.2 5 0 674.25
8334 0 5 0 10668.2 5 0 2334.25
12042 0 5 0 10668.2 5 0 -1373.75
12923 0 6 0 10668.2 6 0 -2254.75
12104 0 5 0 10668.2 5 0 -1435.75
12164 0 5 0 10668.2 5 0 -1495.75
12767 0 5 0 10668.2 5 0 -2098.75
12328 0 5 0 10668.2 5 0 -1659.75
12942 0 5 0 10668.2 5 0 -2273.75
13046 0 5 0 10668.2 5 0 -2377.75
13107 0 6 0 10668.2 6 0 -2438.75
10148 0 5 0 10668.2 5 0 520.25
12251 0 5 0 10668.2 5 0 -1582.75
12699 0 6 0 10668.2 6 0 -2030.75
11761 0 4 0 10668.2 4 0 -1092.75
11098 0 5 0 10668.2 5 0 -429.75
12569 0 4 0 10668.2 4 0 -1900.75
7850 0 5 0 10668.2 5 0 2818.25
12107 0 5 0 10668.2 5 0 -1438.75
10250 0 4 0 10668.2 4 0 418.25
12651 0 5 0 10668.2 5 0 -1982.75
11822 0 5 0 10668.2 5 0 -1153.75
10711 0 5 0 10668.2 5 0 -42.75
11197 0 6 0 10668.2 6 0 -528.75
12409 0 6 0 10668.2 6 0 -1740.75
12421 0 5 0 10668.2 5 0 -1752.75
10789 0 5 0 10668.2 5 0 -120.75
12375 0 5 0 10668.2 5 0 -1706.75
12363 0 5 0 10668.2 5 0 -1694.75
3774 0 3 0 10668.2 3 0 6894.25
8958 0 3 0 10668.2 3 1 1710.25
10298 0 3 0 10668.2 3 0 370.25
10241 0 2 0 10668.2 2 0 427.25
9716 0 4 0 10668.2 4 0 952.25
12571 0 3 0 10668.2 3 0 -1902.75
12788 0 3 0 10668.2 3 0 -2119.75
8215 0 3 0 10668.2 3 0 2453.25
10900 0 3 0 10668.2 3 0 -231.75
10048 0 3 0 10668.2 3 0 620.25
11718 0 3 0 10668.2 3 0 -1049.75
11989 0 3 0 10668.2 3 0 -1320.75
12467 0 3 0 10668.2 3 0 -1798.75
12482 0 4 0 10668.2 4 0 -1813.75
9777 0 3 0 10668.2 3 0 891.25
9967 0 3 0 10668.2 3 0 701.25
11817 0 3 0 10668.2 3 0 -1148.75
9720 0 3 0 10668.2 3 0 948.25
12374 0 3 0 10668.2 3 0 -1705.75
12283 0 3 0 10668.2 3 0 -1614.75
10025 0 3 0 10668.2 3 0 643.25
11062 0 4 0 10668.2 4 0 -393.75
11435 0 3 0 10668.2 3 0 -766.75
11766 0 3 0 10668.2 3 0 -1097.75
11658 0 3 0 10668.2 3 0 -989.75
12324 0 3 0 10668.2 3 0 -1655.75
10646 0 3 0 10668.2 3 0 22.25
9954 0 2 0 10668.2 2 0 714.25
11726 0 4 0 10668.2 4 0 -1057.75
12679 0 3 0 10668.2 3 0 -2010.75
12023 0 4 0 10668.2 4 0 -1354.75
12732 0 2 0 10668.2 2 0 -2063.75
10535 0 3 0 10668.2 3 0 133.25
12552 0 3 0 10668.2 3 0 -1883.75
11325 0 3 0 10668.2 3 0 -656.75
12710 0 3 0 10668.2 3 0 -2041.75
13063 0 4 0 10668.2 4 0 -2394.75
12860 0 3 0 10668.2 3 0 -2191.75
12760 0 3 0 10668.2 3 0 -2091.75
13410 0 3 0 10668.2 3 0 -2741.75
12952 0 3 0 10668.2 3 0 -2283.75
10244 0 3 0 10668.2 3 0 424.25
12887 0 4 0 10668.2 4 0 -2218.75
12139 0 3 0 10668.2 3 0 -1470.75
12827 0 3 0 10668.2 3 0 -2158.75
12887 0 3 0 10668.2 3 0 -2218.75
12654 0 3 0 10668.2 3 0 -1985.75
12552 0 4 0 10668.2 4 0 -1883.75
12831 0 2 0 10668.2 2 0 -2162.75
12502 0 4 0 10668.2 4 0 -1833.75
12781 0 3 0 10668.2 3 0 -2112.75
12375 0 3 0 10668.2 3 0 -1706.75
12920 0 3 0 10668.2 3 0 -2251.75
12000 0 4 0 10668.2 4 0 -1331.75
11143 0 3 0 10668.2 3 0 -474.75
12378 0 3 0 10668.2 3 0 -1709.75
9643 0 3 0 10668.2 3 0 1025.25
12624 0 3 0 10668.2 3 0 -1955.75
10098 0 2 0 10668.2 2 0 570.25
11916 0 4 0 10668.2 4 0 -1247.75
12556 0 3 0 10668.2 3 0 -1887.75
12608 0 3 0 10668.2 3 0 -1939.75
9928 0 3 0 10668.2 3 0 740.25
12821 0 3 0 10668.2 3 0 -2152.75
12874 0 3 0 10668.2 3 0 -2205.75
9726 0 3 0 10668.2 3 0 942.25
9204 0 3 0 10668.2 3 0 1464.25
12509 0 3 0 10668.2 3 0 -1840.75
9787 0 4 0 10668.2 4 0 881.25
10443 0 2 0 10668.2 2 0 225.25
12699 0 4 0 10668.2 4 0 -2030.75
9141 0 3 0 10668.2 3 0 1527.25
9962 0 3 0 10668.2 3 0 706.25
12118 0 3 0 10668.2 3 0 -1449.75
12470 0 3 0 10668.2 3 0 -1801.75
12376 0 3 0 10668.2 3 0 -1707.75
12837 0 3 0 10668.2 3 0 -2168.75
11850 0 4 0 10668.2 4 0 -1181.75
12836 0 3 0 10668.2 3 0 -2167.75
12946 0 2 0 10668.2 2 0 -2277.75
12252 0 3 0 10668.2 3 0 -1583.75
12753 0 4 0 10668.2 4 0 -2084.75
12218 0 3 0 10668.2 3 0 -1549.75
12681 0 3 0 10668.2 3 0 -2012.75
8178 0 3 0 10668.2 3 0 2490.25
12621 0 4 0 10668.2 4 0 -1952.75
12436 0 3 0 10668.2 3 0 -1767.75
10637 0 3 0 10668.2 3 0 31.25
9677 0 3 0 10668.2 3 0 991.25
9240 0 3 0 10668.2 3 0 1428.25
12744 0 3 0 10668.2 3 0 -2075.75
11607 0 3 0 10668.2 3 0 -938.75
12338 0 4 0 10668.2 4 0 -1669.75
12488 0 3 0 10668.2 3 0 -1819.75
10734 0 3 0 10668.2 3 0 -65.75
12078 0 3 0 10668.2 3 0 -1409.75
9475 0 3 0 10668.2 3 0 1193.25
12017 0 3 0 10668.2 3 0 -1348.75
11509 0 3 0 10668.2 3 0 -840.75
12565 0 3 0 10668.2 3 0 -1896.75
12739 0 3 0 10668.2 3 0 -2070.75
9946 0 3 0 10668.2 3 0 722.25
12482 0 3 0 10668.2 3 0 -1813.75
10384 0 4 0 10668.2 4 0 284.25
12603 0 3 0 10668.2 3 0 -1934.75
9250 0 2 0 10668.2 2 0 1418.25
10109 0 3 0 10668.2 3 0 559.25
12426 0 3 0 10668.2 3 0 -1757.75
11759 0 3 0 10668.2 3 0 -1090.75
12710 0 3 0 10668.2 3 0 -2041.75
9870 0 4 0 10668.2 4 0 798.25
12089 0 3 0 10668.2 3 0 -1420.75
12856 0 3 0 10668.2 3 0 -2187.75
11902 0 3 0 10668.2 3 0 -1233.75
12189 0 3 0 10668.2 3 0 -1520.75
12757 0 3 0 10668.2 3 0 -2088.75
13031 0 3 0 10668.2 3 0 -2362.75
10192 0 4 0 10668.2 4 0 476.25
12864 0 3 0 10668.2 3 0 -2195.75
12666 0 3 0 10668.2 3 0 -1997.75
9526 0 3 0 10668.2 3 0 1142.25
13059 0 3 0 10668.2 3 0 -2390.75
12770 0 4 0 10668.2 4 0 -2101.75
12433 0 3 0 10668.2 3 0 -1764.75
12326 0 4 0 10668.2 4 0 -1657.75
12893 0 3 0 10668.2 3 0 -2224.75
10493 0 3 0 10668.2 3 0 175.25
11505 0 4 0 10668.2 4 0 -836.75
12282 0 3 0 10668.2 3 0 -1613.75
12656 0 4 0 10668.2 4 0 -1987.75
12728 0 3 0 10668.2 3 0 -2059.75
13023 0 3 0 10668.2 3 0 -2354.75
12187 0 3 0 10668.2 3 0 -1518.75
11344 0 3 0 10668.2 3 0 -675.75
13116 0 4 0 10668.2 4 0 -2447.75
12693 0 3 0 10668.2 3 0 -2024.75
12385 0 3 0 10668.2 3 0 -1716.75
11080 0 3 0 10668.2 3 0 -411.75
12613 0 3 0 10668.2 3 0 -1944.75
12729 0 3 0 10668.2 3 0 -2060.75
12646 0 3 0 10668.2 3 0 -1977.75
12160 0 3 0 10668.2 3 0 -1491.75
12416 0 3 0 10668.2 3 0 -1747.75
12485 0 3 0 10668.2 3 0 -1816.75
12531 0 3 0 10668.2 3 0 -1862.75
9796 0 2 0 10668.2 2 0 872.25
12512 0 3 0 10668.2 3 0 -1843.75
12409 0 4 0 10668.2 4 0 -1740.75
10780 0 3 0 10668.2 3 0 -111.75
7911 0 3 0 10668.2 3 0 2757.25
12182 0 3 0 10668.2 3 0 -1513.75
10154 0 3 0 10668.2 3 0 514.25
12115 0 3 0 10668.2 3 0 -1446.75
12487 0 3 0 10668.2 3 0 -1818.75
10323 0 3 0 10668.2 3 0 345.25
12662 0 2 0 10668.2 2 0 -1993.75
10279 0 3 0 10668.2 3 0 389.25
10140 0 3 0 10668.2 3 0 528.25
12297 0 3 0 10668.2 3 0 -1628.75
11507 0 4 0 10668.2 4 0 -838.75
11423 0 3 0 10668.2 3 0 -754.75
9875 0 3 0 10668.2 3 0 793.25
8910 0 3 0 10668.2 3 0 1758.25
9982 0 3 0 10668.2 3 0 686.25
11764 0 3 0 10668.2 3 0 -1095.75
12197 0 4 0 10668.2 4 0 -1528.75
12585 0 3 0 10668.2 3 0 -1916.75
12277 0 3 0 10668.2 3 0 -1608.75
12247 0 4 0 10668.2 4 0 -1578.75
12360 0 3 0 10668.2 3 0 -1691.75
10476 0 3 0 10668.2 3 0 192.25
10234 0 3 0 10668.2 3 0 434.25
11675 0 3 0 10668.2 3 0 -1006.75
12042 0 3 0 10668.2 3 0 -1373.75
10727 0 3 0 10668.2 3 0 -58.75
12570 0 4 0 10668.2 4 0 -1901.75
12509 0 3 0 10668.2 3 0 -1840.75
12390 0 3 0 10668.2 3 0 -1721.75
12807 0 3 0 10668.2 3 0 -2138.75
12753 0 3 0 10668.2 3 0 -2084.75
10386 0 3 0 10668.2 3 0 282.25
12376 0 4 0 10668.2 4 0 -1707.75
12076 0 3 0 10668.2 3 0 -1407.75
10617 0 3 0 10668.2 3 0 51.25
11043 0 3 0 10668.2 3 0 -374.75
11190 0 3 0 10668.2 3 0 -521.75
12802 0 3 0 10668.2 3 0 -2133.75
12261 0 3 0 10668.2 3 0 -1592.75
12054 0 3 0 10668.2 3 0 -1385.75
11863 0 3 0 10668.2 3 0 -1194.75
12598 0 4 0 10668.2 4 0 -1929.75
10044 0 2 0 10668.2 2 0 624.25
12864 0 3 0 10668.2 3 0 -2195.75
11285 0 3 0 10668.2 3 0 -616.75
11746 0 3 0 10668.2 3 0 -1077.75
12809 0 3 0 10668.2 3 0 -2140.75
9825 0 3 0 10668.2 3 0 843.25
12882 0 4 0 10668.2 4 0 -2213.75
13041 0 2 0 10668.2 2 0 -2372.75
13017 0 3 0 10668.2 3 0 -2348.75
12997 0 4 0 10668.2 4 0 -2328.75
12352 0 3 0 10668.2 3 0 -1683.75
11731 0 3 0 10668.2 3 0 -1062.75
12217 0 4 0 10668.2 4 0 -1548.75
12138 0 3 0 10668.2 3 0 -1469.75
12188 0 3 0 10668.2 3 0 -1519.75
12394 0 4 0 10668.2 4 0 -1725.75
9888 0 3 0 10668.2 3 0 780.25
12420 0 3 0 10668.2 3 0 -1751.75
12214 0 3 0 10668.2 3 0 -1545.75
12385 0 3 0 10668.2 3 0 -1716.75
8831 0 4 0 10668.2 4 0 1837.25
11978 0 3 0 10668.2 3 0 -1309.75
11490 0 3 0 10668.2 3 0 -821.75
10335 0 3 0 10668.2 3 0 333.25
12645 0 3 0 10668.2 3 0 -1976.75
12512 0 4 0 10668.2 4 0 -1843.75
11947 0 3 0 10668.2 3 0 -1278.75
9836 0 1 0 10668.2 1 0 832.25
12720 0 3 0 10668.2 3 0 -2051.75
12397 0 4 0 10668.2 4 0 -1728.75
12462 0 2 0 10668.2 2 0 -1793.75
12879 0 4 0 10668.2 4 0 -2210.75
11061 0 3 0 10668.2 3 0 -392.75
8517 0 3 0 10668.2 3 0 2151.25
10199 0 3 0 10668.2 3 0 469.25
12338 0 3 0 10668.2 3 0 -1669.75
9898 0 4 0 10668.2 4 0 770.25
12342 0 3 0 10668.2 3 0 -1673.75
12400 0 3 0 10668.2 3 0 -1731.75
11635 0 3 0 10668.2 3 0 -966.75
9417 0 3 0 10668.2 3 0 1251.25
11226 0 3 0 10668.2 3 0 -557.75
10784 0 3 0 10668.2 3 0 -115.75
11305 0 3 0 10668.2 3 0 -636.75
12519 0 3 0 10668.2 3 0 -1850.75
12257 0 3 0 10668.2 3 0 -1588.75
12390 0 3 0 10668.2 3 0 -1721.75
12760 0 3 0 10668.2 3 0 -2091.75
12818 0 4 0 10668.2 4 0 -2149.75
10590 0 3 0 10668.2 3 0 78.25
12183 0 3 0 10668.2 3 0 -1514.75
12252 0 4 0 10668.2 4 0 -1583.75
12453 0 3 0 10668.2 3 0 -1784.75
9170 0 3 0 10668.2 3 0 1498.25
11307 0 3 0 10668.2 3 0 -638.75
10330 0 2 0 10668.2 2 0 338.25
12227 0 3 0 10668.2 3 0 -1558.75
12727 0 3 0 10668.2 3 0 -2058.75
12414 0 3 0 10668.2 3 0 -1745.75
12285 0 3 0 10668.2 3 0 -1616.75
11443 0 3 0 10668.2 3 0 -774.75
12818 0 3 0 10668.2 3 0 -2149.75
12052 0 3 0 10668.2 3 0 -1383.75
12771 0 4 0 10668.2 4 0 -2102.75
12753 0 3 0 10668.2 3 0 -2084.75
13090 0 3 0 10668.2 3 0 -2421.75
13169 0 3 0 10668.2 3 0 -2500.75
12693 0 3 0 10668.2 3 0 -2024.75
12778 0 4 0 10668.2 4 0 -2109.75
12947 0 3 0 10668.2 3 0 -2278.75
12570 0 3 0 10668.2 3 0 -1901.75
13417 0 3 0 10668.2 3 2 -2748.75
12783 0 3 0 10668.2 3 0 -2114.75
10004 0 4 0 10668.2 4 0 664.25
12789 0 3 0 10668.2 3 0 -2120.75
13000 0 3 0 10668.2 3 0 -2331.75
12623 0 3 0 10668.2 3 0 -1954.75
12980 0 4 0 10668.2 4 0 -2311.75
10354 0 3 0 10668.2 3 0 314.25
12567 0 3 0 10668.2 3 0 -1898.75
12406 0 4 0 10668.2 4 0 -1737.75
9249 0 2 0 10668.2 2 0 1419.25
12746 0 3 0 10668.2 3 0 -2077.75
9946 0 3 0 10668.2 3 0 722.25
12057 0 4 0 10668.2 4 0 -1388.75
12782 0 3 0 10668.2 3 0 -2113.75
12709 0 3 0 10668.2 3 0 -2040.75
9687 0 4 0 10668.2 4 0 981.25
10946 0 3 0 10668.2 3 0 -277.75
9970 0 3 0 10668.2 3 0 698.25
12442 0 4 0 10668.2 4 0 -1773.75
12539 0 3 0 10668.2 3 0 -1870.75
12068 0 4 0 10668.2 4 0 -1399.75
9786 0 3 0 10668.2 3 0 882.25
12096 0 4 0 10668.2 4 0 -1427.75
10671 0 3 0 10668.2 3 0 -2.75
12450 0 3 0 10668.2 3 0 -1781.75
11155 0 3 0 10668.2 3 0 -486.75
12551 0 2 0 10668.2 2 0 -1882.75
9822 0 5 0 10668.2 5 0 846.25
10286 0 4 0 10668.2 4 0 382.25
10371 0 5 0 10668.2 5 0 297.25
12751 0 6 0 10668.2 6 0 -2082.75
12765 0 4 0 10668.2 4 0 -2096.75
12658 0 5 0 10668.2 5 0 -1989.75
9842 0 6 0 10668.2 6 0 826.25
12071 0 4 0 10668.2 4 0 -1402.75
8328 0 4 0 10668.2 4 0 2340.25
12612 0 5 0 10668.2 5 0 -1943.75
12588 0 5 0 10668.2 5 0 -1919.75
9796 0 4 0 10668.2 4 0 872.25
12779 0 5 0 10668.2 5 0 -2110.75
12764 0 5 0 10668.2 5 0 -2095.75
12600 0 5 0 10668.2 5 0 -1931.75
10381 0 4 0 10668.2 4 0 287.25
8910 0 5 0 10668.2 5 0 1758.25
12614 0 5 0 10668.2 5 0 -1945.75
12905 0 5 0 10668.2 5 0 -2236.75
12453 0 5 0 10668.2 5 0 -1784.75
11160 0 5 0 10668.2 5 0 -491.75
12377 0 5 0 10668.2 5 0 -1708.75
10751 0 5 0 10668.2 5 0 -82.75
12189 0 4 0 10668.2 4 0 -1520.75
10017 0 5 0 10668.2 5 0 651.25
12215 0 4 0 10668.2 4 0 -1546.75
9768 0 5 0 10668.2 5 0 900.25
12639 0 5 0 10668.2 5 0 -1970.75
12311 0 5 0 10668.2 5 0 -1642.75
12448 0 4 0 10668.2 4 0 -1779.75
12501 0 5 0 10668.2 5 0 -1832.75
12551 0 5 0 10668.2 5 0 -1882.75
12309 0 6 0 10668.2 6 0 -1640.75
10119 0 4 0 10668.2 4 0 549.25
12733 0 5 0 10668.2 5 0 -2064.75
10019 0 5 0 10668.2 5 0 649.25
12129 0 1 0 10668.2 1 0 -1460.75
11052 0 1 0 10668.2 1 0 -383.75
12479 0 2 0 10668.2 2 0 -1810.75
12254 0 1 0 10668.2 1 0 -1585.75
12080 0 2 0 10668.2 2 0 -1411.75
9902 0 1 0 10668.2 1 0 766.25
11472 0 2 0 10668.2 2 0 -803.75
11226 0 1 0 10668.2 1 0 -557.75
12119 0 2 0 10668.2 2 0 -1450.75
12493 0 1 0 10668.2 1 0 -1824.75
9923 0 2 0 10668.2 2 0 745.25
12771 0 2 0 10668.2 2 0 -2102.75
11512 0 1 0 10668.2 1 0 -843.75
8690 0 1 0 10668.2 1 0 1978.25
9894 0 2 0 10668.2 2 0 774.25
12024 0 1 0 10668.2 1 0 -1355.75
12953 0 2 0 10668.2 2 0 -2284.75
9623 0 1 0 10668.2 1 0 1045.25
12234 0 2 0 10668.2 2 0 -1565.75
12459 0 1 0 10668.2 1 0 -1790.75
12404 0 2 0 10668.2 2 0 -1735.75
12769 0 1 0 10668.2 1 0 -2100.75
12144 0 2 0 10668.2 2 0 -1475.75
12597 0 1 0 10668.2 1 0 -1928.75
12706 0 2 0 10668.2 2 0 -2037.75
12615 0 1 0 10668.2 1 0 -1946.75
12473 0 2 0 10668.2 2 0 -1804.75
12420 0 1 0 10668.2 1 0 -1751.75
10361 0 2 0 10668.2 2 0 307.25
12307 0 1 0 10668.2 1 0 -1638.75
11955 0 2 0 10668.2 2 0 -1286.75
12578 0 1 0 10668.2 1 0 -1909.75
12209 0 2 0 10668.2 2 0 -1540.75
12210 0 1 0 10668.2 1 0 -1541.75
12525 0 6 0 10668.2 6 0 -1856.75
12825 0 6 0 10668.2 6 0 -2156.75
12322 0 6 0 10668.2 6 0 -1653.75
12803 0 6 0 10668.2 6 0 -2134.75
12806 0 6 0 10668.2 6 0 -2137.75
12666 0 6 0 10668.2 6 0 -1997.75
13036 0 5 0 10668.2 5 0 -2367.75
12414 0 6 0 10668.2 6 0 -1745.75
12875 0 6 0 10668.2 6 0 -2206.75
12488 0 5 0 10668.2 5 0 -1819.75
9781 0 6 0 10668.2 6 0 887.25
11211 0 6 0 10668.2 6 0 -542.75
12976 0 6 0 10668.2 6 0 -2307.75
10365 0 5 0 10668.2 5 0 303.25
10653 0 5 0 10668.2 5 0 15.25
12579 0 6 0 10668.2 6 0 -1910.75
11907 0 6 0 10668.2 6 0 -1238.75
9840 0 6 0 10668.2 6 0 828.25
11235 0 6 0 10668.2 6 0 -566.75
10479 0 6 0 10668.2 6 0 189.25
12111 0 6 0 10668.2 6 0 -1442.75
12254 0 6 0 10668.2 6 0 -1585.75
12613 0 6 0 10668.2 6 0 -1944.75
12477 0 6 0 10668.2 6 0 -1808.75
12199 0 6 0 10668.2 6 0 -1530.75
9900 0 6 0 10668.2 6 0 768.25
12326 0 6 0 10668.2 6 0 -1657.75
10076 0 6 0 10668.2 6 0 592.25
9739 0 6 0 10668.2 6 0 929.25
11282 0 6 0 10668.2 6 0 -613.75
10636 0 6 0 10668.2 6 0 32.25
12097 0 5 0 10668.2 5 0 -1428.75
12313 0 6 0 10668.2 6 0 -1644.75
12637 0 6 0 10668.2 6 0 -1968.75
8830 0 6 0 10668.2 6 0 1838.25
10024 0 6 0 10668.2 6 0 644.25
12115 0 6 0 10668.2 6 0 -1446.75
10550 0 6 0 10668.2 6 0 118.25
10162 0 5 0 10668.2 5 0 506.25
11803 0 6 0 10668.2 6 0 -1134.75
12640 0 6 0 10668.2 6 0 -1971.75
12630 0 6 0 10668.2 6 0 -1961.75
12911 0 6 0 10668.2 6 0 -2242.75
12750 0 5 0 10668.2 5 0 -2081.75
10026 0 3 0 10668.2 3 0 642.25
13216 0 2 0 10668.2 2 0 -2547.75
12116 0 2 0 10668.2 2 0 -1447.75
12554 0 3 0 10668.2 3 0 -1885.75
12545 0 2 0 10668.2 2 0 -1876.75
12705 0 1 0 10668.2 1 0 -2036.75
12452 0 2 0 10668.2 2 0 -1783.75
12316 0 2 0 10668.2 2 0 -1647.75
12834 0 2 0 10668.2 2 0 -2165.75
11487 0 2 0 10668.2 2 0 -818.75
12688 0 3 0 10668.2 3 0 -2019.75
12629 0 2 0 10668.2 2 0 -1960.75
12422 0 2 0 10668.2 2 0 -1753.75
12526 0 3 0 10668.2 3 0 -1857.75
12597 0 2 0 10668.2 2 0 -1928.75
12472 0 2 0 10668.2 2 0 -1803.75
12415 0 2 0 10668.2 2 0 -1746.75
12530 0 2 0 10668.2 2 0 -1861.75
11254 0 2 0 10668.2 2 0 -585.75
10200 0 2 0 10668.2 2 0 468.25
12568 0 2 0 10668.2 2 0 -1899.75
10843 0 2 0 10668.2 2 0 -174.75
11515 0 2 0 10668.2 2 0 -846.75
9966 0 2 0 10668.2 2 0 702.25
12663 0 2 0 10668.2 2 0 -1994.75
12671 0 3 0 10668.2 3 0 -2002.75
12637 0 2 0 10668.2 2 0 -1968.75
9535 0 2 0 10668.2 2 0 1133.25
12483 0 2 0 10668.2 2 0 -1814.75
12747 0 2 0 10668.2 2 0 -2078.75
12446 0 2 0 10668.2 2 0 -1777.75
9831 0 2 0 10668.2 2 0 837.25
12400 0 2 0 10668.2 2 0 -1731.75
12681 0 2 0 10668.2 2 0 -2012.75
10130 0 2 0 10668.2 2 0 538.25
12537 0 2 0 10668.2 2 0 -1868.75
11991 0 3 0 10668.2 3 0 -1322.75
11319 0 2 0 10668.2 2 0 -650.75
12724 0 2 0 10668.2 2 0 -2055.75
12353 0 2 0 10668.2 2 0 -1684.75
12769 0 3 0 10668.2 3 0 -2100.75
12640 0 2 0 10668.2 2 0 -1971.75
12618 0 2 0 10668.2 2 0 -1949.75
12659 0 3 0 10668.2 3 0 -1990.75
11871 0 2 0 10668.2 2 0 -1202.75
12627 0 2 0 10668.2 2 0 -1958.75
12583 0 3 0 10668.2 3 0 -1914.75
12533 0 2 0 10668.2 2 0 -1864.75
12855 0 3 0 10668.2 3 0 -2186.75
12478 0 2 0 10668.2 2 0 -1809.75
12419 0 2 0 10668.2 2 0 -1750.75
12243 0 3 0 10668.2 3 0 -1574.75
12813 0 2 0 10668.2 2 0 -2144.75
12715 0 2 0 10668.2 2 0 -2046.75
12148 0 3 0 10668.2 3 0 -1479.75
9531 0 1 0 10668.2 1 0 1137.25
11405 0 3 0 10668.2 3 0 -736.75
11432 0 2 0 10668.2 2 0 -763.75
11042 0 3 0 10668.2 3 0 -373.75
10026 0 1 0 10668.2 1 0 642.25
9605 0 2 0 10668.2 2 0 1063.25
12340 0 2 0 10668.2 2 0 -1671.75
8648 0 2 0 10668.2 2 0 2020.25
12374 0 2 0 10668.2 2 0 -1705.75
12492 0 3 0 10668.2 3 0 -1823.75
12795 0 2 0 10668.2 2 0 -2126.75
12119 0 2 0 10668.2 2 0 -1450.75
10431 0 3 0 10668.2 3 0 237.25
12225 0 2 0 10668.2 2 0 -1556.75
9721 0 2 0 10668.2 2 0 947.25
12524 0 3 0 10668.2 3 0 -1855.75
9575 0 2 0 10668.2 2 0 1093.25
12280 0 2 0 10668.2 2 0 -1611.75
12122 0 3 0 10668.2 3 0 -1453.75
11912 0 2 0 10668.2 2 0 -1243.75
12745 0 3 0 10668.2 3 0 -2076.75
10036 0 2 0 10668.2 2 0 632.25
8774 0 2 0 10668.2 2 0 1894.25
12189 0 3 0 10668.2 3 0 -1520.75
12528 0 2 0 10668.2 2 0 -1859.75
11686 0 2 0 10668.2 2 0 -1017.75
10850 0 3 0 10668.2 3 0 -181.75
12387 0 2 0 10668.2 2 0 -1718.75
12864 0 3 0 10668.2 3 0 -2195.75
13134 0 2 0 10668.2 2 0 -2465.75
10607 0 2 0 10668.2 2 0 61.25
10701 0 2 0 10668.2 2 0 -32.75
10095 0 2 0 10668.2 2 0 573.25
11430 0 3 0 10668.2 3 0 -761.75
12465 0 2 0 10668.2 2 0 -1796.75
10896 0 2 0 10668.2 2 0 -227.75
9892 0 2 0 10668.2 2 0 776.25
10536 0 2 0 10668.2 2 0 132.25
12341 0 3 0 10668.2 3 0 -1672.75
11758 0 3 0 10668.2 3 0 -1089.75
12382 0 2 0 10668.2 2 0 -1713.75
12150 0 3 0 10668.2 3 0 -1481.75
12907 0 2 0 10668.2 2 0 -2238.75
12499 0 3 0 10668.2 3 0 -1830.75
10536 0 2 0 10668.2 2 0 132.25
12623 0 3 0 10668.2 3 0 -1954.75
12333 0 3 0 10668.2 3 0 -1664.75
10196 0 2 0 10668.2 2 0 472.25
12096 0 3 0 10668.2 3 0 -1427.75
11590 0 3 0 10668.2 3 0 -921.75
12335 0 2 0 10668.2 2 0 -1666.75
11280 0 3 0 10668.2 3 0 -611.75
9200 0 3 0 10668.2 3 0 1468.25
12363 0 3 0 10668.2 3 0 -1694.75
12275 0 2 0 10668.2 2 0 -1606.75
12023 0 3 0 10668.2 3 0 -1354.75
12472 0 3 0 10668.2 3 0 -1803.75
12417 0 3 0 10668.2 3 0 -1748.75
12687 0 2 0 10668.2 2 0 -2018.75
11735 0 3 0 10668.2 3 0 -1066.75
12560 0 2 0 10668.2 2 0 -1891.75
12436 0 3 0 10668.2 3 0 -1767.75
12508 0 3 0 10668.2 3 0 -1839.75
12445 0 2 0 10668.2 2 0 -1776.75
12581 0 2 0 10668.2 2 0 -1912.75
12820 0 3 0 10668.2 3 0 -2151.75
11674 0 2 0 10668.2 2 0 -1005.75
12680 0 3 0 10668.2 3 0 -2011.75
12196 0 3 0 10668.2 3 0 -1527.75
9769 0 3 0 10668.2 3 0 899.25
12358 0 2 0 10668.2 2 0 -1689.75
12417 0 3 0 10668.2 3 0 -1748.75
12560 0 3 0 10668.2 3 0 -1891.75
12828 0 3 0 10668.2 3 0 -2159.75
12609 0 2 0 10668.2 2 0 -1940.75
12655 0 3 0 10668.2 3 0 -1986.75
12083 0 3 0 10668.2 3 0 -1414.75
12640 0 3 0 10668.2 3 0 -1971.75
12640 0 2 0 10668.2 2 0 -1971.75
12609 0 3 0 10668.2 3 0 -1940.75
12565 0 3 0 10668.2 3 0 -1896.75
12435 0 3 0 10668.2 3 0 -1766.75
11800 0 2 0 10668.2 2 0 -1131.75
11702 0 3 0 10668.2 3 0 -1033.75
8935 0 2 0 10668.2 2 0 1733.25
12692 0 2 0 10668.2 2 0 -2023.75
12425 0 3 0 10668.2 3 0 -1756.75
11770 0 2 0 10668.2 2 0 -1101.75
11416 0 3 0 10668.2 3 0 -747.75
10916 0 3 0 10668.2 3 0 -247.75
10402 0 2 0 10668.2 2 0 266.25
11020 0 3 0 10668.2 3 0 -351.75
12397 0 3 0 10668.2 3 0 -1728.75
11284 0 2 0 10668.2 2 0 -615.75
10589 0 3 0 10668.2 3 0 79.25
12379 0 3 0 10668.2 3 0 -1710.75
12342 0 3 0 10668.2 3 0 -1673.75
11872 0 3 0 10668.2 3 0 -1203.75
11296 0 2 0 10668.2 2 0 -627.75
9851 0 3 0 10668.2 3 0 817.25
12554 0 3 0 10668.2 3 0 -1885.75
10073 0 2 0 10668.2 2 0 595.25
12485 0 3 0 10668.2 3 0 -1816.75
12443 0 3 0 10668.2 3 0 -1774.75
12298 0 3 0 10668.2 3 0 -1629.75
12561 0 2 0 10668.2 2 0 -1892.75
12926 0 3 0 10668.2 3 0 -2257.75
12704 0 3 0 10668.2 3 0 -2035.75
9947 0 3 0 10668.2 3 0 721.25
10192 0 3 0 10668.2 3 0 476.25
12259 0 2 0 10668.2 2 0 -1590.75
12274 0 3 0 10668.2 3 0 -1605.75
10509 0 2 0 10668.2 2 0 159.25
12301 0 3 0 10668.2 3 0 -1632.75
12312 0 3 0 10668.2 3 0 -1643.75
12700 0 2 0 10668.2 2 0 -2031.75
12338 0 3 0 10668.2 3 0 -1669.75
12819 0 3 0 10668.2 3 0 -2150.75
12795 0 3 0 10668.2 3 0 -2126.75
12317 0 4 0 10668.2 4 0 -1648.75
12250 0 2 0 10668.2 2 0 -1581.75
10015 0 1 0 10668.2 1 0 653.25
9911 0 2 0 10668.2 2 0 757.25
12992 0 1 0 10668.2 1 0 -2323.75
10455 0 2 0 10668.2 2 0 213.25
12330 0 2 0 10668.2 2 0 -1661.75
12101 0 1 0 10668.2 1 0 -1432.75
10582 0 1 0 10668.2 1 0 86.25
10562 0 2 0 10668.2 2 0 106.25
12518 0 1 1 10668.2 1 0 0
12396 0 0 0 10668.2 0 0 0
12739 0 0 0 10668.2 0 0 0
12584 0 0 0 10668.2 0 0 0
12354 0 0 0 10668.2 0 0 0
12020 0 0 0 10668.2 0 0 0
12588 0 0 0 10668.2 0 0 0
12563 0 0 0 10668.2 0 0 0
12212 0 0 0 10668.2 0 0 0
12417 0 0 0 10668.2 0 0 0
12747 0 0 0 10668.2 0 0 0
12548 0 0 0 10668.2 0 0 0
12534 0 0 0 10668.2 0 0 0
12809 0 0 0 10668.2 0 0 0
12802 0 0 0 10668.2 0 0 0
12700 0 0 0 10668.2 0 0 0
12924 0 0 0 10668.2 0 0 0
12324 0 0 0 10668.2 0 0 0
12106 0 0 0 10668.2 0 0 0
12907 0 0 0 10668.2 0 0 0
12690 0 0 0 10668.2 0 0 0
12216 0 0 0 10668.2 0 0 0
12690 0 0 0 10668.2 0 0 0
12410 0 0 0 10668.2 0 0 0
12493 0 0 0 10668.2 0 0 0
12236 0 0 0 10668.2 0 0 0
12108 0 0 0 10668.2 0 0 0
12240 0 0 0 10668.2 0 0 0
12617 0 0 0 10668.2 0 0 0
12350 0 0 0 10668.2 0 0 0
12745 0 0 0 10668.2 0 0 0
12447 0 0 0 10668.2 0 0 0
12270 0 0 0 10668.2 0 0 0
12552 0 0 0 10668.2 0 0 0
12706 0 0 0 10668.2 0 0 0
12428 0 0 0 10668.2 0 0 0
12710 0 0 0 10668.2 0 0 0
12806 0 0 0 10668.2 0 0 0
11992 0 0 0 10668.2 0 0 0
12330 0 0 0 10668.2 0 0 0
12778 0 0 0 10668.2 0 0 0
12216 0 0 0 10668.2 0 0 0
12066 0 0 0 10668.2 0 0 0
12591 0 0 0 10668.2 0 0 0
12717 0 0 0 10668.2 0 0 0
11902 0 0 0 10668.2 0 0 0
12620 0 0 0 10668.2 0 0 0
12795 0 0 0 10668.2 0 0 0
12912 0 0 0 10668.2 0 0 0
12345 0 0 0 10668.2 0 0 0
12303 0 0 0 10668.2 0 0 0
11601 0 0 0 10668.2 0 0 0
12606 0 0 0 10668.2 0 0 0
12726 0 0 0 10668.2 0 0 0
12292 0 0 0 10668.2 0 0 0
12629 0 0 0 10668.2 0 0 0
12613 0 0 0 10668.2 0 0 0
12204 0 0 0 10668.2 0 0 0
12709 0 0 0 10668.2 0 0 0
12720 0 0 0 10668.2 0 0 0
12819 0 0 0 10668.2 0 0 0
12346 0 0 0 10668.2 0 0 0
12437 0 0 0 10668.2 0 0 0
12191 0 0 0 10668.2 0 0 0
12108 0 0 0 10668.2 0 0 0
12291 0 0 0 10668.2 0 0 0
12607 0 0 0 10668.2 0 0 0
12610 0 0 0 10668.2 0 0 0
12947 0 0 0 10668.2 0 0 0
12688 0 0 0 10668.2 0 0 0
12054 0 0 0 10668.2 0 0 0
12561 0 0 0 10668.2 0 0 0
12296 0 0 0 10668.2 0 0 0
12643 0 0 0 10668.2 0 0 0
11723 0 0 0 10668.2 0 0 0
12602 0 0 0 10668.2 0 0 0
12801 0 0 0 10668.2 0 0 0
12654 0 0 0 10668.2 0 0 0
12586 0 0 0 10668.2 0 0 0
12180 0 0 0 10668.2 0 0 0
12287 0 0 0 10668.2 0 0 0
12431 0 0 0 10668.2 0 0 0
12595 0 0 0 10668.2 0 0 0
12280 0 0 0 10668.2 0 0 0
12681 0 0 0 10668.2 0 0 0
11826 0 0 0 10668.2 0 0 0
11828 0 0 0 10668.2 0 0 0
12080 0 0 0 10668.2 0 0 0
12931 0 0 0 10668.2 0 0 0
12347 0 0 0 10668.2 0 0 0
11984 0 0 0 10668.2 0 0 0
12627 0 0 0 10668.2 0 0 0
13331 0 0 0 10668.2 0 0 0
12903 0 0 0 10668.2 0 0 0
12171 0 0 0 10668.2 0 0 0
12620 0 0 0 10668.2 0 0 0
12577 0 0 0 10668.2 0 0 0
12595 0 0 0 10668.2 0 0 0
12501 0 0 0 10668.2 0 0 0
12489 0 0 0 10668.2 0 0 0
12009 0 0 0 10668.2 0 0 0
12374 0 0 0 10668.2 0 0 0
11941 0 0 0 10668.2 0 0 0
12103 0 0 0 10668.2 0 0 0
12700 0 0 0 10668.2 0 0 0
12677 0 0 0 10668.2 0 0 0
12328 0 0 0 10668.2 0 0 0
12307 0 0 0 10668.2 0 0 0
12405 0 0 0 10668.2 0 0 0
12396 0 0 0 10668.2 0 0 0
12803 0 0 0 10668.2 0 0 0
12306 0 0 0 10668.2 0 0 0
12416 0 0 0 10668.2 0 0 0
12589 0 0 0 10668.2 0 0 0
11998 0 0 0 10668.2 0 0 0
12477 0 0 0 10668.2 0 0 0
12913 0 0 0 10668.2 0 0 0
12082 0 0 0 10668.2 0 0 0
12145 0 0 0 10668.2 0 0 0
12712 0 0 0 10668.2 0 0 0
12850 0 0 0 10668.2 0 0 0
12769 0 0 0 10668.2 0 0 0
12560 0 0 0 10668.2 0 0 0
12632 0 0 0 10668.2 0 0 0
12984 0 0 0 10668.2 0 0 0
12697 0 0 0 10668.2 0 0 0
12357 0 0 0 10668.2 0 0 0
12496 0 0 0 10668.2 0 0 0
12829 0 0 0 10668.2 0 0 0
12576 0 0 0 10668.2 0 0 0
12482 0 0 0 10668.2 0 0 0
12555 0 0 0 10668.2 0 0 0
12871 0 0 0 10668.2 0 0 0
12831 0 0 0 10668.2 0 0 0
12105 0 0 0 10668.2 0 0 0
12317 0 0 0 10668.2 0 0 0
12859 0 0 0 10668.2 0 0 0
12471 0 0 0 10668.2 0 0 0
12466 0 0 0 10668.2 0 0 0
12445 0 0 0 10668.2 0 0 0
12836 0 0 0 10668.2 0 0 0
12564 0 0 0 10668.2 0 0 0
12664 0 0 0 10668.2 0 0 0
11774 0 0 0 10668.2 0 0 0
12829 0 0 0 10668.2 0 0 0
12427 0 0 0 10668.2 0 0 0
11733 0 0 0 10668.2 0 0 0
12060 0 0 0 10668.2 0 0 0
12657 0 0 0 10668.2 0 0 0
12688 0 0 0 10668.2 0 0 0
12400 0 0 0 10668.2 0 0 0
12943 0 0 0 10668.2 0 1 0
12477 0 0 0 10668.2 0 0 0
12219 0 0 0 10668.2 0 0 0
12195 0 0 0 10668.2 0 0 0
12253 0 0 0 10668.2 0 0 0
12196 0 0 0 10668.2 0 0 0
11843 0 0 0 10668.2 0 0 0
12112 0 0 0 10668.2 0 0 0
12022 0 0 0 10668.2 0 0 0
12694 0 0 0 10668.2 0 0 0
12579 0 0 0 10668.2 0 0 0
9943 0 0 0 10668.2 0 0 0
12454 0 0 0 10668.2 0 0 0
12867 0 0 0 10668.2 0 0 0
12624 0 0 0 10668.2 0 0 0
12199 0 0 0 10668.2 0 0 0
12501 0 0 0 10668.2 0 0 0
12663 0 0 0 10668.2 0 0 0
12416 0 0 0 10668.2 0 0 0
12605 0 0 0 10668.2 0 0 0
12625 0 0 0 10668.2 0 0 0
12991 0 0 0 10668.2 0 0 0
12107 0 0 0 10668.2 0 0 0
12742 0 0 0 10668.2 0 0 0
11366 0 0 0 10668.2 0 0 0
12426 0 0 0 10668.2 0 0 0
12509 0 0 0 10668.2 0 0 0
12087 0 0 0 10668.2 0 0 0
12537 0 0 0 10668.2 0 0 0
12286 0 0 0 10668.2 0 0 0
12613 0 0 0 10668.2 0 0 0
12589 0 0 0 10668.2 0 0 0
12631 0 0 0 10668.2 0 0 0
12852 0 0 0 10668.2 0 0 0
12324 0 0 0 10668.2 0 0 0
12436 0 0 0 10668.2 0 0 0
12287 0 0 0 10668.2 0 0 0
12734 0 0 0 10668.2 0 0 0
12098 0 0 0 10668.2 0 0 0
12228 0 0 0 10668.2 0 0 0
12421 0 0 0 10668.2 0 0 0
12928 0 0 0 10668.2 0 1 0
12687 0 0 0 10668.2 0 0 0
12377 0 0 0 10668.2 0 0 0
12371 0 0 0 10668.2 0 0 0
12869 0 0 0 10668.2 0 0 0
12631 0 0 0 10668.2 0 0 0
11991 0 0 0 10668.2 0 0 0
12825 0 0 0 10668.2 0 0 0
12544 0 0 0 10668.2 0 0 0
12752 0 0 0 10668.2 0 0 0
12431 0 0 0 10668.2 0 0 0
11913 0 0 0 10668.2 0 0 0
12403 0 0 0 10668.2 0 0 0
11761 0 0 0 10668.2 0 0 0
12511 0 0 0 10668.2 0 0 0
12726 0 0 0 10668.2 0 0 0
12553 0 0 0 10668.2 0 0 0
12268 0 0 0 10668.2 0 0 0
12431 0 0 0 10668.2 0 0 0
11858 0 0 0 10668.2 0 0 0
12219 0 0 0 10668.2 0 0 0
12890 0 0 0 10668.2 0 0 0
12222 0 0 0 10668.2 0 0 0
12473 0 0 0 10668.2 0 0 0
11414 0 0 0 10668.2 0 0 0
12531 0 0 0 10668.2 0 0 0
12315 0 0 0 10668.2 0 0 0
11886 0 0 0 10668.2 0 0 0
12477 0 0 0 10668.2 0 0 0
12522 0 0 0 10668.2 0 0 0
12342 0 0 0 10668.2 0 0 0
11509 0 0 0 10668.2 0 0 0
10145 0 0 0 10668.2 0 0 0
12285 0 0 0 10668.2 0 0 0
11688 0 0 0 10668.2 0 0 0
12237 0 0 0 10668.2 0 0 0
12374 0 0 0 10668.2 0 0 0
12312 0 0 0 10668.2 0 0 0
12325 0 0 0 10668.2 0 0 0
12786 0 0 0 10668.2 0 0 0
12759 0 0 0 10668.2 0 0 0
11920 0 0 0 10668.2 0 0 0
12768 0 0 0 10668.2 0 0 0
12617 0 0 0 10668.2 0 0 0
12957 0 0 0 10668.2 0 0 0
12797 0 0 0 10668.2 0 0 0
11763 0 0 0 10668.2 0 0 0
12228 0 0 0 10668.2 0 0 0
12220 0 0 0 10668.2 0 0 0
11907 0 0 0 10668.2 0 0 0
12205 0 0 0 10668.2 0 0 0
12183 0 0 0 10668.2 0 0 0
12481 0 0 0 10668.2 0 0 0
12417 0 0 0 10668.2 0 0 0
12553 0 0 0 10668.2 0 0 0
11886 0 0 0 10668.2 0 0 0
12236 0 0 0 10668.2 0 0 0
12128 0 0 0 10668.2 0 0 0
12932 0 0 0 10668.2 0 0 0
9920 0 0 0 10668.2 0 0 0
12797 0 0 0 10668.2 0 0 0
12564 0 0 0 10668.2 0 0 0
12636 0 0 0 10668.2 0 0 0
12829 0 0 0 10668.2 0 0 0
12358 0 0 0 10668.2 0 0 0
12387 0 0 0 10668.2 0 0 0
12371 0 0 0 10668.2 0 0 0
11253 0 0 0 10668.2 0 0 0
12900 0 0 0 10668.2 0 0 0
12423 0 0 0 10668.2 0 0 0
12430 0 0 0 10668.2 0 0 0
12050 0 0 0 10668.2 0 0 0
12976 0 0 0 10668.2 0 0 0
12373 0 0 0 10668.2 0 0 0
12272 0 0 0 10668.2 0 0 0
12302 0 0 0 10668.2 0 0 0
12707 0 0 0 10668.2 0 0 0
12512 0 0 0 10668.2 0 0 0
12273 0 0 0 10668.2 0 0 0
12381 0 0 0 10668.2 0 0 0
11183 0 0 0 10668.2 0 0 0
12391 0 0 0 10668.2 0 0 0
12585 0 0 0 10668.2 0 0 0
12203 0 0 0 10668.2 0 0 0
12844 0 0 0 10668.2 0 0 0
12710 0 0 0 10668.2 0 0 0
10421 0 0 0 10668.2 0 0 0
12197 0 0 0 10668.2 0 2 0
12404 0 0 0 10668.2 0 0 0
12070 0 0 0 10668.2 0 0 0
12036 0 0 0 10668.2 0 0 0
12103 0 0 0 10668.2 0 0 0
12836 0 0 0 10668.2 0 0 0
12211 0 0 0 10668.2 0 0 0
12747 0 0 0 10668.2 0 0 0
12524 0 0 0 10668.2 0 0 0
12234 0 0 0 10668.2 0 0 0
12842 0 0 0 10668.2 0 0 0
12373 0 0 0 10668.2 0 0 0
12461 0 0 0 10668.2 0 0 0
12843 0 0 0 10668.2 0 0 0
12362 0 0 0 10668.2 0 0 0
12041 0 0 0 10668.2 0 0 0
11969 0 0 0 10668.2 0 0 0
12529 0 0 0 10668.2 0 0 0
12540 0 0 0 10668.2 0 0 0
12511 0 0 0 10668.2 0 0 0
12625 0 0 0 10668.2 0 0 0
12503 0 0 0 10668.2 0 0 0
12342 0 0 0 10668.2 0 0 0
12426 0 0 0 10668.2 0 0 0
12766 0 0 0 10668.2 0 0 0
12233 0 0 0 10668.2 0 0 0
12193 0 0 0 10668.2 0 0 0
12753 0 0 0 10668.2 0 0 0
12829 0 0 0 10668.2 0 0 0
12299 0 0 0 10668.2 0 0 0
12533 0 0 0 10668.2 0 0 0
12559 0 0 0 10668.2 0 0 0
12042 0 0 0 10668.2 0 0 0
10358 0 0 0 10668.2 0 0 0
12515 0 0 0 10668.2 0 0 0
12090 0 0 0 10668.2 0 0 0
11852 0 0 0 10668.2 0 0 0
12128 0 0 0 10668.2 0 0 0
11495 0 0 0 10668.2 0 0 0
12198 0 0 0 10668.2 0 0 0
11997 0 0 0 10668.2 0 0 0
12592 0 0 0 10668.2 0 0 0
12369 0 0 0 10668.2 0 0 0
12216 0 0 0 10668.2 0 0 0
12392 0 0 0 10668.2 0 0 0
12806 0 0 0 10668.2 0 0 0
12344 0 0 0 10668.2 0 0 0
13048 0 0 0 10668.2 0 0 0
12796 0 0 0 10668.2 0 0 0
12854 0 0 0 10668.2 0 0 0
12077 0 0 0 10668.2 0 0 0
12817 0 0 0 10668.2 0 0 0
12537 0 0 0 10668.2 0 0 0
12620 0 0 0 10668.2 0 0 0
12467 0 0 0 10668.2 0 0 0
12211 0 0 0 10668.2 0 0 0
12370 0 0 0 10668.2 0 0 0
12738 0 0 0 10668.2 0 0 0
12552 0 0 0 10668.2 0 0 0
11967 0 0 0 10668.2 0 0 0
12129 0 0 0 10668.2 0 0 0
12367 0 0 0 10668.2 0 0 0
12512 0 0 0 10668.2 0 0 0
12961 0 0 0 10668.2 0 0 0
12710 0 0 0 10668.2 0 0 0
12920 0 0 0 10668.2 0 0 0
12097 0 0 0 10668.2 0 0 0
12170 0 0 0 10668.2 0 0 0
12061 0 0 0 10668.2 0 0 0
12672 0 0 0 10668.2 0 0 0
11720 0 0 0 10668.2 0 0 0
12141 0 0 0 10668.2 0 0 0
12469 0 0 0 10668.2 0 0 0
12725 0 0 0 10668.2 0 0 0
6848 0 0 0 10668.2 0 0 0
12487 0 0 0 10668.2 0 0 0
12712 0 0 0 10668.2 0 0 0
12315 0 0 0 10668.2 0 0 0
12645 0 0 0 10668.2 0 0 0
11389 0 0 0 10668.2 0 0 0
12691 0 0 0 10668.2 0 0 0
12733 0 0 0 10668.2 0 0 0
12782 0 0 0 10668.2 0 0 0
12496 0 0 0 10668.2 0 0 0
12251 0 0 0 10668.2 0 0 0
12826 0 0 0 10668.2 0 0 0
11921 0 0 0 10668.2 0 0 0
12361 0 0 0 10668.2 0 0 0
13025 0 0 0 10668.2 0 0 0
12731 0 0 0 10668.2 0 0 0
12699 0 0 0 10668.2 0 0 0
12254 0 0 0 10668.2 0 0 0
12907 0 0 0 10668.2 0 0 0
12587 0 0 0 10668.2 0 0 0
13078 0 0 0 10668.2 0 0 0
12654 0 0 0 10668.2 0 0 0
12278 0 0 0 10668.2 0 0 0
12119 0 0 0 10668.2 0 0 0
12309 0 0 0 10668.2 0 0 0
12397 0 0 0 10668.2 0 0 0
12830 0 0 0 10668.2 0 0 0
12272 0 0 0 10668.2 0 0 0
12201 0 0 0 10668.2 0 0 0
12509 0 0 0 10668.2 0 0 0
12174 0 0 0 10668.2 0 0 0
12680 0 0 0 10668.2 0 0 0
12558 0 0 0 10668.2 0 0 0
12936 0 0 0 10668.2 0 0 0
12488 0 0 0 10668.2 0 0 0
12588 0 0 0 10668.2 0 0 0
12173 0 0 0 10668.2 0 0 0
12564 0 0 0 10668.2 0 0 0
12590 0 0 0 10668.2 0 0 0
12876 0 0 0 10668.2 0 0 0
12846 0 0 0 10668.2 0 0 0
12475 0 0 0 10668.2 0 0 0
12499 0 0 0 10668.2 0 0 0
12176 0 0 0 10668.2 0 0 0
12676 0 0 0 10668.2 0 0 0
11303 0 0 0 10668.2 0 0 0
12526 0 0 0 10668.2 0 0 0
12673 0 0 0 10668.2 0 0 0
12527 0 0 0 10668.2 0 0 0
12373 0 0 0 10668.2 0 0 0
12549 0 0 0 10668.2 0 0 0
12676 0 0 0 10668.2 0 0 0
12472 0 0 0 10668.2 0 0 0
12479 0 0 0 10668.2 0 0 0
12414 0 0 0 10668.2 0 0 0
12055 0 0 0 10668.2 0 0 0
11319 0 0 0 10668.2 0 0 0
12388 0 0 0 10668.2 0 0 0
12786 0 0 0 10668.2 0 0 0
12732 0 0 0 10668.2 0 0 0
12856 0 0 0 10668.2 0 0 0
12401 0 0 0 10668.2 0 0 0
12272 0 0 0 10668.2 0 0 0
12772 0 0 0 10668.2 0 0 0
11892 0 0 0 10668.2 0 0 0
12414 0 0 0 10668.2 0 0 0
12488 0 0 0 10668.2 0 0 0
13032 0 0 0 10668.2 0 0 0
10283 0 0 0 10668.2 0 0 0
10899 0 0 0 10668.2 0 0 0
11119 0 0 0 10668.2 0 0 0
12555 0 0 0 10668.2 0 0 0
12171 0 0 0 10668.2 0 0 0
12048 0 0 0 10668.2 0 0 0
12661 0 0 0 10668.2 0 0 0
12496 0 0 0 10668.2 0 0 0
12228 0 0 0 10668.2 0 0 0
12301 0 0 0 10668.2 0 0 0
12173 0 0 0 10668.2 0 0 0
12487 0 0 0 10668.2 0 0 0
12054 0 0 0 10668.2 0 0 0
12496 0 0 0 10668.2 0 0 0
12554 0 0 0 10668.2 0 0 0
12262 0 0 0 10668.2 0 0 0
12752 0 0 0 10668.2 0 0 0
11889 0 0 0 10668.2 0 0 0
12616 0 0 0 10668.2 0 0 0
12374 0 0 0 10668.2 0 0 0
12896 0 0 0 10668.2 0 0 0
12625 0 0 0 10668.2 0 0 0
12089 0 0 0 10668.2 0 0 0
12605 0 0 0 10668.2 0 0 0
12738 0 0 0 10668.2 0 0 0
12864 0 0 0 10668.2 0 0 0
12858 0 0 0 10668.2 0 0 0
12702 0 0 0 10668.2 0 0 0
12631 0 0 0 10668.2 0 0 0
12690 0 0 0 10668.2 0 0 0
12398 0 0 0 10668.2 0 0 0
12584 0 0 0 10668.2 0 0 0
12847 0 0 0 10668.2 0 0 0
12341 0 0 0 10668.2 0 0 0
13063 0 0 0 10668.2 0 0 0
13035 0 0 0 10668.2 0 0 0
12107 0 0 0 10668.2 0 0 0
12206 0 0 0 10668.2 0 0 0
12803 0 0 0 10668.2 0 0 0
12625 0 0 0 10668.2 0 0 0
12192 0 0 0 10668.2 0 0 0
12251 0 0 0 10668.2 0 0 0
12702 0 0 0 10668.2 0 0 0
12484 0 0 0 10668.2 0 0 0
12816 0 0 0 10668.2 0 0 0
12645 0 0 0 10668.2 0 0 0
12551 0 0 0 10668.2 0 0 0
11301 0 0 0 10668.2 0 0 0
12304 0 0 0 10668.2 0 0 0
12073 0 0 0 10668.2 0 0 0
12140 0 0 0 10668.2 0 0 0
12791 0 0 0 10668.2 0 0 0
12762 0 0 0 10668.2 0 0 0
12795 0 0 0 10668.2 0 0 0
12265 0 0 0 10668.2 0 0 0
12047 0 0 0 10668.2 0 0 0
12469 0 0 0 10668.2 0 0 0
12535 0 0 0 10668.2 0 0 0
12457 0 0 0 10668.2 0 0 0
12779 0 0 0 10668.2 0 0 0
12142 0 0 0 10668.2 0 0 0
12188 0 0 0 10668.2 0 0 0
12796 0 0 0 10668.2 0 0 0
12656 0 0 0 10668.2 0 0 0
11902 0 0 0 10668.2 0 0 0
12001 0 0 0 10668.2 0 0 0
12633 0 0 0 10668.2 0 0 0
12645 0 0 0 10668.2 0 0 0
13005 0 0 0 10668.2 0 0 0
12410 0 0 0 10668.2 0 0 0
12589 0 0 0 10668.2 0 0 0
12274 0 0 0 10668.2 0 0 0
12440 0 0 0 10668.2 0 0 0
12589 0 0 0 10668.2 0 0 0
12811 0 0 0 10668.2 0 0 0
11580 0 0 0 10668.2 0 0 0
12600 0 0 0 10668.2 0 0 0
12172 0 0 0 10668.2 0 0 0
12823 0 0 0 10668.2 0 0 0
12538 0 0 0 10668.2 0 0 0
12379 0 0 0 10668.2 0 0 0
12604 0 0 0 10668.2 0 0 0
12373 0 0 0 10668.2 0 0 0
12165 0 0 0 10668.2 0 0 0
11835 0 0 0 10668.2 0 0 0
12004 0 0 0 10668.2 0 0 0
12973 0 0 0 10668.2 0 0 0
12026 0 0 0 10668.2 0 0 0
11758 0 0 0 10668.2 0 0 0
12355 0 0 0 10668.2 0 0 0
12132 0 0 0 10668.2 0 0 0
11974 0 0 0 10668.2 0 0 0
12424 0 0 0 10668.2 0 0 0
12836 0 0 0 10668.2 0 0 0
12884 0 0 0 10668.2 0 0 0
12470 0 0 0 10668.2 0 0 0
12103 0 0 0 10668.2 0 0 0
12280 0 0 0 10668.2 0 0 0
11865 0 0 0 10668.2 0 0 0
12854 0 0 0 10668.2 0 0 0
12836 0 0 0 10668.2 0 0 0
12066 0 0 0 10668.2 0 0 0
12212 0 0 0 10668.2 0 0 0
11829 0 0 0 10668.2 0 0 0
12349 0 0 0 10668.2 0 0 0
12177 0 0 0 10668.2 0 0 0
12737 0 0 0 10668.2 0 0 0
10711 0 0 0 10668.2 0 0 0
12278 0 0 0 10668.2 0 0 0
12726 0 0 0 10668.2 0 0 0
12922 0 0 0 10668.2 0 0 0
12710 0 0 0 10668.2 0 0 0
11992 0 0 0 10668.2 0 0 0
12260 0 0 0 10668.2 0 0 0
12213 0 0 0 10668.2 0 0 0
11901 0 0 0 10668.2 0 0 0
12880 0 0 0 10668.2 0 0 0
12741 0 0 0 10668.2 0 0 0
12767 0 0 0 10668.2 0 0 0
12001 0 0 0 10668.2 0 0 0
12363 0 0 0 10668.2 0 0 0
12451 0 0 0 10668.2 0 0 0
12637 0 0 0 10668.2 0 0 0
12639 0 0 0 10668.2 0 0 0
12312 0 0 0 10668.2 0 0 0
12642 0 0 0 10668.2 0 0 0
12444 0 0 0 10668.2 0 0 0
12190 0 0 0 10668.2 0 0 0
12257 0 0 0 10668.2 0 0 0
12792 0 0 0 10668.2 0 0 0
12119 0 0 0 10668.2 0 0 0
12758 0 0 0 10668.2 0 0 0
12103 0 0 0 10668.2 0 0 0
9141 0 0 0 10668.2 0 0 0
12321 0 0 0 10668.2 0 0 0
12641 0 0 0 10668.2 0 0 0
12545 0 0 0 10668.2 0 0 0
12636 0 0 0 10668.2 0 0 0
12879 0 0 0 10668.2 0 0 0
12535 0 0 0 10668.2 0 0 0
12074 0 0 0 10668.2 0 0 0
12666 0 0 0 10668.2 0 0 0
12696 0 0 0 10668.2 0 0 0
12608 0 0 0 10668.2 0 0 0
12785 0 0 0 10668.2 0 0 0
12437 0 0 0 10668.2 0 0 0
12286 0 0 0 10668.2 0 0 0
12508 0 0 0 10668.2 0 0 0
12442 0 0 0 10668.2 0 0 0
12659 0 0 0 10668.2 0 0 0
12808 0 0 0 10668.2 0 0 0
12206 0 0 0 10668.2 0 0 0
12374 0 0 0 10668.2 0 0 0
12296 0 0 0 10668.2 0 0 0
12567 0 0 0 10668.2 0 0 0
12467 0 0 0 10668.2 0 0 0
12588 0 0 0 10668.2 0 0 0
13001 0 0 0 10668.2 0 0 0
12911 0 0 0 10668.2 0 0 0
12382 0 0 0 10668.2 0 0 0
12365 0 0 0 10668.2 0 0 0
12566 0 0 0 10668.2 0 0 0
12670 0 0 0 10668.2 0 0 0
12592 0 0 0 10668.2 0 0 0
12858 0 0 0 10668.2 0 0 0
12882 0 0 0 10668.2 0 0 0
12536 0 0 0 10668.2 0 0 0
12515 0 0 0 10668.2 0 0 0
12664 0 0 0 10668.2 0 0 0
12232 0 0 0 10668.2 0 0 0
12645 0 0 0 10668.2 0 0 0
9792 0 0 0 10668.2 0 0 0
12353 0 0 0 10668.2 0 0 0
11928 0 0 0 10668.2 0 0 0
12679 0 0 0 10668.2 0 0 0
12773 0 0 0 10668.2 0 0 0
12627 0 0 0 10668.2 0 0 0
12301 0 0 0 10668.2 0 0 0
12652 0 0 0 10668.2 0 0 0
153 0 0 0 10668.2 0 0 0
