1680 0 0 0 0 0 25973 0
1938 0 0 0 0 735 18019 0
2360 0 0 0 0 674 17795 0
3347 0 0 0 0 706 18680 0
3158 0 0 0 0 641 16644 0
3860 0 0 0 0 566 17394 0
4274 0 0 0 0 627 18356 0
4884 0 0 0 0 632 18661 0
5028 0 0 0 0 665 17385 0
5707 0 0 0 0 622 17724 0
6404 0 0 0 0 629 17579 0
6994 0 0 0 0 621 16832 0
7153 0 0 0 0 641 14931 0
7669 0 0 0 0 586 13768 0
8058 0 0 0 0 568 12341 0
8562 0 0 0 0 582 11640 0
8273 0 0 0 0 539 9738 0
9028 0 0 0 0 159 9818 0
9445 0 0 0 0 338 8492 0
8933 0 0 0 0 586 7184 0
9618 0 0 0 0 559 6593 0
9265 0 0 0 0 543 5964 0
9297 0 0 0 0 580 5140 0
9928 0 0 0 0 565 4980 0
9883 0 0 0 0 547 4334 0
11643 0 0 0 0 661 4728 0
10672 0 0 0 0 633 3799 0
10364 0 0 0 0 580 3239 0
9582 0 0 0 0 548 2703 0
9422 0 0 0 0 522 2695 0
9541 0 0 0 0 528 2421 0
9699 0 0 0 0 554 2298 0
11982 0 0 0 0 649 2672 0
11474 0 0 0 0 615 2264 0
10612 0 0 0 0 619 1927 0
11006 0 0 0 0 595 1814 0
10286 0 0 0 0 552 1568 0
10194 0 0 0 0 545 1426 0
10308 0 0 0 0 538 1331 0
10863 0 0 0 0 531 1389 0
10423 0 0 0 0 512 1305 0
10216 0 0 0 0 509 1121 0
10258 0 0 0 0 501 1049 0
10538 0 0 0 0 534 1066 0
10269 0 0 0 0 527 1041 0
10023 0 0 0 0 510 895 0
10524 0 0 0 0 517 875 0
10871 0 0 0 0 567 808 0
10392 0 0 0 0 544 774 0
10106 0 0 0 0 553 755 0
7635 0 0 0 0 421 514 0
11142 0 0 0 0 523 682 0
10705 0 0 0 0 535 707 0
10270 0 0 0 0 538 603 0
9730 0 0 0 0 524 585 0
10430 0 0 0 0 555 562 0
10352 0 0 0 0 545 536 0
9936 0 0 0 0 516 527 0
10557 0 0 0 0 560 542 0
10458 0 0 0 0 557 474 0
10896 0 0 0 0 572 546 0
10178 0 0 0 0 537 441 0
10555 0 0 0 0 539 457 0
10345 0 0 0 0 545 417 0
10397 0 0 0 0 515 421 0
10441 0 0 0 0 507 446 0
9666 0 0 0 0 477 356 0
10684 0 0 0 0 522 408 0
10226 0 0 0 0 541 359 0
10030 0 0 0 0 515 339 0
10718 0 0 0 0 552 351 0
10206 0 0 0 0 533 306 0
10033 0 0 0 0 542 346 0
10639 0 0 0 0 558 350 0
10584 0 0 0 0 547 310 0
10362 0 0 0 0 533 336 0
10711 0 0 0 0 569 295 0
9915 0 0 0 0 499 321 0
10342 0 0 0 0 528 301 0
10511 0 0 0 0 540 288 0
10688 0 0 0 0 572 319 0
10689 0 0 0 0 543 286 0
10025 0 0 0 0 509 240 0
10236 0 0 0 0 529 266 0
10964 0 0 0 0 578 250 0
10387 0 0 0 0 528 219 0
10892 0 0 0 0 556 243 0
10362 0 0 0 0 516 221 0
10384 0 0 0 0 554 273 0
10822 0 0 0 0 544 281 0
10285 0 0 0 0 528 235 0
11311 0 0 0 0 575 259 0
10413 0 0 0 0 511 233 0
10179 0 0 0 0 493 221 0
11127 0 0 0 0 533 236 0
11280 0 0 0 0 565 226 0
10555 0 0 0 0 546 222 0
10491 0 0 0 0 565 182 0
10355 0 0 0 0 533 194 0
10279 0 0 0 0 566 197 0
10549 0 0 0 0 568 232 0
9639 0 0 0 0 504 180 0
11547 0 0 0 0 595 221 0
10702 0 0 0 0 553 214 0
10971 0 0 0 0 567 215 0
11526 0 0 0 0 610 233 0
10353 0 0 0 0 542 179 0
11041 0 0 0 0 570 192 0
11324 0 0 0 0 591 235 0
10858 0 0 0 0 563 189 0
10082 0 0 0 0 524 159 0
11235 0 0 0 0 617 194 0
10823 0 0 0 0 591 180 0
11787 0 0 0 0 604 189 0
11579 0 0 0 0 564 166 0
11825 0 0 0 0 647 168 0
11239 0 0 0 0 569 185 0
11095 0 0 0 0 540 152 0
11766 0 0 0 0 574 194 0
11876 0 0 0 0 575 163 0
10678 0 0 0 0 541 158 0
11060 0 0 0 0 595 148 0
11772 0 0 0 0 659 181 0
12146 0 0 0 0 655 207 0
11817 0 0 0 0 627 169 0
11342 0 0 0 0 599 154 0
11595 0 0 0 0 658 147 0
10570 0 0 0 0 583 106 0
11212 0 0 0 0 602 154 0
11173 0 0 0 0 591 140 0
11659 0 0 0 0 622 182 0
11850 0 0 0 0 617 151 0
11251 0 0 0 0 635 166 0
11624 0 0 0 0 628 180 0
12094 0 0 0 0 643 160 0
11534 0 0 0 0 604 117 0
12164 0 0 0 0 595 166 0
11912 0 0 0 0 640 159 0
11338 0 0 0 0 595 131 0
11728 0 0 0 0 587 128 0
11284 0 0 0 0 563 144 0
11498 0 0 0 0 600 117 0
11693 0 0 0 0 570 120 0
11065 0 0 0 0 579 130 0
11018 0 0 0 0 564 161 0
11218 0 0 0 0 591 123 0
11041 0 0 0 0 605 123 0
12282 0 0 0 0 648 148 0
11399 0 0 0 0 583 116 0
11829 0 0 0 0 616 127 0
10933 0 0 0 0 574 126 0
11936 0 0 0 0 618 130 0
11226 0 0 0 0 572 131 0
11614 0 0 0 0 614 104 0
11489 0 0 0 0 606 116 0
11943 0 0 0 0 632 99 0
11485 0 0 0 0 604 116 0
11979 0 0 0 0 631 116 0
12162 0 0 0 0 637 117 0
12369 0 0 0 0 651 138 0
11161 0 0 0 0 536 93 0
12012 0 0 0 0 625 104 0
11916 0 0 0 0 603 115 0
12253 0 0 0 0 607 107 0
11829 0 0 0 0 572 101 0
11211 0 0 0 0 538 83 0
11356 0 0 0 0 557 106 0
11189 0 0 0 0 575 84 0
12215 0 0 0 0 614 106 0
11751 0 0 0 0 588 92 0
12145 0 0 0 0 626 105 0
12454 0 0 0 0 620 112 0
10164 0 0 0 0 521 85 0
10128 0 0 0 0 535 75 0
10628 0 0 0 0 572 101 0
11931 0 0 0 0 649 79 0
11657 0 0 0 0 614 91 0
11531 0 0 0 0 583 66 0
11761 0 0 0 0 613 83 0
12096 0 0 0 0 617 82 0
12293 0 0 0 0 639 93 0
11796 0 0 0 0 616 75 0
11168 0 0 0 0 581 85 0
12845 0 0 0 0 643 94 0
11426 0 0 0 0 576 88 0
11413 0 0 0 0 555 89 0
12104 0 0 0 0 580 94 0
11937 0 0 0 0 573 83 0
11719 0 0 0 0 560 96 0
11532 0 0 0 0 564 93 0
10583 0 0 0 0 596 72 0
11728 0 0 0 0 632 80 0
11337 0 0 0 0 595 76 0
11672 0 0 0 0 660 74 0
11856 0 0 0 0 627 74 0
12754 0 0 0 0 644 71 0
12358 0 0 0 0 623 61 0
12091 0 0 0 0 613 75 0
11814 0 0 0 0 623 66 0
12102 0 0 0 0 636 73 0
10707 0 0 0 0 550 54 0
11111 0 0 0 0 620 63 0
11748 0 0 0 0 621 59 0
12056 0 0 0 0 624 75 0
10799 0 0 0 0 556 51 0
11027 0 0 0 0 576 45 0
11210 0 0 0 0 564 63 0
12186 0 0 0 0 589 79 0
11111 0 0 0 0 613 75 0
10899 0 0 0 0 546 67 0
11476 0 0 0 0 580 69 0
12323 0 0 0 0 594 65 0
12014 0 0 0 0 574 79 0
11859 0 0 0 0 576 71 0
12270 0 0 0 0 646 56 0
11879 0 0 0 0 627 61 0
11926 0 0 0 0 623 71 0
11280 0 0 0 0 603 57 0
11493 0 0 0 0 661 63 0
12088 0 0 0 0 645 51 0
11640 0 0 0 0 581 49 0
11023 0 0 0 0 558 62 0
11447 0 0 0 0 589 57 0
12130 0 0 0 0 653 55 0
10900 0 0 0 0 561 41 0
10748 0 0 0 0 567 51 0
11509 0 0 0 0 619 45 0
11937 0 0 0 0 635 50 0
10929 0 0 0 0 578 44 0
11462 0 0 0 0 557 61 0
11934 0 0 0 0 618 52 0
12377 0 0 0 0 598 55 0
10284 0 0 0 0 532 45 0
11610 0 0 0 0 568 48 0
11035 0 0 0 0 546 43 0
12001 0 0 0 0 601 52 0
10942 0 0 0 0 532 38 0
11055 0 0 0 0 543 42 0
11059 0 0 0 0 565 60 0
11596 0 0 0 0 621 45 0
10545 0 0 0 0 543 32 0
10983 0 0 0 0 576 36 0
11273 0 0 0 0 585 42 0
11808 0 0 0 0 620 34 0
10726 0 0 0 0 545 38 0
11711 0 0 0 0 595 41 0
11610 0 0 0 0 581 37 0
12029 0 0 0 0 623 45 0
10813 0 0 0 0 566 36 0
11641 0 0 0 0 614 49 0
11019 0 0 0 0 617 44 0
11211 0 0 0 0 596 47 0
11453 0 0 0 0 633 40 0
11925 0 0 0 0 591 36 0
11150 0 0 0 0 567 40 0
12233 0 0 0 0 586 46 0
11418 0 0 0 0 596 40 0
11012 0 0 0 0 555 25 0
11172 0 0 0 0 549 36 0
11811 0 0 0 0 581 27 0
10949 0 0 0 0 519 37 0
11569 0 0 0 0 567 36 0
11059 0 0 0 0 561 32 0
11709 0 0 0 0 610 28 0
11215 0 0 0 0 577 31 0
11329 0 0 0 0 589 29 0
11752 0 0 0 0 617 36 0
11492 0 0 0 0 630 52 0
10493 0 0 0 0 593 31 0
11114 0 0 0 0 574 26 0
10727 0 0 0 0 542 36 0
11716 0 0 0 0 603 28 0
11042 0 0 0 0 582 31 0
11004 0 0 0 0 579 39 0
10894 0 0 0 0 567 30 0
11469 0 0 0 0 682 22 0
11057 0 0 0 0 609 31 0
11565 0 0 0 0 602 35 0
11339 0 0 0 0 580 13 0
12252 0 0 0 0 613 32 0
11063 0 0 0 0 581 26 0
11317 0 0 0 0 544 24 0
10651 0 0 0 0 523 37 0
11903 0 0 0 0 582 27 0
11268 0 0 0 0 563 30 0
9726 0 0 0 0 659 20 0
11646 0 0 0 0 597 28 0
9871 0 0 0 0 936 30 0
10912 0 0 0 0 574 21 0
11350 0 0 0 0 584 24 0
11239 0 0 0 0 576 18 0
12349 0 0 0 0 640 31 0
10987 0 0 0 0 580 29 0
11088 0 0 0 0 566 21 0
11361 0 0 0 0 569 20 0
8833 0 0 0 0 1028 17 0
11547 0 0 0 0 589 26 0
11396 0 0 0 0 593 19 0
11253 0 0 0 0 595 30 0
11695 0 0 0 0 621 27 0
11107 0 0 0 0 590 22 0
7091 0 0 0 0 950 6 0
12130 0 0 0 0 598 22 0
12275 0 0 0 0 634 21 0
11844 0 0 0 0 589 32 0
11852 0 0 0 0 578 18 0
11900 0 0 0 0 581 21 0
11800 0 0 0 0 588 14 0
8788 0 0 0 0 906 16 0
11849 0 0 0 0 603 27 0
9369 0 0 0 0 1012 14 0
8567 0 0 0 0 1120 13 0
9087 0 0 0 0 1035 26 0
9345 0 0 0 0 871 22 0
10337 0 0 0 0 757 11 0
10844 0 0 0 0 812 14 0
10073 0 0 0 0 543 24 0
11521 0 0 0 0 611 25 0
9077 0 0 0 0 513 18 0
8016 0 0 0 0 693 16 0
11328 0 0 0 0 595 14 0
9525 0 0 0 0 511 9 0
11203 0 0 0 0 591 15 0
9084 0 0 0 0 983 12 0
8699 0 0 0 0 782 18 0
11135 0 0 0 0 597 16 0
11703 0 0 0 0 615 15 0
9968 0 0 0 0 1064 16 0
11393 0 0 0 0 579 15 0
11666 0 0 0 0 578 20 0
10343 0 0 0 0 756 14 0
10139 0 0 0 0 490 15 0
9829 0 0 0 0 759 13 0
11172 0 0 0 0 544 9 0
6631 0 0 0 0 1316 9 0
11644 0 0 0 0 597 15 0
11470 0 0 0 0 580 19 0
8916 0 0 0 0 960 15 0
11431 0 0 0 0 582 11 0
10255 0 0 0 0 814 14 0
8827 0 0 0 0 856 7 0
9316 0 0 0 0 706 17 0
11273 0 0 0 0 577 17 0
12086 0 0 0 0 605 13 0
11183 0 0 0 0 567 18 0
11121 0 0 0 0 819 12 0
8169 0 0 0 0 714 10 0
11242 0 0 0 0 592 13 0
10705 0 0 0 0 559 15 0
8659 0 0 0 0 794 7 0
11552 0 0 0 0 608 15 0
12347 0 0 0 0 642 10 0
11141 0 0 0 0 569 16 0
10372 0 0 0 0 782 17 0
10395 0 0 0 0 716 15 0
8542 0 0 0 0 764 20 0
9140 0 0 0 0 782 5 0
11608 0 0 0 0 575 10 0
11880 0 0 0 0 556 7 0
12339 0 0 0 0 586 21 0
11180 0 0 0 0 532 8 0
11169 0 0 0 0 591 15 0
11614 0 0 0 0 590 12 0
12140 0 0 0 0 626 7 0
10964 0 0 0 0 576 10 0
11121 0 0 0 0 572 12 0
9946 0 0 0 0 716 11 0
9899 0 0 0 0 722 13 0
9097 0 0 0 0 927 11 0
9839 0 0 0 0 710 5 0
11066 0 0 0 0 569 21 0
12171 0 0 0 0 629 20 0
9042 0 0 0 0 494 12 0
10756 0 0 0 0 563 6 0
11729 0 0 0 0 611 17 0
11536 0 0 0 0 763 10 0
8760 0 0 0 0 871 4 0
9341 0 0 0 0 1013 6 0
9854 0 0 0 0 323 10 0
7920 0 0 0 0 0 6 0
11656 0 0 0 0 546 13 0
9433 0 0 0 0 682 3 0
10838 0 0 0 0 663 14 0
11832 0 0 0 0 569 9 0
11402 0 0 0 0 545 12 0
9838 0 0 0 0 706 6 0
8356 0 0 0 0 777 4 0
12606 0 0 0 0 651 4 0
12347 0 0 0 0 652 8 0
12046 0 0 0 0 615 13 0
11313 0 0 0 0 581 18 0
11599 0 0 0 0 606 9 0
11494 0 0 0 0 579 7 0
11116 0 0 0 0 560 7 0
11665 0 0 0 0 603 6 0
11797 0 0 0 0 607 17 0
11212 0 0 0 0 579 13 0
9441 0 0 0 0 489 2 0
11303 0 0 0 0 606 8 0
10026 0 0 0 0 557 5 0
11718 0 0 0 0 609 11 0
10836 0 0 0 0 550 4 0
11604 0 0 0 0 599 9 0
10528 0 0 0 0 616 9 0
7920 0 0 0 0 456 5 0
11613 0 0 0 0 657 8 0
10737 0 0 0 0 548 13 0
11554 0 0 0 0 595 4 0
7297 0 0 0 0 485 8 0
11819 0 0 0 0 557 7 0
9193 0 0 0 0 632 7 0
9585 0 0 0 0 507 5 0
10824 0 0 0 0 558 5 0
9142 0 0 0 0 632 5 0
9966 0 0 0 0 543 10 0
9322 0 0 0 0 547 6 0
11123 0 0 0 0 615 4 0
9306 0 0 0 0 638 7 0
9336 0 0 0 0 562 2 0
11625 0 0 0 0 642 8 0
7947 0 0 0 0 426 3 0
10359 0 0 0 0 532 9 0
9140 0 0 0 0 476 4 0
10403 0 0 0 0 530 5 0
11282 0 0 0 0 588 9 0
12055 0 0 0 0 605 2 0
11762 0 0 0 0 603 8 0
12083 0 0 0 0 630 9 0
6303 0 0 0 0 400 5 0
10500 0 0 0 0 550 4 0
10638 0 0 0 0 551 2 0
12159 0 0 0 0 610 3 0
12164 0 0 0 0 577 10 0
10965 0 0 0 0 565 2 0
11436 0 0 0 0 557 8 0
12082 0 0 0 0 585 5 0
10656 0 0 0 0 521 7 0
9294 0 0 0 0 527 6 0
11449 0 0 0 0 573 6 0
11591 0 0 0 0 599 7 0
11379 0 0 0 0 592 9 0
11201 0 0 0 0 558 2 0
11506 0 0 0 0 585 4 0
11467 0 0 0 0 574 7 0
9152 0 0 0 0 501 6 0
8064 0 0 0 0 439 5 0
9467 0 0 0 0 576 4 0
10609 0 0 0 0 537 6 0
10957 0 0 0 0 567 3 0
8788 0 0 0 0 641 2 0
9789 0 0 0 0 518 4 0
10655 0 0 0 0 551 9 0
8786 0 0 0 0 586 8 0
9080 0 0 0 0 560 7 0
8965 0 0 0 0 537 2 0
11377 0 0 0 0 635 4 0
11379 0 0 0 0 606 3 0
9345 0 0 0 0 494 2 0
11492 0 0 0 0 570 7 0
12230 0 0 0 0 582 4 0
8724 0 0 0 0 607 0 0
7776 0 0 0 0 599 2 0
9905 0 0 0 0 535 4 0
9940 0 0 0 0 619 3 0
11512 0 0 0 0 603 10 0
9097 0 0 0 0 528 3 0
10009 0 0 0 0 562 4 0
11686 0 0 0 0 596 3 0
9016 0 0 0 0 537 5 0
10188 0 0 0 0 541 2 0
8159 0 0 0 0 475 2 0
11875 0 0 0 0 607 7 0
10862 0 0 0 0 566 1 0
8885 0 0 0 0 535 2 0
8426 0 0 0 0 549 2 0
12244 0 0 0 0 614 4 0
11786 0 0 0 0 599 4 0
11074 0 0 0 0 610 4 0
11115 0 0 0 0 604 4 0
9049 0 0 0 0 500 2 0
10906 0 0 0 0 577 3 0
11441 0 0 0 0 602 5 0
11978 0 0 0 0 574 1 0
11587 0 0 0 0 592 1 0
11947 0 0 0 0 566 9 0
11584 0 0 0 0 564 4 0
11528 0 0 0 0 561 4 0
11529 0 0 0 0 569 1 0
11101 0 0 0 0 543 3 0
10985 0 0 0 0 562 4 0
11476 0 0 0 0 579 9 0
12103 0 0 0 0 624 1 0
8460 0 0 0 0 463 2 0
10491 0 0 0 0 559 3 0
7879 0 0 0 0 542 3 0
11701 0 0 0 0 613 3 0
9712 0 0 0 0 512 1 0
11615 0 0 0 0 638 1 0
11068 0 0 0 0 582 4 0
11891 0 0 0 0 612 4 0
11767 0 0 0 0 599 4 0
11427 0 0 0 0 596 1 0
11567 0 0 0 0 596 3 0
11817 0 0 0 0 626 1 0
7607 0 0 0 0 438 2 0
9324 0 0 0 0 506 1 0
9626 0 0 0 0 590 2 0
12050 0 0 0 0 616 4 0
10878 0 0 0 0 613 3 0
10225 0 0 0 0 533 1 0
10015 0 0 0 0 576 0 0
9940 0 0 0 0 632 0 0
9890 0 0 0 0 507 4 0
11180 0 0 0 0 549 4 0
9785 0 0 0 0 601 3 0
11341 0 0 0 0 573 1 0
9744 0 0 0 0 537 2 0
7914 0 0 0 0 647 6 0
10522 0 0 0 0 563 1 0
12244 0 0 0 0 623 1 0
9528 0 0 0 0 559 3 0
8546 0 0 0 0 645 4 0
11315 0 0 0 0 599 2 0
11359 0 0 0 0 611 4 0
8934 0 0 0 0 533 2 0
8950 0 0 0 0 535 2 0
11348 0 0 0 0 600 5 0
11790 0 0 0 0 598 5 0
5879 0 0 0 0 450 2 0
10381 0 0 0 0 541 6 0
9951 0 0 0 0 518 1 0
11607 0 0 0 0 623 6 0
9198 0 0 0 0 558 2 0
8291 0 0 0 0 460 0 0
9314 0 0 0 0 533 1 0
10174 0 0 0 0 650 5 0
10010 0 0 0 0 604 2 0
8990 0 0 0 0 517 2 0
10792 0 0 0 0 652 3 0
7535 0 0 0 0 548 1 0
9833 0 0 0 0 529 2 0
8753 0 0 0 0 693 1 0
10417 0 0 0 0 528 1 0
10532 0 0 0 0 528 5 0
10261 0 0 0 0 533 3 0
11311 0 0 0 0 616 3 0
10787 0 0 0 0 600 1 0
9452 0 0 0 0 532 3 0
9373 0 0 0 0 581 5 0
9423 0 0 0 0 588 0 0
11619 0 0 0 0 599 2 0
9425 0 0 0 0 537 1 0
11084 0 0 0 0 560 1 0
11474 0 0 0 0 599 3 0
11225 0 0 0 0 584 2 0
8121 0 0 0 0 552 3 0
9559 0 0 0 0 580 0 0
10603 0 0 0 0 557 0 0
7851 0 0 0 0 481 1 0
11563 0 0 0 0 610 0 0
11231 0 0 0 0 587 3 0
11371 0 0 0 0 567 2 0
11236 0 0 0 0 562 1 0
11589 0 0 0 0 602 2 0
10590 0 0 0 0 527 0 0
10776 0 0 0 0 535 0 0
11295 0 0 0 0 550 1 0
11684 0 0 0 0 560 3 0
11101 0 0 0 0 546 5 0
10968 0 0 0 0 557 1 0
11583 0 0 0 0 616 0 0
11514 0 0 0 0 596 4 0
11378 0 0 0 0 594 4 0
9910 0 0 0 0 655 1 0
8800 0 0 0 0 570 1 0
9623 0 0 0 0 557 1 0
9405 0 0 0 0 605 0 0
9943 0 0 0 0 585 3 0
9526 0 0 0 0 541 2 0
9688 0 0 0 0 606 0 0
10600 0 0 0 0 591 1 0
11034 0 0 0 0 572 2 0
9132 0 0 0 0 684 3 0
11261 0 0 0 0 592 1 0
11550 0 0 0 0 599 0 0
11632 0 0 0 0 595 2 0
11248 0 0 0 0 549 1 0
9489 0 0 0 0 637 1 0
8720 0 0 0 0 679 0 0
9112 0 0 0 0 566 1 0
11088 0 0 0 0 549 1 0
11910 0 0 0 0 589 2 0
10216 0 0 0 0 617 0 0
9032 0 0 0 0 516 0 0
9991 0 0 0 0 648 0 0
11076 0 0 0 0 649 0 0
9786 0 0 0 0 548 1 0
10023 0 0 0 0 571 1 0
10608 0 0 0 0 559 3 0
11204 0 0 0 0 625 2 0
8972 0 0 0 0 558 2 0
9816 0 0 0 0 529 0 0
11327 0 0 0 0 577 2 0
9351 0 0 0 0 574 3 0
11398 0 0 0 0 586 0 0
8432 0 0 0 0 460 0 0
11509 0 0 0 0 649 0 0
6729 0 0 0 0 548 1 0
8861 0 0 0 0 582 1 0
10998 0 0 0 0 592 1 0
10580 0 0 0 0 624 1 0
8290 0 0 0 0 503 0 0
11304 0 0 0 0 598 4 0
11417 0 0 0 0 561 7 0
11508 0 0 0 0 597 3 0
12458 0 0 0 0 604 2 0
11561 0 0 0 0 559 0 0
9377 0 0 0 0 507 0 0
8846 0 0 0 0 522 1 0
7653 0 0 0 0 638 1 0
9961 0 0 0 0 556 0 0
10939 0 0 0 0 568 1 0
9208 0 0 0 0 492 1 0
9708 0 0 0 0 659 1 0
10867 0 0 0 0 582 0 0
11422 0 0 0 0 593 0 0
11662 0 0 0 0 601 0 0
11556 0 0 0 0 579 2 0
9269 0 0 0 0 575 0 0
10361 0 0 0 0 606 2 0
7951 0 0 0 0 432 0 0
9337 0 0 0 0 595 0 0
9091 0 0 0 0 499 0 0
11280 0 0 0 0 627 2 0
9455 0 0 0 0 654 0 0
9642 0 0 0 0 573 0 0
9898 0 0 0 0 573 1 0
8857 0 0 0 0 542 2 0
11381 0 0 0 0 605 0 0
11290 0 0 0 0 706 1 0
8361 0 0 0 0 556 1 0
10021 0 0 0 0 678 0 0
9643 0 0 0 0 612 0 0
8268 0 0 0 0 446 0 0
6342 0 0 0 0 524 3 0
11638 0 0 0 0 557 4 0
8937 0 0 0 0 513 0 0
11341 0 0 0 0 557 2 0
12084 0 0 0 0 640 0 0
12180 0 0 0 0 634 1 0
11680 0 0 0 0 594 0 0
12289 0 0 0 0 644 0 0
11163 0 0 0 0 562 1 0
10563 0 0 0 0 536 0 0
11175 0 0 0 0 578 1 0
11727 0 0 0 0 610 0 0
10989 0 0 0 0 590 2 0
10757 0 0 0 0 566 0 0
8964 0 0 0 0 504 0 0
8699 0 0 0 0 563 2 0
8179 0 0 0 0 547 0 0
9322 0 0 0 0 593 0 0
11794 0 0 0 0 604 0 0
9802 0 0 0 0 553 0 0
10772 0 0 0 0 565 0 0
10085 0 0 0 0 528 0 0
8069 0 0 0 0 461 0 0
9541 0 0 0 0 518 3 0
11426 0 0 0 0 552 0 0
9307 0 0 0 0 590 0 0
10262 0 0 0 0 508 0 0
9816 0 0 0 0 588 0 0
9900 0 0 0 0 594 1 0
9818 0 0 0 0 595 0 0
10361 0 0 0 0 541 2 0
10894 0 0 0 0 664 0 0
8740 0 0 0 0 450 1 0
12089 0 0 0 0 636 2 0
8022 0 0 0 0 668 0 0
11736 0 0 0 0 622 1 0
10280 0 0 0 0 532 1 0
8069 0 0 0 0 636 0 0
9067 0 0 0 0 628 2 0
11992 0 0 0 0 603 0 0
8650 0 0 0 0 488 0 0
9545 0 0 0 0 493 3 0
11727 0 0 0 0 606 1 0
12091 0 0 0 0 636 0 0
8084 0 0 0 0 446 0 0
9980 0 0 0 0 533 1 0
8633 0 0 0 0 460 0 0
11147 0 0 0 0 585 0 0
9277 0 0 0 0 687 0 0
9046 0 0 0 0 477 0 0
10259 0 0 0 0 573 0 0
10247 0 0 0 0 612 1 0
9955 0 0 0 0 555 0 0
10093 0 0 0 0 546 1 0
10291 0 0 0 0 551 4 0
9104 0 0 0 0 542 1 0
10853 0 0 0 0 524 0 0
9090 0 0 0 0 540 0 0
10085 0 0 0 0 616 0 0
10593 0 0 0 0 545 0 0
10860 0 0 0 0 553 0 0
8048 0 0 0 0 493 1 0
11459 0 0 0 0 616 0 0
11143 0 0 0 0 606 1 0
11116 0 0 0 0 614 1 0
10010 0 0 0 0 532 0 0
10159 0 0 0 0 689 0 0
12150 0 0 0 0 652 0 0
8275 0 0 0 0 528 0 0
10372 0 0 0 0 547 1 0
10676 0 0 0 0 551 0 0
8503 0 0 0 0 564 1 0
10274 0 0 0 0 553 0 0
8855 0 0 0 0 572 0 0
10768 0 0 0 0 579 0 0
10288 0 0 0 0 621 0 0
11020 0 0 0 0 569 1 0
11751 0 0 0 0 620 0 0
11795 0 0 0 0 580 0 0
11413 0 0 0 0 594 1 0
11959 0 0 0 0 580 1 0
11338 0 0 0 0 553 0 0
12078 0 0 0 0 589 0 0
11718 0 0 0 0 562 1 0
10794 0 0 0 0 554 1 0
10926 0 0 0 0 559 1 0
11663 0 0 0 0 604 0 0
11974 0 0 0 0 636 0 0
11417 0 0 0 0 610 1 0
11412 0 0 0 0 598 0 0
11446 0 0 0 0 590 0 0
12254 0 0 0 0 629 0 0
9160 0 0 0 0 566 0 0
10539 0 0 0 0 664 0 0
8562 0 0 0 0 559 1 0
11603 0 0 0 0 635 0 0
8609 0 0 0 0 561 0 0
11462 0 0 0 0 630 1 0
9418 0 0 0 0 546 0 0
10184 0 0 0 0 655 0 0
11165 0 0 0 0 585 0 0
9905 0 0 0 0 576 0 0
10512 0 0 0 0 546 0 0
7637 0 0 0 0 495 0 0
9926 0 0 0 0 485 0 0
10290 0 0 0 0 507 0 0
10152 0 0 0 0 499 0 0
12203 0 0 0 0 580 0 0
9556 0 0 0 0 495 1 0
11690 0 0 0 0 587 0 0
11292 0 0 0 0 590 0 0
10775 0 0 0 0 568 0 0
10924 0 0 0 0 564 0 0
11582 0 0 0 0 607 0 0
11542 0 0 0 0 642 0 0
11903 0 0 0 0 621 0 0
9645 0 0 0 0 499 0 0
10215 0 0 0 0 524 1 0
11388 0 0 0 0 588 1 0
11903 0 0 0 0 621 0 0
10400 0 0 0 0 598 0 0
9870 0 0 0 0 577 0 0
7903 0 0 0 0 629 0 0
11953 0 0 0 0 629 1 0
11233 0 0 0 0 579 0 0
10986 0 0 0 0 564 0 0
11819 0 0 0 0 590 0 0
10232 0 0 0 0 670 0 0
10484 0 0 0 0 551 0 0
10057 0 0 0 0 496 0 0
11402 0 0 0 0 564 0 0
12212 0 0 0 0 600 0 0
11852 0 0 0 0 575 0 0
12068 0 0 0 0 581 0 0
11293 0 0 0 0 582 0 0
12028 0 0 0 0 611 0 0
8370 0 0 0 0 478 0 0
10499 0 0 0 0 547 0 0
10775 0 0 0 0 578 1 0
11514 0 0 0 0 602 0 0
8583 0 0 0 0 575 1 0
9715 0 0 0 0 613 0 0
10158 0 0 0 0 516 0 0
9973 0 0 0 0 615 0 0
9193 0 0 0 0 507 0 0
11714 0 0 0 0 602 0 0
9551 0 0 0 0 665 0 0
8817 0 0 0 0 474 1 0
10933 0 0 0 0 568 0 0
11893 0 0 0 0 624 0 0
12272 0 0 0 0 627 2 0
12152 0 0 0 0 613 1 0
9632 0 0 0 0 545 0 0
9340 0 0 0 0 610 0 0
11718 0 0 0 0 569 0 0
11910 0 0 0 0 590 0 0
11644 0 0 0 0 576 0 0
11127 0 0 0 0 550 0 0
11509 0 0 0 0 569 0 0
12247 0 0 0 0 632 0 0
11313 0 0 0 0 579 1 0
8904 0 0 0 0 567 0 0
10402 0 0 0 0 629 0 0
11912 0 0 0 0 621 0 0
11431 0 0 0 0 615 0 0
9678 0 0 0 0 603 0 0
10876 0 0 0 0 560 0 0
10687 0 0 0 0 646 0 0
9439 0 0 0 0 509 0 0
11128 0 0 0 0 568 1 0
9649 0 0 0 0 805 0 0
10764 0 0 0 0 679 0 0
8067 0 0 0 0 531 0 0
10366 0 0 0 0 676 0 0
9314 0 0 0 0 590 0 0
10788 0 0 0 0 600 0 0
9028 0 0 0 0 487 2 0
11317 0 0 0 0 575 0 0
11648 0 0 0 0 547 1 0
8894 0 0 0 0 556 0 0
10190 0 0 0 0 528 0 0
7462 0 0 0 0 433 0 0
8766 0 0 0 0 448 0 0
11107 0 0 0 0 563 0 0
9541 0 0 0 0 514 0 0
10232 0 0 0 0 556 0 0
11409 0 0 0 0 575 0 0
11394 0 0 0 0 577 0 0
11840 0 0 0 0 617 0 0
10889 0 0 0 0 570 0 0
11392 0 0 0 0 582 0 0
12299 0 0 0 0 639 0 0
11854 0 0 0 0 605 0 0
11113 0 0 0 0 571 0 0
11512 0 0 0 0 577 0 0
12372 0 0 0 0 627 1 0
11205 0 0 0 0 571 0 0
11513 0 0 0 0 616 0 0
12026 0 0 0 0 637 0 0
10074 0 0 0 0 544 0 0
10096 0 0 0 0 623 0 0
6000 0 0 0 0 590 1 0
11136 0 0 0 0 547 0 0
12030 0 0 0 0 599 0 0
9108 0 0 0 0 457 0 0
11632 0 0 0 0 601 0 0
11572 0 0 0 0 580 0 0
11788 0 0 0 0 582 0 0
10821 0 0 0 0 526 0 0
11828 0 0 0 0 574 0 0
11343 0 0 0 0 577 0 0
11907 0 0 0 0 604 0 0
9827 0 0 0 0 559 0 0
10356 0 0 0 0 593 0 0
10675 0 0 0 0 659 0 0
9356 0 0 0 0 633 0 0
7113 0 0 0 0 459 0 0
11015 0 0 0 0 588 0 0
10060 0 0 0 0 627 0 0
8973 0 0 0 0 548 1 0
11061 0 0 0 0 574 1 0
8875 0 0 0 0 560 0 0
10767 0 0 0 0 559 0 0
11196 0 0 0 0 579 0 0
10695 0 0 0 0 560 0 0
10880 0 0 0 0 603 0 0
11991 0 0 0 0 646 0 0
11669 0 0 0 0 600 0 0
11234 0 0 0 0 542 0 0
11539 0 0 0 0 544 0 0
8641 0 0 0 0 486 0 0
12132 0 0 0 0 593 0 0
11183 0 0 0 0 554 0 0
10329 0 0 0 0 515 0 0
8866 0 0 0 0 566 0 0
10601 0 0 0 0 653 0 0
9994 0 0 0 0 513 0 0
11769 0 0 0 0 676 0 0
11362 0 0 0 0 622 2 0
12313 0 0 0 0 627 0 0
12183 0 0 0 0 644 0 0
10549 0 0 0 0 564 0 0
9540 0 0 0 0 554 0 0
11339 0 0 0 0 582 0 0
12208 0 0 0 0 616 0 0
11906 0 0 0 0 610 0 0
12555 0 0 0 0 655 0 0
11981 0 0 0 0 615 0 0
12374 0 0 0 0 648 1 0
11357 0 0 0 0 605 0 0
11209 0 0 0 0 601 0 0
12071 0 0 0 0 674 0 0
11169 0 0 0 0 583 0 0
11942 0 0 0 0 36 0 0
11833 0 0 0 0 27 0 0
12141 0 0 0 0 27 0 0
12525 0 0 0 0 28 0 0
11517 0 0 0 0 27 2 0
8398 0 0 0 0 20 0 0
10127 0 0 0 0 25 0 0
9538 0 0 0 0 24 0 0
10822 0 0 0 0 26 0 0
9639 0 0 0 0 23 0 0
11621 0 0 0 0 27 0 0
11053 0 0 0 0 26 0 0
8852 0 0 0 0 20 0 0
9257 0 0 0 0 22 0 0
12549 0 0 0 0 25 0 0
9552 0 0 0 0 21 0 0
11720 0 0 0 0 7 1 0
12003 0 0 0 0 348 0 0
11869 0 0 0 0 598 0 0
8649 0 0 0 0 463 0 0
9107 0 0 0 0 690 0 0
9263 0 0 0 0 895 0 0
12235 0 0 0 0 644 0 0
9587 0 0 0 0 758 0 0
11486 0 0 0 0 635 0 0
10325 0 0 0 0 510 0 0
11122 0 0 0 0 588 0 0
8965 0 0 0 0 451 0 0
11274 0 0 0 0 545 0 0
12399 0 0 0 0 591 0 0
7899 0 0 0 0 575 0 0
10155 0 0 0 0 495 0 0
7956 0 0 0 0 530 0 0
11289 0 0 0 0 588 0 0
12092 0 0 0 0 653 0 0
11175 0 0 0 0 589 1 0
11192 0 0 0 0 571 0 0
11219 0 0 0 0 567 0 0
11546 0 0 0 0 592 0 0
11530 0 0 0 0 614 0 0
11797 0 0 0 0 612 0 0
12056 0 0 0 0 617 0 0
11114 0 0 0 0 587 0 0
11149 0 0 0 0 596 0 0
11229 0 0 0 0 566 0 0
11652 0 0 0 0 593 0 0
11844 0 0 0 0 606 0 0
11066 0 0 0 0 581 0 0
9067 0 0 0 0 630 0 0
9421 0 0 0 0 469 0 0
12111 0 0 0 0 626 0 0
8289 0 0 0 0 427 0 0
11689 0 0 0 0 565 0 0
11587 0 0 0 0 557 0 0
11056 0 0 0 0 529 0 0
11382 0 0 0 0 549 0 0
10830 0 0 0 0 562 2 0
11473 0 0 0 0 602 0 0
11799 0 0 0 0 621 0 0
7162 0 0 0 0 452 0 0
11695 0 0 0 0 608 0 0
9573 0 0 0 0 512 0 0
11602 0 0 0 0 585 0 0
9842 0 0 0 0 676 0 0
11209 0 0 0 0 591 0 0
12127 0 0 0 0 636 0 0
9623 0 0 0 0 560 0 0
10478 0 0 0 0 596 0 0
11011 0 0 0 0 576 0 0
11719 0 0 0 0 612 0 0
11249 0 0 0 0 569 0 0
10252 0 0 0 0 716 0 0
11497 0 0 0 0 590 0 0
11734 0 0 0 0 616 0 0
11608 0 0 0 0 585 0 0
11361 0 0 0 0 562 0 0
11862 0 0 0 0 631 1 0
11625 0 0 0 0 572 0 0
11658 0 0 0 0 568 0 0
8822 0 0 0 0 465 0 0
7605 0 0 0 0 468 0 0
10993 0 0 0 0 525 0 0
10133 0 0 0 0 643 0 0
8621 0 0 0 0 492 0 0
10213 0 0 0 0 525 0 0
8493 0 0 0 0 441 0 0
8809 0 0 0 0 575 0 0
10943 0 0 0 0 570 0 0
10681 0 0 0 0 539 0 0
9363 0 0 0 0 521 0 0
9025 0 0 0 0 477 0 0
10020 0 0 0 0 552 0 0
9523 0 0 0 0 553 0 0
7320 0 0 0 0 539 0 0
10739 0 0 0 0 551 0 0
8845 0 0 0 0 528 0 0
10988 0 0 0 0 561 0 0
11249 0 0 0 0 590 0 0
7879 0 0 0 0 603 0 0
9518 0 0 0 0 662 0 0
7861 0 0 0 0 482 0 0
10507 0 0 0 0 554 0 0
9520 0 0 0 0 499 0 0
8734 0 0 0 0 508 0 0
11071 0 0 0 0 576 0 0
10373 0 0 0 0 554 0 0
12257 0 0 0 0 595 0 0
10421 0 0 0 0 509 0 0
9533 0 0 0 0 487 0 0
10399 0 0 0 0 549 0 0
10952 0 0 0 0 554 0 0
10350 0 0 0 0 527 0 0
11022 0 0 0 0 568 0 0
8651 0 0 0 0 629 0 0
9283 0 0 0 0 588 0 0
10306 0 0 0 0 543 0 0
7747 0 0 0 0 467 0 0
8469 0 0 0 0 573 0 0
8625 0 0 0 0 468 0 0
10390 0 0 0 0 531 0 0
8891 0 0 0 0 451 0 0
9945 0 0 0 0 579 0 0
8425 0 0 0 0 480 0 0
9898 0 0 0 0 602 0 0
8770 0 0 0 0 524 0 0
8462 0 0 0 0 470 0 0
8212 0 0 0 0 438 0 0
7941 0 0 0 0 481 0 0
8624 0 0 0 0 537 0 0
10623 0 0 0 0 553 0 0
9386 0 0 0 0 558 0 0
9824 0 0 0 0 489 0 0
10513 0 0 0 0 551 0 0
10463 0 0 0 0 515 0 0
8691 0 0 0 0 514 0 0
10139 0 0 0 0 498 0 0
10159 0 0 0 0 547 0 0
11388 0 0 0 0 581 0 0
9569 0 0 0 0 536 0 0
8600 0 0 0 0 559 0 0
8296 0 0 0 0 437 0 0
10262 0 0 0 0 527 0 0
8907 0 0 0 0 614 0 0
10494 0 0 0 0 542 0 0
10763 0 0 0 0 564 0 0
11157 0 0 0 0 572 0 0
7226 0 0 0 0 492 0 0
9704 0 0 0 0 502 0 0
7681 0 0 0 0 408 0 0
7239 0 0 0 0 521 0 0
8266 0 0 0 0 552 0 0
10596 0 0 0 0 554 0 0
9402 0 0 0 0 511 0 0
10967 0 0 0 0 565 0 0
11495 0 0 0 0 603 0 0
8698 0 0 0 0 510 0 0
9297 0 0 0 0 603 0 0
10571 0 0 0 0 566 0 0
10830 0 0 0 0 548 0 0
11143 0 0 0 0 534 0 0
10246 0 0 0 0 549 0 0
11347 0 0 0 0 544 0 0
11689 0 0 0 0 572 0 0
11047 0 0 0 0 543 0 0
11221 0 0 0 0 541 0 0
10439 0 0 0 0 518 0 0
11120 0 0 0 0 568 0 0
11045 0 0 0 0 567 0 0
10474 0 0 0 0 538 0 0
10940 0 0 0 0 572 0 0
11392 0 0 0 0 600 0 0
11366 0 0 0 0 611 0 0
10033 0 0 0 0 513 0 0
7599 0 0 0 0 535 0 0
10125 0 0 0 0 523 0 0
7481 0 0 0 0 393 0 0
8511 0 0 0 0 453 0 0
9919 0 0 0 0 533 0 0
11272 0 0 0 0 588 0 0
11108 0 0 0 0 570 0 0
8533 0 0 0 0 470 0 0
10767 0 0 0 0 552 0 0
9575 0 0 0 0 537 0 0
8378 0 0 0 0 547 0 0
10162 0 0 0 0 524 0 0
10449 0 0 0 0 515 0 0
11176 0 0 0 0 578 0 0
10104 0 0 0 0 587 0 0
10193 0 0 0 0 488 0 0
10500 0 0 0 0 513 0 0
10562 0 0 0 0 531 2 0
9771 0 0 0 0 501 0 0
9894 0 0 0 0 509 0 0
10024 0 0 0 0 537 0 0
11228 0 0 0 0 571 0 0
10662 0 0 0 0 546 0 0
11209 0 0 0 0 576 0 0
10849 0 0 0 0 562 0 0
7090 0 0 0 0 374 0 0
9918 0 0 0 0 523 0 0
10129 0 0 0 0 526 0 0
10007 0 0 0 0 517 0 0
10773 0 0 0 0 565 0 0
10647 0 0 0 0 541 0 0
11137 0 0 0 0 573 0 0
10621 0 0 0 0 547 0 0
8633 0 0 0 0 486 0 0
10428 0 0 0 0 560 0 0
11569 0 0 0 0 622 0 0
11220 0 0 0 0 589 0 0
8317 0 0 0 0 429 0 0
11341 0 0 0 0 561 0 0
10507 0 0 0 0 556 0 0
9250 0 0 0 0 435 0 0
12469 0 0 0 0 604 0 0
9874 0 0 0 0 495 0 0
10332 0 0 0 0 600 0 0
11534 0 0 0 0 574 0 0
11453 0 0 0 0 594 1 0
7214 0 0 0 0 534 0 0
10068 0 0 0 0 569 0 0
10641 0 0 0 0 595 0 0
9510 0 0 0 0 549 0 0
8197 0 0 0 0 575 0 0
10034 0 0 0 0 603 0 0
11143 0 0 0 0 572 0 0
11352 0 0 0 0 585 0 0
10777 0 0 0 0 558 0 0
11398 0 0 0 0 608 0 0
10622 0 0 0 0 534 0 0
11705 0 0 0 0 595 0 0
10877 0 0 0 0 549 0 0
11569 0 0 0 0 611 0 0
11781 0 0 0 0 630 0 0
11507 0 0 0 0 637 0 0
11690 0 0 0 0 619 0 0
8843 0 0 0 0 478 0 0
11104 0 0 0 0 549 0 0
10631 0 0 0 0 561 0 0
9268 0 0 0 0 509 0 0
11732 0 0 0 0 561 0 0
10018 0 0 0 0 581 0 0
11534 0 0 0 0 567 0 0
9125 0 0 0 0 491 0 0
11350 0 0 0 0 602 0 0
11714 0 0 0 0 600 0 0
11205 0 0 0 0 573 0 0
11216 0 0 0 0 577 0 0
10967 0 0 0 0 563 0 0
11357 0 0 0 0 584 0 0
11548 0 0 0 0 606 0 0
10753 0 0 0 0 598 0 0
8135 0 0 0 0 582 0 0
9741 0 0 0 0 616 0 0
11093 0 0 0 0 576 0 0
5271 0 0 0 0 414 0 0
11759 0 0 0 0 617 0 0
11657 0 0 0 0 698 0 0
641 0 0 0 0 2701 0 0
9776 0 0 0 0 754 0 0
11029 0 0 0 0 664 0 0
11335 0 0 0 0 595 0 0
11505 0 0 0 0 617 0 0
9410 0 0 0 0 550 0 0
11881 0 0 0 0 607 0 0
9117 0 0 0 0 600 0 0
10542 0 0 0 0 573 0 0
9041 0 0 0 0 541 0 0
7773 0 0 0 0 551 0 0
11819 0 0 0 0 571 0 0
10516 0 0 0 0 679 0 0
10715 0 0 0 0 555 0 0
11052 0 0 0 0 573 0 0
11414 0 0 0 0 562 0 0
12056 0 0 0 0 609 0 0
10364 0 0 0 0 557 0 0
8627 0 0 0 0 568 0 0
8800 0 0 0 0 532 0 0
8100 0 0 0 0 454 0 0
11020 0 0 0 0 581 0 0
11019 0 0 0 0 601 0 0
12026 0 0 0 0 623 0 0
12039 0 0 0 0 613 0 0
11533 0 0 0 0 584 0 0
8238 0 0 0 0 530 0 0
12099 0 0 0 0 647 0 0
11020 0 0 0 0 647 0 0
10164 0 0 0 0 631 0 0
11478 0 0 0 0 583 0 0
9335 0 0 0 0 475 0 0
11688 0 0 0 0 579 0 0
10889 0 0 0 0 556 0 0
11211 0 0 0 0 551 0 0
11566 0 0 0 0 569 0 0
10047 0 0 0 0 498 0 0
9218 0 0 0 0 541 0 0
8680 0 0 0 0 497 0 0
9927 0 0 0 0 563 0 0
10764 0 0 0 0 658 0 0
11457 0 0 0 0 575 0 0
11419 0 0 0 0 578 0 0
9651 0 0 0 0 553 0 0
11755 1 0 0 0 613 0 0
11450 0 0 0 10344.1 578 0 -1105.88
10607 0 0 0 10344.1 592 0 -262.883
9271 0 0 0 10344.1 460 0 1073.12
12152 0 0 0 10344.1 587 0 -1807.88
11376 0 0 0 10344.1 540 0 -1031.88
9453 0 0 0 10344.1 550 0 891.117
10879 0 0 0 10344.1 526 0 -534.883
9488 0 0 0 10344.1 571 0 856.117
9851 0 0 0 10344.1 573 0 493.117
9904 0 0 0 10344.1 597 0 440.117
12298 0 4 0 10344.1 502 0 -1953.88
11888 0 5 0 10344.1 477 0 -1543.88
11626 0 3 0 10344.1 484 0 -1281.88
9346 0 5 0 10344.1 429 0 998.117
11481 0 6 0 10344.1 442 0 -1136.88
12729 0 4 0 10344.1 509 0 -2384.88
11243 0 7 0 10344.1 413 0 -898.883
11813 0 3 0 10344.1 498 0 -1468.88
11634 0 4 0 10344.1 474 0 -1289.88
12435 0 2 0 10344.1 540 0 -2090.88
11829 0 5 0 10344.1 464 0 -1484.88
9815 0 3 0 10344.1 450 0 529.117
11983 0 3 0 10344.1 498 0 -1638.88
11568 0 5 0 10344.1 442 0 -1223.88
11390 0 4 0 10344.1 467 0 -1045.88
12039 0 3 0 10344.1 493 0 -1694.88
12344 0 4 0 10344.1 512 0 -1999.88
12242 0 4 0 10344.1 501 0 -1897.88
9878 0 3 0 10344.1 488 0 466.117
7546 0 3 0 10344.1 472 0 2798.12
11446 0 3 0 10344.1 478 0 -1101.88
12027 0 5 0 10344.1 470 0 -1682.88
6826 0 2 0 10344.1 357 0 3518.12
11115 0 6 0 10344.1 449 0 -770.883
11883 0 4 0 10344.1 477 0 -1538.88
11838 0 3 0 10344.1 481 0 -1493.88
9285 0 3 0 10344.1 393 0 1059.12
11768 0 5 0 10344.1 466 0 -1423.88
11966 0 3 0 10344.1 510 0 -1621.88
11076 0 4 0 10344.1 466 0 -731.883
11385 0 4 0 10344.1 473 0 -1040.88
11685 0 3 0 10344.1 497 0 -1340.88
11837 0 5 0 10344.1 458 0 -1492.88
12438 0 4 0 10344.1 493 0 -2093.88
12776 0 5 0 10344.1 497 0 -2431.88
12040 0 3 0 10344.1 508 0 -1695.88
11892 0 5 0 10344.1 468 0 -1547.88
8924 0 3 0 10344.1 387 0 1420.12
11492 0 3 0 10344.1 491 0 -1147.88
11592 0 5 0 10344.1 465 0 -1247.88
8856 0 2 0 10344.1 394 0 1488.12
11588 0 3 0 10344.1 497 0 -1243.88
10622 0 6 0 10344.1 401 0 -277.883
8954 0 3 0 10344.1 392 0 1390.12
11503 0 3 0 10344.1 495 0 -1158.88
12187 0 5 0 10344.1 481 0 -1842.88
10954 0 3 0 10344.1 449 0 -609.883
10607 0 4 0 10344.1 436 0 -262.883
8472 0 5 0 10344.1 380 0 1872.12
12311 0 3 0 10344.1 523 0 -1966.88
11193 0 7 0 10344.1 411 0 -848.883
11620 0 4 0 10344.1 467 0 -1275.88
12257 0 4 0 10344.1 499 0 -1912.88
9918 0 5 0 10344.1 388 0 426.117
10887 0 3 0 10344.1 466 0 -542.883
11500 0 5 0 10344.1 442 0 -1155.88
12288 0 4 0 10344.1 490 0 -1943.88
12309 0 4 0 10344.1 503 0 -1964.88
11775 0 3 0 10344.1 499 0 -1430.88
11673 0 5 0 10344.1 474 0 -1328.88
11785 0 2 0 10344.1 514 0 -1440.88
11588 0 4 0 10344.1 458 0 -1243.88
12253 0 4 0 10344.1 521 0 -1908.88
11684 0 4 0 10344.1 478 0 -1339.88
11653 0 3 0 10344.1 494 0 -1308.88
11998 0 5 0 10344.1 469 0 -1653.88
11650 0 4 0 10344.1 476 0 -1305.88
11937 0 4 0 10344.1 489 0 -1592.88
11652 0 4 0 10344.1 478 0 -1307.88
8543 0 2 0 10344.1 445 0 1801.12
11747 0 5 0 10344.1 471 0 -1402.88
8499 0 4 0 10344.1 338 0 1845.12
10682 0 5 0 10344.1 404 0 -337.883
10227 0 6 0 10344.1 384 0 117.117
11640 0 5 0 10344.1 453 0 -1295.88
8919 0 8 0 10344.1 426 0 1425.12
9633 0 3 0 10344.1 405 0 711.117
11202 0 6 0 10344.1 435 0 -857.883
11927 0 7 0 10344.1 425 0 -1582.88
11987 0 6 0 10344.1 466 0 -1642.88
11430 0 6 0 10344.1 442 0 -1085.88
11975 0 6 0 10344.1 455 0 -1630.88
9939 0 3 0 10344.1 401 0 405.117
11558 0 6 0 10344.1 472 0 -1213.88
9782 0 6 0 10344.1 360 0 562.117
8807 0 6 0 10344.1 404 0 1537.12
12202 0 8 0 10344.1 422 0 -1857.88
11780 0 5 0 10344.1 464 0 -1435.88
8541 0 7 0 10344.1 398 0 1803.12
12341 0 8 0 10344.1 496 0 -1996.88
11797 0 5 0 10344.1 463 0 -1452.88
11810 0 7 0 10344.1 426 0 -1465.88
12216 0 5 0 10344.1 477 0 -1871.88
12068 0 9 0 10344.1 412 0 -1723.88
12211 0 5 0 10344.1 464 0 -1866.88
12186 0 6 0 10344.1 460 0 -1841.88
10593 0 6 0 10344.1 402 0 -248.883
10611 0 7 0 10344.1 456 0 -266.883
10106 0 13 0 10344.1 342 0 238.117
12399 0 6 0 10344.1 466 0 -2054.88
11410 0 4 0 10344.1 489 0 -1065.88
10583 0 5 0 10344.1 490 0 -238.883
9168 0 3 0 10344.1 522 0 1176.12
9689 0 10 0 10344.1 347 0 655.117
11037 0 8 0 10344.1 391 0 -692.883
11338 0 9 0 10344.1 397 0 -993.883
7875 0 6 0 10344.1 282 0 2469.12
11007 0 11 0 10344.1 323 0 -662.883
9119 0 10 0 10344.1 296 0 1225.12
11918 0 6 0 10344.1 452 0 -1573.88
12497 0 7 0 10344.1 447 0 -2152.88
11349 0 4 0 10344.1 436 0 -1004.88
12378 0 6 0 10344.1 479 0 -2033.88
12119 0 6 0 10344.1 457 0 -1774.88
11938 0 5 0 10344.1 457 0 -1593.88
11869 0 7 0 10344.1 437 0 -1524.88
11798 0 6 0 10344.1 449 0 -1453.88
11206 0 6 0 10344.1 416 0 -861.883
12237 0 6 0 10344.1 461 0 -1892.88
11987 0 4 0 10344.1 475 0 -1642.88
8118 0 8 0 10344.1 342 0 2226.12
9949 0 8 0 10344.1 355 0 395.117
9416 0 6 0 10344.1 400 0 928.117
8977 0 3 0 10344.1 437 0 1367.12
12716 0 9 0 10344.1 416 0 -2371.88
11831 0 3 0 10344.1 490 0 -1486.88
8668 0 6 0 10344.1 429 0 1676.12
11847 0 7 0 10344.1 412 0 -1502.88
12687 0 10 0 10344.1 415 0 -2342.88
8356 0 5 0 10344.1 375 0 1988.12
8973 0 9 0 10344.1 335 0 1371.12
8790 0 7 0 10344.1 291 0 1554.12
11841 0 6 0 10344.1 459 0 -1496.88
11215 0 3 0 10344.1 500 0 -870.883
6085 0 5 0 10344.1 265 0 4259.12
11210 0 5 0 10344.1 445 0 -865.883
10016 0 10 0 10344.1 332 0 328.117
11040 0 5 0 10344.1 430 0 -695.883
9930 0 4 0 10344.1 400 0 414.117
10445 0 6 0 10344.1 448 0 -100.883
9883 0 11 0 10344.1 367 0 461.117
11494 0 4 0 10344.1 461 0 -1149.88
8954 0 9 0 10344.1 332 0 1390.12
11690 0 7 0 10344.1 420 0 -1345.88
8816 0 6 0 10344.1 323 0 1528.12
10953 0 4 0 10344.1 458 0 -608.883
11550 0 9 0 10344.1 395 0 -1205.88
7434 0 6 0 10344.1 379 0 2910.12
12497 0 12 0 10344.1 352 0 -2152.88
12178 0 8 0 10344.1 428 0 -1833.88
11475 0 6 0 10344.1 438 0 -1130.88
11922 0 6 0 10344.1 452 0 -1577.88
12335 0 6 0 10344.1 451 0 -1990.88
12252 0 10 0 10344.1 404 0 -1907.88
12315 0 7 0 10344.1 444 0 -1970.88
11527 0 10 0 10344.1 358 0 -1182.88
9110 0 10 0 10344.1 272 0 1234.12
12065 0 7 0 10344.1 436 0 -1720.88
7943 0 5 0 10344.1 358 0 2401.12
11522 0 12 0 10344.1 344 0 -1177.88
10311 0 10 0 10344.1 361 0 33.1167
10325 0 8 0 10344.1 404 0 19.1167
6502 0 6 0 10344.1 267 0 3842.12
11177 0 9 0 10344.1 349 0 -832.883
9696 0 12 0 10344.1 337 0 648.117
10655 0 5 0 10344.1 464 0 -310.883
10193 0 8 0 10344.1 356 0 151.117
11593 0 6 0 10344.1 448 0 -1248.88
12105 0 3 0 10344.1 514 0 -1760.88
12018 0 6 0 10344.1 453 0 -1673.88
11003 0 13 0 10344.1 384 0 -658.883
9664 0 7 0 10344.1 471 0 680.117
9836 0 4 0 10344.1 522 0 508.117
9743 0 12 0 10344.1 376 0 601.117
11963 0 5 0 10344.1 486 0 -1618.88
8429 0 9 0 10344.1 305 0 1915.12
11842 0 9 0 10344.1 429 0 -1497.88
9879 0 7 0 10344.1 378 0 465.117
9725 0 3 0 10344.1 463 0 619.117
12345 0 13 0 10344.1 328 0 -2000.88
10748 0 4 0 10344.1 476 0 -403.883
11393 0 9 0 10344.1 369 0 -1048.88
12031 0 8 0 10344.1 417 0 -1686.88
11683 0 9 0 10344.1 383 0 -1338.88
12304 0 4 0 10344.1 491 0 -1959.88
8847 0 10 0 10344.1 368 0 1497.12
11835 0 11 0 10344.1 348 0 -1490.88
11670 0 8 0 10344.1 420 0 -1325.88
11878 0 8 0 10344.1 399 0 -1533.88
8193 0 9 0 10344.1 449 0 2151.12
11969 0 4 0 10344.1 491 0 -1624.88
8519 0 13 0 10344.1 224 0 1825.12
9254 0 4 0 10344.1 444 0 1090.12
10387 0 10 0 10344.1 312 0 -42.8833
9819 0 4 0 10344.1 456 0 525.117
11973 0 13 0 10344.1 311 0 -1628.88
12182 0 8 0 10344.1 432 0 -1837.88
9846 0 7 0 10344.1 507 0 498.117
10490 0 4 0 10344.1 449 0 -145.883
11099 0 6 0 10344.1 407 0 -754.883
8186 0 7 0 10344.1 321 0 2158.12
10218 0 4 0 10344.1 454 0 126.117
11512 0 10 0 10344.1 345 0 -1167.88
9298 0 8 0 10344.1 369 0 1046.12
12705 0 11 0 10344.1 385 0 -2360.88
10306 0 8 0 10344.1 344 0 38.1167
9434 0 11 0 10344.1 373 0 910.117
11741 0 10 0 10344.1 382 0 -1396.88
9352 0 8 0 10344.1 303 0 992.117
11774 0 6 0 10344.1 433 0 -1429.88
12073 0 10 0 10344.1 392 0 -1728.88
11736 0 4 0 10344.1 458 0 -1391.88
11161 0 6 0 10344.1 498 0 -816.883
10976 0 11 0 10344.1 400 0 -631.883
11082 0 6 0 10344.1 418 0 -737.883
11483 0 5 0 10344.1 434 0 -1138.88
11153 0 4 0 10344.1 478 0 -808.883
11821 0 7 0 10344.1 430 0 -1476.88
11648 0 6 0 10344.1 431 0 -1303.88
8592 0 5 0 10344.1 416 0 1752.12
11305 0 10 0 10344.1 373 0 -960.883
12001 0 10 0 10344.1 392 0 -1656.88
11327 0 6 0 10344.1 431 0 -982.883
10484 0 4 0 10344.1 481 0 -139.883
11054 0 7 0 10344.1 377 0 -709.883
11611 0 7 0 10344.1 426 0 -1266.88
12287 0 4 0 10344.1 500 0 -1942.88
9231 0 8 0 10344.1 474 0 1113.12
11248 0 9 0 10344.1 459 0 -903.883
8743 0 9 0 10344.1 449 0 1601.12
10989 0 5 0 10344.1 418 0 -644.883
12033 0 9 0 10344.1 392 0 -1688.88
6816 0 6 0 10344.1 303 0 3528.12
10417 0 10 0 10344.1 307 0 -72.8833
11881 0 9 0 10344.1 392 0 -1536.88
11524 0 4 0 10344.1 466 0 -1179.88
10435 0 9 0 10344.1 329 0 -90.8833
11266 0 12 0 10344.1 353 0 -921.883
8869 0 7 0 10344.1 414 0 1475.12
8708 0 8 0 10344.1 413 0 1636.12
10859 0 4 0 10344.1 513 0 -514.883
10049 0 7 0 10344.1 405 0 295.117
11707 0 12 0 10344.1 328 0 -1362.88
11844 0 8 0 10344.1 408 0 -1499.88
12164 0 9 0 10344.1 406 0 -1819.88
11303 0 6 0 10344.1 422 0 -958.883
9147 0 4 0 10344.1 470 0 1197.12
9229 0 5 0 10344.1 378 0 1115.12
12172 0 7 0 10344.1 425 0 -1827.88
11259 0 7 0 10344.1 417 0 -914.883
11978 0 14 0 10344.1 307 0 -1633.88
11799 0 7 0 10344.1 420 0 -1454.88
11938 0 7 0 10344.1 425 0 -1593.88
11281 0 5 0 10344.1 448 0 -936.883
11919 0 8 0 10344.1 408 0 -1574.88
12377 0 7 0 10344.1 440 0 -2032.88
12350 0 11 0 10344.1 389 0 -2005.88
11877 0 11 0 10344.1 338 0 -1532.88
11675 0 10 0 10344.1 366 0 -1330.88
12020 0 10 0 10344.1 375 0 -1675.88
11452 0 5 0 10344.1 453 0 -1107.88
11993 0 11 0 10344.1 352 0 -1648.88
8108 0 10 0 10344.1 298 0 2236.12
12039 0 7 0 10344.1 405 0 -1694.88
12037 0 7 0 10344.1 439 0 -1692.88
12336 0 11 0 10344.1 343 0 -1991.88
11479 0 6 0 10344.1 444 0 -1134.88
12334 0 9 0 10344.1 393 0 -1989.88
12335 0 7 0 10344.1 454 0 -1990.88
11814 0 6 0 10344.1 453 0 -1469.88
11431 0 7 0 10344.1 432 0 -1086.88
12035 0 4 0 10344.1 492 0 -1690.88
12635 0 9 0 10344.1 408 0 -2290.88
12239 0 9 0 10344.1 387 0 -1894.88
12564 0 5 0 10344.1 499 0 -2219.88
12470 0 8 0 10344.1 428 0 -2125.88
12313 0 8 0 10344.1 421 0 -1968.88
7132 0 3 0 10344.1 502 0 3212.12
10707 0 8 0 10344.1 392 0 -362.883
9657 0 13 0 10344.1 291 0 687.117
9218 0 4 0 10344.1 374 0 1126.12
9002 0 4 0 10344.1 364 0 1342.12
11362 0 13 0 10344.1 318 0 -1017.88
9748 0 8 0 10344.1 346 0 596.117
9680 0 7 0 10344.1 351 0 664.117
11794 0 7 0 10344.1 422 0 -1449.88
11640 0 6 0 10344.1 439 0 -1295.88
11010 0 8 0 10344.1 388 0 -665.883
11886 0 9 0 10344.1 407 0 -1541.88
11632 0 13 0 10344.1 310 0 -1287.88
11787 0 8 0 10344.1 411 0 -1442.88
7856 0 4 0 10344.1 373 0 2488.12
12350 0 9 0 10344.1 427 0 -2005.88
8974 0 9 0 10344.1 404 0 1370.12
9442 0 9 0 10344.1 283 0 902.117
11467 0 13 0 10344.1 307 0 -1122.88
12205 0 10 0 10344.1 379 0 -1860.88
9297 0 3 0 10344.1 477 0 1047.12
9635 0 5 0 10344.1 434 0 709.117
11114 0 5 0 10344.1 427 0 -769.883
9571 0 9 0 10344.1 402 0 773.117
11262 0 14 0 10344.1 283 0 -917.883
11435 0 5 0 10344.1 444 0 -1090.88
8807 0 4 0 10344.1 391 0 1537.12
12523 0 8 0 10344.1 446 0 -2178.88
12138 0 5 0 10344.1 481 0 -1793.88
9035 0 10 0 10344.1 286 0 1309.12
11886 0 4 0 10344.1 483 0 -1541.88
12017 0 9 0 10344.1 396 0 -1672.88
11911 0 9 0 10344.1 391 0 -1566.88
9172 0 7 0 10344.1 345 0 1172.12
11392 0 7 0 10344.1 410 0 -1047.88
12214 0 7 0 10344.1 434 0 -1869.88
12707 0 5 0 10344.1 504 0 -2362.88
11748 0 9 0 10344.1 379 0 -1403.88
12517 0 10 0 10344.1 400 0 -2172.88
12168 0 7 0 10344.1 434 0 -1823.88
10944 0 9 0 10344.1 357 0 -599.883
11018 0 7 0 10344.1 390 0 -673.883
12151 0 10 0 10344.1 415 0 -1806.88
11705 0 6 0 10344.1 445 0 -1360.88
10710 0 8 0 10344.1 499 0 -365.883
8674 0 3 0 10344.1 498 0 1670.12
11051 0 8 0 10344.1 445 0 -706.883
9914 0 8 0 10344.1 330 0 430.117
10382 0 7 0 10344.1 370 0 -37.8833
8948 0 12 0 10344.1 218 0 1396.12
12148 0 9 0 10344.1 409 0 -1803.88
10629 0 6 0 10344.1 429 0 -284.883
11166 0 7 0 10344.1 391 0 -821.883
11883 0 6 0 10344.1 231 0 -1538.88
11665 0 9 0 10344.1 19 0 -1320.88
9398 0 7 0 10344.1 16 0 946.117
10708 0 6 0 10344.1 18 0 -363.883
11522 0 8 0 10344.1 19 0 -1177.88
10182 0 7 0 10344.1 16 0 162.117
9830 0 5 0 10344.1 17 0 514.117
9443 0 5 0 10344.1 18 0 901.117
11489 0 8 0 10344.1 18 0 -1144.88
11162 0 6 0 10344.1 20 0 -817.883
11699 0 11 0 10344.1 17 0 -1354.88
11491 0 9 0 10344.1 19 0 -1146.88
6188 0 6 0 10344.1 11 0 4156.12
9612 0 5 0 10344.1 18 0 732.117
11739 0 5 0 10344.1 20 0 -1394.88
8029 0 6 0 10344.1 13 0 2315.12
12138 0 6 0 10344.1 21 0 -1793.88
9252 0 8 0 10344.1 16 0 1092.12
12408 0 6 0 10344.1 21 0 -2063.88
8894 0 6 0 10344.1 17 0 1450.12
10377 0 6 0 10344.1 17 0 -32.8833
11527 0 7 0 10344.1 20 0 -1182.88
10287 0 5 0 10344.1 18 0 57.1167
9871 0 3 0 10344.1 19 0 473.117
9105 0 7 0 10344.1 16 0 1239.12
11644 0 6 0 10344.1 21 0 -1299.88
8612 0 4 0 10344.1 17 0 1732.12
11443 0 9 0 10344.1 16 0 -1098.88
12149 0 7 0 10344.1 20 0 -1804.88
11396 0 7 0 10344.1 21 0 -1051.88
9386 0 8 0 10344.1 15 0 958.117
11926 0 8 0 10344.1 20 0 -1581.88
12119 0 12 0 10344.1 4 0 -1774.88
8774 0 8 0 10344.1 38 0 1570.12
10262 0 7 0 10344.1 497 0 82.1167
9254 0 12 0 10344.1 464 0 1090.12
10978 0 7 0 10344.1 383 0 -633.883
12564 0 7 0 10344.1 450 0 -2219.88
12334 0 6 0 10344.1 459 0 -1989.88
12211 0 10 0 10344.1 385 0 -1866.88
11398 0 8 0 10344.1 398 0 -1053.88
12498 0 6 0 10344.1 464 0 -2153.88
12561 0 7 0 10344.1 452 0 -2216.88
11765 0 7 0 10344.1 408 0 -1420.88
11390 0 7 0 10344.1 433 0 -1045.88
11975 0 7 0 10344.1 429 0 -1630.88
8504 0 6 0 10344.1 480 0 1840.12
7858 0 4 0 10344.1 373 0 2486.12
8590 0 4 0 10344.1 387 0 1754.12
11706 0 8 0 10344.1 403 0 -1361.88
9648 0 4 0 10344.1 463 0 696.117
11163 0 6 0 10344.1 408 0 -818.883
11578 0 12 0 10344.1 322 0 -1233.88
11545 0 7 0 10344.1 398 0 -1200.88
12482 0 14 0 10344.1 325 0 -2137.88
11253 0 5 0 10344.1 448 0 -908.883
8397 0 6 0 10344.1 450 0 1947.12
11284 0 8 0 10344.1 387 0 -939.883
8903 0 6 0 10344.1 393 0 1441.12
12000 0 9 0 10344.1 395 0 -1655.88
9230 0 5 0 10344.1 378 0 1114.12
11749 0 12 0 10344.1 353 0 -1404.88
9545 0 9 0 10344.1 296 0 799.117
12429 0 10 0 10344.1 404 0 -2084.88
9818 0 4 0 10344.1 401 0 526.117
12181 0 6 0 10344.1 447 0 -1836.88
11729 0 6 0 10344.1 446 0 -1384.88
11953 0 14 0 10344.1 306 0 -1608.88
9672 0 14 0 10344.1 212 0 672.117
9802 0 19 0 10344.1 187 0 542.117
11146 0 20 0 10344.1 157 0 -801.883
11468 0 25 0 10344.1 100 0 -1123.88
11586 0 26 0 10344.1 84 0 -1241.88
11163 0 25 0 10344.1 74 0 -818.883
11357 0 21 0 10344.1 174 0 -1012.88
11481 0 22 0 10344.1 145 0 -1136.88
10917 0 26 0 10344.1 75 0 -572.883
8473 0 25 0 10344.1 109 0 1871.12
10172 0 23 0 10344.1 140 0 172.117
12029 0 25 0 10344.1 119 0 -1684.88
8767 0 25 0 10344.1 78 0 1577.12
9280 0 24 0 10344.1 144 0 1064.12
11317 0 24 0 10344.1 108 0 -972.883
8740 0 21 0 10344.1 87 0 1604.12
10892 0 24 0 10344.1 96 0 -547.883
12176 0 25 0 10344.1 92 0 -1831.88
12435 0 24 0 10344.1 126 0 -2090.88
12570 0 25 0 10344.1 108 0 -2225.88
12411 0 25 0 10344.1 108 0 -2066.88
12039 0 25 0 10344.1 107 0 -1694.88
12489 0 25 0 10344.1 119 0 -2144.88
12621 0 22 0 10344.1 147 0 -2276.88
12580 0 24 0 10344.1 136 0 -2235.88
11905 0 24 0 10344.1 109 0 -1560.88
12778 0 25 0 10344.1 114 0 -2433.88
12710 0 19 0 10344.1 244 0 -2365.88
9191 0 25 0 10344.1 77 0 1153.12
8416 0 24 0 10344.1 173 0 1928.12
9630 0 24 0 10344.1 123 0 714.117
12187 0 24 0 10344.1 127 0 -1842.88
8241 0 23 0 10344.1 135 0 2103.12
9500 0 25 0 10344.1 180 0 844.117
10100 0 23 0 10344.1 175 0 244.117
11565 0 24 0 10344.1 115 0 -1220.88
8936 0 23 0 10344.1 213 0 1408.12
10822 0 25 0 10344.1 88 0 -477.883
12546 0 22 0 10344.1 170 0 -2201.88
12796 0 20 0 10344.1 196 0 -2451.88
12264 0 25 0 10344.1 104 0 -1919.88
9363 0 25 0 10344.1 107 0 981.117
12321 0 24 0 10344.1 125 0 -1976.88
12460 0 23 0 10344.1 140 0 -2115.88
12762 0 25 0 10344.1 119 0 -2417.88
12613 0 25 0 10344.1 106 0 -2268.88
12351 0 25 0 10344.1 105 0 -2006.88
11364 0 26 0 10344.1 105 0 -1019.88
10334 0 25 0 10344.1 120 0 10.1167
10871 0 24 0 10344.1 135 0 -526.883
10263 0 25 0 10344.1 164 0 81.1167
12162 0 23 0 10344.1 147 0 -1817.88
12426 0 23 0 10344.1 143 0 -2081.88
12273 0 24 0 10344.1 125 0 -1928.88
12632 0 24 0 10344.1 140 0 -2287.88
11143 0 23 0 10344.1 123 0 -798.883
10473 0 25 0 10344.1 113 0 -128.883
7893 0 25 0 10344.1 153 0 2451.12
11444 0 25 0 10344.1 136 0 -1099.88
10525 0 24 0 10344.1 148 0 -180.883
6796 0 24 0 10344.1 121 0 3548.12
11190 0 25 0 10344.1 106 0 -845.883
12912 0 25 0 10344.1 104 0 -2567.88
8548 0 22 0 10344.1 262 0 1796.12
9535 0 23 0 10344.1 147 0 809.117
11681 0 24 0 10344.1 119 0 -1336.88
9713 0 24 0 10344.1 151 0 631.117
12256 0 24 0 10344.1 129 0 -1911.88
12346 0 25 0 10344.1 111 0 -2001.88
7382 0 24 0 10344.1 218 0 2962.12
11087 0 25 0 10344.1 97 0 -742.883
10564 0 24 0 10344.1 114 0 -219.883
9419 0 24 0 10344.1 158 0 925.117
11608 0 26 0 10344.1 81 0 -1263.88
9923 0 21 0 10344.1 101 0 421.117
9569 0 21 0 10344.1 108 0 775.117
9871 0 25 0 10344.1 120 0 473.117
12112 0 25 0 10344.1 117 0 -1767.88
8236 0 26 0 10344.1 59 0 2108.12
10701 0 25 0 10344.1 105 0 -356.883
12556 0 26 0 10344.1 90 0 -2211.88
8229 0 26 0 10344.1 85 0 2115.12
9715 0 25 0 10344.1 81 0 629.117
11848 0 27 0 10344.1 74 0 -1503.88
12276 0 24 0 10344.1 119 0 -1931.88
11467 0 25 0 10344.1 99 0 -1122.88
10567 0 25 0 10344.1 112 0 -222.883
10489 0 25 0 10344.1 111 0 -144.883
11629 0 24 0 10344.1 131 0 -1284.88
11374 0 26 0 10344.1 81 0 -1029.88
12771 0 25 0 10344.1 106 0 -2426.88
9275 0 25 0 10344.1 133 0 1069.12
9720 0 24 0 10344.1 71 0 624.117
12489 0 25 0 10344.1 84 0 -2144.88
8153 0 25 0 10344.1 172 0 2191.12
12042 0 25 0 10344.1 121 0 -1697.88
8399 0 23 0 10344.1 181 0 1945.12
11683 0 24 0 10344.1 138 0 -1338.88
10319 0 23 0 10344.1 178 0 25.1167
12124 0 26 0 10344.1 92 0 -1779.88
12611 0 24 0 10344.1 120 0 -2266.88
12265 0 26 0 10344.1 93 0 -1920.88
9619 0 25 0 10344.1 101 0 725.117
10613 0 21 0 10344.1 147 0 -268.883
8291 0 26 0 10344.1 91 0 2053.12
10892 0 26 0 10344.1 75 0 -547.883
11850 0 25 0 10344.1 108 0 -1505.88
12094 0 24 0 10344.1 116 0 -1749.88
11296 0 25 0 10344.1 100 0 -951.883
12180 0 25 0 10344.1 98 0 -1835.88
12477 0 23 0 10344.1 141 0 -2132.88
12370 0 24 0 10344.1 129 0 -2025.88
11399 0 24 0 10344.1 120 0 -1054.88
8371 0 21 0 10344.1 153 0 1973.12
11967 0 24 0 10344.1 123 0 -1622.88
9823 0 23 0 10344.1 155 0 521.117
10430 0 25 0 10344.1 108 0 -85.8833
10978 0 24 0 10344.1 161 0 -633.883
13075 0 25 0 10344.1 98 0 -2730.88
7485 0 18 0 10344.1 120 0 2859.12
11753 0 25 0 10344.1 90 0 -1408.88
9939 0 25 0 10344.1 135 0 405.117
9071 0 24 0 10344.1 101 0 1273.12
10967 0 26 0 10344.1 101 0 -622.883
8410 0 26 0 10344.1 77 0 1934.12
11421 0 26 0 10344.1 69 0 -1076.88
12503 0 24 0 10344.1 129 0 -2158.88
11978 0 26 0 10344.1 76 0 -1633.88
9325 0 22 0 10344.1 158 0 1019.12
8845 0 26 0 10344.1 114 0 1499.12
8342 0 22 0 10344.1 121 0 2002.12
8933 0 25 0 10344.1 127 0 1411.12
10678 0 25 0 10344.1 101 0 -333.883
10800 0 26 0 10344.1 94 0 -455.883
12504 0 27 0 10344.1 60 0 -2159.88
11722 0 25 0 10344.1 92 0 -1377.88
7319 0 26 0 10344.1 141 0 3025.12
12045 0 25 0 10344.1 91 0 -1700.88
12486 0 26 0 10344.1 80 0 -2141.88
11997 0 25 0 10344.1 96 0 -1652.88
9909 0 28 0 10344.1 81 0 435.117
9884 0 27 0 10344.1 90 0 460.117
11206 0 27 0 10344.1 67 0 -861.883
9253 0 25 0 10344.1 118 0 1091.12
12223 0 25 0 10344.1 106 0 -1878.88
11847 0 21 0 10344.1 183 0 -1502.88
12638 0 16 0 10344.1 276 0 -2293.88
9037 0 13 0 10344.1 252 0 1307.12
10011 0 16 0 10344.1 257 0 333.117
8909 0 17 0 10344.1 127 0 1435.12
12254 0 29 0 10344.1 31 0 -1909.88
11043 0 27 0 10344.1 34 0 -698.883
9024 0 23 0 10344.1 112 0 1320.12
9167 0 23 0 10344.1 108 0 1177.12
10969 0 28 0 10344.1 70 0 -624.883
10024 0 24 0 10344.1 62 0 320.117
11946 0 29 0 10344.1 34 0 -1601.88
12671 0 29 0 10344.1 35 0 -2326.88
9519 0 25 0 10344.1 66 0 825.117
12224 0 28 0 10344.1 29 0 -1879.88
12190 0 29 0 10344.1 38 0 -1845.88
10080 0 26 0 10344.1 59 0 264.117
12629 0 29 0 10344.1 31 0 -2284.88
11982 0 29 0 10344.1 31 0 -1637.88
12335 0 29 0 10344.1 37 0 -1990.88
9084 0 29 0 10344.1 69 0 1260.12
11653 0 27 0 10344.1 107 0 -1308.88
9280 0 29 0 10344.1 34 0 1064.12
11111 0 29 0 10344.1 35 0 -766.883
11360 0 28 0 10344.1 32 0 -1015.88
9417 0 29 0 10344.1 31 0 927.117
9900 0 29 0 10344.1 35 0 444.117
11484 0 29 0 10344.1 35 0 -1139.88
9263 0 29 0 10344.1 30 0 1081.12
12048 0 29 0 10344.1 31 0 -1703.88
11896 0 29 0 10344.1 32 0 -1551.88
11559 0 29 0 10344.1 32 0 -1214.88
12078 0 28 0 10344.1 32 0 -1733.88
12355 0 22 0 10344.1 187 0 -2010.88
9702 0 10 0 10344.1 394 0 642.117
9074 0 10 0 10344.1 343 0 1270.12
10881 0 9 0 10344.1 394 0 -536.883
12433 0 10 0 10344.1 426 0 -2088.88
12557 0 10 0 10344.1 418 0 -2212.88
8658 0 10 0 10344.1 343 0 1686.12
11392 0 10 0 10344.1 408 0 -1047.88
11790 0 9 0 10344.1 396 0 -1445.88
12560 0 10 0 10344.1 422 0 -2215.88
9861 0 9 0 10344.1 404 0 483.117
11677 0 10 0 10344.1 414 0 -1332.88
11213 0 9 0 10344.1 370 0 -868.883
11328 0 10 0 10344.1 392 0 -983.883
10910 0 9 0 10344.1 368 0 -565.883
11829 0 10 0 10344.1 396 0 -1484.88
11330 0 9 0 10344.1 403 0 -985.883
11679 0 10 0 10344.1 399 0 -1334.88
11921 0 9 0 10344.1 406 0 -1576.88
11745 0 10 0 10344.1 397 0 -1400.88
10006 0 8 0 10344.1 377 0 338.117
10093 0 8 0 10344.1 344 0 251.117
9902 0 9 0 10344.1 439 0 442.117
9294 0 8 0 10344.1 379 0 1050.12
11070 0 9 0 10344.1 396 0 -725.883
7654 0 7 0 10344.1 280 0 2690.12
11585 0 9 0 10344.1 400 0 -1240.88
8714 0 8 0 10344.1 304 0 1630.12
9897 0 8 0 10344.1 437 0 447.117
10678 0 10 0 10344.1 428 0 -333.883
8619 0 8 0 10344.1 361 0 1725.12
10990 0 9 0 10344.1 399 0 -645.883
9308 0 8 0 10344.1 354 0 1036.12
9622 0 9 0 10344.1 383 0 722.117
10889 0 9 0 10344.1 379 0 -544.883
8681 0 8 0 10344.1 403 0 1663.12
12042 0 9 0 10344.1 438 0 -1697.88
8859 0 9 0 10344.1 323 0 1485.12
11733 0 10 0 10344.1 404 0 -1388.88
11427 0 10 0 10344.1 394 0 -1082.88
11614 0 9 0 10344.1 414 0 -1269.88
10507 0 9 0 10344.1 454 0 -162.883
9217 0 11 0 10344.1 286 0 1127.12
10595 0 8 0 10344.1 365 0 -250.883
10049 0 9 0 10344.1 337 0 295.117
10909 0 9 0 10344.1 383 0 -564.883
8489 0 7 0 10344.1 353 0 1855.12
11429 0 10 0 10344.1 393 0 -1084.88
11496 0 10 0 10344.1 378 0 -1151.88
10019 0 9 0 10344.1 365 0 325.117
9758 0 9 0 10344.1 316 0 586.117
11126 0 10 0 10344.1 366 0 -781.883
11835 0 10 0 10344.1 393 0 -1490.88
11494 0 10 0 10344.1 382 0 -1149.88
11843 0 10 0 10344.1 394 0 -1498.88
12051 0 10 0 10344.1 397 0 -1706.88
11296 0 10 0 10344.1 413 0 -951.883
8610 0 7 0 10344.1 309 0 1734.12
10835 0 9 0 10344.1 364 0 -490.883
8955 0 11 0 10344.1 379 0 1389.12
11209 0 10 0 10344.1 376 0 -864.883
9339 0 10 0 10344.1 343 0 1005.12
11383 0 10 0 10344.1 380 0 -1038.88
9234 0 10 0 10344.1 377 0 1110.12
11350 0 10 0 10344.1 380 0 -1005.88
9142 0 9 0 10344.1 331 0 1202.12
11190 0 10 0 10344.1 375 0 -845.883
10881 0 10 0 10344.1 359 0 -536.883
11334 0 10 0 10344.1 464 0 -989.883
9519 0 10 0 10344.1 315 0 825.117
8193 0 10 0 10344.1 293 0 2151.12
11144 0 10 0 10344.1 359 0 -799.883
8725 0 10 0 10344.1 371 0 1619.12
11453 0 10 0 10344.1 381 0 -1108.88
11351 0 10 0 10344.1 371 0 -1006.88
11511 0 10 0 10344.1 385 0 -1166.88
9612 0 8 0 10344.1 424 0 732.117
11657 0 10 0 10344.1 390 0 -1312.88
11183 0 9 0 10344.1 381 0 -838.883
11391 0 10 0 10344.1 376 0 -1046.88
8713 0 7 0 10344.1 423 0 1631.12
9116 0 9 0 10344.1 344 0 1228.12
10442 0 9 0 10344.1 351 0 -97.8833
11801 0 10 0 10344.1 394 0 -1456.88
11378 0 10 0 10344.1 385 0 -1033.88
11417 0 10 0 10344.1 375 0 -1072.88
9640 0 8 0 10344.1 393 0 704.117
11333 0 11 0 10344.1 386 0 -988.883
9757 0 8 0 10344.1 334 0 587.117
10844 0 10 0 10344.1 374 0 -499.883
9159 0 9 0 10344.1 348 0 1185.12
11790 0 10 0 10344.1 394 0 -1445.88
9135 0 7 0 10344.1 377 0 1209.12
10718 0 10 0 10344.1 376 0 -373.883
11056 0 10 0 10344.1 409 0 -711.883
9442 0 9 0 10344.1 319 0 902.117
11947 0 10 0 10344.1 398 0 -1602.88
11204 0 9 0 10344.1 396 0 -859.883
9901 0 10 0 10344.1 351 0 443.117
9932 0 10 0 10344.1 340 0 412.117
10588 0 10 0 10344.1 358 0 -243.883
6480 0 10 0 10344.1 272 0 3864.12
9851 0 10 0 10344.1 349 0 493.117
10511 0 9 0 10344.1 351 0 -166.883
9259 0 11 0 10344.1 387 0 1085.12
11124 0 10 0 10344.1 367 0 -779.883
11412 0 10 0 10344.1 371 0 -1067.88
11912 0 10 0 10344.1 406 0 -1567.88
9360 0 8 0 10344.1 333 0 984.117
11196 0 10 0 10344.1 364 0 -851.883
11388 0 10 0 10344.1 374 0 -1043.88
11646 0 10 0 10344.1 384 0 -1301.88
11680 0 10 0 10344.1 392 0 -1335.88
11520 0 10 0 10344.1 389 0 -1175.88
11264 0 10 0 10344.1 359 0 -919.883
11091 0 10 0 10344.1 366 0 -746.883
12096 0 11 0 10344.1 397 0 -1751.88
11523 0 10 0 10344.1 383 0 -1178.88
11806 0 10 0 10344.1 389 0 -1461.88
8957 0 7 0 10344.1 341 0 1387.12
10337 0 9 0 10344.1 425 0 7.11667
11504 0 10 0 10344.1 381 0 -1159.88
11447 0 10 0 10344.1 378 0 -1102.88
11405 0 10 0 10344.1 372 0 -1060.88
10927 0 10 0 10344.1 374 0 -582.883
10853 0 10 0 10344.1 418 0 -508.883
11029 0 9 0 10344.1 373 0 -684.883
11255 0 10 0 10344.1 368 0 -910.883
9503 0 8 0 10344.1 358 0 841.117
10577 0 9 0 10344.1 401 0 -232.883
8374 0 8 0 10344.1 322 0 1970.12
9884 0 10 0 10344.1 392 0 460.117
8661 0 9 0 10344.1 359 0 1683.12
11265 0 10 0 10344.1 378 0 -920.883
10575 0 10 0 10344.1 409 0 -230.883
9480 0 6 0 10344.1 407 0 864.117
11539 0 5 0 10344.1 461 0 -1194.88
10979 0 6 0 10344.1 413 0 -634.883
11188 0 2 0 10344.1 492 0 -843.883
9381 0 5 0 10344.1 362 0 963.117
11775 0 5 0 10344.1 469 0 -1430.88
11349 0 5 0 10344.1 450 0 -1004.88
10371 0 6 0 10344.1 402 0 -26.8833
10823 0 5 0 10344.1 439 0 -478.883
11013 0 4 0 10344.1 443 0 -668.883
10951 0 4 0 10344.1 458 0 -606.883
10997 0 5 0 10344.1 441 0 -652.883
11174 0 6 0 10344.1 436 0 -829.883
12105 0 2 1 10344.1 601 0 0
11019 0 0 0 10344.1 584 0 0
11311 0 0 0 10344.1 613 0 0
11577 0 0 0 10344.1 622 0 0
11795 0 0 0 10344.1 630 0 0
11752 0 0 0 10344.1 636 0 0
8366 0 0 0 10344.1 474 0 0
10685 0 0 0 10344.1 643 0 0
12007 0 0 0 10344.1 625 0 0
9902 0 0 0 10344.1 569 0 0
9574 0 0 0 10344.1 607 0 0
10758 0 0 0 10344.1 580 0 0
8251 0 0 0 10344.1 495 0 0
10746 0 0 0 10344.1 596 0 0
8526 0 0 0 10344.1 482 0 0
11352 0 0 0 10344.1 601 0 0
11322 0 0 0 10344.1 585 0 0
9453 0 0 0 10344.1 494 0 0
11945 0 0 0 10344.1 622 0 0
8865 0 0 0 10344.1 567 0 0
11781 0 0 0 10344.1 631 0 0
11553 0 0 0 10344.1 631 0 0
11952 0 0 0 10344.1 653 0 0
9364 0 0 0 10344.1 514 0 0
12121 0 0 0 10344.1 637 0 0
12092 0 0 0 10344.1 639 0 0
11908 0 0 0 10344.1 623 0 0
7228 0 0 0 10344.1 477 0 0
11130 0 0 0 10344.1 601 0 0
9350 0 0 0 10344.1 655 0 0
9083 0 0 0 10344.1 491 0 0
11787 0 0 0 10344.1 639 0 0
9178 0 0 0 10344.1 652 0 0
10502 0 0 0 10344.1 547 0 0
10969 0 0 0 10344.1 577 0 0
9130 0 0 0 10344.1 549 0 0
12399 0 0 0 10344.1 645 0 0
11542 0 0 0 10344.1 612 0 0
11303 0 0 0 10344.1 603 0 0
11384 0 0 0 10344.1 620 0 0
10922 0 0 0 10344.1 595 0 0
11688 0 0 0 10344.1 631 0 0
11599 0 0 0 10344.1 633 0 0
11220 0 0 0 10344.1 690 0 0
10456 0 0 0 10344.1 573 0 0
9071 0 0 0 10344.1 537 0 0
10800 0 0 0 10344.1 566 0 0
9974 0 0 0 10344.1 529 0 0
9895 0 0 0 10344.1 523 0 0
11033 0 0 0 10344.1 599 0 0
10681 0 0 0 10344.1 571 0 0
8187 0 0 0 10344.1 438 0 0
11919 0 0 0 10344.1 619 0 0
8301 0 0 0 10344.1 488 0 0
9022 0 0 0 10344.1 542 0 0
10376 0 0 0 10344.1 613 0 0
10639 0 0 0 10344.1 571 0 0
10601 0 0 0 10344.1 567 0 0
10772 0 0 0 10344.1 578 0 0
12063 0 0 0 10344.1 657 0 0
11988 0 0 0 10344.1 652 0 0
11153 0 0 0 10344.1 593 0 0
9452 0 0 0 10344.1 527 0 0
11556 0 0 0 10344.1 604 0 0
12447 0 0 0 10344.1 650 0 0
11302 0 0 0 10344.1 595 0 0
12226 0 0 0 10344.1 654 0 0
11708 0 0 0 10344.1 624 0 0
9790 0 0 0 10344.1 536 0 0
9926 0 0 0 10344.1 567 0 0
8655 0 0 0 10344.1 497 0 0
11069 0 0 0 10344.1 621 0 0
9856 0 0 0 10344.1 536 0 0
11192 0 0 0 10344.1 590 0 0
11261 0 0 0 10344.1 598 0 0
8845 0 0 0 10344.1 525 0 0
11977 0 0 0 10344.1 653 0 0
8458 0 0 0 10344.1 588 0 0
9664 0 0 0 10344.1 594 0 0
11455 0 0 0 10344.1 620 0 0
11945 0 0 0 10344.1 633 0 0
12093 0 0 0 10344.1 633 0 0
11240 0 0 0 10344.1 596 0 0
11805 0 0 0 10344.1 622 0 0
12039 0 0 0 10344.1 637 0 0
10534 0 0 0 10344.1 568 0 0
11088 0 0 0 10344.1 596 0 0
11722 0 0 0 10344.1 636 0 0
12059 0 0 0 10344.1 644 0 0
10948 0 0 0 10344.1 579 0 0
11756 0 0 0 10344.1 624 0 0
12695 0 0 0 10344.1 673 0 0
9396 0 0 0 10344.1 596 0 0
12048 0 0 0 10344.1 649 0 0
11348 0 0 0 10344.1 609 0 0
11820 0 0 0 10344.1 643 0 0
11297 0 0 0 10344.1 604 0 0
11339 0 0 0 10344.1 626 0 0
11917 0 0 0 10344.1 633 0 0
8108 0 0 0 10344.1 498 0 0
11978 0 0 0 10344.1 624 0 0
11010 0 0 0 10344.1 570 0 0
11765 0 0 0 10344.1 621 0 0
11592 0 0 0 10344.1 623 0 0
11539 0 0 0 10344.1 621 0 0
11481 0 0 0 10344.1 611 0 0
9291 0 0 0 10344.1 555 0 0
12213 0 0 0 10344.1 664 0 0
12033 0 0 0 10344.1 630 0 0
11887 0 0 0 10344.1 622 0 0
11682 0 0 0 10344.1 613 0 0
11456 0 0 0 10344.1 596 0 0
11239 0 0 0 10344.1 597 0 0
11928 0 0 0 10344.1 633 0 0
10243 0 0 0 10344.1 545 0 0
11368 0 0 0 10344.1 613 0 0
11862 0 0 0 10344.1 638 0 0
11758 0 0 0 10344.1 625 0 0
12135 0 0 0 10344.1 624 0 0
12315 0 0 0 10344.1 641 0 0
12329 0 0 0 10344.1 647 0 0
8995 0 0 0 10344.1 476 0 0
11938 0 0 0 10344.1 660 0 0
8665 0 0 0 10344.1 590 0 0
12386 0 0 0 10344.1 668 0 0
11549 0 0 0 10344.1 620 0 0
11342 0 0 0 10344.1 609 0 0
11527 0 0 0 10344.1 594 0 0
12328 0 0 0 10344.1 651 0 0
11028 0 0 0 10344.1 571 0 0
11064 0 0 0 10344.1 576 0 0
11432 0 0 0 10344.1 619 0 0
12075 0 0 0 10344.1 652 0 0
11620 0 0 0 10344.1 626 0 0
11728 0 0 0 10344.1 630 0 0
11434 0 0 0 10344.1 611 0 0
11921 0 0 0 10344.1 632 0 0
11500 0 0 0 10344.1 601 0 0
11480 0 0 0 10344.1 603 0 0
7615 0 0 0 10344.1 434 0 0
11813 0 0 0 10344.1 629 0 0
10552 0 0 0 10344.1 564 0 0
11524 0 0 0 10344.1 659 0 0
10857 0 0 0 10344.1 587 0 0
12522 0 0 0 10344.1 683 0 0
11182 0 0 0 10344.1 599 0 0
12149 0 0 0 10344.1 628 0 0
11302 0 0 0 10344.1 595 0 0
12273 0 0 0 10344.1 645 0 0
12594 0 0 0 10344.1 651 0 0
10840 0 0 0 10344.1 574 0 0
11963 0 0 0 10344.1 630 0 0
12398 0 0 0 10344.1 666 0 0
9774 0 0 0 10344.1 579 0 0
10203 0 0 0 10344.1 542 0 0
12425 0 0 0 10344.1 659 0 0
12316 0 0 0 10344.1 654 0 0
11545 0 0 0 10344.1 606 0 0
11611 0 0 0 10344.1 601 0 0
10534 0 0 0 10344.1 582 0 0
10147 0 0 0 10344.1 548 0 0
10818 0 0 0 10344.1 590 0 0
10900 0 0 0 10344.1 612 0 0
9739 0 0 0 10344.1 521 0 0
11088 0 0 0 10344.1 583 0 0
10709 0 0 0 10344.1 575 0 0
10881 0 0 0 10344.1 584 0 0
11099 0 0 0 10344.1 590 0 0
8309 0 0 0 10344.1 509 0 0
8547 0 0 0 10344.1 475 0 0
10312 0 0 0 10344.1 546 0 0
10679 0 0 0 10344.1 573 0 0
10418 0 0 0 10344.1 560 0 0
10017 0 0 0 10344.1 533 0 0
10019 0 0 0 10344.1 521 0 0
11313 0 0 0 10344.1 612 0 0
11298 0 0 0 10344.1 591 0 0
10945 0 0 0 10344.1 582 0 0
10300 0 0 0 10344.1 591 0 0
7463 0 0 0 10344.1 395 0 0
10447 0 0 0 10344.1 555 0 0
10972 0 0 0 10344.1 615 0 0
10304 0 0 0 10344.1 568 0 0
10299 0 0 0 10344.1 554 0 0
11336 0 0 0 10344.1 611 0 0
8472 0 0 0 10344.1 560 0 0
10509 0 0 0 10344.1 567 0 0
10933 0 0 0 10344.1 590 0 0
10518 0 0 0 10344.1 560 0 0
10005 0 0 0 10344.1 540 0 0
10492 0 0 0 10344.1 560 0 0
10987 0 0 0 10344.1 589 0 0
10627 0 0 0 10344.1 571 0 0
10655 0 0 0 10344.1 565 0 0
11048 0 0 0 10344.1 586 0 0
10586 0 0 0 10344.1 560 0 0
11783 0 0 0 10344.1 639 0 0
10347 0 0 0 10344.1 562 0 0
9982 0 0 0 10344.1 551 0 0
10170 0 0 0 10344.1 545 0 0
10358 0 0 0 10344.1 556 0 0
10150 0 0 0 10344.1 563 0 0
8046 0 0 0 10344.1 467 0 0
10911 0 0 0 10344.1 586 0 0
11425 0 0 0 10344.1 611 0 0
8104 0 0 0 10344.1 515 0 0
9901 0 0 0 10344.1 528 0 0
8134 0 0 0 10344.1 434 0 0
9862 0 0 0 10344.1 531 0 0
10883 0 0 0 10344.1 592 0 0
7629 0 0 0 10344.1 461 0 0
10852 0 0 0 10344.1 566 0 0
10670 0 0 0 10344.1 565 0 0
9334 0 0 0 10344.1 493 0 0
10193 0 0 0 10344.1 604 0 0
9048 0 0 0 10344.1 597 0 0
9558 0 0 0 10344.1 507 0 0
8084 0 0 0 10344.1 497 0 0
10765 0 0 0 10344.1 581 0 0
10466 0 0 0 10344.1 566 0 0
8252 0 0 0 10344.1 582 0 0
10924 0 0 0 10344.1 592 0 0
11042 0 0 0 10344.1 598 0 0
11072 0 0 0 10344.1 591 0 0
10435 0 0 0 10344.1 554 0 0
10940 0 0 0 10344.1 588 0 0
10205 0 0 0 10344.1 539 0 0
9835 0 0 0 10344.1 529 0 0
11144 0 0 0 10344.1 601 0 0
10900 0 0 0 10344.1 582 0 0
10638 0 0 0 10344.1 568 0 0
11159 0 0 0 10344.1 598 0 0
11031 0 0 0 10344.1 590 0 0
10090 0 0 0 10344.1 535 0 0
9824 0 0 0 10344.1 537 0 0
6914 0 0 0 10344.1 558 0 0
10993 0 0 0 10344.1 594 0 0
9044 0 0 0 10344.1 535 0 0
9070 0 0 0 10344.1 607 0 0
11081 0 0 0 10344.1 598 0 0
11675 0 0 0 10344.1 627 0 0
10340 0 0 0 10344.1 553 0 0
6057 0 0 0 10344.1 495 0 0
10486 0 0 0 10344.1 575 0 0
11958 0 0 0 10344.1 648 0 0
10923 0 0 0 10344.1 588 0 0
11475 0 0 0 10344.1 605 0 0
11427 0 0 0 10344.1 608 0 0
11690 0 0 0 10344.1 610 0 0
10751 0 0 0 10344.1 553 0 0
11781 0 0 0 10344.1 620 0 0
11741 0 0 0 10344.1 629 0 0
11287 0 0 0 10344.1 648 0 0
9742 0 0 0 10344.1 525 0 0
11851 0 0 0 10344.1 646 0 0
11181 0 0 0 10344.1 602 0 0
11748 0 0 0 10344.1 630 0 0
11223 0 0 0 10344.1 580 0 0
11009 0 0 0 10344.1 583 0 0
11569 0 0 0 10344.1 609 0 0
12208 0 0 0 10344.1 645 0 0
10931 0 0 0 10344.1 673 0 0
8262 0 0 0 10344.1 468 0 0
11632 0 0 0 10344.1 635 0 0
12129 0 0 0 10344.1 658 0 0
12268 0 0 0 10344.1 663 0 0
11713 0 0 0 10344.1 613 0 0
10967 0 0 0 10344.1 599 0 0
11247 0 0 0 10344.1 612 0 0
8250 0 0 0 10344.1 468 0 0
11605 0 0 0 10344.1 625 0 0
11287 0 0 0 10344.1 610 0 0
11619 0 0 0 10344.1 629 0 0
11278 0 0 0 10344.1 606 0 0
11326 0 0 0 10344.1 612 0 0
10026 0 0 0 10344.1 524 0 0
11397 0 0 0 10344.1 595 0 0
11128 0 0 0 10344.1 590 0 0
11116 0 0 0 10344.1 601 0 0
11695 0 0 0 10344.1 636 0 0
10865 0 0 0 10344.1 586 0 0
8065 0 0 0 10344.1 473 0 0
11544 0 0 0 10344.1 616 0 0
11299 0 0 0 10344.1 607 0 0
12011 0 0 0 10344.1 639 0 0
11771 0 0 0 10344.1 612 0 0
12428 0 0 0 10344.1 651 0 0
9235 0 0 0 10344.1 525 0 0
11432 0 0 0 10344.1 621 0 0
10453 0 0 0 10344.1 559 0 0
10393 0 0 0 10344.1 555 0 0
11302 0 0 0 10344.1 623 0 0
11947 0 0 0 10344.1 653 0 0
10799 0 0 0 10344.1 581 0 0
11520 0 0 0 10344.1 599 0 0
11925 0 0 0 10344.1 626 0 0
12228 0 0 0 10344.1 649 0 0
11714 0 0 0 10344.1 631 0 0
8849 0 0 0 10344.1 503 0 0
10305 0 0 0 10344.1 637 0 0
10795 0 0 0 10344.1 579 0 0
9499 0 0 0 10344.1 551 0 0
11429 0 0 0 10344.1 614 0 0
11504 0 0 0 10344.1 628 0 0
11951 0 0 0 10344.1 627 0 0
8695 0 0 0 10344.1 461 0 0
10437 0 0 0 10344.1 546 0 0
11849 0 0 0 10344.1 618 0 0
11892 0 0 0 10344.1 621 0 0
11200 0 0 0 10344.1 606 0 0
11923 0 0 0 10344.1 652 0 0
11794 0 0 0 10344.1 641 0 0
11998 0 0 0 10344.1 649 0 0
10100 0 0 0 10344.1 544 0 0
12031 0 0 0 10344.1 629 0 0
12185 0 0 0 10344.1 646 0 0
12025 0 0 0 10344.1 629 0 0
11551 0 0 0 10344.1 623 0 0
9540 0 0 0 10344.1 516 0 0
9535 0 0 0 10344.1 601 0 0
11816 0 0 0 10344.1 648 0 0
10742 0 0 0 10344.1 577 0 0
11780 0 0 0 10344.1 631 0 0
7965 0 0 0 10344.1 548 0 0
11822 0 0 0 10344.1 687 0 0
10275 0 0 0 10344.1 577 0 0
8335 0 0 0 10344.1 472 0 0
10701 0 0 0 10344.1 574 0 0
7932 0 0 0 10344.1 614 0 0
11494 0 0 0 10344.1 620 0 0
9628 0 0 0 10344.1 570 0 0
10533 0 0 0 10344.1 570 0 0
11586 0 0 0 10344.1 630 0 0
11155 0 0 0 10344.1 619 0 0
9150 0 0 0 10344.1 500 0 0
11396 0 0 0 10344.1 596 0 0
12077 0 0 0 10344.1 634 0 0
9002 0 0 0 10344.1 596 0 0
10760 0 0 0 10344.1 579 0 0
11374 0 0 0 10344.1 622 0 0
11848 0 0 0 10344.1 635 0 0
11679 0 0 0 10344.1 629 0 0
11400 0 0 0 10344.1 616 0 0
11493 0 0 0 10344.1 745 0 0
4094 0 0 0 10344.1 1971 0 0
11403 0 0 0 10344.1 597 0 0
11048 0 0 0 10344.1 587 0 0
11996 0 0 0 10344.1 628 0 0
8930 0 0 0 10344.1 541 0 0
10516 0 0 0 10344.1 584 0 0
7947 0 0 0 10344.1 473 0 0
10921 0 0 0 10344.1 591 0 0
11592 0 0 0 10344.1 638 0 0
8703 0 0 0 10344.1 556 0 0
11437 0 0 0 10344.1 597 0 0
11592 0 0 0 10344.1 609 0 0
12037 0 0 0 10344.1 630 0 0
11220 0 0 0 10344.1 597 0 0
11091 0 0 0 10344.1 634 0 0
12097 0 0 0 10344.1 685 0 0
12023 0 0 0 10344.1 653 0 0
11994 0 0 0 10344.1 652 0 0
11470 0 0 0 10344.1 614 0 0
11454 0 0 0 10344.1 595 0 0
9606 0 0 0 10344.1 545 0 0
9361 0 0 0 10344.1 512 0 0
11088 0 0 0 10344.1 595 0 0
7711 0 0 0 10344.1 417 0 0
10958 0 0 0 10344.1 599 0 0
7474 0 0 0 10344.1 400 0 0
10161 0 0 0 10344.1 541 0 0
11345 0 0 0 10344.1 604 0 0
12025 0 0 0 10344.1 629 0 0
8945 0 0 0 10344.1 467 0 0
9944 0 0 0 10344.1 527 0 0
11640 0 0 0 10344.1 614 0 0
11863 0 0 0 10344.1 641 0 0
9352 0 0 0 10344.1 491 0 0
11994 0 0 0 10344.1 659 0 0
11108 0 0 0 10344.1 608 0 0
9225 0 0 0 10344.1 502 0 0
8543 0 0 0 10344.1 455 0 0
11319 0 0 0 10344.1 598 0 0
11759 0 0 0 10344.1 615 0 0
9795 0 0 0 10344.1 506 0 0
11897 0 0 0 10344.1 634 0 0
8072 0 0 0 10344.1 430 0 0
11188 0 0 0 10344.1 602 0 0
11942 0 0 0 10344.1 640 0 0
9222 0 0 0 10344.1 497 0 0
11806 0 0 0 10344.1 627 0 0
11451 0 0 0 10344.1 68 0 0
12462 0 0 0 10344.1 26 0 0
11802 0 0 0 10344.1 25 0 0
11224 0 0 0 10344.1 26 0 0
10389 0 0 0 10344.1 25 0 0
10093 0 0 0 10344.1 21 0 0
11487 0 0 0 10344.1 25 0 0
8804 0 0 0 10344.1 20 0 0
11022 0 0 0 10344.1 25 0 0
11421 0 0 0 10344.1 25 0 0
11716 0 0 0 10344.1 25 0 0
11515 0 0 0 10344.1 26 0 0
11943 0 0 0 10344.1 25 0 0
12278 0 0 0 10344.1 25 0 0
12197 0 0 0 10344.1 25 0 0
11810 0 0 0 10344.1 25 0 0
12340 0 0 0 10344.1 25 0 0
11880 0 0 0 10344.1 25 0 0
11580 0 0 0 10344.1 26 0 0
9034 0 0 0 10344.1 19 0 0
10779 0 0 0 10344.1 24 0 0
11156 0 0 0 10344.1 25 0 0
11072 0 0 0 10344.1 26 0 0
11911 0 0 0 10344.1 25 0 0
11039 0 0 0 10344.1 25 0 0
11429 0 0 0 10344.1 25 0 0
10730 0 0 0 10344.1 25 0 0
10236 0 0 0 10344.1 24 0 0
11188 0 0 0 10344.1 25 0 0
9230 0 0 0 10344.1 0 0 0
10805 0 0 0 10344.1 459 0 0
11383 0 0 0 10344.1 601 0 0
8826 0 0 0 10344.1 861 0 0
11717 0 0 0 10344.1 627 0 0
12081 0 0 0 10344.1 653 0 0
12119 0 0 0 10344.1 652 0 0
10185 0 0 0 10344.1 706 0 0
10222 0 0 0 10344.1 554 0 0
11330 0 0 0 10344.1 604 0 0
9774 0 0 0 10344.1 781 0 0
10270 0 0 0 10344.1 889 0 0
10616 0 0 0 10344.1 887 0 0
10273 0 0 0 10344.1 550 0 0
10085 0 0 0 10344.1 705 0 0
12062 0 0 0 10344.1 650 0 0
11322 0 0 0 10344.1 595 0 0
11088 0 0 0 10344.1 623 0 0
10906 0 0 0 10344.1 591 0 0
11511 0 0 0 10344.1 610 0 0
11949 0 0 0 10344.1 625 0 0
11793 0 0 0 10344.1 619 0 0
11681 0 0 0 10344.1 635 0 0
11640 0 0 0 10344.1 634 0 0
8946 0 0 0 10344.1 489 0 0
10316 0 0 0 10344.1 543 0 0
11139 0 0 0 10344.1 604 0 0
10958 0 0 0 10344.1 580 0 0
11229 0 0 0 10344.1 599 0 0
9823 0 0 0 10344.1 521 0 0
11500 0 0 0 10344.1 629 0 0
11466 0 0 0 10344.1 628 0 0
11515 0 0 0 10344.1 615 0 0
11302 0 0 0 10344.1 597 0 0
11387 0 0 0 10344.1 609 0 0
11508 0 0 0 10344.1 622 0 0
11378 0 0 0 10344.1 609 0 0
11831 0 0 0 10344.1 636 0 0
11512 0 0 0 10344.1 615 0 0
10984 0 0 0 10344.1 583 0 0
11513 0 0 0 10344.1 612 0 0
8772 0 0 0 10344.1 472 0 0
10772 0 0 0 10344.1 570 0 0
10272 0 0 0 10344.1 549 0 0
11576 0 0 0 10344.1 620 0 0
11871 0 0 0 10344.1 636 0 0
11600 0 0 0 10344.1 619 0 0
11422 0 0 0 10344.1 614 0 0
11624 0 0 0 10344.1 613 0 0
8998 0 0 0 10344.1 523 0 0
10880 0 0 0 10344.1 591 0 0
11641 0 0 0 10344.1 632 0 0
11514 0 0 0 10344.1 614 0 0
11528 0 0 0 10344.1 627 0 0
11409 0 0 0 10344.1 619 0 0
11516 0 0 0 10344.1 610 0 0
12046 0 0 0 10344.1 634 0 0
11244 0 0 0 10344.1 590 0 0
11756 0 0 0 10344.1 638 0 0
7869 0 0 0 10344.1 517 0 0
10790 0 0 0 10344.1 589 0 0
12110 0 0 0 10344.1 667 0 0
11176 0 0 0 10344.1 624 0 0
10895 0 0 0 10344.1 622 0 0
11824 0 0 0 10344.1 630 0 0
11738 0 0 0 10344.1 625 0 0
12153 0 0 0 10344.1 637 0 0
11788 0 0 0 10344.1 619 0 0
12433 0 0 0 10344.1 668 0 0
11306 0 0 0 10344.1 609 0 0
10883 0 0 0 10344.1 581 0 0
8103 0 0 0 10344.1 450 0 0
12207 0 0 0 10344.1 654 0 0
10924 0 0 0 10344.1 580 0 0
9669 0 0 0 10344.1 608 0 0
11975 0 0 0 10344.1 632 0 0
11948 0 0 0 10344.1 630 0 0
9942 0 0 0 10344.1 542 0 0
9993 0 0 0 10344.1 541 0 0
11619 0 0 0 10344.1 633 0 0
11781 0 0 0 10344.1 637 0 0
10366 0 0 0 10344.1 554 0 0
12399 0 0 0 10344.1 655 0 0
11849 0 0 0 10344.1 622 0 0
12321 0 0 0 10344.1 659 0 0
11419 0 0 0 10344.1 603 0 0
11551 0 0 0 10344.1 623 0 0
11642 0 0 0 10344.1 629 0 0
11022 0 0 0 10344.1 594 0 0
10837 0 0 0 10344.1 585 0 0
8680 0 0 0 10344.1 493 0 0
8815 0 0 0 10344.1 593 0 0
10668 0 0 0 10344.1 596 0 0
8746 0 0 0 10344.1 537 0 0
11885 0 0 0 10344.1 620 0 0
9295 0 0 0 10344.1 537 0 0
10934 0 0 0 10344.1 596 0 0
10397 0 0 0 10344.1 566 0 0
10924 0 0 0 10344.1 612 0 0
11685 0 0 0 10344.1 648 0 0
11114 0 0 0 10344.1 595 0 0
11218 0 0 0 10344.1 589 0 0
11839 0 0 0 10344.1 632 0 0
11679 0 0 0 10344.1 617 0 0
11593 0 0 0 10344.1 621 0 0
10872 0 0 0 10344.1 580 0 0
11048 0 0 0 10344.1 601 0 0
8784 0 0 0 10344.1 532 0 0
11237 0 0 0 10344.1 607 0 0
11479 0 0 0 10344.1 614 0 0
11687 0 0 0 10344.1 617 0 0
11148 0 0 0 10344.1 590 0 0
11957 0 0 0 10344.1 629 0 0
10804 0 0 0 10344.1 580 0 0
10236 0 0 0 10344.1 556 0 0
10929 0 0 0 10344.1 589 0 0
11067 0 0 0 10344.1 587 0 0
7658 0 0 0 10344.1 415 0 0
10463 0 0 0 10344.1 554 0 0
11942 0 0 0 10344.1 627 0 0
11723 0 0 0 10344.1 617 0 0
8745 0 0 0 10344.1 526 0 0
8940 0 0 0 10344.1 520 0 0
9338 0 0 0 10344.1 496 0 0
8587 0 0 0 10344.1 458 0 0
11080 0 0 0 10344.1 602 0 0
10852 0 0 0 10344.1 582 0 0
11486 0 0 0 10344.1 607 0 0
12267 0 0 0 10344.1 648 0 0
8830 0 0 0 10344.1 573 0 0
11053 0 0 0 10344.1 598 0 0
12443 0 0 0 10344.1 669 0 0
12042 0 0 0 10344.1 658 0 0
10075 0 0 0 10344.1 538 0 0
8991 0 0 0 10344.1 497 0 0
11607 0 0 0 10344.1 634 0 0
9138 0 0 0 10344.1 502 0 0
11208 0 0 0 10344.1 592 0 0
11659 0 0 0 10344.1 619 0 0
11466 0 0 0 10344.1 600 0 0
11788 0 0 0 10344.1 618 0 0
10586 0 0 0 10344.1 567 0 0
11364 0 0 0 10344.1 620 0 0
11464 0 0 0 10344.1 622 0 0
11993 0 0 0 10344.1 645 0 0
11394 0 0 0 10344.1 647 0 0
11071 0 0 0 10344.1 590 0 0
12203 0 0 0 10344.1 646 0 0
12213 0 0 0 10344.1 638 0 0
11941 0 0 0 10344.1 626 0 0
10836 0 0 0 10344.1 585 0 0
11270 0 0 0 10344.1 612 0 0
7046 0 0 0 10344.1 532 0 0
9708 0 0 0 10344.1 520 0 0
11283 0 0 0 10344.1 613 0 0
11773 0 0 0 10344.1 624 0 0
11846 0 0 0 10344.1 622 0 0
11284 0 0 0 10344.1 591 0 0
10733 0 0 0 10344.1 556 0 0
11017 0 0 0 10344.1 597 0 0
10541 0 0 0 10344.1 576 0 0
10674 0 0 0 10344.1 577 0 0
11235 0 0 0 10344.1 600 0 0
10304 0 0 0 10344.1 561 0 0
12164 0 0 0 10344.1 659 0 0
10595 0 0 0 10344.1 576 0 0
11259 0 0 0 10344.1 599 0 0
11969 0 0 0 10344.1 631 0 0
12101 0 0 0 10344.1 656 0 0
11051 0 0 0 10344.1 589 0 0
10078 0 0 0 10344.1 578 0 0
8450 0 0 0 10344.1 494 0 0
11953 0 0 0 10344.1 645 0 0
11208 0 0 0 10344.1 587 0 0
11574 0 0 0 10344.1 604 0 0
11464 0 0 0 10344.1 602 0 0
12071 0 0 0 10344.1 626 0 0
10587 0 0 0 10344.1 575 0 0
10933 0 0 0 10344.1 590 0 0
10809 0 0 0 10344.1 590 0 0
3844 0 0 0 10344.1 1733 0 0
0 0 0 0 10344.1 1988 0 0
0 0 0 0 10344.1 2013 0 0
0 0 0 0 10344.1 2049 0 0
0 0 0 0 10344.1 917 0 0
