30 GB
0.456901
0.992048
1.42073
1.70694
1.98663
2.24366
2.45724
2.65171
2.82899
2.99201
3.13446
3.26353
3.38739
3.50562
3.61675
3.72223
3.83108
3.93058
4.02561
4.12186
3.75802
3.31863
2.98424
2.78985
2.59939
2.4202
2.28874
2.17912
2.09271
2.02175
1.97465
1.93734
1.8894
1.84952
1.82212
1.79765
1.77638
1.76595
1.76015
1.74778
1.74049
1.73324
1.72756
1.72147
1.71878
1.73033
1.73513
1.73427
1.72982
1.72584
1.71844
1.73115
1.73908
1.74918
1.75685
1.76326
1.76219
1.76485
1.76144
1.7649
1.76151
1.76234
1.75852
1.76053
1.75813
1.75733
1.76296
1.76475
1.76626
1.76875
1.76549
1.74821
1.75448
1.75096
1.74547
1.74542
1.74376
1.74345
1.74526
1.74376
1.74684
1.74186
1.74776
1.74919
1.74864
1.74738
1.73839
1.74066
1.74007
1.73237
1.736
1.72924
1.72631
1.73023
1.72714
1.71852
1.71973
1.71496
1.71503
1.71514
1.71386
1.72062
1.71106
1.70571
1.70569
1.69635
1.70046
1.69339
1.68762
1.68749
1.68812
1.689
1.68409
1.67229
1.66773
1.66578
1.6592
1.65422
1.64367
1.63465
1.63389
1.62573
1.62023
1.60988
1.60063
1.60194
1.59088
1.59377
1.59141
1.58821
1.57685
1.57318
1.56868
1.5682
1.56505
1.56757
1.56259
1.55585
1.55655
1.55649
1.55184
1.54536
1.54647
1.55563
1.56205
1.56233
1.56687
1.5576
1.55715
1.55427
1.55983
1.55804
1.56127
1.56169
1.56418
1.56086
1.56423
1.56543
1.56177
1.55848
1.55989
1.55768
1.55617
1.54681
1.54248
1.54354
1.54234
1.54948
1.54434
1.54478
1.53691
1.53415
1.54108
1.5524
1.55986
1.55937
1.55794
1.56087
1.56297
1.56507
1.55762
1.56023
1.56537
1.56326
1.56532
1.56455
1.55948
1.5543
1.55768
1.55847
1.56692
1.57063
1.56117
1.54837
1.5395
1.53613
1.53296
1.52789
1.52826
1.52831
1.5379
1.54358
1.54044
1.54496
1.54911
1.55215
1.55835
1.55705
1.559
1.56382
1.55767
1.55486
1.551
1.55209
1.54934
1.55405
1.55572
1.5588
1.56121
1.56069
1.55522
1.55545
1.55788
1.55754
1.55737
1.559
1.55634
1.55699
1.55928
1.55584
1.55444
1.554
1.56704
1.56813
1.57688
1.57639
1.583
1.58838
1.59104
1.59458
1.60218
1.60271
1.60429
1.60575
1.60741
1.6002
1.59998
1.60043
1.60189
1.59989
1.60403
1.6101
1.60086
1.60005
1.59881
1.59718
1.5942
1.59352
1.59251
1.59125
1.58904
1.58416
1.5842
1.58652
1.58235
1.58451
1.58359
1.58528
1.58535
1.59002
1.59431
1.59284
1.59579
1.60149
1.60336
1.60565
1.60739
1.6036
1.6026
1.59958
1.59774
1.59993
1.60377
1.60124
1.60065
1.6048
1.605
1.61973
1.61892
1.61743
1.61373
1.6094
1.60901
1.60916
1.60555
1.63185
1.62935
1.63111
1.63187
1.63563
1.63607
1.68341
1.67322
1.6707
1.66804
1.66005
1.65849
1.64262
1.64861
1.64467
1.66102
1.66727
1.71107
1.72497
1.73572
1.71663
1.72439
1.72421
1.72709
1.75408
1.75984
1.72714
1.73276
1.74239
1.78739
1.79346
1.79487
1.79611
1.78704
1.78804
1.77122
1.78949
1.75641
1.73933
1.73355
1.75937
1.75218
1.766
1.76887
1.75074
1.76786
1.77026
1.771
1.76314
1.72169
1.71389
1.72517
1.72862
1.73282
1.74201
1.74034
1.71564
1.70477
1.70244
1.7145
1.71329
1.73464
1.71932
1.71053
1.69729
1.67368
1.6572
1.6548
1.6533
1.65529
1.66266
1.66567
1.6757
1.69082
1.69741
1.70054
1.7024
1.72163
1.72808
1.70923
1.68003
1.6848
1.70414
1.71728
1.75798
1.75677
1.7727
1.77759
1.78
1.77711
1.78706
1.80501
1.78582
1.76064
1.74199
1.73983
1.74311
1.72201
1.71973
1.72028
1.71773
1.69258
1.6914
1.6814
1.65764
1.65532
1.6425
1.63718
1.63757
1.66596
1.65211
1.62754
1.63191
1.66555
1.67999
1.68829
1.71449
1.71839
1.73827
1.74869
1.7545
1.75458
1.75332
1.75859
1.7451
1.78012
1.78454
1.80523
1.81675
1.78888
1.78708
1.7794
1.77831
1.81038
1.81167
1.80991
1.78052
1.77123
1.75227
1.74325
1.7362
1.74178
1.74385
1.73738
1.73887
1.70612
1.69946
1.6789
1.67005
1.68455
1.72654
1.73333
1.7433
1.68789
1.69031
1.70088
1.71624
1.74521
1.76364
1.77349
1.78393
1.77578
1.76257
1.76221
1.75764
1.78208
1.79784
1.82678
1.83767
1.82129
1.78552
1.78255
1.77782
1.79442
1.79124
1.80443
1.79078
1.76678
1.77276
1.79072
1.7799
1.77922
1.77555
1.77705
1.78801
1.76758
1.74854
1.71667
1.70472
1.70167
1.69916
1.69606
1.69465
1.67557
1.66822
1.63753
1.63564
1.66436
1.64179
1.6529
1.65545
1.67177
1.66895
1.66979
1.66178
1.65554
1.65619
1.65881
1.65749
1.70076
1.72144
1.73734
1.73266
1.73178
1.73153
1.73239
1.7371
1.7223
1.71856
1.68477
1.69255
1.69204
1.73346
1.73775
1.73569
1.75483
1.77224
1.77366
1.77501
1.74994
1.75057
1.73723
1.73898
1.78745
1.80659
1.81792
1.81678
1.80527
1.81414
1.8113
1.80555
1.7947
1.77921
1.7778
1.81237
1.81518
1.82579
1.83365
1.82825
1.83818
1.81698
1.81792
1.83986
1.80907
1.80353
1.79011
1.80823
1.80808
1.79827
1.79796
1.82021
1.82607
1.82212
1.83183
1.79904
1.78252
1.75427
1.74707
1.75244
1.73336
1.73735
1.7359
1.71489
1.69812
1.68546
1.68606
1.6676
1.66658
1.66044
1.6656
1.64507
1.64099
1.62388
1.61852
1.63545
1.63958
1.64027
1.64359
1.6452
1.63887
1.6342
1.63511
1.65463
1.67731
1.6821
1.69508
1.69246
1.70047
1.72774
1.73238
1.72815
1.73292
1.75138
1.74844
1.73299
1.73
1.73054
1.72421
1.74354
1.74506
1.7747
1.77236
1.81107
1.8101
1.80461
1.78979
1.80157
1.79359
1.77187
1.76008
1.75507
1.74528
1.74202
1.75901
1.78992
1.80672
1.80782
1.81179
1.79244
1.79559
1.76674
1.76657
1.70932
1.70394
1.70462
1.73883
1.74632
1.7491
1.74943
1.74892
1.76575
1.78239
1.78669
1.76388
1.73415
1.74178
1.74327
1.74919
1.74906
1.75685
1.75573
1.77943
1.78037
1.75826
1.74946
1.71627
1.69469
1.69274
1.69966
1.70213
1.69035
1.67792
1.65979
1.66306
1.67237
1.68975
1.70438
1.69487
1.70611
1.70039
1.71183
1.72018
1.73861
1.74286
1.76736
1.76923
1.78461
1.78698
1.78464
1.79146
1.78937
1.82115
1.81393
1.82244
1.82492
1.78846
1.80361
1.81876
1.8083
1.81077
1.83363
1.80047
1.77636
1.80785
1.80017
1.81474
1.81677
1.83108
1.84641
1.84054
1.85997
1.83661
1.84391
1.84135
1.8324
1.82857
1.79763
1.78435
1.79434
1.7912
1.79042
1.79251
1.79825
1.76665
1.75576
1.74241
1.72563
1.73279
1.7238
1.72765
1.74017
1.73818
1.7568
1.7476
1.75924
1.75518
1.75028
1.74787
1.73564
1.72794
1.69627
1.69124
1.68923
1.69311
1.69615
1.69393
1.69538
1.66955
1.65726
1.65122
1.61699
1.6275
1.61107
1.63837
1.62109
1.6474
1.64867
1.66898
1.67606
1.68596
1.69562
1.70827
1.74806
1.7506
1.76014
1.77121
1.77036
1.78747
1.78669
1.7868
1.79763
1.78263
1.77388
1.74497
1.74368
1.73174
1.74259
1.72468
1.71495
1.71579
1.71838
1.73842
1.70261
1.69683
1.6867
1.6746
1.67457
1.68177
1.69594
1.69381
1.68372
1.67646
1.67481
1.67619
1.67654
1.69031
1.68779
1.69311
1.69572
1.68492
1.69664
1.67189
1.66969
1.6651
1.6629
1.67971
1.70781
1.68752
1.67323
1.66904
1.66957
1.68393
1.70898
1.7068
1.70783
1.67584
1.67085
1.66432
1.65936
1.66307
1.64138
1.66415
1.6602
1.66477
1.67601
1.65908
1.64831
1.66173
1.66674
1.68685
1.69639
1.71652
1.70345
1.70852
1.71528
1.72144
1.72061
1.71992
1.74922
1.75105
1.76463
1.79083
1.79914
1.80567
1.7962
1.79812
1.78577
1.76613
1.7679
1.75368
1.74327
1.70817
1.70272
1.69847
1.68869
1.6853
1.68366
1.68095
1.65231
1.67449
1.69511
1.66432
1.65642
1.66931
1.66477
1.66424
1.66071
1.66838
1.66172
1.66251
1.6643
1.66514
1.66262
1.66309
1.66921
1.67411
1.67486
1.69176
1.71862
1.69667
1.68291
1.66669
1.67185
1.65621
1.66233
1.65816
1.6589
1.65566
1.65719
1.68333
1.68262
1.68484
1.69459
1.71957
1.7188
1.73039
1.72722
1.71574
1.68812
1.68008
1.65663
1.65436
1.65349
1.6451
1.63659
1.6343
1.63231
1.62465
1.62593
1.60014
1.59965
1.6005
1.58666
1.56001
1.55539
1.53217
1.53338
1.5597
1.57593
1.59805
1.59661
1.62451
1.62179
1.62881
1.6334
1.65039
1.64776
1.66938
1.66695
1.66065
1.66367
1.68849
1.71311
1.73353
1.73348
1.73934
1.73845
1.70887
1.70041
1.7064
1.70891
1.67267
1.7093
1.71609
1.73732
1.73933
1.74057
1.72631
1.73004
1.7369
1.73717
1.71118
1.68783
1.66536
1.67169
1.67453
1.67751
1.67881
1.67367
1.65428
1.67286
1.69551
1.65624
1.67462
1.65104
1.63758
1.64533
1.64538
1.64755
1.64539
1.64366
1.67066
1.68608
1.70485
1.70229
1.71331
1.71358
1.71015
1.70703
1.70825
1.69049
1.67149
1.67783
1.65889
1.65985
1.65953
1.65602
1.6552
1.64908
1.64445
1.64911
1.63548
1.63712
1.63883
1.65011
1.66158
1.66992
1.70488
1.73354
1.73311
1.73677
1.75743
1.77582
1.77655
1.78908
1.80238
1.80949
1.83258
1.83753
1.84382
1.87532
1.87782
1.90307
1.8939
1.88572
1.87556
1.86809
1.8402
1.81438
1.81855
1.82872
1.81807
1.80075
1.80054
1.79171
1.78245
1.81618
1.80048
1.81896
1.82624
1.80501
1.79537
1.77881
1.78482
1.8098
1.80091
1.82918
1.83754
1.87584
1.8927
1.886
1.88271
1.8802
1.88203
1.88724
1.89173
1.87841
1.88187
1.86456
1.85596
1.86009
1.87965
1.88646
1.8823
1.85837
1.87789
1.85239
1.84401
1.83729
1.83951
1.86855
1.89866
1.9099
1.90431
1.91394
1.91123
1.88453
1.89792
1.91272
1.91882
1.90748
1.88377
1.86263
1.85519
1.8505
1.82717
1.82414
1.82956
1.80288
1.778
1.74725
1.7169
1.70561
1.69987
1.68921
1.72374
1.73989
1.75787
1.74598
1.75633
1.75257
1.75339
1.74941
1.76985
1.78642
1.80005
1.81966
1.81858
1.82087
1.81751
1.8309
1.83215
1.83753
1.84966
1.85498
1.8278
1.81341
1.77657
1.77133
1.75884
1.79369
1.8134
1.81782
1.80747
1.79848
1.78805
1.76964
1.76834
1.769
1.77943
1.75697
1.75278
1.77669
1.76529
1.76006
1.76856
1.76061
1.76782
1.77412
1.76861
1.73342
1.72592
1.71868
1.70694
1.7166
1.74265
1.75155
1.74816
1.74313
1.74029
1.74148
1.74605
1.71509
1.71792
1.70992
1.68769
1.69204
1.67692
1.68865
1.69448
1.70044
1.70554
1.70159
1.71375
1.69747
1.68577
1.67451
1.67009
1.67205
1.66726
1.67094
1.66514
1.66557
1.66501
1.67393
1.68927
1.6937
1.76734
1.75826
1.74881
1.74244
1.73236
1.73659
1.72642
1.72557
1.71753
1.71447
1.73575
1.73162
1.72988
1.73393
1.73078
1.73882
1.73831
1.73601
1.72371
1.7171
1.65214
1.66665
1.69094
1.72994
1.72327
1.72271
1.71761
1.71483
1.70216
1.73703
1.71442
1.71292
1.72934
1.72182
1.74281
1.73394
1.73482
1.73114
1.72935
1.73515
1.7498
1.74947
1.74247
1.70933
1.70553
1.7034
1.72154
1.723
1.72464
1.69487
1.72025
1.72002
1.70372
1.70326
1.70173
1.72056
1.72641
1.72588
1.72051
1.71506
1.6917
1.67467
1.67118
1.6573
1.65902
1.65714
1.64168
1.63844
1.63536
1.64616
1.61994
1.62272
1.62229
1.62076
1.59749
1.57534
1.57948
1.61681
1.62411
1.62493
1.66279
1.66774
1.6559
1.66139
1.66503
1.67609
1.67248
1.67911
1.68304
1.66737
1.66914
1.66433
1.65667
1.65385
1.65824
1.68534
1.66994
1.63087
1.65314
1.65517
1.62711
1.63455
1.63801
1.6355
1.63438
1.63253
1.66444
1.65841
1.6572
1.65822
1.6557
1.6583
1.67106
1.67517
1.67199
1.64487
1.64438
1.64162
1.61636
1.61308
1.60266
1.57972
1.57793
1.58012
1.57463
1.565
1.53575
1.56759
1.56504
1.59275
1.59519
1.61602
1.60941
1.63293
1.65374
1.65946
1.65946
1.6575
1.65848
1.65937
1.67559
1.67694
1.69255
1.69615
1.71096
1.71047
1.73948
1.70727
1.72316
1.69482
1.69142
1.66991
1.66714
1.63941
1.61959
1.63642
1.64822
1.64752
1.64933
1.65383
1.66613
1.67292
1.6684
1.66633
1.68263
1.68947
1.66514
1.66702
1.64739
1.64993
1.65021
1.6495
1.65128
1.65333
1.65541
1.64012
1.62504
1.62678
1.65685
1.66928
1.64984
1.67759
1.66006
1.65853
1.65401
1.64913
1.63823
1.67062
1.69969
1.72273
1.72408
1.72598
1.80933
1.81476
1.82144
1.82771
1.84696
1.85849
1.84065
1.82445
1.84213
1.80713
1.8215
1.82689
1.8016
1.82405
1.82575
1.79215
1.76898
1.74263
1.74156
1.7393
1.65332
1.65016
1.64484
1.63107
1.62153
1.61264
1.60742
1.61977
1.65375
1.65649
1.66748
1.66439
1.68685
1.66273
1.66463
1.66469
1.66382
1.68601
1.70484
1.72427
1.72653
1.74645
1.75632
1.75953
1.75453
1.7503
1.73563
1.73749
1.67329
1.67277
1.64997
1.67355
1.64825
1.64946
1.65056
1.68558
1.68452
1.68874
1.68983
1.68935
1.69631
1.68104
1.66666
1.66411
1.66253
1.67068
1.70487
1.69326
1.71097
1.72743
1.72522
1.70966
1.72825
1.72877
1.73277
1.69951
1.6973
1.6713
1.65951
1.64879
1.64829
1.64272
1.65089
1.65344
1.65521
1.67004
1.6493
1.64435
1.63293
1.61722
1.63251
1.62377
1.60349
1.62445
1.62501
1.63835
1.65686
1.65585
1.67942
1.70176
1.6954
1.69637
1.68808
1.7029
1.70939
1.69574
1.68522
1.69446
1.69258
1.68889
1.67688
1.67957
1.70434
1.70416
1.69818
1.68839
1.67143
1.67231
1.64275
1.6164
1.61653
1.61045
1.61081
1.59436
1.58855
1.58095
1.58406
1.57697
1.61312
1.61144
1.61238
1.60552
1.58474
1.55995
1.5592
1.55544
1.55549
1.55555
1.55162
1.54822
1.54394
1.54431
1.54357
1.57028
1.59151
1.61047
1.62912
1.65412
1.62108
1.63898
1.65639
1.65853
1.65753
1.66373
1.66743
1.6691
1.66907
1.69809
1.70613
1.72459
1.75555
1.76075
1.76372
1.75902
1.74648
1.73907
1.737
1.71598
1.71633
1.7249
1.70486
1.7029
1.70743
1.70315
1.70207
1.69987
1.72339
1.69766
1.69249
1.67078
1.64466
1.63895
1.63778
1.62159
1.61718
1.60444
1.58759
1.5847
1.61401
1.58682
1.59064
1.61667
1.63704
1.63643
1.63502
1.65071
1.62758
1.62513
1.62651
1.65785
1.65838
1.67697
1.69419
1.69234
1.70141
1.70122
1.71611
1.717
1.7413
1.74804
1.7606
1.77434
1.74624
1.76903
1.76696
1.77727
1.78846
1.79003
1.79148
1.7783
1.81518
1.8023
1.81485
1.81402
1.79602
1.801
1.80533
1.80282
1.74337
1.76779
1.76117
1.75193
1.75725
1.73432
1.73461
1.70814
1.6992
1.69316
1.68695
1.67403
1.63927
1.63597
1.608
1.61057
1.6287
1.6273
1.62356
1.62862
1.63296
1.6034
1.59484
1.57059
1.59755
1.60327
1.63093
1.63255
1.65182
1.65351
1.67946
1.67582
1.68809
1.68836
1.68877
1.68249
1.67
1.67261
1.65653
1.65384
1.65314
1.65847
1.66398
1.66251
1.63838
1.66843
1.65642
1.65525
1.65934
1.6837
1.66656
1.6761
1.66746
1.66606
1.66294
1.66013
1.65288
1.64627
1.64242
1.63695
1.63035
1.62535
1.61594
1.60882
1.6241
1.58998
1.62464
1.62403
1.6334
1.61707
1.62797
1.63337
1.64631
1.66017
1.65819
1.65678
1.65816
1.68094
1.68135
1.68218
1.68111
1.67617
1.67876
1.6865
1.67671
1.68489
1.64573
1.64767
1.60901
1.60032
1.5807
1.57071
1.56591
1.58445
1.59813
1.61305
1.65063
1.64904
1.64513
1.67901
1.68162
1.70473
1.72565
1.72106
1.70651
1.73522
1.73304
1.74873
1.772
1.77565
1.79105
1.80777
1.80826
1.77646
1.80074
1.8008
1.76048
1.77546
1.79744
1.76628
1.76682
1.74716
1.74404
1.74361
1.7603
1.72687
1.71581
1.72093
1.70072
1.70911
1.72058
1.70934
1.72576
1.72942
1.70662
1.69585
1.69632
1.66021
1.66281
1.67237
1.70854
1.71635
1.70171
1.70185
1.6928
1.68833
1.6892
1.66526
1.66822
1.68605
1.66636
1.67588
1.64507
1.64502
1.62671
1.67268
1.67772
1.69601
1.70217
1.69608
1.6965
1.69345
1.69017
1.69158
1.7079
1.73487
1.7713
1.80021
1.79801
1.78645
1.77971
1.76379
1.79413
1.80149
1.80559
1.76025
1.77612
1.77601
1.75575
1.76903
1.73565
1.73333
1.73133
1.75601
1.75024
1.7489
1.71397
1.68811
1.69196
1.6769
1.69112
1.70138
1.67028
1.6566
1.67297
1.6753
1.65499
1.65614
1.64694
1.62946
1.62581
1.6244
1.64821
1.64564
1.63703
1.61225
1.63435
1.65365
1.64857
1.67352
1.66232
1.65082
1.6527
1.65601
1.64016
1.65533
1.65699
1.66951
1.67081
1.66805
1.69712
1.70021
1.68284
1.65776
1.649
1.65864
1.64362
1.62773
1.63478
1.60934
1.61433
1.61609
1.61395
1.61608
1.61975
1.62921
1.64719
1.64118
1.6487
1.65634
1.65911
1.68504
1.69921
1.70594
1.74154
1.73772
1.75762
1.77202
1.77275
1.7941
1.79464
1.79269
1.81415
1.81707
1.81744
1.7935
1.78889
1.76843
1.7857
1.7892
1.79003
1.76443
1.75227
1.75099
1.74405
1.74537
1.72214
1.70692
1.70053
1.6773
1.67401
1.70839
1.69459
1.70563
1.71721
1.71837
1.72497
1.72662
1.72335
1.72662
1.71087
1.71255
1.71159
1.73442
1.74334
1.74186
1.74921
1.74929
1.75099
1.75443
1.77254
1.73937
1.73694
1.72478
1.74134
1.7419
1.75058
1.74766
1.73046
1.72529
1.72908
1.72809
1.74289
1.7237
1.71246
1.70711
1.72297
1.7283
1.7276
1.74966
1.73076
1.73473
1.73423
1.75718
1.72818
1.76233
1.77783
1.79479
1.81509
1.81462
1.79997
1.79662
1.80041
1.79931
1.7794
1.78078
1.7577
1.75186
1.75428
1.73603
1.73447
1.73194
1.72779
1.72919
1.73962
1.7046
1.66487
1.64964
1.63561
1.63244
1.64021
1.6443
1.62422
1.62393
1.63606
1.65084
1.6618
1.67699
1.67644
1.69788
1.70177
1.7059
1.71023
1.70433
1.69365
1.69385
1.70238
1.7067
1.70561
1.70993
1.70508
1.70577
1.7034
1.70494
1.69224
1.67779
1.66519
1.64828
1.67637
1.65788
1.65523
1.65028
1.67774
1.66412
1.69724
1.70107
1.70936
1.7051
1.70284
1.71657
1.70961
1.72879
1.73288
1.72862
1.72561
1.74257
1.74139
1.7395
1.70683
1.72495
1.72995
1.7315
1.70794
1.7007
1.68085
1.69093
1.67766
1.69834
1.69109
1.67257
1.67687
1.65417
1.66068
1.66092
1.66195
1.63935
1.64239
1.66685
1.67455
1.66214
1.67331
1.67614
1.67609
1.71085
1.69712
1.71082
1.73028
1.70839
1.72952
1.73602
1.74103
1.7385
1.72732
1.72988
1.72975
1.73925
1.73371
1.71369
1.70587
1.69143
1.69219
1.69637
1.71739
1.68959
1.70783
1.67859
1.66107
1.68435
1.66698
1.66229
1.6691
1.67277
1.6735
1.66746
1.67086
1.66555
1.66854
1.67474
1.68119
1.68277
1.66448
1.66092
1.63217
1.6203
1.62226
1.61961
1.61428
1.58958
1.58924
1.59125
1.57572
1.60272
1.60722
1.61517
1.61197
1.61232
1.61496
1.6088
1.62511
1.62092
1.62117
1.61544
1.61535
1.62243
1.60562
1.60699
1.61579
1.61837
1.61895
1.61502
1.61292
1.58133
1.57484
1.59283
1.59024
1.60065
1.59582
1.59425
1.5767
1.58182
1.58009
1.58482
1.58967
1.59049
1.58508
1.58693
1.57575
1.57612
1.57444
1.57555
1.58008
1.61623
1.62661
1.61168
1.61362
1.60872
1.60739
1.61065
1.60472
1.60673
1.60653
1.59768
1.59852
1.59525
1.59353
1.58907
1.62032
1.61405
1.61201
1.6119
1.61107
1.57935
1.59311
1.59121
1.59649
1.6055
1.6163
1.61868
1.62755
1.62802
1.66408
1.69821
1.70341
1.71233
1.72682
1.74237
1.72616
1.7331
1.7404
1.74357
1.74831
1.79883
1.78966
1.78741
1.79143
1.78719
1.78431
1.80698
1.80984
1.81101
1.78831
1.77097
1.77013
1.76785
1.76687
1.76163
1.75246
1.75754
1.75425
1.75907
1.7673
1.72664
1.72743
1.73466
1.73302
1.72704
1.7271
1.73388
1.73774
1.76927
1.77567
1.7698
1.78564
1.7971
1.79616
1.80903
1.81509
1.81978
1.84953
1.85952
1.86346
1.86273
1.88425
1.87743
1.87403
1.87408
1.88161
1.8514
1.84924
1.82748
1.81701
1.81596
1.79798
1.78469
1.78192
1.77333
1.77753
1.80086
1.78883
1.79209
1.79843
1.7929
1.75935
1.7653
1.83576
1.83989
1.82753
1.82771
1.81933
1.80572
1.8005
1.80074
1.79443
1.79182
1.78663
1.79291
1.77766
1.74511
1.72731
1.70802
1.6892
1.68557
1.68287
1.67627
1.61369
1.60541
1.60498
1.59671
1.59465
1.59815
1.60108
1.62688
1.62627
1.62836
1.62942
1.61529
1.61736
1.62706
1.6301
1.63144
1.63011
1.62816
1.63808
1.64168
1.63171
1.635
1.63497
1.63856
1.63337
1.64275
1.64756
1.62438
1.63298
1.6338
1.63116
1.63531
1.63386
1.61868
1.61315
1.60773
1.61139
1.61347
1.61306
1.62319
1.62381
1.62158
1.62277
1.6476
1.66296
1.64777
1.63948
1.63489
1.62308
1.619
1.61832
1.62023
1.62012
1.61886
1.61928
1.62101
1.61642
1.64081
1.63462
1.6237
1.62008
1.65568
1.65527
1.64212
1.65153
1.66904
1.70686
1.70454
1.71234
1.73158
1.73524
1.7291
1.7515
1.75687
1.75667
1.76238
1.76844
1.74513
1.74384
1.73663
1.74093
1.70092
1.70378
1.6925
1.6786
1.65971
1.64371
1.65282
1.66168
1.66479
1.66396
1.68662
1.66666
1.66506
1.66498
1.66217
1.65592
1.64962
1.64781
1.64579
1.64364
1.64845
1.66496
1.6643
1.67837
1.7202
1.70567
1.71475
1.73045
1.7112
1.70859
1.7059
1.71622
1.71608
1.7177
1.71589
1.72489
1.73224
1.7366
1.76494
1.76871
1.76714
1.76541
1.76268
1.77805
1.74223
1.73458
1.73503
1.70411
1.70256
1.70138
1.67751
1.66712
1.67554
1.68979
1.68865
1.68062
1.68385
1.68484
1.65901
1.65619
1.65374
1.63475
1.63411
1.59763
1.59032
1.58969
1.57119
1.59429
1.59754
1.60771
1.61239
1.60801
1.60349
1.59211
1.59697
1.60372
1.60182
1.60449
1.61129
1.61171
1.63034
1.64125
1.64052
1.63948
1.64667
1.66661
1.66882
1.66119
1.65881
1.66888
1.67503
1.69081
1.68462
1.68484
1.68223
1.67728
1.67365
1.66708
1.65975
1.65702
1.64127
1.65664
1.66996
1.67699
1.67882
1.66144
1.67485
1.66171
1.6603
1.64585
1.6371
1.62591
1.62924
1.62896
1.62638
1.62141
1.62556
1.62792
1.65455
1.65939
1.67157
1.65038
1.63992
1.63482
1.63081
1.62945
1.61429
1.63751
1.63646
1.63534
1.63454
1.63343
1.6333
1.62996
1.6325
1.63184
1.66437
1.66995
1.64204
1.64008
1.63229
1.62967
1.62971
1.62758
1.62573
1.6209
1.62182
1.60293
1.64062
1.63554
1.64035
1.65683
1.65352
1.65354
1.66367
1.67884
1.64224
1.63474
1.646
1.63948
1.6336
1.6311
1.63299
1.63666
1.6377
1.64749
1.65094
1.67377
1.65878
1.67229
1.68982
1.67271
1.69449
1.70116
1.69781
1.6878
1.68604
1.6902
1.68482
1.68768
1.68823
1.69237
1.69716
1.70073
1.72654
1.72311
1.72039
1.69191
1.6734
1.66317
1.64522
1.65403
1.63966
1.63959
1.66971
1.67477
1.6738
1.67033
1.68544
1.70171
1.73681
1.76612
1.76447
1.76371
1.74221
1.73687
1.75109
1.75504
1.74695
1.74446
1.74902
1.74788
1.75656
1.77375
1.73792
1.72787
1.73147
1.72999
1.72027
1.70718
1.67376
1.642
1.63868
1.63795
1.63119
1.63218
1.61232
1.61568
1.62207
1.67105
1.68039
1.67458
1.6598
1.63752
1.63501
1.64159
1.64469
1.65504
1.65347
1.65464
1.66449
1.66247
1.66862
1.66893
1.66914
1.66994
1.67562
1.67133
1.71157
1.66297
1.64753
1.64546
1.64751
1.64539
1.65083
1.64996
1.65251
1.63952
