0 0 0 0 0 0 0 0
0 0 0 0 0 0 0 0
0 0 0 0 0 0 0 0
0 0 0 0 0 0 0 0
0 0 0 0 0 0 0 0
0 0 0 0 0 0 0 0
0 0 0 0 0 0 0 0
0 0 0 0 0 0 0 0
0 0 0 0 0 0 0 0
0 0 0 0 0 0 0 0
0 0 0 0 0 0 0 0
0 0 0 0 0 0 0 0
0 0 0 0 0 0 0 0
0 0 0 0 0 0 0 0
0 0 0 0 0 0 0 0
0 0 0 0 0 0 0 0
37.9412 0 0 0 0 0 11247 0
86.3889 0 0 0 0 38.7778 13505 0
155.158 0 0 0 0 86.0526 15323 0
199.5 0 0 0 0 101.8 8707 0
270.05 0 0 0 0 123.9 10580 0
386.8 0 0 0 0 151 14796 0
546.15 0 0 0 0 181.45 17436 0
676.35 0 0 0 0 206.1 13455 0
765.85 0 0 0 0 218.85 8086 0
918.65 0 0 0 0 243.8 13716 0
1103.1 0 0 0 0 270.7 14828 0
1246.75 0 0 0 0 288.2 9951 0
1503.2 0 0 0 0 321.95 17007 0
1823.9 0 0 0 0 321.95 19330 0
1987.2 0 0 0 0 337 8643 0
2231.25 0 0 0 0 359.65 12150 0
2417.3 0 0 0 0 377.85 8502 0
2612.25 0 0 0 0 395.6 8422 0
2894.25 0 0 0 0 420.9 11616 0
3260.85 0 0 0 0 450.55 14049 0
3580.55 0 0 0 0 477.75 12258 0
3866.4 0 0 0 0 467.8 10834 0
4009 0 0 0 0 438.2 6642 0
4305.8 0 0 0 0 444.3 10420 0
4681.75 0 0 0 0 454.2 12533 0
4860.15 0 0 0 0 447.3 7700 0
5060.65 0 0 0 0 441.25 9171 0
5173.6 0 0 0 0 451.3 5844 0
5512.05 0 0 0 0 478.5 9737 0
5814.05 0 0 0 0 484 9924 0
5916.4 0 0 0 0 475.85 5770 0
6080.45 0 0 0 0 478.65 6136 0
6248 0 0 0 0 473.7 7901 0
6244.1 0 0 0 0 494.4 5721 0
6316.5 0 0 0 0 494.55 4107 0
6474.8 0 0 0 0 498.2 6533 0
6680.9 0 0 0 0 504.65 6102 0
6908.7 0 0 0 0 512.5 6299 0
6936.95 0 0 0 0 506.4 4552 0
6831.35 0 0 0 0 493.85 3647 0
6793.55 0 0 0 0 486 4357 0
6856.65 0 0 0 0 486 5089 0
6998.6 0 0 0 0 490.6 4369 0
7109.65 0 0 0 0 492.05 5509 0
6980.9 0 0 0 0 479.25 3703 0
7021 0 0 0 0 479.35 3784 0
7110.1 0 0 0 0 481.4 4857 0
7346.75 0 0 0 0 474.75 5109 0
7441.05 0 0 0 0 464.75 5121 0
7409.45 0 0 0 0 458.75 3961 0
7426.85 0 0 0 0 457.3 2772 0
7521.5 0 0 0 0 460.1 3591 0
7565.05 0 0 0 0 457.6 4026 0
7707.2 0 0 0 0 464.35 3779 0
7806.15 0 0 0 0 468 2726 0
7785.9 0 0 0 0 463.4 3093 0
7844.3 0 0 0 0 463.5 3379 0
7941.4 0 0 0 0 466.45 3759 0
8079.55 0 0 0 0 471.9 3115 0
8300.2 0 0 0 0 481.8 3299 0
8485.55 0 0 0 0 489.35 3329 0
8470.35 0 0 0 0 486.9 2464 0
8603.6 0 0 0 0 493.95 3088 0
8668.7 0 0 0 0 495.95 3142 0
8816.85 0 0 0 0 503.2 2681 0
8855.65 0 0 0 0 504.7 2066 0
8801.55 0 0 0 0 500.35 2143 0
8685 0 0 0 0 492.2 1977 0
8489 0 0 0 0 482.1 1743 0
8583.55 0 0 0 0 486.5 2756 0
8719.45 0 0 0 0 494.15 2146 0
8774.3 0 0 0 0 497.2 2209 0
8695.95 0 0 0 0 493.95 1906 0
8695.35 0 0 0 0 492.75 2182 0
8858.75 0 0 0 0 504.65 2286 0
8784.6 0 0 0 0 500.8 1314 0
8697.55 0 0 0 0 496.65 1579 0
8699.7 0 0 0 0 496.95 2173 0
8662.6 0 0 0 0 494.85 1668 0
8696.8 0 0 0 0 496.25 2171 0
8627.05 0 0 0 0 494.1 1773 0
8656.15 0 0 0 0 495.35 1724 0
8563.65 0 0 0 0 488.35 1509 0
8518.15 0 0 0 0 484.75 1800 0
8469.55 0 0 0 0 481.3 1578 0
8513.3 0 0 0 0 484.25 1503 0
8538.9 0 0 0 0 486.25 1413 0
8578.75 0 0 0 0 488.75 1429 0
8690.3 0 0 0 0 495.3 1494 0
8661.9 0 0 0 0 493.5 1584 0
8707.95 0 0 0 0 495.25 1719 0
8691.4 0 0 0 0 494 1499 0
8822.75 0 0 0 0 499.45 1677 0
8780.95 0 0 0 0 496.45 1371 0
8710.05 0 0 0 0 491.5 1260 0
8861.7 0 0 0 0 499.05 1437 0
9001.75 0 0 0 0 506.3 1500 0
8923.1 0 0 0 0 500.35 1260 0
9029.6 0 0 0 0 506 1423 0
8820.05 0 0 0 0 494.7 832 0
8887.1 0 0 0 0 498.05 1327 0
8977.1 0 0 0 0 501.45 1368 0
8977.85 0 0 0 0 501.3 1126 0
9012.4 0 0 0 0 503.45 1318 0
9029.2 0 0 0 0 519.6 1118 0
9158.9 0 0 0 0 524.9 1345 0
9267.15 0 0 0 0 530.85 1341 0
9362.25 0 0 0 0 536.55 1298 0
9372.7 0 0 0 0 534.5 1053 0
9348.55 0 0 0 0 533.05 1076 0
9416.3 0 0 0 0 535.5 1316 0
9555.7 0 0 0 0 540.75 1357 0
9429.95 0 0 0 0 535.9 923 0
9539.65 0 0 0 0 540.4 1207 0
9643.95 0 0 0 0 543.75 1196 0
9606.55 0 0 0 0 542 916 0
9505.75 0 0 0 0 537.6 842 0
9434.85 0 0 0 0 536.15 795 0
9399.65 0 0 0 0 535.6 956 0
9480.15 0 0 0 0 541.55 790 0
9385.75 0 0 0 0 536 858 0
9280.05 0 0 0 0 530.7 783 0
9434.1 0 0 0 0 538.95 1133 0
9438.75 0 0 0 0 539.6 995 0
9458.5 0 0 0 0 524.5 832 0
9363.3 0 0 0 0 519.6 805 0
9371.55 0 0 0 0 517.65 950 0
9403.05 0 0 0 0 516.95 922 0
9479.1 0 0 0 0 520.8 944 0
9550.95 0 0 0 0 524.55 947 0
9513.2 0 0 0 0 524.95 963 0
9429.95 0 0 0 0 521.25 840 0
9334.55 0 0 0 0 514.9 508 0
9270.05 0 0 0 0 512.1 774 0
9260.4 0 0 0 0 511.6 879 0
9257.65 0 0 0 0 511.65 695 0
9377.25 0 0 0 0 516.65 945 0
9385.7 0 0 0 0 517.05 669 0
9401.9 0 0 0 0 515.35 805 0
9566.95 0 0 0 0 522.45 876 0
9696.25 0 0 0 0 526.5 801 0
9837.7 0 0 0 0 532.25 832 0
9647.9 0 0 0 0 523.3 589 0
9533.85 0 0 0 0 519.05 603 0
9505.3 0 0 0 0 519.15 606 0
9474.3 0 0 0 0 517.95 615 0
9445.1 0 0 0 0 518.7 793 0
9462.7 0 0 0 0 521.5 742 0
9468.25 0 0 0 0 522.35 699 0
9298 0 0 0 0 514.95 542 0
9218.05 0 0 0 0 510.25 689 0
9134.6 0 0 0 0 506.75 594 0
9380.6 0 0 0 0 518.05 842 0
9393.85 0 0 0 0 518.8 637 0
9372.05 0 0 0 0 516.3 691 0
9324.65 0 0 0 0 513.05 517 0
9285.15 0 0 0 0 510.4 611 0
9355.65 0 0 0 0 513.45 590 0
9342.15 0 0 0 0 515.15 586 0
9358.6 0 0 0 0 517.05 708 0
9347.15 0 0 0 0 518.15 619 0
9303.1 0 0 0 0 518.25 628 0
9312 0 0 0 0 517.4 445 0
9400.4 0 0 0 0 519.5 622 0
9391.75 0 0 0 0 518.25 539 0
9316.5 0 0 0 0 512.95 411 0
9269.6 0 0 0 0 508.95 577 0
9265 0 0 0 0 508.25 658 0
9091.05 0 0 0 0 499.75 406 0
9182.05 0 0 0 0 502.1 486 0
9184.25 0 0 0 0 501 494 0
9274.95 0 0 0 0 507 603 0
9137.1 0 0 0 0 500.1 441 0
9149.2 0 0 0 0 500.9 572 0
8999.35 0 0 0 0 494.75 357 0
9029.75 0 0 0 0 498.25 455 0
8891.5 0 0 0 0 492.45 379 0
8973.45 0 0 0 0 496.6 579 0
8947.7 0 0 0 0 493.55 559 0
8805.4 0 0 0 0 485.3 448 0
8662.1 0 0 0 0 478.9 385 0
8661.6 0 0 0 0 479.75 506 0
8767.15 0 0 0 0 485.2 470 0
8584.65 0 0 0 0 475.15 314 0
8585.35 0 0 0 0 475.85 498 0
8790.4 0 0 0 0 484.7 559 0
8848.65 0 0 0 0 486.6 590 0
8656.8 0 0 0 0 476.3 380 0
8725.2 0 0 0 0 480.05 474 0
8682.6 0 0 0 0 479.7 431 0
8738.75 0 0 0 0 482.3 594 0
8705 0 0 0 0 478.75 469 0
8785.45 0 0 0 0 484.3 500 0
8683 0 0 0 0 478.55 385 0
8739.9 0 0 0 0 482.15 381 0
8845.45 0 0 0 0 486.3 532 0
8876.2 0 0 0 0 487.8 322 0
8825.2 0 0 0 0 484.55 466 0
8824.45 0 0 0 0 484.65 454 0
8939.45 0 0 0 0 488.2 461 0
9073.4 0 0 0 0 494.1 411 0
9116.45 0 0 0 0 494.05 488 0
9198.4 0 0 0 0 498.2 446 0
9363.7 0 0 0 0 507.85 429 0
9454.4 0 0 0 0 512.25 488 0
9394.55 0 0 0 0 511.55 394 0
9184.35 0 0 0 0 503.7 285 0
9361.4 0 0 0 0 512.8 435 0
9477.7 0 0 0 0 517.5 486 0
9631.5 0 0 0 0 525.45 486 0
9649.9 0 0 0 0 526.4 481 0
9562.45 0 0 0 0 522.35 331 0
9503.05 0 0 0 0 518.9 364 0
9637.95 0 0 0 0 525.15 451 0
9761.55 0 0 0 0 529.65 421 0
9795.25 0 0 0 0 530.35 360 0
9862.2 0 0 0 0 532.65 409 0
9882.7 0 0 0 0 533.5 387 0
9966.15 0 0 0 0 538.6 468 0
9966.9 0 0 0 0 540.25 435 0
9958.55 0 0 0 0 540.65 380 0
9945.8 0 0 0 0 540.65 391 0
9888.8 0 0 0 0 539.65 383 0
9932.95 0 0 0 0 543.9 429 0
9954.5 0 0 0 0 545.05 429 0
10014.6 0 0 0 0 546.15 426 0
10212.2 0 0 0 0 553.35 381 0
10049.2 0 0 0 0 544.45 308 0
9909.85 0 0 0 0 538.25 332 0
9804 0 0 0 0 533.2 401 0
9742.95 0 0 0 0 531.25 390 0
9877.65 0 0 0 0 538.25 481 0
9971.2 0 0 0 0 542.05 392 0
9811.35 0 0 0 0 534.95 279 0
9724.75 0 0 0 0 531.1 271 0
9677.7 0 0 0 0 529.35 330 0
9760.6 0 0 0 0 535.85 427 0
9785.95 0 0 0 0 538.85 411 0
9793.45 0 0 0 0 537.65 397 0
9679.8 0 0 0 0 532 292 0
9553.45 0 0 0 0 524.25 289 0
9584.95 0 0 0 0 524.4 432 0
9545.2 0 0 0 0 520.45 309 0
9430.65 0 0 0 0 512.25 268 0
9311.9 0 0 0 0 505.35 282 0
9116.95 0 0 0 0 497.25 288 0
9091.15 0 0 0 0 499.3 317 0
9025.2 0 0 0 0 496.9 217 0
9136.1 0 0 0 0 502.9 355 0
9191.15 0 0 0 0 505.8 389 0
9246.8 0 0 0 0 507.65 365 0
9258.8 0 0 0 0 508.2 371 0
9225.85 0 0 0 0 508.1 341 0
9396.8 0 0 0 0 517 368 0
9493.6 0 0 0 0 522.3 350 0
9540.9 0 0 0 0 523.35 345 0
9571.15 0 0 0 0 521.45 346 0
9589.85 0 0 0 0 520.55 331 0
9538.3 0 0 0 0 519.05 345 0
9553.25 0 0 0 0 520.05 300 0
9640.3 0 0 0 0 526.4 326 0
9454.55 0 0 0 0 518.2 250 0
9447.25 0 0 0 0 518.55 295 0
9560.7 0 0 0 0 525.1 304 0
9651.9 0 0 0 0 529.9 330 0
9838.25 0 0 0 0 538.85 306 0
9747.55 0 0 0 0 518.1 246 0
9783.4 0 0 0 0 501.1 212 0
9764.4 0 0 0 0 496.1 351 0
9800.45 0 0 0 0 494.9 310 0
9750.85 0 0 0 0 491.9 283 0
9689.75 0 0 0 0 489.2 283 0
9741.65 0 0 0 0 491.15 338 0
9760.7 0 0 0 0 492.25 316 0
9748.4 0 0 0 0 490.9 334 0
9753 0 0 0 0 492.35 309 0
9745.55 0 0 0 0 492.95 307 0
9694.25 0 0 0 0 490.8 384 0
9603.4 0 0 0 0 486.35 262 0
9711 0 0 0 0 491.8 358 0
9783.55 0 0 0 0 494.3 331 0
9980.1 0 0 0 0 503.25 322 0
10037.5 0 0 0 0 506.2 309 0
10045.7 0 0 0 0 504.2 300 0
10028.8 0 0 0 0 503.3 246 0
10019.4 0 0 0 0 503.3 321 0
10197.6 0 0 0 0 525.9 359 0
10384.3 0 0 0 0 554.4 329 0
10418 0 0 0 0 558.6 332 0
10385.3 0 0 0 0 557.95 283 0
10296.9 0 0 0 0 554.5 233 0
10282.6 0 0 0 0 553.3 260 0
10268.4 0 0 0 0 552.35 290 0
10159.3 0 0 0 0 546.95 282 0
9971.2 0 0 0 0 539.65 219 0
9946.2 0 0 0 0 537.65 283 0
9810.45 0 0 0 0 529.35 213 0
9736.6 0 0 0 0 523.8 283 0
9797.9 0 0 0 0 525.95 287 0
9626.75 0 0 0 0 517.6 212 0
9623.9 0 0 0 0 519.85 288 0
9444.1 0 0 0 0 511.25 233 0
9355.5 0 0 0 0 506.2 240 0
9372.65 0 0 0 0 508.8 362 0
9289.85 0 0 0 0 504.45 226 0
9190.6 0 0 0 0 499.4 245 0
9147 0 0 0 0 497.55 262 0
9042.35 0 0 0 0 491.2 212 0
8987.15 0 0 0 0 488.9 270 0
8983.8 0 0 0 0 488.15 305 0
9158.7 0 0 0 0 497.65 263 0
9268.65 0 0 0 0 501.2 369 0
9242.8 0 0 0 0 505.6 344 0
9223.6 0 0 0 0 503.5 232 0
9407.25 0 0 0 0 511.75 260 0
9246.75 0 0 0 0 503.75 228 0
9388.35 0 0 0 0 512.6 252 0
9394.85 0 0 0 0 515.15 267 0
9339 0 0 0 0 512.7 231 0
9433.3 0 0 0 0 517.35 256 0
9408.5 0 0 0 0 514.65 230 0
9442.55 0 0 0 0 516.95 226 0
9538.5 0 0 0 0 522.2 287 0
9529.2 0 0 0 0 520.15 309 0
9652.1 0 0 0 0 526.15 296 0
9629.95 0 0 0 0 524.55 209 0
9602.3 0 0 0 0 523.7 260 0
9587.3 0 0 0 0 523.75 252 0
9553.15 0 0 0 0 522.05 226 0
9502.05 0 0 0 0 520.9 278 0
9507.75 0 0 0 0 519.7 262 0
9452.5 0 0 0 0 518.4 291 0
9484.55 0 0 0 0 513.6 245 0
9629.75 0 0 0 0 521.35 321 0
9674.45 0 0 0 0 522.6 262 0
9795.45 0 0 0 0 528.5 223 0
9759.9 0 0 0 0 526.55 238 0
9843.9 0 0 0 0 529.15 245 0
9949.35 0 0 0 0 534.55 248 0
10012 0 0 0 0 537.55 241 0
10045.8 0 0 0 0 538.1 311 0
10107.1 0 0 0 0 541.35 230 0
10095 0 0 0 0 539.85 293 0
10064.8 0 0 0 0 539.9 339 0
9859.35 0 0 0 0 529.55 186 0
10002.9 0 0 0 0 539.25 332 0
9907.85 0 0 0 0 533.1 170 0
10018.4 0 0 0 0 537.85 285 0
10090.9 0 0 0 0 541.15 244 0
10160.6 0 0 0 0 544.3 259 0
10092.6 0 0 0 0 541.3 254 0
10090 0 0 0 0 539.4 279 0
10038.8 0 0 0 0 535.95 239 0
9876.85 0 0 0 0 529.75 190 0
9827.4 0 0 0 0 528.15 268 0
9856.65 0 0 0 0 531.4 289 0
9794.8 0 0 0 0 529.3 215 0
9745.05 0 0 0 0 528.1 215 0
9739.8 0 0 0 0 527.6 252 0
9674.85 0 0 0 0 526.1 193 0
9640 0 0 0 0 524.6 253 0
9700.85 0 0 0 0 527.75 246 0
9661.5 0 0 0 0 526.85 204 0
9612.25 0 0 0 0 523.55 244 0
9721.95 0 0 0 0 529.25 174 0
9519.55 0 0 0 0 516.85 135 0
9656.45 0 0 0 0 524.7 250 0
9588.55 0 0 0 0 521.65 239 0
9534.55 0 0 0 0 518.9 198 0
9404.35 0 0 0 0 511.45 181 0
9433.55 0 0 0 0 512.95 209 0
9423 0 0 0 0 514.5 253 0
9427.9 0 0 0 0 518.15 215 0
9527.6 0 0 0 0 521.9 252 0
9428.65 0 0 0 0 517.05 194 0
9380.85 0 0 0 0 514.7 176 0
9310.7 0 0 0 0 510.3 167 0
9249.95 0 0 0 0 507.75 185 0
9148.75 0 0 0 0 503 202 0
9207.8 0 0 0 0 503.55 263 0
9109.45 0 0 0 0 499.95 153 0
9013.75 0 0 0 0 493.7 192 0
9068.3 0 0 0 0 495.45 198 0
9107.85 0 0 0 0 497.05 211 0
9083.8 0 0 0 0 497.3 199 0
9124.35 0 0 0 0 499.45 182 0
9036 0 0 0 0 494.8 230 0
9051.45 0 0 0 0 496.5 191 0
9054.85 0 0 0 0 496.2 208 0
9126.05 0 0 0 0 500.6 233 0
9062 0 0 0 0 497.15 222 0
8945.8 0 0 0 0 492.9 121 0
8887.45 0 0 0 0 488.5 180 0
8811.6 0 0 0 0 484.6 152 0
8860.25 0 0 0 0 486.1 181 0
8963.15 0 0 0 0 488.7 227 0
9083.85 0 0 0 0 493.3 184 0
9076.6 0 0 0 0 493.85 148 0
9159.7 0 0 0 0 498.4 177 0
9040.4 0 0 0 0 492.9 137 0
9030.7 0 0 0 0 490.95 151 0
8988.35 0 0 0 0 489.5 170 0
8877.85 0 0 0 0 483.95 179 0
8927.25 0 0 0 0 487.75 224 0
9053.15 0 0 0 0 494 184 0
9209.65 0 0 0 0 501.65 252 0
9275.6 0 0 0 0 506.55 221 0
9337.15 0 0 0 0 509.55 230 0
9304.3 0 0 0 0 507.35 203 0
9335.25 0 0 0 0 508.8 255 0
9393.2 0 0 0 0 513.95 172 0
9526.35 0 0 0 0 517.8 225 0
9616.8 0 0 0 0 522.3 223 0
9741.2 0 0 0 0 528.1 222 0
9808.1 0 0 0 0 531.15 225 0
9786.2 0 0 0 0 531.75 202 0
9815.75 0 0 0 0 535.2 204 0
9777.5 0 0 0 0 531.5 128 0
9779.5 0 0 0 0 531.3 221 0
9821.75 0 0 0 0 533.6 183 0
9863.15 0 0 0 0 536.55 185 0
10037.6 0 0 0 0 546.75 242 0
10173.1 0 0 0 0 552.4 242 0
10184.8 0 0 0 0 551.05 264 0
10095.4 0 0 0 0 543.45 183 0
10095 0 0 0 0 544.15 220 0
10114 0 0 0 0 543.1 239 0
10028.2 0 0 0 0 540.35 178 0
10075.7 0 0 0 0 545.55 205 0
10081.9 0 0 0 0 547.6 193 0
10123.9 0 0 0 0 548.15 199 0
10152.2 0 0 0 0 550.75 184 0
10167.2 0 0 0 0 552.2 213 0
10155.6 0 0 0 0 551.75 207 0
10126.9 0 0 0 0 551.6 206 0
10000.1 0 0 0 0 543 182 0
9888.8 0 0 0 0 535.3 144 0
10036.1 0 0 0 0 542.5 217 0
10016.2 0 0 0 0 542.25 181 0
10068.9 0 0 0 0 544.5 251 0
10109.4 0 0 0 0 545.85 205 0
9906.15 0 0 0 0 535 151 0
9916 0 0 0 0 537.25 207 0
9868.4 0 0 0 0 536.25 202 0
9947.75 0 0 0 0 544.55 174 0
9927.85 0 0 0 0 543.35 235 0
9962.55 0 0 0 0 547.15 204 0
10012.2 0 0 0 0 547.9 221 0
10011.5 0 0 0 0 544.75 246 0
9942.35 0 0 0 0 539.3 168 0
9874.95 0 0 0 0 535.05 208 0
9807.8 0 0 0 0 530.15 218 0
9723.35 0 0 0 0 523.3 195 0
9654.7 0 0 0 0 519.85 189 0
9651.6 0 0 0 0 519.75 186 0
9627.95 0 0 0 0 521.5 166 0
9735.1 0 0 0 0 529.7 212 0
9687.5 0 0 0 0 528.5 168 0
9759.85 0 0 0 0 531.45 215 0
9810.1 0 0 0 0 533.75 251 0
9929.8 0 0 0 0 540.55 210 0
10087.1 0 0 0 0 548.25 163 0
10080.1 0 0 0 0 546.9 179 0
10105 0 0 0 0 547.15 216 0
9986.95 0 0 0 0 537.8 149 0
9941.5 0 0 0 0 535.55 146 0
9910.3 0 0 0 0 533.1 185 0
9947.85 0 0 0 0 537.2 237 0
9990 0 0 0 0 541.65 245 0
10064 0 0 0 0 545.6 191 0
10090.1 0 0 0 0 547.6 150 0
10150.9 0 0 0 0 552.85 201 0
10222.8 0 0 0 0 559.2 221 0
10201.9 0 0 0 0 560.25 229 0
10017.3 0 0 0 0 549.9 125 0
10154.7 0 0 0 0 556.4 201 0
10168 0 0 0 0 555.6 198 0
10253.6 0 0 0 0 558.8 178 0
10071 0 0 0 0 548.75 127 0
9924.65 0 0 0 0 541.95 172 0
9863.15 0 0 0 0 539.3 199 0
9761.75 0 0 0 0 534.15 201 0
9631.2 0 0 0 0 529.5 147 0
9653.35 0 0 0 0 532.85 184 0
9755.25 0 0 0 0 539.9 176 0
9677 0 0 0 0 537.05 171 0
9544.65 0 0 0 0 529.65 146 0
9527.45 0 0 0 0 527.7 200 0
9548.5 0 0 0 0 528.65 233 0
9583.65 0 0 0 0 530.15 221 0
9625.45 0 0 0 0 533.5 189 0
9639.8 0 0 0 0 534 231 0
9685.6 0 0 0 0 534.15 220 0
9658.95 0 0 0 0 529.7 171 0
9757.3 0 0 0 0 534.55 191 0
9663.35 0 0 0 0 529.25 140 0
9687.35 0 0 0 0 531.85 208 0
9601.1 0 0 0 0 529.35 193 0
9589.65 0 0 0 0 530.75 123 0
9678.1 0 0 0 0 536.25 172 0
9563.8 0 0 0 0 530.2 187 0
9626.1 0 0 0 0 533.15 170 0
9740.05 0 0 0 0 537.85 169 0
9594.95 0 0 0 0 530 167 0
9615.15 0 0 0 0 530.4 205 0
9686.15 0 0 0 0 534.85 173 0
9791.2 0 0 0 0 540.1 207 0
9740.1 0 0 0 0 535.85 151 0
9595.15 0 0 0 0 527.8 113 0
9566.85 0 0 0 0 529.15 211 0
9574.5 0 0 0 0 527.8 217 0
9427.65 0 0 0 0 519.85 113 0
9346.65 0 0 0 0 517.35 126 0
9422.2 0 0 0 0 521.45 199 0
9307.25 0 0 0 0 515.95 142 0
9336.35 0 0 0 0 517.9 197 0
9111.65 0 0 0 0 507.7 94 0
9050.2 0 0 0 0 503.8 150 0
9187.15 0 0 0 0 510.2 117 0
9264.55 0 0 0 0 512.55 223 0
9347.25 0 0 0 0 514.05 206 0
9320.55 0 0 0 0 511.55 186 0
9319.3 0 0 0 0 511.9 199 0
9416 0 0 0 0 516.2 184 0
9347.45 0 0 0 0 512.45 141 0
9319.45 0 0 0 0 509.2 173 0
9216.55 0 0 0 0 503.75 131 0
9359.75 0 0 0 0 510.85 158 0
9518.9 0 0 0 0 520.6 191 0
9338.95 0 0 0 0 509.7 126 0
9244.85 0 0 0 0 506.1 139 0
9300.75 0 0 0 0 509.6 158 0
9366.5 0 0 0 0 511.65 195 0
9279.85 0 0 0 0 507.7 141 0
9501.2 0 0 0 0 517.15 156 0
9464.3 0 0 0 0 513.1 175 0
9568 0 0 0 0 515.45 135 0
9601.1 0 0 0 0 517.15 185 0
9586.2 0 0 0 0 516.3 140 0
9494.9 0 0 0 0 513.8 177 0
9468.85 0 0 0 0 517.15 151 0
9406.4 0 0 0 0 515.2 126 0
9294.7 0 0 0 0 508.85 128 0
9187 0 0 0 0 503.75 135 0
9192.6 0 0 0 0 504.4 149 0
9240.8 0 0 0 0 506.95 157 0
9260.3 0 0 0 0 508.7 151 0
9088.5 0 0 0 0 502.35 128 0
8914.8 0 0 0 0 491.15 149 0
8972.35 0 0 0 0 494.6 142 0
8939.95 0 0 0 0 491.35 131 0
9064.85 0 0 0 0 496.6 210 0
8947.85 0 0 0 0 491 173 0
9058.85 0 0 0 0 497.55 196 0
9021.05 0 0 0 0 497.05 154 0
9107.4 0 0 0 0 503.8 197 0
9200.45 0 0 0 0 510.65 168 0
9331.4 0 0 0 0 517.65 234 0
9394.6 0 0 0 0 520.3 173 0
9474.05 0 0 0 0 522.85 259 0
9461.7 0 0 0 0 520 155 0
9502.1 0 0 0 0 521.25 127 0
9564.3 0 0 0 0 525.35 155 0
9546.15 0 0 0 0 524.05 142 0
9449.75 0 0 0 0 518.6 111 0
9403.4 0 0 0 0 515.75 173 0
9401.2 0 0 0 0 515.6 126 0
9387.35 0 0 0 0 513.3 148 0
9534.35 0 0 0 0 522 139 0
9535.05 0 0 0 0 520.35 132 0
9617.1 0 0 0 0 526.6 219 0
9435.15 0 0 0 0 518.5 167 0
9537.7 0 0 0 0 524.8 203 0
9472.85 0 0 0 0 522.4 146 0
9436.15 0 0 0 0 521.4 152 0
9357.8 0 0 0 0 517.2 132 0
9140.85 0 0 0 0 503.8 99 0
9137.45 0 0 0 0 504.1 188 0
9053.7 0 0 0 0 499.3 143 0
9053.45 0 0 0 0 497.85 190 0
9094.5 0 0 0 0 498.95 156 0
9141.45 0 0 0 0 503.25 153 0
9064.7 0 0 0 0 498.85 114 0
9221 0 0 0 0 509.4 144 0
9428.45 0 0 0 0 520.5 177 0
9512.45 0 0 0 0 524.8 205 0
9600.95 0 0 0 0 530 158 0
9689.3 0 0 0 0 534.3 199 0
9629.7 0 0 0 0 531.5 175 0
9735.8 0 0 0 0 538.25 159 0
9645.2 0 0 0 0 531.4 140 0
9680.9 0 0 0 0 533.15 110 0
9695.45 0 0 0 0 532.05 176 0
9772.85 0 0 0 0 532.75 155 0
9478.7 1 0 0 0 595.55 45 0
9041 0 0 0 9311.97 686.4 0 9311.97
8716.2 0 0 0 9311.97 772.25 0 9311.97
8161.65 0 0 0 9311.97 839.95 0 9311.97
7704.85 0 0 0 9311.97 915.6 0 9311.97
7141 0 0.1 0 9311.97 946 2 9311.97
6630.9 0 0.25 0 9311.97 971.65 3 9311.97
6181.5 0 0.45 0 9311.97 998.7 4 8535.97
5802.05 0 0.6 0 9311.97 1034.95 3 8820.97
5323.8 0 0.75 0 9311.97 1061.65 1 8125.97
4750.7 0 0.9 0 9311.97 1092.35 3 9306.97
4215.6 0 1.05 0 9311.97 1121.5 3 9311.97
3701.1 0 1.25 0 9311.97 1153.5 4 9311.97
3200.45 0 1.4 0 9311.97 1194.2 4 9311.97
2736.2 0 1.55 0 9311.97 1232.55 3 9310.97
2304.7 0 1.7 0 9311.97 1252.6 3 7720.97
1884.35 0 1.85 0 9311.97 1292.25 3 9311.97
1447.75 0 2 0 9311.97 1327.9 3 9308.97
895.95 0 2.15 0 9311.97 1357.1 4 9310.97
358.3 0 2.3 0 9311.97 1384.05 3 9311.97
202.7 0 2.45 0 9311.97 1351.5 3 9311.97
202.7 0 2.65 0 9311.97 1303.95 4 9311.97
202.7 0 2.8 0 9311.97 1267.5 3 9311.97
202.7 0 2.95 0 9311.97 1220.5 2 9311.97
218.25 0 3.1 0 9311.97 1177.8 1 9000.97
218.3 0 3.2 0 9311.97 1184.55 3 9310.97
218.3 0 3.1 0 9311.97 1227.85 1 9311.97
179.5 0 2.9 0 9311.97 1281.5 0 9311.97
154.95 0 2.75 0 9311.97 1332.5 0 9311.97
95.65 0 2.6 0 9311.97 1403.8 0 9311.97
95.4 0 2.45 0 9311.97 1468.8 0 9311.97
95.4 0 2.3 0 9311.97 1538.6 0 9311.97
95.4 0 2.1 0 9311.97 1588.95 0 9311.97
95.4 0 1.95 0 9311.97 1630.15 0 9311.97
95.35 0 1.8 0 9311.97 1683.3 0 9311.97
15.8 0 1.65 0 9311.97 1742.4 0 9311.97
15.8 0 1.5 0 9311.97 1793.65 0 9311.97
15.65 0 1.4 0 9311.97 1824.3 0 9311.97
15.6 0 1.5 0 9311.97 1805.4 2 9311.97
43.25 0 1.5 0 9311.97 1815.5 2 8758.97
43.3 0 1.5 0 9311.97 1824.2 3 9310.97
56.9 0 1.5 0 9311.97 1797.4 3 9039.97
56.9 0 1.55 0 9311.97 1775.9 1 9311.97
136.85 0 1.6 0 9311.97 1774.6 4 7712.97
121.35 0 1.6 0 9311.97 1776.75 3 9310.97
121.4 0 1.6 0 9311.97 1766.3 4 9309.97
121.5 0 1.7 0 9311.97 1732.1 3 9309.97
121.55 0 1.85 0 9311.97 1689.5 3 9310.97
121.55 0 2 0 9311.97 1643.55 3 9311.97
191.7 0 2.15 0 9311.97 1550.4 3 7908.97
191.95 0 2.3 0 9311.97 1484.6 3 9306.97
191.95 0 2.45 0 9311.97 1412.9 3 9311.97
261.6 0 2.6 0 9311.97 1344.5 3 7918.97
261.65 0 2.8 0 9311.97 1296.75 4 9310.97
261.7 0 2.95 0 9311.97 1241.6 4 9310.97
261.7 0 3.1 0 9311.97 1191.95 3 9311.97
261.75 0 3.25 0 9311.97 1137.7 3 9310.97
261.75 0 3.35 0 9311.97 1100.4 4 9311.97
261.75 0 3.25 0 9311.97 1114.45 3 9311.97
234.2 0 3.3 0 9311.97 1101.65 4 9309.97
234.15 0 3.3 0 9311.97 1094.15 3 9311.97
235.3 0 3.25 0 9311.97 1109.85 3 9016.97
235.3 0 3.2 0 9311.97 1130.75 3 9311.97
193.4 0 3.15 0 9311.97 1129.35 3 8550.97
215.2 0 3.15 0 9311.97 1122.7 3 8874.97
215.1 0 3.1 0 9311.97 1126.95 3 9311.97
215.3 0 3.15 0 9311.97 1130.8 4 9305.97
215.25 0 3.15 0 9311.97 1128.4 3 9311.97
215.25 0 3.15 0 9311.97 1124.8 3 9311.97
205.75 0 3.15 0 9311.97 1123.15 3 8098.97
205.65 0 3.15 0 9311.97 1119.45 4 9308.97
205.8 0 3.15 0 9311.97 1128.4 3 9308.97
136.15 0 3.15 0 9311.97 1146.4 3 9311.97
136.15 0 3.1 0 9311.97 1141.35 3 9310.97
146 0 3.15 0 9311.97 1138.55 5 9113.97
187.55 0 3.15 0 9311.97 1130.05 3 8480.97
187.5 0 3.15 0 9311.97 1128.95 3 9311.97
187.5 0 3.15 0 9311.97 1133.2 3 9311.97
187.5 0 3.15 0 9311.97 1130.95 3 9311.97
187.4 0 3.1 0 9311.97 1129.4 3 9311.97
242.95 0 3.15 0 9311.97 1120.7 4 8200.97
228.35 0 3.15 0 9311.97 1124 4 9308.97
228.35 0 3.15 0 9311.97 1113.5 3 9311.97
220.45 0 3.15 0 9311.97 1120.55 3 8708.97
198.6 0 3.15 0 9311.97 1134.7 3 9311.97
198.7 0 3.15 0 9311.97 1132.95 3 9309.97
262.95 0 3.15 0 9311.97 1119.85 9 8020.97
262.95 0 3.15 0 9311.97 1125.25 3 9311.97
263.3 0 3.15 0 9311.97 1129.3 3 9304.97
214.7 0 3.15 0 9311.97 1154.2 4 9070.97
214.7 0 3.15 0 9311.97 1148.4 3 9308.97
214.55 0 3.2 0 9311.97 1135.7 4 9311.97
214.6 0 3.2 0 9311.97 1129.95 4 9310.97
214.6 0 3.2 0 9311.97 1129.9 4 9310.97
204.75 0 3.15 0 9311.97 1129.45 3 9310.97
163.2 0 3.15 0 9311.97 1134.3 3 9311.97
163.2 0 3.15 0 9311.97 1134.7 3 9311.97
163.2 0 3.2 0 9311.97 1137.65 4 9311.97
184.6 0 3.2 0 9311.97 1144.5 4 8883.97
241.55 0 3.2 0 9311.97 1147.45 7 8172.97
186.15 0 3.15 0 9311.97 1165.75 3 9308.97
186 0 3.15 0 9311.97 1166.95 3 9311.97
186.05 0 3.15 0 9311.97 1178.4 3 9310.97
177.75 0 3.2 0 9311.97 1182.25 3 8874.97
177.75 0 3.2 0 9311.97 1181.1 4 9311.97
177.65 0 3.2 0 9311.97 1183.65 3 9311.97
147.55 0 3.15 0 9311.97 1187.7 3 8622.97
147.55 0 3.15 0 9311.97 1175.05 4 9311.97
147.5 0 3.15 0 9311.97 1167.9 3 9305.97
135.45 0 3.2 0 9311.97 1168 4 9311.97
235.8 0 3.2 0 9311.97 1166.6 10 7301.97
235.8 0 3.15 0 9311.97 1178 5 9311.97
236.05 0 3.15 0 9311.97 1180.95 3 9305.97
236 0 3.15 0 9311.97 1184.5 3 9311.97
236 0 3.15 0 9311.97 1183.9 4 9310.97
236 0 3.2 0 9311.97 1192.75 4 9311.97
236 0 3.2 0 9311.97 1200.4 3 9311.97
236.05 0 3.15 0 9311.97 1204.45 3 9310.97
214.7 0 3.15 0 9311.97 1210.1 3 9310.97
291.75 0 3.15 0 9311.97 1186.25 6 6631.97
296.95 0 3.15 0 9311.97 1173.75 4 9204.97
301.15 0 3.2 0 9311.97 1170.25 5 9227.97
306 0 3.2 0 9311.97 1159.45 3 9213.97
306 0 3.15 0 9311.97 1148.75 4 8874.97
306 0 3.15 0 9311.97 1139.35 3 9311.97
306.1 0 3.15 0 9311.97 1130.75 3 9309.97
271.7 0 3.15 0 9311.97 1124.25 3 9310.97
271.7 0 3.2 0 9311.97 1120.65 6 9311.97
271.4 0 3.2 0 9311.97 1123 4 9311.97
271.55 0 3.15 0 9311.97 1121.4 3 9308.97
216.1 0 3.15 0 9311.97 1126.65 4 8410.97
251.15 0 3.15 0 9311.97 1121.1 4 8610.97
250.85 0 3.15 0 9311.97 1120.75 3 9311.97
250.9 0 3.15 0 9311.97 1122.7 3 9310.97
250.95 0 3.2 0 9311.97 1128.3 4 9309.97
310.95 0 3.15 0 9311.97 1116.95 3 8111.97
311.05 0 3.15 0 9311.97 1112.75 3 9309.97
311 0 3.15 0 9311.97 1111.05 3 9311.97
311.1 0 3.15 0 9311.97 1107.65 3 9308.97
177.1 0 3.15 0 9311.97 1136.4 3 9311.97
190.35 0 3.2 0 9311.97 1136.15 5 8939.97
189.45 0 3.15 0 9311.97 1140.2 4 9245.97
255.3 0 3.15 0 9311.97 1135.55 6 7896.97
233.45 0 3.15 0 9311.97 1151.6 3 9311.97
233.55 0 3.15 0 9311.97 1156.5 3 9309.97
233.45 0 3.15 0 9311.97 1161.05 3 9311.97
233.5 0 3.2 0 9311.97 1164 4 9309.97
257.5 0 3.15 0 9311.97 1165.75 6 8831.97
257.8 0 3.15 0 9311.97 1168.1 4 9305.97
257.65 0 3.15 0 9311.97 1172.7 3 9311.97
212.6 0 3.15 0 9311.97 1179 4 9311.97
212.4 0 3.15 0 9311.97 1173.7 5 8614.97
229.9 0 3.2 0 9311.97 1174.1 4 8961.97
245 0 3.2 0 9311.97 1170.05 4 9008.97
244.95 0 3.15 0 9311.97 1164 3 9310.97
240 0 3.15 0 9311.97 1159.2 6 8210.97
239.9 0 3.15 0 9311.97 1150.7 4 9311.97
239.9 0 3.15 0 9311.97 1139.95 3 9311.97
239.75 0 3.15 0 9311.97 1131.3 3 9311.97
239.75 0 3.2 0 9311.97 1127.8 5 9311.97
221.2 0 3.15 0 9311.97 1133.15 4 9310.97
217.9 0 3.15 0 9311.97 1131.6 5 9311.97
147.25 0 3.15 0 9311.97 1137.8 3 9309.97
162.35 0 3.15 0 9311.97 1127.4 3 9009.97
188.75 0 3.15 0 9311.97 1104.65 4 8781.97
188.75 0 3.15 0 9311.97 1101.55 4 9311.97
188.7 0 3.15 0 9311.97 1106.85 4 9310.97
164.85 0 3.15 0 9311.97 1116.9 3 9308.97
207.45 0 3.15 0 9311.97 1107.3 7 8453.97
211.45 0 3.15 0 9311.97 1098.35 4 9231.97
211.45 0 3.15 0 9311.97 1087.5 3 9311.97
176.6 0 3.15 0 9311.97 1084.95 5 9311.97
161.3 0 3.15 0 9311.97 1079 4 9267.97
204.65 0 3.15 0 9311.97 1069.25 6 8141.97
204.6 0 3.15 0 9311.97 1066.9 3 9311.97
149.55 0 3.15 0 9311.97 1073.3 3 9311.97
149.55 0 3.15 0 9311.97 1070.4 4 9311.97
149.55 0 3.15 0 9311.97 1072.45 4 9311.97
163.9 0 3.2 0 9311.97 1077.7 6 9024.97
207.9 0 3.15 0 9311.97 1078.6 4 8431.97
221.25 0 3.15 0 9311.97 1077.75 3 9043.97
221.25 0 3.15 0 9311.97 1073 3 9311.97
221.15 0 3.15 0 9311.97 1067.9 3 9311.97
377.8 0 3.15 0 9311.97 1047.1 8 5876.97
351.35 0 3.15 0 9311.97 1055.3 3 9310.97
394.85 0 3.2 0 9311.97 1050.2 10 8441.97
439.45 0 3.15 0 9311.97 1050.1 5 8418.97
439.35 0 3.15 0 9311.97 1041 4 9310.97
396.45 0 3.15 0 9311.97 1041 3 9311.97
392.45 0 3.15 0 9311.97 1037.15 4 9311.97
392.7 0 3.15 0 9311.97 1041.2 3 9306.97
392.9 0 3.2 0 9311.97 1040.8 5 9307.97
498.8 0 3.15 0 9311.97 1032.25 7 7149.97
440.55 0 3.15 0 9311.97 1041.7 3 9306.97
440.55 0 3.15 0 9311.97 1043.1 5 9311.97
440.9 0 3.15 0 9311.97 1044.35 4 9304.97
441.05 0 3.15 0 9311.97 1039.6 3 9308.97
441.1 0 3.15 0 9311.97 1040.65 3 9310.97
479.6 0 3.15 0 9311.97 1034.95 7 8254.97
435.6 0 3.15 0 9311.97 1033.5 3 9311.97
422.2 0 3.15 0 9311.97 1029.9 3 9311.97
476.35 0 3.15 0 9311.97 1023.5 7 8228.97
476.5 0 3.15 0 9311.97 1023.35 3 9308.97
304.75 0 3.15 0 9311.97 1044.15 3 9311.97
335.4 0 3.15 0 9311.97 1025.9 6 8697.97
291.9 0 3.15 0 9311.97 1031.35 4 9311.97
256.55 0 3.15 0 9311.97 1036.3 5 9125.97
256.6 0 3.15 0 9311.97 1048.2 3 9309.97
288.25 0 3.15 0 9311.97 1050 5 8678.97
288.25 0 3.15 0 9311.97 1064.4 4 9311.97
288 0 3.15 0 9311.97 1075.05 3 9311.97
287.9 0 3.15 0 9311.97 1087.45 5 9309.97
179.8 0 3.15 0 9311.97 1110.35 3 9311.97
184.8 0 3.15 0 9311.97 1111.05 3 9206.97
306.7 0 3.15 0 9311.97 1094.95 12 6873.97
306.4 0 3.15 0 9311.97 1088.55 4 9310.97
306.25 0 3.15 0 9311.97 1087.55 4 9311.97
306.2 0 3.15 0 9311.97 1081.05 4 9311.97
253.45 0 3.1 0 9311.97 1030.65 5 9309.97
340.35 0 3.1 0 9311.97 977.15 5 7573.97
340.35 0 3.15 0 9311.97 923.2 5 9311.97
286.3 0 3.15 0 9311.97 874.75 3 9309.97
286.4 0 3.15 0 9311.97 822.9 5 9306.97
287.9 0 3.15 0 9311.97 768.35 7 9281.97
306.95 0 3.15 0 9311.97 740.4 11 8316.97
307 0 3.1 0 9311.97 686.65 3 9310.97
366.5 0 3.1 0 9311.97 623.6 7 7935.97
366.4 0 3.1 0 9311.97 557.05 4 9311.97
334.85 0 3.1 0 9311.97 503.7 3 9309.97
334.85 0 3.1 0 9311.97 439.95 5 9311.97
407.35 0 3.1 0 9311.97 374.8 5 7861.97
407.25 0 3.05 0 9311.97 312.75 3 9311.97
478.85 0 3.05 0 9311.97 246.8 8 7879.97
519.2 0 3.1 0 9311.97 188.95 6 8399.97
402.65 0 3.1 0 9311.97 148.35 4 9204.97
402.85 0 3.1 0 9311.97 100.35 3 9306.97
402.95 0 3.1 0 9311.97 56.45 4 9309.97
411.4 0 3.1 0 9311.97 8.25 4 9142.97
411.6 0 3.1 0 9311.97 8.25 3 9305.97
346.95 0 3.1 0 9311.97 8.35 4 8866.97
388.15 0 3.05 0 9311.97 8.55 5 8487.97
408.7 0 3.05 0 9311.97 8.6 3 8898.97
408.45 0 3.1 0 9311.97 8.5 5 9311.97
407 0 3.05 0 9311.97 8.55 4 9310.97
372.95 0 3.1 0 9311.97 8.4 3 8997.97
454.9 0 3.1 0 9311.97 8.55 6 7671.97
386.25 0 3.1 0 9311.97 8.2 4 9308.97
386.35 0 3.1 0 9311.97 29.6 3 9309.97
386.35 0 3.1 0 9311.97 88.7 3 9309.97
386.4 0 3.1 0 9311.97 151.55 3 9310.97
389.85 0 3.1 0 9311.97 202.65 12 7792.97
514.95 0 3.1 0 9311.97 243.85 13 6809.97
443.7 0 3.1 0 9311.97 282.3 3 9304.97
398.25 0 3.05 0 9311.97 321.35 4 9308.97
392.9 0 3.05 0 9311.97 371.5 4 9311.97
392.7 0 3.1 0 9311.97 419.7 4 9310.97
392.7 0 3.1 0 9311.97 463.55 4 9309.97
384.45 0 3.1 0 9311.97 517.85 3 9307.97
384.15 0 3.1 0 9311.97 574.85 3 9311.97
362.1 0 3.1 0 9311.97 623.6 3 9307.97
379 0 3.1 0 9311.97 648.25 6 8149.97
377.05 0 3.15 0 9311.97 697.35 9 8937.97
377.05 0 3.1 0 9311.97 754.65 3 9311.97
377 0 3.15 0 9311.97 813.55 7 9311.97
395.85 0 3.1 0 9311.97 866.85 4 8620.97
314.05 0 3.1 0 9311.97 919.85 4 9307.97
314 0 3.15 0 9311.97 958.55 3 9309.97
313.9 0 3.15 0 9311.97 983.2 2 9311.97
425.45 0 3.25 0 9311.97 951.05 12 7078.97
450.1 0 3.25 0 9311.97 940.8 5 8817.97
374.25 0 3.25 0 9311.97 949 3 9309.97
249.15 0 3.25 0 9311.97 963.45 3 9311.97
248.9 0 3.25 0 9311.97 973 5 9309.97
248.75 0 3.25 0 9311.97 980.65 3 9311.97
248.85 0 3.3 0 9311.97 972.55 6 9309.97
248.8 0 3.25 0 9311.97 971.2 3 9311.97
280.8 0 3.25 0 9311.97 983 6 8669.97
281.65 0 3.25 0 9311.97 986.7 3 9290.97
281.9 0 3.25 0 9311.97 980.3 3 9306.97
345.45 0 3.25 0 9311.97 973.4 6 8036.97
287.45 0 3.25 0 9311.97 999.35 3 9309.97
268.9 0 3.25 0 9311.97 1009.65 4 9308.97
269 0 3.25 0 9311.97 1010.1 3 9309.97
338.75 0 3.25 0 9311.97 993.1 9 7916.97
344 0 3.25 0 9311.97 981.25 10 8515.97
343.9 0 3.25 0 9311.97 978.3 3 9309.97
343.8 0 3.2 0 9311.97 985.75 3 9311.97
439.85 0 3.25 0 9311.97 982.9 13 7390.97
387.05 0 3.15 0 9311.97 992.9 8 8134.97
382.4 0 3.15 0 9311.97 992.1 5 8910.97
382.3 0 3.15 0 9311.97 991.05 4 9311.97
382.3 0 3.15 0 9311.97 993 3 9311.97
382.25 0 3.15 0 9311.97 1004.8 4 9310.97
382.25 0 3.2 0 9311.97 1010.35 4 9311.97
382.2 0 3.15 0 9311.97 1031.15 4 9310.97
382.2 0 3.15 0 9311.97 1049.15 3 9311.97
473.65 0 3.15 0 9311.97 1019.7 8 6840.97
473.3 0 3.15 0 9311.97 1027.45 11 9297.97
473.05 0 3.15 0 9311.97 1033.75 3 9311.97
422.9 0 3.2 0 9311.97 1049.8 4 9039.97
434.45 0 3.2 0 9311.97 1057.65 4 9078.97
434.65 0 3.15 0 9311.97 1057.15 3 9304.97
434.7 0 3.15 0 9311.97 1051.95 3 9308.97
364.95 0 3.15 0 9311.97 1050.15 3 9311.97
325.15 0 3.15 0 9311.97 1068.05 4 9311.97
377.55 0 3.2 0 9311.97 1058.8 14 8261.97
377.7 0 3.2 0 9311.97 1069.1 3 9308.97
281.65 0 3.15 0 9311.97 1079.2 5 9311.97
222.8 0 3.2 0 9311.97 1090.65 3 9311.97
244.55 0 3.2 0 9311.97 1085.4 11 8475.97
264.95 0 3.2 0 9311.97 1083 5 8903.97
265.15 0 3.2 0 9311.97 1090.5 3 9307.97
265.2 0 3.2 0 9311.97 1083.15 4 9309.97
265.25 0 3.15 0 9311.97 1068.3 3 9310.97
265.25 0 3.15 0 9311.97 1058.7 4 9310.97
365 0 3.2 0 9311.97 1038.9 10 7316.97
241.45 0 3.2 0 9311.97 1078.2 4 9311.97
301 0 3.2 0 9311.97 1056.65 11 8106.97
301 0 3.2 0 9311.97 1042.9 6 9311.97
287.4 0 3.15 0 9311.97 1030.25 5 9311.97
285.5 0 3.15 0 9311.97 1019.9 3 9116.97
315.5 0 3.15 0 9311.97 1020.2 6 8704.97
347 0 3.15 0 9311.97 1019.1 5 8678.97
347.15 0 3.15 0 9311.97 1027.6 5 9308.97
347.35 0 3.15 0 9311.97 1024.1 4 9307.97
334 0 3.1 0 9311.97 1029.75 11 8528.97
333.95 0 3.15 0 9311.97 1020.8 4 9309.97
393.5 0 3.15 0 9311.97 1003.05 11 8120.97
412.15 0 3.1 0 9311.97 1001.05 7 8938.97
370.65 0 3.1 0 9311.97 1003.95 6 9305.97
350.25 0 3.1 0 9311.97 997 6 9311.97
351.9 0 3.15 0 9311.97 991.25 5 9274.97
430.05 0 3.15 0 9311.97 980 15 7746.97
430 0 3.15 0 9311.97 1000.05 3 9311.97
442.65 0 3.15 0 9311.97 999.15 7 9057.97
415.2 0 3.1 0 9311.97 990.65 16 7865.97
454.6 0 3.1 0 9311.97 971 8 8523.97
394.4 0 3.1 0 9311.97 963.8 3 9310.97
394.45 0 3.1 0 9311.97 969.75 3 9310.97
394.5 0 3.1 0 9311.97 969.75 4 9310.97
384.85 0 3.15 0 9311.97 983.6 6 9309.97
354.5 0 3.15 0 9311.97 985.45 4 9311.97
322.85 0 3.2 0 9311.97 950.55 2 9311.97
363.75 0 3.2 0 9311.97 927.25 6 8490.97
363.75 0 3.25 0 9311.97 911.35 4 9307.97
324.8 0 3.25 0 9311.97 919.65 5 9307.97
371.85 0 3.2 0 9311.97 903.6 7 8368.97
345.7 0 3.2 0 9311.97 920.65 4 8643.97
327.05 0 3.2 0 9311.97 934.6 5 9311.97
326.95 0 3.2 0 9311.97 942 4 9307.97
433.15 0 3.25 0 9311.97 921.75 19 7187.97
431.35 0 3.2 0 9311.97 916.5 5 9310.97
353.1 0 3.2 0 9311.97 929.3 4 9311.97
368.4 0 3.2 0 9311.97 901.25 3 9005.97
424.65 0 3.25 0 9311.97 901.6 11 7932.97
492.9 0 3.25 0 9311.97 909.3 25 6500.97
477 0 3.25 0 9311.97 911.4 8 8841.97
477 0 3.25 0 9311.97 922 4 9310.97
477.1 0 3.3 0 9311.97 922.55 4 9308.97
497.5 0 3.25 0 9311.97 918.6 5 8902.97
497.6 0 3.25 0 9311.97 906.3 4 9307.97
497.6 0 3.25 0 9311.97 900.75 6 9311.97
497.6 0 3.2 0 9311.97 933.7 3 9311.97
472.75 0 3.2 0 9311.97 959.55 5 8987.97
548.1 0 3.15 0 9311.97 962.15 17 7800.97
548.05 0 3.15 0 9311.97 960.4 4 9308.97
500.9 0 3.2 0 9311.97 975.05 4 9311.97
467.5 0 3.2 0 9311.97 972.35 3 9311.97
622.55 0 3.2 0 9311.97 954.35 19 6210.97
628.85 0 3.2 0 9311.97 951.7 4 9181.97
522.75 0 3.15 0 9311.97 981.95 3 9309.97
522.7 0 3.15 0 9311.97 973.7 4 9311.97
522.75 0 3.2 0 9311.97 982.15 5 9310.97
507.7 0 3.2 0 9311.97 1017.35 4 9306.97
438.75 0 3.15 0 9311.97 1020.1 3 9311.97
377.3 0 3.15 0 9311.97 1026.35 15 7729.97
399.05 0 3.15 0 9311.97 1023.7 13 8406.97
399.25 0 3.15 0 9311.97 1035.05 3 9306.97
399.15 0 3.15 0 9311.97 1039.65 8 9310.97
381.65 0 3.2 0 9311.97 1058.85 3 9252.97
381.55 0 3.15 0 9311.97 1073.75 3 9309.97
436.85 0 3.15 0 9311.97 1063.05 11 8205.97
504.65 0 3.15 0 9311.97 1055.35 11 7955.97
495.5 0 3.15 0 9311.97 1043.85 3 9170.97
421 0 3.15 0 9311.97 1049.95 3 9290.97
420.95 0 3.2 0 9311.97 1057.15 4 9309.97
421.05 0 3.15 0 9311.97 1070.9 5 9309.97
459.05 0 3.15 0 9311.97 1070.7 7 8551.97
304 0 3.15 0 9311.97 1073.35 4 9311.97
297.55 0 3.15 0 9311.97 1074.85 4 9310.97
297.85 0 3.15 0 9311.97 1057.35 4 9303.97
297.9 0 3.2 0 9311.97 1042.6 5 9310.97
297.85 0 3.15 0 9311.97 1031.7 4 9311.97
359.65 0 3.15 0 9311.97 1013.85 8 8070.97
359.75 0 3.15 0 9311.97 1009.8 3 9309.97
280.65 0 3.15 0 9311.97 1004.5 4 9311.97
243.4 0 3.15 0 9311.97 1002.05 6 9151.97
340.55 0 3.25 0 9311.97 956 19 7363.97
375.9 0 3.2 0 9311.97 953.9 9 8603.97
373 0 3.2 0 9311.97 949.95 4 9310.97
373.1 0 3.2 0 9311.97 947.35 3 9307.97
352.95 0 3.2 0 9311.97 942.95 6 8608.97
285.3 0 3.2 0 9311.97 947.35 2 9308.97
347.2 0 3.25 0 9311.97 940.05 11 7932.97
346.25 0 3.25 0 9311.97 946.05 7 9309.97
398.8 0 3.2 0 9311.97 937.6 10 8258.97
512.8 0 3.2 0 9311.97 922.45 13 7029.97
474.95 0 3.2 0 9311.97 922.35 3 9308.97
474.95 0 3.2 0 9311.97 928.55 4 9311.97
475.2 0 3.2 0 9311.97 925.45 3 9305.97
549.35 0 3.25 0 9311.97 926.5 21 7820.97
594.05 0 3.2 0 9311.97 936.75 12 8416.97
614.75 0 3.2 0 9311.97 941.3 6 8897.97
552.8 0 3.2 0 9311.97 953.25 3 9309.97
552.8 0 3.2 0 9311.97 963.4 3 9309.97
563 0 3.2 0 9311.97 967.95 10 9107.97
555.05 0 3.2 0 9311.97 975.3 4 9310.97
546.05 0 3.15 0 9311.97 1006.25 13 7543.97
510.65 0 3.15 0 9311.97 1009.85 5 9311.97
510.8 0 3.15 0 9311.97 1009.95 4 9307.97
510.65 0 3.15 0 9311.97 1005.4 3 9310.97
475.5 0 3.15 0 9311.97 1019.05 4 9311.97
649.25 0 3.15 0 9311.97 1001.65 28 5833.97
597.35 0 3.1 0 9311.97 1014.6 5 8970.97
597.4 0 3.1 0 9311.97 1017 3 9308.97
562.3 0 3.1 0 9311.97 1009.1 9 8960.97
449.05 0 3.1 0 9311.97 1013.15 5 9294.97
449.15 0 3.15 0 9311.97 1011.15 5 9306.97
449.15 0 3.15 0 9311.97 1005.25 3 9311.97
554.3 0 3.2 0 9311.97 968.6 5 7202.97
479.85 0 3.15 0 9311.97 977.5 6 9309.97
435.35 0 3.15 0 9311.97 991.9 3 9306.97
473.95 0 3.2 0 9311.97 985.15 14 8125.97
532.4 0 3.2 0 9311.97 980.55 14 8140.97
532.35 0 3.2 0 9311.97 974.7 4 9310.97
571.65 0 3.2 0 9311.97 960.55 10 8321.97
680.25 0 3.25 0 9311.97 954.8 27 7138.97
591.95 0 3.2 0 9311.97 965 3 9309.97
592.15 0 3.2 0 9311.97 971.5 4 9307.97
591.95 0 3.2 0 9311.97 964.05 3 9311.97
591.95 0 3.2 0 9311.97 960.3 4 9310.97
592 0 3.2 0 9311.97 957.05 3 9310.97
440.5 0 3.2 0 9311.97 976.1 10 8863.97
470.4 0 3.2 0 9311.97 977.4 7 8372.97
470.25 0 3.25 0 9311.97 973.6 7 9311.97
479.35 0 3.25 0 9311.97 963.8 6 8778.97
516.1 0 3.25 0 9311.97 967.3 15 8559.97
682.25 0 3.2 0 9311.97 943.7 20 5983.97
745.1 0 3.2 0 9311.97 947.1 11 8054.97
646.05 0 3.15 0 9311.97 979.85 6 9183.97
645.95 0 3.15 0 9311.97 975.65 6 9311.97
732.3 0 3.15 0 9311.97 960.85 11 7579.97
717.7 0 3.1 0 9311.97 957.25 12 8417.97
659.15 0 3.1 0 9311.97 935 5 9311.97
685.4 0 3.15 0 9311.97 932.55 8 8785.97
636.05 0 3.15 0 9311.97 939.9 5 9308.97
527.4 0 3.1 0 9311.97 945.3 3 9311.97
578.45 0 3.1 0 9311.97 931.2 4 8288.97
612.2 0 3.1 0 9311.97 918.5 10 8632.97
790.1 0 3.1 0 9311.97 890 26 5753.97
807.65 0 3.1 0 9311.97 882.95 8 8959.97
807.6 0 3.1 0 9311.97 887.8 4 9311.97
785.25 0 3.1 0 9311.97 891.6 3 9310.97
738.35 0 3.1 0 9311.97 902.45 4 9310.97
738.45 0 3.05 0 9311.97 900.1 3 9309.97
711.8 0 3.05 0 9311.97 921.85 4 9311.97
674.2 0 3.05 0 9311.97 913.55 4 9311.97
561.95 0 3.05 0 9311.97 929.9 22 8228.97
499.3 0 3.05 0 9311.97 932.2 3 9307.97
513.25 0 3.1 0 9311.97 935.45 11 8904.97
513.6 0 3.1 0 9311.97 942.45 3 9304.97
476.45 0 3.1 0 9311.97 941 16 8322.97
494.75 0 3.1 0 9311.97 953.75 9 8051.97
494.75 0 3.1 0 9311.97 958.75 4 9311.97
545.3 0 3.15 0 9311.97 914.55 20 7774.97
585.65 0 3.1 0 9311.97 903.9 5 8501.97
701.1 0 3.15 0 9311.97 896.8 31 7002.97
663.5 0 3.1 0 9311.97 912.45 3 9040.97
629.75 0 3.15 0 9311.97 917.4 6 9307.97
455.95 0 3.15 0 9311.97 958.45 3 9229.97
490.8 0 3.15 0 9311.97 938.6 11 8262.97
533.4 0 3.15 0 9311.97 907.65 6 8459.97
592.1 0 3.15 0 9311.97 899.75 12 8136.97
595.55 0 3.2 0 9311.97 896.8 5 9241.97
628.95 0 3.2 0 9311.97 895.7 4 8641.97
646.45 0 3.2 0 9311.97 894.65 9 8961.97
646.65 0 3.2 0 9311.97 904.05 3 9307.97
658.1 0 3.25 0 9311.97 898.45 10 7999.97
771.35 0 3.25 0 9311.97 896.7 19 7042.97
751.05 0 3.2 0 9311.97 900.95 5 9310.97
750.8 0 3.2 0 9311.97 906.85 4 9309.97
701.45 0 3.2 0 9311.97 915 5 9309.97
722.8 0 3.2 0 9311.97 856.35 14 7624.97
789.55 0 3.2 0 9311.97 819.45 15 7976.97
722.7 0 3.15 0 9311.97 810.45 6 9111.97
713.55 0 3.15 0 9311.97 778.15 4 8684.97
772.1 0 3.15 0 9311.97 735.2 25 5831.97
760.75 0 3.2 0 9311.97 679.4 10 9267.97
760.9 0 3.15 0 9311.97 624.85 4 9304.97
767.05 0 3.15 0 9311.97 563.05 4 9106.97
714.6 0 3.15 0 9311.97 535.95 3 9311.97
672 0 3.15 0 9311.97 511.1 3 9311.97
653.5 0 3.15 0 9311.97 467.2 3 8506.97
744.25 0 3.15 0 9311.97 412.55 21 7426.97
710.8 0 3.15 0 9311.97 362.75 5 9310.97
744.6 0 3.15 0 9311.97 307.8 13 8285.97
753.8 0 3.15 0 9311.97 254.75 3 9123.97
688.65 0 3.1 0 9311.97 219.7 3 9302.97
632.15 0 3.1 0 9311.97 170.05 16 8172.97
632.1 0 3.1 0 9311.97 113.6 5 9311.97
632.05 0 3.1 0 9311.97 53.45 4 9310.97
693.1 0 3.1 0 9311.97 5.8 7 8088.97
619.1 0 3.1 0 9311.97 5.85 16 9104.97
552.5 0 3.1 0 9311.97 5.95 4 9308.97
542.9 0 3.05 0 9311.97 5.9 3 9303.97
661.7 0 3.15 0 9311.97 5.65 18 6308.97
526.15 0 3.1 0 9311.97 5.6 20 8542.97
524.15 0 3.1 0 9311.97 5.45 5 9307.97
573.25 0 3.1 0 9311.97 5.35 13 8322.97
573.9 0 3.1 0 9311.97 5.25 10 9093.97
574.05 0 3.15 0 9311.97 5.35 4 9308.97
574.1 0 3.15 0 9311.97 5.35 3 9310.97
588.55 0 3.15 0 9311.97 5.45 9 8217.97
494.7 0 3.1 0 9311.97 5.4 5 9303.97
494.7 0 3.1 0 9311.97 5.25 3 9310.97
528.6 0 3.1 0 9311.97 5.3 14 7607.97
625.1 0 3.1 0 9311.97 5.35 33 7193.97
624.75 0 3.1 0 9311.97 5.2 3 9309.97
567.8 0 3.1 0 9311.97 5.4 6 9311.97
567.95 0 3.15 0 9311.97 5.6 7 9308.97
601.95 0 3.15 0 9311.97 5.85 7 8630.97
582.5 0 3.1 0 9311.97 5.85 17 8477.97
572.35 0 3.15 0 9311.97 5.75 4 9307.97
761.5 0 3.15 0 9311.97 5.7 22 5525.97
828.2 0 3.15 0 9311.97 5.6 15 7969.97
694.75 0 3.1 0 9311.97 5.6 3 8977.97
670.1 0 3.1 0 9311.97 5.55 7 9035.97
684.15 0 3.1 0 9311.97 5.6 8 9026.97
634.75 0 3.1 0 9311.97 5.65 3 9310.97
624 0 3.1 0 9311.97 5.7 4 9308.97
623.85 0 3.05 0 9311.97 5.5 3 9311.97
623.9 0 3.05 0 9311.97 5.4 3 9309.97
658.9 0 3.05 0 9311.97 5.25 19 7517.97
753.15 0 3.05 0 9311.97 5.25 29 7418.97
753.2 0 3.05 0 9311.97 5.4 4 9309.97
668 0 3.05 0 9311.97 5.5 5 9311.97
658.6 0 3.05 0 9311.97 5.45 17 7381.97
658.95 0 3.05 0 9311.97 5.55 10 9302.97
745.3 0 3.05 0 9311.97 5.4 3 7584.97
745.5 0 3 0 9311.97 5.45 15 9304.97
727 0 3.05 0 9311.97 5.05 11 9000.97
878.45 0 3.1 0 9311.97 30.5 42 5448.97
878.3 0 3.05 0 9311.97 78.85 4 9310.97
689.1 0 3.05 0 9311.97 131.65 7 9309.97
710.35 0 3.05 0 9311.97 170.65 14 7544.97
708.05 0 3.1 0 9311.97 216.55 13 9023.97
694.25 0 3.1 0 9311.97 272.3 3 9311.97
911.75 0 3.1 0 9311.97 290.8 41 4676.97
973.1 0 3.1 0 9311.97 347.7 12 8083.97
973 0 3.1 0 9311.97 411.25 4 9310.97
1088.05 0 3.1 0 9311.97 454 22 7010.97
1087.95 0 3.15 0 9311.97 503.65 5 9311.97
998.4 0 3.15 0 9311.97 563.25 3 9308.97
950.2 0 3.15 0 9311.97 607.3 8 8382.97
1034.65 0 3.15 0 9311.97 643 20 7620.97
1058.65 0 3.15 0 9311.97 692.6 9 8831.97
962.3 0 3.15 0 9311.97 743.8 4 9308.97
1005.85 0 3.15 0 9311.97 773 19 8431.97
976.95 0 3.15 0 9311.97 823.15 11 8162.97
976.75 0 3.2 0 9311.97 879.6 4 9308.97
995.6 0 3.1 0 9311.97 931.9 9 8623.97
826.4 0 3.1 0 9311.97 953.4 6 8832.97
928.95 0 3.1 0 9311.97 952.15 24 7259.97
1036.85 0 3.15 0 9311.97 946.4 18 7151.97
948.5 0 3.15 0 9311.97 965.85 8 9311.97
934.15 0 3.1 0 9311.97 991.3 6 9310.97
934.25 0 3.1 0 9311.97 991.95 5 9309.97
772 0 3.1 0 9311.97 1015.8 15 7921.97
759.85 0 3.1 0 9311.97 1003.9 19 8326.97
808.6 0 3.1 0 9311.97 987.15 12 8335.97
709.85 0 3.15 0 9311.97 995.3 9 8985.97
772.15 0 3.1 0 9311.97 994.35 14 8065.97
790.4 0 3.1 0 9311.97 971.95 10 8943.97
872.1 0 3.1 0 9311.97 966.25 26 6748.97
832.2 0 3.1 0 9311.97 981.3 15 8418.97
843.3 0 3.15 0 9311.97 967.35 12 8609.97
843.2 0 3.15 0 9311.97 969.8 5 9310.97
877.05 0 3.1 0 9311.97 968.15 20 7754.97
924.9 0 3.1 0 9311.97 926.45 20 7205.97
990.1 0 3.1 0 9311.97 902.15 13 8004.97
955.7 0 3.15 0 9311.97 907.3 5 9311.97
931.85 0 3.15 0 9311.97 913.2 3 9309.97
968.65 0 3.15 0 9311.97 891.7 39 6523.97
860.7 0 3.1 0 9311.97 897.6 3 9310.97
860.7 0 3.1 0 9311.97 890.85 3 9311.97
969.85 0 3.1 0 9311.97 862.75 17 7127.97
969.75 0 3.15 0 9311.97 863.3 6 9311.97
900.25 0 3.15 0 9311.97 869.15 4 9311.97
894.1 0 3.15 0 9311.97 871.05 13 8449.97
845.35 0 3.15 0 9311.97 881.65 4 9310.97
829.45 0 3.1 0 9311.97 884.45 5 9303.97
829.6 0 3.1 0 9311.97 880.65 21 8062.97
811.2 0 3.1 0 9311.97 892.9 5 9311.97
863.95 0 3.1 0 9311.97 882.1 30 5693.97
819.35 0 3.15 0 9311.97 888.45 10 9310.97
826.4 0 3.1 0 9311.97 901 14 8468.97
849.45 0 3.1 0 9311.97 896.7 12 8849.97
775.25 0 3.15 0 9311.97 927.1 5 9238.97
669.95 0 3.15 0 9311.97 967.2 5 9311.97
669.45 0 3.15 0 9311.97 969.85 18 8014.97
690.5 0 3.15 0 9311.97 944.25 7 8890.97
690.45 0 3.15 0 9311.97 943.85 4 9310.97
668.9 0 3.15 0 9311.97 946.2 28 6954.97
699.3 0 3.15 0 9311.97 940.95 16 8702.97
785.35 0 3.15 0 9311.97 908.95 15 7590.97
780.15 0 3.2 0 9311.97 906.75 28 7231.97
780.2 0 3.15 0 9311.97 902.15 5 9310.97
855.05 0 3.2 0 9311.97 899.6 16 7814.97
822 0 3.2 0 9311.97 900.95 9 9110.97
845.5 0 3.2 0 9311.97 901.75 10 8840.97
973.75 0 3.2 0 9311.97 888.6 40 6738.97
945.25 0 3.25 0 9311.97 900.35 14 8632.97
1016.65 0 3.2 0 9311.97 882.3 14 7883.97
836.3 0 3.2 0 9311.97 905.15 3 9300.97
950.75 0 3.2 0 9311.97 894.4 25 7021.97
959.3 0 3.2 0 9311.97 892.05 17 8297.97
936.25 0 3.2 0 9311.97 892.75 4 9310.97
932.6 0 3.2 0 9311.97 884.75 7 9311.97
1149.1 0 3.25 0 9311.97 850.25 57 4981.97
1101 0 3.2 0 9311.97 873.95 4 8976.97
1136.75 0 3.2 0 9311.97 884.95 22 8175.97
1136.8 0 3.2 0 9311.97 883.75 4 9309.97
1088.75 0 3.2 0 9311.97 889.1 25 7915.97
1064.95 0 3.25 0 9311.97 900 7 9178.97
1065 0 3.25 0 9311.97 913.6 14 7589.97
999.55 0 3.2 0 9311.97 933.4 6 8540.97
1036.7 0 3.2 0 9311.97 935.3 12 8567.97
1011.35 0 3.15 0 9311.97 947.95 20 8321.97
1292.5 0 3.15 0 9311.97 915.2 51 3487.97
1269 0 3.15 0 9311.97 913.85 5 9310.97
1248.75 0 3.2 0 9311.97 923.75 27 7143.97
1215.15 0 3.15 0 9311.97 926.6 6 9304.97
1242.8 0 3.2 0 9311.97 942.85 20 7330.97
1327.2 0 3.2 0 9311.97 935.35 20 7612.97
1326.4 0 3.15 0 9311.97 919.1 36 7037.97
1275.7 0 3.15 0 9311.97 922.4 4 9311.97
1432.1 0 3.15 0 9311.97 908.9 28 6182.97
1432.1 0 3.15 0 9311.97 910 4 9311.97
1215.65 0 3.1 0 9311.97 947.15 3 9310.97
1211.1 0 3.15 0 9311.97 940.5 11 9067.97
1269.15 0 3.15 0 9311.97 944.95 27 7014.97
1319.3 0 3.15 0 9311.97 939.8 16 8306.97
1249.85 0 3.15 0 9311.97 963.5 5 9304.97
1310.45 0 3.1 0 9311.97 953.8 16 7966.97
1310.1 0 3.1 0 9311.97 964.5 27 7596.97
1329.5 0 3.1 0 9311.97 962.4 25 8152.97
1292.3 0 3.1 0 9311.97 968 4 9311.97
1335.35 0 3.2 0 9311.97 929.85 18 7460.97
1334.7 0 3.2 0 9311.97 946.6 55 3500.97
1418.4 0 3.2 0 9311.97 932.95 19 7636.97
1310.1 0 3.15 0 9311.97 937.15 4 9309.97
1477 0 3.2 0 9311.97 919.4 63 5966.97
1444.2 0 3.15 0 9311.97 907.7 6 7986.97
1425 0 3.2 0 9311.97 919.7 32 7996.97
1404.5 0 3.15 0 9311.97 922.45 33 7447.97
1404.55 0 3.2 0 9311.97 929.4 6 9310.97
1447.35 0 3.25 0 9311.97 924.2 62 5326.97
1447.55 0 3.25 0 9311.97 926.85 7 9307.97
1456.7 0 3.25 0 9311.97 929.25 3 9127.97
1444.5 0 3.25 0 9311.97 930.95 8 9311.97
1502.35 0 3.25 0 9311.97 928.95 38 5857.97
1452.1 0 3.25 0 9311.97 936.85 4 9311.97
1451.75 0 3.25 0 9311.97 944.65 6 9311.97
1500.35 0 3.25 0 9311.97 941.4 24 6994.97
1414.75 0 3.25 0 9311.97 947.95 4 9308.97
1435.45 0 3.25 0 9311.97 934 26 7738.97
1528.05 0 3.25 0 9311.97 917.7 13 7459.97
1637.55 0 3.2 0 9311.97 919.9 35 5270.97
1370 0 3.25 0 9311.97 925.3 9 8851.97
1411.95 0 3.25 0 9311.97 922.2 22 6797.97
1464.2 0 3.25 0 9311.97 918.2 7 8264.97
1335.6 0 3.2 0 9311.97 915.05 16 8538.97
1371.15 0 3.3 0 9311.97 903.4 4 7275.97
1390.45 0 3.3 0 9311.97 893.85 56 7610.97
1408.05 0 3.35 0 9311.97 904.2 24 7095.97
1416.25 0 3.3 0 9311.97 902.05 12 9146.97
1227.5 0 3.3 0 9311.97 932.5 4 9101.97
1376.9 0 3.3 0 9311.97 917.65 37 6319.97
1480.1 0 3.3 0 9311.97 912.65 41 7063.97
1480.1 0 3.25 0 9311.97 913.95 3 9311.97
1529.4 0 3.25 0 9311.97 900.7 57 4871.97
1540.15 0 3.25 0 9311.97 895.6 13 9096.97
1631.8 0 3.3 0 9311.97 875.5 17 7478.97
1516.2 0 3.3 0 9311.97 884.7 4 9306.97
1564.05 0 3.3 0 9311.97 883.5 25 8351.97
1623.6 0 3.3 0 9311.97 873 15 6547.97
1620.35 0 3.35 0 9311.97 881.1 51 7524.97
1418.3 0 3.3 0 9311.97 923.05 3 9311.97
1546.45 0 3.25 0 9311.97 922.9 40 6288.97
1622.85 0 3.25 0 9311.97 912.45 35 5269.97
1725.8 0 3.25 0 9311.97 903.65 58 6205.97
1829.9 0 3.3 0 9311.97 903.1 41 6456.97
1749.95 0 3.25 0 9311.97 928.3 12 8874.97
1825.5 0 3.2 0 9311.97 918.2 57 6099.97
1830.55 0 3.15 0 9311.97 929.3 22 6994.97
1822.3 0 3.2 0 9311.97 931.85 8 9311.97
1946.95 0 3.15 0 9311.97 918.15 19 6608.97
1797.4 0 3.15 0 9311.97 942.1 6 9310.97
1731.6 0 3.15 0 9311.97 951.25 18 8379.97
2008.1 0 3.2 0 9311.97 921.35 72 3781.97
1907.3 0 3.2 0 9311.97 930.4 59 6887.97
1952.8 0 3.2 0 9311.97 930.65 13 8186.97
1912.3 0 3.15 0 9311.97 935.7 10 8288.97
2217.8 0 3.15 0 9311.97 904.05 78 3196.97
2200.05 0 3.15 0 9311.97 902.4 7 8706.97
2245.8 0 3.15 0 9311.97 902.85 32 5632.97
2156.7 0 3.15 0 9311.97 906.15 16 9306.97
2200 0 3.15 0 9311.97 893.2 14 8445.97
2373.8 0 3.1 0 9311.97 880.9 44 2812.97
2308.1 0 3.15 0 9311.97 889.75 40 6583.97
2152.9 0 3.15 0 9311.97 906.25 4 9309.97
2132.85 0 3.1 0 9311.97 912.9 24 6857.97
2111 0 3.1 0 9311.97 926.75 5 9311.97
1950.4 0 3.1 0 9311.97 948.6 5 9311.97
1995.1 0 3.15 0 9311.97 945.3 53 6100.97
2136.75 0 3.1 0 9311.97 935.95 42 6478.97
2049.35 0 3.15 0 9311.97 937.1 10 8356.97
2219.45 0 3.15 0 9311.97 915.3 36 5908.97
2293.1 0 3.15 0 9311.97 898.5 47 6906.97
2016.6 0 3.1 0 9311.97 930.1 5 9311.97
1895.7 0 3.1 0 9311.97 945.2 3 9305.97
1839.45 0 3.1 0 9311.97 949.2 3 9311.97
1916.55 0 3.1 0 9311.97 946.65 26 6746.97
1610.85 0 3.15 0 9311.97 981.6 4 9310.97
1580.65 0 3.15 0 9311.97 992.75 5 9310.97
1596.25 0 3.15 0 9311.97 994.3 40 5320.97
1621 0 3.1 0 9311.97 999.55 9 8811.97
1709.4 0 3.1 0 9311.97 987.45 40 6677.97
1651.05 0 3.2 0 9311.97 991.55 45 3979.97
1631.85 0 3.15 0 9311.97 992.5 25 6967.97
1805 0 3.15 0 9311.97 981.05 43 5846.97
1682.3 0 3.15 0 9311.97 993.7 5 9311.97
1696.05 0 3.2 0 9311.97 990.4 15 9036.97
1982.85 0 3.2 0 9311.97 961.95 66 3575.97
1822.35 0 3.2 0 9311.97 972.3 4 9310.97
1710.95 0 3.2 0 9311.97 979.85 3 8706.97
1761.5 0 3.15 0 9311.97 972.35 37 7345.97
1591.4 0 3.15 0 9311.97 980.5 3 9310.97
1716.05 0 3.2 0 9311.97 971.55 63 4413.97
1822.7 0 3.2 0 9311.97 953.35 30 7178.97
2058.9 0 3.2 0 9311.97 934.4 71 4581.97
2058.95 0 3.2 0 9311.97 942.35 3 9310.97
1930.75 0 3.2 0 9311.97 958.75 3 9310.97
2001.85 0 3.2 0 9311.97 931.55 19 7888.97
2233.5 0 3.2 0 9311.97 892.65 67 4677.97
2241.9 0 3.2 0 9311.97 891.9 62 5152.97
2216.9 0 3.2 0 9311.97 895.2 4 9311.97
2187.65 0 3.2 0 9311.97 891.85 29 7262.97
1921.1 0 3.15 0 9311.97 920 4 9310.97
1860.7 0 3.15 0 9311.97 919.1 14 8175.97
1880.05 0 3.1 0 9311.97 881.25 67 5459.97
1880.1 0 3.15 0 9311.97 889.5 9 9310.97
1866.35 0 3.1 0 9311.97 896.8 3 9311.97
1825.9 0 3.1 0 9311.97 891.55 75 4384.97
1825.85 0 3.1 0 9311.97 887.9 10 9311.97
1823.5 0 3.1 0 9311.97 888.7 8 8753.97
2014.85 0 3.15 0 9311.97 873.6 60 3518.97
2015 0 3.15 0 9311.97 878.75 7 9307.97
1770.1 0 3.1 0 9311.97 901.3 5 9311.97
1855.6 0 3.15 0 9311.97 900.05 54 5468.97
1730.4 0 3.15 0 9311.97 897.9 24 7085.97
2100.75 0 3.15 0 9311.97 855.85 120 1903.97
2100.7 0 3.1 0 9311.97 862.25 5 9311.97
2208.8 0 3.05 0 9311.97 863.5 48 5726.97
2083.95 0 3.05 0 9311.97 879.3 22 7174.97
2176.65 0 3.05 0 9311.97 878 59 3298.97
2235.1 0 3.05 0 9311.97 874.85 18 8142.97
2190.45 0 3.05 0 9311.97 892.65 21 8155.97
2214.45 0 3.1 0 9311.97 874.85 8 8830.97
2370.75 0 3.15 0 9311.97 861.05 76 5049.97
2508 0 3.2 0 9311.97 871.3 113 2714.97
2648.7 0 3.15 0 9311.97 845.5 54 6496.97
2648.7 0 3.2 0 9311.97 837.75 9 9311.97
2523.8 0 3.2 0 9311.97 854.95 34 6882.97
2627.9 0 3.2 0 9311.97 842.5 40 7229.97
2689.7 0 3.2 0 9311.97 831.1 38 7517.97
2400.3 0 3.15 0 9311.97 854.35 4 9306.97
2573.7 0 3.2 0 9311.97 843.3 59 5839.97
2574.15 0 3.2 0 9311.97 854.25 3 9302.97
2411.5 0 3.15 0 9311.97 875.6 18 8721.97
2401.15 0 3.15 0 9311.97 870.4 23 7292.97
2137.7 0 3.15 0 9311.97 909.4 35 7172.97
2137.7 0 3.2 0 9311.97 904.6 4 9311.97
2150.35 0 3.2 0 9311.97 910.9 42 5473.97
2076.5 0 3.25 0 9311.97 931.5 25 8651.97
1929.05 0 3.25 0 9311.97 944.2 40 6247.97
2077.55 0 3.25 0 9311.97 923.95 57 5172.97
2120.35 0 3.25 0 9311.97 922.8 17 7299.97
2300.35 0 3.25 0 9311.97 916.3 64 5230.97
2338.4 0 3.2 0 9311.97 914.15 71 4288.97
2230.85 0 3.2 0 9311.97 919.55 60 4865.97
2451.05 0 3.2 0 9311.97 893.25 119 2092.97
2564.2 0 3.15 0 9311.97 880.35 24 7048.97
2442.8 0 3.15 0 9311.97 867 2 9310.97
2474.1 0 3.15 0 9311.97 821.9 51 6603.97
2497.3 0 3.15 0 9311.97 777.35 45 7053.97
2746.25 0 3.15 0 9311.97 742.3 87 4327.97
2700.25 0 3.1 0 9311.97 725.05 42 6759.97
2724.05 0 3.1 0 9311.97 711.8 6 8826.97
2868.2 0 3.15 0 9311.97 696.25 49 5838.97
3051.2 0 3.15 0 9311.97 685.5 100 3632.97
3008.25 0 3.15 0 9311.97 681.9 31 8031.97
3260.3 0 3.15 0 9311.97 650.45 83 4270.97
3402 0 3.15 0 9311.97 637.25 79 2639.97
3566.2 0 3.1 0 9311.97 620.65 57 5367.97
3631.5 0 3.1 0 9311.97 608.85 69 4941.97
3424.6 0 3.1 0 9311.97 632.8 5 9310.97
3446.45 0 3.1 0 9311.97 622.85 32 6862.97
3260.35 0 3.1 0 9311.97 631.55 8 8952.97
3237.55 0 3.1 0 9311.97 636.35 87 4744.97
3162.75 0 3.1 0 9311.97 654.5 32 6361.97
3135.5 0 3.1 0 9311.97 656.05 80 2637.97
3092.9 0 3.1 0 9311.97 658.35 20 7900.97
3210.55 0 3.15 0 9311.97 670.45 46 6957.97
3192.35 0 3.15 0 9311.97 712.25 40 6967.97
3386.35 0 3.15 0 9311.97 724.5 64 3173.97
3248.25 0 3.15 0 9311.97 757.9 21 7089.97
3216.1 0 3.15 0 9311.97 784.15 28 7402.97
3631.7 0 3.15 0 9311.97 747.6 144 514.967
3572.4 0 3.1 0 9311.97 740.8 34 7024.97
3542.75 0 3.15 0 9311.97 746.35 42 4225.97
3766.35 0 3.15 0 9311.97 708.45 82 3559.97
3557.3 0 3.15 0 9311.97 734.6 23 8451.97
3515.9 0 3.1 0 9311.97 740.65 61 3467.97
3501.25 0 3.1 0 9311.97 735.35 62 5660.97
3587.8 0 3.15 0 9311.97 730.75 86 3210.97
3721.4 0 3.15 0 9311.97 713.85 25 6638.97
3883.1 0 3.2 0 9311.97 695.15 102 3628.97
4170.25 0 3.15 0 9311.97 683.4 82 3209.97
4050.4 0 3.2 0 9311.97 686.15 48 7141.97
4094.9 0 3.2 0 9311.97 682.85 46 5471.97
3905.85 0 3.2 0 9311.97 691.5 50 6418.97
3835.3 0 3.2 0 9311.97 700.25 7 9311.97
3871.6 0 3.15 0 9311.97 698.55 54 6231.97
3777 0 3.15 0 9311.97 711.1 16 8859.97
3581.7 0 3.15 0 9311.97 742.7 34 7079.97
3806.7 0 3.15 0 9311.97 720.75 105 2589.97
3770.25 0 3.15 0 9311.97 722.1 30 8131.97
3570.5 0 3.15 0 9311.97 746.25 61 4509.97
3520.35 0 3.25 0 9311.97 731.4 35 8027.97
3667.8 0 3.2 0 9311.97 726.95 127 1276.97
3646.65 0 3.25 0 9311.97 730.3 103 3982.97
4008.85 0 3.2 0 9311.97 690.85 101 1207.97
3924.7 0 3.25 0 9311.97 710.15 78 5150.97
3962.45 0 3.25 0 9311.97 704.55 78 4905.97
3695.6 0 3.2 0 9311.97 726.6 17 8547.97
3718.1 0 3.2 0 9311.97 719.05 31 6188.97
3766.15 0 3.2 0 9311.97 723.95 74 2667.97
3566.2 0 3.25 0 9311.97 723.5 27 7208.97
3710.95 0 3.2 0 9311.97 735.05 66 4246.97
3521.7 0 3.25 0 9311.97 748 13 9256.97
3710.3 0 3.25 0 9311.97 751 129 2646.97
4095.05 0 3.3 0 9311.97 718.75 92 1616.97
4188.7 0 3.35 0 9311.97 704.5 65 4358.97
4376.35 0 3.35 0 9311.97 680.95 64 5106.97
4411.7 0 3.4 0 9311.97 679.35 38 6372.97
4506.85 0 3.4 0 9311.97 667.45 128 686.967
4738.65 0 3.4 0 9311.97 632.1 82 3495.97
4728.75 0 3.45 0 9311.97 626.45 86 4707.97
4790.55 0 3.35 0 9311.97 652.25 41 6791.97
4675.8 0 3.35 0 9311.97 653.45 71 3571.97
4536.65 0 3.3 0 9311.97 687.8 38 6765.97
4268.1 0 3.35 0 9311.97 712 57 6578.97
4337.45 0 3.35 0 9311.97 678.8 77 3763.97
4370.25 0 3.35 0 9311.97 679.1 106 4249.97
4603.25 0 3.35 0 9311.97 638.95 67 3887.97
4783.7 0 3.35 0 9311.97 629.8 70 2579.97
4674.95 0 3.3 0 9311.97 625.7 63 4842.97
4976.75 0 3.3 0 9311.97 607.15 137 1172.97
5141.35 0 3.3 0 9311.97 579.45 101 954.967
5268 0 3.25 0 9311.97 553.75 63 6723.97
5136.2 0 3.25 0 9311.97 557.8 73 5282.97
5004.4 0 3.2 0 9311.97 571.85 93 4252.97
4932.15 0 3.2 0 9311.97 576.75 63 5803.97
4793.65 0 3.2 0 9311.97 599.1 27 7876.97
4841.8 0 3.15 0 9311.97 590.4 77 5409.97
4616.7 0 3.2 0 9311.97 601.85 60 5188.97
4594.85 0 3.2 0 9311.97 617.85 92 3932.97
4444.05 0 3.15 0 9311.97 632.65 21 7723.97
4440.6 0 3.15 0 9311.97 625.5 39 6860.97
4365.5 0 3.15 0 9311.97 639.95 60 5073.97
4505.2 0 3.2 0 9311.97 613.55 70 3971.97
4687.5 0 3.15 0 9311.97 587.45 89 2932.97
4537.8 0 3.15 0 9311.97 620.15 40 6757.97
4673.6 0 3.15 0 9311.97 605.25 105 1533.97
4750.35 0 3.2 0 9311.97 619.55 129 2352.97
4525.25 0 3.2 0 9311.97 637.2 24 7081.97
4412.2 0 3.2 0 9311.97 654.6 42 7103.97
4319.15 0 3.15 0 9311.97 658.7 83 3033.97
4226.75 0 3.2 0 9311.97 651.9 95 2802.97
4307.45 0 3.25 0 9311.97 663.1 62 5109.97
4345.15 0 3.2 0 9311.97 673.35 60 4528.97
4559.4 0 3.3 0 9311.97 645.85 110 -32.0333
4538.15 0 3.25 0 9311.97 661.65 32 6228.97
4797.4 0 3.3 0 9311.97 631.2 98 2691.97
4953.4 0 3.3 0 9311.97 627.1 84 2289.97
4942.4 0 3.25 0 9311.97 644.05 54 5408.97
4866.75 0 3.3 0 9311.97 645.05 67 5445.97
5162.55 0 3.35 0 9311.97 605.3 120 1807.97
5154.15 0 3.35 0 9311.97 602.35 15 7028.97
5349.25 0 3.35 0 9311.97 579.5 105 1171.97
5302.45 0 3.35 0 9311.97 593.8 53 4907.97
5187.3 0 3.4 0 9311.97 605.8 62 5235.97
5578.8 0 3.5 0 9311.97 568.95 132 -1072.03
5350.15 0 3.5 0 9311.97 596.2 60 6106.97
5486.2 0 3.5 0 9311.97 582.7 141 -368.033
5577.3 0 3.55 0 9311.97 570.45 55 5259.97
5664.15 0 3.55 0 9311.97 564.55 76 5366.97
5635.6 0 3.55 0 9311.97 575.1 91 3604.97
5702.55 0 3.5 0 9311.97 589.6 130 1463.97
5766.1 0 3.5 0 9311.97 575.45 66 3838.97
5677.6 0 3.55 0 9311.97 573.75 30 6298.97
5507.3 0 3.55 0 9311.97 589.2 59 3373.97
5680.1 0 3.5 0 9311.97 560.15 91 2772.97
5656.2 0 3.45 0 9311.97 556.3 68 3169.97
5531.1 0 3.45 0 9311.97 560.3 44 4791.97
5697.05 0 3.45 0 9311.97 531.7 118 2089.97
5814.6 0 3.4 0 9311.97 525.95 79 3094.97
5568.1 0 3.4 0 9311.97 569.7 48 6737.97
5623.95 0 3.4 0 9311.97 555.65 56 5911.97
5607.6 0 3.45 0 9311.97 555.45 130 1498.97
5645.3 0 3.4 0 9311.97 551.05 78 4153.97
5925.75 0 3.45 0 9311.97 537.6 119 -373.033
5688.2 0 3.4 0 9311.97 550.55 67 3678.97
5954.25 0 3.4 0 9311.97 524.1 139 785.967
5753.15 0 3.35 0 9311.97 533.95 70 3653.97
6032.35 0 3.3 0 9311.97 514.75 170 -324.033
6315 0 3.3 0 9311.97 494.55 167 -286.033
6405.35 0 3.35 0 9311.97 480.75 115 1797.97
6484.5 0 3.35 0 9311.97 477.4 151 -119.033
6672.55 0 3.25 0 9311.97 469.15 150 77.9667
6864 0 3.3 0 9311.97 455.35 100 2469.97
6857.15 0 3.25 0 9311.97 436.8 73 3510.97
6954.45 0 3.35 0 9311.97 431.8 119 826.967
7014.25 0 3.35 0 9311.97 445.75 78 1973.97
7281.3 0 3.4 0 9311.97 426.75 142 -549.033
7335.6 0 3.45 0 9311.97 423.45 117 1003.97
7463.45 0 3.5 0 9311.97 405.15 184 537.967
7608.15 0 3.45 0 9311.97 386.3 115 3843.97
7701 0 3.45 0 9311.97 389.55 52 4054.97
7627.9 0 3.4 0 9311.97 389.15 91 2960.97
7772.95 0 3.4 0 9311.97 365.85 109 1252.97
7708.65 0 3.35 0 9311.97 363.75 130 912.967
7683.35 0 3.3 0 9311.97 364.65 54 4184.97
7611.3 0 3.35 0 9311.97 360.15 107 2226.97
7785.75 0 3.45 0 9311.97 349.75 117 164.967
7654.45 0 3.45 0 9311.97 350.85 92 2301.97
7596.95 0 3.5 0 9311.97 346.55 103 863.967
7660.3 0 3.5 0 9311.97 349.45 108 530.967
7501.9 0 3.55 0 9311.97 339.65 59 3048.97
7382.3 0 3.65 0 9311.97 333.55 102 2469.97
7317.25 0 3.7 0 9311.97 336.75 96 3770.97
7287.65 0 3.7 0 9311.97 333.8 79 4102.97
7185.7 0 3.75 0 9311.97 328.6 57 2865.97
7217.05 0 3.85 0 9311.97 304.65 151 1346.97
6970.6 0 3.8 0 9311.97 309.95 69 4379.97
7043 0 3.8 0 9311.97 313.75 184 -444.033
7087.75 0 3.8 0 9311.97 315.95 137 -357.033
7085.4 0 3.85 0 9311.97 299.55 82 3890.97
7054.15 0 3.8 0 9311.97 282.55 83 4679.97
6791.85 0 3.8 0 9311.97 330.35 23 8206.97
6868.4 0 3.8 0 9311.97 331.25 111 -278.033
6773.7 0 3.9 0 9311.97 326.4 115 2806.97
6958.65 0 3.9 0 9311.97 313.15 145 485.967
6943.85 0 3.85 0 9311.97 325.55 95 2522.97
6769.85 0 3.9 0 9311.97 320.6 98 3644.97
6600.55 0 3.95 0 9311.97 338.6 55 5687.97
6625.15 0 3.95 0 9311.97 339 125 371.967
6462.8 0 3.9 0 9311.97 355.7 63 3777.97
6229.15 0 3.9 0 9311.97 367.15 19 7721.97
6343.1 0 3.85 0 9311.97 376.7 131 190.967
6501.45 0 3.8 0 9311.97 361.55 104 603.967
6502.85 0 3.75 0 9311.97 385.7 70 4074.97
6557.85 0 3.6 0 9311.97 395.1 106 1765.97
6649.9 0 3.55 0 9311.97 400.75 103 -494.033
6870.15 0 3.5 0 9311.97 399.2 112 -25.0333
6653.15 0 3.45 0 9311.97 411.35 65 3895.97
6545.35 0 3.4 0 9311.97 415.9 127 1798.97
6667.4 0 3.4 0 9311.97 411 126 1449.97
6685.5 0 3.45 0 9311.97 435.05 98 4317.97
7019.2 0 3.45 0 9311.97 385.45 98 1532.97
7007.9 0 3.5 0 9311.97 384.75 152 -52.0333
7106.65 0 3.45 0 9311.97 385 82 831.967
6897.05 0 3.5 0 9311.97 407.35 73 4677.97
6891.5 0 3.55 0 9311.97 413.45 83 2633.97
6941.65 0 3.4 0 9311.97 444.6 102 2641.97
7123.15 0 3.35 0 9311.97 434.8 88 2057.97
7025.4 0 3.35 0 9311.97 434.95 95 2326.97
7083.3 0 3.35 0 9311.97 416.05 62 2619.97
7411.8 0 3.4 0 9311.97 406.8 148 1151.97
7448.35 0 3.45 0 9311.97 400.9 127 -540.033
7472.65 0 3.4 0 9311.97 402.05 101 117.967
7349.95 0 3.4 0 9311.97 415.8 43 6528.97
7493 0 3.5 0 9311.97 416.1 157 -1095.03
7434 0 3.45 0 9311.97 422.75 160 685.967
7521.8 0 3.5 0 9311.97 418.75 138 -1781.03
7758.9 0 3.55 0 9311.97 409.45 140 -846.033
7739.9 0 3.6 0 9311.97 411.3 69 2178.97
7676.4 0 3.55 0 9311.97 427.9 99 2719.97
7724.15 0 3.65 0 9311.97 402.35 70 3362.97
7757.1 0 3.65 0 9311.97 407.4 112 873.967
7706.9 0 3.65 0 9311.97 406.35 116 951.967
7704.55 0 3.65 0 9311.97 408.8 133 878.967
7902.75 0 3.55 0 9311.97 389.55 132 713.967
7672.05 0 3.5 0 9311.97 401.2 42 7247.97
7901.15 0 3.5 0 9311.97 379 149 -1940.03
7985.85 0 3.5 0 9311.97 366.05 108 363.967
8017.55 0 3.45 0 9311.97 367.5 90 1692.97
8043.95 0 3.5 0 9311.97 371.05 100 2091.97
8141.4 0 3.4 0 9311.97 375.15 140 -797.033
7906.35 0 3.35 0 9311.97 388.6 77 4160.97
7747.55 0 3.4 0 9311.97 394.25 90 3293.97
7923.05 0 3.55 0 9311.97 353.35 104 3018.97
7674.8 0 3.65 0 9311.97 343.35 66 3869.97
7589.75 0 3.75 0 9311.97 331.7 93 2386.97
7292.75 0 3.75 0 9311.97 348.65 65 4158.97
7251.15 0 3.7 0 9311.97 346.65 142 -14.0333
7100.4 0 3.65 0 9311.97 353.1 58 5193.97
7277.05 0 3.65 0 9311.97 340.35 113 -813.033
7302.85 0 3.55 0 9311.97 360.95 67 2846.97
7371 0 3.55 0 9311.97 362.3 112 -489.033
7297.75 0 3.5 0 9311.97 379.45 92 2416.97
7205.85 0 3.45 0 9311.97 392.4 93 2716.97
7069.3 0 3.5 0 9311.97 412.15 68 3444.97
7322.4 0 3.5 0 9311.97 385.4 120 2185.97
7293.4 0 3.5 0 9311.97 386.55 158 -1360.03
7242 0 3.5 0 9311.97 385.8 124 1391.97
7241.45 0 3.5 0 9311.97 385.25 111 1703.97
7221.35 0 3.4 0 9311.97 382.25 63 2493.97
6961.6 0 3.4 0 9311.97 404.15 68 4397.97
7248.15 0 3.45 0 9311.97 395.6 190 -1570.03
7471.05 0 3.4 0 9311.97 392.85 159 -1164.03
7572.1 0 3.25 0 9311.97 404.85 112 997.967
7851.4 0 3.15 0 9311.97 417 168 -1716.03
7999.85 0 3.05 0 9311.97 425 150 -582.033
8250 0 3.05 0 9311.97 410.9 160 -844.033
8314.55 0 3.05 0 9311.97 410.35 151 -1305.03
8672.45 0 3.1 0 9311.97 401.2 141 -1964.03
8724.25 0 3.1 0 9311.97 401.85 168 -1849.03
8719.55 0 3.1 0 9311.97 415.65 68 2940.97
8687.5 0 3.1 0 9311.97 417.1 134 151.967
8758.15 0 3.1 0 9311.97 410.45 99 1003.97
8935.4 0 3.1 0 9311.97 400.25 133 -828.033
9140.3 0 3.1 0 9311.97 379.6 113 -653.033
9065.2 0 3.15 0 9311.97 393.45 67 3687.97
9061.95 0 3.15 0 9311.97 393.85 93 -1295.03
9183.65 0 3.15 0 9311.97 397.25 127 -1042.03
9195.7 0 3.15 0 9311.97 397.2 92 1462.97
9363.35 0 3.2 0 9311.97 400.55 113 -859.033
9568.95 0 3.25 0 9311.97 380.75 181 285.967
9578.2 0 3.2 0 9311.97 379.55 154 -1755.03
9553.8 0 3.2 0 9311.97 377.15 147 -676.033
9622.85 0 3.25 0 9311.97 377.65 162 -383.033
9593 0 3.2 0 9311.97 379.2 117 -1119.03
9642.8 0 3.2 0 9311.97 378.85 181 -1578.03
9580.4 0 3.25 0 9311.97 376.25 142 403.967
9533.75 0 3.25 0 9311.97 378.6 144 -372.033
9457.85 0 3.2 0 9311.97 376 89 -446.033
9249.5 0 3.25 0 9311.97 388.55 93 2317.97
9392.6 0 3.25 0 9311.97 366.7 122 78.9667
9426.1 0 3.3 0 9311.97 361.6 144 -518.033
9496.15 0 3.3 0 9311.97 354.2 140 -397.033
9332.75 0 3.3 0 9311.97 368.4 88 2439.97
9354.1 0 3.3 0 9311.97 370.6 136 -1080.03
9480.65 0 3.25 0 9311.97 356.5 100 1156.97
9366.75 0 3.3 0 9311.97 352.05 105 982.967
9255.95 0 3.3 0 9311.97 349.65 93 1173.97
9197.6 0 3.3 0 9311.97 345.75 81 2629.97
9064.05 0 3.3 0 9311.97 339.9 117 1811.97
9163.6 0 3.3 0 9311.97 339.65 138 -1705.03
9104.9 0 3.3 0 9311.97 339.65 135 -581.033
9113 0 3.3 0 9311.97 342.6 135 -838.033
9141.1 0 3.25 0 9311.97 343.95 144 -945.033
9150.2 0 3.3 0 9311.97 341.25 109 -1301.03
9117.7 0 3.3 0 9311.97 342.65 152 -928.033
9182.45 0 3.25 0 9311.97 344.1 125 -891.033
9143.35 0 3.25 0 9311.97 344.55 131 409.967
9054.3 0 3.25 0 9311.97 339.35 116 1334.97
9199.9 0 3.2 0 9311.97 325.6 136 -594.033
9242.15 0 3.2 0 9311.97 321.2 144 -766.033
9253.2 0 3.2 0 9311.97 323.2 174 -739.033
9163.45 0 3.3 0 9311.97 318.8 136 1397.97
9326 0 3.3 0 9311.97 312.35 125 -811.033
9133.05 0 3.3 0 9311.97 324.45 88 2778.97
9221.4 0 3.35 0 9311.97 325.7 160 -610.033
9353.85 0 3.3 0 9311.97 329.75 187 -1666.03
9366.05 0 3.3 0 9311.97 332.35 116 929.967
9549.35 0 3.3 0 9311.97 339.55 170 -1036.03
9697.85 0 3.3 0 9311.97 346.5 126 -1158.03
9610.95 0 3.25 0 9311.97 344.3 96 32.9667
9542.9 0 3.25 0 9311.97 344.15 134 779.967
9547.25 0 3.25 0 9311.97 345.55 140 -925.033
9517.3 0 3.25 0 9311.97 344.2 120 -346.033
9396.6 0 3.2 0 9311.97 343.2 161 1112.97
9206.45 0 3.2 0 9311.97 333.1 81 2874.97
9073.5 0 3.2 0 9311.97 329.45 127 1767.97
9131.55 0 3.25 0 9311.97 324.5 142 -751.033
9247.9 0 3.25 0 9311.97 330.7 157 -992.033
9251 0 3.3 0 9311.97 331.25 164 -656.033
9256.45 0 3.3 0 9311.97 330.7 154 -875.033
9230.95 0 3.25 0 9311.97 329.45 131 -229.033
9340.4 0 3.15 0 9311.97 334.5 134 -791.033
9385.1 0 3.15 0 9311.97 328.65 119 -1705.03
9440.5 0 3.15 0 9311.97 309.8 106 1670.97
9474.3 0 3.1 0 9311.97 311.55 157 -1286.03
9422.1 0 3.1 0 9311.97 308.85 101 -622.033
9450.15 0 3.15 0 9311.97 308.15 101 368.967
9180.35 0 3.15 0 9311.97 327.2 84 4359.97
9080.25 0 3.15 0 9311.97 323.9 86 843.967
9115.8 0 3.15 0 9311.97 324.7 151 -678.033
9205.5 0 3.15 0 9311.97 323.3 103 -1014.03
9175.95 0 3.2 0 9311.97 318.45 150 -334.033
9218.95 0 3.25 0 9311.97 318.65 134 -1206.03
9278.5 0 3.25 0 9311.97 318.7 143 -78.0333
9419 0 3.3 0 9311.97 325 126 64.9667
9569.6 0 3.3 0 9311.97 328.45 129 -1244.03
9619.25 0 3.3 0 9311.97 331.65 140 -1744.03
9647.55 0 3.25 0 9311.97 336.15 137 -1558.03
9677.3 0 3.2 0 9311.97 335.55 115 -1251.03
9683.75 0 3.2 0 9311.97 337.3 81 -1004.03
9786.4 0 3.15 0 9311.97 341.8 102 -2282.03
9801.35 0 3.2 0 9311.97 342.6 94 -1090.03
9756.55 0 3.2 0 9311.97 342.8 59 -809.033
9922.95 0 3.2 0 9311.97 347 27 -1657.03
9929.4 0 3.15 0 9311.97 348.6 49 -1415.03
9966.45 0 3.15 0 9311.97 352.85 56 -1363.03
10088.4 0 3.1 0 9311.97 354.55 37 -2070.03
10404.6 0 3.1 0 9311.97 336.35 53 -1965.03
10593 0 3.05 0 9311.97 341.7 38 -2924.03
10519 0 3.05 0 9311.97 339.35 27 801.967
10533.5 0 3.05 0 9311.97 343.55 34 -1303.03
10548.4 0 3 0 9311.97 344.9 33 -632.033
10397.8 0 2.95 0 9311.97 344.65 27 1806.97
10490.7 0 2.95 0 9311.97 347.45 45 -1937.03
10475.2 0 2.85 0 9311.97 350.05 24 373.967
10549.8 0 2.85 0 9311.97 353.45 56 -2734.03
10573.5 0 2.8 0 9311.97 356.6 48 -2220.03
10540.5 0 2.85 0 9311.97 351.7 49 -896.033
10521.1 0 2.85 0 9311.97 353.3 49 -865.033
10555.1 0 2.85 0 9311.97 353.4 51 -1684.03
10514.9 0 2.85 0 9311.97 354.55 44 -1477.03
10483.6 0 2.8 0 9311.97 352.35 46 -464.033
10511.6 0 2.8 0 9311.97 352.05 65 -1369.03
10411.5 0 2.75 0 9311.97 351.4 39 345.967
10287.5 0 2.8 0 9311.97 346.4 48 1063.97
10329.8 0 2.8 0 9311.97 345.05 44 -2209.03
10171.1 0 2.75 0 9311.97 342.4 24 1102.97
10059.1 0 2.75 0 9311.97 340.7 51 275.967
9895.35 0 2.8 0 9311.97 339 56 350.967
10061.7 0 2.8 0 9311.97 343.3 52 -2525.03
10036 0 2.8 0 9311.97 340.35 50 -788.033
10096.9 0 2.75 0 9311.97 343.15 33 -1851.03
10293.2 0 2.75 0 9311.97 346.45 38 -2120.03
10269.6 0 2.75 0 9311.97 345.75 34 -1465.03
10282.5 0 2.75 0 9311.97 343.15 52 116.967
10173.1 0 2.75 0 9311.97 343.3 50 -547.033
10194.1 0 2.75 0 9311.97 343.85 55 -2640.03
10295.9 0 2.75 0 9311.97 347 67 -2931.03
10376 0 2.75 0 9311.97 346.4 69 -2467.03
10400.1 0 2.75 0 9311.97 346.8 56 -2166.03
10382.5 0 2.75 0 9311.97 344.1 45 -1125.03
10310.9 0 2.75 0 9311.97 344.7 47 968.967
10322.5 0 2.75 0 9311.97 345.6 49 -1603.03
10264.5 0 2.8 0 9311.97 346.4 43 1507.97
10403.1 0 2.75 0 9311.97 353.25 46 -1710.03
10318.1 0 2.75 0 9311.97 353.65 52 -509.033
10462.6 0 2.8 0 9311.97 356.95 40 -1787.03
10442.7 0 2.75 1 9311.97 356.85 43 0
10562.5 0 2.6 0 9311.97 368.7 54 0
10573 0 2.45 0 9311.97 383 61 0
10477.9 0 2.3 0 9311.97 387.9 54 0
10480.1 0 2.2 0 9311.97 398.85 96 0
10482.3 0 2.05 0 9311.97 410.7 96 0
10362.8 0 1.9 0 9311.97 419 86 0
10492.1 0 1.8 0 9311.97 435.55 119 0
10581.2 0 1.65 0 9311.97 448.45 120 0
10513.2 0 1.5 0 9311.97 458.55 85 0
10418.9 0 1.35 0 9311.97 468.4 107 0
10264.5 0 1.2 0 9311.97 474.15 90 0
10210.2 0 1.05 0 9311.97 484.7 120 0
10199 0 0.95 0 9311.97 496.1 100 0
10237.2 0 0.8 0 9311.97 506.7 90 0
10286.6 0 0.65 0 9311.97 520.75 160 0
10497.5 0 0.5 0 9311.97 537.1 158 0
10524.2 0 0.4 0 9311.97 547.75 160 0
10575 0 0.25 0 9311.97 558.1 151 0
10602 0 0.1 0 9311.97 572.65 170 0
10768.2 0 0 0 9311.97 590 152 0
10733.5 0 0 0 9311.97 588.45 146 0
10600.9 0 0 0 9311.97 582 100 0
10652.4 0 0 0 9311.97 585.35 115 0
10584 0 0 0 9311.97 582.65 130 0
10453.8 0 0 0 9311.97 575.8 131 0
10562.4 0 0 0 9311.97 579.45 154 0
10461 0 0 0 9311.97 573.55 129 0
10324.5 0 0 0 9311.97 565.5 97 0
10367 0 0 0 9311.97 566.45 156 0
10404.5 0 0 0 9311.97 569 121 0
10546.5 0 0 0 9311.97 576.2 136 0
10639.5 0 0 0 9311.97 580 171 0
10685.4 0 0 0 9311.97 581 111 0
10796.8 0 0 0 9311.97 584.7 134 0
10613.5 0 0 0 9311.97 574.25 112 0
10490.9 0 0 0 9311.97 567.4 159 0
10460.1 0 0 0 9311.97 565 143 0
10484 0 0 0 9311.97 566 169 0
10517.1 0 0 0 9311.97 565.85 228 0
10542.6 0 0 0 9311.97 565.4 167 0
10530 0 0 0 9311.97 564.1 127 0
10646 0 0 0 9311.97 569.65 149 0
10788.7 0 0 0 9311.97 576.55 143 0
10911.8 0 0 0 9311.97 581.45 134 0
11057.1 0 0 0 9311.97 588.9 161 0
11123.9 0 0 0 9311.97 591.2 149 0
11210.9 0 0 0 9311.97 595.4 156 0
11381.2 0 0 0 9311.97 603.7 166 0
11369.4 0 0 0 9311.97 602.35 161 0
11340.4 0 0 0 9311.97 599.9 142 0
11188.9 0 0 0 9311.97 593.6 169 0
11089 0 0 0 9311.97 589.75 181 0
11068 0 0 0 9311.97 588.5 166 0
10833.9 0 0 0 9311.97 580 95 0
10853.8 0 0 0 9311.97 581.9 119 0
10869.2 0 0 0 9311.97 583.85 122 0
10783.9 0 0 0 9311.97 579.55 97 0
10764 0 0 0 9311.97 579.15 135 0
10620.5 0 0 0 9311.97 572.2 93 0
10620.1 0 0 0 9311.97 573.05 157 0
10589.2 0 0 0 9311.97 572.75 136 0
10548.5 0 0 0 9311.97 571.05 129 0
10536.5 0 0 0 9311.97 570.65 163 0
10479.4 0 0 0 9311.97 568.2 183 0
10330.8 0 0 0 9311.97 560.05 92 0
10292.6 0 0 0 9311.97 558.05 159 0
10267.9 0 0 0 9311.97 558.35 143 0
10251.8 0 0 0 9311.97 557.8 138 0
10257.6 0 0 0 9311.97 558.25 168 0
10313.8 0 0 0 9311.97 560.55 135 0
10520.5 0 0 0 9311.97 570.35 164 0
10610.1 0 0 0 9311.97 575.35 144 0
10640 0 0 0 9311.97 576.95 169 0
10893 0 0 0 9311.97 585.35 177 0
11013.6 0 0 0 9311.97 590.3 146 0
10959.9 0 0 0 9311.97 585.8 137 0
11055 0 0 0 9311.97 590.7 173 0
11073.1 0 0 0 9311.97 590.8 130 0
11172.5 0 0 0 9311.97 595.75 200 0
11139.3 0 0 0 9311.97 593.3 178 0
11216.1 0 0 0 9311.97 595.7 197 0
11247 0 0 0 9311.97 597.05 170 0
11215.9 0 0 0 9311.97 594.8 190 0
11238.9 0 0 0 9311.97 595.75 150 0
11242.8 0 0 0 9311.97 596.45 100 0
11259.7 0 0 0 9311.97 597.65 182 0
11314.1 0 0 0 9311.97 599.2 154 0
11148.3 0 0 0 9311.97 590.3 142 0
11157.9 0 0 0 9311.97 590.2 161 0
11114.8 0 0 0 9311.97 587.25 106 0
11090.5 0 0 0 9311.97 585.65 169 0
11087.9 0 0 0 9311.97 583.55 183 0
11076 0 0 0 9311.97 582.4 170 0
11048.6 0 0 0 9311.97 580.7 156 0
11077.5 0 0 0 9311.97 582.45 151 0
11192.4 0 0 0 9311.97 589 134 0
11159.8 0 0 0 9311.97 587.85 137 0
11166 0 0 0 9311.97 588.15 154 0
11150.9 0 0 0 9311.97 587.1 148 0
11164.5 0 0 0 9311.97 587.95 209 0
11190.8 0 0 0 9311.97 589.95 132 0
11189.4 0 0 0 9311.97 591.25 178 0
11208.7 0 0 0 9311.97 593.1 149 0
11220.4 0 0 0 9311.97 593.95 158 0
11262.5 0 0 0 9311.97 595.5 129 0
11208.7 0 0 0 9311.97 592.8 179 0
11155.6 0 0 0 9311.97 590.4 163 0
11282.7 0 0 0 9311.97 598.05 160 0
11260.8 0 0 0 9311.97 597.7 170 0
11270.5 0 0 0 9311.97 599.65 147 0
11239.5 0 0 0 9311.97 598.9 181 0
11249.4 0 0 0 9311.97 601.2 171 0
11250.6 0 0 0 9311.97 601.6 172 0
11290.9 0 0 0 9311.97 603.85 178 0
11298.8 0 0 0 9311.97 603.95 145 0
11376.4 0 0 0 9311.97 607.6 162 0
11388.3 0 0 0 9311.97 608.65 142 0
11352.2 0 0 0 9311.97 606.9 130 0
11260 0 0 0 9311.97 602.9 163 0
11252.4 0 0 0 9311.97 603.4 194 0
11122.4 0 0 0 9311.97 596.7 146 0
11019.9 0 0 0 9311.97 589.45 107 0
10981 0 0 0 9311.97 587.55 162 0
10985.5 0 0 0 9311.97 587.7 169 0
10928.4 0 0 0 9311.97 585.5 113 0
11001.3 0 0 0 9311.97 589.05 148 0
10881 0 0 0 9311.97 582.55 114 0
10906.4 0 0 0 9311.97 583.85 144 0
10820.9 0 0 0 9311.97 578.95 125 0
10797.3 0 0 0 9311.97 577.15 117 0
10799.2 0 0 0 9311.97 576.3 152 0
10676.8 0 0 0 9311.97 568.25 132 0
10661.5 0 0 0 9311.97 568.4 164 0
10587 0 0 0 9311.97 564.6 127 0
10548.9 0 0 0 9311.97 562.55 177 0
10526.3 0 0 0 9311.97 561.45 179 0
10547.9 0 0 0 9311.97 561.75 148 0
10548.5 0 0 0 9311.97 561.65 165 0
10662.1 0 0 0 9311.97 566.65 141 0
10687.7 0 0 0 9311.97 567 120 0
10771.3 0 0 0 9311.97 571.9 184 0
10632.2 0 0 0 9311.97 565.15 103 0
10586.3 0 0 0 9311.97 563.05 144 0
10562.7 0 0 0 9311.97 563.35 177 0
10492.5 0 0 0 9311.97 559.1 112 0
10479.9 0 0 0 9311.97 558.05 169 0
10627.7 0 0 0 9311.97 565.45 159 0
10620.9 0 0 0 9311.97 564.2 168 0
10716.4 0 0 0 9311.97 569.35 142 0
10755.3 0 0 0 9311.97 571.35 142 0
10781 0 0 0 9311.97 573.45 151 0
10835.6 0 0 0 9311.97 576.55 131 0
10806.4 0 0 0 9311.97 574.3 102 0
10856.6 0 0 0 9311.97 578.2 186 0
10910.5 0 0 0 9311.97 581.65 150 0
10910.4 0 0 0 9311.97 581.8 237 0
10941.8 0 0 0 9311.97 583.95 138 0
10820.5 0 0 0 9311.97 577.8 133 0
10839.4 0 0 0 9311.97 581 172 0
10623 0 0 0 9311.97 570.85 103 0
10512.2 0 0 0 9311.97 564.65 121 0
10723.5 0 0 0 9311.97 575.5 200 0
10708 0 0 0 9311.97 574.25 146 0
10716.8 0 0 0 9311.97 573.75 154 0
10888.5 0 0 0 9311.97 583.25 127 0
10860 0 0 0 9311.97 582.15 141 0
10844.5 0 0 0 9311.97 581.35 103 0
10856 0 0 0 9311.97 581.95 161 0
10882.4 0 0 0 9311.97 583.25 166 0
10885.1 0 0 0 9311.97 584.4 165 0
10856.8 0 0 0 9311.97 581.85 179 0
10802.5 0 0 0 9311.97 579.7 131 0
10788.2 0 0 0 9311.97 578.75 102 0
10599.8 0 0 0 9311.97 567.75 88 0
10574.6 0 0 0 9311.97 565.9 140 0
10565.1 0 0 0 9311.97 566.05 185 0
10443.6 0 0 0 9311.97 559.45 116 0
10613.2 0 0 0 9311.97 568 138 0
10580.9 0 0 0 9311.97 564.35 152 0
10773 0 0 0 9311.97 572.85 138 0
10900.4 0 0 0 9311.97 579.2 156 0
10837.8 0 0 0 9311.97 576.1 125 0
10976.2 0 0 0 9311.97 582.8 175 0
10893 0 0 0 9311.97 577.55 147 0
10908.1 0 0 0 9311.97 577.75 165 0
10820.1 0 0 0 9311.97 572.5 132 0
10803.3 0 0 0 9311.97 571.7 147 0
10634.2 0 0 0 9311.97 562.7 115 0
10608.3 0 0 0 9311.97 561.2 183 0
10569.4 0 0 0 9311.97 558.55 150 0
10498.5 0 0 0 9311.97 554.7 173 0
10596 0 0 0 9311.97 559.4 146 0
10507.9 0 0 0 9311.97 555.25 123 0
10691.9 0 0 0 9311.97 565.45 135 0
10701.4 0 0 0 9311.97 566.35 206 0
10687.4 0 0 0 9311.97 564.9 179 0
10767.3 0 0 0 9311.97 568.9 157 0
10766.2 0 0 0 9311.97 568.9 206 0
10786.5 0 0 0 9311.97 570.25 202 0
10598.9 0 0 0 9311.97 561.7 99 0
10494.1 0 0 0 9311.97 556.9 106 0
10549.1 0 0 0 9311.97 561.7 150 0
10398.5 0 0 0 9311.97 554.8 120 0
10454.9 0 0 0 9311.97 559.1 129 0
10367.5 0 0 0 9311.97 555.75 129 0
10446.6 0 0 0 9311.97 561.25 129 0
10460.8 0 0 0 9311.97 562.65 110 0
10637 0 0 0 9311.97 573.5 135 0
10647.8 0 0 0 9311.97 574.6 179 0
10706.8 0 0 0 9311.97 577.35 175 0
10812.4 0 0 0 9311.97 583.4 207 0
10708.8 0 0 0 9311.97 577.55 142 0
10865.1 0 0 0 9311.97 586.3 177 0
10741.6 0 0 0 9311.97 579.2 160 0
10530.8 0 0 0 9311.97 568.2 139 0
10372.2 0 0 0 9311.97 559.75 122 0
10409.5 0 0 0 9311.97 561.75 180 0
10386 0 0 0 9311.97 560.9 145 0
10228.8 0 0 0 9311.97 552.65 134 0
10400 0 0 0 9311.97 560.85 171 0
10415.6 0 0 0 9311.97 560.85 124 0
10466.5 0 0 0 9311.97 561.75 191 0
10415.3 0 0 0 9311.97 558.5 118 0
10406.4 0 0 0 9311.97 557.55 125 0
10510.1 0 0 0 9311.97 562.15 128 0
10437.6 0 0 0 9311.97 557.45 129 0
10319 0 0 0 9311.97 551.3 108 0
10243.5 0 0 0 9311.97 545.75 154 0
10241.2 0 0 0 9311.97 544.7 153 0
10122.9 0 0 0 9311.97 539 140 0
10079.5 0 0 0 9311.97 536.65 157 0
10196.9 0 0 0 9311.97 542.85 135 0
10212 0 0 0 9311.97 542.95 150 0
10352.1 0 0 0 9311.97 549.5 125 0
10547 0 0 0 9311.97 560.15 147 0
10722 0 0 0 9311.97 569.3 177 0
10647.5 0 0 0 9311.97 565.25 125 0
10486.8 0 0 0 9311.97 557.2 125 0
10519.4 0 0 0 9311.97 559.3 122 0
10520.8 0 0 0 9311.97 559.75 131 0
10626 0 0 0 9311.97 564.9 178 0
10472.8 0 0 0 9311.97 556.3 111 0
10661.6 0 0 0 9311.97 565.4 162 0
10698.5 0 0 0 9311.97 566.35 176 0
10505.9 0 0 0 9311.97 556.05 138 0
10580.5 0 0 0 9311.97 560.45 178 0
10496.2 0 0 0 9311.97 555.6 85 0
10519.7 0 0 0 9311.97 557.45 135 0
10528.5 0 0 0 9311.97 558.7 140 0
10645 0 0 0 9311.97 564.6 174 0
10684.6 0 0 0 9311.97 566.6 192 0
10671.3 0 0 0 9311.97 566.05 124 0
10549.8 0 0 0 9311.97 559.2 105 0
10545.6 0 0 0 9311.97 559.8 166 0
10529.6 0 0 0 9311.97 558.35 100 0
10516.2 0 0 0 9311.97 559.25 158 0
10541.7 0 0 0 9311.97 560.95 161 0
10584.7 0 0 0 9311.97 562.75 95 0
10662.1 0 0 0 9311.97 566.55 162 0
10627 0 0 0 9311.97 564.65 143 0
10570.1 0 0 0 9311.97 562.45 149 0
10712.8 0 0 0 9311.97 571.6 127 0
10708.1 0 0 0 9311.97 572.55 169 0
10642.5 0 0 0 9311.97 569.7 121 0
10775.9 0 0 0 9311.97 577.15 137 0
10823.2 0 0 0 9311.97 579.45 153 0
11053.9 0 0 0 9311.97 592.4 157 0
11131.2 0 0 0 9311.97 595.9 190 0
11107.1 0 0 0 9311.97 594.35 150 0
11086.4 0 0 0 9311.97 592.5 167 0
10966 0 0 0 9311.97 586.35 99 0
10858.5 0 0 0 9311.97 581.45 105 0
10962.7 0 0 0 9311.97 587.75 161 0
10828.3 0 0 0 9311.97 581.55 109 0
10777.9 0 0 0 9311.97 579.1 142 0
10693.1 0 0 0 9311.97 573.55 150 0
10720.8 0 0 0 9311.97 575.9 124 0
10834.5 0 0 0 9311.97 583.4 136 0
10816.9 0 0 0 9311.97 583.45 180 0
10814.2 0 0 0 9311.97 584.15 172 0
10868.7 0 0 0 9311.97 587.25 137 0
10829.6 0 0 0 9311.97 584.2 132 0
10723.9 0 0 0 9311.97 578.5 126 0
10656.4 0 0 0 9311.97 574.85 130 0
10711.6 0 0 0 9311.97 577.45 136 0
10700 0 0 0 9311.97 576.25 195 0
10598.1 0 0 0 9311.97 571.6 114 0
10490.9 0 0 0 9311.97 566.85 119 0
10464.1 0 0 0 9311.97 566 137 0
10350.8 0 0 0 9311.97 560.4 124 0
10454.8 0 0 0 9311.97 566.1 177 0
10553.4 0 0 0 9311.97 570.3 183 0
10416.5 0 0 0 9311.97 562.75 87 0
10551 0 0 0 9311.97 569 123 0
10651.2 0 0 0 9311.97 574.05 178 0
10719.4 0 0 0 9311.97 577.1 163 0
10684.4 0 0 0 9311.97 573.95 159 0
10681.6 0 0 0 9311.97 558.15 137 0
10652.4 0 0 0 9311.97 530.8 126 0
10572.3 0 0 0 9311.97 501.05 127 0
10503.8 0 0 0 9311.97 476.45 126 0
10492.8 0 0 0 9311.97 475.5 168 0
10576.5 0 0 0 9311.97 479.15 135 0
10655.1 0 0 0 9311.97 483.15 109 0
10504.4 0 0 0 9311.97 475.25 91 0
10476.8 0 0 0 9311.97 474.95 145 0
10522 0 0 0 9311.97 475.75 137 0
10549.5 0 0 0 9311.97 476.75 121 0
10482.8 0 0 0 9311.97 473.55 101 0
10495.1 0 0 0 9311.97 476.3 115 0
10497.5 0 0 0 9311.97 476.7 174 0
10486.2 0 0 0 9311.97 476.55 172 0
10621.6 0 0 0 9311.97 484.35 136 0
10571.1 0 0 0 9311.97 482.05 173 0
10537.4 0 0 0 9311.97 481.7 121 0
10506.5 0 0 0 9311.97 480.5 109 0
10526.2 0 0 0 9311.97 482.15 136 0
10522.9 0 0 0 9311.97 497.15 133 0
10610.5 0 0 0 9311.97 527.5 177 0
10728.8 0 0 0 9311.97 560 169 0
10677.6 0 0 0 9311.97 578.95 116 0
10584.9 0 0 0 9311.97 574.4 99 0
10467.1 0 0 0 9311.97 569.05 136 0
10481.8 0 0 0 9311.97 570.7 129 0
10581.6 0 0 0 9311.97 575.75 142 0
10508 0 0 0 9311.97 572.35 119 0
10566.2 0 0 0 9311.97 576.55 206 0
10569.7 0 0 0 9311.97 577.6 146 0
10662.4 0 0 0 9311.97 582.95 147 0
10759 0 0 0 9311.97 586.35 144 0
10572.5 0 0 0 9311.97 576.55 110 0
10569.5 0 0 0 9311.97 576.75 102 0
10386.5 0 0 0 9311.97 566.9 118 0
10417 0 0 0 9311.97 568.25 186 0
10274.9 0 0 0 9311.97 560 138 0
10302.4 0 0 0 9311.97 562.2 155 0
10300.2 0 0 0 9311.97 562.3 154 0
10211.3 0 0 0 9311.97 557.3 111 0
10203.5 0 0 0 9311.97 556.5 155 0
10099.4 0 0 0 9311.97 549.8 125 0
10239.5 0 0 0 9311.97 556 174 0
10355.9 0 0 0 9311.97 562.7 164 0
10473.4 0 0 0 9311.97 569.1 123 0
10294.3 0 0 0 9311.97 559.6 75 0
10340.6 0 0 0 9311.97 562.1 144 0
10417.2 0 0 0 9311.97 564.95 150 0
10378.8 0 0 0 9311.97 562.4 134 0
10376.4 0 0 0 9311.97 561.65 143 0
10364.9 0 0 0 9311.97 560.25 136 0
10374.8 0 0 0 9311.97 560.85 142 0
10566.8 0 0 0 9311.97 571.25 200 0
10474.6 0 0 0 9311.97 568.3 94 0
10565.5 0 0 0 9311.97 572.95 110 0
10556.1 0 0 0 9311.97 572.25 137 0
10722.4 0 0 0 9311.97 580.7 171 0
10601.4 0 0 0 9311.97 573.7 83 0
10585.5 0 0 0 9311.97 573.05 164 0
10681 0 0 0 9311.97 579.1 124 0
10532 0 0 0 9311.97 570.95 98 0
10400.7 0 0 0 9311.97 564 76 0
10323.8 0 0 0 9311.97 560.75 143 0
10318.5 0 0 0 9311.97 560.05 175 0
10310.5 0 0 0 9311.97 559.9 188 0
10522.7 0 0 0 9311.97 571.05 166 0
10528.5 0 0 0 9311.97 571.85 161 0
10528.7 0 0 0 9311.97 572.3 181 0
10511 0 0 0 9311.97 570.85 116 0
10532.1 0 0 0 9311.97 571.15 153 0
10450.7 0 0 0 9311.97 566.7 159 0
10366.1 0 0 0 9311.97 563.75 121 0
10211.5 0 0 0 9311.97 556.45 92 0
10282.2 0 0 0 9311.97 558.8 115 0
10266.3 0 0 0 9311.97 559.65 97 0
10165.4 0 0 0 9311.97 555.2 114 0
10019 0 0 0 9311.97 548.65 101 0
9990.1 0 0 0 9311.97 547.4 144 0
9954.7 0 0 0 9311.97 545.25 110 0
9921.1 0 0 0 9311.97 542 168 0
10079 0 0 0 9311.97 551.2 160 0
10229.1 0 0 0 9311.97 559.55 140 0
10184.5 0 0 0 9311.97 558.55 118 0
10178.9 0 0 0 9311.97 558.45 154 0
10198 0 0 0 9311.97 558.95 198 0
10010.5 0 0 0 9311.97 549.35 96 0
10021.6 0 0 0 9311.97 550.3 169 0
9981.9 0 0 0 9311.97 549.9 106 0
10042 0 0 0 9311.97 554.3 145 0
10042.5 0 0 0 9311.97 555.4 144 0
10137 0 0 0 9311.97 560.8 139 0
10214.2 0 0 0 9311.97 563.75 140 0
10262.2 0 0 0 9311.97 565.05 121 0
10316.6 0 0 0 9311.97 568.1 153 0
10405.3 0 0 0 9311.97 571.35 106 0
10496.1 0 0 0 9311.97 576.4 143 0
10574.5 0 0 0 9311.97 579.9 180 0
10596.8 0 0 0 9311.97 581.4 130 0
10665.1 0 0 0 9311.97 585.4 145 0
10691.4 0 0 0 9311.97 587 141 0
10684.6 0 0 0 9311.97 586.1 155 0
10726.1 0 0 0 9311.97 587.75 126 0
10838 0 0 0 9311.97 592.55 150 0
10860.4 0 0 0 9311.97 593.75 178 0
10837.9 0 0 0 9311.97 592.55 167 0
10967.4 0 0 0 9311.97 598.5 154 0
10972.5 0 0 0 9311.97 598.4 161 0
11026.5 0 0 0 9311.97 599.4 160 0
11005.6 0 0 0 9311.97 597.05 145 0
10996.8 0 0 0 9311.97 596 133 0
11011.1 0 0 0 9311.97 596.3 132 0
11013 0 0 0 9311.97 596.5 115 0
10976.6 0 0 0 9311.97 596.1 155 0
10777.1 0 0 0 9311.97 585.35 131 0
10679.2 0 0 0 9311.97 585.05 122 0
10593.4 0 0 0 9311.97 581.8 118 0
10641.3 0 0 0 9311.97 585.2 158 0
10635.4 0 0 0 9311.97 584.9 99 0
10514 0 0 0 9311.97 578.95 100 0
10410.4 0 0 0 9311.97 576 102 0
10348.9 0 0 0 9311.97 577.05 149 0
10298.4 0 0 0 9311.97 574.5 156 0
10276.8 0 0 0 9311.97 573.5 152 0
10300 0 0 0 9311.97 574.9 196 0
10301.1 0 0 0 9311.97 574.8 171 0
10219.4 0 0 0 9311.97 574.4 96 0
10105.5 0 0 0 9311.97 568.7 116 0
10038.6 0 0 0 9311.97 566.2 126 0
10043.8 0 0 0 9311.97 567.25 156 0
9994.85 0 0 0 9311.97 565.9 158 0
9935.65 0 0 0 9311.97 564.95 115 0
9710.8 0 0 0 9311.97 552.85 96 0
9819.05 0 0 0 9311.97 557.2 105 0
9982 0 0 0 9311.97 565.75 140 0
9935.3 0 0 0 9311.97 558.45 119 0
10060.6 0 0 0 9311.97 563.15 185 0
10030 0 0 0 9311.97 561.25 131 0
10042.8 0 0 0 9311.97 561.15 131 0
10135.1 0 0 0 9311.97 565.05 160 0
10247.8 0 0 0 9311.97 568.9 127 0
10310.1 0 0 0 9311.97 567.4 201 0
10352.3 0 0 0 9311.97 569.4 137 0
10365.5 0 0 0 9311.97 570.1 176 0
10349 0 0 0 9311.97 568.75 125 0
10361.2 0 0 0 9311.97 569.35 190 0
10483.8 0 0 0 9311.97 571.95 147 0
10546.3 0 0 0 9311.97 575 134 0
10599.4 0 0 0 9311.97 581.05 133 0
10599.1 0 0 0 9311.97 581.35 158 0
10520.2 0 0 0 9311.97 576.15 141 0
10528.3 0 0 0 9311.97 574.5 134 0
10647.5 0 0 0 9311.97 580.65 91 0
10628.8 0 0 0 9311.97 579.55 165 0
10583 0 0 0 9311.97 576.4 132 0
10723.5 0 0 0 9311.97 583.15 118 0
10625 0 0 0 9311.97 581.95 156 0
10535.8 0 0 0 9311.97 577.45 128 0
10648 0 0 0 9311.97 584.15 179 0
10533.9 0 0 0 9311.97 579.95 141 0
10510.1 0 0 0 9311.97 579.4 151 0
10407.3 0 0 0 9311.97 575.35 122 0
10419.3 0 0 0 9311.97 576.1 168 0
10365.6 0 0 0 9311.97 572.9 130 0
10350.5 0 0 0 9311.97 572.65 147 0
10345.2 0 0 0 9311.97 572.5 201 0
10351.2 0 0 0 9311.97 573.05 156 0
10396.8 0 0 0 9311.97 574.9 122 0
10442 0 0 0 9311.97 573.15 139 0
10296.8 0 0 0 9311.97 565.75 127 0
10340.5 0 0 0 9311.97 570.25 160 0
10255.5 0 0 0 9311.97 566.1 133 0
10346.7 0 0 0 9311.97 571.35 158 0
10370.8 0 0 0 9311.97 573.2 170 0
10408.6 0 0 0 9311.97 576.2 125 0
10409.3 0 0 0 9311.97 577.2 114 0
10508.6 0 0 0 9311.97 578.45 183 0
10623.2 0 0 0 9311.97 583.75 129 0
10617.5 0 0 0 9311.97 583.8 143 0
10767.5 0 0 0 9311.97 590.15 163 0
10812 0 0 0 9311.97 592.6 168 0
10927 0 0 0 9311.97 597.8 181 0
10957 0 0 0 9311.97 599.8 152 0
10990.4 0 0 0 9311.97 602.1 143 0
11017.9 0 0 0 9311.97 603.9 161 0
10859.6 0 0 0 9311.97 597.5 124 0
10739.4 0 0 0 9311.97 591.15 98 0
10670.2 0 0 0 9311.97 588.8 149 0
10493.3 0 0 0 9311.97 579.55 86 0
10633.3 0 0 0 9311.97 586.45 119 0
10731.6 0 0 0 9311.97 589.95 148 0
10793.4 0 0 0 9311.97 593.65 125 0
10803.2 0 0 0 9311.97 593.65 153 0
10823.1 0 0 0 9311.97 594.5 125 0
10839.5 0 0 0 9311.97 594.85 146 0
10858.6 0 0 0 9311.97 595.8 131 0
10832.3 0 0 0 9311.97 594.9 125 0
10835.6 0 0 0 9311.97 595.05 160 0
10876.9 0 0 0 9311.97 595.75 185 0
10885.3 0 0 0 9311.97 595.75 126 0
10902.4 0 0 0 9311.97 595.4 134 0
10771.5 0 0 0 9311.97 590.3 116 0
10661.7 0 0 0 9311.97 585.15 116 0
10575.4 0 0 0 9311.97 581 134 0
10568.8 0 0 0 9311.97 579.7 162 0
10616.5 0 0 0 9311.97 580.15 128 0
10670.7 0 0 0 9311.97 583.35 128 0
10595.7 0 0 0 9311.97 578.95 106 0
10747.4 0 0 0 9311.97 586.75 200 0
10719.6 0 0 0 9311.97 584.8 107 0
10690.5 0 0 0 9311.97 583.05 148 0
10735.7 0 0 0 9311.97 584 176 0
10630.3 0 0 0 9311.97 578.45 133 0
10640.2 0 0 0 9311.97 578.7 167 0
10671 0 0 0 9311.97 580.4 156 0
10704 0 0 0 9311.97 581.5 135 0
10732.2 0 0 0 9311.97 582.85 162 0
10696.1 0 0 0 9311.97 580.65 170 0
10636.4 0 0 0 9311.97 577.9 119 0
10502.6 0 0 0 9311.97 571.8 124 0
10420.6 0 0 0 9311.97 567.7 146 0
10438.9 0 0 0 9311.97 566.8 145 0
10406.5 0 0 0 9311.97 567.15 131 0
10527.5 0 0 0 9311.97 572.95 144 0
10410.7 0 0 0 9311.97 566.6 96 0
10438.3 0 0 0 9311.97 568.3 128 0
10437.4 0 0 0 9311.97 567.8 133 0
10569.8 0 0 0 9311.97 574.15 150 0
10612.9 0 0 0 9311.97 576.5 169 0
10634.8 0 0 0 9311.97 576.95 180 0
10549.1 0 0 0 9311.97 577.6 86 0
10570.1 0 0 0 9311.97 579.3 124 0
10702.2 0 0 0 9311.97 585.9 137 0
10670 0 0 0 9311.97 584.75 214 0
10627.2 0 0 0 9311.97 582.6 159 0
10584.3 0 0 0 9311.97 580.7 133 0
10571.1 0 0 0 9311.97 579.45 160 0
10575.8 0 0 0 9311.97 580.4 176 0
10300.9 0 0 0 9311.97 604.3 80 0
10245.8 0 0 0 9311.97 628.9 113 0
10280.3 0 0 0 9311.97 630.95 127 0
10355.6 0 0 0 9311.97 634.4 152 0
10468.6 0 0 0 9311.97 636.85 113 0
10419.8 0 0 0 9311.97 633.9 134 0
10529 0 0 0 9311.97 640.2 134 0
10540.8 0 0 0 9311.97 641.3 142 0
10549.8 0 0 0 9311.97 641.85 147 0
10587.1 0 0 0 9311.97 644.45 186 0
10529.9 0 0 0 9311.97 641.95 147 0
10502.1 0 0 0 9311.97 640.7 135 0
10549.9 0 0 0 9311.97 637.75 125 0
10402.4 0 0 0 9311.97 630.25 126 0
10392.6 0 0 0 9311.97 629.85 144 0
10243.1 0 0 0 9311.97 621.2 115 0
10229.2 0 0 0 9311.97 620.5 180 0
10061.6 0 0 0 9311.97 612.75 103 0
10052.4 0 0 0 9311.97 612.35 158 0
9982.85 0 0 0 9311.97 608.4 144 0
10211 0 0 0 9311.97 585.1 104 0
10361.9 0 0 0 9311.97 564.95 123 0
10380.5 0 0 0 9311.97 565.8 141 0
10379.2 0 0 0 9311.97 566.15 116 0
10372.6 0 0 0 9311.97 565.95 146 0
10316 0 0 0 9311.97 563.7 130 0
10184.8 0 0 0 9311.97 558.55 140 0
10210 0 0 0 9311.97 558.9 167 0
10257.4 0 0 0 9311.97 561.05 121 0
10016.4 0 0 0 9311.97 548.3 82 0
10028.6 0 0 0 9311.97 548.15 149 0
10039.2 0 0 0 9311.97 548.75 143 0
10072.7 0 0 0 9311.97 550.85 117 0
10150.9 0 0 0 9311.97 555.3 139 0
10165.5 0 0 0 9311.97 555.5 133 0
10326.5 0 0 0 9311.97 563.65 142 0
10311.8 0 0 0 9311.97 562 114 0
10490.9 0 0 0 9311.97 570.15 128 0
10517.9 0 0 0 9311.97 570.95 148 0
10591 0 0 0 9311.97 573.75 149 0
10571.9 0 0 0 9311.97 569.95 116 0
10631.5 0 0 0 9311.97 572.6 121 0
10535.1 0 0 0 9311.97 567.45 104 0
10507.9 0 0 0 9311.97 565.5 171 0
10450.3 0 0 0 9311.97 565.65 126 0
10465.8 0 0 0 9311.97 570.2 186 0
10372.7 0 0 0 9311.97 564.7 67 0
10339 0 0 0 9311.97 563.65 119 0
10326.4 0 0 0 9311.97 563.4 139 0
10509.2 0 0 0 9311.97 572.7 141 0
10495.5 0 0 0 9311.97 573.45 168 0
10479.6 0 0 0 9311.97 573.3 153 0
10427.7 0 0 0 9311.97 572.15 135 0
10423.9 0 0 0 9311.97 574.15 138 0
10290.1 0 0 0 9311.97 568.75 102 0
10260.7 0 0 0 9311.97 567.55 137 0
10250.1 0 0 0 9311.97 567.85 182 0
10177.9 0 0 0 9311.97 564.9 133 0
10160.2 0 0 0 9311.97 567.55 139 0
10120.2 0 0 0 9311.97 567 127 0
10202.5 0 0 0 9311.97 572.15 181 0
10023.2 0 0 0 9311.97 576.7 109 0
9553.9 0 0 0 9311.97 669.95 0 0
9034.8 0 0 0 9311.97 646 0 0
8555.45 0 0 0 9311.97 617.1 0 0
