21 0 0 0 0 0 592 0
804 0 0 0 0 31 12738.5 0
979 0 0 0 0 894 13814 0
1269.5 0 0 0 0 794 14696 0
1465.4 0 0 0 0 811 15007 0
1686 0 0 0 0 778 15131.5 0
1819 0 0 0 0 758 15087 0
2015.5 0 0 0 0 797 15360.4 0
2138 0 0 0 0 664 15225.2 0
2264.1 0 0 0 0 732 15228.8 0
2452.27 0 0 0 0 733 15447.5 0
2521.58 0 0 0 0 495 15162.3 0
2844.46 0 0 0 0 0 15785.1 0
3027.57 0 0 0 0 499 15854.5 0
3238.27 0 0 0 0 703 15950.8 0
3436.5 0 0 0 0 700 15940.3 0
3670.82 0 0 0 0 685 15953.4 0
3905.28 0 0 0 0 722 15906.6 0
4119.16 0 0 0 0 642 15752.4 0
4347.9 0 0 0 0 673 15617.2 0
4763.8 0 0 0 0 607 16144.3 0
5133.9 0 0 0 0 609 15420.1 0
5550.75 0 0 0 0 636 15111.8 0
5949.75 0 0 0 0 650 14707.6 0
6317.8 0 0 0 0 631 14278.6 0
6637.5 0 0 0 0 578 13817.4 0
6948.25 0 0 0 0 555 13355.5 0
7339.05 0 0 0 0 674 12817 0
7665.65 0 0 0 0 571 12357 0
7996.85 0 0 0 0 582 11826.6 0
8309.05 0 0 0 0 628 11171.1 0
8687.25 0 0 0 0 635 10775.3 0
8873.3 0 0 0 0 617 9809.1 0
9112.05 0 0 0 0 575 9136.15 0
9323.9 0 0 0 0 604 8429.25 0
9550.9 0 0 0 0 635 7783.9 0
9680.2 0 0 0 0 567 7100.2 0
9822 0 0 0 0 576 6461.55 0
10006.6 0 0 0 0 626 5931.45 0
10176.5 0 0 0 0 655 5390.7 0
10308.5 0 0 0 0 600 4927.85 0
10407.2 0 0 0 0 544 4498.05 0
10486.9 0 0 0 0 564 4092.6 0
10558.6 0 0 0 0 583 3710.2 0
10619 0 0 0 0 541 3400.8 0
10714.3 0 0 0 0 578 3143.5 0
10829.9 0 0 0 0 567 2928.25 0
10861.9 0 0 0 0 594 2669.1 0
10874.7 0 0 0 0 504 2471.6 0
10927.9 0 0 0 0 598 2288.75 0
10963.1 0 0 0 0 612 2114 0
11022 0 0 0 0 653 1959.3 0
11090.2 0 0 0 0 625 1805.15 0
11194.9 0 0 0 0 666 1685.15 0
11264.8 0 0 0 0 638 1568.6 0
11293.4 0 0 0 0 614 1462.2 0
11305.5 0 0 0 0 553 1369.35 0
11302.9 0 0 0 0 578 1285.1 0
11268.1 0 0 0 0 598 1198.45 0
11238.6 0 0 0 0 614 1119.55 0
11218.1 0 0 0 0 554 1053.15 0
11238.7 0 0 0 0 611 990.65 0
11208.5 0 0 0 0 550 931.7 0
11178.5 0 0 0 0 541 875.25 0
11119.9 0 0 0 0 515 821.75 0
11054.4 0 0 0 0 483 774.15 0
10999.6 0 0 0 0 508 732.75 0
10931 0 0 0 0 530 689.9 0
10937 0 0 0 0 499 659.4 0
10866 0 0 0 0 508 629.65 0
10830 0 0 0 0 555 597.95 0
10753.1 0 0 0 0 554 564.5 0
10673.2 0 0 0 0 534 539 0
10597.3 0 0 0 0 572 511.9 0
10555.4 0 0 0 0 580 489.85 0
10572.8 0 0 0 0 611 469.75 0
10616.5 0 0 0 0 583 455.95 0
10635.6 0 0 0 0 599 441.55 0
10661.6 0 0 0 0 600 427 0
10654.6 0 0 0 0 611 410.8 0
10692 0 0 0 0 614 398.15 0
10678.8 0 0 0 0 628 385.95 0
10680.9 0 0 0 0 584 375.4 0
10699.2 0 0 0 0 631 368.45 0
10733.1 0 0 0 0 553 360.45 0
10818 0 0 0 0 617 354.65 0
10890 0 0 0 0 622 347.65 0
10964 0 0 0 0 627 338.7 0
10975.9 0 0 0 0 511 331.15 0
11029 0 0 0 0 564 324.7 0
11057.5 0 0 0 0 544 317.05 0
11110.4 0 0 0 0 582 312.15 0
11192.3 0 0 0 0 590 305.8 0
11226.7 0 0 0 0 556 301.85 0
11246.8 0 0 0 0 564 295.4 0
11201.5 0 0 0 0 575 290.75 0
11181.2 0 0 0 0 571 284.15 0
11173 0 0 0 0 586 279 0
11175.1 0 0 0 0 609 273.65 0
11212.7 0 0 0 0 642 268.95 0
11238 0 0 0 0 610 264.65 0
11261 0 0 0 0 583 260.15 0
11325.2 0 0 0 0 621 256.65 0
11311.9 0 0 0 0 581 250.4 0
11364 0 0 0 0 587 248.15 0
11380.5 0 0 0 0 611 244.7 0
11358.7 0 0 0 0 583 238.95 0
11342 0 0 0 0 655 234.35 0
11375.3 0 0 0 0 591 233.65 0
11404.2 0 0 0 0 617 229.65 0
11419.5 0 0 0 0 597 227.9 0
11419.3 0 0 0 0 604 225.9 0
11376.9 0 0 0 0 559 223.3 0
11375.5 0 0 0 0 587 218.15 0
11391.8 0 0 0 0 600 215.8 0
11417.9 0 0 0 0 589 212.4 0
11447.8 0 0 0 0 561 209.85 0
11493.5 0 0 0 0 591 205.05 0
11477.3 0 0 0 0 566 201.25 0
11471.9 0 0 0 0 629 198.5 0
11420.5 0 0 0 0 559 198.6 0
11420.7 0 0 0 0 616 196.15 0
11403.8 0 0 0 0 634 192.25 0
11463.5 0 0 0 0 642 189.8 0
11483.5 0 0 0 0 637 188.1 0
11461 0 0 0 0 605 183.35 0
11513.2 0 0 0 0 662 181.05 0
11514.7 0 0 0 0 621 180.05 0
11515.7 0 0 0 0 591 175.75 0
11497.5 0 0 0 0 593 173 0
11500.6 0 0 0 0 634 169.85 0
11508.1 0 0 0 0 644 166.9 0
11504.6 0 0 0 0 568 165.85 0
11509.9 0 0 0 0 583 164.2 0
11512.4 0 0 0 0 603 161.05 0
11545.9 0 0 0 0 595 158.05 0
11559.4 0 0 0 0 594 157.35 0
11504.5 0 0 0 0 554 155.15 0
11483.6 0 0 0 0 548 152.85 0
11433.9 0 0 0 0 549 149.4 0
11448.6 0 0 0 0 538 144.9 0
11450.8 0 0 0 0 562 143 0
11433.2 0 0 0 0 597 142.6 0
11400.6 0 0 0 0 600 140.55 0
11368 0 0 0 0 568 138.15 0
11365.1 0 0 0 0 597 136.6 0
11336.4 0 0 0 0 603 136 0
11304.8 0 0 0 0 620 132.25 0
11270.5 0 0 0 0 531 130.25 0
11207 0 0 0 0 485 127.65 0
11134.6 0 0 0 0 515 126.65 0
11095.3 0 0 0 0 575 124.55 0
11086.3 0 0 0 0 559 123.05 0
11037.4 0 0 0 0 551 123.5 0
10964 0 0 0 0 553 121.1 0
10893.4 0 0 0 0 589 120.15 0
10827.9 0 0 0 0 535 116.2 0
10807 0 0 0 0 545 115.5 0
10787.9 0 0 0 0 531 113.6 0
10786.9 0 0 0 0 565 112.75 0
10755.5 0 0 0 0 529 113.75 0
10686.6 0 0 0 0 525 111.95 0
10655.2 0 0 0 0 545 109.8 0
10584.8 0 0 0 0 549 109.1 0
10574.5 0 0 0 0 545 108.4 0
10517.2 0 0 0 0 503 107.2 0
10440.9 0 0 0 0 500 105.1 0
10433.2 0 0 0 0 564 105.15 0
10415 0 0 0 0 515 105.25 0
10427.5 0 0 0 0 528 105.95 0
10471.2 0 0 0 0 572 104.75 0
10469.7 0 0 0 0 569 104.8 0
10458.7 0 0 0 0 546 104.15 0
10436.1 0 0 0 0 530 100.8 0
10446.5 0 0 0 0 535 99.65 0
10436.8 0 0 0 0 540 100.15 0
10415.8 0 0 0 0 509 99.95 0
10435.6 0 0 0 0 559 98.1 0
10408 0 0 0 0 518 97.85 0
10419.1 0 0 0 0 616 97.75 0
10403.9 0 0 0 0 540 94.25 0
10393.9 0 0 0 0 529 93.05 0
10371.4 0 0 0 0 538 90.75 0
10405.8 0 0 0 0 565 89.6 0
10413.9 0 0 0 0 547 88.85 0
10409.2 0 0 0 0 522 87.65 0
10442.4 0 0 0 0 528 87.1 0
10420.3 0 0 0 0 548 85.4 0
10449.8 0 0 0 0 524 84.65 0
10458.4 0 0 0 0 514 84.15 0
10430.6 0 0 0 0 511 82.25 0
10425.6 0 0 0 0 527 80.9 0
10401.6 0 0 0 0 504 79.45 0
10392.7 0 0 0 0 516 79.2 0
10365.3 0 0 0 0 525 77.7 0
10377.4 0 0 0 0 572 75.9 0
10380 0 0 0 0 518 74.95 0
10343 0 0 0 0 521 74.75 0
10305 0 0 0 0 476 73.5 0
10137 0 0 0 0 971 71.05 0
10020.6 0 0 0 0 504 69.5 0
10074.2 0 0 0 0 673 70.2 0
10159.4 0 0 0 0 622 71.55 0
10199.4 0 0 0 0 614 70.35 0
10211 0 0 0 0 600 68.45 0
10271.9 0 0 0 0 633 68.6 0
10223.5 0 0 0 0 527 67.55 0
10296.5 0 0 0 0 630 67.65 0
10284.3 0 0 0 0 542 66.25 0
10298.2 0 0 0 0 554 65.4 0
10319.2 0 0 0 0 526 65.2 0
10310.1 0 0 0 0 560 63.85 0
10342.5 0 0 0 0 524 63.3 0
10326.6 0 0 0 0 496 62.3 0
10341 0 0 0 0 496 62.6 0
10335.1 0 0 0 0 519 61.25 0
10354.8 0 0 0 0 505 61.35 0
10367.5 0 0 0 0 542 60.55 0
10384.6 0 0 0 0 498 60.45 0
10493.6 0 0 0 0 530 60.25 0
10601.9 0 0 0 0 509 61.3 0
10575 0 0 0 0 539 59.7 0
10395.7 0 0 0 0 574 56.95 0
10297.9 0 0 0 0 553 56.45 0
10085.2 0 0 0 0 455 55.2 0
10052.5 0 0 0 0 558 53.9 0
9978.05 0 0 0 0 528 52.1 0
9881.8 0 0 0 0 603 50.6 0
9804.65 0 0 0 0 513 49.85 0
9807.8 0 0 0 0 552 49.15 0
9702.1 0 0 0 0 483 48.25 0
9699.9 0 0 0 0 550 48.25 0
9678.45 0 0 0 0 531 47.8 0
9700.7 0 0 0 0 523 46.5 0
9708.4 0 0 0 0 547 46.1 0
9702.6 0 0 0 0 591 45.2 0
9714.15 0 0 0 0 555 44.4 0
9716.25 0 0 0 0 524 44.45 0
9782 0 0 0 0 523 44.2 0
9829.1 0 0 0 0 558 44.5 0
9829.65 0 0 0 0 509 43.4 0
9819.85 0 0 0 0 505 42.85 0
9899.7 0 0 0 0 510 43.9 0
9769.75 0 0 0 0 418 42.8 0
9902.5 0 0 0 0 484 43.6 0
9811.15 0 0 0 0 449 42.6 0
9898.45 0 0 0 0 504 43.9 0
9935.95 0 0 0 0 546 43.8 0
10010.4 0 0 0 0 533 43.75 0
9991.7 0 0 0 0 518 42.8 0
10083.3 0 0 0 0 544 42.6 0
10087.9 0 0 0 0 551 42.1 0
10058.4 0 0 0 0 504 41.1 0
10043.3 0 0 0 0 505 41.1 0
9947.65 0 0 0 0 467 40.7 0
9909.4 0 0 0 0 563 40.6 0
9898.5 0 0 0 0 536 40.2 0
9884.3 0 0 0 0 514 39.5 0
9777.45 0 0 0 0 486 38.8 0
9795.95 0 0 0 0 589 39 0
9834.55 0 0 0 0 568 38.7 0
9766.4 0 0 0 0 605 38.35 0
9798.2 0 0 0 0 270 37.85 0
9981.85 0 0 0 0 65 37.8 0
9920.35 0 0 0 0 581 36.85 0
9882.15 0 0 0 0 425 36.6 0
9949.45 0 0 0 0 569 35.25 0
9977.3 0 0 0 0 562 35.5 0
10008.5 0 0 0 0 541 35.45 0
9988.15 0 0 0 0 471 35.55 0
9930.2 0 0 0 0 496 35.2 0
9928 0 0 0 0 523 34.5 0
9900.15 0 0 0 0 475 34.5 0
9948.35 0 0 0 0 574 34.7 0
10028 0 0 0 0 530 33.75 0
10079.1 0 0 0 0 558 33.55 0
9965.3 0 0 0 0 457 33.35 0
9948.85 0 0 0 0 520 33.2 0
9923.25 0 0 0 0 470 33.05 0
9820.85 0 0 0 0 491 31.5 0
9724.85 0 0 0 0 540 30.85 0
9782.05 0 0 0 0 528 30.3 0
9660.55 0 0 0 0 633 29.8 0
9586.45 0 0 0 0 516 29.85 0
9681.7 0 0 0 0 533 29.95 0
9778.8 0 0 0 0 513 30.1 0
9726.5 0 0 0 0 535 30.25 0
9685.85 0 0 0 0 554 30.25 0
9656.95 0 0 0 0 547 29.7 0
9666.8 0 0 0 0 526 29.1 0
9722.85 0 0 0 0 543 28.7 0
9727.45 0 0 0 0 536 28.9 0
9755.5 0 0 0 0 494 28.9 0
9749.8 0 0 0 0 531 28.95 0
9724.1 0 0 0 0 514 29.45 0
9659.15 0 0 0 0 603 29.4 0
9641.7 0 0 0 0 428 28.65 0
9578.3 0 0 0 0 452 28.05 0
9693.45 0 0 0 0 501 28.35 0
9719.6 0 0 0 0 631 28.7 0
9790.3 0 0 0 0 530 28.9 0
9791.4 0 0 0 0 519 28.8 0
9901.2 0 0 0 0 524 28.8 0
9956.95 0 0 0 0 532 27.95 0
9939.1 0 0 0 0 526 27.65 0
9938.8 0 0 0 0 515 26.9 0
9846 0 0 0 0 500 26.25 0
9869 0 0 0 0 562 25.15 0
9825.05 0 0 0 0 652 24.8 0
9811.9 0 0 0 0 514 24.6 0
9813.4 0 0 0 0 547 24.45 0
9616 0 0 0 0 490 23.5 0
9652.65 0 0 0 0 545 23.35 0
9567.55 0 0 0 0 650 23 0
9523.65 0 0 0 0 595 22.55 0
9588.8 0 0 0 0 545 22.75 0
9725.45 0 0 0 0 544 23.2 0
9822.6 0 0 0 0 543 23.2 0
9851.95 0 0 0 0 577 22.6 0
9873 0 0 0 0 522 22.25 0
9875.4 0 0 0 0 498 22.15 0
9941.1 0 0 0 0 600 22.5 0
9876.35 0 0 0 0 828 22.15 0
9894.65 0 0 0 0 519 22.1 0
9878.75 0 0 0 0 485 21.35 0
9882 0 0 0 0 491 21.4 0
10072 0 0 0 0 592 21.55 0
10101.8 0 0 0 0 608 21.85 0
10135.6 0 0 0 0 559 21.75 0
10163.6 0 0 0 0 586 21.8 0
10135.5 0 0 0 0 514 21.45 0
10327.1 0 0 0 0 540 21.45 0
10206.5 0 0 0 0 464 20.5 0
10266.5 0 0 0 0 529 20.35 0
10333.4 0 0 0 0 528 20.4 0
10209.6 0 0 0 0 752 19.3 0
10224.5 0 0 0 0 558 18.9 0
10156.7 0 0 0 0 462 18.55 0
10131 0 0 0 0 550 18.65 0
10187.9 0 0 0 0 585 18.25 0
10180.9 0 0 0 0 534 18.1 0
10092.2 0 0 0 0 514 17.35 0
10158.1 0 0 0 0 545 17.1 0
10115.8 0 0 0 0 717 17.35 0
10166.4 0 0 0 0 591 17.95 0
10166.3 0 0 0 0 565 17.8 0
10154.6 0 0 0 0 578 17.35 0
9997.4 0 0 0 0 469 17.55 0
9964.3 0 0 0 0 540 17.1 0
9847.5 0 0 0 0 450 16.6 0
9792.8 0 0 0 0 457 16.4 0
9774.9 0 0 0 0 502 16.2 0
9874.6 0 0 0 0 494 17 0
9850.45 0 0 0 0 479 16.1 0
9849.45 0 0 0 0 596 15.75 0
9877.9 0 0 0 0 455 16.2 0
9754.35 0 0 0 0 465 15.95 0
9802.35 0 0 0 0 524 15.6 0
9702 0 0 0 0 703 15.05 0
9635.35 0 0 0 0 529 15.1 0
9603.35 0 0 0 0 484 14.65 0
9615.25 0 0 0 0 510 14.8 0
9619.5 0 0 0 0 543 14.95 0
9625.65 0 0 0 0 510 14.75 0
9491.2 0 0 0 0 499 14 0
9487.95 0 0 0 0 673 14.3 0
9291.45 0 0 0 0 435 14.85 0
9278.1 0 0 0 0 473 14 0
9309.15 0 0 0 0 518 13.95 0
9321.35 0 0 0 0 423 13.45 0
9421.8 0 0 0 0 561 13.45 0
9411.45 0 0 0 0 532 13.45 0
9400.85 0 0 0 0 519 12.7 0
9416.9 0 0 0 0 526 13.05 0
9442.35 0 0 0 0 537 13.4 0
9490.9 0 0 0 0 506 13.55 0
9592.2 0 0 0 0 511 13.2 0
9568.95 0 0 0 0 496 13.25 0
9684.1 0 0 0 0 526 12.95 0
9586.95 0 0 0 0 403 13.1 0
9631.7 0 0 0 0 508 13.15 0
9657.95 0 0 0 0 542 12.75 0
9665.85 0 0 0 0 538 12.25 0
9670.15 0 0 0 0 555 12.35 0
9778.15 0 0 0 0 526 12.8 0
9817.35 0 0 0 0 544 13 0
9820.25 0 0 0 0 540 12.3 0
9826.5 0 0 0 0 448 12 0
9736.55 0 0 0 0 455 11.9 0
9910.35 0 0 0 0 600 12.3 0
9835.6 0 0 0 0 515 12.5 0
9895.1 0 0 0 0 662 12.75 0
9863.25 0 0 0 0 493 13.05 0
9918 0 0 0 0 572 13.15 0
9842.1 0 0 0 0 645 12.6 0
9769.8 0 0 0 0 532 12.25 0
9855.45 0 0 0 0 647 12.85 0
9973.3 0 0 0 0 639 12.65 0
10002.2 0 0 0 0 606 12.9 0
10169 0 0 0 0 601 12.65 0
10235.6 0 0 0 0 594 12.55 0
10239.1 0 0 0 0 554 12.1 0
10304.2 0 0 0 0 593 12.45 0
10282.9 0 0 0 0 496 12.05 0
10310.3 0 0 0 0 581 11.65 0
10327 0 0 0 0 538 11.4 0
10368.1 0 0 0 0 526 11.55 0
10439.5 0 0 0 0 503 11.85 0
10586.9 0 0 0 0 712 12.1 0
10543.8 0 0 0 0 558 11.75 0
10475.4 0 0 0 0 461 11.4 0
10420 0 0 0 0 698 11.05 0
10457.2 0 0 0 0 581 10.7 0
10307 0 0 0 0 704 10.15 0
10314 0 0 0 0 647 10.1 0
10321 0 0 0 0 713 9.85 0
10226 0 0 0 0 527 9.5 0
10068.5 0 0 0 0 639 9.6 0
10063 0 0 0 0 601 9.1 0
9947.5 0 0 0 0 723 8.85 0
9934.8 0 0 0 0 595 8.7 0
9845.95 0 0 0 0 532 9.05 0
9783.5 0 0 0 0 555 8.85 0
9845.9 0 0 0 0 573 8.65 0
9803.85 0 0 0 0 506 8.35 0
9817.35 0 0 0 0 584 8.35 0
9832.8 0 0 0 0 495 8.25 0
9860.1 0 0 0 0 545 7.9 0
9833.15 0 0 0 0 531 7.65 0
9849.15 0 0 0 0 715 7.8 0
9992.2 0 0 0 0 531 7.8 0
9999.95 0 0 0 0 493 7.9 0
10001.1 0 0 0 0 472 8.15 0
10102.1 0 0 0 0 519 7.9 0
10160 0 0 0 0 517 7.8 0
10208.8 0 0 0 0 513 7.5 0
10132.5 0 0 0 0 485 7.3 0
10162.5 0 0 0 0 648 7.75 0
10022.9 0 0 0 0 541 7.85 0
9996.95 0 0 0 0 644 7.85 0
9911.35 0 0 0 0 586 7.85 0
9805.9 0 0 0 0 658 7.6 0
9818.4 0 0 0 0 564 7.25 0
9751.4 0 0 0 0 494 7.15 0
9752.95 0 0 0 0 514 7.3 0
9694.35 0 0 0 0 533 7.05 0
9755.25 0 0 0 0 538 7 0
9746.95 0 0 0 0 516 7.15 0
9613.25 0 0 0 0 476 7.1 0
9594 0 0 0 0 561 7.05 0
9517.55 0 0 0 0 606 7.05 0
9428.25 0 0 0 0 493 6.55 0
9476.2 0 0 0 0 608 6.45 0
9502.05 0 0 0 0 556 6.65 0
9475.8 0 0 0 0 540 6.3 0
9491.65 0 0 0 0 497 6.45 0
9588.3 0 0 0 0 533 6.5 0
9646.4 0 0 0 0 515 6 0
9731.55 0 0 0 0 514 5.9 0
9802.95 0 0 0 0 489 6.05 0
9703.35 0 0 0 0 398 6.1 0
9880.9 0 0 0 0 506 5.95 0
9839.8 0 0 0 0 543 5.85 0
9820.65 0 0 0 0 634 5.85 0
9815.45 0 0 0 0 496 6.1 0
9823.7 0 0 0 0 524 6 0
9828.7 0 0 0 0 556 6.25 0
9849.25 0 0 0 0 546 6 0
9873.55 0 0 0 0 429 6.05 0
9816 0 0 0 0 530 5.9 0
9862.75 0 0 0 0 531 5.95 0
9904.8 0 0 0 0 612 6.2 0
9866.15 0 0 0 0 522 5.9 0
9826.35 0 0 0 0 494 5.75 0
9864.9 0 0 0 0 544 6.05 0
9896.15 0 0 0 0 556 6.05 0
9883.7 0 0 0 0 550 6.35 0
9895.95 0 0 0 0 557 6.4 0
9923.65 0 0 0 0 569 6.4 0
9963.15 0 0 0 0 555 6.2 0
10026.5 0 0 0 0 491 6.05 0
9982.7 0 0 0 0 567 6.1 0
9981.3 0 0 0 0 501 6.2 0
10047.1 0 0 0 0 523 6.35 0
10086.4 0 0 0 0 539 5.95 0
10097.4 0 0 0 0 539 6 0
10088.6 0 0 0 0 512 5.6 0
10105.2 0 0 0 0 531 5.7 0
10256.6 0 0 0 0 567 5.8 0
10403.5 0 0 0 0 604 5.75 0
10478.3 0 0 0 0 626 5.75 0
10563.4 0 0 0 0 577 5.9 0
10631.9 0 0 0 0 596 5.95 0
10662 0 0 0 0 578 6.05 0
10553.8 0 0 0 0 494 5.9 0
10583.5 0 0 0 0 670 5.85 0
10579.1 0 0 0 0 551 5.3 0
10585.5 0 0 0 0 608 5.3 0
10640 0 0 0 0 612 5.25 0
10671.5 0 0 0 0 590 5.2 0
10803.4 0 0 0 0 614 5.05 0
10876.4 0 0 0 0 613 5.05 0
10946.3 0 0 0 0 603 4.8 0
10991.2 0 0 0 0 613 4.9 0
10848.9 0 0 0 0 510 4.75 0
10902.2 0 0 0 0 632 4.7 0
10920.7 0 0 0 0 643 4.6 0
10917.7 0 0 0 0 588 4.7 0
10790.8 0 0 0 0 486 4.4 0
10756.7 0 0 0 0 585 4.2 0
10701.3 0 0 0 0 626 4.25 0
10558.6 0 0 0 0 421 4.05 0
10601.8 0 0 0 0 604 4.05 0
10657.6 0 0 0 0 619 4 0
10813.9 0 0 0 0 557 4 0
10804.9 0 0 0 0 561 3.9 0
10795.7 0 0 0 0 568 4.1 0
10759.2 0 0 0 0 624 3.95 0
10582.4 0 0 0 0 455 3.85 0
10510.8 0 0 0 0 531 3.85 0
10404 0 0 0 0 543 3.95 0
10466.1 0 0 0 0 649 4.25 0
10247 0 0 0 0 391 4.35 0
10225 0 0 0 0 582 3.9 0
10388.2 0 0 0 0 576 4.05 0
10305.8 0 0 0 0 598 3.75 0
10253.8 0 0 0 0 612 4.05 0
10240.3 0 0 0 0 568 4 0
10306.8 0 0 0 0 575 4.2 0
10205.6 0 0 0 0 558 4.3 0
10109.2 0 0 0 0 468 4.1 0
10148 0 0 0 0 470 4.15 0
9981.65 0 0 0 0 541 4 0
9964.4 0 0 0 0 558 4.15 0
9946.55 0 0 0 0 586 4.05 0
9961.35 0 0 0 0 545 3.95 0
9999.55 0 0 0 0 555 3.8 0
9981.3 0 0 0 0 520 3.9 0
10098.5 0 0 0 0 576 3.95 0
10141.4 0 0 0 0 526 3.8 0
10211.7 0 0 0 0 565 3.6 0
10188.8 0 0 0 0 623 3.2 0
10285.9 0 0 0 0 502 3.25 0
10250.5 0 0 0 0 554 3.4 0
10254.2 0 0 0 0 581 3.45 0
10220 0 0 0 0 498 3.35 0
10230.3 0 0 0 0 523 3.1 0
10249.9 0 0 0 0 565 2.9 0
10341.8 0 0 0 0 625 2.7 0
10401.7 0 0 0 0 643 2.7 0
10290.1 0 0 0 0 464 2.5 0
10395.3 0 0 0 0 583 2.35 0
10507.6 0 0 0 0 584 2.3 0
10484 0 0 0 0 632 2.25 0
10438 0 0 0 0 581 2.2 0
10422.2 0 0 0 0 594 2.15 0
10426.9 0 0 0 0 623 2.2 0
10542.2 0 0 0 0 644 2.15 0
10499.1 0 0 0 0 549 2.05 0
10527.4 0 0 0 0 567 2 0
10464.8 0 0 0 0 585 2 0
10507.5 0 0 0 0 608 2.1 0
10630 0 0 0 0 555 2 0
10660.6 0 0 0 0 591 1.9 0
10634.5 0 0 0 0 535 1.8 0
10657.7 0 0 0 0 529 1.8 0
10688.8 0 0 0 0 551 1.75 0
10692.5 0 0 0 0 564 1.75 0
10561.9 0 0 0 0 492 1.95 0
10495.7 0 0 0 0 593 2.05 0
10746.4 0 0 0 0 631 2.15 0
10680.6 0 0 0 0 540 2.1 0
10562.8 0 0 0 0 530 2.15 0
10621.5 0 0 0 0 608 1.85 0
10713 0 0 0 0 640 1.85 0
10747 0 0 0 0 596 2.05 0
10768.8 0 0 0 0 575 1.85 0
10754.2 0 0 0 0 618 1.75 0
10844.1 0 0 0 0 607 1.95 0
10834.2 0 0 0 0 597 2 0
10960.2 0 0 0 0 657 2.1 0
10945.5 0 0 0 0 647 2 0
10960.9 0 0 0 0 615 2 0
10974 0 0 0 0 566 2.1 0
11023.8 0 0 0 0 592 2.05 0
11138.7 0 0 0 0 578 2.25 0
11135.2 0 0 0 0 556 2.2 0
11187.9 0 0 0 0 611 2.2 0
11311.5 0 0 0 0 585 2.25 0
11394.5 0 0 0 0 540 2.1 0
11345.1 0 0 0 0 510 2.1 0
11372.1 0 0 0 0 513 2.1 0
11495.9 0 0 0 0 590 2 0
11480.8 0 0 0 0 604 2.1 0
11277.3 0 0 0 0 445 2.1 0
11203 0 0 0 0 617 1.85 0
11105.2 0 0 0 0 506 1.9 0
11059.7 0 0 0 0 556 1.75 0
11003.2 0 0 0 0 526 1.65 0
10858 0 0 0 0 490 1.65 0
10838.5 0 0 0 0 631 1.6 0
10798 0 0 0 0 592 1.65 0
10757 0 0 0 0 581 1.7 0
10761.2 0 0 0 0 599 1.6 0
10625.3 0 0 0 0 535 1.65 0
10628.9 0 0 0 0 646 1.55 0
10713.5 0 0 0 0 642 1.7 0
10732.8 0 0 0 0 630 1.7 0
10749.4 0 0 0 0 643 1.55 0
10803.5 0 0 0 0 604 1.65 0
10870.1 0 0 0 0 597 1.55 0
10940 0 0 0 0 608 1.6 0
10947.8 0 0 0 0 561 1.75 0
10951.6 0 0 0 0 569 1.7 0
10853.9 0 0 0 0 308 1.7 0
10960.1 0 0 0 0 594 1.8 0
11094 0 0 0 0 611 1.85 0
11127.9 0 0 0 0 602 1.85 0
11162 0 0 0 0 606 1.8 0
11321 0 0 0 0 603 1.75 0
11326.9 0 0 0 0 630 1.75 0
11355.2 0 0 0 0 623 1.65 0
11247.5 0 0 0 0 476 1.55 0
11194.6 0 0 0 0 573 1.45 0
11381.3 0 0 0 0 659 1.5 0
11209.5 0 0 0 0 504 1.4 0
11123.8 0 0 0 0 593 1.4 0
11017.2 0 0 0 0 557 1.4 0
10837.6 0 0 0 0 456 1.25 0
10815.4 0 0 0 0 628 1.2 0
10808 0 0 0 0 659 1.25 0
10818 0 0 0 0 630 1.15 0
10699.9 0 0 0 0 559 1 0
10746.3 0 0 0 0 606 1.15 0
11056.3 0 0 0 0 642 1.1 0
10950 0 0 0 0 516 1 0
10975.2 0 0 0 0 607 0.9 0
11013.6 0 0 0 0 595 1 0
11055.7 0 0 0 0 606 1.05 0
11075.5 0 0 0 0 586 1.1 0
10954.8 0 0 0 0 530 1.05 0
10929.6 0 0 0 0 583 1.05 0
10947.4 0 0 0 0 470 1.1 0
10993.6 0 0 0 0 599 1.3 0
10821.5 0 0 0 0 483 1.25 0
10927 0 0 0 0 566 1.25 0
10818 0 0 0 0 454 1.15 0
10729.9 0 0 0 0 447 1.1 0
10698.4 0 0 0 0 458 1.15 0
10564 0 0 0 0 499 1.05 0
10433.1 0 0 0 0 483 1 0
10309.5 0 0 0 0 538 1.05 0
10376 0 0 0 0 543 1.05 0
10170.9 0 0 0 0 456 0.85 0
10032.3 0 0 0 0 537 0.85 0
10057.1 0 0 0 0 556 1 0
9964.75 0 0 0 0 565 1 0
9788.5 0 0 0 0 480 0.9 0
9609.15 0 0 0 0 494 0.85 0
9562.3 0 0 0 0 552 0.85 0
9566.45 0 0 0 0 475 0.85 0
9514.4 0 0 0 0 529 1 0
9417.25 0 0 0 0 365 1.05 0
9333.4 0 0 0 0 476 0.85 0
9336.5 0 0 0 0 532 0.7 0
9316.2 0 0 0 0 512 0.75 0
9388.8 0 0 0 0 521 0.7 0
9467.25 0 0 0 0 622 0.7 0
9600.75 0 0 0 0 562 0.75 0
9598 0 0 0 0 490 0.8 0
9632.75 0 0 0 0 616 0.8 0
9588.4 0 0 0 0 527 0.75 0
9589.05 0 0 0 0 535 0.8 0
9676.05 0 0 0 0 514 0.8 0
9602.35 0 0 0 0 424 0.8 0
9588.1 0 0 0 0 543 0.65 0
9594.2 0 0 0 0 573 0.65 0
9578.6 0 0 0 0 462 0.7 0
9637.05 0 0 0 0 508 0.65 0
9545.75 0 0 0 0 545 0.55 0
9476.5 0 0 0 0 583 0.55 0
9483.75 0 0 0 0 550 0.4 0
9587.55 0 0 0 0 483 0.3 0
9641.65 0 0 0 0 547 0.3 0
9699.75 0 0 0 0 545 0.3 0
9634.6 0 0 0 0 492 0.4 0
9654.5 0 0 0 0 532 0.45 0
9629.05 0 0 0 0 472 0.5 0
9592.7 0 0 0 0 577 0.45 0
9699.1 0 0 0 0 539 0.4 0
9607.75 0 0 0 0 428 0.4 0
9700.15 0 0 0 0 504 0.45 0
9596.45 0 0 0 0 502 0.4 0
9557.55 0 0 0 0 526 0.5 0
9568.4 0 0 0 0 450 0.5 0
9433.95 0 0 0 0 423 0.55 0
9489.55 0 0 0 0 643 0.65 0
9498.75 0 0 0 0 499 0.65 0
9523.8 0 0 0 0 516 0.7 0
9509.8 0 0 0 0 541 0.7 0
9613.5 0 0 0 0 537 0.8 0
9592.35 0 0 0 0 523 0.8 0
9609.65 0 0 0 0 531 0.8 0
9554 0 0 0 0 574 0.8 0
9445.95 0 0 0 0 456 0.8 0
9526.6 0 0 0 0 551 0.65 0
9547.2 0 0 0 0 538 0.6 0
9582 0 0 0 0 527 0.55 0
9613.1 0 0 0 0 549 0.55 0
9527.8 0 0 0 0 499 0.55 0
9613.35 0 0 0 0 510 0.55 0
9460.8 0 0 0 0 428 0.5 0
9621.15 0 0 0 0 619 0.55 0
9606.6 0 0 0 0 524 0.45 0
9735.75 0 0 0 0 574 0.5 0
9775.6 0 0 0 0 519 0.45 0
9727.45 0 0 0 0 551 0.35 0
9691.15 0 0 0 0 454 0.3 0
9701.1 0 0 0 0 525 0.3 0
9779.5 0 0 0 0 516 0.35 0
9787.55 0 0 0 0 527 0.25 0
9792.5 0 0 0 0 506 0.3 0
9816.2 0 0 0 0 513 0.35 0
9839.4 0 0 0 0 492 0.45 0
9944.9 0 0 0 0 534 0.45 0
9809.75 0 0 0 0 434 0.5 0
9784.8 0 0 0 0 526 0.5 0
9765.7 0 0 0 0 513 0.5 0
9768.95 0 0 0 0 551 0.5 0
9852.8 0 0 0 0 587 0.5 0
9866.45 0 0 0 0 609 0.5 0
9960.45 0 0 0 0 528 0.6 0
9841.95 0 0 0 0 486 0.7 0
9824.1 0 0 0 0 537 0.7 0
9737.7 0 0 0 0 552 0.7 0
9776.45 0 0 0 0 492 0.7 0
9761.35 0 0 0 0 555 0.7 0
9878.9 0 0 0 0 524 0.7 0
9896.3 0 0 0 0 540 0.65 0
9870.45 0 0 0 0 514 0.6 0
9883.75 0 0 0 0 570 0.7 0
9871.45 0 0 0 0 527 0.65 0
9884.2 0 0 0 0 508 0.6 0
9904.1 0 0 0 0 547 0.5 0
9944.05 0 0 0 0 602 0.6 0
9973.15 0 0 0 0 434 0.55 0
9999.05 0 0 0 0 524 0.65 0
9988.85 0 0 0 0 500 0.85 0
9899.65 0 0 0 0 482 0.8 0
9925.1 0 0 0 0 625 0.8 0
9960 0 0 0 0 545 0.8 0
9912.8 0 0 0 0 436 0.75 0
9958.4 0 0 0 0 532 0.6 0
10022.5 0 0 0 0 518 0.6 0
10111.8 0 0 0 0 580 0.65 0
10202.5 0 0 0 0 564 0.65 0
10191 0 0 0 0 544 0.65 0
10127 0 0 0 0 469 0.65 0
9952.95 0 0 0 0 449 0.65 0
9970.05 0 0 0 0 536 0.65 0
9962.3 0 0 0 0 550 0.55 0
9942.6 0 0 0 0 512 0.55 0
9922.75 0 0 0 0 500 0.55 0
9921.2 0 0 0 0 527 0.65 0
9902.3 0 0 0 0 550 0.55 0
9992.05 0 0 0 0 538 0.55 0
9974.2 0 0 0 0 549 0.45 0
10015.5 0 0 0 0 572 0.25 0
10111 0 0 0 0 557 0.3 0
10037.3 0 0 0 0 536 0.3 0
10025.3 0 0 0 0 514 0.3 0
10147.8 0 0 0 0 544 0.25 0
10181.5 0 0 0 0 533 0.25 0
10156.3 0 0 0 0 464 0.25 0
10131.9 0 0 0 0 506 0.15 0
10087 0 0 0 0 502 0.15 0
10098.9 0 0 0 0 554 0.15 0
10171 0 0 0 0 539 0.15 0
10356 0 0 0 0 560 0.15 0
10390.2 0 0 0 0 568 0.15 0
10396.2 0 0 0 0 543 0.15 0
10453.9 0 0 0 0 541 0.15 0
10444 0 0 0 0 516 0.15 0
10460.2 0 0 0 0 569 0.05 0
10460.5 0 0 0 0 563 0.05 0
10473.8 0 0 0 0 557 0.05 0
10355.2 0 0 0 0 438 0.05 0
10310 0 0 0 0 554 0.05 0
10186.5 0 0 0 0 435 0 0
10140.7 0 0 0 0 498 0.05 0
10080.5 0 0 0 0 489 0.05 0
10056 0 0 0 0 532 0.15 0
10034.2 0 0 0 0 544 0.15 0
9928.95 0 0 0 0 487 0.15 0
9946.45 0 0 0 0 586 0.15 0
9925.9 0 0 0 0 495 0.25 0
9919.35 0 0 0 0 536 0.3 0
9861 0 0 0 0 512 0.3 0
9827.1 0 0 0 0 520 0.3 0
9726.2 0 0 0 0 486 0.3 0
9648.1 0 0 0 0 485 0.35 0
9569.1 0 0 0 0 479 0.4 0
9591.25 0 0 0 0 521 0.4 0
9532.85 0 0 0 0 506 0.4 0
9460.7 0 0 0 0 488 0.4 0
9436.65 0 0 0 0 515 0.4 0
9386.65 0 0 0 0 396 0.4 0
9368.85 0 0 0 0 496 0.4 0
9387.4 0 0 0 0 452 0.4 0
9329.05 0 0 0 0 434 0.45 0
9298.4 0 0 0 0 498 0.5 0
9303.9 0 0 0 0 531 0.4 0
9317.2 0 0 0 0 554 0.4 0
9388 0 0 0 0 533 0.4 0
9360.55 0 0 0 0 523 0.4 0
9300.4 0 0 0 0 482 0.3 0
9313.9 0 0 0 0 555 0.25 0
9356.35 0 0 0 0 552 0.25 0
9248.1 0 0 0 0 463 0.3 0
9312.25 0 0 0 0 547 0.3 0
9362.75 0 0 0 0 531 0.25 0
9304.25 0 0 0 0 458 0.2 0
9195.75 0 0 0 0 455 0.2 0
9266.8 0 0 0 0 547 0.2 0
9315.45 0 0 0 0 532 0.2 0
9332.65 0 0 0 0 525 0.2 0
9405.95 0 0 0 0 437 0.2 0
9352.9 0 0 0 0 426 0.2 0
9441.2 0 0 0 0 514 0.2 0
9586 0 0 0 0 551 0.1 0
9749.05 0 0 0 0 572 0.05 0
9754.75 0 0 0 0 509 0.05 0
9659.45 0 0 0 0 468 0.05 0
9579.55 0 0 0 0 399 0.05 0
9579.65 0 0 0 0 526 0.05 0
9687.35 0 0 0 0 568 0.05 0
9546.15 0 0 0 0 450 0.05 0
9555.75 0 0 0 0 522 0.05 0
9567.65 0 0 0 0 471 0.05 0
9598 0 0 0 0 555 0.05 0
9620.15 0 0 0 0 566 0.05 0
9748.75 0 0 0 0 75 0.05 0
9846.3 0 0 0 0 27 0.1 0
9836.6 0 0 0 0 27 0.1 0
9777.8 0 0 0 0 25 0.1 0
9752.65 0 0 0 0 28 0.1 0
9805.95 0 0 0 0 24 0.1 0
9857.3 0 0 0 0 24 0.1 0
9858.5 0 0 0 0 26 0.1 0
9834.4 0 0 0 0 26 0.1 0
9768.15 0 0 0 0 26 0.1 0
9786.8 0 0 0 0 25 0.1 0
9911.7 0 0 0 0 5 0.15 0
9917.95 0 0 0 0 153 0.15 0
9931.35 0 0 0 0 624 0.15 0
9931.95 0 0 0 0 550 0.15 0
10147.6 0 0 0 0 604 0.15 0
10168 0 0 0 0 556 0.15 0
10288.4 0 0 0 0 560 0.1 0
10307.1 0 0 0 0 600 0.1 0
10326.5 0 0 0 0 577 0.1 0
10321.5 0 0 0 0 535 0.1 0
10387.9 0 0 0 0 577 0.05 0
10340.2 0 0 0 0 523 0.05 0
10471 0 0 0 0 598 0.05 0
10506.1 0 0 0 0 554 0.05 0
10498.6 0 0 0 0 497 0.1 0
10517.8 0 0 0 0 618 0.15 0
10521.1 0 0 0 0 555 0.15 0
10396.6 0 0 0 0 457 0.15 0
10437.9 0 0 0 0 592 0.15 0
10502.2 0 0 0 0 638 0.15 0
10524.8 0 0 0 0 617 0.1 0
10646.7 0 0 0 0 584 0.1 0
10624.5 0 0 0 0 799 0.1 0
10620.9 0 0 0 0 679 0.1 0
10597.5 0 0 0 0 617 0.1 0
10481.1 0 0 0 0 447 0.1 0
10514 0 0 0 0 657 0.1 0
10457.2 0 0 0 0 505 0.1 0
10450.6 0 0 0 0 689 0.15 0
10530 0 0 0 0 581 0.15 0
10425.2 0 0 0 0 567 0.15 0
10426 0 0 0 0 491 0.15 0
10279.1 0 0 0 0 474 0.15 0
10282.1 0 0 0 0 645 0.15 0
10392.9 0 0 0 0 591 0.1 0
10513 0 0 0 0 635 0.05 0
10569 0 0 0 0 596 0.05 0
10622.2 0 0 0 0 490 0.05 0
10494.6 0 0 0 0 455 0.05 0
10355.2 0 0 0 0 515 0.05 0
10168 0 0 0 0 422 0.05 0
10214.9 0 0 0 0 572 0.05 0
10280.4 0 0 0 0 591 0.05 0
10238.8 0 0 0 0 532 0.1 0
10161.5 0 0 0 0 617 0.1 0
10159.8 0 0 0 0 490 0.1 0
10178.1 0 0 0 0 609 0.1 0
10263.1 0 0 0 0 614 0.1 0
10129.9 0 0 0 0 448 0.05 0
9980.8 0 0 0 0 549 0.05 0
10051 0 0 0 0 567 0.05 0
10011 0 0 0 0 510 0.05 0
10035.2 0 0 0 0 568 0.05 0
10086 0 0 0 0 571 0.05 0
10113.4 0 0 0 0 636 0.05 0
10112.5 0 0 0 0 591 0.05 0
10049.6 0 0 0 0 546 0.05 0
10135 0 0 0 0 543 0.05 0
10308.3 0 0 0 0 609 0.05 0
10428.9 0 0 0 0 577 0.05 0
10576.1 0 0 0 0 568 0.05 0
10630.2 0 0 0 0 624 0.1 0
10643.6 0 0 0 0 598 0.1 0
10540.4 0 0 0 0 427 0.05 0
10476 0 0 0 0 477 0.05 0
10502.3 0 0 0 0 500 0.05 0
10503.7 0 0 0 0 616 0.05 0
10527.5 0 0 0 0 629 0.05 0
10684.5 0 0 0 0 589 0.05 0
10770.8 0 0 0 0 600 0.05 0
10842.7 0 0 0 0 630 0.1 0
11006 0 0 0 0 634 0.1 0
11115.9 0 0 0 0 600 0.1 0
11119.9 0 0 0 0 633 0.1 0
11081 0 0 0 0 591 0.1 0
11079 0 0 0 0 603 0.1 0
11132.7 0 0 0 0 590 0.1 0
11162.5 0 0 0 0 554 0.1 0
11126.7 0 0 0 0 617 0.1 0
11129.1 0 0 0 0 567 0.1 0
11152.1 0 0 0 0 563 0.1 0
11147.6 0 0 0 0 570 0.05 0
11162.6 0 0 0 0 582 0.05 0
11350 0 0 0 0 580 0.05 0
11448.6 0 0 0 0 587 0.05 0
11546.1 0 0 0 0 568 0.05 0
11445.5 0 0 0 0 501 0.05 0
11422 0 0 0 0 614 0.05 0
11389.8 0 0 0 0 586 0.05 0
11353 0 0 0 0 615 0.05 0
11194.8 0 0 0 0 688 0 0
11157.2 0 0 0 0 613 0.05 0
11129.1 0 0 0 0 560 0.1 0
10971.7 0 0 0 0 547 0.1 0
10872.6 0 0 0 0 577 0.15 0
10747.3 0 0 0 0 485 0.15 0
10737.5 0 0 0 0 585 0.15 0
10774.4 0 0 0 0 642 0.15 0
10802.1 0 0 0 0 637 0.15 0
10783.5 0 0 0 0 606 0.15 0
10780.9 0 0 0 0 567 0.15 0
10690.7 0 0 0 0 653 0.15 0
10597.3 0 0 0 0 499 0.15 0
10530.3 0 0 0 0 522 0.15 0
10519.9 0 0 0 0 532 0.15 0
10418.1 0 0 0 0 520 0.15 0
10489.1 0 0 0 0 544 0.15 0
10426.1 0 0 0 0 533 0.15 0
10429.5 0 0 0 0 517 0.15 0
10511.3 0 0 0 0 626 0.15 0
10661.1 0 0 0 0 610 0.15 0
10575.6 0 0 0 0 500 0.1 0
10617.1 0 0 0 0 612 0.05 0
10750.3 0 0 0 0 594 0.05 0
10892 0 0 0 0 616 0 0
11021.9 0 0 0 0 614 0 0
10895.2 0 0 0 0 518 0 0
10841 0 0 0 0 598 0 0
10712.6 0 0 0 0 587 0 0
10663.2 0 0 0 0 595 0 0
10645.1 0 0 0 0 583 0 0
10725.1 0 0 0 0 597 0 0
10601.5 0 0 0 0 486 0 0
10574.3 0 0 0 0 534 0 0
10503.8 0 0 0 0 541 0 0
10520.9 0 0 0 0 489 0 0
10539.8 0 0 0 0 556 0 0
10567.5 0 0 0 0 613 0 0
10462.9 0 0 0 0 482 0 0
10440.6 0 0 0 0 550 0 0
10471.1 0 0 0 0 598 0 0
10557.6 0 0 0 0 549 0 0
10520.2 0 0 0 0 542 0 0
10497.1 0 0 0 0 555 0 0
10290.5 0 0 0 0 426 0 0
10183.5 0 0 0 0 521 0 0
10250.7 0 0 0 0 561 0 0
10264 0 0 0 0 595 0 0
10379.5 0 0 0 0 610 0 0
10304.8 0 0 0 0 596 0 0
10339 0 0 0 0 608 0 0
10364.8 0 0 0 0 624 0 0
10484.5 0 0 0 0 577 0 0
10547.9 0 0 0 0 593 0 0
10608.9 0 0 0 0 542 0 0
10649 0 0 0 0 507 0 0
10580.9 0 0 0 0 517 0 0
10461.5 0 0 0 0 446 0 0
10525 0 0 0 0 519 0 0
10434.1 0 0 0 0 512 0 0
10304.4 0 0 0 0 515 0 0
10197.8 0 0 0 0 473 0 0
10071.7 0 0 0 0 471 0 0
10011.2 0 0 0 0 535 0.05 0
10111 0 0 0 0 524 0.05 0
10102.8 0 0 0 0 536 0.05 0
10037.1 0 0 0 0 490 0.05 0
9925.5 0 0 0 0 498 0.05 0
9856.5 0 0 0 0 518 0.05 0
9905.3 0 0 0 0 533 0.05 0
9862.25 0 0 0 0 568 0.05 0
9706.45 0 0 0 0 529 0.05 0
9666.65 0 0 0 0 531 0.05 0
9592.95 0 0 0 0 503 0.05 0
9560.2 0 0 0 0 506 0.05 0
9513.15 0 0 0 0 519 0.05 0
9396.1 0 0 0 0 534 0.05 0
9535.3 0 0 0 0 596 0.05 0
9510.35 0 0 0 0 531 0.05 0
9555.05 0 0 0 0 540 0.05 0
9544.3 0 0 0 0 495 0.05 0
9606.5 0 0 0 0 541 0.05 0
9686.35 0 0 0 0 501 0.05 0
9714.55 0 0 0 0 534 0 0
9735.75 0 0 0 0 548 0 0
9754.9 0 0 0 0 521 0 0
9872.55 0 0 0 0 584 0 0
9901 0 0 0 0 517 0 0
9916.95 0 0 0 0 559 0 0
9921.8 0 0 0 0 512 0 0
9917.7 0 0 0 0 512 0 0
9993.7 0 0 0 0 534 0 0
10005.6 0 0 0 0 461 0 0
10045.9 0 0 0 0 505 0 0
10081.8 0 0 0 0 515 0 0
10062.7 0 0 0 0 449 0 0
10222.9 0 0 0 0 532 0 0
10172.1 0 0 0 0 533 0 0
10038.9 0 0 0 0 398 0 0
9958.65 0 0 0 0 490 0 0
10035.7 0 0 0 0 589 0 0
10036.2 0 0 0 0 531 0 0
10044 0 0 0 0 544 0 0
9959.3 0 0 0 0 482 0 0
9880.2 0 0 0 0 469 0 0
9894.6 0 0 0 0 515 0 0
9873.9 0 0 0 0 551 0 0
9834.75 0 0 0 0 461 0 0
9839.9 0 0 0 0 555 0 0
9865.65 0 0 0 0 542 0 0
9809 0 0 0 0 496 0 0
9793.05 0 0 0 0 526 0 0
9849.8 0 0 0 0 557 0 0
9889.15 0 0 0 0 568 0 0
9857.35 0 0 0 0 515 0 0
9941.3 0 0 0 0 527 0 0
9925.55 0 0 0 0 513 0 0
9929.3 0 0 0 0 586 0 0
10161.9 0 0 0 0 551 0 0
10245.4 0 0 0 0 539 0 0
10192 0 0 0 0 510 0 0
10111.8 0 0 0 0 489 0 0
10088.2 0 0 0 0 468 0 0
10195.5 0 0 0 0 511 0 0
10261.3 0 0 0 0 496 0 0
10261.8 0 0 0 0 538 0 0
10212 0 0 0 0 508 0 0
10183.8 0 0 0 0 496 0 0
10152.3 0 0 0 0 525 0 0
9956.35 0 0 0 0 451 0 0
9908.15 0 0 0 0 550 0 0
9767.1 0 0 0 0 518 0 0
9782.7 0 0 0 0 551 0 0
9762.45 0 0 0 0 520 0 0
9737.4 0 0 0 0 514 0 0
9796.85 0 0 0 0 573 0 0
9863 0 0 0 0 625 0 0
9841.3 0 0 0 0 514 0 0
9770.85 0 0 0 0 524 0 0
9746.75 0 0 0 0 506 0 0
9777.05 0 0 0 0 564 0 0
9844.75 0 0 0 0 542 0 0
9862.8 0 0 0 0 545 0 0
9857.7 0 0 0 0 544 0 0
9864.35 0 0 0 0 531 0 0
9910.65 0 0 0 0 551 0 0
9971.2 0 0 0 0 537 0 0
10072.4 0 0 0 0 499 0 0
10127.9 0 0 0 0 549 0 0
10256.2 0 0 0 0 486 0 0
10351.9 0 0 0 0 535 0 0
10368.9 0 0 0 0 505 0 0
10352.1 0 0 0 0 558 0 0
10290.2 0 0 0 0 497 0 0
10243 0 0 0 0 454 0 0
10095.1 0 0 0 0 443 0 0
10067.8 0 0 0 0 590 0 0
10082 0 0 0 0 533 0 0
10026 0 0 0 0 468 0 0
10052.8 0 0 0 0 539 0 0
10028.8 0 0 0 0 532 0 0
10017.5 0 0 0 0 536 0 0
9983.6 0 0 0 0 500 0 0
9973.45 0 0 0 0 568 0 0
9994.7 0 0 0 0 549 0 0
9901.15 0 0 0 0 487 0 0
9807.05 0 0 0 0 496 0 0
9763.9 0 0 0 0 495 0 0
9788.55 0 0 0 0 625 0 0
9703.4 0 0 0 0 432 0 0
9682.5 0 0 0 0 522 0 0
9828.25 0 0 0 0 533 0 0
9822.9 0 0 0 0 540 0 0
9877.15 0 0 0 0 504 0 0
9971 0 0 0 0 498 0 0
10060.5 0 0 0 0 498 0 0
9932.55 0 0 0 0 465 0 0
9829.5 0 0 0 0 483 0 0
9816.2 0 0 0 0 445 0 0
9789.65 0 0 0 0 513 0 0
9813.3 0 0 0 0 553 0 0
9703.65 0 0 0 0 447 0 0
9749.5 0 0 0 0 534 0 0
9738.85 0 0 0 0 539 0 0
9722.65 0 0 0 0 534 0 0
9723.35 0 0 0 0 489 0 0
9705.15 0 0 0 0 508 0 0
9619.85 0 0 0 0 515 0 0
9457.25 0 0 0 0 479 0 0
9574.9 0 0 0 0 510 0 0
9590.05 0 0 0 0 534 0 0
9581 0 0 0 0 525 0 0
9593.5 0 0 0 0 618 0 0
9671.8 0 0 0 0 650 0 0
9669.25 0 0 0 0 546 0 0
9574.35 0 0 0 0 497 0 0
9714.5 0 0 0 0 620 0 0
9791.35 0 0 0 0 509 0 0
9866.4 0 0 0 0 508 0 0
9813.85 0 0 0 0 489 0 0
9753.05 0 0 0 0 500 0 0
9865.95 0 0 0 0 529 0 0
9868.45 0 0 0 0 511 0 0
9887.05 0 0 0 0 521 0 0
9908.9 0 0 0 0 525 0 0
9813.2 0 0 0 0 373 0 0
9861.7 0 0 0 0 494 0 0
9979.15 0 0 0 0 510 0 0
10050.6 0 0 0 0 551 0 0
9968.7 0 0 0 0 470 0 0
9938.45 0 0 0 0 513 0 0
9914.8 0 0 0 0 512 0 0
9885.05 0 0 0 0 526 0 0
9776.4 0 0 0 0 510 0 0
9772.35 0 0 0 0 541 0 0
9867.05 0 0 0 0 530 0 0
9804.35 0 0 0 0 526 0 0
9835.9 0 0 0 0 527 0 0
9817.2 0 0 0 0 509 0 0
9870.6 0 0 0 0 522 0 0
9931.3 0 0 0 0 572 0 0
9951.6 0 0 0 0 561 0 0
9948.2 0 0 0 0 541 0 0
9927.7 0 0 0 0 525 0 0
9847.25 0 0 0 0 525 0 0
9959.15 0 0 0 0 503 0 0
10021.9 0 0 0 0 589 0 0
10014 0 0 0 0 505 0 0
10001.9 0 0 0 0 565 0 0
10010.6 0 0 0 0 444 0 0
9937.8 0 0 0 0 430 0 0
9930.6 0 0 0 0 554 0 0
10017 0 0 0 0 567 0 0
9941.9 0 0 0 0 455 0 0
9956.7 0 0 0 0 541 0 0
9943.95 0 0 0 0 522 0 0
9948.75 0 0 0 0 556 0 0
9944.95 0 0 0 0 539 0 0
9934.45 0 0 0 0 504 0 0
9818.4 0 0 0 0 454 0 0
9798.8 0 0 0 0 622 0 0
9702.15 0 0 0 0 548 0 0
9679.9 0 0 0 0 507 0 0
9670.35 0 0 0 0 511 0 0
9631 0 0 0 0 484 0 0
9707.2 0 0 0 0 585 0 0
9768.1 0 0 0 0 628 0 0
9820.65 0 0 0 0 581 0 0
9892.15 0 0 0 0 587 0 0
10044.2 0 0 0 0 613 0 0
10100 0 0 0 0 505 0 0
9898.25 0 0 0 0 461 0 0
9899.6 0 0 0 0 586 0 0
9909.8 1 0 0 0 830 0 0
9577.8 0 0 0 9876.03 1757 0 5969.03
9695.5 0 0 0 9876.03 605 0 -2480.97
9754.15 0 0 0 9876.03 571 0 -1770.97
9785.1 0 0 0 9876.03 537 0 -1141.97
9901.55 0 0 0 9876.03 577 0 -2008.97
10110.6 0 0 0 9876.03 564 0 -1886.97
10211.3 0 0 0 9876.03 622 0 -2498.97
10297.9 0 0 0 9876.03 613 0 -488.967
10292 0 0 0 9876.03 595 0 119.033
10272.4 0 0 0 9876.03 525 0 297.033
10262 0 0 0 9876.03 408 0 1756.03
10289 0 0 0 9876.03 573 0 -1924.97
10033.6 0 0.05 0 9876.03 266 0 2840.03
10091.8 0 0.2 0 9876.03 414 0 -2359.97
10152.5 0 0.35 0 9876.03 370 0 -2552.97
10171.4 0 0.5 0 9876.03 342 0 -1848.97
10145.9 0 0.6 0 9876.03 350 0 916.033
10470 0 0.75 0 9876.03 411 0 -2330.97
10478 0 0.9 0 9876.03 338 0 -2050.97
10313.5 0 0.95 0 9876.03 285 0 4699.03
10559.4 0 1.25 0 9876.03 258 0.1 1052.03
10547.6 0 1.6 0 9876.03 21 0.1 -2244.97
10587.8 0 1.95 0 9876.03 38 0.1 -2573.97
10655.2 0 2.3 0 9876.03 15 0.1 -2490.97
10643.2 0 2.65 0 9876.03 23 0.1 -1769.97
10676.8 0 3 0 9876.03 28 0.1 -2556.97
10513.6 0 3.35 0 9876.03 109 0.1 763.033
10465.9 0 3.7 0 9876.03 51 0.1 467.033
10581.2 0 3.95 0 9876.03 196 0.1 -2187.97
10472.2 0 4.05 0 9876.03 273 0.1 2477.03
10657 0 4.25 0 9876.03 266 0.1 -1940.97
10659.1 0 4.45 0 9876.03 310 0.1 -1965.97
10903.4 0 4.6 0 9876.03 287 0.1 -2044.97
10742.3 0 4.6 0 9876.03 295 0.1 861.033
10717 0 4.6 0 9876.03 279 0.1 -2046.97
10619.5 0 4.65 0 9876.03 252 0.1 101.033
10697.5 0 4.75 0 9876.03 321 0.1 -642.967
10464.9 0 4.75 0 9876.03 365 0.1 2320.03
10288.9 0 4.8 0 9876.03 222 0.1 1469.03
10485 0 4.9 0 9876.03 374 0.1 778.033
10621.8 0 4.75 0 9876.03 258 0 -1683.97
10619.9 0 4.6 0 9876.03 325 0 -2206.97
10421.9 0 4.4 0 9876.03 187 0 1386.03
10390.5 0 4.25 0 9876.03 255 0 -1862.97
10384.3 0 4.1 0 9876.03 317 0 -1646.97
10343.6 0 3.9 0 9876.03 270 0 -1742.97
10490.5 0 3.75 0 9876.03 342 0 -2173.97
10646 0 3.6 0 9876.03 259 0 -2644.97
10632.6 0 3.5 0 9876.03 361 0 -1919.97
10767.4 0 3.6 0 9876.03 220 0 -216.967
10674.1 0 3.6 0 9876.03 350 0 -76.9667
10548.2 0 3.55 0 9876.03 300 0 553.033
10533.8 0 3.5 0 9876.03 268 0 -1755.97
10624.5 0 3.55 0 9876.03 302 0 -952.967
10599.9 0 3.6 0 9876.03 259 0 -1555.97
10635.1 0 3.6 0 9876.03 263 0 -603.967
10585.9 0 3.55 0 9876.03 261 0 343.033
10590.4 0 3.6 0 9876.03 103 0 2230.03
10751 0 3.65 0 9876.03 183 0 -1744.97
10863.4 0 3.75 0 9876.03 156 0 -1467.97
10897.5 0 3.85 0 9876.03 192 0 -2366.97
10710.5 0 3.85 0 9876.03 216 0 1534.03
10857.8 0 3.95 0 9876.03 193 0 -1560.97
10744.1 0 3.95 0 9876.03 218 0 410.033
10773.4 0 4 0 9876.03 168 0 -2231.97
10758 0 4.15 0 9876.03 179 0 -1434.97
10726 0 4.2 0 9876.03 178 0 -1532.97
10546 0 4.15 0 9876.03 380 0 955.033
10437 0 4.2 0 9876.03 161 0 260.033
10512.3 0 4.2 0 9876.03 277 0 -1723.97
10476.9 0 4.25 0 9876.03 129 0 632.033
10505 0 4.35 0 9876.03 232 0 -8.96667
10511.8 0 4.4 0 9876.03 293 0 -1892.97
10553.4 0 4.5 0 9876.03 117 0 -1783.97
10397.5 0 4.45 0 9876.03 173 0 1560.03
10439.9 0 4.5 0 9876.03 164 0 -1450.97
10466.9 0 4.55 0 9876.03 325 0 -195.967
10679.3 0 4.65 0 9876.03 117 0 -2018.97
10695.6 0 4.65 0 9876.03 179 0 -2070.97
10710.9 0 4.6 0 9876.03 206 0 -1772.97
10442.8 0 4.6 0 9876.03 109 0 2995.03
10606.4 0 4.6 0 9876.03 225 0 -1737.97
10638.7 0 4.6 0 9876.03 232 0 -2207.97
10751 0 4.6 0 9876.03 260 0 -1835.97
10700 0 4.6 0 9876.03 122 0 -1211.97
10698 0 4.6 0 9876.03 170 0 -1395.97
10606.5 0 4.55 0 9876.03 309 0 299.033
10599.5 0 4.65 0 9876.03 179 0 1094.03
10551.2 0 4.65 0 9876.03 187 0 1226.03
10494 0 4.65 0 9876.03 253 0 -579.967
10588.4 0 4.65 0 9876.03 218 0 -1255.97
10591.8 0 4.65 0 9876.03 175 0 -76.9667
10433.8 0 4.65 0 9876.03 188 0 1268.03
10436.2 0 4.6 0 9876.03 182 0 -1832.97
10569.8 0 4.7 0 9876.03 283 0 -1111.97
10390.2 0 4.55 0 9876.03 410 0 2141.03
10348.8 0 4.55 0 9876.03 203 0 633.033
10342.2 0 4.45 0 9876.03 211 0 -1888.97
10219.2 0 4.4 0 9876.03 192 0 390.033
10222.1 0 4.45 0 9876.03 143 0 -1831.97
10486.8 0 4.45 0 9876.03 209 0 -2297.97
10502 0 4.5 0 9876.03 233 0 -2040.97
10480.1 0 4.5 0 9876.03 190 0 -1771.97
10461.6 0 4.5 0 9876.03 250 0 -1464.97
10455.8 0 4.5 0 9876.03 128 0 -1094.97
10456 0 4.45 0 9876.03 187 0 -1399.97
10499.8 0 4.5 0 9876.03 155 0 -576.967
10662.6 0 4.55 0 9876.03 184 0 -2163.97
10690.8 0 4.5 0 9876.03 313 0 663.033
10682.8 0 4.55 0 9876.03 85 0 -419.967
10574.6 0 4.5 0 9876.03 261 0 908.033
10491.8 0 4.45 0 9876.03 246 0 1580.03
10516.4 0 4.45 0 9876.03 108 0 775.033
10495.8 0 4.45 0 9876.03 221 0 -1420.97
10369.8 0 4.45 0 9876.03 144 0 1408.03
10540.6 0 4.6 0 9876.03 177 0 -1274.97
10649.5 0 4.65 0 9876.03 175 0 -1543.97
10522.8 0 4.6 0 9876.03 262 0 644.033
10647.6 0 4.7 0 9876.03 92 0 -2105.97
10627.8 0 4.65 0 9876.03 237 0 -1434.97
10607.2 0 4.6 0 9876.03 312 0 -1887.97
10412 0 4.6 0 9876.03 187 0 1865.03
10386.4 0 4.55 0 9876.03 265 0 -1260.97
10315.4 0 4.55 0 9876.03 221 0 -44.9667
10349.1 0 4.6 0 9876.03 148 0 -1769.97
10340.6 0 4.6 0 9876.03 168 0 -1229.97
10412.9 0 4.6 0 9876.03 191 0 -2020.97
10392.7 0 4.5 0 9876.03 263 0 -1760.97
10534.6 0 4.6 0 9876.03 198 0 -2174.97
10616 0 4.6 0 9876.03 160 0 -2046.97
10733 0 4.65 0 9876.03 210 0 -1431.97
10877.5 0 4.7 0 9876.03 116 0 -1309.97
11006.1 0 4.75 0 9876.03 180 0 -1797.97
10988.1 0 4.75 0 9876.03 227 0 -1060.97
11038.6 0 4.75 0 9876.03 291 0 397.033
10941.2 0 4.7 0 9876.03 170 0 674.033
10984.1 0 4.65 0 9876.03 206 0 -2401.97
11133.6 0 4.75 0 9876.03 235 0 -2346.97
11088.6 0 4.7 0 9876.03 157 0 -1205.97
11108.6 0 4.75 0 9876.03 248 0 -1833.97
11081.8 0 4.8 0 9876.03 137 0 -1351.97
11235.6 0 4.8 0 9876.03 222 0 -1211.97
11251.5 0 4.8 0 9876.03 200 0 -1577.97
11289.5 0 4.9 0 9876.03 166 0 -804.967
11250.6 0 4.85 0 9876.03 160 0 -992.967
11253 0 4.85 0 9876.03 188 0 -1275.97
11216.8 0 4.85 0 9876.03 217 0 -1296.97
11102.5 0 4.8 0 9876.03 300 0 524.033
10926.4 0 4.85 0 9876.03 99 0 1347.03
10930.5 0 4.8 0 9876.03 203 0 -2128.97
10839.4 0 4.8 0 9876.03 233 0 390.033
10832.7 0 4.75 0 9876.03 192 0 -1175.97
10839.6 0 4.8 0 9876.03 175 0 -1935.97
10837.9 0 4.8 0 9876.03 186 0 -1025.97
10922.5 0 4.8 0 9876.03 177 0 -1296.97
11008.3 0 4.85 0 9876.03 188 0 -1040.97
10877.1 0 4.8 0 9876.03 280 0 221.033
10868.4 0 4.8 0 9876.03 159 0 -2171.97
10893 0 4.8 0 9876.03 190 0 -1697.97
10852.5 0 4.85 0 9876.03 172 0 -1024.97
10853.8 0 4.85 0 9876.03 149 0 -1375.97
10878.1 0 4.85 0 9876.03 211 0 -1699.97
10883.2 0 4.85 0 9876.03 200 0 -1679.97
10900.8 0 4.8 0 9876.03 236 0 -1155.97
10940.6 0 4.75 0 9876.03 198 0 -1788.97
10975.4 0 4.8 0 9876.03 175 0 -1970.97
11004.1 0 4.8 0 9876.03 213 0 -1871.97
10966.8 0 4.85 0 9876.03 272 0 1271.03
10956 0 4.75 0 9876.03 94 0 1561.03
10930.9 0 4.8 0 9876.03 236 0 -1624.97
10879.6 0 4.75 0 9876.03 131 0 1414.03
10877.2 0 4.8 0 9876.03 208 0 -1126.97
10834.7 0 4.8 0 9876.03 125 0 -1085.97
10869.4 0 4.75 0 9876.03 206 0 -1719.97
10871.4 0 4.75 0 9876.03 218 0 -1335.97
10887.2 0 4.75 0 9876.03 157 0 -1358.97
10979 0 4.85 0 9876.03 234 0 -1613.97
10940.8 0 4.85 0 9876.03 161 0 -1407.97
10944.1 0 4.8 0 9876.03 249 0 -1764.97
10796 0 4.7 0 9876.03 213 0 1939.03
10740.6 0 4.6 0 9876.03 266 0 -269.967
10733 0 4.65 0 9876.03 177 0 -1545.97
10719.4 0 4.7 0 9876.03 199 0 -1407.97
10670.9 0 4.7 0 9876.03 167 0 -185.967
10570.1 0 4.65 0 9876.03 257 0 225.033
10548.6 0 4.65 0 9876.03 136 0 -1540.97
10526.6 0 4.65 0 9876.03 162 0 -1430.97
10608.3 0 4.7 0 9876.03 144 0 -362.967
10588.2 0 4.6 0 9876.03 335 0 1963.03
10536.2 0 4.65 0 9876.03 128 0 -585.967
10665.9 0 4.75 0 9876.03 186 0 -1177.97
10708.1 0 4.75 0 9876.03 195 0 -1971.97
10642 0 4.7 0 9876.03 105 0 235.033
10654.5 0 4.7 0 9876.03 194 0 -1969.97
10695.8 0 4.7 0 9876.03 275 0 -2159.97
10611.6 0 4.7 0 9876.03 152 0 323.033
10538.8 0 4.6 0 9876.03 254 0 -155.967
10521 0 4.6 0 9876.03 154 0 -1051.97
10514.2 0 4.65 0 9876.03 221 0 -1629.97
10596.2 0 4.75 0 9876.03 136 0 298.033
10559.6 0 4.8 0 9876.03 267 0 462.033
10615.9 0 4.7 0 9876.03 278 0 -2669.97
10635.4 0 4.7 0 9876.03 194 0 -1797.97
10661 0 4.7 0 9876.03 150 0 -698.967
10775.6 0 4.8 0 9876.03 174 0 -2067.97
10733 0 4.75 0 9876.03 262 0 -686.967
10693.5 0 4.75 0 9876.03 185 0 -641.967
10601 0 4.7 0 9876.03 195 0 1487.03
10635.6 0 4.7 0 9876.03 281 0 1270.03
10577 0 4.7 0 9876.03 163 0 588.033
10569 0 4.65 0 9876.03 141 0 -1018.97
10529.6 0 4.65 0 9876.03 200 0 -1183.97
10640.1 0 4.65 0 9876.03 134 0 -1975.97
10612.5 0 4.75 0 9876.03 186 0 -1416.97
10574.9 0 4.7 0 9876.03 249 0 -1407.97
10658.4 0 4.75 0 9876.03 109 0 -1346.97
10711.8 0 4.85 0 9876.03 167 0 -1223.97
10571.7 0 4.8 0 9876.03 298 0 1750.03
10561.9 0 4.85 0 9876.03 85 0 -1433.97
10639.1 0 4.8 0 9876.03 163 0 -1245.97
10757 0 4.85 0 9876.03 239 0 -1894.97
10562 0 4.85 0 9876.03 154 0 1229.03
10477 0 4.8 0 9876.03 232 0 -96.9667
10461.4 0 4.7 0 9876.03 299 0 -387.967
10427 0 4.75 0 9876.03 120 0 -1379.97
10444.6 0 4.75 0 9876.03 168 0 -1038.97
10313.5 0 4.7 0 9876.03 122 0 1980.03
10464.9 0 4.75 0 9876.03 221 0 -1539.97
10546.9 0 4.9 0 9876.03 170 0 -369.967
10639.1 0 4.85 0 9876.03 181 0 -1256.97
10644 0 4.85 0 9876.03 142 0 -1117.97
10648 0 4.85 0 9876.03 179 0 -1263.97
10440.5 0 4.8 0 9876.03 246 0 2176.03
10371.4 0 4.75 0 9876.03 158 0 -35.9667
10350.8 0 4.8 0 9876.03 134 0 -994.967
10230 0 4.7 0 9876.03 235 0 1068.03
10249.5 0 4.75 0 9876.03 158 0 -1612.97
10432.7 0 4.8 0 9876.03 189 0 -1914.97
10436 0 4.7 0 9876.03 214 0 -1500.97
10343.5 0 4.7 0 9876.03 198 0 604.033
10364.1 0 4.7 0 9876.03 206 0 -2305.97
10326.8 0 4.7 0 9876.03 192 0 1976.03
10281.2 0 4.75 0 9876.03 107 0 814.033
10356.3 0 4.85 0 9876.03 244 0 -1889.97
10256.6 0 4.7 0 9876.03 234 0 613.033
10324 0 4.75 0 9876.03 112 0 -2386.97
10520.1 0 4.8 0 9876.03 185 0 -1940.97
10564.2 0 4.8 0 9876.03 134 0 -2422.97
10655 0 4.8 0 9876.03 205 0 -2183.97
10692.2 0 4.75 0 9876.03 282 0 -2002.97
10709.8 0 4.75 0 9876.03 200 0 -1468.97
10740.8 0 4.75 0 9876.03 149 0 -1883.97
10980.5 0 4.8 0 9876.03 207 0 -2616.97
10957.4 0 4.75 0 9876.03 221 0 426.033
11018.8 0 4.75 0 9876.03 124 0 -2222.97
11203.5 0 4.75 0 9876.03 271 0 -2626.97
11238.9 0 4.75 0 9876.03 237 0 -2320.97
11056.1 0 4.7 0 9876.03 202 0 1741.03
11103.5 0 4.75 0 9876.03 195 0 -2449.97
11060.9 0 4.7 0 9876.03 286 0 1458.03
11064.5 0 4.7 0 9876.03 143 0 -2379.97
11141.4 0 4.65 0 9876.03 281 0 440.033
11223.8 0 4.65 0 9876.03 155 0 -833.967
11103 0 4.7 0 9876.03 106 0 526.033
11150.9 0 4.75 0 9876.03 162 0 -345.967
10993.1 0 4.6 0 9876.03 280 0 769.033
10999.6 0 4.6 0 9876.03 249 0 -2070.97
11000.3 0 4.65 0 9876.03 110 0 -2436.97
11032.8 0 4.65 0 9876.03 177 0 -2833.97
10943.5 0 4.7 0 9876.03 246 0 -215.967
10988 0 4.7 0 9876.03 194 0 -2359.97
11003.1 0 4.7 0 9876.03 191 0 -2186.97
10986.5 0 4.7 0 9876.03 195 0 -2284.97
11113.9 0 4.75 0 9876.03 184 0 -2120.97
11094.8 0 4.75 0 9876.03 277 0 -1839.97
11077.9 0 4.75 0 9876.03 243 0 -2288.97
11093.8 0 4.65 0 9876.03 247 0 -2639.97
11293.5 0 4.7 0 9876.03 262 0 -2252.97
11285.7 0 4.7 0 9876.03 196 0 -2293.97
11437.5 0 4.7 0 9876.03 244 0 -1578.97
11435.1 0 4.7 0 9876.03 234 0 -2331.97
11569.5 0 4.75 0 9876.03 228 0 -2246.97
11634.8 0 4.8 0 9876.03 167 0 -2138.97
11772.1 0 4.75 0 9876.03 156 0 -2220.97
11858.8 0 4.75 0 9876.03 247 0 -2079.97
12004 0 4.8 0 9876.03 321 0 -2133.97
11850.5 0 4.8 0 9876.03 159 0 999.033
11740.8 0 4.7 0 9876.03 215 0 -243.967
11533.3 0 4.75 0 9876.03 167 0 1316.03
11633.5 0 4.7 0 9876.03 236 0 -2218.97
11431.2 0 4.65 0 9876.03 217 0 1685.03
11414.8 0 4.65 0 9876.03 189 0 -1857.97
11324.5 0 4.55 0 9876.03 334 0 -478.967
11329.2 0 4.6 0 9876.03 141 0 -2215.97
11345.7 0 4.6 0 9876.03 193 0 -2169.97
11129 0 4.55 0 9876.03 190 0 2046.03
11112.5 0 4.6 0 9876.03 218 0 -2311.97
11080.6 0 4.6 0 9876.03 250 0 -1613.97
10945.1 0 4.6 0 9876.03 204 0 416.033
10918.5 0 4.6 0 9876.03 214 0 -1046.97
10922.3 0 4.6 0 9876.03 219 0 -2407.97
10911.2 0 4.65 0 9876.03 163 0 -2024.97
10893.4 0 4.6 0 9876.03 239 0 -1782.97
10824.3 0 4.55 0 9876.03 185 0 -838.967
10682.1 0 4.55 0 9876.03 331 0 763.033
10651.9 0 4.6 0 9876.03 190 0 -1527.97
10819.9 0 4.65 0 9876.03 97 0 -2360.97
10815 0 4.65 0 9876.03 199 0 -147.967
10976 0 4.6 0 9876.03 271 0 -1902.97
10871.5 0 4.6 0 9876.03 168 0 -127.967
10939.6 0 4.65 0 9876.03 175 0 322.033
10954.5 0 4.65 0 9876.03 200 0 -2156.97
11060.5 0 4.75 0 9876.03 139 0 -2598.97
11051.9 0 4.7 0 9876.03 200 0 -2042.97
10840.8 0 4.65 0 9876.03 294 0 2053.03
11042.9 0 4.8 0 9876.03 120 0 -1995.97
11039 0 4.8 0 9876.03 199 0 -2233.97
11079.5 0 4.75 0 9876.03 236 0 -2424.97
11204.2 0 4.75 0 9876.03 210 0 -2077.97
11296.8 0 4.8 0 9876.03 260 0 -2897.97
11311.2 0 4.8 0 9876.03 140 0 -2696.97
11335 0 4.75 0 9876.03 267 0 -2500.97
11113.2 0 4.75 0 9876.03 135 0 2652.03
11034.2 0 4.75 0 9876.03 297 0 741.033
11149.3 0 4.85 0 9876.03 155 0 -1537.97
10961.1 0 4.75 0 9876.03 198 0 2236.03
10779.6 0 4.7 0 9876.03 128 0 1269.03
10861.3 0 4.75 0 9876.03 191 0 -1781.97
10688.3 0 4.7 0 9876.03 247 0 1557.03
10753.8 0 4.8 0 9876.03 137 0 -1436.97
10826 0 4.75 0 9876.03 235 0 -1122.97
10714.1 0 4.8 0 9876.03 103 0 81.0333
10661.5 0 4.8 0 9876.03 179 0 -1545.97
10458.3 0 4.8 0 9876.03 112 0 2020.03
10609.7 0 4.8 0 9876.03 217 0 -974.967
10567.6 0 4.8 0 9876.03 171 0 -1153.97
10401.5 0 4.75 0 9876.03 84 0 1089.03
10365 0 4.85 0 9876.03 176 0 -1695.97
10322.5 0 4.9 0 9876.03 126 0 -1226.97
10255.3 0 4.85 0 9876.03 243 0 -1554.97
10185.7 0 4.85 0 9876.03 158 0 -1304.97
10133.4 0 4.9 0 9876.03 194 0 -1453.97
10310.4 0 4.9 0 9876.03 183 0 -887.967
10414.2 0 5 0 9876.03 143 0 -1336.97
10274.9 0 4.9 0 9876.03 132 0 1250.03
10331.5 0 5 0 9876.03 257 0 1102.03
10460.1 0 4.95 0 9876.03 242 0 -1301.97
10351.2 0 4.95 0 9876.03 206 0 395.033
10276.4 0 4.9 0 9876.03 398 0 3054.03
10266.1 0 4.9 0 9876.03 115 0 -1231.97
10267.1 0 4.9 0 9876.03 227 0 -1141.97
10241.7 0 4.75 0 9876.03 261 0 589.033
10227.1 0 4.75 0 9876.03 169 0 -1254.97
10381.4 0 4.8 0 9876.03 164 0 -1064.97
10396.7 0 4.85 0 9876.03 176 0 -1280.97
10441.6 0 4.8 0 9876.03 167 0 -2051.97
10576.4 0 4.85 0 9876.03 228 0 -1605.97
10422.1 0 4.7 0 9876.03 213 0 1388.03
10442.5 0 4.65 0 9876.03 166 0 -1633.97
10458 0 4.75 0 9876.03 153 0 -1864.97
10472.9 0 4.7 0 9876.03 220 0 -1601.97
10257.8 0 4.7 0 9876.03 200 0 2848.03
10242.9 0 4.7 0 9876.03 153 0 -590.967
10261.7 0 4.6 0 9876.03 227 0 -1712.97
10293.6 0 4.65 0 9876.03 201 0 612.033
10327.3 0 4.6 0 9876.03 314 0 428.033
10352 0 4.7 0 9876.03 120 0 -1796.97
10486.9 0 4.7 0 9876.03 198 0 -2301.97
10738.1 0 4.8 0 9876.03 189 0 -1970.97
10662.3 0 4.75 0 9876.03 187 0 285.033
10672.4 0 4.7 0 9876.03 345 0 -1342.97
10777.9 0 4.85 0 9876.03 168 0 -1520.97
10754.9 0 4.85 0 9876.03 106 0 -795.967
10738.9 0 4.8 0 9876.03 228 0 -743.967
10607.4 0 4.8 0 9876.03 171 0 1348.03
10559.1 0 4.8 0 9876.03 272 0 -1086.97
10560.4 0 4.8 0 9876.03 192 0 -1630.97
10726.5 0 4.9 0 9876.03 148 0 -1933.97
10712.2 0 4.9 0 9876.03 195 0 -1348.97
10598.1 0 4.75 0 9876.03 285 0 418.033
10469.6 0 4.8 0 9876.03 116 0 967.033
10643.1 0 4.75 0 9876.03 219 0 -620.967
10646.4 0 4.8 0 9876.03 156 0 -655.967
10605.9 0 4.8 0 9876.03 210 0 -903.967
10682 0 4.8 0 9876.03 221 0 -908.967
10611 0 4.8 0 9876.03 176 0 1847.03
10567.3 0 4.75 0 9876.03 207 0 -922.967
10360.8 0 4.7 0 9876.03 292 0 1828.03
10256.8 0 4.7 0 9876.03 159 0 110.033
10316.1 0 4.7 0 9876.03 155 0 -901.967
10161.4 0 4.8 0 9876.03 177 0 1751.03
10198.1 0 4.7 0 9876.03 335 0 -2254.97
10221.4 0 4.75 0 9876.03 112 0 -1260.97
10114.8 0 4.75 0 9876.03 185 0 1387.03
10178.6 0 4.65 0 9876.03 219 0 72.0333
10037.5 0 4.65 0 9876.03 103 0 1735.03
9988.3 0 4.6 0 9876.03 284 0 -646.967
9879.1 0 4.65 0 9876.03 185 0 250.033
9893.7 0 4.65 0 9876.03 183 0 -1640.97
9984.9 0 4.7 0 9876.03 222 0 -1405.97
10131 0 4.75 0 9876.03 151 0 -1954.97
10154.4 0 4.85 0 9876.03 145 0 -1087.97
10167.5 0 4.8 0 9876.03 165 0 -918.967
10227.1 0 4.9 0 9876.03 128 0 -2096.97
10245.6 0 4.9 0 9876.03 173 0 -1278.97
10283 0 4.9 0 9876.03 220 0 1101.03
10225.9 0 4.9 0 9876.03 187 0 219.033
10383.1 0 4.9 0 9876.03 198 0 -1316.97
10330 0 4.9 0 9876.03 227 0 1173.03
10391.8 0 4.9 0 9876.03 190 0 -2138.97
10539.2 0 4.9 0 9876.03 164 0 -1197.97
10501.2 0 4.95 0 9876.03 197 0 -1493.97
10202.1 0 4.85 0 9876.03 97 0 4720.03
10330 0 4.8 0 9876.03 194 0 -1170.97
10384.1 0 4.9 0 9876.03 218 0 -1008.97
10591 0 4.85 0 9876.03 256 0 -2401.97
10650.2 0 4.9 0 9876.03 182 0 -1831.97
10646.2 0 4.8 0 9876.03 324 0 329.033
10624 0 4.85 0 9876.03 114 0 -1195.97
10637.5 0 4.9 0 9876.03 118 0 -1674.97
10617 0 4.9 0 9876.03 167 0 -1546.97
10644.6 0 4.8 0 9876.03 207 0 -1638.97
10640.1 0 4.85 0 9876.03 178 0 -829.967
10622.5 0 4.8 0 9876.03 191 0 -1744.97
10658.8 0 4.8 0 9876.03 189 0 -2003.97
10783.5 0 4.85 0 9876.03 189 0 -1393.97
10871.3 0 4.8 0 9876.03 213 0 -1535.97
10904.6 0 4.85 0 9876.03 197 0 -1982.97
11026.4 0 4.85 0 9876.03 188 0 -1262.97
10978.8 0 4.9 0 9876.03 146 0 -1186.97
10820.2 0 4.85 0 9876.03 238 0 1973.03
10695 0 4.8 0 9876.03 182 0 1011.03
11016.5 0 4.85 0 9876.03 145 0 -1710.97
10913.9 0 4.85 0 9876.03 299 0 883.033
10941 0 4.9 0 9876.03 135 0 -1550.97
10785.8 0 4.9 0 9876.03 213 0 702.033
10568.2 0 4.8 0 9876.03 390 0 2518.03
10618.9 0 4.85 0 9876.03 185 0 -683.967
10623.6 0 4.85 0 9876.03 161 0 -1289.97
10579.2 0 4.9 0 9876.03 106 0 -787.967
10482.3 0 4.75 0 9876.03 274 0 392.033
10318.5 0 4.7 0 9876.03 266 0 1636.03
10353.2 0 4.7 0 9876.03 132 0 -1523.97
10215.6 0 4.7 0 9876.03 157 0 1008.03
10182 0 4.7 0 9876.03 161 0 -1330.97
10190.6 0 4.65 0 9876.03 289 0 -1567.97
10202.9 0 4.7 0 9876.03 167 0 -1779.97
10174.5 0 4.8 0 9876.03 196 0 -1416.97
10173.9 0 4.75 0 9876.03 191 0 -1248.97
10170.1 0 4.75 0 9876.03 158 0 -1111.97
10362.4 0 4.8 0 9876.03 198 0 -1871.97
10486.6 0 4.85 0 9876.03 175 0 -1473.97
10458.3 0 4.85 0 9876.03 159 0 -1144.97
10571.1 0 5 0 9876.03 15 0 -1372.97
10468 0 5.05 0 9876.03 34 0 511.033
10497.6 0 5.05 0 9876.03 267 0 109.033
10701.5 0 5.1 0 9876.03 259 0 -1557.97
10538.5 0 5 0 9876.03 186 0 2575.03
10528.8 0 4.9 0 9876.03 262 0 -1095.97
10468.4 0 4.8 0 9876.03 341 0 421.033
10530.5 0 4.85 0 9876.03 262 0 -851.967
10595.6 0 4.9 0 9876.03 258 0 335.033
10540.7 0 4.85 0 9876.03 230 0 -425.967
10618.9 0 4.8 0 9876.03 245 0 -555.967
10646.4 0 4.75 0 9876.03 276 0 -1879.97
10654 0 4.75 0 9876.03 218 0 -1721.97
10657 0 4.75 0 9876.03 247 0 -1838.97
10560.4 0 4.6 0 9876.03 238 0 515.033
10579.6 0 4.6 0 9876.03 274 0 -1633.97
10602.4 0 4.5 0 9876.03 235 0 -1565.97
10465.8 0 4.45 0 9876.03 216 0 860.033
10463.5 0 4.4 0 9876.03 227 0 -1427.97
10413.5 0 4.4 0 9876.03 190 0 -145.967
10420.5 0 4.25 0 9876.03 213 0 -1511.97
10362.9 0 4.1 0 9876.03 310 0 1662.03
10453.9 0 4.15 0 9876.03 183 0 -1710.97
10355.4 0 4.1 0 9876.03 255 0 412.033
10570.1 0 4.15 0 9876.03 233 0 -1718.97
10483.2 0 4.15 0 9876.03 216 0 642.033
10617 0 4.2 0 9876.03 279 0 -2254.97
10669.8 0 4.2 0 9876.03 255 0 -1906.97
10665.6 0 4.2 0 9876.03 240 0 417.033
10530.6 0 4.15 0 9876.03 182 0 2274.03
10450.8 0 4.15 0 9876.03 205 0 1042.03
10103 0 4.2 0 9876.03 102 0 5075.03
10044.4 0 4.2 0 9876.03 271 0 -549.967
9931.1 0 4.1 0 9876.03 270 0 427.033
9959.2 0 4.15 0 9876.03 258 0 -46.9667
9799.85 0 4.15 0 9876.03 148 0 1553.03
9824.75 0 4.2 0 9876.03 267 0 -2063.97
9858.6 0 4.2 0 9876.03 264 0 183.033
9833.75 0 4.2 0 9876.03 245 0 -930.967
9936.35 0 4.15 0 9876.03 264 0 -2197.97
9943.4 0 4.15 0 9876.03 321 0 -1652.97
10003.5 0 4.15 0 9876.03 284 0 460.033
10005.8 0 4.1 0 9876.03 255 0 -1755.97
10129.4 0 4.2 0 9876.03 217 0 -2059.97
10142.2 0 4.15 0 9876.03 281 0 -1976.97
10106 0 4.15 0 9876.03 295 0 1366.03
10054 0 4.1 0 9876.03 220 0 -1213.97
10039.7 0 4.15 0 9876.03 225 0 -1620.97
10026.9 0 4.15 0 9876.03 353 0 673.033
10213.5 0 4.15 0 9876.03 255 0 -1457.97
10315 0 4.15 0 9876.03 222 0 -987.967
10671.1 0 4.15 0 9876.03 268 0 -2047.97
10754.4 0 4.15 0 9876.03 281 0 -2214.97
10673.4 0 4.2 0 9876.03 206 0 2048.03
10762.5 0 4.1 0 9876.03 289 0 -1830.97
10885.4 0 4.1 0 9876.03 251 0 -902.967
10879.6 0 4.05 0 9876.03 288 0 -1949.97
10902.4 0 4.05 0 9876.03 202 0 -270.967
10962.9 0 4.05 0 9876.03 289 0 -2140.97
10946.7 0 4.05 0 9876.03 267 0 -1874.97
10967.5 0 4.05 0 9876.03 275 0 -2067.97
11071.7 0 4.05 0 9876.03 285 0 -1624.97
10997.2 0 4 0 9876.03 264 0 -266.967
10735 0 3.95 0 9876.03 209 0 3184.03
10650.3 0 3.95 0 9876.03 332 0 -281.967
10823.5 0 3.95 0 9876.03 293 0 -2098.97
10869.5 0 3.95 0 9876.03 277 0 -2132.97
10874.5 0 3.9 0 9876.03 260 0 -1719.97
11007.1 0 3.9 0 9876.03 279 0 -1980.97
11051.4 0 3.9 0 9876.03 280 0 -2341.97
11101.1 0 3.85 0 9876.03 302 0 -1982.97
11091.2 0 3.8 0 9876.03 294 0 -1849.97
11077.5 0 3.8 0 9876.03 279 0 -1941.97
11300 0 3.8 0 9876.03 308 0 -2400.97
11233.7 0 3.85 0 9876.03 227 0 -504.967
11268.1 0 3.85 0 9876.03 297 0 -1591.97
11282.5 0 3.85 0 9876.03 263 0 -2235.97
11137.2 0 3.8 0 9876.03 171 0 2633.03
11104.2 0 3.8 0 9876.03 245 0 -1480.97
10826.2 0 3.75 0 9876.03 246 0 3685.03
10768.4 0 3.75 0 9876.03 290 0 -910.967
10633 0 3.75 0 9876.03 214 0 1083.03
10711 0 3.8 0 9876.03 286 0 -1826.97
10984.1 0 3.8 0 9876.03 303 0 -2277.97
11096 0 3.85 0 9876.03 301 0 -2518.97
11091.3 0 3.85 0 9876.03 277 0 -2005.97
11060.2 0 3.85 0 9876.03 253 0 -1511.97
10866.8 0 3.85 0 9876.03 185 0 2149.03
10623 0 3.85 0 9876.03 215 0 2896.03
10495.8 0 3.85 0 9876.03 311 0 202.033
10305.4 0 3.9 0 9876.03 188 0 1824.03
10265 0 3.9 0 9876.03 275 0 -1041.97
10105.6 0 3.9 0 9876.03 178 0 1245.03
10095.3 0 3.9 0 9876.03 279 0 -2193.97
10051.9 0 3.85 0 9876.03 317 0 363.033
10062.9 0 3.85 0 9876.03 287 0 -1810.97
9976.9 0 3.85 0 9876.03 284 0 -516.967
10145.2 0 3.9 0 9876.03 290 0 -733.967
10165 0 3.9 0 9876.03 296 0 -1874.97
10346.7 0 3.95 0 9876.03 254 0 50.0333
10376.9 0 3.95 0 9876.03 248 0 -1513.97
10450.1 0 3.95 0 9876.03 256 0 -382.967
10298.8 0 3.85 0 9876.03 285 0 1201.03
10162.1 0 3.85 0 9876.03 139 0 454.033
10144.5 0 3.95 0 9876.03 152 0 -2164.97
10146.6 0 4 0 9876.03 173 0 -2049.97
10182.2 0 4.05 0 9876.03 176 0 -2222.97
10404.3 0 4.15 0 9876.03 153 0 -2292.97
10667.5 0 4.15 0 9876.03 233 0 -2367.97
10808.9 0 4.25 0 9876.03 176 0 -2624.97
11018 0 4.25 0 9876.03 265 0 -2359.97
10950.4 0 4.35 0 9876.03 156 0 312.033
11096.4 0 4.3 0 9876.03 258 0 -1674.97
11109.6 0 4.4 0 9876.03 172 0 -2458.97
11223 0 4.45 0 9876.03 298 0 -1903.97
11245.5 0 4.5 0 9876.03 183 0 -2261.97
11342.1 0 4.55 0 9876.03 163 0 -2448.97
11413.8 0 4.6 0 9876.03 175 0 -2166.97
11241.5 0 4.6 0 9876.03 189 0 1569.03
11346.1 0 4.65 0 9876.03 167 0 -2040.97
11332.1 0 4.75 0 9876.03 131 0 -1233.97
11435.9 0 4.75 0 9876.03 282 0 -2457.97
11595.2 0 4.9 0 9876.03 190 0 -1985.97
11699 0 4.95 0 9876.03 125 0 -1621.97
11676.5 0 4.85 0 9876.03 271 0 -1714.97
11687.4 0 4.9 0 9876.03 156 0 -2266.97
11671.5 0 4.9 0 9876.03 215 0 -1906.97
11672.4 0 4.85 0 9876.03 200 0 -2309.97
11458 0 4.8 0 9876.03 266 0 1919.03
11445.9 0 4.7 0 9876.03 254 0 -2380.97
11433.1 0 4.75 0 9876.03 231 0 -2104.97
11530.5 0 4.7 0 9876.03 194 0 -1635.97
11561.2 0 4.8 0 9876.03 191 0 -2288.97
11538.7 0 4.75 0 9876.03 200 0 -2008.97
11547 0 4.8 0 9876.03 170 0 -2070.97
11314.8 0 4.7 0 9876.03 156 0 2383.03
11291 0 4.75 0 9876.03 162 0 -1971.97
11049.9 0 4.65 0 9876.03 190 0 2655.03
11075 0 4.7 0 9876.03 65 0 1065.03
10944.6 0 4.55 0 9876.03 282 0 567.033
10994.5 0 4.5 0 9876.03 277 0 -2231.97
10975.1 0 4.55 0 9876.03 159 0 -2068.97
10976.5 0 4.5 0 9876.03 13 0 -2012.97
11016.9 0 4.45 0 9876.03 12 0 -2429.97
11035.5 0 4.5 0 9876.03 6 0 -2087.97
10862.5 0 4.45 0 9876.03 7 0 1192.03
10684.4 0 4.4 0 9876.03 13 0 1656.03
10681.7 0 4.35 0 9876.03 11 0 -2255.97
10889.9 0 4.45 0 9876.03 9 0 -2243.97
10770.6 0 4.45 0 9876.03 12 0 3.03333
10777 0 4.4 0 9876.03 8 0 -2231.97
10809.3 0 4.4 0 9876.03 8 0 -2281.97
10735 0 4.3 0 9876.03 15 0 -801.967
10626 0 4.25 0 9876.03 6 0 169.033
10638.8 0 4.3 0 9876.03 6 0 -2324.97
10863.6 0 4.35 0 9876.03 14 0 -2114.97
10884 0 4.3 0 9876.03 6 0 -2379.97
11131.9 0 4.4 0 9876.03 8 0 -2300.97
11303.4 0 4.45 0 9876.03 8 0 -2364.97
11462.9 0 4.6 0 9876.03 9 0 -2623.97
11465.5 0 4.6 0 9876.03 9 0 -2284.97
11486.1 0 4.65 0 9876.03 6 0 -2479.97
11499.4 0 4.55 0 9876.03 13 0 -2277.97
11480.6 0 4.65 0 9876.03 5 0 -2055.97
11272.2 0 4.6 0 9876.03 8 0 2081.03
11320.5 0 4.5 0 9876.03 11 0 225.033
11388.4 0 4.55 0 9876.03 6 0 300.033
11383.6 0 4.6 0 9876.03 5 0 -2161.97
11376.4 0 4.65 0 9876.03 6 0 -2098.97
11519 0 4.6 0 9876.03 11 0 -2849.97
11531.6 0 4.7 0 9876.03 8 0 -2483.97
11509.5 0 4.7 0 9876.03 10 0 -1837.97
11544.3 0 4.85 0 9876.03 7 0 -1498.97
11684.8 0 4.8 0 9876.03 12 0 -2640.97
11686.6 0 4.75 0 9876.03 5 0 -2361.97
11568.1 0 4.8 0 9876.03 10 0 255.033
11554 0 4.75 0 9876.03 12 0 -2096.97
11558.6 0 4.8 0 9876.03 5 0 -2393.97
11569.9 0 4.7 0 9876.03 9 0 -2588.97
11537 0 4.75 0 9876.03 8 0 -1965.97
11545.4 0 4.75 0 9876.03 8 0 -2452.97
11533.7 0 4.7 0 9876.03 6 0 -2246.97
11525.4 0 4.85 0 9876.03 8 0 -2111.97
11537.2 0 4.8 0 9876.03 8 0 -2291.97
11590.1 0 4.85 0 9876.03 7 0 1022.03
11545.3 0 4.9 0 9876.03 9 0 1122.03
11668 0 4.85 0 9876.03 12 0 -2152.97
11606 0 4.8 0 9876.03 12 0 -922.967
11556.7 0 4.65 0 9876.03 16 0 -1112.97
11528 0 4.7 0 9876.03 8 0 -2275.97
11402.9 0 4.7 0 9876.03 6 0 19.0333
11268.4 0 4.6 0 9876.03 13 0 851.033
11206.8 0 4.5 0 9876.03 12 0 -265.967
11097.4 0 4.6 0 9876.03 6 0 -453.967
10826.5 0 4.5 0 9876.03 12 0 3055.03
10953.1 0 4.5 0 9876.03 6 0 -2276.97
10982.6 0 4.55 0 9876.03 11 0 -2685.97
10980.6 0 4.5 0 9876.03 8 0 -2354.97
10980.8 0 4.45 0 9876.03 13 0 -2591.97
10888.5 0 4.35 0 9876.03 9 0 -118.967
10840.8 0 4.4 0 9876.03 6 0 -1498.97
10850.3 0 4.4 0 9876.03 6 0 -2437.97
10853.9 0 4.4 0 9876.03 10 0 -2183.97
10786.8 0 4.35 0 9876.03 11 0 -949.967
10841.9 0 4.3 0 9876.03 5 0 -78.9667
10949.3 0 4.4 0 9876.03 8 0 -1026.97
10823.8 0 4.35 0 9876.03 9 0 357.033
10895.8 0 4.45 0 9876.03 8 0 -2362.97
10939.7 0 4.45 0 9876.03 11 0 -1990.97
10962.3 0 4.55 0 9876.03 7 0 -2727.97
11075.6 0 4.5 0 9876.03 10 0 -2247.97
11228.9 0 4.55 0 9876.03 10 0 -2213.97
11174.6 0 4.55 0 9876.03 4 0 819.033
11280.9 0 4.5 0 9876.03 8 0 -2578.97
11492.5 0 4.65 0 9876.03 0 0 -1177.97
11498.9 0 4.6 0 9876.03 254 0 -2402.97
11497.3 0 4.6 0 9876.03 183 0 -2654.97
11471.1 0 4.55 0 9876.03 290 0 -1831.97
11461.9 0 4.65 0 9876.03 138 0 -2406.97
11536.8 0 4.7 0 9876.03 238 0 -1616.97
11555.1 0 4.65 0 9876.03 206 0 -1865.97
11496.5 0 4.65 0 9876.03 98 0 -1263.97
11353 0 4.55 0 9876.03 312 0 686.033
11153.1 0 4.5 0 9876.03 209 0 3047.03
11119.2 0 4.45 0 9876.03 260 0 599.033
11155 0 4.45 0 9876.03 140 0 -1741.97
11277.5 0 4.5 0 9876.03 233 0 -2093.97
11112.8 0 4.4 0 9876.03 279 0 932.033
11124.6 0 4.55 0 9876.03 148 0 -2227.97
11116.9 0 4.45 0 9876.03 281 0 -2572.97
11114.4 0 4.4 0 9876.03 228 0 -2198.97
11029.1 0 4.5 0 9876.03 149 0 -508.967
11136.3 0 4.55 0 9876.03 166 0 -1323.97
10961.5 0 4.55 0 9876.03 225 0 917.033
11001.6 0 4.5 0 9876.03 249 0 -1979.97
10974.9 0 4.5 0 9876.03 215 0 -1868.97
10960.2 0 4.5 0 9876.03 235 0 -2360.97
10807.6 0 4.5 0 9876.03 169 0 1219.03
10760.2 0 4.55 0 9876.03 170 0 -1457.97
10612.2 0 4.5 0 9876.03 137 0 1343.03
10621 0 4.45 0 9876.03 272 0 -2041.97
10610.4 0 4.45 0 9876.03 164 0 -1050.97
10677 0 4.5 0 9876.03 216 0 -647.967
10906.9 0 4.65 0 9876.03 152 0 -1548.97
10921.8 0 4.7 0 9876.03 148 0 301.033
10938.8 0 4.65 0 9876.03 221 0 -2081.97
10920.6 0 4.65 0 9876.03 264 0 -1731.97
11036.4 0 4.7 0 9876.03 283 0 -1382.97
11021.2 0 4.6 0 9876.03 220 0 -1923.97
10954.6 0 4.7 0 9876.03 147 0 -1241.97
10914.9 0 4.75 0 9876.03 193 0 -1402.97
10868.4 0 4.7 0 9876.03 78 0 420.033
10902.2 0 4.7 0 9876.03 192 0 -2000.97
11039.5 0 4.65 0 9876.03 303 0 -1827.97
11035 0 4.65 0 9876.03 176 0 -1890.97
11002.5 0 4.65 0 9876.03 302 0 -1218.97
10860.8 0 4.6 0 9876.03 246 0 475.033
10996.2 0 4.65 0 9876.03 118 0 -1490.97
10833.5 0 4.6 0 9876.03 187 0 1796.03
10950 0 4.6 0 9876.03 258 0 -986.967
10942.4 0 4.7 0 9876.03 137 0 -1887.97
10943.8 0 4.7 0 9876.03 172 0 -1079.97
11006.4 0 4.75 0 9876.03 188 0 -1898.97
11003.6 0 4.6 0 9876.03 269 0 -1494.97
11106.8 0 4.65 0 9876.03 189 0 -1760.97
11115.5 0 4.65 0 9876.03 182 0 -2256.97
11096.8 0 4.7 0 9876.03 195 0 -1356.97
11085.8 0 4.65 0 9876.03 273 0 -1162.97
10902.9 0 4.65 0 9876.03 183 0 1734.03
10916.8 0 4.65 0 9876.03 112 0 -1520.97
10789 0 4.55 0 9876.03 255 0 1152.03
10896.5 0 4.55 0 9876.03 186 0 -1727.97
10761.2 0 4.5 0 9876.03 151 0 703.033
10714.4 0 4.6 0 9876.03 158 0 -889.967
10700.9 0 4.55 0 9876.03 250 0 -1621.97
10726.3 0 4.65 0 9876.03 165 0 -1726.97
10490.2 0 4.5 0 9876.03 353 0 5197.03
10466.6 0 4.55 0 9876.03 100 0 -1019.97
10617.7 0 4.5 0 9876.03 263 0 -1224.97
10670.4 0 4.55 0 9876.03 195 0 -2039.97
10655.5 0 4.45 0 9876.03 241 0 -1590.97
10660.1 0 4.45 0 9876.03 141 0 -1171.97
10518.2 0 4.45 0 9876.03 146 0 939.033
10519.8 0 4.55 0 9876.03 143 0 -1525.97
10504.2 0 4.6 0 9876.03 162 0 -1449.97
10449.8 0 4.55 0 9876.03 192 0 -1167.97
10439.9 0 4.55 0 9876.03 187 0 -1159.97
10462.5 0 4.55 0 9876.03 313 0 -1613.97
10630 0 4.6 0 9876.03 205 0 -1615.97
10623 0 4.5 0 9876.03 250 0 -1382.97
10782.9 0 4.6 0 9876.03 205 0 -2043.97
10748 0 4.5 0 9876.03 241 0 -1030.97
10846.8 0 4.6 0 9876.03 120 0 -1272.97
10867.4 0 4.6 0 9876.03 189 0 -1301.97
10711.4 0 4.7 0 9876.03 120 0 1499.03
10600.4 0 4.55 0 9876.03 241 0 492.033
10943.1 0 4.75 0 9876.03 185 0 -1657.97
10743.4 0 4.55 0 9876.03 230 0 2976.03
10767.5 0 4.6 0 9876.03 182 0 -1707.97
10762 0 4.6 0 9876.03 194 0 -1929.97
10750.8 0 4.65 0 9876.03 220 0 -1366.97
10673.7 0 4.65 0 9876.03 105 0 370.033
10751.9 0 4.6 0 9876.03 200 0 -623.967
10721.2 0 4.6 0 9876.03 170 0 -912.967
10717.3 0 4.6 0 9876.03 123 0 -1371.97
10679 0 4.55 0 9876.03 276 0 -400.967
10684.5 0 4.55 0 9876.03 174 0 -1270.97
10709.5 0 4.65 0 9876.03 190 0 -2114.97
10743.9 0 4.6 0 9876.03 225 0 -2301.97
10734.8 0 4.6 0 9876.03 255 0 -1201.97
10721.9 0 4.65 0 9876.03 163 0 -1785.97
10747.5 0 4.7 0 9876.03 258 0 -1543.97
10788.4 0 4.65 0 9876.03 157 0 -2088.97
10811.5 0 4.7 0 9876.03 162 0 -1765.97
10961.5 0 4.6 0 9876.03 206 0 -1498.97
10724.7 0 4.6 0 9876.03 117 0 5227.03
10578.2 0 4.6 0 9876.03 177 0 1271.03
10715.5 0 4.75 0 9876.03 240 0 231.033
10700 0 4.7 0 9876.03 193 0 -1396.97
10663 0 4.65 0 9876.03 307 0 -1189.97
10594 0 4.55 0 9876.03 270 0 12.0333
10708.6 0 4.55 0 9876.03 189 0 -1921.97
10738.1 0 4.55 0 9876.03 278 0 -1214.97
10661 0 4.55 0 9876.03 162 0 630.033
10693 0 4.45 0 9876.03 263 0 -2012.97
10761.2 0 4.6 0 9876.03 123 0 -1764.97
10785 0 4.6 0 9876.03 199 0 -1746.97
10581 0 4.5 0 9876.03 293 0 1967.03
10427 0 4.5 0 9876.03 236 0 776.033
10444 0 4.55 0 9876.03 247 0 -1540.97
10232.9 0 4.4 0 9876.03 179 0 2436.03
10224 0 4.45 0 9876.03 185 0 -1366.97
10198.5 0 4.45 0 9876.03 194 0 -1576.97
10187.7 0 4.4 0 9876.03 179 0 -1550.97
10140.8 0 4.45 0 9876.03 171 0 -559.967
10474.5 0 4.5 0 9876.03 260 0 -1447.97
10624.4 0 4.45 0 9876.03 242 0 -1725.97
10735.9 0 4.45 0 9876.03 218 0 -1999.97
10776.5 0 4.45 0 9876.03 280 0 -2208.97
10834.2 0 4.5 0 9876.03 181 0 -2344.97
10709.6 0 4.5 0 9876.03 364 0 2504.03
10568 0 4.45 0 9876.03 192 0 911.033
10558.3 0 4.5 0 9876.03 230 0 -1020.97
10630.1 0 4.55 0 9876.03 110 0 -805.967
10582 0 4.5 0 9876.03 260 0 -1049.97
10573.5 0 4.5 0 9876.03 146 0 -1595.97
10587.4 0 4.5 0 9876.03 217 0 -2024.97
10761 0 4.55 0 9876.03 200 0 -1505.97
10877.2 0 4.5 0 9876.03 260 0 -1546.97
10872.2 0 4.55 0 9876.03 143 0 -1440.97
11073.9 0 4.7 0 9876.03 151 0 -1597.97
10891.1 0 4.55 0 9876.03 306 0 2288.03
10841.3 0 4.55 0 9876.03 219 0 -579.967
10853.8 0 4.5 0 9876.03 218 0 -1799.97
10913.1 0 4.45 0 9876.03 259 0 -1746.97
10824.8 0 4.5 0 9876.03 316 0 318.033
10806.9 0 4.55 0 9876.03 108 0 -1367.97
10774.8 0 4.6 0 9876.03 183 0 -1357.97
10744.1 0 4.65 0 9876.03 188 0 -1594.97
10676.2 0 4.6 0 9876.03 207 0 -987.967
10897.8 0 4.7 0 9876.03 212 0 -1925.97
10997.8 0 4.7 0 9876.03 206 0 -1088.97
10812 0 4.6 0 9876.03 363 0 2695.03
10836.8 0 4.55 0 9876.03 163 0 -1302.97
10879.2 0 4.6 0 9876.03 219 0 -1897.97
10882.2 0 4.6 0 9876.03 140 0 -1655.97
10788.5 0 4.6 0 9876.03 255 0 -151.967
10678.4 0 4.5 0 9876.03 243 0 697.033
10712.9 0 4.65 0 9876.03 197 0 -2235.97
10524 0 4.5 0 9876.03 277 0 2335.03
10521 0 4.45 0 9876.03 138 0 -1536.97
10596.2 0 4.6 0 9876.03 198 0 783.033
10474.2 0 4.45 0 9876.03 306 0 1861.03
10342.6 0 4.45 0 9876.03 248 0 832.033
10347 0 4.55 0 9876.03 120 0 -1833.97
10442 0 4.6 0 9876.03 151 0 -1581.97
10436.7 0 4.6 0 9876.03 145 0 -1262.97
10460.1 0 4.6 0 9876.03 139 0 -1825.97
10448 0 4.6 0 9876.03 132 0 -1353.97
10447.5 0 4.65 0 9876.03 172 0 -976.967
10437.3 0 4.7 0 9876.03 158 0 -1721.97
10447.1 0 4.75 0 9876.03 179 0 -1284.97
10654.1 0 4.85 0 9876.03 191 0 -1444.97
10652.4 0 4.85 0 9876.03 191 0 -1267.97
10606.8 0 4.85 0 9876.03 256 0 -986.967
10434.6 0 4.75 0 9876.03 283 0 1787.03
10491 0 4.8 0 9876.03 111 0 -1278.97
10445.9 0 4.85 0 9876.03 140 0 1599.03
10277.8 0 4.65 0 9876.03 423 0 1127.03
10345.6 0 4.75 0 9876.03 116 0 978.033
10285.1 0 4.7 0 9876.03 270 0 -327.967
10165.1 0 4.6 0 9876.03 131 0 3183.03
10357.5 0 4.75 0 9876.03 171 0 -1986.97
10480.1 0 4.85 0 9876.03 182 0 -1618.97
10327.9 0 4.75 0 9876.03 193 0 1210.03
10292.4 0 4.7 0 9876.03 213 0 -870.967
10156.8 0 4.6 0 9876.03 250 0 1448.03
10018 0 4.5 0 9876.03 181 0 949.033
9965.95 0 4.45 0 9876.03 223 0 -311.967
9963.05 0 4.45 0 9876.03 175 0 -918.967
9964.85 0 4.4 0 9876.03 181 0 -1757.97
9843.2 0 4.4 0 9876.03 159 0 1148.03
9840.5 0 4.4 0 9876.03 159 0 -1390.97
9842.95 0 4.4 0 9876.03 211 0 -1316.97
9897.2 0 4.4 0 9876.03 239 0 -2071.97
9976.25 0 4.4 0 9876.03 325 0 206.033
9889.6 0 4.3 0 9876.03 209 0 454.033
10094.8 0 4.35 0 9876.03 197 0 -2503.97
10224.2 0 4.45 0 9876.03 253 0 -1461.97
10143 0 4.35 0 9876.03 231 0 2602.03
10192 0 4.4 0 9876.03 183 0 -1307.97
10428 0 4.45 0 9876.03 262 0 -1536.97
10446.5 0 4.4 0 9876.03 201 0 -2357.97
10307.1 0 4.4 0 9876.03 134 0 1170.03
10448 0 4.4 0 9876.03 237 0 -1608.97
10358.3 0 4.35 0 9876.03 216 0 924.033
10376.5 0 4.45 0 9876.03 192 0 1084.03
10474.6 0 4.45 0 9876.03 206 0 -1013.97
10552.8 0 4.55 0 9876.03 143 0 -1874.97
10576.9 0 4.55 0 9876.03 181 0 -1399.97
10552.6 0 4.55 0 9876.03 214 0 -1273.97
10677.6 0 4.45 0 9876.03 250 0 -1350.97
10702.2 0 4.5 0 9876.03 149 0 -1882.97
10503.1 0 4.45 0 9876.03 185 0 2664.03
10489 0 4.45 0 9876.03 259 0 -1788.97
10535.4 0 4.45 1 9876.03 304 0 0
10556.5 0 4.25 0 9876.03 528 0 0
10452.1 0 4 0 9876.03 552 0 0
10390.5 0 3.8 0 9876.03 539 0 0
10523.9 0 3.65 0 9876.03 521 0 0
10462 0 3.4 0 9876.03 529 0 0
10400.1 0 3.2 0 9876.03 531 0 0
10146.8 0 3 0 9876.03 440 0 0
10241.5 0 2.7 0 9876.03 552 0 0
10086.8 0 2.5 0 9876.03 443 0 0
10159.9 0 2.3 0 9876.03 615 0 0
10266.3 0 2.05 0 9876.03 602 0 0
10149.5 0 1.85 0 9876.03 519 0 0
10096.9 0 1.55 0 9876.03 568 0 0
10060.6 0 1.3 0 9876.03 571 0 0
10013.6 0 1.05 0 9876.03 535 0 0
9962.6 0 0.9 0 9876.03 527 0 0
9882.05 0 0.6 0 9876.03 534 0 0
9961.55 0 0.4 0 9876.03 516 0 0
9892.85 0 0.2 0 9876.03 550 0 0
9876.45 0 0 0 9876.03 556 0 0
9876.25 0 0 0 9876.03 527 0 0
9864.75 0 0 0 9876.03 538 0 0
9867.2 0 0 0 9876.03 546 0 0
9855.2 0 0 0 9876.03 510 0 0
9790.2 0 0 0 9876.03 468 0 0
9823.15 0 0 0 9876.03 566 0 0
9967.1 0 0 0 9876.03 526 0 0
9906.05 0 0 0 9876.03 502 0 0
10011.6 0 0 0 9876.03 565 0 0
9954 0 0 0 9876.03 507 0 0
9841.9 0 0 0 9876.03 477 0 0
9905.65 0 0 0 9876.03 519 0 0
9865.15 0 0 0 9876.03 519 0 0
9807.45 0 0 0 9876.03 532 0 0
9819.4 0 0 0 9876.03 544 0 0
9769.55 0 0 0 9876.03 512 0 0
9777.35 0 0 0 9876.03 569 0 0
9847.15 0 0 0 9876.03 550 0 0
9880.65 0 0 0 9876.03 584 0 0
9879.35 0 0 0 9876.03 552 0 0
9811.2 0 0 0 9876.03 474 0 0
9849.3 0 0 0 9876.03 563 0 0
9874.95 0 0 0 9876.03 595 0 0
9920.95 0 0 0 9876.03 555 0 0
9989.9 0 0 0 9876.03 526 0 0
9856.05 0 0 0 9876.03 477 0 0
9848.2 0 0 0 9876.03 521 0 0
9804.45 0 0 0 9876.03 470 0 0
9790.7 0 0 0 9876.03 547 0 0
9896.35 0 0 0 9876.03 606 0 0
9991.55 0 0 0 9876.03 553 0 0
9902.75 0 0 0 9876.03 425 0 0
9918.95 0 0 0 9876.03 530 0 0
10015.5 0 0 0 9876.03 612 0 0
9993.5 0 0 0 9876.03 545 0 0
10033.5 0 0 0 9876.03 541 0 0
9896.25 0 0 0 9876.03 424 0 0
9896 0 0 0 9876.03 548 0 0
9750 0 0 0 9876.03 437 0 0
9769.1 0 0 0 9876.03 563 0 0
9846.65 0 0 0 9876.03 521 0 0
9849 0 0 0 9876.03 561 0 0
9813.1 0 0 0 9876.03 518 0 0
9778 0 0 0 9876.03 526 0 0
9776.6 0 0 0 9876.03 540 0 0
9926.15 0 0 0 9876.03 600 0 0
9910.5 0 0 0 9876.03 505 0 0
9980.45 0 0 0 9876.03 522 0 0
10001.6 0 0 0 9876.03 556 0 0
9887.45 0 0 0 9876.03 505 0 0
9803.9 0 0 0 9876.03 515 0 0
9932.3 0 0 0 9876.03 555 0 0
9941 0 0 0 9876.03 549 0 0
9782.15 0 0 0 9876.03 499 0 0
9744 0 0 0 9876.03 503 0 0
9671.9 0 0 0 9876.03 457 0 0
9816.45 0 0 0 9876.03 553 0 0
9878.3 0 0 0 9876.03 595 0 0
9989.85 0 0 0 9876.03 538 0 0
9968.95 0 0 0 9876.03 528 0 0
9984.35 0 0 0 9876.03 541 0 0
9973.35 0 0 0 9876.03 561 0 0
9867.8 0 0 0 9876.03 457 0 0
9862.05 0 0 0 9876.03 522 0 0
9888.8 0 0 0 9876.03 573 0 0
9757 0 0 0 9876.03 456 0 0
9757.85 0 0 0 9876.03 495 0 0
9670.6 0 0 0 9876.03 482 0 0
9560.5 0 0 0 9876.03 565 0 0
9529.55 0 0 0 9876.03 451 0 0
9571.9 0 0 0 9876.03 511 0 0
9538.4 0 0 0 9876.03 538 0 0
9506.85 0 0 0 9876.03 525 0 0
9515.15 0 0 0 9876.03 468 0 0
9522.15 0 0 0 9876.03 495 0 0
9483.85 0 0 0 9876.03 406 0 0
9442.6 0 0 0 9876.03 511 0 0
9460.95 0 0 0 9876.03 620 0 0
9357.4 0 0 0 9876.03 464 0 0
9366.65 0 0 0 9876.03 557 0 0
9381.45 0 0 0 9876.03 572 0 0
9383.45 0 0 0 9876.03 577 0 0
9459.8 0 0 0 9876.03 497 0 0
9379.4 0 0 0 9876.03 479 0 0
9415.15 0 0 0 9876.03 592 0 0
9569.05 0 0 0 9876.03 606 0 0
9629 0 0 0 9876.03 567 0 0
9744.7 0 0 0 9876.03 558 0 0
9831.4 0 0 0 9876.03 550 0 0
9937.45 0 0 0 9876.03 564 0 0
9923.8 0 0 0 9876.03 511 0 0
9912.45 0 0 0 9876.03 527 0 0
9928.05 0 0 0 9876.03 542 0 0
9899.2 0 0 0 9876.03 606 0 0
9973.8 0 0 0 9876.03 577 0 0
10032.4 0 0 0 9876.03 600 0 0
10096.4 0 0 0 9876.03 587 0 0
10016 0 0 0 9876.03 530 0 0
10094.5 0 0 0 9876.03 527 0 0
9963.3 0 0 0 9876.03 438 0 0
9922.75 0 0 0 9876.03 532 0 0
9909.55 0 0 0 9876.03 556 0 0
9935.7 0 0 0 9876.03 522 0 0
10060.8 0 0 0 9876.03 564 0 0
10017.1 0 0 0 9876.03 542 0 0
9966.25 0 0 0 9876.03 553 0 0
9903.15 0 0 0 9876.03 505 0 0
9905 0 0 0 9876.03 569 0 0
9816.8 0 0 0 9876.03 471 0 0
9808.7 0 0 0 9876.03 559 0 0
9821.55 0 0 0 9876.03 530 0 0
9768 0 0 0 9876.03 488 0 0
9835.85 0 0 0 9876.03 610 0 0
9885 0 0 0 9876.03 484 0 0
9854.25 0 0 0 9876.03 541 0 0
9905.85 0 0 0 9876.03 540 0 0
9755.35 0 0 0 9876.03 443 0 0
9781.05 0 0 0 9876.03 572 0 0
9809.35 0 0 0 9876.03 554 0 0
9898.2 0 0 0 9876.03 499 0 0
9815.3 0 0 0 9876.03 431 0 0
9846.15 0 0 0 9876.03 574 0 0
9901.5 0 0 0 9876.03 580 0 0
9923.15 0 0 0 9876.03 574 0 0
9948.2 0 0 0 9876.03 569 0 0
9846.8 0 0 0 9876.03 557 0 0
9864.5 0 0 0 9876.03 529 0 0
9825.45 0 0 0 9876.03 525 0 0
9910 0 0 0 9876.03 534 0 0
9932.85 0 0 0 9876.03 584 0 0
9949.45 0 0 0 9876.03 523 0 0
10049 0 0 0 9876.03 552 0 0
9977.4 0 0 0 9876.03 516 0 0
10071.7 0 0 0 9876.03 557 0 0
10084.2 0 0 0 9876.03 558 0 0
10080.6 0 0 0 9876.03 542 0 0
10191.7 0 0 0 9876.03 535 0 0
10148.6 0 0 0 9876.03 534 0 0
10109.2 0 0 0 9876.03 521 0 0
10151 0 0 0 9876.03 539 0 0
10248.2 0 0 0 9876.03 533 0 0
10244.2 0 0 0 9876.03 578 0 0
10072.2 0 0 0 9876.03 420 0 0
10024.2 0 0 0 9876.03 543 0 0
10018.5 0 0 0 9876.03 579 0 0
10126.2 0 0 0 9876.03 612 0 0
10149.4 0 0 0 9876.03 559 0 0
10205.1 0 0 0 9876.03 581 0 0
10221.1 0 0 0 9876.03 551 0 0
10200.5 0 0 0 9876.03 545 0 0
10205 0 0 0 9876.03 526 0 0
10190 0 0 0 9876.03 537 0 0
10204.6 0 0 0 9876.03 564 0 0
10185.5 0 0 0 9876.03 539 0 0
10141.8 0 0 0 9876.03 526 0 0
10120.2 0 0 0 9876.03 510 0 0
10102.5 0 0 0 9876.03 513 0 0
10161.8 0 0 0 9876.03 574 0 0
10219.1 0 0 0 9876.03 561 0 0
10245.1 0 0 0 9876.03 571 0 0
10243.5 0 0 0 9876.03 527 0 0
10229.8 0 0 0 9876.03 553 0 0
10350.5 0 0 0 9876.03 523 0 0
10235.1 0 0 0 9876.03 446 0 0
10180 0 0 0 9876.03 523 0 0
10154.4 0 0 0 9876.03 542 0 0
10149.1 0 0 0 9876.03 546 0 0
10090 0 0 0 9876.03 510 0 0
10079 0 0 0 9876.03 556 0 0
10097.2 0 0 0 9876.03 576 0 0
10124.4 0 0 0 9876.03 561 0 0
10132.2 0 0 0 9876.03 563 0 0
10129.9 0 0 0 9876.03 544 0 0
10105 0 0 0 9876.03 529 0 0
10139.8 0 0 0 9876.03 555 0 0
10171.1 0 0 0 9876.03 540 0 0
10198.2 0 0 0 9876.03 541 0 0
10156.5 0 0 0 9876.03 533 0 0
10146.5 0 0 0 9876.03 550 0 0
10102 0 0 0 9876.03 525 0 0
9994.65 0 0 0 9876.03 521 0 0
9973.2 0 0 0 9876.03 550 0 0
9977.95 0 0 0 9876.03 541 0 0
9993.5 0 0 0 9876.03 469 0 0
10016.9 0 0 0 9876.03 554 0 0
10041.2 0 0 0 9876.03 578 0 0
10011.2 0 0 0 9876.03 504 0 0
10036.8 0 0 0 9876.03 549 0 0
10050 0 0 0 9876.03 550 0 0
10063.4 0 0 0 9876.03 593 0 0
9993.7 0 0 0 9876.03 536 0 0
10012.7 0 0 0 9876.03 592 0 0
10032.4 0 0 0 9876.03 575 0 0
10084.5 0 0 0 9876.03 587 0 0
10111 0 0 0 9876.03 584 0 0
10137.1 0 0 0 9876.03 558 0 0
10122.5 0 0 0 9876.03 526 0 0
10150.5 0 0 0 9876.03 559 0 0
10133.7 0 0 0 9876.03 527 0 0
10166.2 0 0 0 9876.03 563 0 0
10280.1 0 0 0 9876.03 536 0 0
10159.3 0 0 0 9876.03 497 0 0
10150.4 0 0 0 9876.03 533 0 0
10251.2 0 0 0 9876.03 567 0 0
10239.7 0 0 0 9876.03 522 0 0
10223.3 0 0 0 9876.03 544 0 0
10241.8 0 0 0 9876.03 524 0 0
10142.8 0 0 0 9876.03 430 0 0
10158.9 0 0 0 9876.03 573 0 0
10124.2 0 0 0 9876.03 562 0 0
10138.5 0 0 0 9876.03 511 0 0
10122.6 0 0 0 9876.03 573 0 0
10089.5 0 0 0 9876.03 542 0 0
10069.5 0 0 0 9876.03 559 0 0
10011.7 0 0 0 9876.03 518 0 0
10032 0 0 0 9876.03 596 0 0
10032.5 0 0 0 9876.03 526 0 0
10018.6 0 0 0 9876.03 551 0 0
9999.3 0 0 0 9876.03 520 0 0
9972 0 0 0 9876.03 549 0 0
9983.85 0 0 0 9876.03 570 0 0
10110.4 0 0 0 9876.03 562 0 0
10033.8 0 0 0 9876.03 471 0 0
10052.1 0 0 0 9876.03 574 0 0
9975.5 0 0 0 9876.03 478 0 0
9948.75 0 0 0 9876.03 515 0 0
9925.6 0 0 0 9876.03 508 0 0
10013 0 0 0 9876.03 537 0 0
9984.95 0 0 0 9876.03 556 0 0
10032.6 0 0 0 9876.03 613 0 0
10031.8 0 0 0 9876.03 516 0 0
10017.3 0 0 0 9876.03 551 0 0
10015.8 0 0 0 9876.03 525 0 0
10021.4 0 0 0 9876.03 558 0 0
10017.9 0 0 0 9876.03 503 0 0
9989 0 0 0 9876.03 547 0 0
10027.6 0 0 0 9876.03 562 0 0
10039.6 0 0 0 9876.03 557 0 0
10038 0 0 0 9876.03 529 0 0
10066.9 0 0 0 9876.03 580 0 0
10077.8 0 0 0 9876.03 571 0 0
10092.7 0 0 0 9876.03 579 0 0
10041.2 0 0 0 9876.03 429 0 0
10031.5 0 0 0 9876.03 552 0 0
10129.5 0 0 0 9876.03 536 0 0
10050.7 0 0 0 9876.03 492 0 0
10109.8 0 0 0 9876.03 558 0 0
10090.9 0 0 0 9876.03 521 0 0
10068.5 0 0 0 9876.03 547 0 0
10030.9 0 0 0 9876.03 574 0 0
10035.2 0 0 0 9876.03 510 0 0
10001.4 0 0 0 9876.03 559 0 0
9691.1 0 0 0 9876.03 1677 0 0
9691.4 0 0 0 9876.03 554 0 0
9667.25 0 0 0 9876.03 480 0 0
9681.05 0 0 0 9876.03 568 0 0
9682 0 0 0 9876.03 590 0 0
9690.95 0 0 0 9876.03 592 0 0
9697.3 0 0 0 9876.03 653 0 0
9597.05 0 0 0 9876.03 502 0 0
9622 0 0 0 9876.03 605 0 0
9609.35 0 0 0 9876.03 570 0 0
9800.2 0 0 0 9876.03 593 0 0
9833.5 0 0 0 9876.03 587 0 0
9814.8 0 0 0 9876.03 560 0 0
9825.45 0 0 0 9876.03 478 0 0
9706.25 0 0 0 9876.03 456 0 0
9737.85 0 0 0 9876.03 547 0 0
9679.6 0 0 0 9876.03 474 0 0
9664.25 0 0 0 9876.03 559 0 0
9733.6 0 0 0 9876.03 597 0 0
9679.2 0 0 0 9876.03 444 0 0
10012.1 0 0 0 9876.03 561 0 0
9902.45 0 0 0 9876.03 487 0 0
9910.65 0 0 0 9876.03 612 0 0
9859.8 0 0 0 9876.03 535 0 0
9742.9 0 0 0 9876.03 479 0 0
9738.05 0 0 0 9876.03 585 0 0
9760.9 0 0 0 9876.03 556 0 0
9876 0 0 0 9876.03 581 0 0
9748.55 0 0 0 9876.03 512 0 0
9640.25 0 0 0 9876.03 485 0 0
9600.25 0 0 0 9876.03 540 0 0
9558.4 0 0 0 9876.03 557 0 0
9449.05 0 0 0 9876.03 423 0 0
9465.85 0 0 0 9876.03 495 0 0
9546.85 0 0 0 9876.03 557 0 0
9534 0 0 0 9876.03 547 0 0
9631.95 0 0 0 9876.03 563 0 0
9619.75 0 0 0 9876.03 524 0 0
9468.7 0 0 0 9876.03 469 0 0
9583.95 0 0 0 9876.03 561 0 0
9596.85 0 0 0 9876.03 569 0 0
9663.65 0 0 0 9876.03 514 0 0
9727.05 0 0 0 9876.03 560 0 0
9764.05 0 0 0 9876.03 566 0 0
9876.35 0 0 0 9876.03 578 0 0
9845.25 0 0 0 9876.03 609 0 0
9859.5 0 0 0 9876.03 550 0 0
9839.4 0 0 0 9876.03 550 0 0
9991.1 0 0 0 9876.03 624 0 0
10132.9 0 0 0 9876.03 596 0 0
10084.1 0 0 0 9876.03 505 0 0
10062.8 0 0 0 9876.03 531 0 0
10085.1 0 0 0 9876.03 475 0 0
10177.8 0 0 0 9876.03 577 0 0
10189.9 0 0 0 9876.03 543 0 0
10185 0 0 0 9876.03 513 0 0
10190.5 0 0 0 9876.03 557 0 0
10120 0 0 0 9876.03 460 0 0
10235.1 0 0 0 9876.03 545 0 0
10232.5 0 0 0 9876.03 567 0 0
10240 0 0 0 9876.03 569 0 0
10260.5 0 0 0 9876.03 539 0 0
10239.7 0 0 0 9876.03 546 0 0
10205 0 0 0 9876.03 527 0 0
10169.4 0 0 0 9876.03 520 0 0
10156.4 0 0 0 9876.03 511 0 0
10161.4 0 0 0 9876.03 563 0 0
10004 0 0 0 9876.03 413 0 0
9981.2 0 0 0 9876.03 598 0 0
9913.8 0 0 0 9876.03 509 0 0
9853.95 0 0 0 9876.03 457 0 0
9794.4 0 0 0 9876.03 542 0 0
9894.95 0 0 0 9876.03 555 0 0
9780.15 0 0 0 9876.03 515 0 0
9822.05 0 0 0 9876.03 592 0 0
9839.85 0 0 0 9876.03 542 0 0
9841.35 0 0 0 9876.03 568 0 0
9824.3 0 0 0 9876.03 438 0 0
9845.45 0 0 0 9876.03 574 0 0
9796.75 0 0 0 9876.03 520 0 0
9778.9 0 0 0 9876.03 562 0 0
9785.75 0 0 0 9876.03 549 0 0
9780.15 0 0 0 9876.03 556 0 0
9810.45 0 0 0 9876.03 550 0 0
9813.55 0 0 0 9876.03 523 0 0
9753.9 0 0 0 9876.03 550 0 0
9753.75 0 0 0 9876.03 572 0 0
9851.45 0 0 0 9876.03 541 0 0
9803.65 0 0 0 9876.03 562 0 0
9713.85 0 0 0 9876.03 445 0 0
9806.5 0 0 0 9876.03 537 0 0
9868.9 0 0 0 9876.03 528 0 0
9892.45 0 0 0 9876.03 570 0 0
9976.2 0 0 0 9876.03 523 0 0
9929.3 0 0 0 9876.03 534 0 0
9952 0 0 0 9876.03 565 0 0
9934.1 0 0 0 9876.03 546 0 0
10026.4 0 0 0 9876.03 544 0 0
9999.1 0 0 0 9876.03 545 0 0
9974.75 0 0 0 9876.03 574 0 0
9974 0 0 0 9876.03 559 0 0
9970.55 0 0 0 9876.03 544 0 0
9955.15 0 0 0 9876.03 519 0 0
10002.5 0 0 0 9876.03 614 0 0
10003.7 0 0 0 9876.03 539 0 0
10081.9 0 0 0 9876.03 566 0 0
10072.6 0 0 0 9876.03 565 0 0
10133.4 0 0 0 9876.03 573 0 0
10103.1 0 0 0 9876.03 505 0 0
10245.3 0 0 0 9876.03 576 0 0
10254.4 0 0 0 9876.03 545 0 0
10313.1 0 0 0 9876.03 585 0 0
10307.9 0 0 0 9876.03 558 0 0
10361.1 0 0 0 9876.03 600 0 0
10200.9 0 0 0 9876.03 365 0 0
10202.3 0 0 0 9876.03 565 0 0
10202 0 0 0 9876.03 558 0 0
10240.9 0 0 0 9876.03 591 0 0
10267.1 0 0 0 9876.03 583 0 0
10302.9 0 0 0 9876.03 574 0 0
10226.4 0 0 0 9876.03 586 0 0
10187.6 0 0 0 9876.03 508 0 0
10169.4 0 0 0 9876.03 509 0 0
10107.5 0 0 0 9876.03 527 0 0
10176.6 0 0 0 9876.03 606 0 0
10163.6 0 0 0 9876.03 539 0 0
10168.4 0 0 0 9876.03 577 0 0
10030.1 0 0 0 9876.03 557 0 0
10050.1 0 0 0 9876.03 550 0 0
9983.5 0 0 0 9876.03 499 0 0
9875.15 0 0 0 9876.03 428 0 0
9828.05 0 0 0 9876.03 527 0 0
9809.1 0 0 0 9876.03 537 0 0
9749.3 0 0 0 9876.03 511 0 0
9901.8 0 0 0 9876.03 517 0 0
9918.45 0 0 0 9876.03 600 0 0
9937.05 0 0 0 9876.03 587 0 0
9939.7 0 0 0 9876.03 591 0 0
9939.7 0 0 0 9876.03 577 0 0
9935.65 0 0 0 9876.03 538 0 0
9958.1 0 0 0 9876.03 580 0 0
9991.35 0 0 0 9876.03 530 0 0
10026 0 0 0 9876.03 524 0 0
9940.9 0 0 0 9876.03 443 0 0
9883.35 0 0 0 9876.03 542 0 0
9809.15 0 0 0 9876.03 504 0 0
9794.1 0 0 0 9876.03 545 0 0
9817.55 0 0 0 9876.03 490 0 0
9771 0 0 0 9876.03 545 0 0
9803 0 0 0 9876.03 561 0 0
9886.45 0 0 0 9876.03 516 0 0
9842.5 0 0 0 9876.03 518 0 0
9847.85 0 0 0 9876.03 534 0 0
9881.65 0 0 0 9876.03 551 0 0
9867.2 0 0 0 9876.03 515 0 0
9830.8 0 0 0 9876.03 555 0 0
9762.3 0 0 0 9876.03 535 0 0
9756.3 0 0 0 9876.03 588 0 0
9733.65 0 0 0 9876.03 528 0 0
9756.7 0 0 0 9876.03 539 0 0
9805.2 0 0 0 9876.03 531 0 0
9850.4 0 0 0 9876.03 570 0 0
9840.95 0 0 0 9876.03 529 0 0
9816.8 0 0 0 9876.03 441 0 0
9808.75 0 0 0 9876.03 539 0 0
9758.65 0 0 0 9876.03 433 0 0
9735.5 0 0 0 9876.03 556 0 0
9865.7 0 0 0 9876.03 568 0 0
9832.2 0 0 0 9876.03 468 0 0
9848.05 0 0 0 9876.03 562 0 0
9890.9 0 0 0 9876.03 563 0 0
9941.9 0 0 0 9876.03 568 0 0
9897 0 0 0 9876.03 547 0 0
9872.45 0 0 0 9876.03 544 0 0
9922 0 0 0 9876.03 570 0 0
9939.15 0 0 0 9876.03 578 0 0
9996.25 0 0 0 9876.03 553 0 0
9970.4 0 0 0 9876.03 544 0 0
9980.75 0 0 0 9876.03 544 0 0
9985.1 0 0 0 9876.03 546 0 0
10008.9 0 0 0 9876.03 571 0 0
9966.75 0 0 0 9876.03 538 0 0
9894.1 0 0 0 9876.03 482 0 0
10019.7 0 0 0 9876.03 566 0 0
10004 0 0 0 9876.03 531 0 0
10013.8 0 0 0 9876.03 458 0 0
9958.95 0 0 0 9876.03 495 0 0
9957.95 0 0 0 9876.03 583 0 0
10026.9 0 0 0 9876.03 517 0 0
10022.9 0 0 0 9876.03 547 0 0
10005.2 0 0 0 9876.03 548 0 0
9894.35 0 0 0 9876.03 483 0 0
9865.2 0 0 0 9876.03 493 0 0
9867.2 0 0 0 9876.03 578 0 0
9724.1 0 0 0 9876.03 502 0 0
9629.6 0 0 0 9876.03 496 0 0
9661.75 0 0 0 9876.03 586 0 0
9684.25 0 0 0 9876.03 568 0 0
9674.35 0 0 0 9876.03 541 0 0
9678.45 0 0 0 9876.03 565 0 0
9612.55 0 0 0 9876.03 517 0 0
9564.75 0 0 0 9876.03 500 0 0
9640.8 0 0 0 9876.03 539 0 0
9646.55 0 0 0 9876.03 564 0 0
9722.55 0 0 0 9876.03 604 0 0
9886.95 0 0 0 9876.03 583 0 0
9975.45 0 0 0 9876.03 552 0 0
9961.05 0 0 0 9876.03 553 0 0
9990.45 0 0 0 9876.03 563 0 0
9970.75 0 0 0 9876.03 535 0 0
9973.4 0 0 0 9876.03 558 0 0
10037.1 0 0 0 9876.03 506 0 0
10125 0 0 0 9876.03 576 0 0
10092 0 0 0 9876.03 502 0 0
10178.6 0 0 0 9876.03 507 0 0
10243.2 0 0 0 9876.03 532 0 0
10204.4 0 0 0 9876.03 544 0 0
10184.6 0 0 0 9876.03 550 0 0
10188.5 0 0 0 9876.03 562 0 0
10175.4 0 0 0 9876.03 559 0 0
10224.9 0 0 0 9876.03 564 0 0
10260.4 0 0 0 9876.03 534 0 0
10306.4 0 0 0 9876.03 592 0 0
10315.5 0 0 0 9876.03 563 0 0
10237.6 0 0 0 9876.03 511 0 0
10213.3 0 0 0 9876.03 557 0 0
10220.8 0 0 0 9876.03 566 0 0
10223.9 0 0 0 9876.03 563 0 0
10088.5 0 0 0 9876.03 431 0 0
10079.1 0 0 0 9876.03 520 0 0
10114.5 0 0 0 9876.03 596 0 0
10183.6 0 0 0 9876.03 577 0 0
10167.6 0 0 0 9876.03 544 0 0
10218.5 0 0 0 9876.03 546 0 0
10289 0 0 0 9876.03 577 0 0
10300.6 0 0 0 9876.03 530 0 0
10308.1 0 0 0 9876.03 568 0 0
10128.4 0 0 0 9876.03 452 0 0
10156.1 0 0 0 9876.03 602 0 0
10143.4 0 0 0 9876.03 572 0 0
10103.2 0 0 0 9876.03 534 0 0
10111 0 0 0 9876.03 540 0 0
10082.2 0 0 0 9876.03 542 0 0
10105.6 0 0 0 9876.03 593 0 0
10067.7 0 0 0 9876.03 474 0 0
10058.5 0 0 0 9876.03 547 0 0
10027.6 0 0 0 9876.03 544 0 0
10025.2 0 0 0 9876.03 568 0 0
10038.1 0 0 0 9876.03 428 0 0
10048.4 0 0 0 9876.03 543 0 0
9991.55 0 0 0 9876.03 535 0 0
9946.85 0 0 0 9876.03 512 0 0
9834.4 0 0 0 9876.03 422 0 0
9811.1 0 0 0 9876.03 524 0 0
9760.8 0 0 0 9876.03 530 0 0
9672.65 0 0 0 9876.03 458 0 0
9652.3 0 0 0 9876.03 541 0 0
9816.1 0 0 0 9876.03 549 0 0
9774.2 0 0 0 9876.03 540 0 0
9651.5 0 0 0 9876.03 427 0 0
9630.3 0 0 0 9876.03 498 0 0
9683.9 0 0 0 9876.03 595 0 0
9590.65 0 0 0 9876.03 446 0 0
9528.7 0 0 0 9876.03 514 0 0
9614.7 0 0 0 9876.03 568 0 0
9608.9 0 0 0 9876.03 547 0 0
9649.1 0 0 0 9876.03 581 0 0
9640.75 0 0 0 9876.03 562 0 0
9673.9 0 0 0 9876.03 472 0 0
9690.3 0 0 0 9876.03 551 0 0
9746.9 0 0 0 9876.03 82 0 0
9760.3 0 0 0 9876.03 13 0 0
9924.8 0 0 0 9876.03 19 0 0
9988.75 0 0 0 9876.03 18 0 0
10020.6 0 0 0 9876.03 18 0 0
10113.1 0 0 0 9876.03 15 0 0
10128.2 0 0 0 9876.03 15 0 0
10158 0 0 0 9876.03 18 0 0
10183.5 0 0 0 9876.03 17 0 0
10338.9 0 0 0 9876.03 17 0 0
10413.4 0 0 0 9876.03 17 0 0
10470.9 0 0 0 9876.03 12 0 0
10590.6 0 0 0 9876.03 15 0 0
10655.4 0 0 0 9876.03 17 0 0
10658.6 0 0 0 9876.03 18 0 0
10650 0 0 0 9876.03 19 0 0
10647.9 0 0 0 9876.03 17 0 0
10686.6 0 0 0 9876.03 12 0 0
10671 0 0 0 9876.03 14 0 0
10679.6 0 0 0 9876.03 16 0 0
10729.1 0 0 0 9876.03 16 0 0
10753.3 0 0 0 9876.03 13 0 0
10732.2 0 0 0 9876.03 16 0 0
10699 0 0 0 9876.03 14 0 0
10730.5 0 0 0 9876.03 19 0 0
10719.9 0 0 0 9876.03 24 0 0
10701.8 0 0 0 9876.03 24 0 0
10682.4 0 0 0 9876.03 21 0 0
10678.5 0 0 0 9876.03 25 0 0
10674 0 0 0 9876.03 23 0 0
10609.4 0 0 0 9876.03 21 0 0
10488.4 0 0 0 9876.03 19 0 0
10479.4 0 0 0 9876.03 25 0 0
10360.7 0 0 0 9876.03 18 0 0
10342.2 0 0 0 9876.03 23 0 0
10363.4 0 0 0 9876.03 23 0 0
10345.2 0 0 0 9876.03 24 0 0
10305.4 0 0 0 9876.03 25 0 0
10412.4 0 0 0 9876.03 26 0 0
10400.2 0 0 0 9876.03 21 0 0
10338.3 0 0 0 9876.03 26 0 0
10377.5 0 0 0 9876.03 26 0 0
10318.6 0 0 0 9876.03 22 0 0
10189 0 0 0 9876.03 19 0 0
10186.6 0 0 0 9876.03 25 0 0
10207.5 0 0 0 9876.03 27 0 0
10225.8 0 0 0 9876.03 25 0 0
10210.5 0 0 0 9876.03 25 0 0
10220.1 0 0 0 9876.03 26 0 0
10089.1 0 0 0 9876.03 21 0 0
10119 0 0 0 9876.03 26 0 0
10017.9 0 0 0 9876.03 20 0 0
10024.1 0 0 0 9876.03 26 0 0
10112.3 0 0 0 9876.03 26 0 0
10036.9 0 0 0 9876.03 20 0 0
9512.4 0 0 0 9876.03 20 0 0
8989.5 0 0 0 9876.03 26 0 0
8467.55 0 0 0 9876.03 1 0 0
7946 0 0 0 9876.03 1059 0 0
7435.15 0 0 0 9876.03 2258 0 0
6899.35 0 0 0 9876.03 280 0 0
