0 restore_end page_write
0 0 1077
0 0 3529
0 0 3560
0 0 3529
0 0 3475
0 0 3506
0 0 3697
0 0 4558
0 0 4487
0 0 4024
0 0 3582
0 0 3599
0 0 2997
0 0 2966
0 0 2755
0 0 4327
0 0 3528
0 0 3548
0 0 3551
0 0 3627
0 0 3536
0 0 3550
0 0 3582
0 0 3603
0 0 3489
0 0 3540
0 0 3483
0 0 3398
0 0 3419
0 0 3636
0 0 3601
0 0 3564
0 0 3761
0 0 3740
0 0 3704
0 0 3736
0 0 3727
0 0 3743
0 0 3726
0 0 3691
0 0 3710
0 0 3731
0 0 3757
0 0 3778
0 0 3873
0 0 3730
0 0 3726
0 0 3743
0 0 3852
0 0 3767
0 0 3999
0 0 3655
0 0 3742
0 0 4816
0 0 5072
0 0 5030
0 0 4979
0 0 4980
0 0 4885
0 0 4864
0 0 4996
0 0 5219
0 0 5070
0 0 4920
0 0 4933
0 0 5045
0 0 5079
0 0 4972
0 0 5005
0 0 4617
0 0 3712
0 0 4055
0 0 5010
0 0 4990
0 0 5010
0 0 5018
0 0 5108
0 0 4994
0 0 4422
0 0 5049
0 0 5271
0 0 5240
0 0 5199
0 0 5074
0 0 5291
0 0 5079
0 0 5125
0 0 5207
0 0 4021
0 0 3744
0 0 3737
0 0 3901
0 0 3734
0 0 3714
0 0 3752
0 0 3740
0 0 3849
0 0 3819
0 0 3703
0 0 3738
0 0 3742
0 0 3737
0 0 3738
0 0 3690
0 0 3749
0 0 3720
0 0 3702
0 0 3863
0 0 3766
0 0 3775
0 0 3725
0 0 3729
0 0 3735
0 0 3723
0 0 3757
0 0 3734
0 0 3739
0 0 3733
0 0 3708
0 0 3740
0 0 3742
0 0 3737
0 0 3731
0 0 3710
0 0 3736
0 0 3727
0 0 3725
0 0 3713
0 0 3706
0 0 3746
0 0 3915
0 0 3792
0 0 3772
0 0 3824
0 0 3743
0 0 3816
0 0 3779
0 0 3959
0 0 3704
0 0 3743
0 0 3767
0 0 3735
0 0 3732
0 0 3689
0 0 3963
0 0 4048
0 0 3730
0 0 3911
0 0 3754
0 0 3835
0 0 3749
0 0 3848
0 0 3734
0 0 3757
0 0 3826
0 0 3748
0 0 3746
0 0 3725
0 0 4718
0 0 5115
0 0 4974
0 0 5261
0 0 5219
0 0 5299
0 0 5190
0 0 5087
0 0 5253
0 0 5261
0 0 5240
0 0 5239
0 0 5252
0 0 5092
0 0 5099
0 0 5281
0 0 5228
0 0 5244
0 0 5058
0 0 5273
0 0 5066
0 0 5140
0 0 5138
0 0 5337
0 0 5225
0 0 5341
0 0 5187
0 0 5281
0 0 5171
0 0 5278
0 0 4095
0 0 3735
0 0 3719
0 0 3725
0 0 3740
0 0 3814
0 0 4939
0 0 4961
0 0 4962
0 0 4946
0 0 4973
0 0 5030
0 0 5016
0 0 4789
0 0 3705
0 0 3680
0 0 3715
0 0 3712
0 0 3728
0 0 3695
0 0 3738
0 0 3860
0 0 3878
0 0 3726
0 0 3719
0 0 3750
0 0 3738
0 0 3911
0 0 3813
0 0 3715
0 0 3827
0 0 3758
0 0 3751
0 0 3723
0 0 3735
0 0 3767
0 0 4051
0 0 3824
0 0 3729
0 0 3747
0 0 4027
0 0 3905
0 0 3731
0 0 4047
0 0 3807
0 0 3712
0 0 3719
0 0 3741
0 0 3713
0 0 3807
0 0 3745
0 0 3877
0 0 3758
0 0 3722
0 0 3742
0 0 3720
0 0 3717
0 0 4043
0 0 3708
0 0 3734
0 0 3713
0 0 3845
0 0 3997
0 0 3714
0 0 3910
0 0 3782
0 0 3776
0 0 3700
0 0 3748
0 0 3782
0 0 3839
0 0 4102
0 0 3881
0 0 3751
0 0 3711
0 0 3848
0 0 3857
0 0 3713
0 0 4068
0 0 3816
0 0 3870
0 0 3876
0 0 3698
0 0 3831
0 0 3834
0 0 3829
0 0 3890
0 0 3737
0 0 4035
0 0 3923
0 0 3849
0 0 3768
0 0 4729
0 0 4936
0 0 4968
0 0 4954
0 0 5022
0 0 4995
0 0 4969
0 0 4942
0 0 4428
0 0 4000
0 0 3901
0 0 3781
0 0 4171
0 0 3969
0 0 3949
0 0 4022
0 0 3786
0 0 3987
0 0 4113
0 0 5004
0 0 4942
0 0 4907
0 0 3822
0 0 3913
0 0 3830
0 0 3812
0 0 3970
0 0 3847
0 0 4179
0 0 3701
0 0 3833
0 0 3978
0 0 3782
0 0 3845
0 0 3984
0 0 3764
0 0 3766
0 0 3989
0 0 4059
0 0 3962
0 0 3869
0 0 3985
0 0 3975
0 0 3974
0 0 4779
0 0 4576
0 0 3919
0 0 3917
0 0 3924
0 0 3967
0 0 3916
0 0 4017
0 0 3919
0 0 4000
0 0 3987
0 0 3754
0 0 3748
0 0 3689
0 0 3802
0 0 3877
0 0 3783
0 0 4107
0 0 3731
0 0 3756
0 0 3754
0 0 3739
0 0 3882
0 0 3702
0 0 3906
0 0 3813
0 0 3912
0 0 4017
0 0 3713
0 0 4011
0 0 3773
0 0 3877
0 0 3922
0 0 3907
0 0 4862
0 0 5232
0 0 5206
0 0 5123
0 0 5276
0 0 5301
0 0 3781
0 0 3582
0 0 3598
0 0 5033
0 0 5217
0 0 5092
0 0 5242
0 0 5277
0 0 5271
0 0 5298
0 0 5299
0 0 5258
0 0 5324
0 0 5083
0 0 4041
0 0 3696
0 0 3889
0 0 3738
0 0 3953
0 0 3793
0 0 3799
0 0 4000
0 0 3969
0 0 3841
0 0 3938
0 0 3774
0 0 3710
0 0 3790
0 0 3906
0 0 3776
0 0 3729
0 0 3774
0 0 3778
0 0 3828
0 0 3728
0 0 3719
0 0 3728
0 0 3764
0 0 3778
0 0 3711
0 0 3734
0 0 3875
0 0 3825
0 0 3712
0 0 3815
0 0 3758
0 0 3829
0 0 3754
0 0 3776
0 0 3695
0 0 3737
0 0 3720
0 0 3846
0 0 3776
0 0 3871
0 0 4194
0 0 4912
0 0 4937
0 0 4920
0 0 4999
0 0 4265
0 0 3766
0 0 3739
0 0 3723
0 0 3785
0 0 3750
0 0 3761
0 0 3706
0 0 3760
0 0 3739
0 0 3714
0 0 3780
0 0 4228
0 0 4995
0 0 5008
0 0 5030
0 0 4965
0 0 5019
0 0 5038
0 0 4953
0 0 4996
0 0 5004
0 0 4875
0 0 4831
0 0 4963
0 0 4952
0 0 4935
0 0 4958
0 0 4995
0 0 5019
0 0 5032
0 0 4962
0 0 3646
0 0 3857
0 0 4655
0 0 4889
0 0 4957
0 0 4972
0 0 4941
0 0 4913
0 0 4969
0 0 4970
0 0 4951
0 0 4962
0 0 3890
0 0 3605
0 0 3599
0 0 3553
0 0 3585
0 0 3586
0 0 3591
0 0 3580
0 0 3559
0 0 3584
0 0 3617
0 0 3574
0 0 3585
0 0 3573
0 0 3616
0 0 3588
0 0 3589
0 0 3583
0 0 3561
0 0 3603
0 0 3584
0 0 3587
0 0 3589
0 0 3594
0 0 3827
0 0 3646
0 0 3657
0 0 3848
0 0 3821
0 0 3583
0 0 3613
0 0 3687
0 0 3789
0 0 3558
0 0 3592
0 0 3589
0 0 3609
0 0 3762
0 0 3613
0 0 3560
0 0 3662
0 0 3717
0 0 3709
0 0 3739
0 0 4211
0 0 4961
0 0 5087
0 0 5100
0 0 5112
0 0 5242
0 0 5293
0 0 5194
0 0 5290
0 0 4996
0 0 3847
0 0 3547
0 0 3585
0 0 3630
0 0 3617
0 0 3575
0 0 3548
0 0 3732
0 0 3751
0 0 3892
0 0 3935
0 0 3577
0 0 3757
0 0 3865
0 0 3896
0 0 3900
0 0 3801
0 0 3615
0 0 3581
0 0 3570
0 0 3597
0 0 5039
0 0 5187
0 0 5032
0 0 5123
0 0 4858
0 0 3701
0 0 4073
0 0 3670
0 0 3800
0 0 3646
0 0 3840
0 0 3889
0 0 3609
0 0 3568
0 0 3775
0 0 3648
0 0 3906
0 0 4043
0 0 3716
0 0 3793
0 0 3785
0 0 3791
0 0 3796
0 0 3591
0 0 3635
0 0 3766
0 0 3689
0 0 3928
0 0 3582
0 0 3802
0 0 3920
0 0 3866
0 0 3683
0 0 3589
0 0 3917
0 0 3822
0 0 3738
0 0 3711
0 0 3621
0 0 3720
0 0 3680
0 0 3669
0 0 3647
0 0 3925
0 0 3765
0 0 3638
0 0 3671
0 0 3733
0 0 3593
0 0 3589
0 0 3601
0 0 3599
0 0 3558
0 0 3619
0 0 3714
0 0 3737
0 0 3615
0 0 3679
0 0 3614
0 0 3685
0 0 3760
0 0 3611
0 0 3567
0 0 3606
0 0 3792
0 0 3770
0 0 3846
0 0 3759
0 0 3606
0 0 3852
0 0 3611
0 0 3593
0 0 3578
0 0 3623
0 0 3984
0 0 3796
0 0 3922
0 0 3934
0 0 3648
0 0 3719
0 0 3677
0 0 3640
0 0 3639
0 0 3765
0 0 3756
0 0 3602
0 0 3734
0 0 3565
0 0 3585
0 0 3710
0 0 3685
0 0 4132
0 0 3775
0 0 3588
0 0 3611
0 0 4121
0 0 3857
0 0 3582
0 0 3641
0 0 3962
0 0 3615
0 0 3623
0 0 3646
0 0 3677
0 0 3636
0 0 3623
0 0 3779
0 0 3577
0 0 3644
0 0 3940
0 0 3750
0 0 3770
0 0 3789
0 0 3657
0 0 4042
0 0 3623
0 0 3795
0 0 3563
0 0 3584
0 0 3622
0 0 3600
0 0 3618
0 0 3586
0 0 3685
0 0 3900
0 0 3807
0 0 3625
0 0 3574
0 0 3575
0 0 3801
0 0 5079
0 0 4508
0 0 3757
0 0 3969
0 0 3642
0 0 3658
0 0 3571
0 0 3623
0 0 3607
0 0 3607
0 0 4204
0 0 3726
0 0 3795
0 0 3608
0 0 3618
0 0 3656
0 0 3800
0 0 3596
0 0 3977
0 0 3655
0 0 3827
0 0 3589
0 0 3739
0 0 3628
0 0 3605
0 0 3825
0 0 3829
0 0 3697
0 0 4153
0 0 3601
0 0 3660
0 0 3728
0 0 3598
0 0 3990
0 0 5180
0 0 5167
0 0 5013
0 0 5063
0 0 5195
0 0 4224
0 0 3582
0 0 3896
0 0 3879
0 0 3882
0 0 3727
0 0 4697
0 0 4995
0 0 4929
0 0 5010
0 0 5008
0 0 4998
0 0 4961
0 0 5000
0 0 4996
0 0 4939
0 0 3834
0 0 3621
0 0 4099
0 0 3825
0 0 3937
0 0 3669
0 0 3680
0 0 3637
0 0 3823
0 0 4056
0 0 3561
0 0 3777
0 0 3600
0 0 3618
0 0 3582
0 0 4825
0 0 3621
0 0 3905
0 0 3686
0 0 4030
0 0 3578
0 0 3605
0 0 3686
0 0 3838
0 0 3916
0 0 3595
0 0 3917
0 0 3625
0 0 3891
0 0 3886
0 0 4695
0 0 5039
0 0 4977
0 0 4938
0 0 4961
0 0 5034
0 0 5065
0 0 5117
0 0 5004
0 0 5013
0 0 3948
0 0 3563
0 0 3687
0 0 3762
0 0 3949
0 0 4024
0 0 3941
0 0 3627
0 0 3853
0 0 3808
0 0 4007
0 0 3633
0 0 4005
0 0 3813
0 0 4044
0 0 3907
0 0 3880
0 0 3860
0 0 3686
0 0 3841
0 0 4097
0 0 3607
0 0 3975
0 0 3621
0 0 3698
0 0 3623
0 0 3703
0 0 3649
0 0 3644
0 0 3786
0 0 3793
0 0 3607
0 0 3811
0 0 4016
0 0 3766
0 0 3603
0 0 3874
0 0 3891
0 0 3650
0 0 3791
0 0 3665
0 0 4027
0 0 4013
0 0 3613
0 0 3860
0 0 3608
0 0 3628
0 0 3775
0 0 3803
0 0 3862
0 0 3742
0 0 3781
0 0 3765
0 0 3955
0 0 3700
0 0 3745
0 0 4029
0 0 3932
0 0 3923
0 0 3571
0 0 3660
0 0 3808
0 0 3944
0 0 4043
0 0 3561
0 0 3992
0 0 3771
0 0 4016
0 0 3857
0 0 3596
0 0 4032
0 0 4077
0 0 3763
0 0 3677
0 0 3634
0 0 3671
0 0 3678
0 0 3864
0 0 3780
0 0 3767
0 0 3841
0 0 4175
0 0 3872
0 0 3687
0 0 3632
0 0 3682
0 0 3794
0 0 3797
0 0 3450
0 0 3338
0 0 3726
0 0 3790
0 0 3711
0 0 3567
0 0 3609
0 0 3701
0 0 3887
0 0 3834
0 0 3935
0 0 3922
0 0 3698
0 0 4066
0 0 4146
0 0 3780
0 0 3857
0 0 4028
0 0 3771
0 0 3948
0 0 3829
0 0 3676
0 0 3834
0 0 3706
0 0 3745
0 0 3601
0 0 3905
0 0 3733
0 0 3952
0 0 3844
0 0 3923
0 0 3953
0 0 4125
0 0 3925
0 0 3832
0 0 3794
0 0 3672
0 0 4013
0 0 4087
0 0 3697
0 0 3819
0 0 3873
0 0 4218
0 0 3888
0 0 3591
0 0 3675
0 0 4060
0 0 3832
0 0 3695
0 0 3990
0 0 3620
0 0 3911
0 0 3967
0 0 3721
0 0 3823
0 0 4047
0 0 3970
0 0 3870
0 0 3976
0 0 3598
0 0 3581
0 0 3572
0 0 3578
0 0 3549
0 0 3655
0 0 3729
0 0 3580
0 0 4032
0 0 4037
0 0 3685
0 0 3781
0 0 3705
0 0 3733
0 0 3793
0 0 3688
0 0 4130
0 0 3605
0 0 3763
0 0 3900
0 0 4068
0 0 4087
0 0 3621
0 0 3894
0 0 3687
0 0 4123
0 0 3927
0 0 3889
0 0 3614
0 0 3634
0 0 3823
0 0 3660
0 0 3801
0 0 4031
0 0 3706
0 0 3596
0 0 3609
0 0 3836
0 0 3735
0 0 3688
0 0 3900
0 0 3600
0 0 3595
0 0 3663
0 0 3679
0 0 3683
0 0 3656
0 0 3982
0 0 3565
0 0 3615
0 0 3828
0 0 3661
0 0 3576
0 0 3652
0 0 3586
0 0 4064
0 0 3583
0 0 3570
0 0 3575
0 0 3800
0 0 3862
0 0 3861
0 0 3671
0 0 3621
0 0 3585
0 0 3589
0 0 3583
0 0 3571
0 0 3562
0 0 3601
0 0 4015
0 0 4014
0 0 3677
0 0 3652
0 0 3738
0 0 3718
0 0 4034
0 0 3561
0 0 3666
0 0 3703
0 0 3702
0 0 3593
0 0 3613
0 0 3987
0 0 3579
0 0 3927
0 0 3619
0 0 3962
0 0 3644
0 0 3613
0 0 3599
0 0 3830
0 0 4127
0 0 3595
0 0 4072
0 0 3615
0 0 4102
0 0 4020
0 0 3959
0 0 3606
0 0 3645
0 0 3608
0 0 3959
0 0 3603
0 0 3593
0 0 3786
0 0 3812
0 0 3557
0 0 3646
0 0 4269
0 0 3797
0 0 3819
0 0 3552
0 0 3607
0 0 3605
0 0 3625
0 0 3620
0 0 3561
0 0 3618
0 0 3734
0 0 3622
0 0 3843
0 0 3556
0 0 3797
0 0 3636
0 0 3802
0 0 4872
0 0 5244
0 0 5253
0 0 5100
0 0 5157
0 0 4950
0 0 3608
0 0 3611
0 0 3569
0 0 3464
0 0 3408
0 0 3608
0 0 3728
0 0 3879
0 0 3546
0 0 3731
0 0 3937
0 0 3845
0 0 3708
0 0 3590
0 0 3998
0 0 4015
0 0 3728
0 0 3765
0 0 3696
0 0 3766
0 0 3794
0 0 3641
0 0 3703
0 0 3726
0 0 3775
0 0 3703
0 0 3799
0 0 3883
0 0 3596
0 0 3883
0 0 3964
0 0 3725
0 0 3617
0 0 3771
0 0 3870
0 0 4130
0 0 5004
0 0 5159
0 0 5137
0 0 4970
0 0 4725
0 0 3896
0 0 3700
0 0 3694
0 0 4807
0 0 4903
0 0 4913
0 0 4926
0 0 4615
0 0 4983
0 0 4912
0 0 4941
0 0 5012
0 0 5073
0 0 4944
0 0 5002
0 0 4950
0 0 4939
0 0 5020
0 0 4973
0 0 4921
0 0 3761
0 0 3591
0 0 3585
0 0 3551
0 0 3586
0 0 3656
0 0 3589
0 0 3699
0 0 3561
0 0 3590
0 0 3587
0 0 3589
0 0 3636
0 0 3554
0 0 3630
0 0 3610
0 0 3600
0 0 3589
0 0 3596
0 0 3554
0 0 3581
0 0 3680
0 0 3956
0 0 3815
0 0 3906
0 0 3605
0 0 3845
0 0 4228
0 0 3655
0 0 3589
0 0 3946
0 0 3933
0 0 3821
0 0 3605
0 0 3589
0 0 3952
0 0 3873
0 0 3955
0 0 3569
0 0 3593
0 0 3684
0 0 3606
0 0 3654
0 0 3518
0 0 3601
0 0 3651
0 0 3778
0 0 3559
0 0 3570
0 0 3625
0 0 3633
0 0 3584
0 0 3678
0 0 3566
0 0 3593
0 0 3613
0 0 3714
0 0 3596
0 0 3781
0 0 3603
0 0 3770
0 0 3660
0 0 3617
0 0 3602
0 0 3978
0 0 3653
0 0 3841
0 0 3729
0 0 3720
0 0 3600
0 0 4001
0 0 4096
0 0 3667
0 0 3581
0 0 3606
0 0 3602
0 0 3579
0 0 3579
0 0 3553
0 0 3906
0 0 5049
0 0 5056
0 0 3640
0 0 3821
0 0 5160
0 0 5113
0 0 4918
0 0 5202
0 0 4622
0 0 3567
0 0 4783
0 0 5029
0 0 4977
0 0 5008
0 0 5008
0 0 4987
0 0 4975
0 0 4995
0 0 4954
0 0 5130
0 0 5006
0 0 4928
0 0 4979
0 0 4951
0 0 5145
0 0 5040
0 0 5033
0 0 4980
0 0 4977
0 0 5022
0 0 5012
0 0 4978
0 0 4979
0 0 4974
0 0 4995
0 0 4980
0 0 4965
0 0 5005
0 0 4987
0 0 4984
0 0 5026
0 0 4993
0 0 5033
0 0 4999
0 0 5012
0 0 4967
0 0 4964
0 0 4957
0 0 4963
0 0 4983
0 0 4994
0 0 4929
0 0 4976
0 0 4952
0 0 4994
0 0 4958
0 0 4976
0 0 4973
0 0 4937
0 0 5045
0 0 4957
0 0 4955
0 0 4909
0 0 4956
0 0 4983
0 0 5042
0 0 5050
0 0 5162
0 0 4387
0 0 3683
0 0 4833
0 0 3602
0 0 3740
0 0 3936
0 0 3689
0 0 3557
0 0 3604
0 0 3593
0 0 3665
0 0 4012
0 0 3679
0 0 3827
0 0 3994
0 0 4038
0 0 3794
0 0 3754
0 0 3833
0 0 3643
0 0 3947
0 0 3874
0 0 3607
0 0 4033
0 0 3978
0 0 3896
0 0 3801
0 0 3665
0 0 4046
0 0 3986
0 0 3917
0 0 3671
0 0 3653
0 0 3950
0 0 4055
0 0 3586
0 0 3615
0 0 3641
0 0 3597
0 0 3594
0 0 3600
0 0 3710
0 0 3621
0 0 3770
0 0 3981
0 0 4124
0 0 3590
0 0 3726
0 0 3616
0 0 4017
0 0 3850
0 0 3667
0 0 3919
0 0 3880
0 0 4071
0 0 3768
0 0 3576
0 0 3770
0 0 3779
0 0 3764
0 0 3585
0 0 3601
0 0 3654
0 0 3646
0 0 3604
0 0 3585
0 0 3631
0 0 3667
0 0 3608
0 0 3709
0 0 3667
0 0 3585
0 0 4812
0 0 4993
0 0 4905
0 0 5011
0 0 4956
0 0 5002
0 0 4934
0 0 4974
0 0 4970
0 0 5016
0 0 3719
0 0 3660
0 0 3702
0 0 3681
0 0 3649
0 0 3721
0 0 3630
0 0 3599
0 0 3589
0 0 3683
0 0 4756
0 0 4946
0 0 4922
0 0 4966
0 0 4872
0 0 4923
0 0 4949
0 0 4919
0 0 4949
0 0 4034
0 0 4956
0 0 3690
0 0 3559
0 0 3901
0 0 3648
0 0 3580
0 0 3568
0 0 3593
0 0 3855
0 0 3879
0 0 3843
0 0 3751
0 0 3666
0 0 3744
0 0 3577
0 0 3650
0 0 3562
0 0 3608
0 0 3678
0 0 3716
0 0 3674
0 0 3675
0 0 3585
0 0 3899
0 0 3845
0 0 3856
0 0 3620
0 0 3601
0 0 3777
0 0 4321
0 0 4066
0 0 3887
0 0 3821
0 0 3612
0 0 3624
0 0 3673
0 0 3554
0 0 3763
0 0 4044
0 0 3612
0 0 4052
0 0 3643
0 0 4015
0 0 3738
0 0 3907
0 0 3682
0 0 3558
0 0 3647
0 0 3825
0 0 3724
0 0 3630
0 0 3571
0 0 3723
0 0 3530
0 0 3982
0 0 3723
0 0 3603
0 0 3614
0 0 3629
0 0 3698
0 0 3816
0 0 3648
0 0 3800
0 0 3590
0 0 3916
0 0 3582
0 0 3549
0 0 3666
0 0 4000
0 0 3682
0 0 3615
0 0 3881
0 0 3718
0 0 3990
0 0 3868
0 0 3645
0 0 3796
0 0 3787
0 0 3678
0 0 3700
0 0 3967
0 0 3732
0 0 3732
0 0 3603
0 0 3732
0 0 3622
0 0 3700
0 0 3855
0 0 4116
0 0 3993
0 0 3572
0 0 3605
0 0 3619
0 0 3598
0 0 3593
0 0 4277
0 0 4954
0 0 5047
0 0 4568
0 0 3735
0 0 3581
0 0 3572
0 0 3884
0 0 3771
0 0 3912
0 0 3598
0 0 3730
0 0 3615
0 0 3595
0 0 4207
0 0 4430
0 0 3564
0 0 3725
0 0 3834
0 0 3805
0 0 3690
0 0 3601
0 0 4077
0 0 3753
0 0 3674
0 0 3614
0 0 3912
0 0 3917
0 0 3874
0 0 3620
0 0 3751
0 0 3884
0 0 3803
0 0 3721
0 0 3892
0 0 3778
0 0 3625
0 0 3830
0 0 3962
0 0 3658
0 0 3910
0 0 3881
0 0 3722
0 0 3556
0 0 3626
0 0 3880
0 0 3623
0 0 3531
0 0 3617
0 0 3600
0 0 3780
0 0 3895
0 0 3595
0 0 3564
0 0 3557
0 0 4015
0 0 3883
0 0 4211
0 0 3541
0 0 3567
0 0 4053
0 0 3650
0 0 3560
0 0 3894
0 0 3588
0 0 3646
0 0 3632
0 0 3652
0 0 3557
0 0 3781
0 0 3715
0 0 4389
0 0 5048
0 0 4919
0 0 5084
0 0 4916
0 0 3727
0 0 3569
0 0 3681
0 0 3787
0 0 3686
0 0 3768
0 0 3614
0 0 3865
0 0 3648
0 0 3741
0 0 3626
0 0 3591
0 0 4074
0 0 3814
0 0 3659
0 0 3749
0 0 3824
0 0 3889
0 0 3817
0 0 3935
0 0 3934
0 0 3591
0 0 3602
0 0 3717
0 0 3924
0 0 3827
0 0 3649
0 0 3830
0 0 3726
0 0 3771
0 0 3502
0 0 3718
0 0 3787
0 0 4070
0 0 3925
0 0 3543
0 0 3850
0 0 3623
0 0 3614
0 0 3837
0 0 3558
0 0 3853
0 0 3897
0 0 3961
0 0 3837
0 0 3573
0 0 3828
0 0 3770
0 0 4036
0 0 3902
0 0 3596
0 0 4029
0 0 3637
0 0 3761
0 0 3625
0 0 3586
0 0 3700
0 0 3576
0 0 3586
0 0 4962
0 0 4276
0 0 3604
0 0 3579
0 0 3604
0 0 3550
0 0 3590
0 0 3584
0 0 3582
0 0 3870
0 0 3615
0 0 3606
0 0 3600
0 0 3595
0 0 3604
0 0 3552
0 0 3771
0 0 3924
0 0 4114
0 0 3759
0 0 3547
0 0 3651
0 0 3581
0 0 3580
0 0 3576
0 0 3569
0 0 3726
0 0 3576
0 0 3599
0 0 3583
0 0 3848
0 0 3712
0 0 3724
0 0 3654
0 0 3752
0 0 3672
0 0 4623
0 0 5223
0 0 5171
0 0 5143
0 0 5164
0 0 5217
0 0 5187
0 0 5244
0 0 5142
0 0 5161
0 0 5035
0 0 4922
0 0 5242
0 0 5176
0 0 4980
0 0 5167
0 0 5187
0 0 5144
0 0 5210
0 0 5201
0 0 5209
0 0 5168
0 0 5189
0 0 5212
0 0 3783
0 0 3715
0 0 3678
0 0 3697
0 0 3698
0 0 3664
0 0 3720
0 0 3722
0 0 3697
0 0 3712
0 0 3656
0 0 3721
0 0 3684
0 0 3711
0 0 3702
0 0 3648
0 0 3737
0 0 3714
0 0 3691
0 0 3694
0 0 3666
0 0 3695
0 0 3703
0 0 3671
0 0 3693
0 0 3735
0 0 3718
0 0 3698
0 0 3698
0 0 3697
0 0 3590
0 0 3689
0 0 3680
0 0 3694
0 0 3695
0 0 3655
0 0 3708
0 0 3719
0 0 3654
0 0 3733
0 0 3914
0 0 3774
0 0 3693
0 0 3671
0 0 3694
0 0 3701
0 0 3691
0 0 3689
0 0 4168
0 0 4895
0 0 4854
0 0 4938
0 0 4924
0 0 4894
0 0 4928
0 0 4968
0 0 5048
0 0 4963
0 0 5059
0 0 4904
0 0 4900
0 0 4869
0 0 4999
0 0 4948
0 0 4917
0 0 5098
0 0 4987
0 0 4971
0 0 4884
0 0 4909
0 0 3639
0 0 3549
0 0 3693
0 0 3543
0 0 3576
0 0 3614
0 0 3800
0 0 3735
0 0 3804
0 0 3524
0 0 3856
0 0 3625
0 0 3765
0 0 3795
0 0 3567
0 0 3749
0 0 3860
0 0 3607
0 0 3769
0 0 3556
0 0 3768
0 0 3761
0 0 3821
0 0 3833
0 0 3561
0 0 3840
0 0 3898
0 0 3745
0 0 3730
0 0 3540
0 0 3969
0 0 3866
0 0 3693
0 0 3527
0 0 3605
0 0 3741
0 0 3999
0 0 3566
0 0 3731
0 0 3771
0 0 3772
0 0 3855
0 0 3806
0 0 3600
0 0 3846
0 0 3845
0 0 3910
0 0 3841
0 0 3971
0 0 3551
0 0 3825
0 0 3816
0 0 3595
0 0 3551
0 0 3826
0 0 3603
0 0 3586
0 0 3429
0 0 3527
0 0 3821
0 0 3589
0 0 3578
0 0 3617
0 0 3563
0 0 3632
0 0 3601
0 0 3599
0 0 3722
0 0 3540
0 0 3797
0 0 3625
0 0 3631
0 0 3855
0 0 3813
0 0 3576
0 0 3594
0 0 3839
0 0 3563
0 0 3538
0 0 3670
0 0 3558
0 0 3583
0 0 3947
0 0 3622
0 0 3574
0 0 3531
0 0 3806
0 0 3558
0 0 3532
0 0 3577
0 0 3629
0 0 3556
0 0 3560
0 0 3563
0 0 3555
0 0 3639
0 0 3673
0 0 3582
0 0 3733
0 0 3583
0 0 3594
0 0 3565
0 0 4065
0 0 3720
0 0 3579
0 0 3540
0 0 3571
0 0 4855
0 0 4973
0 0 5019
0 0 4869
0 0 3723
0 0 3520
0 0 3856
0 0 3596
0 0 3664
0 0 3715
0 0 3457
0 0 3587
0 0 3706
0 0 3792
0 0 3873
0 0 3669
0 0 3581
0 0 3577
0 0 3529
0 0 3600
0 0 3507
0 0 3514
0 0 3553
0 0 3537
0 0 3547
0 0 3496
0 0 3529
0 0 3694
0 0 3593
0 0 3573
0 0 3511
0 0 3539
0 0 3546
0 0 3581
0 0 3770
0 0 3679
0 0 3545
0 0 3583
0 0 3586
0 0 3685
0 0 3566
0 0 3552
0 0 3760
0 0 3561
0 0 3585
0 0 3569
0 0 3535
0 0 3640
0 0 3683
0 0 3691
0 0 3604
0 0 3528
0 0 3559
0 0 3670
0 0 3745
0 0 3568
0 0 3504
0 0 3760
0 0 3869
0 0 3877
0 0 3736
0 0 3512
0 0 3621
0 0 3617
0 0 3687
0 0 3769
0 0 3505
0 0 3545
0 0 3760
0 0 3660
0 0 3581
0 0 3509
0 0 3640
0 0 3773
0 0 3583
0 0 3593
0 0 3534
0 0 3607
0 0 3676
0 0 3607
0 0 3786
0 0 3628
0 0 3554
0 0 4065
0 0 3816
0 0 4835
1942 0 23701
5922 0 27194
12699 0 25866
19964 0 25328
28160 0 27432
37377 0 25920
47438 0 24055
58623 0 21326
70123 0 17511
81764 0 13868
82374 0 650
82374 0 0
82374 0 0
82374 0 0
82374 0 0
89867 0 7126
100372 0 8820
112596 0 8486
125127 0 6887
138017 0 5378
150898 0 4260
163526 0 3664
176219 0 2865
188889 0 2296
202142 0 1868
215218 0 1571
228460 0 1333
240843 0 1009
252615 0 853
265164 0 742
277659 0 589
290752 0 560
303012 0 408
315851 0 346
328199 0 286
340190 0 266
352504 0 212
365572 0 207
378314 0 148
391246 0 139
403824 0 134
416404 0 115
429476 0 111
442500 0 77
455978 0 67
468297 0 61
481358 0 68
494817 0 46
507750 0 36
520702 0 27
534091 0 33
547183 0 26
560113 0 25
572586 0 24
585124 0 15
598035 0 12
610510 0 15
622892 0 6
635280 0 10
648661 0 7
661583 0 9
674884 0 9
687297 0 10
700739 0 4
713347 0 6
726530 0 6
739651 0 4
753153 0 3
766375 0 0
779002 0 2
791672 0 3
805007 0 3
818201 0 3
831346 0 1
844271 0 1
856942 0 1
869798 0 0
882074 0 0
895402 0 0
907801 0 0
919758 0 0
931712 0 0
944274 0 0
957638 0 0
970576 0 2
982790 0 0
995636 0 1
1008841 0 0
1022102 0 0
1034818 0 0
1048299 0 0
1060909 0 1
1073174 0 1
1085542 0 1
1098130 0 0
1111275 0 0
1124328 0 0
1136609 0 0
1148541 0 0
1162032 0 0
1174762 0 0
1187419 0 0
1199713 0 0
1212946 0 0
1225911 0 0
1239204 0 0
1251826 0 0
1264885 0 0
1277193 0 0
1289632 0 0
1301896 0 0
1315176 0 0
1328179 0 0
1340861 0 0
1353193 0 0
1366263 0 0
1379090 0 0
1392003 0 0
1404526 0 0
1418201 0 0
1431225 0 0
1444165 0 0
1456634 0 0
1469781 0 0
1482345 0 0
1494896 0 0
1507867 0 0
1520880 0 2
1533488 0 0
1546302 0 0
1559559 0 0
1573070 0 0
1586138 0 0
1599095 0 0
1611787 0 0
1625013 0 0
1637181 0 0
1649702 0 0
1662096 0 0
1674891 0 0
1688016 0 0
1700854 0 0
1713093 0 0
1726566 0 1
1739089 0 0
1751864 0 0
1764394 0 0
1777273 0 0
1790291 0 0
1802676 0 0
1815681 0 0
1829094 0 0
1842384 0 0
1854809 0 0
1867786 0 0
1880695 0 0
1892819 0 0
1905987 0 0
1919094 0 0
1932161 0 0
1945043 0 1
1958055 0 0
1970740 0 0
1983754 0 0
1996998 0 0
2010128 0 0
2023163 0 0
2036462 0 0
2049476 0 0
2062148 0 0
2075120 0 0
2088417 0 0
2101419 0 0
2114333 0 0
2127208 0 0
2140071 0 0
2153429 0 0
2165667 0 0
2177786 0 0
2190339 0 0
2203361 0 0
2216202 0 0
2228698 0 0
2242309 0 0
2255573 0 0
2267701 0 0
2280656 0 0
2293806 0 0
2306714 0 0
2318946 0 0
2331710 0 0
2344735 0 0
2357672 0 0
2370795 0 0
2383751 0 0
2396872 0 0
2408648 0 0
2420160 0 0
2432626 0 0
2445847 0 0
2459180 0 0
2472114 0 0
2482637 0 0
2492779 0 0
2506033 0 0
2518850 0 0
2531767 0 0
2544066 0 0
2555043 0 0
2567292 0 2
2579818 0 0
2590578 0 0
2604202 0 0
2617066 0 0
2629733 0 0
2642685 0 0
2654031 0 0
2667179 0 0
2680139 0 0
2693838 0 0
2707029 0 0
2719744 0 0
2732444 0 0
2743646 0 0
2757417 0 0
2769780 0 0
2782729 0 0
2794319 0 0
2805245 0 0
2817662 0 0
2828263 0 0
2840490 0 0
2847609 0 0
2858259 0 0
2869766 0 0
2879554 0 0
2892909 0 0
2902966 0 0
2916043 0 0
2927067 0 0
2938653 0 0
2951491 0 0
2964342 0 0
2976475 0 0
2988241 0 0
3000637 0 0
3011220 0 0
3022990 0 0
3035092 0 0
3046804 0 0
3059297 0 0
3069655 0 0
3079046 0 0
3090522 0 0
3101513 0 0
3113192 0 0
3122843 0 0
3135536 0 0
3148397 0 0
3160290 0 0
3169892 0 0
3182077 0 0
3193558 0 0
3204180 0 0
3216947 0 0
3228348 0 0
3238521 0 0
3251958 0 0
3264408 0 0
3277456 0 0
3290387 0 0
3303741 0 0
3317009 0 0
3326850 0 0
3339224 0 0
3350011 0 0
3357882 0 0
3370888 0 0
3381931 0 0
3393339 0 4
3406052 0 0
3419148 0 0
3431648 0 0
3442387 0 0
3455082 0 0
3468073 0 0
3479024 0 0
3490562 0 0
3502916 0 0
3511431 0 0
3524002 0 0
3534845 0 0
3547490 0 0
3558438 0 0
3570462 0 0
3579858 0 0
3591274 0 0
3603838 0 0
3614169 0 0
3627332 0 0
3638070 0 0
3647182 0 0
3659887 0 0
3670822 0 0
3683315 0 0
3693992 0 0
3706769 0 0
3719648 0 0
3727650 0 0
3740396 0 0
3752613 0 0
3764230 0 0
3773905 0 0
3783996 0 0
3793983 0 0
3807247 0 0
3820311 0 0
3832187 0 0
3845302 0 0
3856470 0 0
3867985 0 0
3879999 0 0
3891248 0 0
3902432 0 0
3915128 0 0
3926430 0 0
3935935 0 0
3947389 0 0
3958431 0 0
3971386 0 0
3981973 0 0
3995148 0 0
4006965 0 0
4018068 0 0
4029934 0 0
4043352 0 0
4055944 0 0
4066830 0 0
4079421 0 0
4092925 0 0
4104104 0 0
4115024 0 0
4125994 0 0
4139410 0 0
4149781 0 0
4162596 0 0
4175441 0 0
4187534 0 0
4199753 0 0
4212629 0 0
4225650 0 0
4237703 0 0
4249921 0 0
4262879 0 2
4273573 0 0
4286462 0 0
4300100 0 0
4313217 0 0
4326094 0 0
4338366 0 0
4346568 0 0
4358677 0 0
4369695 0 0
4382487 0 0
4392320 0 0
4405454 0 0
4418742 0 0
4431628 0 0
4444523 0 0
4451496 0 0
4464767 0 0
4474205 0 0
4486460 0 0
4496506 0 0
4508305 0 2
4520333 0 0
4531596 0 0
4543561 0 0
4554132 0 0
4564803 0 0
4578106 0 0
4586732 0 0
4597002 0 0
4610491 0 0
4623084 0 0
4634997 0 0
4644858 0 0
4656579 0 0
4667354 0 0
4680829 0 0
4693849 0 0
4706949 0 0
4718526 0 0
4728869 0 0
4742044 0 0
4755410 0 0
4768604 0 0
4780454 0 0
4792804 0 0
4804350 0 0
4815442 0 0
4827171 0 0
4840060 0 0
4849579 0 0
4862264 0 0
4875468 0 0
4887889 0 0
4901157 0 0
4913716 0 0
4927001 0 0
4940380 0 0
4953768 0 0
4966780 0 0
4979850 0 0
4993242 0 0
5006468 0 0
5019744 0 0
5032721 0 0
5043359 0 0
5052846 0 0
5063424 0 0
5076058 0 0
5086118 0 0
5098080 0 0
5111290 0 0
5124574 0 0
5134982 0 0
5147427 0 0
5160088 0 0
5172384 0 0
5184918 0 0
5198047 0 0
5209754 0 0
5221919 0 0
5235092 0 0
5248252 0 0
5261128 0 0
5274245 0 0
5286628 0 0
5299395 0 0
5311669 0 0
5324129 0 0
5336648 0 0
5349883 0 0
5361848 0 0
5374450 0 0
5387171 0 0
5399722 0 0
5411421 0 0
5421942 0 0
5434901 0 0
5442909 0 0
5455319 0 0
5465302 0 0
5477281 0 0
5488252 0 2
5500938 0 0
5511248 0 0
5522364 0 0
5535656 0 0
5548462 0 0
5560216 0 0
5572654 0 0
5584748 0 0
5595602 0 0
5605523 0 0
5615367 0 0
5628741 0 0
5640361 0 0
5651956 0 0
5664821 0 0
5678064 0 0
5688495 0 0
5699914 0 0
5710650 0 0
5723428 0 0
5735375 0 0
5745826 0 0
5757492 0 0
5769571 0 0
5782585 0 0
5793962 0 0
5805597 0 0
5818483 0 0
5830046 0 0
5840866 0 0
5853071 0 0
5866249 0 0
5879433 0 2
5892083 0 0
5901223 0 0
5912487 0 0
5925128 0 0
5936970 0 0
5946708 0 0
5956409 0 0
5968546 0 0
5981369 0 0
5993970 0 0
6003550 0 0
6016309 0 0
6025409 0 0
6036034 0 0
6049715 0 0
6061260 0 0
6073942 0 0
6086715 0 0
6099624 0 0
6109799 0 0
6121377 0 0
6131109 0 0
6144024 0 0
6157332 0 0
6170338 0 0
6183291 0 3
6196158 0 0
6208791 0 0
6221831 0 0
6232478 0 0
6245834 0 0
6257271 0 0
6270401 0 0
6280779 0 0
6292415 0 0
6303254 0 0
6315940 0 0
6329272 0 2
6342159 0 0
6354292 0 0
6365359 0 0
6378703 0 0
6388387 0 0
6401140 0 0
6414184 0 0
6426710 0 0
6439929 0 0
6450530 0 0
6463110 0 0
6476053 0 0
6489481 0 0
6502318 0 0
6514814 0 0
6527508 0 0
6540518 0 0
6549641 0 0
6562797 0 0
6574677 0 0
6585363 0 0
6597500 0 0
6609346 0 0
6622026 0 0
6635141 0 0
6648195 0 0
6662137 0 0
6675207 0 0
6685879 0 0
6697237 0 0
6710048 0 0
6719285 0 0
6730890 0 0
6743881 0 0
6754350 0 0
6765227 0 0
6778613 0 0
6791832 0 1
6804684 0 0
6814980 0 0
6828275 0 0
6839907 0 0
6852417 0 0
6863045 0 0
6874721 0 0
6888179 0 0
6898855 0 0
6911948 0 0
6925477 0 0
6935295 0 0
6948594 0 0
6959483 0 0
6972338 0 0
6983153 0 0
6995348 0 0
7008009 0 0
7019363 0 0
7031836 0 0
7040991 0 0
7049993 0 0
7060301 0 0
7073880 0 0
7087300 0 0
7099179 0 0
7111301 0 0
7121696 0 0
7132611 0 0
7145779 0 0
7155165 0 0
7167999 0 0
7180565 0 0
7192508 0 0
7206081 0 0
7219089 0 0
7232309 0 0
7245257 0 0
7256183 0 0
7268141 0 0
7280342 0 0
7292034 0 0
7302609 0 0
7314073 0 0
7325235 0 0
7332619 0 0
7345288 0 0
7356012 0 0
7366682 0 0
7379622 0 0
7391585 0 0
7404676 0 0
7417609 0 0
7430433 0 0
7441259 0 0
7451661 0 0
7462849 0 0
7474412 0 0
7488182 0 0
7499186 0 0
7512451 0 0
7522593 0 0
7535745 0 0
7549233 0 0
7560613 0 0
7571386 0 0
7583218 0 0
7596457 0 0
7607599 0 0
7619090 0 0
7632752 0 0
7644052 0 0
7652220 0 0
7652220 0 0
7652220 0 0
7652220 0 0
7652220 0 0
7652220 0 0
7652220 0 0
7652220 0 0
7652220 0 0
7652220 0 0
7652220 0 0
7652220 0 0
7652220 0 0
7652220 0 0
7652220 0 0
7652220 0 0
7652220 0 0
7652220 0 0
7652220 0 0
7652220 0 0
7652220 0 0
7652220 0 0
7652220 0 0
7652220 0 0
7652220 2 1
7652580 3 1
7662659 4 0
7676002 4 0
7689541 5 0
7702375 5 0
7712871 5 0
7723455 6 0
7737124 6 0
7748130 6 0
7758107 7 0
7771698 6 0
7782142 6 0
7795197 6 0
7809239 6 0
7823074 6 0
7836361 6 0
7849178 6 0
7862598 6 0
7874975 6 0
7885120 6 0
7898582 6 0
7912381 5 0
7926127 6 0
7939471 6 0
7950491 6 0
7963265 7 0
7973879 6 0
7987202 6 0
7997791 6 0
8008474 6 0
8021684 6 0
8035127 6 0
8047075 6 0
8057339 6 0
8068782 6 0
8082090 6 0
8085749 6 0
8085749 7 1
8088483 4 1
8101209 3 0
8111073 3 0
8122054 3 0
8135317 3 0
8148336 3 0
8158128 2 0
8167738 3 0
8178249 2 0
8188596 2 0
8200087 4 0
8209883 3 0
8220306 3 0
8229895 3 0
8233507 2 1
8242565 3 0
8252130 4 0
8265724 3 0
8279544 3 0
8293235 3 0
8306614 3 0
8319864 3 0
8333362 3 0
8345273 3 0
8356748 3 0
8367801 3 0
8378939 3 0
8392111 3 0
8402005 3 0
8415442 2 0
8428838 4 0
8442213 3 0
8455500 3 0
8465999 3 0
8478044 3 0
8489720 3 0
8501129 3 0
8514370 4 0
8525772 3 0
8537180 2 0
8549656 4 0
8561410 3 0
8574749 3 0
8585391 3 0
8597780 2 0
8611325 3 0
8621333 3 0
8631706 3 0
8644593 3 0
8655340 3 0
8666215 3 0
8678621 3 0
8689321 3 0
8700205 2 0
8711418 3 0
8723565 3 0
8734275 3 0
8747580 3 0
8757169 2 0
8770556 4 0
8782571 3 0
8795944 3 0
8807233 3 0
8817415 3 0
8830727 3 0
8843906 4 0
8857116 3 0
8867311 3 0
8878678 3 0
8887425 3 0
8899590 3 0
8911497 3 0
8924721 2 0
8935237 4 0
8948347 3 0
8959110 2 0
8972516 3 0
8985180 3 0
8998394 3 0
9011835 3 0
9025121 3 0
9037588 3 0
9051069 3 0
9061473 3 0
9071549 3 0
9082318 4 0
9093180 2 0
9106481 3 0
9117468 3 0
9128225 3 0
9141745 3 0
9154871 3 0
9167779 3 0
9181059 3 0
9192096 2 0
9205371 3 0
9218774 3 0
9232197 3 0
9245199 3 0
9258638 3 0
9272090 2 0
9285627 3 0
9299291 3 0
9308838 2 0
9322203 3 0
9327629 2 0
9332461 4 1
9345670 4 0
9355796 5 0
9368886 5 0
9381966 4 0
9391449 5 0
9402431 4 0
9413869 4 0
9425081 5 0
9438536 5 0
9451907 4 0
9464934 5 0
9474466 2 0
9486358 2 0
9499668 3 0
9509988 2 0
9520528 3 0
9530743 2 1
9544240 3 0
9555747 2 0
9568444 3 0
9579236 2 0
9592365 3 0
9603217 3 0
9614392 3 0
9626809 2 0
9636672 3 0
9649519 3 0
9662755 3 0
9675596 3 0
9687150 4 0
9700081 3 0
9712205 3 0
9724313 3 0
9735415 3 0
9748924 4 0
9761701 3 0
9775395 3 0
9788714 3 0
9802488 3 0
9816258 3 0
9830394 3 0
9841728 2 0
9852599 3 0
9866114 3 0
9880110 3 0
9893813 3 0
9906967 3 0
9920464 2 0
9933792 3 0
9947164 2 0
9960426 3 0
9973744 3 0
9987398 3 0
9997012 2 0
10010123 3 0
10023375 3 0
10037012 3 0
10047630 3 0
10060865 3 0
10072350 3 0
10085331 2 0
10098311 3 0
10109104 2 0
10120839 2 0
10130945 2 0
10143643 3 1
10154697 3 0
10166496 3 0
10176353 3 0
10188935 3 0
10202441 3 0
10214631 3 0
10224762 3 0
10234173 2 0
10246639 4 0
10253988 2 0
10259175 3 1
10272095 3 0
10282646 2 0
10295889 4 0
10306167 3 0
10319841 3 0
10330788 3 0
10343535 2 0
10354198 3 0
10367632 3 0
10380971 4 0
10394263 3 0
10407885 3 0
10421695 3 0
10435064 3 0
10447923 3 0
10461278 3 0
10474785 3 0
10488389 3 0
10501829 3 0
10515367 3 0
10528238 4 0
10541478 2 0
10555118 4 0
10568583 2 0
10581937 3 0
10591530 3 0
10603684 3 0
10616773 4 0
10629852 3 0
10639643 3 0
10650928 3 0
10664251 3 0
10677692 3 0
10691004 3 0
10703953 3 0
10717323 3 0
10730648 3 0
10744141 3 0
10757421 5 0
10771197 4 0
10784240 5 0
10796737 4 0
10808904 5 0
10822242 5 0
10835246 5 0
10848964 5 0
10862634 5 0
10875803 4 0
10889525 5 0
10903001 5 0
10916478 5 0
10927238 5 0
10940612 5 0
10951787 4 0
10961834 5 0
10975562 5 0
10989317 5 0
10998942 3 0
11012014 5 0
11024379 5 0
11035372 4 0
11045505 4 0
11056590 4 0
11065037 5 0
11077006 5 0
11089514 4 0
11100959 5 0
11111884 5 0
11124721 5 0
11136497 4 0
11146380 5 0
11157169 5 0
11170879 4 0
11181336 5 0
11194796 5 0
11208214 4 0
11220831 5 0
11233200 5 0
11246633 4 0
11257359 5 0
11270973 1 0
11281493 3 0
11293718 3 0
11303488 2 0
11314365 3 0
11325818 3 0
11339164 3 0
11352425 3 0
11365796 3 0
11377582 2 0
11388130 4 0
11400745 2 0
11413029 4 0
11426343 3 0
11434786 2 0
11448304 3 0
11461749 3 0
11474638 3 0
11484870 3 0
11497926 3 0
11511344 3 0
11524770 3 0
11538215 3 0
11551444 3 0
11564712 3 0
11577935 3 0
11591420 3 0
11605069 4 0
11615731 2 0
11628667 3 0
11641619 3 0
11654841 3 0
11668157 3 0
11681589 3 0
11694799 3 0
11704385 3 0
11717643 2 0
11729778 3 0
11742699 4 0
11756091 2 0
11769731 3 0
11783194 3 0
11796436 3 0
11809614 4 0
11822732 3 0
11833188 2 0
11835573 3 0
11835573 2 1
11845298 3 1
11858572 3 0
11871584 3 0
11885165 3 0
11898043 2 0
11911403 4 0
11925040 3 0
11938603 2 0
11951996 3 0
11962198 3 0
11975847 3 0
11988899 4 0
12002296 2 0
12014161 3 0
12026653 3 0
12039436 3 0
12052361 3 0
12063666 2 0
12077017 3 0
12090769 3 0
12101921 3 0
12114877 3 0
12128541 4 0
12141736 3 0
12151752 2 0
12165268 3 0
12178681 3 0
12192221 3 0
12205692 3 0
12219143 3 0
12232671 3 0
12245654 3 0
12259069 3 0
12273028 3 0
12286733 3 0
12300535 2 0
12314216 4 0
12327417 3 0
12340994 2 0
12354197 3 0
12367691 3 0
12381193 3 0
12394810 3 0
12407844 3 0
12419730 3 0
12429402 3 0
12440379 3 0
12453721 3 0
12466817 3 0
12480422 3 0
12491037 3 0
12503777 3 0
12517481 3 0
12531040 3 0
12544658 3 0
12558174 3 0
12570581 3 0
12583599 3 0
12597123 3 0
12610507 2 0
12623076 3 0
12635992 3 0
12649651 4 0
12663041 2 0
12675859 3 0
12689450 4 0
12702850 2 0
12716434 3 0
12729737 3 0
12740315 3 0
12753423 4 0
12764326 3 0
12777743 2 0
12791088 3 0
12803824 3 0
12814215 3 0
12825159 3 0
12834570 2 0
12843079 3 0
12855121 2 0
12868711 4 0
12877184 2 0
12889903 2 0
12901206 3 0
12914065 3 0
12924638 3 0
12938150 3 1
12951791 2 0
12964575 4 0
12977926 3 0
12991330 3 0
13005085 3 0
13017878 3 0
13028361 3 0
13041640 3 0
13055467 3 0
13066287 3 0
13079711 3 0
13092933 3 0
13106138 3 0
13119877 3 0
13132785 3 0
13146245 3 0
13159835 3 0
13169111 2 0
13181841 3 0
13195312 3 0
13208965 3 0
13220429 2 0
13233114 3 0
13246184 3 0
13256414 2 0
13267494 3 0
13276791 3 0
13287416 2 0
13298720 3 0
13312021 2 0
13321793 3 0
13334655 3 0
13348010 3 0
13357016 2 0
13370644 3 0
13384179 3 0
13397541 3 0
13411334 3 0
13424819 3 0
13437798 2 0
13451398 3 0
13462688 3 0
13466211 3 1
13479826 6 0
13493186 6 0
13506719 6 0
13520121 6 0
13533537 7 0
13546700 6 0
13559887 5 0
13572856 6 0
13586322 6 0
13599768 6 0
13612531 7 1
13625970 6 0
13639531 6 0
13653351 5 0
13666554 6 0
13679188 6 0
13691965 6 0
13704994 6 0
13718133 6 0
13731428 6 0
13744452 6 0
13757819 6 0
13770839 6 0
13783904 5 0
13797181 6 0
13808489 6 0
13820027 6 0
13833600 6 0
13844082 6 0
13855149 6 0
13868420 6 0
13878175 6 0
13891203 6 0
13901830 6 0
13910468 6 0
13919296 6 0
13930084 6 0
13943456 7 0
13953364 6 0
13966651 6 0
13979893 6 0
13992912 6 0
14006317 6 0
14019836 6 0
14033142 6 0
14046158 6 0
14058960 6 0
14071578 6 0
14084800 6 0
14094245 4 0
14107483 6 0
14120028 6 0
14133314 6 0
14146921 6 0
14160233 6 0
14173138 6 0
14183891 6 0
14195495 6 0
14208120 6 0
14218545 6 0
14232089 6 0
14245402 6 0
14257127 6 0
14268402 6 0
14281530 4 0
14294233 1 0
14307201 2 0
14320527 2 0
14328397 2 0
14341709 2 0
14354570 1 0
14367767 2 0
14378849 1 0
14389054 1 0
14400359 2 0
14412540 2 0
14425895 2 0
14437852 1 0
14451516 2 0
14464314 2 0
14477673 3 0
14488612 1 0
14502241 2 0
14515635 2 0
14526046 2 0
14538813 1 0
14550069 2 0
14560750 1 0
14574563 2 0
14587858 2 0
14600329 2 0
14613250 2 0
14626350 2 0
14639189 2 0
14650105 2 0
14663029 2 0
14676395 2 0
14690101 1 0
14703384 2 0
14712896 2 0
14725625 1 0
14738918 2 0
14749874 2 0
14763717 2 0
14777424 2 0
14791220 2 0
14803088 2 0
14814371 1 0
14828280 2 0
14841718 2 0
14854908 2 0
14868446 2 0
14881798 2 0
14889913 2 0
14903563 2 0
14916728 2 0
14930446 2 0
14944049 3 0
14957657 2 0
14970906 2 0
14983716 2 0
14997261 2 0
15010619 2 0
15024233 2 0
15035271 1 0
15048850 2 0
15061381 2 0
15071963 2 0
15083029 2 0
15094885 1 1
15106401 2 0
15117965 2 0
15131653 2 0
15144965 2 0
15155337 2 0
15167412 2 0
15178283 1 0
15191543 3 0
15203286 1 0
15216846 3 0
15227854 2 0
15240879 2 0
15252900 2 0
15264971 2 0
15278495 2 0
15292223 2 0
15303794 2 0
15314820 2 0
15317972 2 0
15327003 5 1
15338425 6 0
15348889 6 0
15362263 6 0
15375705 6 0
15389128 6 0
15402130 6 0
15414851 6 0
15428630 6 0
15441983 5 0
15455083 6 0
15468750 6 0
15482522 6 0
15495820 6 0
15509428 7 0
15522906 6 0
15536260 6 0
15549730 6 0
15563207 6 0
15571885 6 0
15584825 6 0
15595192 6 0
15608333 6 0
15619022 6 1
15630175 6 0
15641218 7 0
15652336 4 0
15665325 3 0
15678720 3 0
15692214 2 0
15704363 3 0
15714736 4 0
15725906 3 0
15738001 3 0
15749940 3 0
15761194 3 0
15774355 4 0
15787992 3 0
15798826 3 0
15809957 3 0
15820741 3 0
15830520 3 0
15840829 3 0
15850323 3 0
15863867 3 0
15877174 3 0
15890803 3 0
15904096 3 0
15913915 3 0
15926522 3 0
15940071 3 0
15953828 3 0
15967474 3 0
15981074 3 0
15994467 3 0
16007686 3 0
16021438 2 0
16034966 3 0
16048175 3 0
16061367 3 0
16075066 3 0
16086031 3 0
16098974 3 0
16112768 3 0
16122991 3 0
16134252 3 0
16146972 3 0
16157524 2 0
16170476 4 0
16183389 3 0
16196305 2 0
16209499 3 0
16220093 3 0
16233496 3 0
16246091 3 0
16256792 3 0
16268389 3 0
16278678 3 0
16292203 3 0
16305628 3 0
16316481 3 0
16329768 3 0
16343388 2 0
16355469 3 0
16368625 3 0
16382308 3 0
16395507 3 1
16408072 3 0
16421629 3 0
16434234 3 0
16444741 3 0
16456179 3 0
16466346 2 0
16476247 3 0
16486801 3 0
16497452 3 0
16508859 3 0
16518871 3 0
16528913 3 0
16542362 3 0
16555703 3 0
16569161 3 0
16581451 2 0
16592333 2 0
16604662 3 0
16615213 4 0
16628354 2 0
16641693 3 0
16655243 3 0
16668717 3 0
16682178 3 0
16694989 3 0
16708438 3 0
16721628 3 0
16731774 2 0
16740122 3 0
16750345 2 0
16761091 2 0
16774124 3 0
16787242 3 0
16800885 3 0
16813384 3 0
16824172 3 0
16836573 3 0
16847700 3 0
16860862 3 0
16871308 3 0
16884670 3 0
16898343 3 0
16911888 3 0
16921924 3 0
16935473 4 0
16948854 3 0
16962316 3 0
16975028 3 0
16988378 3 0
17001981 3 0
17015599 4 0
17028340 2 0
17041356 3 0
17054964 4 0
17068139 3 0
17080461 3 0
17093269 3 0
17104946 3 0
17115704 3 0
17126333 4 0
17138503 2 0
17151164 3 0
17162697 4 0
17175715 3 0
17183821 3 0
17197578 3 0
17209295 3 0
17220067 2 0
17230482 4 0
17243928 2 0
17257393 3 0
17270708 3 0
17284046 3 0
17297282 3 0
17310743 3 0
17324141 3 0
17334937 3 0
17348517 2 0
17361839 3 0
17374911 3 0
17388467 3 0
17402087 3 0
17415457 3 1
17428600 3 0
17442121 3 0
17455535 3 0
17468316 3 0
17481976 3 0
17495773 3 0
17508796 3 0
17522373 3 0
17535656 3 0
17548516 3 0
17561920 3 0
17575174 2 0
17585493 3 0
17598875 3 0
17612235 3 0
17625543 2 0
17638399 4 0
17651615 2 0
17665198 3 0
17678588 3 0
17691941 3 0
17705303 3 0
17718337 3 0
17732096 3 0
17745300 3 0
17758754 3 0
17772106 3 0
17782171 4 0
17795188 2 0
17805374 3 0
17818718 3 0
17828425 3 0
17841176 1 0
17854304 3 0
17867836 3 0
17881305 3 0
17894883 3 0
17908254 3 0
17921757 3 0
17935083 3 0
17946776 3 0
17956577 4 0
17968665 2 0
17979946 3 0
17993333 3 0
18004661 3 0
18018376 3 0
18029248 3 0
18038347 3 0
18051941 3 0
18064713 3 0
18078287 3 0
18088898 1 0
18102440 4 0
18115975 5 0
18129270 5 0
18142715 5 0
18154420 4 0
18168310 5 0
18182063 5 0
18195653 4 0
18209278 5 0
18222788 5 0
18235708 4 0
18249383 5 0
18263213 4 0
18276857 5 0
18290673 5 0
18300985 4 0
18311568 3 0
18322214 3 0
18331867 1 0
18343904 2 0
18353165 1 0
18366705 1 0
18379872 1 0
18391856 2 0
18404307 1 0
18414712 1 0
18424858 2 0
18438307 1 0
18451796 2 0
18464340 1 0
18476307 4 0
18489446 6 0
18503148 6 0
18516766 6 0
18530306 5 0
18543696 6 0
18557123 6 0
18570341 6 0
18583153 6 0
18596389 6 0
18609716 6 0
18622680 6 0
18636322 6 0
18647205 6 0
18657920 6 0
18671198 6 0
18684359 6 0
18695177 6 0
18708095 6 0
18719739 6 1
18732982 6 0
18745954 6 0
18759016 6 0
18770664 6 0
18783269 6 0
18796647 7 0
18807881 6 0
18821666 6 0
18834657 6 0
18847305 6 0
18859283 6 0
18871570 6 0
18884893 6 0
18898253 6 0
18909136 4 0
18921967 6 0
18935576 6 0
18948450 6 0
18958854 2 0
18969377 1 0
18980900 1 0
18991419 2 0
19002390 1 0
19013574 2 0
19023448 1 0
19036777 1 0
19050445 2 0
19061173 1 0
19074322 2 0
19084884 1 0
19096851 1 0
19105368 1 0
19117648 2 0
19129852 1 0
19142848 1 0
19156104 2 0
19169545 1 0
19182534 2 0
19195752 1 0
19208724 2 0
19221583 1 0
19235181 1 0
19245747 2 0
19258879 2 0
19272425 2 0
19285818 1 0
19299248 2 0
19310793 1 0
19322198 1 0
19335643 2 0
19348422 2 0
19362052 3 0
19375587 2 0
19388754 2 0
19402292 2 0
19412614 2 0
19423305 2 0
19435893 2 0
19449327 3 0
19462851 2 0
19476377 2 0
19487279 2 0
19500710 3 0
19514361 2 0
19527686 2 0
19541385 2 0
19552354 2 0
19563401 3 0
19576900 2 0
19590100 2 0
19600269 3 0
19613716 2 0
19624497 2 0
19635728 2 0
19649343 2 0
19663079 2 0
19674385 2 0
19686961 3 0
19700486 2 0
19713616 2 0
19727061 2 0
19740387 3 0
19754027 2 0
19767674 2 0
19780746 3 0
19794292 2 0
19807742 3 0
19821251 2 0
19834999 2 0
19848365 3 0
19858052 2 0
19871467 2 0
19884591 3 0
19897891 2 0
19911188 2 0
19924594 3 0
19938047 2 0
19951070 2 0
19964477 3 0
19977938 2 0
19991520 2 0
20004930 3 0
20017234 2 0
20030127 2 0
20043511 3 0
20053609 2 0
20066508 3 0
20079726 2 0
20092641 2 0
20102589 2 0
20115333 3 0
20124240 1 0
20137644 3 0
20148785 2 0
20159543 2 0
20171972 2 1
20182364 2 0
20195658 2 0
20208455 3 0
20221504 2 0
20234797 2 0
20245592 3 0
20258789 2 0
20269532 2 0
20282425 2 0
20292988 3 0
20306652 2 0
20320338 3 0
20334016 2 0
20347511 2 0
20357259 3 0
20368376 2 0
20381039 3 0
20394634 2 0
20407989 3 0
20421652 2 0
20435303 3 0
20448515 2 0
20459035 2 0
20468169 2 0
20476970 1 0
20490476 3 0
20502359 2 0
20516065 3 0
20529448 2 0
20539637 2 0
20550040 2 0
20562013 2 0
20573637 2 0
20584530 2 0
20595634 2 0
20608233 2 0
20621865 3 0
20634113 2 0
20647603 3 0
20661249 2 0
20672105 2 0
20685241 3 0
20695880 2 0
20708722 3 0
20722221 2 0
20732992 3 0
20746698 2 0
20759230 3 0
20773022 3 0
20786749 2 0
20799907 3 0
20812024 2 0
20822972 3 0
20836192 2 0
20846589 2 0
20858710 3 0
20872096 2 0
20881897 2 0
20894571 3 0
20903619 1 0
20916572 0 0
20929526 0 0
20942961 0 0
20956409 0 0
20969253 0 0
20982198 0 0
20995575 0 1
21008920 0 0
21022280 0 0
21035474 0 0
21049137 0 0
21062389 0 0
21075604 0 0
21089118 0 0
21102705 0 0
21116456 0 0
21129417 0 0
21142164 0 0
21151593 0 0
21164968 0 0
21178494 0 0
21191701 0 0
21204948 0 0
21218099 0 0
21231001 0 0
21244685 0 0
21258022 0 0
21271452 0 0
21284940 0 0
21298322 0 0
21311055 0 0
21324276 0 0
21336931 0 0
21349539 0 0
21362314 0 0
21375696 0 0
21388427 0 0
21401178 0 0
21414433 0 0
21427721 0 0
21441197 0 0
21454639 0 0
21468302 0 0
21481200 0 0
21494844 0 0
21508107 0 0
21521159 0 0
21534236 0 0
21547489 0 0
21560848 0 0
21573932 0 0
21587465 0 0
21601167 0 0
21614650 0 0
21628186 0 0
21641720 0 0
21654698 0 0
21667454 0 0
21680733 0 0
21694007 0 0
21707168 0 0
21720122 0 0
21733504 0 0
21746598 0 0
21760145 0 0
21773379 0 0
21786911 0 0
21800496 0 0
21814052 0 0
21826940 0 0
21839966 0 0
21852685 0 2
21865509 0 0
21878722 0 0
21891955 0 0
21905249 0 0
21918157 0 0
21931349 0 0
21944782 0 0
21958210 0 0
21971965 0 0
21985309 0 0
21998260 0 0
22011564 0 0
22024983 0 0
22038411 0 0
22051803 0 0
22065229 0 0
22078221 0 0
22088926 0 0
22102459 0 0
22115846 0 0
22129394 0 0
22142587 0 0
22155849 0 0
22168738 0 0
22182012 0 0
22195329 0 0
22208705 0 0
22222068 0 0
22235143 0 0
22248547 0 0
22261643 0 0
22275286 0 0
22288889 0 0
22302124 0 0
22315555 0 0
22329252 0 0
22342299 0 0
22355750 0 0
22369280 0 0
22382806 0 0
22396140 0 0
22409793 0 0
22422658 0 0
22435520 0 0
22448929 0 0
22462274 0 0
22475884 0 0
22488865 0 0
22501978 0 0
22514327 0 0
22527334 0 0
22540456 0 0
22553681 0 0
22566732 0 0
22579747 0 0
22592816 0 0
22606117 0 0
22619273 0 0
22632662 0 0
22646177 0 0
22659472 0 0
22672595 0 0
22685631 0 0
22699058 0 0
22712177 0 0
22725294 0 0
22738571 0 0
22751739 0 0
22764662 0 0
22777749 0 0
22790234 0 0
22803539 0 0
22816912 0 0
22830089 0 0
22843244 0 0
22856310 0 0
22868577 0 0
22881991 0 0
22895699 0 0
22909365 0 0
22922960 0 1
22935982 0 0
22948981 0 0
22962404 0 0
22975773 0 0
22988796 0 0
23002324 0 0
23015784 0 0
23028334 0 0
23041493 0 0
23055133 0 0
23068717 0 0
23082369 0 0
23095486 0 0
23108452 0 0
23121648 0 0
23134464 0 0
23147148 0 0
23160714 0 0
23173677 0 0
23186454 0 0
23198880 0 0
23212048 0 0
23225315 0 0
23238827 0 0
23251911 0 0
23265330 0 0
23278418 0 0
23290963 0 0
23303969 0 0
23316325 0 0
23329638 0 0
23342927 0 0
23355965 0 0
23368580 0 0
23382008 0 0
23395360 0 0
23404393 0 0
23416835 0 0
23429714 0 0
23442839 0 0
23455485 0 0
23468669 0 0
23481787 0 0
23495114 0 0
23508269 0 0
23521510 0 0
23534935 0 0
23548043 0 0
23561094 0 0
23574735 0 0
23587714 0 0
23601033 0 0
23613704 0 0
23626543 0 0
23639918 0 0
23653229 0 0
23666380 0 0
23679884 0 0
23693132 0 0
23706394 0 0
23719412 0 0
23732478 0 0
23745191 0 0
23757678 0 0
23771098 0 0
23782098 0 0
23795126 0 0
23808752 0 0
23820008 0 0
23833268 0 0
23846809 0 0
23860202 0 0
23873548 0 0
23886452 0 0
23899623 0 0
23912659 0 0
23925483 0 0
23938792 0 0
23951958 0 0
23964496 0 0
23977572 0 0
23990752 0 0
24003684 0 0
24016754 0 0
24030120 0 0
24043459 0 0
24055938 0 0
24068554 0 0
24081753 0 0
24095113 0 0
24108178 0 0
24121667 0 0
24133767 0 0
24147101 0 0
24160076 0 0
24173126 0 0
24186373 0 0
24199721 0 0
24213212 0 0
24225688 0 0
24238805 0 0
24251966 0 0
24265402 0 0
24278762 0 0
24291944 0 0
24305135 0 0
24318441 0 0
24331827 0 0
24345191 0 0
24358355 0 0
24371708 0 0
24384676 0 0
24396792 0 0
24409167 0 0
24422307 0 0
24435556 0 0
24448843 0 0
24462374 0 0
24475700 0 0
24488786 0 0
24502374 0 0
24515795 0 0
24529047 0 0
24542404 0 0
24555884 0 0
24568922 0 0
24582231 0 0
24595360 0 0
24608330 0 0
24622046 0 0
24635207 0 0
24648003 0 0
24660525 0 0
24673932 0 0
24687135 0 0
24700493 0 0
24713349 0 0
24724258 0 0
24737370 0 0
24750948 0 0
24764026 0 0
24777371 0 0
24790547 0 0
24803814 0 0
24817060 0 0
24830201 0 0
24843493 0 0
24856971 0 0
24870232 0 0
24883676 0 0
24897204 0 0
24910307 0 0
24923602 0 0
24936930 0 0
24950086 0 0
24963283 0 0
24976579 0 0
24989459 0 0
25002558 0 0
25015761 0 0
25029229 0 0
25042625 0 0
25056153 0 0
25069371 0 0
25081496 0 0
25094753 0 0
25108060 0 0
25121348 0 0
25134913 0 0
25148532 0 0
25161272 0 0
25174534 0 0
25188026 0 0
25201629 0 0
25214685 0 0
25227836 0 0
25240721 0 0
25253207 0 0
25266672 0 0
25279997 0 0
25293443 0 0
25307018 0 0
25320258 0 0
25333450 0 0
25346782 0 0
25360151 0 0
25373432 0 0
25386560 0 0
25399712 0 0
25413050 0 0
25425541 0 0
25438994 0 0
25452124 0 0
25465334 0 0
25478522 0 0
25491864 0 0
25504613 0 0
25518058 0 0
25530939 0 0
25544294 0 0
25557751 0 0
25570597 0 0
25579168 0 0
25591988 0 0
25605111 0 0
25617822 0 0
25630954 0 0
25644039 0 0
25657115 0 0
25670479 0 0
25683385 0 0
25696452 0 0
25706699 0 0
25720071 0 0
25733480 0 0
25747047 0 0
25759979 0 0
25773347 0 0
25786858 0 0
25800157 0 0
25813604 0 0
25827027 0 0
25840123 0 0
25852721 0 0
25865595 0 0
25878610 0 0
25891996 0 0
25905445 0 0
25918761 0 0
25931817 0 0
25945305 0 0
25958694 0 0
25971815 0 0
25985307 0 0
25998860 0 0
26012409 0 0
26025017 0 0
26038144 0 0
26051587 0 0
26065215 0 0
26078487 0 0
26091577 0 0
26104337 0 0
26117616 0 0
26130622 0 0
26144008 0 0
26157440 0 0
26170850 0 0
26184029 0 0
26196909 0 0
26210397 0 0
26223492 0 0
26236299 0 0
26249716 0 0
26262645 0 0
26275094 0 0
26288323 0 0
26301405 0 0
26314946 0 0
26328405 0 0
26341835 0 0
26355233 0 0
26368298 0 0
26381765 0 0
26395090 0 0
26408259 0 0
26421299 0 0
26434437 0 0
26447215 0 0
26460355 0 0
26473526 0 0
26486357 0 0
26499817 0 0
26512939 0 0
26526113 0 0
26538790 0 0
26551657 0 0
26563528 0 0
26576218 0 0
26589448 0 0
26601485 0 0
26614678 0 0
26626866 0 0
26639858 0 0
26652827 0 0
26666422 0 0
26680015 0 0
26693341 0 0
26705709 0 0
26719040 0 0
26731726 0 0
26744776 0 0
26758096 0 0
26771522 0 0
26784931 0 0
26797415 0 0
26808884 0 0
26820601 0 0
26833698 0 0
26846806 0 0
26859982 0 0
26873150 0 0
26886402 0 0
26900119 0 0
26913710 0 0
26927342 0 0
26940974 0 0
26954686 0 0
26967333 0 0
26980586 0 0
26994529 0 0
27008136 0 0
27021967 0 0
27035469 0 0
27048540 0 0
27061734 0 0
27074956 0 0
27088105 0 0
27101410 0 0
27115219 0 0
27128975 0 0
27142190 0 0
27154824 0 0
27168334 0 0
27182108 0 0
27195315 0 0
27208677 0 0
27219576 0 0
27233203 0 0
27246730 0 0
27260157 0 0
27273871 0 0
27287525 0 0
27300651 0 0
27314080 0 0
27327208 0 0
27340110 0 0
27353158 0 0
27366633 0 0
27380165 0 0
27391422 0 0
27404597 0 0
27418112 0 0
27431674 0 0
27444903 0 0
27458307 0 0
27471875 0 0
27482359 0 0
27495713 0 0
27509258 0 0
27520925 0 0
27534276 0 0
27547245 0 1577
27559816 0 2258
27572985 0 1324
27585596 0 686
27598926 0 437
27612410 0 280
27625744 0 184
27638978 0 109
27651757 0 68
27665213 0 41
27678423 0 48
27691945 0 33
27705289 0 24
27718905 0 27
27731479 0 17
27744632 0 13
27757755 0 16
27771183 0 16
27784278 0 11
27797460 0 5
27810607 0 7
27823558 0 7
27836864 0 3
27850128 0 5
27863563 0 1
27876553 0 7
27889713 0 3
27902608 0 3
27915921 0 3
27928429 0 5
27940681 0 7
27954000 0 4
27966924 0 2
27979371 0 4
27992228 0 1
28004920 0 2
28017769 0 2
28030904 0 1
28044085 0 2
28057638 0 1
28071085 0 1
28083675 0 0
28096864 0 1
28110075 0 2
28123005 0 4
28136692 0 1
28150049 0 1
28162141 0 1
28175222 0 0
28188371 0 1
28201614 0 1
28214902 0 0
28228041 0 0
28241653 0 1
28254160 0 0
28267701 0 0
28280573 0 2
28293963 0 2
28307297 0 0
28320132 0 0
28332842 0 0
28346242 0 0
28359398 0 0
28372742 0 0
28386139 0 0
28399789 0 0
28413018 0 0
28425414 0 0
28438565 0 0
28452257 0 0
28465855 0 0
28479327 0 0
28492365 0 1
28504751 0 0
28518289 0 0
28531281 0 0
28544775 0 0
28557113 0 0
28570196 0 0
28583241 0 0
28595227 0 0
28609001 0 0
28622844 0 0
28636412 0 0
28650024 0 0
28663696 0 0
28675855 0 0
28689489 0 0
28702762 0 0
28716112 0 0
28729468 0 0
28741637 0 0
28753959 0 0
28766598 0 0
28773826 0 0
28773826 0 0
28773826 0 0
28773826 0 0
