#xct_latency_in_nsec
0
0
0
0
0
0
0
0
0
0
0
0
0
0
0
0
0
0
0
0
0
0
0
0
0
0
0
0
0
0
0
0
0
0
0
0
0
0
0
0
0
0
0
0
0
0
0
0
0
0
0
0
0
0
0
0
0
0
0
0
0
0
0
0
0
0
0
0
0
0
0
0
0
0
0
0
0
0
0
0
0
0
0
0
0
0
0
0
0
0
0
0
0
0
0
0
0
0
0
0
0
0
0
0
0
0
0
0
0
0
0
0
0
0
0
0
0
0
0
0
0
0
0
0
0
0
0
0
0
0
0
0
0
0
0
0
0
0
0
0
0
0
0
0
0
0
0
0
0
0
0
0
0
0
0
0
0
0
0
0
0
0
0
0
0
0
0
0
0
0
0
0
0
0
0
0
0
0
0
0
0
0
0
0
0
0
0
0
0
0
0
0
0
0
0
0
0
0
0
0
0
0
0
0
0
0
0
0
0
0
0
0
0
0
0
0
0
0
0
0
0
0
0
0
0
0
0
0
0
0
0
0
0
0
0
0
0
0
0
0
0
0
0
0
0
0
0
0
0
0
0
0
0
0
0
0
0
0
0
0
0
0
0
0
0
0
0
0
0
0
0
0
0
0
0
0
0
0
0
0
0
0
0
0
0
0
0
0
0
0
0
0
0
0
0
0
0
0
0
0
0
0
0
0
0
0
0
0
0
0
0
0
0
0
0
0
0
0
0
0
0
0
0
0
0
0
0
0
0
0
0
0
0
0
0
0
0
0
0
0
0
0
0
0
0
0
0
0
0
0
0
0
0
0
0
0
0
0
0
0
0
0
0
0
0
0
0
0
0
0
0
0
0
0
0
0
0
0
0
0
0
0
0
0
0
0
0
0
0
0
0
0
0
0
0
0
0
0
0
0
0
0
0
0
0
0
0
0
0
0
0
0
0
0
0
0
0
0
0
0
0
0
0
0
0
0
0
0
0
0
0
0
0
0
0
0
0
0
0
0
0
0
0
0
0
0
0
0
0
0
0
0
0
0
0
0
0
0
0
0
0
0
0
0
0
0
0
0
0
0
0
0
0
0
0
0
0
0
0
0
0
0
0
0
0
0
0
0
0
0
0
0
0
0
0
0
0
0
0
0
0
0
0
0
0
0
0
0
0
0
0
0
0
0
0
0
0
0
0
0
0
0
0
0
0
0
0
0
0
0
0
0
0
0
0
0
0
0
0
0
0
0
0
0
0
0
0
0
0
0
0
0
0
0
0
0
0
0
0
0
0
0
0
0
0
0
0
0
0
0
0
0
0
0
0
0
0
0
0
0
0
0
0
0
0
0
0
0
0
0
0
0
0
0
0
0
0
0
0
0
0
0
0
0
0
0
0
0
0
0
0
0
0
0
0
0
0
0
0
0
0
0
0
0
0
0
0
0
0
0
0
0
0
0
0
0
0
0
0
0
0
0
0
0
0
0
0
0
0
0
0
0
0
0
0
0
0
0
0
0
0
0
0
0
0
0
0
0
0
0
0
0
0
0
0
0
0
0
0
0
0
0
0
0
0
0
0
0
0
0
0
0
0
0
0
0
0
0
0
0
0
0
0
0
0
0
0
0
0
0
0
0
0
0
0
0
0
0
0
0
0
0
0
0
0
0
0
0
0
0
0
0
0
0
0
0
0
0
0
0
0
0
0
0
0
0
0
0
0
0
0
0
0
0
0
0
0
0
0
0
0
0
0
0
0
0
0
0
0
0
0
0
0
0
0
0
0
0
0
0
0
0
0
0
0
0
0
0
0
0
0
0
0
0
0
0
0
0
0
0
0
0
0
0
0
0
0
0
0
0
0
0
0
0
0
0
0
0
0
0
0
0
0
0
0
0
0
0
0
0
0
0
0
0
0
0
0
0
0
0
0
0
0
0
0
0
0
0
0
0
0
0
0
0
0
0
0
0
0
0
0
0
0
0
0
0
0
0
0
0
0
0
0
0
0
0
0
0
0
0
0
0
0
0
0
0
0
0
0
0
0
0
0
0
0
0
0
0
0
0
0
0
0
0
0
0
0
0
0
0
0
0
0
0
0
0
0
0
0
0
0
0
0
0
0
0
0
0
0
0
0
0
0
0
0
0
0
0
0
0
0
0
0
0
0
0
0
0
0
0
0
0
0
0
0
0
0
0
0
0
0
0
0
0
0
0
0
0
0
0
0
0
0
0
0
0
0
0
0
0
0
0
0
0
0
0
0
0
0
0
0
0
0
0
0
0
0
0
0
0
0
0
0
0
0
0
0
0
0
0
0
0
0
0
0
0
0
0
0
0
0
0
0
0
0
0
0
0
0
0
0
0
0
0
0
0
0
0
0
0
0
0
0
0
0
0
0
0
0
0
0
0
0
0
0
0
0
0
0
0
0
0
0
0
0
0
0
0
0
0
0
0
0
0
0
0
0
0
0
0
0
0
0
0
0
0
0
0
0
0
0
0
0
0
0
0
0
0
0
0
0
0
0
0
0
0
0
0
0
0
0
0
0
0
0
0
0
0
0
0
0
0
0
0
0
0
0
0
0
0
0
0
0
0
0
0
0
0
0
0
0
0
0
0
0
0
0
0
0
0
0
0
0
0
0
0
0
0
0
0
0
0
0
0
0
0
0
0
0
0
0
0
0
0
0
0
0
0
0
0
0
0
0
0
0
0
0
0
0
0
0
0
0
0
0
0
0
0
0
0
0
0
0
0
0
0
0
0
0
0
0
0
0
0
0
0
0
0
0
0
0
0
0
0
0
0
0
0
0
0
0
0
0
0
0
0
0
0
0
0
0
0
0
0
0
0
0
0
0
0
0
0
0
0
0
0
0
0
0
0
0
0
0
0
0
0
0
0
0
0
0
0
0
0
0
0
0
0
0
0
0
0
0
0
0
0
0
0
0
0
0
0
0
0
0
0
0
0
0
0
0
0
0
0
0
0
0
0
0
0
0
0
0
0
0
0
0
0
0
0
0
0
0
0
0
0
0
0
0
0
0
0
0
0
0
0
0
0
0
0
0
0
0
0
0
0
0
0
0
0
0
0
0
0
0
0
0
0
0
0
0
0
0
0
0
0
0
0
0
0
0
0
0
0
0
0
0
0
0
0
0
0
0
0
0
0
0
0
0
0
0
0
0
0
0
0
0
0
0
0
0
0
0
0
0
0
0
0
0
0
0
0
0
0
0
0
0
0
0
0
0
0
0
0
0
0
0
0
0
0
0
0
0
0
0
0
0
0
0
0
0
0
0
0
0
0
0
0
0
0
0
0
0
0
0
0
0
0
0
0
0
0
0
0
0
0
0
0
0
0
0
0
0
0
0
0
0
0
0
0
0
0
0
0
0
0
0
0
0
0
0
0
0
0
0
0
0
0
0
0
0
0
0
0
0
0
0
0
0
0
0
0
0
0
0
0
0
0
0
0
0
0
0
0
0
0
0
0
0
0
0
0
0
0
0
0
0
0
0
0
0
0
0
0
0
0
0
0
0
0
0
0
0
0
0
0
0
0
0
0
0
0
0
0
0
0
0
0
0
0
0
0
0
0
0
0
0
0
0
0
0
0
0
0
0
0
0
0
0
0
0
0
0
0
0
0
0
0
0
0
0
0
0
0
0
0
0
0
0
0
0
0
0
0
0
0
0
0
0
0
0
0
0
0
0
0
0
0
0
0
0
0
0
0
0
0
0
0
0
0
0
0
0
0
0
0
0
0
0
0
0
0
0
0
0
0
0
0
0
0
0
0
0
0
0
0
0
0
0
0
0
0
0
0
0
0
0
0
0
0
0
0
0
0
0
0
0
0
0
0
0
0
0
0
0
0
0
0
0
0
0
0
0
0
0
0
0
0
0
0
0
0
0
0
0
0
0
0
0
0
0
0
0
0
0
0
0
0
0
0
0
0
0
0
0
0
0
0
0
0
0
0
0
0
0
0
0
0
0
0
0
0
0
0
0
0
0
0
0
0
0
0
0
0
0
0
0
0
0
0
0
0
0
0
0
0
0
0
0
0
0
0
0
0
0
0
0
0
0
0
0
0
0
0
0
0
0
0
0
0
0
0
0
0
0
0
0
0
0
0
0
0
0
0
0
0
0
0
0
0
0
0
0
0
0
0
0
0
0
0
0
0
0
0
0
0
0
0
0
0
0
0
0
0
0
0
0
0
0
0
0
0
0
0
0
0
0
0
0
0
0
0
0
0
0
0
0
0
0
0
0
0
0
0
0
0
0
0
0
0
0
0
0
0
0
0
0
0
0
0
0
0
0
0
0
0
0
0
0
0
0
0
0
0
0
0
0
0
0
0
0
0
0
0
0
0
0
0
0
0
0
0
0
0
0
0
0
0
0
0
0
0
0
0
0
0
0
0
0
0
0
0
0
0
0
0
0
0
0
0
0
0
0
0
0
0
0
0
0
0
0
0
0
0
0
0
0
0
0
0
0
0
0
0
0
0
0
0
0
0
0
0
0
0
0
0
0
0
0
0
0
0
0
0
0
0
0
0
0
0
0
0
0
0
0
0
0
0
0
0
0
0
0
0
0
0
0
0
0
0
0
0
0
0
0
0
0
0
0
0
0
0
0
0
0
0
0
0
0
0
0
0
0
0
0
0
0
0
0
0
0
0
0
0
0
0
0
0
0
0
0
0
0
0
0
0
0
0
0
0
0
0
0
0
0
0
0
0
0
0
0
0
0
0
0
0
0
0
0
0
0
0
0
0
0
0
0
0
0
0
0
0
0
0
0
0
0
0
0
0
0
0
0
0
0
0
0
0
0
0
0
0
0
0
0
0
0
0
0
0
0
0
0
0
0
0
0
0
0
0
0
0
0
0
0
0
0
0
0
0
0
0
0
0
0
0
0
0
0
0
0
0
0
0
0
0
0
0
0
0
0
0
0
0
0
0
0
0
0
0
0
0
0
0
0
0
0
0
0
0
0
0
0
0
0
0
0
0
0
0
0
0
0
0
0
0
0
0
0
0
0
0
0
0
0
0
0
0
0
0
0
0
0
0
0
0
0
0
0
0
0
0
0
0
0
0
0
0
0
0
0
0
0
0
0
0
0
0
0
0
0
0
0
0
0
0
0
0
0
0
0
0
0
0
0
0
0
0
0
0
0
0
0
0
0
0
0
0
0
0
0
0
0
0
0
0
0
0
0
0
0
0
0
0
0
0
0
0
0
0
0
0
0
0
0
0
0
0
0
0
0
0
0
0
0
0
0
0
0
0
0
0
0
0
0
0
0
0
0
0
0
0
0
0
0
0
0
0
0
0
0
0
0
0
0
0
0
0
0
0
0
0
0
0
0
0
0
0
0
0
0
0
0
0
0
0
0
0
0
0
0
0
0
0
0
0
0
0
0
0
0
0
0
0
0
0
0
0
0
0
0
0
0
0
0
0
0
0
0
0
0
0
0
0
0
0
0
0
0
0
0
0
0
0
0
0
0
0
0
405271646
412354875
14427534
7193736
5773610
5820595
5816860
5519581
4894082
4480254
4171263
4022496
3382726
3084586
2700193
2825350
2592779
2551684
2413976
2300438
2187426
2139418
2170606
1963310
1942692
2009980
2069137
1935306
1897009
1919483
1889189
1882502
1957492
1893573
1917580
1955050
1885611
1768950
1801227
2001344
1873956
1890395
1828550
1946604
1900611
1738965
1807082
1856816
1894771
1745094
1772187
1883103
1779147
1640802
1704890
1744544
1794992
1822333
1799742
1837507
1797682
1655791
1759388
1831046
1914983
1742415
1770617
1743552
1826908
1582185
1706341
1829633
1736325
1745366
1866594
1626212
1641053
1789374
1803162
1846755
1921288
1729001
1727590
1801153
1629471
1630415
1769186
1926542
1942044
1837316
1776249
1711318
1680731
1656018
1765721
1812829
2016103
1740951
1751422
1814647
1822795
1846451
1804885
1890349
1750104
1756409
1689558
1799370
1643758
1811036
1730597
1929356
1796424
1709193
1617968
1590964
1694204
1831087
1725850
1695002
1700011
1529884
1548457
1618156
1605285
1557197
1700981
1662960
1560191
1701911
1808340
1660225
1546224
1570840
1726214
1770076
1637057
1591434
1791743
1686250
1528710
1515933
1603006
1704034
1783538
1575829
1527447
1570940
1693417
1745855
1618117
1621834
1643542
1476738
1583809
1584020
1622117
1549486
1636246
1713348
1735999
1561814
1696863
1589602
1542889
1512940
1657308
1650557
1604158
1552042
1670843
1543599
1693041
1669763
1701951
1780458
1744472
1475610
1649406
1631482
1563274
1471148
1610199
1662163
1560604
1518840
1590994
1581148
1493841
1466117
1528166
1575618
1594510
1457054
1670023
1579945
1714336
1606047
1683837
1605760
1483404
1504118
1772216
1584738
1576267
1515920
1531802
1507109
1545119
1502287
1664306
1711121
1567336
1470864
1537267
1519331
1526470
1610491
1643006
1618530
1662290
1539754
1578095
1535291
1561878
1600803
1632871
1610768
1638610
1518863
1653076
1651697
1698433
1545135
1713168
1699906
1660544
1559788
1713716
1906239
1754791
1708271
1627400
1602635
1562054
1586168
1667013
1641557
1559534
1570759
1792758
1704726
1703691
1564921
1720477
1575932
1548043
1844254
1638469
1641416
1813732
1721768
1728967
2330131
1772854
1565282
1692970
1628983
1606452
1564570
1538178
1627938
1537143
1552365
1704318
1685613
1648346
1602966
2112094
1598394
1716555
1517867
1591519
2107289
2053713
1938535
1915687
1766873
2146888
2087668
1851887
1920353
1639158
1564360
1610132
1705927
1667212
1613588
1745576
2056229
2375305
1668328
1637997
1596926
1520963
1952167
2128616
1686529
1664232
1707061
1931136
1612023
1696804
1669829
1562332
1721127
1729740
1694868
1854497
1687292
1574258
1512298
1718460
1618652
2017893
1885192
1669650
1898517
1539868
1904760
2240232
1894372
1873472
2019229
1592902
1547587
1474744
1581567
1549567
1632539
1603088
1624658
1530749
1689483
1781931
1728529
2599883
1628796
1484210
2129336
1846189
1808695
2252601
1934899
2068592
1808371
2175253
2187709
1871529
1857293
1789282
1843721
1877925
1854842
1769438
1905055
2108396
1982606
1875514
2228721
1679602
1716644
1647072
1792285
1823599
1770441
1719880
1737506
1790064
1836020
1821937
1867190
1822315
1856100
1777235
1808699
1816962
1767157
1712321
1873219
1838925
1795565
1748225
1753983
1758412
1783233
1726064
1693011
1674587
1719648
2497776
1746253
1811800
1637839
1703188
2184506
2038755
1861241
1660516
1788304
2096056
2292231
1917714
2093368
2061811
2324636
1701928
2202629
1764233
1770241
1667123
1611112
2016931
1898937
2569657
1870810
2088305
2795807
2157044
1723430
1711684
1510914
1806313
1668543
2156186
2242366
1792032
1826586
1674322
1517406
1748508
1555060
1726994
1758797
1687799
1594183
1612510
1758773
2117197
1880608
1767324
1622307
1633036
1731313
1760812
1460672
1642077
1540323
1592136
1548506
1688450
1637952
1551781
1521243
1589424
1552626
1597415
1522335
1670073
1633502
1589478
1589424
1752224
1592059
1783465
1729944
2335484
1636913
2166936
1729753
1723661
1907854
1799755
1781045
1731475
1875156
1554701
1553191
1670008
1977392
1743399
1699335
1630797
1616833
2114342
1493606
1551838
1579843
1564228
1843155
1586956
1601263
1629638
2453550
1856084
2009661
1460813
1476007
1954463
1660464
1756344
1594157
1825894
1683070
1655367
1958231
1771394
1991597
1870800
2155685
1563463
1974538
1683249
1642189
1737809
2084117
1861374
1741025
3185332
1714564
1640040
1506259
1558173
1570679
2028985
1795670
1624902
1773055
1721385
1835950
1568692
1540928
2214288
2068024
2116995
2032919
1970384
1618299
1576674
1542258
1548299
1585343
1717577
1956058
1483977
1563341
1692293
1639479
1490754
1692206
1613311
1617533
1565880
1657745
1650721
1617183
1822444
2392112
1964631
1912416
1936476
1721830
1728725
1635578
1498826
1784184
1814165
1732737
1838211
1757878
1756829
1542749
1523685
1647521
1620066
2161839
1530285
2617788
1683273
1867290
1652022
1587633
1569724
1503894
1607283
1906402
2059254
2310218
1835911
1662829
2136811
1513202
1540522
1593326
1539011
1525013
2210586
1801438
1759037
1612068
1739008
1600834
1637753
1906317
1730247
1963405
1558793
2019288
1635784
1974311
2178081
1849796
2344804
1877572
1847107
1663563
1514724
1511269
1582451
1593964
1574554
1590437
1651665
1524122
1680119
1840827
1658972
1603593
2720313
2178712
1602298
1585911
1577962
1837912
1914500
1549792
2190099
1702508
1603635
1562848
1836659
1893809
1903670
1542701
1828046
2340500
1632274
1798191
1698677
1838153
1756367
1690509
1711565
1681281
1710773
1535536
1549414
1578501
1572552
1459937
1640234
1613880
2353362
1566951
1735013
1685459
1599283
1591877
1782509
1581144
2030524
1826688
1691168
1856158
1587031
1564734
1881474
1860399
1525296
1608422
2049655
1773435
1622019
1609248
1538980
1559531
1632387
1683766
1741119
1648544
1705702
1520672
1783441
2170760
1768054
1516422
1632870
1624395
1633492
1548411
1624986
1509857
1617353
1687866
1589987
1578642
1576203
1555965
1693557
1893914
1705223
1560032
2275662
1929848
2185744
1528305
1808191
1718772
1774335
1778482
1694967
1617823
1554529
1696494
1712672
1933465
1766330
1993365
1565427
1967864
1742973
1555560
1810804
1660970
1704052
1892873
1734735
1761968
1542152
2026620
2002440
1786507
1724541
1941507
1879600
2401257
1764967
1759332
1728505
2068039
1628811
1552653
1661267
1724332
1958321
1628658
1891080
1800127
1924747
1526029
2154296
1647778
1594368
1545919
1966634
1681453
1941083
1533781
1740083
1783487
1626371
1501342
1610606
1625706
1533943
1600983
1730957
1857203
2260332
1770800
1718037
1796693
1724826
1751861
1746890
1797481
1811050
1745136
1754126
1894827
1822147
1753981
2189540
2320138
2094223
2321400
1761765
1624559
2144215
1780992
1745328
1794241
1786156
1729476
2085638
1755929
2229608
1680585
1726146
1686631
1820126
1704414
1926425
2217086
1944470
1771253
1830797
1806765
2179701
1742732
2171902
2420540
1869444
1815559
2189636
1888130
1795362
1740019
2195861
1823167
1932937
1758780
2179777
2031029
1668083
2039392
2076285
2160798
1737054
2120249
1757386
1826428
1698751
2253204
1859051
1622820
2158083
1758320
1717797
1632977
1653796
1803057
1866831
2317123
1773121
1885615
1822866
2176951
1756660
1750766
2105219
1796996
1689845
1645505
2068317
1976620
2913394
1866213
1834961
1728713
1708965
2422608
2044738
2198356
1651763
1884870
2198073
2336277
2209394
2122268
1070548
736909
706001
662488
657471
616699
569414
582443
609545
639848
613467
650562
642032
615883
536373
615908
570904
543599
527034
537608
530621
539772
539824
537315
536208
537961
540795
528900
540517
525225
521496
545669
599484
603671
611402
605233
584672
625892
608462
578597
575848
579878
591553
620148
600316
619879
585252
586807
598571
618048
610555
599681
580198
876546
689985
593910
546243
533464
524448
533146
530392
526594
538931
967247
536444
530264
544005
570339
531312
530365
538937
533725
581694
646875
627526
592444
659730
641851
626632
622114
549156
529619
530418
533828
537255
536681
525600
0
0
0
0
0
0
0
0
0
0
0
0
0
0
0
0
0
0
0
0
0
0
0
0
0
0
0
0
0
0
0
0
0
0
0
0
0
0
0
0
0
0
0
0
0
0
0
0
0
0
0
0
0
0
0
0
0
0
0
0
0
0
0
0
0
0
0
0
0
0
0
0
0
0
0
0
0
0
0
0
0
0
0
0
0
0
0
0
0
0
0
0
0
0
0
0
0
0
0
0
0
0
0
0
0
0
0
0
0
0
0
0
0
0
0
0
625284708
1825439
1780301
1703176
1863981
1816880
1774883
1624552
1738030
1741079
2063102
1615480
2233649
2026402
1958946
1843098
1736762
1815775
1778366
1657949
1688046
1791042
1738710
1612279
1607729
1658579
1546084
1689459
1636858
1669937
2495279
1606537
1727119
1738803
1679549
1653818
1612414
1549864
1548168
1594072
1553468
2081383
1572552
1599165
1663455
1569565
2000757
1517326
1514991
1538403
1694738
1756400
1808657
1802665
1667536
1559182
1567744
1793182
1666277
1506155
1775897
1584859
0
0
0
0
0
0
0
0
0
0
115141918
121613045
129612703
137574942
0
161721523
103108272
65408842
130559215
205992077
96889616
166039575
229124219
0
37635745
72190405
273108299
119627344
0
143520269
202893089
134708067
142526709
47526060
68693110
143388473
71532937
143251640
71004722
64508073
127434445
53444829
69478253
120469437
18694762
134496449
82447674
135088158
73087347
68022351
100020794
10308412
62828773
50126290
157754706
135120394
85435745
36091419
107546615
100742958
76457513
81678050
66956891
42516182
44819925
60125518
0
0
248340983
97960472
105189402
93490035
103020272
135320939
0
99691877
68940218
93255306
70382124
44023071
58226359
110614289
46169246
64256161
64614791
30068740
19246997
144143128
105858255
59819233
54587209
53634220
109654160
82064215
76248696
35781544
86991396
114585340
62894723
57371755
10060790
51157264
105507451
28478915
19550990
102722296
54418812
74906290
0
84084074
48119936
114220790
89953576
10539101
78333547
116047299
44535389
70568622
47787852
64786840
35391047
29943892
70086848
42647037
28125628
25199637
51483393
59382141
54305942
58874278
50038097
24206202
17377852
0
81228462
55628887
81646941
33323742
15879480
44763462
22327152
15795810
22122672
23974574
40029743
53913492
43896543
51846902
0
36669739
29318072
34845504
10760590
35851364
43486855
80643976
51788936
41011396
46502743
42694494
36471264
43859216
80123282
18983674
9134075
31096847
30160281
54778315
71728903
96361895
21037449
35511417
69160646
38670991
31417288
32586593
23479114
29192617
25308087
20605552
28614354
20068095
44225971
30563975
66640013
37862360
42901681
30840401
50429987
38468571
26458135
32474485
50938158
44802063
46305552
26488317
26758641
39448632
51127729
39403314
6345274
23791453
49354388
28983762
24393392
15606404
56789239
34560736
45010439
60881196
27579798
32063090
44699191
49424049
18576925
57820180
40900755
29375214
40791480
18422895
65582344
34089037
21575386
28377535
55031542
28593377
35782310
26291814
27477746
0
33037259
21698236
36581329
31802218
29403526
39642945
34214486
25572382
18924219
23339394
33247229
38782257
18475478
19590173
41871690
29197523
22860475
30818312
28165361
20495081
19382135
29974205
29060427
43258554
34343747
25994424
18943395
35701653
20089640
18171792
19399202
27265455
29537348
19617132
18722888
17963730
23262356
14140787
35941692
20708019
33371070
28814636
19119095
15366218
18415514
13038807
28856295
23582531
28738139
26956025
27813626
15429069
23412754
21483208
10507351
30402624
14805586
14385966
25134947
17987096
19263738
31232712
10917409
26243436
24325897
20089886
28901552
23700991
10538536
21180174
18877773
25554196
21408524
23499016
21817704
14455202
27371844
20169061
15804358
36466308
21265000
28550583
14837450
19649291
25146312
21419329
22850028
26234603
17023890
27429283
12356603
21709820
10941385
17091878
18092841
15455783
12392841
25343652
17397129
20536524
25583619
14722928
15532867
18826101
18759763
19630865
15495503
19365248
24649975
20252387
16536570
17173638
10886423
18170527
19358243
11588733
17883188
11407187
16969527
18606187
12298321
6874494
15045977
12133947
38261887
19966718
9020813
22978686
26161493
16825160
24466242
26926130
24478743
22358839
15317201
10922815
13083871
9134087
28205225
10957874
15727618
23548799
23308456
22561645
24873824
18282531
17967230
27658143
13775629
17917537
15061318
16021812
23566612
16788972
25613739
23071952
26012451
22479936
26831441
16672724
21757999
14954754
13538024
9630901
14664383
12054282
20292087
13230792
22689598
20978927
17235169
30359363
23368285
19888484
17434826
19097052
22330457
28443793
18037085
7694174
27984394
26537149
12101412
16221248
15153481
28947833
14949537
18764545
16168892
13060218
14368251
16334411
17915092
13092124
13235312
16412290
8143107
14473015
19675948
16311014
15998911
20817528
17872414
11820667
16632474
17463857
20674319
21111366
16315557
24828665
11323301
17281535
16706259
14727879
17708982
21351740
18764200
15622994
12424998
12519915
19586115
17400534
20543885
15178982
15889216
12082072
19412644
15752113
19214799
10888747
13569413
11450141
14140533
11435171
9582937
12720559
16829522
17999373
23827873
15546689
17773411
18101979
25405505
19918561
25186038
8351704
15128831
11159969
18419728
21053113
20597965
19245754
24636469
18951909
17829638
16331412
19451076
12679877
15768772
12668239
16880165
15302228
16661323
10240141
22278458
10635517
17967162
15198502
12717698
22679931
11788813
18254009
14214413
17480902
14120981
15881730
10996349
9709822
11893403
17494439
17053735
14593059
20907479
27977842
18149199
15757204
12540258
17020058
11668337
16341264
11069531
13283237
17673770
19788068
16741599
15173428
11869471
16858413
9192836
16561784
15661962
13498379
8674711
17157826
11249203
11002751
17385308
16104268
10035299
18334998
16799615
22627150
9047275
9125027
14586813
14110124
12132225
12638859
16607596
18103557
10357914
11648262
21651610
11185365
17945215
16387076
11144767
8600690
9494967
14073350
13500343
24977410
12283507
17922129
11146343
14056692
17112886
13709603
9606003
13808138
7953070
14049272
11639637
11344683
13379581
11973920
8493045
13910934
14556408
11963898
12982913
10393964
9101672
9424844
7215920
12606950
14450711
13423158
10201887
12090040
8297652
8847085
12699305
18518587
10039601
10566035
9542142
8540204
9873897
10712190
9920244
13292577
14070402
9512215
5993053
11690307
12636327
8852344
9249073
11037216
10286047
23408832
10251079
12774814
7812030
7518972
10522749
16064367
11649719
18196299
10099796
11848624
16428739
19954229
19610644
13823388
11962250
13238211
11208474
16849728
20632084
11340852
14719603
10723396
10405128
9276733
20013303
17925342
16546684
17239579
29406738
15792185
21247911
20786407
7588951
10224621
11206254
14076153
10472377
7260799
16817170
20541581
10283326
8696483
10983461
10270868
13713804
13765487
9622717
16325628
8668351
13557439
14933229
11307521
13827882
14874584
11067825
8209913
12280107
10012549
9544194
15790161
11722342
5262913
6550034
9388293
9230522
7625905
10535472
9305166
11389881
9399255
11398796
10187179
7332772
16263765
25123941
12494453
12361376
13247386
8046409
7711058
14077076
12399741
14655272
16100621
13689187
15890312
9614669
7510197
14712893
12328452
13034438
16612573
10776307
14152301
7385275
8161915
12328304
12143260
10087272
10999675
12859580
17033573
8621521
12168898
10339330
7296342
10103692
7105032
9698041
17454040
8136080
9536036
12233012
5525398
12017639
9915274
11253897
7594642
9066836
10540720
10265585
8591882
8743081
9797710
11640711
7254432
9635727
7355343
12022121
8600201
7813457
7293318
7256150
8321483
15220648
14909179
16379139
10160125
10495049
14516368
9061890
11193295
6793930
12102022
9055096
7756113
12738242
9460229
7095586
11142579
14298661
12041515
10128266
11092149
12580151
10371797
7030269
13770853
6797959
10117154
7900861
9999752
10169985
11008870
8762440
9816027
7542305
6417992
10242803
13357569
8340052
9598743
9450221
9011001
8399388
12621018
9410518
7834716
12535131
11245663
14816858
8782035
9823716
5035853
6010705
7399160
10797005
10103032
5224751
8354591
5380193
12665172
13879000
10894523
17949185
10595218
10530652
17718065
12221623
14571691
10163429
16114639
10048370
16381205
11107289
9483565
6012779
8993028
16101962
7331844
11134400
15089063
10423878
5549749
6817262
7061952
7676471
11534126
11532884
12971819
8009169
7758218
7376759
15295666
9919553
9092999
12053563
7497350
14632107
11055681
7300333
6230480
7953533
7669569
4544384
10357532
4977029
9836141
7828705
8083799
6629845
9383510
8352375
6763874
7892659
10279999
10411840
9569524
11395139
8936842
11811324
10602431
6280236
8278305
6566110
10494760
7742266
8548202
11853574
8244944
7009737
8391868
8725466
8154839
9906742
7369399
9740316
9923298
10856898
11038705
8232824
5838269
15363300
8337913
6637146
8567390
9850932
7360993
8603981
9083971
6905661
6886935
5390808
9254641
5578504
5062968
6852180
7494060
8995677
6268925
4654753
10308684
10476295
5872020
10728308
6113943
10308020
9876546
9972833
5328722
9348995
6557433
10544141
6265473
7915370
16325821
9610053
6960632
10864349
6754527
6109450
11638093
8974269
7411110
12776884
6629347
8815589
6510905
5742392
6652197
9748771
6403170
7587094
7195044
3160826
5156452
7623946
7336468
6765249
11559306
7746229
8576977
9604139
9686478
5343421
4057422
8227032
6131004
7861034
6894968
12946449
6732772
8518566
7428236
8546650
6860982
9511526
6080465
14136521
7792659
6014267
8752211
4546449
7346649
9274851
5980479
10026269
6275390
11200294
9309246
5839400
6609397
6562980
5177855
5995813
3975724
7524221
10357738
10033169
6332588
4901725
6813549
6735895
8096334
6019213
6419528
7325620
8583725
6024044
8646750
5364639
4343778
6462384
9078180
11608760
7886221
5764001
6700359
10392844
10680649
6850453
5676220
7592864
8254841
11477382
7456432
9524171
5699141
9348724
7125443
4968255
4085468
6559771
5974679
7904710
7953557
4902902
6754241
6258874
8614266
4424027
5443259
4281147
5423122
6380143
4809935
5569256
7782492
3815060
6717477
4122937
5969086
8858784
11258997
10387913
7847111
7775840
4541487
9711654
5534679
5718932
5838277
11447195
8683381
9555639
6466459
6842981
4086939
7562291
4438616
7144419
7042530
6540724
4571359
6042374
6567788
6371920
8578473
4084510
7820070
3755151
8580546
5073144
4907815
3580486
4962003
4985736
5947457
4805966
6864679
8691315
6924852
2463380
9785421
7917083
7761849
7130039
6932487
6181719
6218099
5751252
6270574
8536448
7938272
6266947
3923800
4454189
5568974
5019546
4694470
5634108
6181715
4996668
5284901
4540192
4684706
4602303
5450110
7148801
5920373
6723073
3880452
3482805
5069373
7812216
5411470
5740153
7200600
7222116
5015515
6505416
5891353
8816106
8416060
5220492
5888453
5243679
4869642
4616357
5406459
4972702
4535457
7575576
4829746
4022252
4092240
3696919
4434250
5164109
3574614
3365416
5818937
4384562
4247561
5909060
6066511
4496306
6995880
6577924
6990072
10689925
7873578
4194744
5434037
4936313
4018884
3650043
6419598
3632199
5258091
4035653
5919968
4031934
3457096
5672685
5097776
3975480
4423421
4315615
4506753
4080409
4362305
4617112
3497618
5554106
5501341
4013074
7632471
6989617
5255322
5179987
5727636
5113419
5289949
6387360
6254618
4096967
6355988
5111660
3416310
4297731
5526026
3976905
4037708
5284771
3395624
3609211
3883929
3384528
3390482
4167658
3732253
4375508
5588997
2868545
5823899
6201607
5831597
5313865
5123168
4859302
4154497
4523379
2033972
3079380
3287434
3759065
4700564
2673910
3527093
4034482
2941159
3157297
2834096
3751734
4652188
3326643
4783381
5902640
4840166
3393928
3692846
3221728
4391628
3286628
5460993
3996182
4399609
5395285
3053131
3693817
2261157
2915653
2529457
3053927
2720272
2375855
4051549
4030316
4933428
4166857
6714439
5352629
6012112
2953878
2114842
4438550
3839659
3614754
4058927
3581310
2900697
2822296
2517759
3169269
2567115
3188124
1600205
2624437
4435495
2118988
3648666
3794702
2174135
3066713
2467030
2778268
1757192
1524801
1849144
1980949
1507553
2666768
1526360
1567798
1567683
1636122
1631522
1589279
1536370
1523840
1495803
1599547
1590889
1599174
1626706
1581126
1602984
1582234
1563673
1507538
1529921
1586253
1563353
1572967
1598710
1581516
1466853
1665758
1610146
1630828
1547444
1543036
1636943
1542010
1512813
1556686
1563071
1675142
1521524
1718837
1624143
1666244
1624947
1629692
1799825
1853048
1735135
1769989
1677359
1608904
1628317
1621933
1804243
1829873
1779910
1856169
1845651
1662257
1484484
1628012
1478386
1507704
1487031
1567526
1636236
1601171
1759442
1786392
1544657
1509636
1509312
1513435
1526775
1626811
1814531
1787637
1725531
1471512
1490957
1567313
1538044
1529671
1601990
1652170
1571673
1522394
1501672
1574373
1575305
1554636
1597770
1663777
1497831
1542967
1540809
1525304
1606618
1711281
1829039
1742023
1599381
1651873
1607797
1632081
1633428
1551229
1531285
1483823
1668837
1575297
1581571
1631131
1649533
1575195
1562462
1506984
1546479
1659287
1677046
1870350
1801419
1933162
1625723
1796356
1877298
1879864
1820102
1883831
1743847
1694221
1847640
1921469
1877853
1819109
1694976
1837547
1785854
1830456
1763115
1684496
1724171
1734855
1778818
1827211
1684940
1693955
1724222
1979646
1894900
1919793
1663402
2083041
1751798
1840151
1760246
1813231
1834371
1790667
1611983
1792835
1783867
1707278
1538937
1593804
1585054
1852434
1776879
1911251
1800625
1588973
1522813
1583600
1580506
1539234
1562420
1821884
1750556
1765158
1487395
1795482
1498533
1561476
1479925
1632596
1605921
1638621
1736631
1606412
1477767
1516409
1555373
1577798
1503845
1582964
1502275
1567820
1599659
1547126
1539375
1622858
1648757
1583500
1539091
1540638
1545956
1577694
1579641
1474250
1626314
1627198
1606865
1649655
1603407
1517848
1542887
1543235
1694380
1801871
1616264
1717236
1582759
1575438
1536658
1556430
1541134
1561870
1524624
1924151
1615394
1614947
1567097
1702612
1560331
1582688
1676646
1640384
1614380
1679986
1641325
1777901
1830099
1883891
1762032
1845003
1830552
1849782
1714989
1877872
1784638
1617245
1566636
1879239
1807397
1827972
1799455
1845266
1839485
1774115
1529478
1649383
1648545
1537049
1582659
1684806
1558281
1558123
1549925
1572748
1671870
1656967
1516345
1680380
1570790
1536367
1466339
1766946
1888882
1708860
1579455
1585213
1522812
1527132
1477339
1565241
1517458
1588964
1582329
1694498
1670249
1567797
1464591
1689660
1835321
1834180
1661088
1669061
1657157
1514516
1518662
1511367
1590095
1561825
1614787
1672108
1615515
1617084
1606426
1842451
1782884
1543334
1591266
1773990
1625074
1690376
1470959
1559691
1533226
1610258
1530408
1704502
1590900
1561416
1527727
1782547
1764050
1942140
1777315
1767662
1645633
1618589
1546436
1656343
1600926
1508819
1481234
1578733
1763328
1733911
1538596
1668054
1619458
1567987
1482478
1615588
1603233
1555028
1572663
1770097
1733500
1551445
1493763
1471563
1527251
1561707
1582072
1723422
1662775
1663273
1551079
1616323
1525806
1568783
1531525
1657539
1651321
1669858
1596240
1559265
1707757
1562603
1539594
1686144
1619962
1646910
1625208
1610638
1619778
1600432
1582071
1595877
1650440
1600108
1626667
1650104
1704146
1611629
1632157
1614220
1717886
1812101
1803820
1769230
1618366
1565298
1542957
1591820
1804900
1707207
1573818
1853092
1861575
1660137
2074512
1660700
1712934
1572531
1616289
1699907
1654127
1663483
1602801
1798922
1627654
1602174
1641844
1704346
1676674
1651567
1730503
1789926
1838575
1708271
1624288
1711737
1642978
1729911
1706174
1941186
1917925
1784835
1799596
1801732
1646909
1985165
1753750
2005635
1901890
1713953
1776836
1819766
1663773
1721031
1685657
1731226
2010471
1935939
1789912
1958497
1823253
1775787
1849674
1803335
1868678
1805792
1998432
2172345
1804533
1848463
4055856
1941641
1926852
1859962
1820647
1736694
1659561
0
0
0
0
0
0
0
0
0
0
0
0
0
0
0
0
0
0
0
0
0
0
0
0
0
0
0
0
0
0
0
0
0
0
0
0
0
0
0
0
0
0
0
0
0
0
0
0
0
0
0
0
0
0
0
0
0
0
0
0
0
0
0
0
0
0
0
0
0
0
0
0
0
0
0
0
0
0
0
0
0
0
0
0
0
0
0
0
0
0
0
0
0
0
0
0
0
0
0
0
0
0
0
0
0
0
0
0
0
0
0
0
0
0
0
0
0
0
0
0
0
0
0
0
0
0
0
0
0
0
0
0
0
0
0
0
0
0
0
0
0
0
0
0
0
0
0
0
0
0
0
0
0
0
0
0
0
0
0
0
0
0
0
0
0
0
0
0
0
0
1715526590
0
