# xct_end restore_begin restore_segment restore_end page_write page_read
0	0	0	0	0	0	
0	0	0	0	0	0	
0	0	0	0	0	0	
0	0	0	0	0	0	
0	0	0	0	0	0	
0	0	0	0	0	0	
0	0	0	0	0	0	
0	0	0	0	0	0	
0	0	0	0	0	0	
0	0	0	0	0	0	
0	0	0	0	0	0	
0	0	0	0	0	0	
0	0	0	0	0	0	
0	0	0	0	0	0	
0	0	0	0	0	0	
0	0	0	0	0	0	
0	0	0	0	0	0	
1343	0	0	0	0	22132	
1743	0	0	0	554	17345	
2198	0	0	0	651	15431	
2537	0	0	0	565	14263	
2837	0	0	0	518	13795	
3953	0	0	0	583	17327	
3783	0	0	0	497	13584	
4443	0	0	0	584	15365	
4788	0	0	0	551	14132	
5522	0	0	0	569	14350	
5282	0	0	0	492	12220	
5761	0	0	0	511	12012	
8234	0	0	0	636	14849	
8376	0	0	0	619	13031	
9199	0	0	0	630	12771	
8844	0	0	0	612	11021	
9698	0	0	0	151	10200	
9324	0	0	0	276	9257	
9363	0	0	0	562	8082	
10401	0	0	0	637	8096	
9488	0	0	0	584	7067	
8090	0	0	0	475	5534	
8427	0	0	0	528	5235	
8309	0	0	0	483	4806	
8932	0	0	0	651	4671	
9699	0	0	0	566	4905	
9468	0	0	0	539	4308	
9325	0	0	0	543	3840	
9797	0	0	0	539	3709	
9269	0	0	0	508	3316	
9999	0	0	0	554	3249	
10294	0	0	0	573	3060	
9979	0	0	0	619	2737	
9178	0	0	0	516	2377	
8738	0	0	0	486	2164	
9803	0	0	0	546	2262	
9917	0	0	0	547	2067	
9631	0	0	0	538	1924	
9366	0	0	0	515	1693	
9309	0	0	0	520	1616	
10749	0	0	0	549	1724	
10162	0	0	0	525	1445	
10168	0	0	0	517	1432	
10118	0	0	0	509	1357	
9959	0	0	0	509	1206	
10177	0	0	0	520	1156	
10127	0	0	0	516	1086	
10453	0	0	0	546	1069	
10219	0	0	0	564	1035	
10150	0	0	0	550	923	
9985	0	0	0	535	814	
10435	0	0	0	565	844	
10454	0	0	0	562	815	
9153	0	0	0	485	653	
7517	0	0	0	731	500	
9996	0	0	0	527	752	
10769	0	0	0	573	666	
7602	0	0	0	409	491	
3269	0	0	0	165	177	
3938	0	0	0	198	216	
11236	0	0	0	554	644	
10902	0	0	0	522	606	
10850	0	0	0	569	592	
9690	0	0	0	543	497	
10483	0	0	0	561	532	
10386	0	0	0	542	490	
10548	0	0	0	520	471	
11506	0	0	0	604	481	
10761	0	0	0	549	451	
10616	0	0	0	514	386	
9888	0	0	0	494	403	
10207	0	0	0	515	384	
9926	0	0	0	514	405	
9728	0	0	0	502	321	
10251	0	0	0	547	349	
10758	0	0	0	558	354	
10141	0	0	0	531	305	
10136	0	0	0	569	303	
9890	0	0	0	514	286	
10170	0	0	0	547	304	
10320	0	0	0	547	285	
9847	0	0	0	522	293	
10178	0	0	0	526	314	
9551	0	0	0	533	276	
10439	0	0	0	538	244	
10355	0	0	0	535	257	
10151	0	0	0	534	257	
10585	0	0	0	557	266	
10411	0	0	0	553	273	
9704	0	0	0	524	251	
10155	0	0	0	532	223	
10599	0	0	0	532	259	
10367	0	0	0	531	257	
10232	0	0	0	542	253	
9872	0	0	0	539	185	
10172	0	0	0	525	230	
10662	0	0	0	532	225	
10967	0	0	0	552	221	
10551	0	0	0	538	241	
10573	0	0	0	560	196	
10638	0	0	0	562	195	
11435	0	0	0	621	255	
10773	0	0	0	559	245	
11879	0	0	0	649	249	
10427	0	0	0	556	196	
8342	0	0	0	999	158	
11857	0	0	0	637	230	
11277	0	0	0	599	237	
10571	0	0	0	577	209	
11367	0	0	0	629	221	
10767	0	0	0	599	202	
10456	0	0	0	546	169	
11032	0	0	0	596	199	
10871	0	0	0	614	170	
11244	0	0	0	625	173	
11687	0	0	0	653	205	
10618	0	0	0	654	153	
10453	0	0	0	569	160	
11012	0	0	0	578	199	
11444	0	0	0	612	158	
10775	0	0	0	553	173	
10504	0	0	0	622	152	
11022	0	0	0	547	167	
11684	0	0	0	582	169	
11061	0	0	0	598	148	
10065	0	0	0	573	159	
11635	0	0	0	673	178	
11424	0	0	0	721	177	
11786	0	0	0	628	174	
11205	0	0	0	587	173	
11312	0	0	0	610	166	
11614	0	0	0	631	177	
9839	0	0	0	844	161	
11375	0	0	0	609	178	
10999	0	0	0	594	151	
11388	0	0	0	623	142	
11022	0	0	0	570	169	
9184	0	0	0	817	104	
10270	0	0	0	698	119	
11791	0	0	0	639	151	
10660	0	0	0	581	144	
11127	0	0	0	572	145	
11117	0	0	0	587	123	
10863	0	0	0	576	129	
11934	0	0	0	633	162	
12044	0	0	0	588	162	
11351	0	0	0	550	129	
11646	0	0	0	583	152	
10913	0	0	0	592	150	
11952	0	0	0	634	125	
11386	0	0	0	609	151	
12271	0	0	0	666	108	
11213	0	0	0	585	127	
9294	0	0	0	886	100	
12021	0	0	0	630	130	
9655	0	0	0	514	77	
10599	0	0	0	600	118	
10642	0	0	0	586	115	
10978	0	0	0	616	119	
12020	0	0	0	685	127	
11379	0	0	0	609	129	
11730	0	0	0	614	105	
11529	0	0	0	630	90	
11935	0	0	0	633	103	
11424	0	0	0	641	119	
10604	0	0	0	560	99	
11333	0	0	0	611	92	
12154	0	0	0	629	119	
11169	0	0	0	611	132	
11038	0	0	0	602	110	
11292	0	0	0	569	122	
11437	0	0	0	562	111	
11253	0	0	0	565	88	
10902	0	0	0	569	98	
10957	0	0	0	629	81	
11683	0	0	0	613	96	
10758	0	0	0	575	71	
10898	0	0	0	566	81	
11426	0	0	0	618	118	
11225	0	0	0	655	99	
10890	0	0	0	606	80	
11009	0	0	0	593	98	
11111	0	0	0	594	71	
12084	0	0	0	634	109	
11266	0	0	0	592	78	
10822	0	0	0	599	77	
11556	0	0	0	615	66	
12342	0	0	0	669	100	
10853	0	0	0	576	69	
10992	0	0	0	563	115	
10359	0	0	0	655	88	
11993	0	0	0	628	88	
12337	0	0	0	608	72	
11707	0	0	0	578	75	
11837	0	0	0	599	100	
8986	0	0	0	903	51	
11196	0	0	0	551	66	
11512	0	0	0	623	69	
11265	0	0	0	602	64	
11888	0	0	0	618	87	
11284	0	0	0	620	68	
11367	0	0	0	610	67	
11466	0	0	0	602	82	
11933	0	0	0	616	74	
10701	0	0	0	557	71	
11186	0	0	0	591	75	
11066	0	0	0	607	77	
11817	0	0	0	619	76	
11521	0	0	0	606	66	
11984	0	0	0	630	90	
11867	0	0	0	639	63	
11751	0	0	0	698	56	
11653	0	0	0	642	65	
10667	0	0	0	537	53	
11273	0	0	0	565	60	
11698	0	0	0	614	37	
9547	0	0	0	885	58	
11772	0	0	0	579	62	
11734	0	0	0	571	59	
12352	0	0	0	602	79	
11683	0	0	0	587	42	
8839	0	0	0	890	42	
10208	0	0	0	605	51	
12164	0	0	0	649	56	
11163	0	0	0	594	69	
12076	0	0	0	636	61	
11552	0	0	0	622	57	
4378	0	0	0	1854	14	
12184	0	0	0	647	62	
11625	0	0	0	602	74	
11587	0	0	0	600	54	
11176	0	0	0	648	64	
9716	0	0	0	549	53	
10189	0	0	0	599	45	
10911	0	0	0	577	41	
12118	0	0	0	646	55	
10777	0	0	0	586	40	
10636	0	0	0	582	44	
11000	0	0	0	569	36	
11339	0	0	0	602	44	
10694	0	0	0	570	48	
11547	0	0	0	577	37	
10162	0	0	0	520	37	
10822	0	0	0	642	46	
12303	0	0	0	601	53	
8468	0	0	0	450	30	
8394	0	0	0	478	35	
10020	0	0	0	527	58	
8275	0	0	0	453	40	
7817	0	0	0	435	25	
8077	0	0	0	420	48	
10158	0	0	0	518	36	
8555	0	0	0	442	38	
8816	0	0	0	481	38	
8507	0	0	0	452	30	
10132	0	0	0	531	39	
8971	0	0	0	486	43	
11988	0	0	0	632	44	
11563	0	0	0	614	29	
10438	0	0	0	534	45	
8237	0	0	0	416	34	
10510	0	0	0	551	32	
8270	0	0	0	442	34	
11472	0	0	0	616	47	
9047	0	0	0	512	34	
10169	0	0	0	507	29	
8910	0	0	0	487	28	
11175	0	0	0	608	30	
11013	0	0	0	572	42	
11507	0	0	0	569	31	
9161	0	0	0	455	27	
10447	0	0	0	538	36	
9476	0	0	0	466	23	
7611	0	0	0	390	25	
7979	0	0	0	423	22	
9065	0	0	0	488	23	
10069	0	0	0	526	32	
8937	0	0	0	488	25	
10668	0	0	0	577	50	
9264	0	0	0	497	21	
11114	0	0	0	595	31	
9418	0	0	0	497	22	
10984	0	0	0	569	42	
12331	0	0	0	638	34	
11084	0	0	0	587	24	
10430	0	0	0	542	28	
9494	0	0	0	490	24	
10129	0	0	0	547	34	
8326	0	0	0	432	16	
8386	0	0	0	472	21	
9811	0	0	0	529	21	
10658	0	0	0	566	18	
8566	0	0	0	449	20	
9388	0	0	0	484	19	
8717	0	0	0	452	32	
8997	0	0	0	472	19	
9443	0	0	0	525	25	
10224	0	0	0	504	26	
9328	0	0	0	26	28	
9166	0	0	0	47	19	
10118	0	0	0	501	27	
11393	0	0	0	577	19	
7494	0	0	0	424	25	
11369	0	0	0	613	17	
10196	0	0	0	526	24	
10644	0	0	0	552	16	
9491	0	0	0	502	24	
9794	0	0	0	556	17	
7535	0	0	0	418	15	
9775	0	0	0	520	19	
8490	0	0	0	450	18	
9949	0	0	0	513	28	
10522	0	0	0	533	20	
10419	0	0	0	557	28	
7764	0	0	0	473	17	
10223	0	0	0	542	17	
10941	0	0	0	578	30	
10416	0	0	0	552	23	
10065	0	0	0	531	15	
9080	0	0	0	482	15	
9686	0	0	0	551	24	
8732	0	0	0	459	13	
8922	0	0	0	473	16	
10604	0	0	0	539	26	
9917	0	0	0	524	33	
10430	0	0	0	527	17	
8049	0	0	0	421	17	
10674	0	0	0	518	13	
10034	0	0	0	484	18	
7585	0	0	0	406	11	
9131	0	0	0	493	23	
9629	0	0	0	521	20	
7639	0	0	0	415	28	
10431	0	0	0	548	15	
10197	0	0	0	523	16	
8263	0	0	0	422	16	
9427	0	0	0	493	16	
8170	0	0	0	439	21	
7939	0	0	0	451	18	
10619	0	0	0	559	16	
8681	0	0	0	491	5	
10361	0	0	0	542	24	
9973	0	0	0	528	13	
10453	0	0	0	546	20	
10177	0	0	0	548	12	
10572	0	0	0	558	18	
9797	0	0	0	509	19	
10105	0	0	0	541	17	
10014	0	0	0	522	16	
10286	0	0	0	509	19	
10204	0	0	0	544	16	
10830	0	0	0	530	18	
10251	0	0	0	549	19	
10542	0	0	0	531	16	
10020	0	0	0	495	10	
11698	0	0	0	574	17	
9446	0	0	0	460	14	
11092	0	0	0	574	21	
11032	0	0	0	556	14	
9347	0	0	0	488	12	
8595	0	0	0	454	16	
9919	0	0	0	530	13	
8601	0	0	0	466	6	
8628	0	0	0	452	18	
9406	0	0	0	512	7	
11382	0	0	0	603	14	
8712	0	0	0	448	11	
9678	0	0	0	535	11	
9379	0	0	0	498	20	
11010	0	0	0	586	8	
8697	0	0	0	469	14	
9290	0	0	0	492	13	
7692	0	0	0	415	9	
9572	0	0	0	505	19	
7792	0	0	0	448	13	
8223	0	0	0	443	13	
10003	0	0	0	544	12	
11114	0	0	0	565	13	
10401	0	0	0	547	13	
8410	0	0	0	446	11	
8886	0	0	0	445	15	
10827	0	0	0	570	19	
10732	0	0	0	524	8	
8533	0	0	0	442	10	
7520	0	0	0	373	13	
7735	0	0	0	414	7	
10942	0	0	0	579	12	
8762	0	0	0	473	8	
9980	0	0	0	537	12	
11363	0	0	0	578	18	
11763	0	0	0	625	11	
9998	0	0	0	564	4	
8777	0	0	0	478	10	
8696	0	0	0	467	10	
9582	0	0	0	512	15	
9630	0	0	0	499	7	
11417	0	0	0	583	19	
9608	0	0	0	510	13	
11167	0	0	0	596	12	
11085	0	0	0	597	15	
11116	0	0	0	595	14	
11066	0	0	0	601	10	
11241	0	0	0	609	6	
8516	0	0	0	447	6	
11184	0	0	0	571	7	
11158	0	0	0	579	8	
11136	0	0	0	539	8	
9677	0	0	0	525	7	
8667	0	0	0	430	6	
7317	0	0	0	387	4	
11528	0	0	0	562	12	
10202	0	0	0	506	4	
11068	0	0	0	575	13	
9032	0	0	0	499	12	
10276	0	0	0	559	8	
10928	0	0	0	578	9	
10799	0	0	0	574	12	
8841	0	0	0	473	8	
11308	0	0	0	595	9	
11225	0	0	0	624	15	
9028	0	0	0	493	7	
8286	0	0	0	428	8	
10069	0	0	0	517	10	
10628	0	0	0	553	7	
10197	0	0	0	540	10	
10281	0	0	0	571	7	
9655	0	0	0	513	6	
11278	0	0	0	597	9	
10842	0	0	0	586	8	
10967	0	0	0	587	10	
11621	0	0	0	619	5	
11886	0	0	0	590	11	
10594	0	0	0	543	7	
11457	0	0	0	594	5	
11901	0	0	0	591	9	
7659	0	0	0	406	7	
7528	0	0	0	383	1	
10182	0	0	0	543	6	
8189	0	0	0	412	9	
10416	0	0	0	550	6	
9359	0	0	0	521	5	
9845	0	0	0	547	4	
10631	0	0	0	561	7	
8562	0	0	0	457	1	
10378	0	0	0	547	10	
9443	0	0	0	505	4	
11396	0	0	0	601	4	
7573	0	0	0	438	3	
8069	0	0	0	435	8	
8114	0	0	0	469	7	
10239	0	0	0	548	8	
9454	0	0	0	498	9	
9916	0	0	0	514	4	
7358	0	0	0	391	2	
8360	0	0	0	442	4	
8942	0	0	0	480	5	
9648	0	0	0	529	7	
9006	0	0	0	490	1	
11776	0	0	0	621	9	
9999	0	0	0	530	8	
8244	0	0	0	457	7	
8758	0	0	0	481	6	
9352	0	0	0	491	10	
8638	0	0	0	473	2	
9325	0	0	0	469	8	
9736	0	0	0	480	5	
9479	0	0	0	505	1	
9875	0	0	0	487	4	
9927	0	0	0	509	9	
7209	0	0	0	406	3	
9016	0	0	0	488	7	
10150	0	0	0	543	3	
9979	0	0	0	525	5	
10415	0	0	0	546	3	
8753	0	0	0	459	6	
7218	0	0	0	381	0	
8739	0	0	0	443	4	
9065	0	0	0	470	10	
10209	0	0	0	539	5	
10016	0	0	0	524	5	
10317	0	0	0	540	6	
9587	0	0	0	504	2	
8850	0	0	0	470	4	
9627	0	0	0	513	5	
10500	0	0	0	566	5	
8789	0	0	0	459	7	
8678	0	0	0	467	4	
10259	0	0	0	532	5	
9200	0	0	0	469	1	
9297	0	0	0	472	2	
10410	0	0	0	557	5	
7566	0	0	0	423	6	
10239	0	0	0	502	3	
9578	0	0	0	474	3	
10742	0	0	0	537	3	
8198	0	0	0	418	5	
9745	0	0	0	534	2	
8868	0	0	0	457	0	
9040	0	0	0	492	6	
10701	0	0	0	540	2	
9868	0	0	0	508	3	
9521	0	0	0	507	9	
9776	0	0	0	536	1	
10409	0	0	0	547	2	
9920	0	0	0	518	5	
9751	0	0	0	511	4	
9250	0	0	0	489	3	
8721	0	0	0	459	1	
8129	0	0	0	430	0	
10048	0	0	0	523	1	
10233	0	0	0	543	5	
7789	0	0	0	416	1	
7345	0	0	0	394	3	
9913	0	0	0	522	7	
10098	0	0	0	525	9	
9911	0	0	0	539	4	
10367	0	0	0	531	1	
9405	0	0	0	486	5	
8415	0	0	0	454	3	
7803	0	0	0	416	4	
10633	0	0	0	548	6	
8573	0	0	0	449	1	
10512	0	0	0	521	4	
10326	0	0	0	506	4	
6651	0	0	0	330	3	
9907	0	0	0	536	6	
8402	0	0	0	445	0	
7200	0	0	0	381	3	
7945	0	0	0	460	5	
8879	0	0	0	455	1	
8945	0	0	0	467	5	
9977	0	0	0	530	2	
10517	0	0	0	563	0	
10185	0	0	0	554	5	
10897	0	0	0	569	0	
8149	0	0	0	446	2	
8828	0	0	0	491	2	
8591	0	0	0	449	3	
8746	0	0	0	467	2	
9090	0	0	0	464	5	
8426	0	0	0	439	3	
7898	0	0	0	429	5	
9490	0	0	0	533	3	
10861	0	0	0	578	6	
9819	0	0	0	511	3	
10077	0	0	0	543	0	
8016	0	0	0	399	2	
10128	0	0	0	508	6	
10585	0	0	0	547	2	
10668	0	0	0	527	2	
10784	0	0	0	529	2	
10098	0	0	0	512	2	
9935	0	0	0	478	2	
9651	0	0	0	486	0	
9818	0	0	0	492	2	
10360	0	0	0	543	2	
10068	0	0	0	544	2	
10231	0	0	0	560	4	
10247	0	0	0	535	6	
10335	0	0	0	537	2	
9964	0	0	0	514	2	
10490	0	0	0	539	1	
10313	0	0	0	525	0	
10219	0	0	0	548	3	
10209	0	0	0	528	1	
10103	0	0	0	528	0	
10324	0	0	0	545	5	
7991	0	0	0	426	0	
9928	0	0	0	531	2	
10112	0	0	0	532	2	
10542	0	0	0	545	2	
10438	0	0	0	540	1	
10348	0	0	0	559	0	
10573	0	0	0	536	1	
10420	0	0	0	517	4	
10677	0	0	0	552	3	
10752	0	0	0	517	2	
9056	0	0	0	442	1	
10748	0	0	0	525	5	
10014	0	0	0	510	0	
9834	0	0	0	501	5	
10483	0	0	0	534	4	
10295	0	0	0	558	0	
9705	0	0	0	504	2	
10208	0	0	0	525	0	
10317	0	0	0	548	0	
10648	0	0	0	541	3	
10011	0	0	0	541	2	
8018	0	0	0	422	1	
10098	0	0	0	535	0	
10914	0	0	0	562	1	
9690	0	0	0	525	2	
9729	0	0	0	505	1	
9169	0	0	0	476	0	
11079	0	0	0	568	1	
10366	0	0	0	546	5	
10646	0	0	0	566	1	
10553	0	0	0	567	5	
9690	0	0	0	520	1	
9758	0	0	0	513	2	
10669	0	0	0	532	3	
10475	0	0	0	515	1	
10617	0	0	0	571	1	
10576	0	0	0	518	0	
10188	0	0	0	503	2	
10769	0	0	0	531	3	
10282	0	0	0	505	1	
10135	0	0	0	527	1	
10255	0	0	0	522	3	
10704	0	0	0	551	1	
11038	0	0	0	578	1	
9422	0	0	0	493	0	
8262	0	0	0	422	1	
10026	0	0	0	538	3	
11280	0	0	0	581	1	
10179	0	0	0	519	0	
9882	0	0	0	506	0	
11043	0	0	0	572	0	
10009	0	0	0	506	4	
9858	0	0	0	527	4	
10419	0	0	0	558	2	
11977	0	0	0	635	2	
10667	0	0	0	555	1	
10361	0	0	0	542	1	
10047	0	0	0	522	1	
10110	0	0	0	523	1	
11516	0	0	0	562	3	
10204	0	0	0	531	1	
10775	0	0	0	525	0	
8138	0	0	0	466	1	
10771	0	0	0	532	2	
10441	0	0	0	507	1	
7671	0	0	0	380	0	
7994	0	0	0	392	0	
8117	0	0	0	422	0	
7249	0	0	0	375	2	
9887	0	0	0	514	1	
10993	0	0	0	585	2	
10811	0	0	0	569	0	
8021	0	0	0	424	0	
10236	0	0	0	515	3	
10760	0	0	0	574	2	
9724	0	0	0	502	0	
10523	0	0	0	548	0	
10139	0	0	0	533	0	
10105	0	0	0	524	0	
9775	0	0	0	528	0	
10308	0	0	0	545	1	
9916	0	0	0	500	1	
11232	0	0	0	577	1	
10108	0	0	0	531	0	
11121	0	0	0	589	2	
10294	0	0	0	551	0	
10418	0	0	0	551	3	
7532	0	0	0	385	0	
11461	0	0	0	585	2	
10707	0	0	0	545	1	
11143	0	0	0	583	1	
8409	0	0	0	423	0	
11010	0	0	0	541	0	
8865	0	0	0	438	4	
9231	0	0	0	489	0	
9106	0	0	0	476	1	
8893	0	0	0	457	0	
8199	0	0	0	452	0	
9381	0	0	0	489	2	
9057	0	0	0	492	1	
7808	0	0	0	413	1	
8099	0	0	0	426	0	
11276	0	0	0	598	0	
7978	0	0	0	412	0	
10079	0	0	0	518	0	
9202	0	0	0	471	0	
8477	0	0	0	447	2	
9386	0	0	0	494	1	
7912	0	0	0	424	0	
8155	0	0	0	437	0	
10802	0	0	0	563	0	
9856	0	0	0	523	0	
9795	0	0	0	513	0	
10354	0	0	0	531	2	
10927	0	0	0	571	0	
10043	0	0	0	523	0	
10247	0	0	0	520	2	
10923	0	0	0	551	1	
10808	0	0	0	541	0	
9136	0	0	0	500	0	
9757	0	0	0	497	1	
9630	0	0	0	538	2	
10463	0	0	0	541	0	
7431	0	0	0	402	0	
9529	0	0	0	505	2	
8760	0	0	0	464	0	
8411	0	0	0	456	1	
8764	0	0	0	458	1	
10641	0	0	0	541	0	
10007	0	0	0	507	0	
9025	0	0	0	491	0	
8789	0	0	0	461	1	
10530	0	0	0	560	1	
8088	0	0	0	446	0	
10631	0	0	0	575	1	
10504	0	0	0	543	1	
10408	0	0	0	542	0	
10106	0	0	0	515	0	
10715	0	0	0	599	1	
8574	0	0	0	465	1	
9597	0	0	0	515	1	
11497	0	0	0	610	0	
9466	0	0	0	511	3	
11019	0	0	0	538	0	
10430	0	0	0	568	0	
8158	0	0	0	414	0	
10699	0	0	0	551	0	
8124	0	0	0	398	1	
8125	0	0	0	417	0	
10150	0	0	0	509	0	
9277	0	0	0	515	0	
9986	0	0	0	510	1	
10379	0	0	0	527	1	
7985	0	0	0	411	0	
10743	0	0	0	572	0	
8877	0	0	0	460	0	
7463	0	0	0	405	1	
8562	0	0	0	471	0	
9640	0	0	0	524	1	
11101	0	0	0	566	1	
8911	0	0	0	461	0	
11081	0	0	0	569	1	
10182	0	0	0	548	1	
10533	0	0	0	546	0	
10382	0	0	0	540	0	
10422	0	0	0	549	1	
10789	0	0	0	568	1	
11164	0	0	0	574	0	
8651	0	0	0	445	0	
10051	0	0	0	517	2	
10583	0	0	0	560	0	
10694	0	0	0	524	0	
7548	0	0	0	398	0	
11132	0	0	0	568	0	
11308	0	0	0	580	0	
11461	0	0	0	544	1	
10445	0	0	0	504	0	
10394	0	0	0	506	2	
10549	0	0	0	510	1	
10858	0	0	0	557	1	
10218	0	0	0	520	0	
8259	0	0	0	425	1	
10051	0	0	0	526	0	
8078	0	0	0	419	0	
8205	0	0	0	425	0	
10443	0	0	0	542	2	
8916	0	0	0	469	0	
10334	0	0	0	547	0	
10327	0	0	0	534	0	
9235	0	0	0	499	0	
11247	0	0	0	619	0	
9571	0	0	0	500	0	
10136	0	0	0	517	0	
8078	0	0	0	426	1	
8328	0	0	0	437	0	
10432	0	0	0	549	0	
8932	0	0	0	485	1	
9789	0	0	0	523	1	
10022	0	0	0	526	3	
8960	0	0	0	468	0	
10484	0	0	0	518	0	
8621	0	0	0	460	0	
10001	0	0	0	514	0	
9099	0	0	0	463	1	
7591	0	0	0	390	0	
9971	0	0	0	503	0	
9547	0	0	0	498	0	
10093	0	0	0	522	2	
9259	0	0	0	484	0	
10590	0	0	0	549	2	
10292	0	0	0	532	0	
10578	0	0	0	552	0	
10682	0	0	0	554	0	
10044	0	0	0	534	1	
9871	0	0	0	508	2	
9671	0	0	0	501	0	
9689	0	0	0	502	0	
10768	0	0	0	550	1	
10440	0	0	0	538	1	
8249	0	0	0	453	1	
6934	0	0	0	384	0	
8816	0	0	0	479	2	
9900	0	0	0	525	1	
7721	0	0	0	424	0	
10235	0	0	0	532	0	
8637	0	0	0	452	0	
10422	0	0	0	569	0	
10924	0	0	0	535	0	
10392	0	0	0	537	2	
8562	0	0	0	443	3	
9751	0	0	0	517	0	
8340	0	0	0	416	0	
10357	0	0	0	529	1	
8213	0	0	0	412	1	
10375	0	0	0	512	0	
9575	0	0	0	520	0	
9114	0	0	0	497	0	
9974	0	0	0	549	0	
8305	0	0	0	30	0	
10648	0	0	0	28	0	
10501	0	0	0	26	0	
9924	0	0	0	25	0	
10788	0	0	0	26	0	
9826	0	0	0	23	0	
10637	0	0	0	21	0	
12266	0	0	0	24	0	
11062	0	0	0	23	1	
10162	0	0	0	24	0	
10507	0	0	0	24	0	
11044	0	0	0	25	0	
10633	0	0	0	11	0	
8359	0	0	0	41	0	
8988	0	0	0	607	0	
7716	0	0	0	434	0	
9256	0	0	0	496	0	
8319	0	0	0	438	0	
10778	0	0	0	533	0	
9643	0	0	0	492	0	
9823	0	0	0	497	0	
10416	0	0	0	530	0	
9096	0	0	0	448	0	
10350	0	0	0	530	0	
10155	0	0	0	530	0	
11193	0	0	0	562	0	
9127	0	0	0	470	0	
9101	0	0	0	522	0	
9904	0	0	0	514	0	
7663	0	0	0	452	0	
10303	0	0	0	622	0	
9464	0	0	0	500	0	
7993	0	0	0	445	0	
7605	0	0	0	412	0	
11458	0	0	0	602	0	
6394	0	0	0	342	0	
10074	0	0	0	518	0	
9156	0	0	0	503	1	
9441	0	0	0	491	0	
10408	0	0	0	537	0	
10472	0	0	0	551	1	
7767	0	0	0	441	0	
8917	0	0	0	461	0	
11035	0	0	0	570	0	
10493	0	0	0	532	0	
10442	0	0	0	527	0	
10505	0	0	0	520	0	
9902	0	0	0	542	0	
10483	0	0	0	515	0	
11060	0	0	0	545	0	
10550	0	0	0	506	0	
10830	0	0	0	527	0	
10722	0	0	0	543	1	
10170	0	0	0	521	0	
10310	0	0	0	536	1	
7542	0	0	0	404	0	
9881	0	0	0	528	0	
8070	0	0	0	418	0	
11369	0	0	0	590	0	
12461	0	0	0	647	0	
11406	0	0	0	605	0	
10191	0	0	0	528	0	
8081	0	0	0	426	1	
10492	0	0	0	548	0	
9072	0	0	0	500	0	
10065	0	0	0	514	0	
10276	0	0	0	520	0	
9034	0	0	0	469	0	
10718	0	0	0	565	0	
10940	0	0	0	611	0	
8450	0	0	0	456	0	
8714	0	0	0	442	0	
10454	0	0	0	563	0	
10717	0	0	0	518	0	
10043	0	0	0	522	0	
10797	0	0	0	546	0	
11196	0	0	0	551	0	
11277	0	0	0	559	0	
11934	0	0	0	581	1	
7848	0	0	0	411	0	
10044	0	0	0	523	0	
10279	0	0	0	522	0	
10406	0	0	0	541	0	
10759	0	0	0	544	0	
9904	0	0	0	515	0	
10078	0	0	0	526	0	
10136	0	0	0	565	0	
9492	0	0	0	521	0	
10304	0	0	0	544	0	
10524	0	0	0	542	1	
10703	0	0	0	548	0	
10527	0	0	0	566	0	
9861	0	0	0	521	0	
10119	0	0	0	537	0	
9358	0	0	0	496	0	
9920	0	0	0	526	0	
10593	0	0	0	560	0	
9974	0	0	0	541	0	
10674	0	0	0	520	1	
10797	0	0	0	556	0	
7820	0	0	0	397	0	
8801	0	0	0	476	0	
10230	0	0	0	514	1	
10587	0	0	0	537	0	
9588	0	0	0	467	0	
9957	0	0	0	480	0	
10187	0	0	0	534	0	
8578	0	0	0	466	0	
10218	0	0	0	541	0	
9594	0	0	0	533	0	
10423	0	0	0	543	0	
10697	0	0	0	562	0	
10743	0	0	0	562	0	
11117	0	0	0	575	0	
8312	0	0	0	442	1	
7685	0	0	0	433	0	
8652	0	0	0	458	0	
10084	0	0	0	527	0	
8464	0	0	0	448	1	
10709	0	0	0	578	0	
10205	0	0	0	541	0	
8170	0	0	0	445	0	
9691	0	0	0	503	0	
8211	0	0	0	437	0	
10710	0	0	0	566	0	
10104	0	0	0	538	0	
10735	0	0	0	549	3	
9972	0	0	0	537	0	
10066	0	0	0	521	0	
10216	0	0	0	497	0	
10261	0	0	0	509	0	
10171	0	0	0	487	0	
10261	0	0	0	500	0	
9616	0	0	0	528	0	
8099	0	0	0	427	0	
10902	0	0	0	566	0	
8424	0	0	0	448	0	
9728	0	0	0	526	0	
10033	0	0	0	511	0	
9414	0	0	0	503	0	
10229	0	0	0	519	0	
10266	0	0	0	541	0	
10547	0	0	0	551	0	
8389	0	0	0	484	0	
10427	0	0	0	553	0	
10036	0	0	0	552	0	
11140	0	0	0	579	0	
11457	0	0	0	578	0	
11327	0	0	0	579	0	
11577	0	0	0	619	0	
11220	0	0	0	621	0	
10220	0	0	0	546	0	
10518	0	0	0	528	0	
10028	0	0	0	525	0	
4628	0	0	0	238	0	
11892	0	0	0	617	0	
10966	0	0	0	576	0	
10728	0	0	0	525	0	
10666	0	0	0	526	0	
10269	0	0	0	507	0	
10063	0	0	0	494	0	
10340	0	0	0	547	0	
10277	0	0	0	531	0	
10280	0	0	0	524	0	
10107	0	0	0	512	0	
8066	0	0	0	416	1	
10766	0	0	0	566	0	
10207	0	0	0	543	0	
10382	0	0	0	537	0	
10831	0	0	0	566	1	
10378	0	0	0	556	0	
7727	0	0	0	394	0	
10615	0	0	0	581	0	
10565	0	0	0	538	0	
11378	0	0	0	582	0	
11718	0	0	0	631	0	
11549	0	0	0	621	0	
11591	0	0	0	624	0	
11331	0	0	0	605	0	
11422	0	0	0	601	0	
10308	0	0	0	497	0	
10631	0	0	0	551	0	
10677	0	0	0	535	2	
11061	0	0	0	544	0	
10604	0	0	0	528	0	
10283	0	0	0	521	0	
6785	0	0	0	341	0	
9392	0	0	0	527	0	
8455	0	0	0	445	0	
10584	0	0	0	581	0	
8314	0	0	0	425	0	
10682	0	0	0	554	0	
11270	0	0	0	588	0	
9884	0	0	0	512	0	
8601	0	0	0	461	0	
10821	0	0	0	593	0	
10407	0	0	0	551	0	
9381	0	0	0	486	0	
10425	0	0	0	539	0	
10695	0	0	0	544	0	
11165	0	0	0	580	0	
7443	0	0	0	404	0	
8722	0	0	0	460	0	
10196	0	0	0	537	0	
10194	0	0	0	539	0	
9097	0	0	0	460	0	
10881	0	0	0	562	0	
11240	0	0	0	563	0	
8341	0	0	0	444	0	
10760	0	0	0	521	0	
9944	0	0	0	505	0	
10430	0	0	0	518	0	
10237	0	0	0	525	0	
10503	0	0	0	538	0	
9264	0	0	0	473	0	
10647	0	0	0	550	0	
10492	0	0	0	556	0	
8944	0	0	0	526	0	
9284	0	0	0	493	0	
10244	0	0	0	561	0	
8336	0	0	0	450	0	
10028	0	0	0	519	0	
9489	0	0	0	506	0	
10601	0	0	0	571	0	
10308	0	0	0	536	0	
10195	0	0	0	529	0	
9804	0	0	0	530	0	
10439	0	0	0	543	0	
8513	0	0	0	453	0	
10168	0	0	0	553	0	
8252	0	0	0	430	0	
10464	0	0	0	554	0	
9748	0	0	0	518	0	
10123	0	0	0	525	0	
10598	0	0	0	556	1	
9907	0	0	0	530	0	
7900	0	0	0	416	0	
11811	0	0	0	607	0	
11739	0	0	0	568	0	
10647	0	0	0	511	0	
6932	0	0	0	348	0	
9149	0	0	0	476	0	
10090	0	0	0	519	0	
9869	0	0	0	514	0	
9940	0	0	0	512	0	
8415	0	0	0	439	0	
10701	0	0	0	547	0	
10093	0	0	0	560	0	
10737	0	0	0	556	0	
9992	0	0	0	515	0	
8472	0	0	0	463	0	
9596	0	0	0	512	0	
10369	0	0	0	557	0	
9890	0	0	0	524	0	
10534	0	0	0	535	0	
10139	0	0	0	520	0	
10266	0	0	0	536	0	
9895	0	0	0	524	0	
10308	0	0	0	549	0	
7627	0	0	0	438	0	
10063	0	0	0	523	0	
10733	0	0	0	552	0	
10895	0	0	0	517	0	
8174	0	0	0	428	0	
10464	0	0	0	521	0	
10113	0	0	0	523	0	
10211	0	0	0	517	0	
10309	0	0	0	512	2	
9749	0	0	0	512	0	
10209	0	0	0	523	0	
10506	0	0	0	572	0	
9967	0	0	0	516	0	
10701	0	0	0	552	0	
10529	0	0	0	539	0	
10517	0	0	0	542	0	
10331	0	0	0	545	0	
10185	0	0	0	527	0	
11185	0	0	0	571	0	
11110	0	0	0	604	0	
11070	0	0	0	566	0	
11135	0	0	0	578	0	
10196	0	0	0	529	0	
10958	0	0	0	564	0	
8274	0	0	0	436	0	
10837	0	0	0	601	0	
9968	0	0	0	533	0	
10496	0	0	0	578	0	
10801	0	0	0	531	0	
10470	0	0	0	537	0	
10627	0	0	0	527	0	
11522	0	0	0	608	0	
10261	0	0	0	498	0	
9921	0	0	0	490	0	
10152	0	0	0	502	0	
10291	0	0	0	497	0	
10158	0	0	0	524	0	
5530	0	0	0	274	0	
10182	0	0	0	561	0	
8711	0	0	0	450	0	
10580	0	0	0	562	0	
9337	0	0	0	486	0	
7966	0	0	0	408	0	
7712	0	0	0	418	0	
8703	0	0	0	516	0	
8464	0	0	0	452	0	
8927	0	0	0	463	0	
10514	0	0	0	553	0	
6795	0	0	0	366	0	
9869	0	0	0	524	0	
10045	0	0	0	528	0	
8671	0	0	0	487	0	
8615	0	0	0	458	0	
8737	0	0	0	456	0	
10179	0	0	0	526	0	
10619	0	0	0	569	0	
10210	0	0	0	535	0	
10283	0	0	0	522	0	
10344	0	0	0	549	0	
11502	0	0	0	566	0	
11903	0	0	0	578	0	
7033	0	0	0	374	0	
11055	0	0	0	574	0	
9676	0	0	0	473	0	
9216	0	0	0	495	0	
9863	0	0	0	509	0	
10667	0	0	0	557	0	
10639	0	0	0	551	0	
10866	0	0	0	590	0	
10244	0	0	0	535	0	
8508	0	0	0	438	0	
11650	0	0	0	617	0	
11755	0	0	0	614	0	
10357	0	0	0	550	0	
9935	0	0	0	513	0	
9069	0	0	0	472	0	
10025	0	0	0	512	0	
10647	0	0	0	551	0	
12538	0	0	0	662	0	
8005	0	0	0	408	0	
9809	0	0	0	517	0	
10300	0	0	0	537	0	
10886	0	0	0	577	0	
10736	0	0	0	558	0	
10289	0	0	0	524	0	
7133	0	0	0	389	0	
10845	0	0	0	523	2	
10340	0	0	0	501	0	
10007	0	0	0	497	0	
10253	0	0	0	509	0	
10388	0	0	0	560	0	
9985	0	0	0	515	0	
10141	0	0	0	532	0	
10616	0	0	0	546	0	
11599	0	0	0	589	0	
11082	0	0	0	566	0	
10275	0	0	0	542	0	
10065	0	0	0	527	1	
8383	0	0	0	436	0	
8507	0	0	0	468	0	
11386	0	0	0	611	0	
8684	0	0	0	464	0	
9388	0	0	0	480	0	
10742	0	0	0	559	0	
11339	0	0	0	577	0	
9750	0	0	0	522	0	
10574	0	0	0	557	0	
9613	0	0	0	513	0	
10270	0	0	0	546	0	
10871	0	0	0	585	0	
11345	0	0	0	560	0	
10612	0	0	0	538	0	
8606	0	0	0	441	0	
10245	0	0	0	531	0	
10443	0	0	0	522	0	
10283	0	0	0	503	0	
10254	0	0	0	498	0	
10000	0	0	0	512	2	
11239	0	0	0	582	0	
10503	0	0	0	531	0	
7888	0	0	0	405	0	
10209	0	0	0	538	0	
10174	0	0	0	524	0	
9937	0	0	0	542	0	
10183	0	0	0	530	0	
10552	0	0	0	556	0	
10572	0	0	0	560	0	
10242	0	0	0	524	0	
10226	0	0	0	517	0	
10109	0	0	0	533	0	
11385	1	0	0	600	0	
9043	0	0	0	454	0	
10288	0	0	0	500	0	
6619	0	0	0	336	0	
10004	0	0	0	493	0	
9664	0	0	0	507	0	
10069	0	0	0	490	0	
11209	0	0	0	539	0	
11379	0	0	0	557	0	
10898	0	0	0	535	0	
7578	0	0	0	387	0	
11079	0	1	0	453	0	
10751	0	4	0	239	0	
9774	0	4	0	219	0	
10801	0	4	0	243	0	
11242	0	4	0	230	0	
11208	0	4	0	256	0	
10573	0	4	0	219	0	
10196	0	4	0	224	0	
9064	0	4	0	237	0	
9618	0	4	0	262	0	
9499	0	5	0	306	0	
8779	0	3	0	289	0	
8752	0	3	0	260	0	
11615	0	4	0	261	0	
11651	0	4	0	258	0	
11312	0	4	0	252	0	
8407	0	3	0	268	0	
11102	0	4	0	242	0	
11252	0	4	0	234	0	
10394	0	4	0	208	0	
10953	0	4	0	228	0	
12158	0	5	0	261	0	
10958	0	4	0	241	0	
10028	0	4	0	230	0	
10277	0	4	0	236	0	
10648	0	4	0	244	0	
10369	0	4	0	215	0	
11392	0	4	0	244	0	
11256	0	4	0	242	0	
11008	0	5	0	239	0	
10385	0	4	0	235	0	
6993	0	3	0	281	0	
11112	0	4	0	258	0	
10822	0	4	0	238	0	
10583	0	4	0	232	0	
10820	0	4	0	242	0	
9921	0	4	0	227	0	
10321	0	4	0	230	0	
10788	0	4	0	229	0	
10212	0	4	0	237	0	
10185	0	4	0	218	0	
11010	0	4	0	229	0	
10592	0	5	0	236	0	
11477	0	4	0	260	0	
11083	0	4	0	245	0	
7766	0	3	0	162	0	
10187	0	4	0	263	0	
10757	0	4	0	235	0	
10324	0	4	0	230	0	
11826	0	4	0	256	0	
11213	0	4	0	236	0	
10548	0	4	0	227	0	
10965	0	5	0	253	0	
10384	0	4	0	252	0	
8149	0	3	0	251	0	
11198	0	4	0	244	0	
9964	0	4	0	208	0	
11052	0	4	0	220	0	
8130	0	3	0	238	0	
9986	0	4	0	243	0	
7639	0	4	0	205	0	
11606	0	4	0	258	0	
9460	0	4	0	234	0	
11197	0	3	0	276	0	
11208	0	4	0	225	0	
10800	0	4	0	257	0	
10327	0	5	0	231	0	
10391	0	4	0	230	0	
10365	0	4	0	230	0	
10409	0	4	0	243	0	
8770	0	3	0	212	0	
11482	0	4	0	241	0	
11354	0	4	0	251	0	
12292	0	4	0	261	0	
10019	0	5	0	224	0	
10291	0	6	0	101	0	
8433	0	3	0	122	0	
11634	0	6	0	147	0	
11024	0	5	0	193	0	
11077	0	6	0	117	0	
11520	0	5	0	195	0	
11754	0	5	0	181	0	
10374	0	6	0	111	0	
7772	0	4	0	135	0	
10367	0	6	0	127	0	
10974	0	5	0	176	0	
10563	0	5	0	191	0	
11127	0	5	0	147	0	
10724	0	6	0	115	0	
10062	0	5	0	142	0	
10155	0	5	0	195	0	
10615	0	5	0	148	0	
11132	0	7	0	72	0	
11907	0	5	0	189	0	
11495	0	4	0	201	0	
8391	0	5	0	109	0	
9910	0	6	0	184	0	
10359	0	4	0	274	0	
8970	0	5	0	143	0	
8768	0	4	0	174	0	
11350	0	7	0	84	0	
10928	0	5	0	159	0	
8126	0	3	0	182	0	
10335	0	6	0	167	0	
11141	0	6	0	114	0	
10959	0	5	0	196	0	
9207	0	4	0	244	0	
8926	0	5	0	109	0	
8921	0	4	0	117	0	
11854	0	6	0	143	0	
8986	0	5	0	161	0	
10680	0	4	0	170	0	
11201	0	6	0	159	0	
9813	0	5	0	184	0	
10754	0	6	0	130	0	
11479	0	5	0	153	0	
12302	0	6	0	162	0	
11314	0	4	0	196	0	
8144	0	6	0	120	0	
11637	0	4	0	202	0	
8618	0	5	0	127	0	
11836	0	5	0	196	0	
11678	0	6	0	94	0	
10321	0	5	0	188	0	
10987	0	5	0	189	0	
11247	0	5	0	143	0	
11140	0	5	0	174	0	
11492	0	5	0	168	0	
11381	0	6	0	186	0	
11264	0	5	0	147	0	
11615	0	6	0	165	0	
10833	0	5	0	155	0	
7886	0	4	0	135	0	
11130	0	6	0	184	0	
10468	0	5	0	169	0	
11511	0	5	0	196	0	
11557	0	5	0	147	0	
10906	0	6	0	143	0	
11239	0	4	0	243	0	
10537	0	6	0	139	0	
12188	0	6	0	124	0	
10632	0	5	0	174	0	
10880	0	5	0	139	0	
7633	0	3	0	271	0	
11910	0	6	0	121	0	
9117	0	5	0	131	0	
11238	0	5	0	131	0	
11265	0	6	0	142	0	
11718	0	4	0	206	0	
10565	0	6	0	160	0	
10500	0	5	0	177	0	
11011	0	6	0	101	0	
11588	0	6	0	116	0	
11668	0	5	0	173	0	
10970	0	5	0	218	0	
10897	0	5	0	130	0	
11507	0	6	0	176	0	
10978	0	6	0	106	0	
7793	0	4	0	126	0	
10601	0	5	0	141	0	
10691	0	5	0	139	0	
10560	0	5	0	206	0	
11776	0	5	0	144	0	
8862	0	6	0	89	0	
12221	0	4	0	238	0	
11896	0	6	0	104	0	
11771	0	5	0	239	0	
11794	0	5	0	150	0	
11946	0	5	0	179	0	
10474	0	6	0	163	0	
7852	0	3	0	171	0	
11347	0	6	0	119	0	
12119	0	6	0	161	0	
11791	0	5	0	127	0	
12299	0	6	0	189	0	
11610	0	5	0	191	0	
11757	0	5	0	156	0	
10068	0	5	0	148	0	
11182	0	6	0	142	0	
11351	0	6	0	113	0	
12150	0	5	0	206	0	
12304	0	5	0	185	0	
8247	0	3	0	240	0	
9013	0	5	0	163	0	
11776	0	6	0	85	0	
11154	0	5	0	214	0	
11804	0	6	0	131	0	
11855	0	5	0	225	0	
11699	0	6	0	117	0	
11180	0	5	0	180	0	
11902	0	5	0	181	0	
12124	0	5	0	160	0	
11969	0	6	0	130	0	
11978	0	5	0	167	0	
8236	0	3	0	187	0	
11310	0	7	0	110	0	
11519	0	5	0	189	0	
11297	0	5	0	189	0	
11658	0	6	0	116	0	
12060	0	5	0	194	0	
11918	0	4	0	217	0	
10836	0	6	0	169	0	
11364	0	6	0	109	0	
11451	0	4	0	188	0	
11103	0	6	0	148	0	
10139	0	5	0	156	0	
8392	0	4	0	198	0	
7709	0	5	0	69	0	
11405	0	5	0	227	0	
11723	0	5	0	152	0	
11838	0	5	0	190	0	
11119	0	5	0	207	0	
11897	0	6	0	160	0	
11232	0	4	0	191	0	
11792	0	6	0	178	0	
11399	0	6	0	79	0	
12063	0	5	0	239	0	
10467	0	5	0	138	0	
11628	0	5	0	195	0	
12267	0	5	0	168	0	
8269	0	6	0	47	0	
10453	0	5	0	159	0	
8820	0	4	0	208	0	
11729	0	4	0	205	0	
11582	0	6	0	153	0	
8126	0	4	0	287	0	
12355	0	4	0	283	0	
11432	0	6	0	152	0	
12433	0	6	0	119	0	
11551	0	4	0	244	0	
11736	0	6	0	102	0	
11757	0	5	0	152	0	
4352	0	4	0	359	0	
9394	0	6	0	158	0	
11420	0	5	0	191	0	
12478	0	5	0	151	0	
10679	0	6	0	112	0	
12029	0	5	0	177	0	
11618	0	5	0	218	0	
12072	0	6	0	150	0	
12345	0	6	0	128	0	
10769	0	5	0	193	0	
8831	0	3	0	177	0	
12046	0	6	0	102	0	
11671	0	5	0	188	0	
8757	0	4	0	79	0	
11795	0	6	0	125	0	
11877	0	6	0	143	0	
11671	0	6	0	145	0	
11077	0	4	0	263	0	
11474	0	5	0	160	0	
11268	0	6	0	74	0	
11290	0	5	0	241	0	
9291	0	5	0	170	0	
11760	0	5	0	160	0	
11537	0	6	0	154	0	
11851	0	4	0	220	0	
12097	0	6	0	169	0	
11419	0	6	0	116	0	
11239	0	5	0	164	0	
11985	0	4	0	266	0	
11164	0	6	0	149	0	
11412	0	6	0	101	0	
11576	0	5	0	196	0	
9142	0	3	0	155	0	
7312	0	5	0	138	0	
11093	0	6	0	80	0	
11644	0	5	0	209	0	
11317	0	5	0	208	0	
10622	0	5	0	113	0	
11526	0	5	0	198	0	
11950	0	6	0	145	0	
11914	0	5	0	205	0	
11330	0	5	0	128	0	
11976	0	6	0	151	0	
11655	0	6	0	120	0	
11810	0	5	0	206	0	
10643	0	5	0	155	0	
11739	0	5	0	129	0	
11781	0	6	0	177	0	
12095	0	6	0	121	0	
11149	0	5	0	166	0	
11662	0	5	0	201	0	
12051	0	5	0	211	0	
11817	0	5	0	170	0	
10297	0	5	0	158	0	
11125	0	7	0	77	0	
11782	0	5	0	196	0	
7805	0	2	0	224	0	
9846	0	6	0	111	0	
11280	0	5	0	179	0	
11952	0	5	0	164	0	
11507	0	5	0	200	0	
11812	0	6	0	132	0	
8403	0	3	0	224	0	
11707	0	6	0	115	0	
11467	0	5	0	195	0	
10690	0	5	0	169	0	
11681	0	5	0	144	0	
11732	0	5	0	162	0	
11409	0	7	0	93	0	
10492	0	4	0	193	0	
11365	0	5	0	212	0	
9613	0	4	0	209	0	
12328	0	6	0	163	0	
10960	0	6	0	64	0	
11726	0	5	0	223	0	
12162	0	5	0	213	0	
11671	0	5	0	168	0	
12034	0	6	0	91	0	
11917	0	5	0	207	0	
11870	0	6	0	161	0	
10329	0	6	0	102	0	
8413	0	4	0	154	0	
10753	0	5	0	189	0	
11553	0	6	0	153	0	
11827	0	6	0	117	0	
11878	0	5	0	158	0	
11013	0	5	0	222	0	
11619	0	6	0	103	0	
12281	0	3	0	342	0	
11864	0	6	0	118	0	
7682	0	4	0	245	0	
12128	0	4	0	229	0	
10957	0	5	0	147	0	
11777	0	6	0	177	0	
12064	0	4	0	205	0	
8839	0	7	0	106	0	
11187	0	7	0	42	0	
11183	0	7	0	9	0	
11167	0	8	0	8	0	
12430	0	7	0	8	0	
11208	0	7	0	10	0	
11979	0	8	0	9	0	
10449	0	7	0	31	0	
12050	0	8	0	9	0	
11640	0	7	0	8	0	
10565	0	7	0	8	0	
11659	0	8	0	11	0	
11195	0	7	0	7	0	
7540	0	6	0	8	0	
10305	0	7	0	20	0	
11479	0	8	0	8	0	
12429	0	7	0	8	0	
11778	0	8	0	10	0	
8640	0	7	0	50	0	
12214	0	7	0	31	0	
11778	0	6	0	109	0	
11400	0	7	0	7	0	
11713	0	8	0	8	0	
11510	0	7	0	23	0	
11651	0	9	0	9	0	
10750	0	8	0	9	0	
11680	0	7	0	14	0	
12144	0	8	0	10	0	
12246	0	7	0	7	0	
11462	0	8	0	8	0	
11238	0	7	0	7	0	
11606	0	8	0	8	0	
12178	0	7	0	7	0	
11543	0	7	0	8	0	
9937	0	8	0	34	0	
11396	0	6	0	66	0	
12408	0	8	0	8	0	
12001	0	7	0	9	0	
12284	0	7	0	20	0	
12158	0	8	0	10	0	
11731	0	7	0	7	0	
10679	0	8	0	8	0	
11422	0	7	0	24	0	
8850	0	7	0	11	0	
12283	0	6	0	52	0	
8732	0	6	0	8	0	
11440	0	8	0	8	0	
12196	0	7	0	7	0	
12151	0	8	0	8	0	
11120	0	7	0	7	0	
11232	0	8	0	9	0	
11681	0	7	0	33	0	
11814	0	7	0	10	0	
11159	0	8	0	8	0	
11509	0	7	0	10	0	
11635	0	8	0	8	0	
11271	0	7	0	8	0	
11705	0	8	0	10	0	
9647	0	7	0	25	0	
11090	0	8	0	7	0	
11666	0	7	0	8	0	
11126	0	7	0	7	0	
11359	0	8	0	9	0	
9625	0	7	0	8	0	
11078	0	8	0	8	0	
9914	0	7	0	8	0	
10354	0	8	0	8	0	
10089	0	7	0	8	0	
6940	0	6	0	64	0	
10614	0	6	0	61	0	
10904	0	8	0	9	0	
8027	0	6	0	27	0	
10441	0	7	0	41	0	
10950	0	7	0	8	0	
11152	0	8	0	8	0	
10415	0	7	0	8	0	
10867	0	7	0	26	0	
10395	0	8	0	9	0	
9908	0	6	0	61	0	
10390	0	8	0	8	0	
10474	0	7	0	8	0	
9772	0	8	0	8	0	
11344	0	7	0	8	0	
10608	0	8	0	12	0	
11069	0	7	0	7	0	
10856	0	7	0	13	0	
10154	0	7	0	40	0	
10225	0	8	0	8	0	
10050	0	7	0	8	0	
7505	0	6	0	89	0	
10334	0	7	0	69	0	
10194	0	7	0	10	0	
10395	0	7	0	7	0	
10728	0	8	0	8	0	
10244	0	7	0	18	0	
10848	0	8	0	10	0	
10752	0	7	0	10	0	
10551	0	8	0	8	0	
10546	0	7	0	12	0	
10810	0	7	0	11	0	
10661	0	7	0	47	0	
7774	0	5	0	156	0	
10820	0	7	0	28	0	
11039	0	7	0	53	0	
9595	0	7	0	7	0	
10016	0	8	0	22	0	
10578	0	7	0	8	0	
9418	0	7	0	19	0	
10482	0	7	0	14	0	
9965	0	6	0	6	0	
10534	0	6	0	6	0	
10454	0	6	0	6	0	
7604	0	7	0	6	0	
9793	0	4	0	8	0	
10661	0	6	0	6	0	
11194	0	6	0	6	0	
10372	0	6	0	6	0	
10164	0	6	0	6	0	
10423	0	6	0	6	0	
10876	0	6	0	6	0	
11484	0	6	0	6	0	
10873	0	6	0	6	0	
10690	0	6	0	6	0	
10912	0	6	0	6	0	
10916	0	6	0	6	0	
10127	0	6	0	6	0	
10177	0	6	0	6	0	
10562	0	6	0	6	0	
8940	0	5	0	6	0	
10568	0	6	0	6	0	
10151	0	6	0	6	0	
10565	0	6	0	6	0	
10762	0	6	0	6	0	
10407	0	6	0	6	0	
7959	0	6	0	5	0	
10120	0	6	0	6	0	
10696	0	6	0	6	0	
9577	0	6	0	6	0	
9439	0	6	0	6	0	
10488	0	6	0	6	0	
11744	0	6	0	6	0	
11022	0	6	0	6	0	
10215	0	6	0	6	0	
8156	0	6	0	5	0	
10951	0	6	0	6	0	
9884	0	6	0	6	0	
9657	0	6	0	6	0	
10549	0	6	0	6	0	
10735	0	6	0	6	0	
9779	0	6	0	6	0	
10376	0	6	0	6	0	
11033	0	6	0	6	0	
10844	0	6	0	6	0	
9832	0	6	0	6	0	
10012	0	6	0	6	0	
9519	0	6	0	6	0	
9483	0	6	0	6	0	
7682	0	5	0	5	0	
9438	0	6	0	6	0	
11080	0	6	0	6	0	
10950	0	6	0	6	0	
7738	0	6	0	6	0	
10983	0	6	0	6	0	
10481	0	6	0	6	0	
10479	0	6	0	6	0	
10223	0	6	0	6	0	
10712	0	6	0	6	0	
10355	0	7	0	6	0	
10538	0	5	0	7	0	
10934	0	6	0	6	0	
11205	0	6	0	6	0	
10079	0	6	0	6	0	
10163	0	6	0	6	0	
10820	0	6	0	6	0	
11358	0	6	0	6	0	
11216	0	6	0	6	0	
10283	0	6	0	6	0	
9669	0	6	0	6	0	
9723	0	6	0	6	0	
11369	0	6	0	9	0	
7887	0	3	0	9	0	
10245	0	6	0	8	0	
9968	0	5	0	8	0	
10594	0	5	0	9	0	
10658	0	5	0	10	0	
10554	0	5	0	10	0	
10556	0	5	0	9	0	
10336	0	5	0	9	0	
10686	0	5	0	8	0	
10399	0	5	0	2	0	
10398	0	6	0	51	0	
10402	0	4	0	218	0	
10178	0	5	0	141	0	
10260	0	5	0	187	0	
10713	0	5	0	166	0	
8439	0	4	0	198	0	
10321	0	6	0	125	0	
10071	0	5	0	195	0	
10176	0	4	0	203	0	
10550	0	6	0	143	0	
10502	0	5	0	172	0	
10399	0	5	0	163	0	
10591	0	5	0	139	0	
10926	0	5	0	210	0	
11021	0	5	0	181	0	
10907	0	5	0	141	0	
10485	0	5	0	206	0	
11010	0	5	0	178	0	
10855	0	5	0	137	0	
10388	0	5	0	195	0	
7909	0	4	0	146	0	
11601	0	5	0	229	0	
11993	0	4	0	264	0	
11012	0	5	0	193	0	
10576	0	5	0	175	0	
8195	0	4	0	161	0	
10475	0	5	0	184	0	
11129	0	5	0	169	0	
10818	0	5	0	178	0	
10163	0	5	0	170	0	
10743	0	5	0	171	0	
10526	0	5	0	108	0	
11054	0	5	0	196	0	
10482	0	5	0	162	0	
10941	0	5	0	162	0	
8357	0	4	0	202	0	
10551	0	6	0	107	0	
10583	0	5	0	168	0	
10705	0	5	0	143	0	
10762	0	5	0	152	0	
9940	0	6	0	135	0	
10500	0	4	0	228	0	
10902	0	5	0	193	0	
9836	0	5	0	167	0	
9996	0	5	0	149	0	
10275	0	5	0	119	0	
10860	0	5	0	179	0	
9900	0	5	0	188	0	
10433	0	5	0	180	0	
11165	0	5	0	139	0	
9808	0	5	0	218	0	
10154	0	5	0	106	0	
9945	0	5	0	198	0	
10747	0	5	0	130	0	
10507	0	5	0	191	0	
10111	0	6	0	141	0	
10335	0	5	0	166	0	
10925	0	4	0	190	0	
10380	0	6	0	105	0	
10133	0	5	0	215	0	
11535	0	5	0	179	0	
10635	0	5	0	113	0	
10202	0	5	0	218	0	
10463	0	6	0	122	0	
9917	0	4	0	155	0	
10840	0	5	0	203	0	
7255	0	6	0	50	0	
9852	0	5	0	175	0	
10161	0	4	0	183	0	
10862	0	5	0	170	0	
10967	0	6	0	141	0	
10627	0	5	0	172	0	
10310	0	5	0	112	0	
10967	0	5	0	186	0	
10973	0	5	0	179	0	
8408	0	4	0	179	0	
11336	0	6	0	147	0	
10923	0	5	0	108	0	
10670	0	5	0	177	0	
9680	0	6	0	129	0	
6735	0	2	0	195	0	
11687	0	6	0	108	0	
11193	0	5	0	148	0	
9880	0	5	0	211	0	
10433	0	6	0	132	0	
10364	0	5	0	119	0	
10923	0	5	0	211	0	
10816	0	5	0	182	0	
10423	0	5	0	134	0	
10576	0	5	0	142	0	
10944	0	5	0	233	0	
10279	0	5	0	114	0	
10196	0	6	0	127	0	
10753	0	5	0	198	0	
8490	0	5	0	138	0	
10413	0	4	0	216	0	
11537	0	5	0	212	0	
11853	0	6	0	127	0	
9846	0	4	0	193	0	
11879	0	5	0	179	0	
11248	0	5	0	137	0	
11899	0	5	0	258	0	
11373	0	5	0	135	0	
11082	0	5	0	182	0	
11166	0	5	0	149	0	
11835	0	5	0	214	0	
9266	0	5	0	181	0	
11937	0	5	0	137	0	
11599	0	5	0	240	0	
11865	0	6	0	127	0	
9246	0	5	0	143	0	
10529	0	5	0	172	0	
11694	0	5	0	199	0	
11837	0	5	0	175	0	
11595	0	5	0	217	0	
11919	0	5	0	194	0	
11497	0	5	0	152	0	
12486	0	6	0	162	0	
8714	0	3	0	240	0	
9497	0	6	0	142	0	
11188	0	5	0	167	0	
12083	0	5	0	221	0	
10763	0	5	0	149	0	
10394	0	6	0	108	0	
11460	0	4	0	231	0	
12033	0	6	0	143	0	
11553	0	5	0	187	0	
11175	0	5	0	168	0	
11517	0	5	0	173	0	
12073	0	4	0	273	0	
11339	0	6	0	170	0	
9048	0	4	0	109	0	
11462	0	5	0	167	0	
11352	0	5	0	222	0	
10949	0	5	0	153	0	
10346	0	5	0	146	0	
11136	0	5	0	220	0	
8642	0	5	0	99	0	
11486	0	5	0	143	0	
11994	0	5	0	200	0	
11785	0	4	0	219	0	
11985	0	6	0	132	0	
11123	0	4	0	220	0	
7464	0	5	0	43	0	
11502	0	5	0	223	0	
11553	0	4	0	212	0	
11843	0	6	0	145	0	
11594	0	5	0	142	0	
11763	0	5	0	234	0	
12076	0	6	0	147	0	
11782	0	4	0	239	0	
11858	0	6	0	147	0	
10607	0	4	0	204	0	
10036	0	5	0	138	0	
10020	0	6	0	146	0	
8422	0	4	0	165	0	
11037	0	6	0	99	0	
11172	0	5	0	155	0	
10710	0	5	0	145	0	
10709	0	5	0	184	0	
10652	0	5	0	172	0	
10380	0	5	0	123	0	
10170	0	5	0	141	0	
10175	0	5	0	226	0	
9061	0	5	0	131	0	
10567	0	6	0	112	0	
11140	0	5	0	167	0	
10309	0	5	0	143	0	
10362	0	6	0	132	0	
7449	0	4	0	128	0	
10307	0	5	0	172	0	
10191	0	5	0	108	0	
10038	0	5	0	187	0	
10931	0	5	0	162	0	
10195	0	5	0	192	0	
10339	0	6	0	102	0	
10474	0	4	0	199	0	
11375	0	6	0	164	0	
10342	0	6	0	110	0	
10247	0	4	0	208	0	
10055	0	5	0	178	0	
11030	0	5	0	134	0	
10319	0	5	0	186	0	
6869	0	5	0	88	0	
11958	0	5	0	198	0	
11965	0	4	0	247	0	
8199	0	4	0	129	0	
11113	0	6	0	122	0	
11937	0	5	0	151	0	
12339	0	4	0	295	0	
10706	0	6	0	89	0	
11572	0	5	0	262	0	
11966	0	2	0	437	0	
12151	0	3	0	349	0	
9286	0	3	0	230	0	
12299	0	3	0	378	0	
12077	0	3	0	323	0	
11547	0	3	0	386	0	
11008	0	3	0	319	0	
11785	0	3	0	362	0	
11529	0	2	0	355	0	
12270	0	4	0	360	0	
11433	0	3	0	356	0	
11622	0	3	0	341	0	
7475	0	3	0	172	0	
8164	0	1	0	361	0	
11311	0	4	0	232	0	
11644	0	4	0	270	0	
11697	0	2	0	355	0	
12162	0	2	0	459	0	
11474	0	4	0	302	0	
10701	0	4	0	227	0	
10027	0	1	1	545	0	
11370	0	0	0	635	0	
11472	0	0	0	632	0	
12051	0	0	0	674	0	
11803	0	0	0	653	0	
12150	0	0	0	666	0	
11833	0	0	0	670	0	
9188	0	0	0	498	0	
12486	0	0	0	687	0	
11616	0	0	0	631	0	
9655	0	0	0	524	0	
11137	0	0	0	604	0	
10954	0	0	0	599	0	
11107	0	0	0	601	0	
10029	0	0	0	555	0	
10400	0	0	0	578	0	
10549	0	0	0	578	0	
10244	0	0	0	538	0	
10043	0	0	0	524	0	
9460	0	0	0	492	0	
7670	0	0	0	415	0	
10356	0	0	0	567	0	
9626	0	0	0	541	0	
10408	0	0	0	560	0	
9159	0	0	0	501	0	
9758	0	0	0	527	0	
9685	0	0	0	506	0	
10336	0	0	0	535	0	
8245	0	0	0	479	0	
10193	0	0	0	548	0	
9963	0	0	0	559	0	
9307	0	0	0	534	0	
11656	0	0	0	652	0	
11357	0	0	0	622	0	
8368	0	0	0	456	0	
9446	0	0	0	498	0	
9930	0	0	0	520	0	
8557	0	0	0	457	0	
9033	0	0	0	479	0	
9794	0	0	0	528	0	
10128	0	0	0	548	0	
11032	0	0	0	591	0	
9798	0	0	0	525	0	
9891	0	0	0	521	0	
10215	0	0	0	536	0	
10298	0	0	0	575	0	
10204	0	0	0	548	0	
9565	0	0	0	522	0	
9905	0	0	0	533	0	
10849	0	0	0	602	0	
8566	0	0	0	485	0	
9783	0	0	0	547	0	
10811	0	0	0	573	0	
8402	0	0	0	447	0	
10176	0	0	0	542	0	
9951	0	0	0	553	0	
9736	0	0	0	520	0	
10682	0	0	0	603	0	
10039	0	0	0	534	0	
10532	0	0	0	566	0	
10376	0	0	0	541	0	
10726	0	0	0	562	0	
9895	0	0	0	514	0	
10430	0	0	0	568	0	
10106	0	0	0	545	0	
11498	0	0	0	635	0	
10440	0	0	0	572	0	
7955	0	0	0	452	0	
11066	0	0	0	631	0	
11011	0	0	0	595	0	
10269	0	0	0	551	0	
7714	0	0	0	409	0	
10676	0	0	0	574	0	
11740	0	0	0	648	0	
11073	0	0	0	624	0	
10870	0	0	0	602	0	
10004	0	0	0	535	0	
11349	0	0	0	607	0	
10577	0	0	0	561	0	
9829	0	0	0	521	0	
10693	0	0	0	575	0	
10681	0	0	0	579	0	
9388	0	0	0	524	0	
11146	0	0	0	617	0	
9356	0	0	0	526	0	
10717	0	0	0	580	0	
10460	0	0	0	572	0	
9265	0	0	0	509	0	
10477	0	0	0	555	0	
11499	0	0	0	625	0	
9426	0	0	0	576	0	
9860	0	0	0	527	0	
10947	0	0	0	594	0	
10599	0	0	0	564	0	
11037	0	0	0	594	0	
8117	0	0	0	470	0	
10197	0	0	0	537	0	
11643	0	0	0	631	0	
10927	0	0	0	600	0	
9591	0	0	0	525	0	
10806	0	0	0	596	0	
10847	0	0	0	584	0	
10333	0	0	0	566	0	
11102	0	0	0	595	0	
7900	0	0	0	431	0	
10613	0	0	0	557	0	
10155	0	0	0	568	0	
10771	0	0	0	598	0	
11483	0	0	0	625	0	
10961	0	0	0	592	0	
11321	0	0	0	625	0	
10248	0	0	0	591	0	
10880	0	0	0	582	0	
10936	0	0	0	575	0	
11190	0	0	0	592	0	
10153	0	0	0	544	0	
11342	0	0	0	622	0	
11249	0	0	0	634	0	
11041	0	0	0	617	0	
10895	0	0	0	596	0	
10853	0	0	0	598	0	
11398	0	0	0	636	0	
11265	0	0	0	616	0	
11222	0	0	0	608	0	
8286	0	0	0	462	0	
11417	0	0	0	630	0	
10889	0	0	0	593	0	
10568	0	0	0	571	0	
11223	0	0	0	628	0	
10698	0	0	0	589	0	
11287	0	0	0	614	0	
10643	0	0	0	575	0	
11005	0	0	0	586	0	
11077	0	0	0	595	0	
10493	0	0	0	566	0	
10280	0	0	0	557	0	
11092	0	0	0	603	0	
11009	0	0	0	592	0	
10450	0	0	0	576	0	
8607	0	0	0	465	0	
11168	0	0	0	613	0	
11517	0	0	0	622	0	
8075	0	0	0	429	0	
9324	0	0	0	534	0	
10124	0	0	0	547	0	
10155	0	0	0	548	0	
10388	0	0	0	562	0	
10374	0	0	0	572	0	
9931	0	0	0	527	0	
9868	0	0	0	550	0	
10646	0	0	0	577	0	
10434	0	0	0	588	0	
11974	0	0	0	661	0	
10562	0	0	0	573	0	
11347	0	0	0	614	0	
10715	0	0	0	587	0	
11471	0	0	0	638	0	
11501	0	0	0	619	0	
11740	0	0	0	640	0	
11532	0	0	0	622	0	
11254	0	0	0	613	0	
9265	0	0	0	567	0	
10204	0	0	0	560	0	
11748	0	0	0	641	0	
10863	0	0	0	583	0	
11023	0	0	0	628	0	
11101	0	0	0	597	0	
11642	0	0	0	625	0	
12459	0	0	0	689	0	
10893	0	0	0	629	0	
11185	0	0	0	593	0	
8607	0	0	0	462	0	
11871	0	0	0	656	0	
11289	0	0	0	623	0	
11763	0	0	0	641	0	
11749	0	0	0	640	0	
11323	0	0	0	621	0	
11252	0	0	0	611	0	
11853	0	0	0	627	0	
8949	0	0	0	501	0	
11487	0	0	0	621	0	
11282	0	0	0	608	0	
11314	0	0	0	612	0	
11100	0	0	0	619	0	
11853	0	0	0	666	0	
11125	0	0	0	603	0	
11889	0	0	0	646	0	
9546	0	0	0	511	0	
12341	0	0	0	663	0	
11184	0	0	0	622	0	
10756	0	0	0	573	0	
11010	0	0	0	604	0	
11692	0	0	0	624	0	
10874	0	0	0	593	0	
11876	0	0	0	651	0	
11484	0	0	0	637	0	
12298	0	0	0	669	0	
11483	0	0	0	656	0	
11484	0	0	0	626	0	
11734	0	0	0	634	0	
8715	0	0	0	475	0	
10573	0	0	0	581	0	
10831	0	0	0	595	0	
11260	0	0	0	624	0	
11424	0	0	0	628	0	
10829	0	0	0	589	0	
11445	0	0	0	612	0	
11776	0	0	0	636	0	
12439	0	0	0	673	0	
11788	0	0	0	651	0	
11210	0	0	0	623	0	
10969	0	0	0	594	0	
11885	0	0	0	654	0	
11527	0	0	0	616	0	
11046	0	0	0	603	0	
10257	0	0	0	557	0	
12223	0	0	0	654	0	
11705	0	0	0	646	0	
11450	0	0	0	621	0	
10303	0	0	0	559	0	
10159	0	0	0	590	0	
9106	0	0	0	496	0	
11488	0	0	0	640	0	
10231	0	0	0	543	0	
10031	0	0	0	528	0	
9776	0	0	0	505	0	
10490	0	0	0	582	0	
9552	0	0	0	510	0	
10425	0	0	0	569	0	
9081	0	0	0	496	0	
8716	0	0	0	484	0	
10853	0	0	0	600	0	
9841	0	0	0	536	0	
11039	0	0	0	599	0	
11244	0	0	0	601	0	
10586	0	0	0	561	0	
7931	0	0	0	432	0	
9775	0	0	0	548	0	
9567	0	0	0	517	0	
11041	0	0	0	626	0	
7887	0	0	0	432	0	
9959	0	0	0	533	0	
8331	0	0	0	454	0	
10635	0	0	0	567	0	
10164	0	0	0	557	0	
9909	0	0	0	538	0	
9603	0	0	0	518	0	
8704	0	0	0	469	0	
9833	0	0	0	522	0	
10120	0	0	0	567	0	
10549	0	0	0	558	0	
11584	0	0	0	616	0	
8211	0	0	0	435	0	
8803	0	0	0	479	0	
10111	0	0	0	538	0	
9655	0	0	0	545	0	
9732	0	0	0	560	0	
11109	0	0	0	613	0	
10785	0	0	0	575	0	
10158	0	0	0	542	0	
9960	0	0	0	536	0	
7818	0	0	0	435	0	
9999	0	0	0	543	0	
10247	0	0	0	551	0	
9726	0	0	0	521	0	
9816	0	0	0	537	0	
9914	0	0	0	528	0	
9606	0	0	0	522	0	
9981	0	0	0	524	0	
10095	0	0	0	541	0	
10590	0	0	0	575	0	
9800	0	0	0	530	0	
6898	0	0	0	399	0	
10462	0	0	0	621	0	
11701	0	0	0	633	0	
11180	0	0	0	603	0	
7369	0	0	0	391	0	
10261	0	0	0	538	0	
10628	0	0	0	601	0	
10355	0	0	0	564	0	
9639	0	0	0	522	0	
7444	0	0	0	409	0	
10631	0	0	0	567	0	
10028	0	0	0	519	0	
9921	0	0	0	553	0	
9843	0	0	0	514	0	
10731	0	0	0	570	0	
10277	0	0	0	561	0	
9916	0	0	0	531	0	
9765	0	0	0	520	0	
8747	0	0	0	498	0	
7713	0	0	0	435	0	
9749	0	0	0	545	0	
11458	0	0	0	620	0	
11690	0	0	0	637	0	
11311	0	0	0	619	0	
11929	0	0	0	685	0	
11197	0	0	0	609	0	
11524	0	0	0	635	0	
10698	0	0	0	578	0	
10711	0	0	0	572	0	
11165	0	0	0	596	0	
11694	0	0	0	621	0	
10121	0	0	0	522	0	
10325	0	0	0	549	0	
11501	0	0	0	628	0	
12265	0	0	0	677	0	
10126	0	0	0	568	0	
10298	0	0	0	545	0	
11003	0	0	0	589	0	
10514	0	0	0	547	0	
11683	0	0	0	615	0	
8512	0	0	0	460	0	
10708	0	0	0	584	0	
10990	0	0	0	597	0	
10660	0	0	0	572	0	
11129	0	0	0	603	0	
11977	0	0	0	647	0	
11470	0	0	0	637	0	
11636	0	0	0	637	0	
10564	0	0	0	560	0	
8852	0	0	0	461	0	
11843	0	0	0	643	0	
9392	0	0	0	520	0	
10777	0	0	0	584	0	
11044	0	0	0	611	0	
11614	0	0	0	629	0	
11383	0	0	0	616	0	
11214	0	0	0	603	0	
10681	0	0	0	570	0	
10998	0	0	0	589	0	
9897	0	0	0	516	0	
10129	0	0	0	543	0	
10771	0	0	0	591	0	
7737	0	0	0	422	0	
10690	0	0	0	574	0	
11341	0	0	0	624	0	
9239	0	0	0	529	0	
11774	0	0	0	657	0	
11258	0	0	0	624	0	
11706	0	0	0	645	0	
11580	0	0	0	617	0	
11503	0	0	0	630	0	
10484	0	0	0	571	0	
10853	0	0	0	581	0	
11215	0	0	0	601	0	
10816	0	0	0	595	0	
12372	0	0	0	678	0	
11380	0	0	0	628	0	
11681	0	0	0	633	0	
8330	0	0	0	454	0	
9908	0	0	0	521	0	
10628	0	0	0	569	0	
8698	0	0	0	519	0	
11344	0	0	0	609	0	
10136	0	0	0	543	0	
11337	0	0	0	626	0	
11311	0	0	0	615	0	
12086	0	0	0	659	0	
11037	0	0	0	624	0	
10938	0	0	0	593	0	
11333	0	0	0	625	0	
11581	0	0	0	628	0	
10480	0	0	0	557	0	
11273	0	0	0	617	0	
12199	0	0	0	662	0	
11529	0	0	0	615	0	
11985	0	0	0	642	0	
10559	0	0	0	573	0	
10982	0	0	0	592	0	
11599	0	0	0	627	0	
9373	0	0	0	522	0	
11829	0	0	0	651	0	
11759	0	0	0	625	0	
11817	0	0	0	650	0	
11769	0	0	0	637	0	
11110	0	0	0	584	0	
11850	0	0	0	639	0	
11511	0	0	0	635	0	
10439	0	0	0	595	0	
10971	0	0	0	602	0	
11410	0	0	0	624	0	
8480	0	0	0	463	0	
11565	0	0	0	622	0	
11510	0	0	0	625	0	
11764	0	0	0	639	0	
11790	0	0	0	627	0	
11545	0	0	0	624	0	
10969	0	0	0	594	0	
9307	0	0	0	540	0	
11688	0	0	0	646	0	
11304	0	0	0	597	0	
11933	0	0	0	633	0	
11786	0	0	0	639	0	
11609	0	0	0	634	0	
11402	0	0	0	604	0	
10925	0	0	0	585	0	
8993	0	0	0	481	0	
10867	0	0	0	581	0	
10414	0	0	0	562	0	
10066	0	0	0	550	0	
11663	0	0	0	629	0	
11588	0	0	0	645	0	
11468	0	0	0	625	0	
10492	0	0	0	566	0	
12007	0	0	0	639	0	
11646	0	0	0	617	0	
10863	0	0	0	578	0	
10946	0	0	0	587	0	
10928	0	0	0	591	0	
8328	0	0	0	478	0	
11190	0	0	0	607	0	
12004	0	0	0	641	0	
9190	0	0	0	501	0	
12422	0	0	0	673	0	
12373	0	0	0	698	0	
11198	0	0	0	598	0	
11036	0	0	0	361	0	
11457	0	0	0	16	0	
11249	0	0	0	15	0	
10838	0	0	0	19	0	
11692	0	0	0	15	0	
11880	0	0	0	14	0	
11389	0	0	0	19	0	
11369	0	0	0	14	0	
11405	0	0	0	14	0	
11368	0	0	0	19	0	
11447	0	0	0	20	0	
8477	0	0	0	19	0	
10962	0	0	0	22	0	
11764	0	0	0	25	0	
11610	0	0	0	24	0	
11260	0	0	0	25	0	
11916	0	0	0	25	0	
12254	0	0	0	26	0	
11398	0	0	0	26	0	
12004	0	0	0	25	0	
11716	0	0	0	24	0	
12094	0	0	0	25	0	
11168	0	0	0	16	0	
10689	0	0	0	15	0	
7734	0	0	0	11	0	
11064	0	0	0	16	0	
11401	0	0	0	17	0	
11404	0	0	0	21	0	
11268	0	0	0	18	0	
11969	0	0	0	21	0	
11305	0	0	0	21	0	
10983	0	0	0	23	0	
11155	0	0	0	22	0	
11393	0	0	0	20	0	
10557	0	0	0	22	0	
12288	0	0	0	18	0	
11941	0	0	0	23	0	
11433	0	0	0	22	0	
11740	0	0	0	22	0	
7876	0	0	0	18	0	
11337	0	0	0	19	0	
11561	0	0	0	20	0	
11135	0	0	0	25	0	
11557	0	0	0	24	0	
12481	0	0	0	25	0	
11898	0	0	0	25	0	
11737	0	0	0	26	0	
11304	0	0	0	6	0	
11289	0	0	0	314	0	
10325	0	0	0	571	0	
11046	0	0	0	630	0	
10910	0	0	0	602	0	
11934	0	0	0	653	0	
9081	0	0	0	493	0	
11308	0	0	0	605	0	
11927	0	0	0	655	0	
12121	0	0	0	664	0	
10845	0	0	0	589	0	
11451	0	0	0	651	0	
11691	0	0	0	640	0	
11301	0	0	0	616	0	
11537	0	0	0	627	0	
11809	0	0	0	639	0	
11459	0	0	0	653	0	
11715	0	0	0	631	0	
11475	0	0	0	630	0	
10879	0	0	0	602	0	
11379	0	0	0	625	0	
8568	0	0	0	502	0	
10828	0	0	0	587	0	
11461	0	0	0	615	0	
11529	0	0	0	627	0	
12172	0	0	0	657	0	
8393	0	0	0	472	0	
11228	0	0	0	612	0	
11531	0	0	0	637	0	
11633	0	0	0	637	0	
11349	0	0	0	616	0	
11008	0	0	0	594	0	
11066	0	0	0	624	0	
11818	0	0	0	638	0	
11266	0	0	0	608	0	
11697	0	0	0	642	0	
10990	0	0	0	607	0	
8451	0	0	0	460	0	
11444	0	0	0	636	0	
11379	0	0	0	623	0	
11236	0	0	0	616	0	
11135	0	0	0	597	0	
11400	0	0	0	640	0	
10812	0	0	0	588	0	
10299	0	0	0	560	0	
8322	0	0	0	487	0	
11032	0	0	0	608	0	
11564	0	0	0	646	0	
11705	0	0	0	637	0	
11883	0	0	0	647	0	
11723	0	0	0	640	0	
10869	0	0	0	584	0	
8659	0	0	0	486	0	
11558	0	0	0	647	0	
11363	0	0	0	631	0	
11498	0	0	0	631	0	
10778	0	0	0	585	0	
11627	0	0	0	628	0	
11044	0	0	0	622	0	
11176	0	0	0	601	0	
11931	0	0	0	652	0	
11166	0	0	0	595	0	
12173	0	0	0	668	0	
11124	0	0	0	629	0	
9805	0	0	0	540	0	
11653	0	0	0	628	0	
8425	0	0	0	469	0	
10713	0	0	0	567	0	
10990	0	0	0	618	0	
11038	0	0	0	596	0	
10729	0	0	0	580	0	
10551	0	0	0	601	0	
11188	0	0	0	620	0	
11711	0	0	0	655	0	
10258	0	0	0	555	0	
11302	0	0	0	613	0	
11867	0	0	0	652	0	
12333	0	0	0	676	0	
11445	0	0	0	624	0	
11478	0	0	0	648	0	
11345	0	0	0	626	0	
8584	0	0	0	467	0	
11796	0	0	0	650	0	
10803	0	0	0	584	0	
11414	0	0	0	618	0	
12076	0	0	0	651	0	
9092	0	0	0	487	0	
11577	0	0	0	635	0	
11122	0	0	0	615	0	
11098	0	0	0	637	0	
11422	0	0	0	623	0	
11604	0	0	0	644	0	
11421	0	0	0	633	0	
12365	0	0	0	687	0	
11179	0	0	0	633	0	
11965	0	0	0	651	0	
11729	0	0	0	641	0	
9007	0	0	0	499	0	
10741	0	0	0	585	0	
11537	0	0	0	635	0	
11218	0	0	0	619	0	
11745	0	0	0	644	0	
11225	0	0	0	607	0	
11748	0	0	0	639	0	
11697	0	0	0	677	0	
11997	0	0	0	662	0	
10853	0	0	0	583	0	
10478	0	0	0	570	0	
7256	0	0	0	412	0	
8118	0	0	0	462	0	
8699	0	0	0	490	0	
11362	0	0	0	633	0	
9154	0	0	0	505	0	
11832	0	0	0	641	0	
9252	0	0	0	499	0	
10961	0	0	0	607	0	
11000	0	0	0	615	0	
9695	0	0	0	529	0	
10696	0	0	0	585	0	
10267	0	0	0	559	0	
8897	0	0	0	488	0	
11699	0	0	0	672	0	
11270	0	0	0	612	0	
11404	0	0	0	623	0	
8724	0	0	0	536	0	
11750	0	0	0	647	0	
10342	0	0	0	581	0	
11262	0	0	0	601	0	
11577	0	0	0	614	0	
12384	0	0	0	677	0	
11593	0	0	0	640	0	
11320	0	0	0	658	0	
4092	0	0	0	1665	0	
0	0	0	0	2086	0	
0	0	0	0	1994	0	
0	0	0	0	1981	0	
0	0	0	0	885	0	
0	0	0	0	0	0	
