60 GB
0
0
0
0
0
0
0
0
0
0
0
1.6
8
14.4
20.8
27.2
33.6
40
46.4
52.8
59.2
67.2
72
76.8
83.2
89.6
96
100.8
107.2
113.6
120
124.8
126.4
126.4
126.4
126.4
126.4
126.4
126.4
126.4
128
126.4
126.4
128
128
128
128
129.6
129.6
129.6
129.6
129.6
128
129.6
129.6
129.6
128
128
128
128
126.4
126.4
128
129.6
129.6
128
128
128
128
126.4
126.4
126.4
126.4
124.8
123.2
123.2
124.8
126.4
126.4
126.4
126.4
124.8
124.8
123.2
123.2
126.4
129.6
128
131.2
134.4
137.6
139.2
140.8
144
145.6
148.8
150.4
150.4
152
155.2
156.8
160
161.6
166.4
168
166.4
164.8
169.6
166.4
166.4
163.2
166.4
166.4
161.6
164.8
164.8
164.8
163.2
163.2
160
161.6
161.6
160
158.4
158.4
161.6
161.6
161.6
161.6
163.2
163.2
160
160
164.8
163.2
161.6
161.6
163.2
163.2
166.4
164.8
166.4
168
164.8
166.4
164.8
164.8
163.2
166.4
163.2
166.4
168
168
166.4
163.2
164.8
164.8
164.8
166.4
163.2
164.8
163.2
164.8
168
166.4
166.4
166.4
168
168
168
166.4
164.8
164.8
164.8
169.6
166.4
168
168
166.4
168
168
164.8
164.8
164.8
164.8
166.4
166.4
164.8
163.2
166.4
168
168
168
164.8
163.2
166.4
164.8
166.4
166.4
168
166.4
169.6
168
168
168
163.2
166.4
166.4
166.4
166.4
164.8
163.2
164.8
169.6
168
168
168
164.8
164.8
163.2
163.2
163.2
163.2
163.2
161.6
166.4
164.8
164.8
164.8
163.2
163.2
166.4
164.8
161.6
161.6
161.6
160
160
161.6
163.2
161.6
163.2
163.2
160
163.2
161.6
160
161.6
161.6
161.6
163.2
163.2
163.2
161.6
164.8
163.2
163.2
166.4
166.4
166.4
166.4
164.8
166.4
168
166.4
166.4
168
164.8
166.4
168
166.4
163.2
164.8
169.6
168
164.8
166.4
166.4
164.8
163.2
164.8
164.8
164.8
164.8
164.8
166.4
166.4
168
166.4
164.8
166.4
169.6
168
166.4
166.4
169.6
169.6
171.2
171.2
166.4
168
168
166.4
166.4
168
163.2
163.2
163.2
163.2
163.2
161.6
163.2
161.6
161.6
160
161.6
163.2
160
160
164.8
164.8
164.8
166.4
168
164.8
168
168
169.6
169.6
169.6
171.2
164.8
168
166.4
166.4
164.8
164.8
163.2
166.4
169.6
171.2
176
177.6
179.2
185.6
188.8
192
193.6
196.8
201.6
203.2
208
209.6
216
220.8
225.6
227.2
232
230.4
230.4
232
230.4
233.6
235.2
233.6
235.2
233.6
235.2
235.2
235.2
235.2
236.8
238.4
235.2
236.8
235.2
235.2
236.8
238.4
240
238.4
238.4
233.6
230.4
232
230.4
232
230.4
232
230.4
230.4
232
230.4
233.6
232
233.6
233.6
233.6
233.6
232
233.6
233.6
236.8
238.4
238.4
238.4
235.2
233.6
233.6
232
232
230.4
232
230.4
230.4
230.4
228.8
228.8
228.8
230.4
228.8
230.4
228.8
228.8
227.2
228.8
230.4
230.4
228.8
230.4
230.4
232
230.4
232
232
232
233.6
232
232
227.2
227.2
225.6
225.6
227.2
227.2
225.6
225.6
225.6
224
222.4
222.4
216
214.4
211.2
209.6
206.4
204.8
203.2
201.6
203.2
201.6
200
198.4
195.2
193.6
192
188.8
188.8
188.8
188.8
187.2
190.4
190.4
190.4
190.4
190.4
190.4
190.4
190.4
190.4
190.4
190.4
190.4
190.4
190.4
190.4
192
192
192
192
192
192
192
192
192
190.4
190.4
190.4
190.4
190.4
190.4
190.4
190.4
190.4
190.4
192
190.4
190.4
190.4
190.4
190.4
190.4
190.4
190.4
190.4
192
192
192
187.2
187.2
185.6
184
182.4
180.8
179.2
176
176
174.4
174.4
171.2
169.6
168
166.4
163.2
163.2
161.6
158.4
158.4
161.6
160
160
160
160
160
160
160
160
160
156.8
158.4
156.8
156.8
156.8
156.8
155.2
155.2
156.8
155.2
155.2
155.2
155.2
155.2
155.2
153.6
155.2
155.2
155.2
155.2
158.4
156.8
158.4
158.4
158.4
160
160
160
160
160
160
160
160
160
160
163.2
161.6
160
161.6
161.6
160
161.6
161.6
163.2
161.6
161.6
163.2
163.2
161.6
161.6
163.2
163.2
163.2
163.2
163.2
160
161.6
163.2
161.6
163.2
158.4
160
160
158.4
161.6
161.6
160
160
161.6
161.6
160
160
161.6
161.6
161.6
161.6
160
161.6
160
158.4
163.2
161.6
161.6
161.6
160
160
160
160
160
161.6
161.6
161.6
160
160
160
161.6
161.6
161.6
160
161.6
161.6
161.6
161.6
163.2
161.6
163.2
163.2
163.2
163.2
160
161.6
160
160
160
160
160
160
158.4
161.6
160
158.4
160
158.4
156.8
158.4
155.2
156.8
156.8
156.8
160
156.8
160
158.4
158.4
160
158.4
160
160
160
160
161.6
160
161.6
161.6
161.6
164.8
163.2
163.2
164.8
161.6
163.2
161.6
163.2
163.2
161.6
164.8
161.6
163.2
164.8
163.2
163.2
163.2
163.2
163.2
163.2
160
158.4
160
158.4
158.4
160
160
155.2
152
148.8
144
142.4
137.6
132.8
131.2
126.4
124.8
121.6
118.4
115.2
110.4
110.4
107.2
102.4
99.2
96
94.4
