#xct_latency_in_nsec
0
0
0
0
0
0
0
0
0
0
0
0
0
0
0
0
0
0
0
0
0
0
0
0
0
0
0
0
0
0
0
0
0
0
0
0
0
0
0
0
0
0
0
0
0
0
0
0
0
0
0
0
0
0
0
0
0
0
0
0
0
0
0
0
0
0
0
0
0
0
0
0
0
0
0
0
0
0
0
0
0
0
0
0
0
0
0
0
0
0
0
0
0
0
0
0
0
0
0
0
0
0
0
0
0
0
0
0
0
0
0
0
0
0
0
0
0
0
0
0
0
0
0
0
0
0
0
0
0
0
0
0
0
0
0
0
0
0
0
0
0
0
0
0
0
0
0
0
0
0
0
0
0
0
0
0
0
0
0
0
0
0
0
0
0
0
0
0
0
0
0
0
0
0
0
0
0
0
0
0
0
0
0
0
0
0
0
0
0
0
0
0
0
0
0
0
0
0
0
0
0
0
0
0
0
0
0
0
0
0
0
0
0
0
0
0
0
0
0
0
0
0
0
0
0
0
0
0
0
0
0
0
0
0
0
0
0
0
0
0
0
0
0
0
0
0
0
0
0
0
0
0
0
0
0
0
0
0
0
0
0
0
0
0
0
0
0
0
0
0
0
0
0
0
0
0
0
0
0
0
0
0
0
0
0
0
0
0
0
0
0
0
0
0
0
0
0
0
0
0
0
0
0
0
0
0
0
0
0
0
0
0
0
0
0
0
0
0
0
0
0
0
0
0
0
0
0
0
0
0
0
0
0
0
0
0
0
0
0
0
0
0
0
0
0
0
0
0
0
0
0
0
0
0
0
0
0
0
0
0
0
0
0
0
0
0
0
0
0
0
0
0
0
0
0
0
0
0
0
0
0
0
0
0
0
0
0
0
0
0
0
0
0
0
0
0
0
0
0
0
0
0
0
0
0
0
0
0
0
0
0
0
0
0
0
0
0
0
0
0
0
0
0
0
0
0
0
0
0
0
0
0
0
0
0
0
0
0
0
0
0
0
0
0
0
0
0
0
0
0
0
0
0
0
0
0
0
0
0
0
0
0
0
0
0
0
0
0
0
0
0
0
0
0
0
0
0
0
0
0
0
0
0
0
0
0
0
0
0
0
0
0
0
0
0
0
0
0
0
0
0
0
0
0
0
0
0
0
0
0
0
0
0
0
0
0
0
0
0
0
0
0
0
0
0
0
0
0
0
0
0
0
0
0
0
0
0
0
0
0
0
0
0
0
0
0
0
0
0
0
0
0
0
0
0
0
0
0
0
0
0
0
0
0
0
0
0
0
0
0
0
0
0
0
0
0
0
0
0
0
0
0
0
0
0
0
0
0
0
0
0
0
0
0
0
0
0
0
0
0
0
0
0
0
0
0
0
0
0
0
0
0
0
0
0
0
0
0
0
0
0
0
0
0
0
0
0
0
0
0
0
0
0
0
0
0
0
0
0
0
0
0
0
0
0
0
0
0
0
0
0
0
0
0
0
0
0
0
0
0
0
0
0
0
0
0
0
0
0
0
0
0
0
0
0
0
0
0
0
0
0
0
0
0
0
0
0
0
0
0
0
0
0
0
0
0
0
0
0
0
0
0
0
0
0
0
0
0
0
0
0
0
0
0
0
0
0
0
0
0
0
0
0
0
0
0
0
0
0
0
0
0
0
0
0
0
0
0
0
0
0
0
0
0
0
0
0
0
0
0
0
0
0
0
0
0
0
0
0
0
0
0
0
0
0
0
0
0
0
0
0
0
0
0
0
0
0
0
0
0
0
0
0
0
0
0
0
0
0
0
0
0
0
0
0
0
0
0
0
0
0
0
0
0
0
0
0
0
0
0
0
0
0
0
0
0
0
0
0
0
0
0
0
0
0
0
0
0
0
0
0
0
0
0
0
0
0
0
0
0
0
0
0
0
0
0
0
0
0
0
0
0
0
0
0
0
0
0
0
0
0
0
0
0
0
0
0
0
0
0
0
0
0
0
0
0
0
0
0
0
0
0
0
0
0
0
0
0
0
0
0
0
0
0
0
0
0
0
0
0
0
0
0
0
0
0
0
0
0
0
0
0
0
0
0
0
0
0
0
0
0
0
0
0
0
0
0
0
0
0
0
0
0
0
0
0
0
0
0
0
0
0
0
0
0
0
0
0
0
0
0
0
0
0
0
0
0
0
0
0
0
0
0
0
0
0
0
0
0
0
0
0
0
0
0
0
0
0
0
0
0
0
0
0
0
0
0
0
0
0
0
0
0
0
0
0
0
0
0
0
0
0
0
0
0
0
0
0
0
0
0
0
0
0
0
0
0
0
0
0
0
0
0
0
0
0
0
0
0
0
0
0
0
0
0
0
0
0
0
0
0
0
0
0
0
0
0
0
0
0
0
0
0
0
0
0
0
0
0
0
0
0
0
0
0
0
0
0
0
0
0
0
0
0
0
0
0
0
0
0
0
0
0
0
0
0
0
0
0
0
0
0
0
0
0
0
0
0
0
0
0
0
0
0
0
0
0
0
0
0
0
0
0
0
0
0
0
0
0
0
0
0
0
0
0
0
0
0
0
0
0
0
0
0
0
0
0
0
0
0
0
0
0
0
0
0
0
0
0
0
0
0
0
0
0
0
0
0
0
0
0
0
0
0
0
0
0
0
0
0
0
0
0
0
0
0
0
0
0
0
0
0
0
0
0
0
0
0
0
0
0
0
0
0
0
0
0
0
0
0
0
0
0
0
0
0
0
0
0
0
0
0
0
0
0
0
0
0
0
0
0
0
0
0
0
0
0
0
0
0
0
0
0
0
0
0
0
0
0
0
0
0
0
0
0
0
0
0
0
0
0
0
0
0
0
0
0
0
0
0
0
0
0
0
0
0
0
0
0
0
0
0
0
0
0
0
0
0
0
0
0
0
0
0
0
0
0
0
0
0
0
0
0
0
0
0
0
0
0
0
0
0
0
0
0
0
0
0
0
0
0
0
0
0
0
0
0
0
0
0
0
0
0
0
0
0
0
0
0
0
0
0
0
0
0
0
0
0
0
0
0
0
0
0
0
0
0
0
0
0
0
0
0
0
0
0
0
0
0
0
0
0
0
0
0
0
0
0
0
0
0
0
0
0
0
0
0
0
0
0
0
0
0
0
0
0
0
0
0
0
0
0
0
0
0
0
0
0
0
0
0
0
0
0
0
0
0
0
0
0
0
0
0
0
0
0
0
0
0
0
0
0
0
0
0
0
0
0
0
0
0
0
0
0
0
0
0
0
0
0
0
0
0
0
0
0
0
0
0
0
0
0
0
0
0
0
0
0
0
0
0
0
0
0
0
0
0
0
0
0
0
0
0
0
0
0
0
0
0
0
0
0
0
0
0
0
0
0
0
0
0
0
0
0
0
0
0
0
0
0
0
0
0
0
0
0
0
0
0
0
0
0
0
0
0
0
0
0
0
0
0
0
0
0
0
0
0
0
0
0
0
0
0
0
0
0
0
0
0
0
0
0
0
0
0
0
0
0
0
0
0
0
0
0
0
0
0
0
0
0
0
0
0
0
0
0
0
0
0
0
0
0
0
0
0
0
0
0
0
0
0
0
0
0
0
0
0
0
0
0
0
0
0
0
0
0
0
0
0
0
0
0
0
0
0
0
0
0
0
0
0
0
0
0
0
0
0
0
0
0
0
0
0
0
0
0
0
0
0
0
0
0
0
0
0
0
0
0
0
0
0
0
0
0
0
0
0
0
0
0
0
0
0
0
0
0
0
0
0
0
0
0
0
0
0
0
0
0
0
0
0
0
0
0
0
0
0
0
0
0
0
0
0
0
0
0
0
0
0
0
0
0
0
0
0
0
0
0
0
0
0
0
0
0
0
0
0
0
0
0
0
0
0
0
0
0
0
0
0
0
0
0
0
0
0
0
0
0
0
0
0
0
0
0
0
0
0
0
0
0
0
0
0
0
0
0
0
0
0
0
0
0
0
0
0
0
0
0
0
0
0
0
0
0
0
0
0
0
0
0
0
0
0
0
0
0
0
0
0
0
0
0
0
0
0
0
0
0
0
0
0
0
0
0
0
0
0
0
0
0
0
0
0
0
0
0
0
0
0
0
0
0
0
0
0
0
0
0
0
0
0
0
0
0
0
0
0
0
0
0
0
0
0
0
0
0
0
0
0
0
0
0
0
0
0
0
0
0
0
0
0
0
0
0
0
0
0
0
0
0
0
0
0
0
0
0
0
0
0
0
0
0
0
0
0
0
0
0
0
0
0
0
0
0
0
0
0
0
0
0
0
0
0
0
0
0
0
0
0
0
0
0
0
0
0
0
0
0
0
0
0
0
0
0
0
0
0
0
0
0
0
0
0
0
0
0
0
0
0
0
0
0
0
0
0
0
0
0
0
0
0
0
0
0
0
0
0
0
0
0
0
0
0
0
0
0
0
0
0
0
0
0
0
0
0
0
0
0
0
0
0
0
0
0
0
0
0
0
0
0
0
0
0
0
0
0
0
0
0
0
0
0
0
0
0
0
0
0
0
0
0
0
0
0
0
0
0
0
0
0
0
0
0
0
0
0
0
0
0
0
0
0
0
0
0
0
0
0
0
0
0
0
0
0
0
0
0
0
0
0
0
0
0
0
0
0
0
0
0
0
0
0
0
0
0
0
0
0
0
0
0
0
0
0
0
0
0
0
0
0
0
0
0
0
0
0
0
0
0
0
0
0
0
0
0
0
0
0
0
0
0
0
0
0
0
0
0
0
0
0
0
0
0
0
0
0
0
0
0
0
0
0
0
0
0
0
0
0
0
0
0
0
0
0
0
0
0
0
0
0
0
0
0
0
0
0
0
0
0
0
0
0
0
0
0
0
0
0
0
0
0
0
0
0
0
0
0
0
0
0
0
0
0
0
0
0
0
0
0
0
0
0
0
0
0
0
0
0
0
0
0
0
0
0
0
0
0
0
0
0
0
0
0
0
0
0
0
0
0
0
0
0
0
0
0
0
0
0
0
0
0
0
0
0
0
0
0
0
0
0
0
0
0
0
0
0
0
0
0
0
0
0
0
0
0
0
0
0
0
0
0
0
0
0
0
0
0
0
0
0
0
0
0
0
0
0
0
0
0
0
0
0
0
0
0
0
0
0
0
0
0
0
0
0
0
0
0
0
0
0
0
0
0
0
0
0
0
0
0
0
0
0
0
0
0
0
0
0
0
0
0
0
0
0
0
0
0
0
0
0
0
0
0
0
0
0
0
0
0
0
0
0
0
0
0
0
0
0
0
0
0
0
0
0
0
0
0
0
0
0
0
0
0
0
0
0
0
0
0
0
0
0
0
0
0
0
0
0
0
0
0
0
0
0
0
0
0
0
0
0
0
0
0
0
0
0
0
0
0
0
0
0
0
0
0
0
74717735
34140175
10699153
8210400
6358739
6706115
5448053
4869913
4440674
5251151
4065614
4802407
3712040
3113345
2713507
2231462
2297953
2313678
2340353
2125128
2108851
1915487
2184682
1967905
1782223
1753401
2074754
2018490
1625641
1705694
1818887
1656358
1641013
1564081
1567559
1591050
1736169
1811906
1531319
1623383
1588110
1530905
1611773
1672152
1682462
1672917
1654570
1649558
1637578
1561543
1657018
1594959
1552636
1717882
1648642
1609346
1541699
1493446
1614548
1578765
1495058
1517253
1590915
1651350
1529398
1485644
1602587
1570688
1537531
1641032
1593246
1610704
1556883
1535569
1542793
1645319
1539261
1591160
1596084
1531749
1579113
1543271
1554391
1529186
1608114
1648277
1603140
1616475
1484597
1598533
1753559
1553090
1673624
1586321
1623306
1611658
1568955
1487281
1573370
1658245
1528610
1550661
1750660
1625425
1602079
1588504
1638538
1562387
1611186
1578727
1561882
1541469
1505784
1530954
1571895
1646055
1596125
1569109
1673516
1579691
1587770
1533971
1534640
1534463
1530729
1507574
1568847
1696909
1618768
1533649
1510908
1551248
1830186
1759146
1787581
1704977
1793108
1569607
1663145
1603255
1770714
1706108
1679895
1756652
1712770
1696677
1694095
1708724
1601244
1562922
1599212
1608300
1630293
1544122
1551484
1510744
1641958
1599324
1665429
1639604
1498234
1452480
1494532
1622954
1515945
1591980
1663377
1753594
1658744
1631402
1641272
1584028
1511412
1549289
1689258
1621685
1981469
1644109
1693220
1526444
1951435
2140138
1756786
1656397
1829632
1646829
1619965
1595387
1547631
1477322
1706934
1578979
1579044
1863219
1773257
1582278
1560967
1609238
1655479
1738587
1928323
1631223
1592056
1805319
1850414
1803626
1589095
1552793
1606618
1814504
1612343
1662122
1476538
1516243
1579632
1959035
1736820
2080815
1625271
1543528
1461610
1604237
1509233
1667833
1670998
1632179
1679306
1569992
1674712
1609734
1553613
1540459
1488324
1588962
1617768
1674924
1967737
1677197
1941399
2133665
1572723
2162623
1709887
1641384
1559769
1629099
1603694
1523432
1536758
1985855
1637831
1524067
1496998
1512054
1487478
1552512
1523802
1776302
1646565
1633788
1562152
1560607
1554824
1563253
1486864
1664651
1594256
1675225
1630022
1652449
2340917
1641171
1891670
1687513
1663063
1578116
1546009
1545020
1526583
1542603
1598140
1574669
1672118
1609868
1539493
1620527
1541171
2070156
1952197
1818638
1684631
1677714
1577471
1741676
1642697
1575136
1555916
1581092
1519265
1651683
1559981
1610421
1496169
1544737
1558903
1625751
1619788
1686261
1498307
1605093
1675249
1575861
1790830
1914009
1558859
1858180
1635918
1899877
1704845
1629062
1876287
2044056
2072584
1653760
1568458
1677872
1695424
1563141
1537189
1580099
1523002
1576386
1546494
1647733
2544675
1792977
1826035
1649147
1509311
1533213
1536950
1585109
2113627
1682745
2007568
1864795
1600361
1632579
1611933
2010146
1623416
1744336
1622317
2190730
1580948
1774746
2174702
1541311
1565215
1464337
1481074
1554413
1572865
1579211
1520779
1698698
1593065
1636893
1739054
1588342
1603404
1501710
1628596
1573749
1589359
1534945
1701950
1520558
1767077
1509375
1631133
2051660
2136886
1773496
1603112
1654996
1565984
1474399
1604218
2152292
1673549
1561856
1618378
2381977
1757257
1857387
1769911
1989592
1897824
2002918
1655171
1831636
1788348
1693725
1597149
2218277
1919972
1701873
2036373
1866180
1841722
1702959
1840630
1867960
1802768
2077741
1834178
1876642
2291485
2213633
2043275
1699052
2245785
1798472
1759761
2080211
1730589
1737229
1845825
1949911
1748233
1682432
1825708
1649202
1671114
1590991
1818641
1798148
1730733
1781001
1732720
1834045
1768822
1730589
1933640
1906539
2381372
1760124
1884427
2091256
1931487
2090666
2504925
1852884
1821213
1759386
1872447
1747327
1704490
1609721
1908577
1756435
1908699
1670203
1838737
1972638
1815165
1767054
2133789
2048313
2274778
1775535
1867321
1714933
1564018
1747655
1810313
1894833
2087461
2004844
1735137
2117900
1719801
1684115
2276752
1839894
1696245
1624420
1615330
1655565
1703833
1698520
1864227
1852158
1731419
1738465
2253736
1737363
1824555
2097321
1983039
1807011
1885882
1957623
2037874
2099477
1947082
1679160
2167104
1850749
1774787
1832353
1678936
1707508
1920071
2008718
2363264
1899233
1853349
1757464
1912626
2176688
1764479
1719791
1814919
1840758
2076317
1670783
2110879
2088335
1591804
1568960
1681491
1797599
1702832
2042508
2007304
1932054
2023337
1540271
1533839
1636757
1640419
1751303
1777384
1721093
1782702
1781759
1841302
1800292
1826665
1626981
1823799
1771834
1764052
1729968
1738203
1655652
1732681
1716788
1842609
1800800
1676056
1784313
1905696
1772460
1515030
2318520
1691469
1757654
2057151
1782072
1862557
1802976
1679094
1778675
1748371
1731097
1643500
1573718
1958824
1928681
1988541
1814457
1872190
1751544
1662439
2205221
1980726
1611766
1642714
2177826
2269655
2000917
2122129
1612672
1607636
1957847
1784097
1745596
1679485
2099264
1746074
2049277
2106422
1951083
2270316
1734841
2406621
1873233
2096559
1924514
1759642
1850513
1744351
2201911
1793344
1882272
2132759
1702367
1919968
2012974
1922684
1899777
1841622
1746639
1740984
2299006
2190264
1837457
1701431
1935343
1772936
1735409
1570978
1792741
1727924
1692284
2202848
1953417
1766335
1767604
1935030
2020170
2256924
1785135
1659701
1739597
2222956
1960229
2007307
2145089
1891741
1931821
1934931
1916174
1794496
1807528
1717547
1893696
1897528
1751614
1736655
2315447
2200500
1788345
2057278
1793339
2257438
1616453
1538347
1654578
1728010
1815610
1762673
1818491
2057190
2126887
1994158
1595055
1766912
1791364
2062721
2381120
1749815
1721536
1722082
1839430
1839005
1669346
1813010
1724869
1787560
1734340
1741895
1822631
1755018
2186796
2023729
1753736
1845144
1961222
1768757
1888877
1773425
2017240
1732748
2406802
1703072
1663510
1757691
2062170
2114073
1797175
1769631
1747435
1845180
1671369
1761031
1785223
1820389
1815919
1888720
2177871
1826529
1606124
1805462
1800523
1695368
1738921
1829865
1793917
1937437
1771379
1894206
1633464
1801402
1762294
1814122
1828458
1834141
1790051
1826046
1885553
1740797
1826412
1803793
2135438
1853584
1850981
1812391
1787387
1785032
1723081
1819958
1825238
1827554
1494072
1585735
1507134
1573871
1526296
1660652
1700617
1629984
1577538
1642350
1705463
1590408
1449493
1534878
1602053
1632013
1595127
1608342
1616096
1583352
1497635
1484992
1660034
1660791
1812338
1809861
1777836
1822542
2113968
1800464
1800795
1857439
1761453
1671827
1704485
1597160
1549508
1766714
1643849
1816274
1866581
1764612
1669376
2316904
1757236
1790439
1901017
1624156
1783875
1700695
1906478
1905153
1576790
2824254
1782216
1833444
1713507
1871219
1755351
1969311
1924213
1766511
0
0
0
0
0
0
0
0
0
0
0
0
0
0
0
0
0
0
0
0
0
0
0
0
0
0
0
0
0
0
0
0
0
0
0
0
0
0
0
0
0
0
0
0
0
0
0
0
0
0
0
0
0
0
0
0
0
0
0
0
0
0
0
0
0
0
0
0
0
0
0
0
0
0
0
0
0
0
0
0
0
0
0
0
0
0
0
0
0
0
0
0
0
0
0
0
0
0
0
0
0
0
0
0
0
0
0
0
0
0
0
0
0
0
0
0
0
0
0
0
0
0
0
0
0
0
0
0
0
0
0
0
0
0
0
0
0
0
0
0
0
0
0
0
0
0
0
0
0
0
0
0
0
0
0
0
0
0
372001981
1884510
1875414
1922600
1895931
1880448
1770861
1934564
1771225
1892328
2388891
2127580
1841151
1871711
1842233
1838011
1796027
1750052
1818178
1804529
1723083
1774706
1912620
1692459
1768193
1831639
1744013
1760552
1724384
2979743
1776418
1785975
1763441
1915571
1769150
1803267
1989041
1830984
1824652
1807136
1910807
1756762
2104723
1916148
1643548
2103183
1773386
1812740
1739675
1817034
2006555
1607151
1540453
1558084
1648283
1506925
1521531
1765563
1749559
1637788
1725639
1635192
1616345
1645434
1548996
1521940
1805453
1474638
1550690
1786193
1637089
1639739
1578727
1521782
1546675
1514103
1883600
1540217
1576085
1523706
1578274
1530495
1562555
1574942
1481329
1574797
1646637
1651139
2133185
1710267
1530061
1534255
1492413
1535140
1653524
1645676
1595960
1805733
1525730
1544662
1506633
1629592
1897421
1621889
1464683
1523922
1526059
1575496
1592106
1523871
1676751
1606245
1492016
1523561
1543374
1487005
1488625
1509784
1519875
1631330
1578069
1712243
1616943
1503708
1491279
1536572
1591848
1587332
1650550
1639214
1628352
1845282
1500144
1578517
1994902
1623163
2211361
1630293
1591685
1565897
1531981
1636085
1559486
1581411
1482659
1541583
1943064
1526685
1488225
1617932
1544602
1564250
1873233
1656992
1563575
1513867
1510308
1617983
1564587
1518308
1522955
1972189
1847238
1545143
1447460
1493714
1589051
1629814
1573092
1588372
1586271
1611467
1501489
1589292
1568953
1495175
1762362
1798037
1542489
1640832
1674278
1546201
1547437
1538362
1622447
1660659
1629990
1564284
1568418
1524354
1485195
1614314
1489206
1620874
1650148
1572844
1522409
1526830
1547155
1550551
1559632
1636247
1553358
1777512
1513581
1626554
1499643
1505864
1508962
1686619
1521098
1601593
1315072
689361
0
0
0
0
0
0
0
0
0
0
19271503
27670356
0
0
160287577
0
174059007
180995815
201825967
213995645
226020222
227968909
125325431
68595172
3661906
8414306
2482065
1875646
2322038
3396416
2263367
1850851
1951110
1922499
2094499
1902052
1573556
2610935
9898625
6326789
5960846
4454512
2626329
2430909
2071009
2538416
2170827
2055952
2087076
2177323
2227180
1864735
2067058
2004541
14958030
17542706
14453602
19266009
22242557
6489683
2687848
2674455
3202005
2284441
3360309
2288425
1978953
2202612
2310915
1639946
2365822
2174240
2227453
4474850
4398844
3956738
2844297
1749644
3307921
2626249
2076320
2513741
2301554
2497295
2360689
2472935
2296889
2118676
2433736
5495456
2781901
1695075
2698327
2560765
3124069
2620256
2640765
1992590
2017032
2562750
3189973
2596690
2088385
2445883
2004737
1896520
7134818
2211886
2880578
2301622
2745129
4704081
3182884
3027698
2415751
3326849
2058109
3336651
2518649
2386640
2374658
2343703
2363594
6150173
2629856
3495421
8043821
3498788
3374036
2874245
2563050
2677024
3119277
3354719
2285747
2766986
2421412
2368656
2271899
2623235
3236617
3567295
5278069
2541038
3689339
5057660
3964666
2179757
2953051
2561159
2276194
1928325
2339213
2647922
2084613
2544254
2039446
2608535
2456524
6282514
3286526
2222319
3099552
5409568
2605937
2450894
3845979
3066263
2054810
2574093
2560870
1909283
2024056
2202281
1941617
2307170
2998448
2939343
2599931
2742894
3588212
2781934
3077345
2678785
1992370
3144495
2770765
3137772
2247973
1828383
1937247
1920354
5626789
2838337
4701925
2999554
2563126
3477421
2783630
2502606
1919316
2000192
2009762
2189119
2128506
1990015
2399438
3908965
3653156
2727078
3231089
4456789
4168226
4468992
2753213
3558751
2943255
2203866
2496470
2357549
1791553
3783434
2415533
2307769
2741529
3511973
2229093
4705674
3304237
4416001
4162882
3216087
2196416
4530776
4089366
4054223
3183389
3621420
3947559
2674382
3354175
2099781
3296193
2880240
2816861
2468372
3601880
5132397
2946710
2874629
2686059
3289530
2878659
4803346
4178988
2822927
2404035
2908071
3515468
2553807
2472982
3193591
2532559
2259674
2475297
4428069
3479308
3296346
3011945
2495228
1871989
3174326
2254232
3615849
2244791
3627414
2622751
2498753
2171469
2084518
2767538
2318881
3915921
5191482
3503602
3096859
4932200
3109761
2827441
2316992
2578343
2591870
3055985
3538717
3377925
2058398
2792682
2334926
2780978
2691898
4182111
3173402
5513214
4193272
5974068
3941264
4230128
4306193
4741570
3839462
3462862
3553015
5343910
4389958
3486653
2804128
2596691
2671533
2698405
3105944
2737277
3076405
2344099
3057441
6061529
3577588
3473799
4319102
4916824
2690303
3456956
5978298
3503977
9872899
2875550
2890443
2757794
3321434
3523213
2291322
2731398
3766081
2743637
3004365
2751788
3279874
4703079
4064970
3727842
5931847
3999480
5637652
3807106
3347101
3797496
2459276
2410195
4913286
2990760
3658233
2046795
3151723
2273475
1943735
3593889
4368742
4366632
4545608
4315282
4003553
3666267
2639566
2346253
3724476
3188821
4360260
2239845
4473234
3533305
2090976
3107038
3409261
2183156
3833125
3426730
4760196
2677350
3226828
6717636
3950649
4309616
3242328
2376671
3733744
3185010
5093355
3105163
7494858
3431530
3816382
2885248
2932485
3595138
3269691
2409370
2855354
2400533
4696128
5560131
4623797
4094665
4107984
3128426
3587792
2476310
2894438
3524982
3142169
2780753
2884073
2465573
3043117
2474523
2567176
3042874
2866095
2386394
3359069
5369846
3357201
4668576
3643879
3842287
2869789
2524395
2877227
2768974
2608894
2417897
2042145
2339608
2113602
2392509
2162551
2425120
4207357
5418497
4359718
4813961
6352796
4281442
5792576
3296026
3762281
6698010
3418085
3541505
4374413
2872967
3651280
2961104
5224573
2812162
2655433
2494133
2903121
2448690
3280946
4491112
5807346
3428998
4351061
4083129
4197648
5905484
3916520
4390907
4294433
3290634
4054223
3803428
2756328
3077732
2977230
3598750
3504914
2675170
2772102
2572521
3689145
3811315
5303134
4895577
5250378
3598710
6921872
5989682
3870010
5462001
3121689
5401049
3016419
3068867
6586272
3741705
3513179
3073881
3319188
3780583
2607263
2416570
2459077
2025166
3964466
4010399
6729163
5355909
3994420
3760554
3467460
4887352
3784446
3783069
5447440
6736785
2749885
4426306
2900177
3197386
3833597
2814717
3619786
1829865
2475518
3220555
4739634
3062476
6845217
4041472
4963145
4267226
4413617
5045400
4961898
6446150
3058800
4251621
3282458
3073495
4884607
3185761
3882844
2617771
4461979
2510355
2281952
2590742
3012479
3606130
6043669
6006315
5598961
5396943
4264851
5345906
3120000
3939208
5018009
2853097
6268920
3053119
3973515
3092667
3184286
2869780
3181705
3671214
2874941
2833195
2338251
2709402
3831624
4206087
4834684
5322753
4978550
4562089
5929081
5381221
3413585
3697994
3483047
4283549
4837926
3872011
2794015
3274364
3491690
3010252
3149200
2648951
2957160
3695226
2838201
2884973
4790413
7114932
3184570
3758015
3937319
5358247
4516356
3273620
3958357
6393957
2732374
5750637
2769536
4228144
3090188
2918288
3436852
4270648
2642843
2493171
2989231
2509104
4474206
3214150
6331998
4217732
5015693
5072612
4000851
4191760
4110955
4188493
2804315
2698950
3793142
3191448
4166106
3324313
2125544
3119794
2954172
2752580
3078233
3899210
4637824
4205030
5267221
4105663
4981793
4779966
5071691
4761141
3864572
2220282
3953879
2715255
3025709
3582305
5730895
2856493
3809476
2641034
2541656
3216577
2181937
4343332
2731888
5294131
4894486
4850248
5558874
3770072
4837759
4189912
4282826
2919052
5543517
4121510
3368591
4110602
4442522
2558763
2658131
2560450
3518090
3486398
3001768
3602368
3778571
2759884
3246345
5885607
4526018
4810173
4457857
3803145
3879207
3405454
3436263
3053440
2711168
3110675
3271369
3070023
3418238
3064540
3706064
3143272
2379964
2899131
2908506
4258038
6763243
5431696
6428010
6394306
10776824
6249977
3359616
2659651
3212027
4675681
3826229
3758137
3104688
2523444
2743594
2745320
3573247
2928389
2359931
2317498
2952162
3619185
3141998
4209239
3109543
3036845
5060431
4742867
3353281
3537690
3032845
2701631
3932352
2647913
2996905
2433806
2847908
2015028
2660520
3430313
7524689
20270451
17414186
17215538
14352260
16334929
20361000
20726144
11069483
5870108
12441167
9473752
11912103
10818956
7048034
7156788
7711467
7561698
5299602
8085118
5778705
7636851
5878768
4630833
5705595
4269038
6260268
9554447
5403323
4772300
8078527
6788797
6129233
2928502
3904891
4695056
5519427
4570730
4139677
2975427
4188160
8055729
10829676
9721305
11639063
10257030
18733017
11844141
15293553
8645386
16262108
8795293
15576301
16512062
9943175
9057435
11714331
8835783
11175914
14288233
4145080
10362343
10465920
6222442
5829107
8790139
7631314
9245140
8611649
5856066
5175104
6588913
6139573
5668052
4868749
5807570
4408326
6088244
5236226
6060585
3737962
7314200
4775377
5663079
4856361
4376313
16276195
23443888
7406504
10153509
16785962
8899247
9819459
15522565
10904495
13323302
9201714
10950496
11186864
6519762
7038622
6011518
4426209
5045552
8957205
7068208
9028877
4687378
9414658
5193678
5138545
6237548
9190231
4815186
8524098
6405156
7764248
5282962
4636602
6752622
5269254
4683746
4399882
4849064
4344649
5615050
7322285
6935662
11691451
13228009
9855593
6886658
10821853
7674310
4164057
6148840
5548009
4778569
3791989
2753399
3641776
3289289
5166083
3384009
3161370
3767285
2851462
3070967
2839191
3516039
4329753
4186763
2326228
3659290
5085556
6382748
4180219
3262519
2290507
3999446
4734872
5649528
2734524
2552461
2426611
2242980
2840578
2441478
3477433
3355117
2494511
3052796
2247697
2162216
2098861
3178558
2168024
2506961
2486006
2966492
2380432
1985894
3399455
1662421
1791739
1798626
1738736
1865984
1761790
1845719
2143476
1771925
1915888
1846084
1749563
1715414
1586926
1857473
1798122
1808807
1760838
1816947
1754719
1827686
1748598
1777692
2061322
1956435
1842932
1799537
1774228
1781750
1782905
1895394
1773421
1841909
1867994
1867740
1778153
1902593
2249031
1827261
1889725
1812062
1874591
1840824
1923052
1903996
1857135
1833037
1876878
1940656
2199472
1973006
2021758
2327763
2141346
1715530
1678569
1928233
2107300
2258889
1829450
1980465
1982583
2116214
1970633
1942785
1934784
1694705
2086993
2000857
1847392
1881532
2183076
1897395
2342679
1860686
2291066
1945863
2666806
1817114
2087365
1815815
2558341
1871281
2125054
2380336
1980518
2369274
2013152
2370952
1840051
1782171
2695954
1908635
1832164
2091318
2065928
2123522
2023427
3088723
2202796
2086598
2126252
2057645
2080816
2059340
2012195
2278840
2621221
2078369
2113154
1845611
2077751
2191815
0
0
0
0
0
0
0
0
0
0
0
0
0
0
0
0
0
0
0
0
0
0
0
0
0
0
0
0
0
0
0
0
0
0
0
0
0
0
0
0
0
0
0
0
0
0
0
0
0
0
0
0
0
0
0
0
0
0
0
0
0
0
0
0
0
0
0
0
0
0
0
0
0
0
0
0
0
0
0
0
0
0
0
0
0
0
0
0
0
0
0
0
0
0
0
0
0
0
0
0
0
0
0
0
0
0
0
0
0
0
0
0
0
0
0
0
0
0
0
0
0
0
0
0
0
0
0
0
0
0
0
0
0
0
0
0
0
0
0
0
0
0
0
0
0
0
0
0
0
0
0
0
0
0
0
0
0
0
0
0
0
0
0
0
0
0
0
0
0
551559805
1978311
1908077
1925829
1942665
2036618
1982807
1797061
1801681
2091757
1897643
1687876
1848780
2089252
1708575
2284904
1993733
1731595
1619359
1723424
2023068
2012618
1729862
1692760
1647642
1605814
1591368
1772591
2370381
1782803
2278984
1792308
1766925
1874769
1941709
2203194
1765340
1804915
1918195
1895769
1724989
1909124
2376133
1865606
2135213
1851929
2040982
1695729
1674061
1897787
2164819
1913259
1813978
1808020
1753539
1789091
2016054
1910483
1868112
1859374
2251139
1856413
1734531
1731927
1600944
1867905
1765140
2168887
1981398
1806910
1862684
2059214
1867980
1762550
2226653
1895569
1798308
1929000
1976293
1818431
2123173
1824974
1791016
1732500
1750845
1861121
2042839
1903850
2247209
2007341
1906679
1703717
1682040
1702521
1738759
1782880
1742452
2298206
1901864
1627612
1641316
1653283
1887191
1467544
1961067
2058809
1942875
1822298
1604571
1625418
1763064
1933887
1944688
1584779
1909313
1810126
1524675
1570250
1620605
1642351
1694915
1759981
2005046
1535102
1674741
1545736
1866867
1961128
1719979
1888287
1752635
1714008
1605765
1772934
1712374
1884721
1679262
1645861
1730830
1796053
2008190
1566473
1607259
1530251
1631256
1613761
1674205
1551005
1539647
1796302
1697878
1543240
1589600
1710170
1671713
1521292
1818721
1844918
1586684
1599444
1908410
1688055
1630681
1728167
1555290
1605835
1779592
1660877
1570632
1600672
1674493
1711201
1647592
1600738
1736136
1736662
1868867
1655485
1864813
1598211
1637047
1556511
1480198
1828726
1991119
1666279
1863978
1652462
1644285
1515698
1541474
1598347
1539491
1948827
1860567
1616735
1641589
1599408
1836768
1884319
1622035
1654398
1621601
1520212
1844793
2010885
1591219
1530378
1707858
1508040
1640666
1774328
1749705
1552555
1777066
1585439
1716123
1696545
1584100
2192448
1586557
1687034
1535255
1558494
1694631
1594646
1536094
1724885
1623584
1684045
1743533
1496113
1957266
2121674
1865973
1514773
1603868
1543279
1600490
2167965
1725344
1553609
1801566
1507920
2127157
1547556
1797060
1610374
1702461
1949913
1928169
1529392
2002818
2029778
1936004
1724850
2225802
1858963
2153815
1768393
1713681
1892839
1501580
1594128
1906257
2109002
1837398
1935200
1815435
1643708
1678617
1948107
1626270
2033558
1547204
1580078
1606185
1575517
1527352
1993119
1663967
1558273
1533607
1790771
1674899
1526649
1709687
1561628
1852584
1600844
1515807
1633782
1534302
1549776
1522552
1562727
2059526
1776821
1717076
1763030
1646382
1543434
1725122
1890623
2149101
1839570
1636358
1596037
1940464
1535756
1493812
1597707
1663913
1718754
1528883
1931274
0
