#xct_latency_in_nsec
0
0
0
0
0
0
0
0
0
0
0
0
0
0
0
0
0
0
0
0
0
0
0
0
0
0
0
0
0
0
0
0
0
0
0
0
0
0
0
0
0
0
0
0
0
0
0
0
0
0
0
0
0
0
0
0
0
0
0
0
0
0
0
0
0
0
0
0
0
0
0
0
0
0
0
0
0
0
0
0
0
0
0
0
0
0
0
0
0
0
0
0
0
0
0
0
0
0
0
0
0
0
0
0
0
0
0
0
0
0
0
0
0
0
0
0
0
0
0
0
0
0
0
0
0
0
0
0
0
0
0
0
0
0
0
0
0
0
0
0
0
0
0
0
0
0
0
0
0
0
0
0
0
0
0
0
0
0
0
0
0
0
0
0
0
0
0
0
0
0
0
0
0
0
0
0
0
0
0
0
0
0
0
0
0
0
0
0
0
0
0
0
0
0
0
0
0
0
0
0
0
0
0
0
0
0
0
0
0
0
0
0
0
0
0
0
0
0
0
0
0
0
0
0
0
0
0
0
0
0
0
0
0
0
0
0
0
0
0
0
0
0
0
0
0
0
0
0
0
0
0
0
0
0
0
0
0
0
0
0
0
0
0
0
0
0
0
0
0
0
0
0
0
0
0
0
0
0
0
0
0
0
0
0
0
0
0
0
0
0
0
0
0
0
0
0
0
0
0
0
0
0
0
0
0
0
0
0
0
0
0
0
0
0
0
0
0
0
0
0
0
0
0
0
0
0
0
0
0
0
0
0
0
0
0
0
0
0
0
0
0
0
0
0
0
0
0
0
0
0
0
0
0
0
0
0
0
0
0
0
0
0
0
0
0
0
0
0
0
0
0
0
0
0
0
0
0
0
0
0
0
0
0
0
0
0
0
0
0
0
0
0
0
0
0
0
0
0
0
0
0
0
0
0
0
0
0
0
0
0
0
0
0
0
0
0
0
0
0
0
0
0
0
0
0
0
0
0
0
0
0
0
0
0
0
0
0
0
0
0
0
0
0
0
0
0
0
0
0
0
0
0
0
0
0
0
0
0
0
0
0
0
0
0
0
0
0
0
0
0
0
0
0
0
0
0
0
0
0
0
0
0
0
0
0
0
0
0
0
0
0
0
0
0
0
0
0
0
0
0
0
0
0
0
0
0
0
0
0
0
0
0
0
0
0
0
0
0
0
0
0
0
0
0
0
0
0
0
0
0
0
0
0
0
0
0
0
0
0
0
0
0
0
0
0
0
0
0
0
0
0
0
0
0
0
0
0
0
0
0
0
0
0
0
0
0
0
0
0
0
0
0
0
0
0
0
0
0
0
0
0
0
0
0
0
0
0
0
0
0
0
0
0
0
0
0
0
0
0
0
0
0
0
0
0
0
0
0
0
0
0
0
0
0
0
0
0
0
0
0
0
0
0
0
0
0
0
0
0
0
0
0
0
0
0
0
0
0
0
0
0
0
0
0
0
0
0
0
0
0
0
0
0
0
0
0
0
0
0
0
0
0
0
0
0
0
0
0
0
0
0
0
0
0
0
0
0
0
0
0
0
0
0
0
0
0
0
0
0
0
0
0
0
0
0
0
0
0
0
0
0
0
0
0
0
0
0
0
0
0
0
0
0
0
0
0
0
0
0
0
0
0
0
0
0
0
0
0
0
0
0
0
0
0
0
0
0
0
0
0
0
0
0
0
0
0
0
0
0
0
0
0
0
0
0
0
0
0
0
0
0
0
0
0
0
0
0
0
0
0
0
0
0
0
0
0
0
0
0
0
0
0
0
0
0
0
0
0
0
0
0
0
0
0
0
0
0
0
0
0
0
0
0
0
0
0
0
0
0
0
0
0
0
0
0
0
0
0
0
0
0
0
0
0
0
0
0
0
0
0
0
0
0
0
0
0
0
0
0
0
0
0
0
0
0
0
0
0
0
0
0
0
0
0
0
0
0
0
0
0
0
0
0
0
0
0
0
0
0
0
0
0
0
0
0
0
0
0
0
0
0
0
0
0
0
0
0
0
0
0
0
0
0
0
0
0
0
0
0
0
0
0
0
0
0
0
0
0
0
0
0
0
0
0
0
0
0
0
0
0
0
0
0
0
0
0
0
0
0
0
0
0
0
0
0
0
0
0
0
0
0
0
0
0
0
0
0
0
0
0
0
0
0
0
0
0
0
0
0
0
0
0
0
0
0
0
0
0
0
0
0
0
0
0
0
0
0
0
0
0
0
0
0
0
0
0
0
0
0
0
0
0
0
0
0
0
0
0
0
0
0
0
0
0
0
0
0
0
0
0
0
0
0
0
0
0
0
0
0
0
0
0
0
0
0
0
0
0
0
0
0
0
0
0
0
0
0
0
0
0
0
0
0
0
0
0
0
0
0
0
0
0
0
0
0
0
0
0
0
0
0
0
0
0
0
0
0
0
0
0
0
0
0
0
0
0
0
0
0
0
0
0
0
0
0
0
0
0
0
0
0
0
0
0
0
0
0
0
0
0
0
0
0
0
0
0
0
0
0
0
0
0
0
0
0
0
0
0
0
0
0
0
0
0
0
0
0
0
0
0
0
0
0
1088
29208
7427524
3809956
2917659
2517137
2401800
2097091
2172887
2594644
1970116
2457527
1849702
1897191
1928341
1875012
1763324
1751000
2384314
1748949
1836909
1904542
1897101
1663048
1663417
1810549
2336837
1792245
1803450
1706517
1706518
1619204
1766186
1670519
1715751
1670365
1861246
1835584
1809130
1860235
1885122
1660433
1757115
1731059
1759192
1824184
1715941
1634513
1642475
1715740
1677663
1638040
1771799
1674554
1728295
1633251
2086058
1739828
2190436
1797889
1815146
1822135
2250933
1816948
1650515
1739879
1608240
1665161
1679936
1773404
1730747
1648314
1832278
1837577
1632371
1594136
1696861
2290850
1725463
1683352
1663431
1712665
1705468
1631466
1763600
1702145
1766517
1713160
1744496
1794399
1698104
1636293
1781710
1848844
1757417
1731485
1882551
1734837
1870125
1588314
1678681
1637336
1583227
1687420
1769908
1701834
1690714
1708262
1644629
1639595
1606709
1579648
1864990
1841031
1760460
1738330
1606918
1695483
1608874
1638197
1735241
1718463
1748984
1705982
1715266
1991976
1577627
1778989
1858906
1915537
1661816
1705709
1677562
1662684
1650426
1645193
1837264
1764701
1652105
1676362
1651129
1710439
1639428
1639258
1764734
1730898
1755797
1700895
1639266
1614902
1678735
1689679
1783440
1749693
1659357
2081913
1685140
1594594
1717200
1661865
2166391
1701415
1651864
1620818
1579968
1867057
1661470
1613110
1692215
1711643
1730779
1682369
1826659
1650270
1548163
1584185
1627290
1723284
1665797
1829224
1839629
1719416
1616583
1621995
1742886
1778254
1683599
1620706
1759797
1758064
1594575
1612277
1950371
1788869
1757960
1745309
2343643
1634114
1579558
1613146
1710883
1685234
1609392
1809465
1697989
1694320
1575240
1645893
1845800
1735612
1633633
1648067
1672698
1538771
1581421
1740382
1741070
1731615
1624522
1758165
1743648
1641057
1595432
1620154
1808705
1809818
1648183
1719921
1706327
1658984
1639536
1624540
1743277
1756390
1629974
2045710
1921212
1621889
1597387
1677413
1954555
1813893
1700867
1745766
1673787
1670856
1552242
1724345
1814861
1820029
1579027
1617214
1645798
1709950
1657323
1681658
1681539
1743659
1772307
1622362
1794483
1737863
1585857
1634233
1630702
1707812
1692394
1776926
1783636
2134702
1571402
1595135
1682271
1729732
1688229
1666982
1787848
1715086
1645283
1697008
1646424
1700995
1610963
1766733
1869064
1796301
1589736
1663137
1576838
2384399
1622318
1738247
1750582
1752823
1560886
1719878
1826879
1635902
1615276
1878964
1742137
1663930
1712187
1510615
1990795
1653521
1635433
1785629
1694298
1703458
1602459
1719764
1727981
1626094
1592151
1870259
1770112
1796108
1693397
1765734
1705962
1637633
1636445
1838814
1724459
1630399
1590352
1662077
1701041
1650482
1614550
1658491
1627778
1645549
1591376
1761781
1750462
1723256
1642713
1760805
1655969
1513460
1618867
1621724
1687079
1603487
1588067
1866597
1643811
1776252
1722061
1702809
1579458
1684436
1624762
1774632
1674986
1732425
1748934
1699233
1712461
1606850
1609935
1739427
1643410
1701778
1623075
1698010
1782908
1782013
1592272
1768585
1674145
1706405
1641221
2033891
2244677
1749379
2030520
1532323
1702046
1849162
1614400
1938914
1609977
2038183
1615430
1678587
1717007
1655315
1622735
1611965
1703238
1680280
1683254
1684151
1767603
1793018
1700947
1726814
1795100
1702912
1604274
1773464
1802021
1792095
1659081
1823085
1766049
1591018
1628216
1680981
1805929
1751200
1651412
1818046
1785119
1648498
1516994
1648324
2360228
1752279
1698356
1710071
1664207
1737660
1560284
1626059
1611725
1703389
1626018
1667550
1707359
1806410
1549705
1657198
1676390
1829867
1695548
2173096
1792048
1723814
1689895
1674366
1621529
1580768
1621103
1877573
1712930
1710719
1762710
1655386
1616355
1701330
1695937
1708557
1769164
1817447
1849568
1570382
1665094
1554521
1604541
1930176
1845969
1680316
1634315
1697051
1609688
1603522
1628979
1755463
1777057
2160497
1731452
1577943
1540103
1648643
1634934
1697110
1785471
1828958
1707756
1755730
1736785
1640154
1648022
1700818
1747427
1891362
1715249
1620178
1611904
1592447
1618891
1760237
1677528
1855590
1716639
1676723
1616568
1678138
2178097
1656287
1708229
1713848
1640638
1603463
1659405
1654249
1614611
1618053
1602897
1654793
1685770
1723905
1736086
1676887
1664273
1743235
1625960
1697832
1710831
1707251
1774817
1771232
1625863
1662555
1726019
1757136
1728961
1716365
1764033
1664114
1605387
1676141
1634194
1682120
1673180
1646926
1772489
1766863
1587938
1667662
1714962
1740169
1652089
1827860
1713878
1662072
1613325
1685182
1663039
1672233
1724004
1640370
1880511
1702788
1647891
1633526
1760626
1689374
1637691
1783403
1671017
1811300
1629322
1715841
1673408
1629909
1657049
1743767
1727764
2258082
1803869
1677127
1695839
1593008
1646855
1668520
1647325
1619616
1658930
1693844
1715572
1655854
1701406
1735561
1810651
2074380
1758017
1740608
1607739
1636791
1596950
1689174
1757055
1732878
1770064
1670855
1677163
1669456
1504200
1608593
1571502
2057255
1575587
1555370
1628884
1735975
1540150
2597429
1593086
1779516
1663777
1535694
1644638
1523961
1687800
1857385
1694571
1619712
1651599
1663980
1616348
1882970
1577448
1562816
1610719
1529408
1539409
1521642
1587489
0
0
0
0
0
0
0
0
0
34636533
1640596
1719541
1674921
1543856
1627942
1850572
1636307
1569290
1594364
1684741
1598453
1701206
1653177
1632165
1713127
1566909
1621094
1712690
1687495
1467955
1736725
1737706
1515629
1581462
1717434
1718389
1739925
1534290
1745816
1591710
1602377
1600903
1726789
1536103
1619628
1678139
1720084
1705924
1629495
1653096
1766353
1679196
1591890
1743809
1669988
1621153
1537983
1611946
1591775
1640877
1576263
1648538
1594808
1605365
1578097
1618192
1625876
1724408
1533563
1591306
1576798
1606775
1616990
1463548
1702532
1579202
1671926
1586864
1592743
1706394
1572365
1459372
14073576
1579170
1544262
1514866
1681263
1636450
1585555
1544387
1652584
1553938
1733488
1647728
1666117
1599016
1630141
1550878
1603740
1648957
1727218
1619299
1631266
1641708
1599810
1609366
1550752
1633692
1641578
1559698
1547222
1635697
1523923
1539142
1748921
1751907
1554945
1535611
1671070
1715578
1616961
1570020
1628223
1554396
1599692
1630909
1683605
1638820
1645661
1608752
1538874
1721485
1602839
1601815
5161774
1515723
1591844
1544100
1774274
1568897
1631779
1569840
1608171
1558078
1465266
1576540
1623187
1686126
1619510
1605044
1700982
1673256
1568148
1602481
1602663
1603941
1583849
1647581
1578082
1614156
1655241
1613974
1715440
1724456
1656125
1579023
1612708
1646948
1567680
1612512
1746475
1663542
1694396
1615004
1543099
1522917
1669001
1543317
1652668
1539873
2941675
1612279
1606421
1560596
1579501
1567733
1688935
1601746
1586723
1588825
1536817
1436151
1445436
1480474
1523944
1708254
1628991
1610194
1589418
1610834
1569441
1607840
1633043
1832150
1748476
1743213
1753085
1544702
1610865
1730843
1680367
1634446
1627946
1580743
1976400
1608850
1512931
1600746
1605770
1555438
1543247
1571864
1599778
1589142
1536400
1533566
1599043
1568719
1580398
1508832
1567147
1538079
1641153
1877066
1614691
1590688
1546234
1482797
1757486
1547833
1519334
1606233
1519653
1720578
1542777
1519851
1606560
1615735
1567499
1569688
1965421
1595560
1510037
1726379
1901165
1724161
1483340
1502961
0
4921066
1587882
1519780
1600228
1550288
1681712
1553290
1656644
1669029
1580146
1602583
1624881
1568012
1528529
1620900
1616419
1630996
1585406
1550629
1698298
3622378
1527947
1616367
1593514
1625782
1537089
1521234
1477379
1770384
1553357
1472866
1555063
1541496
1586611
1545791
1493943
1518791
2086968
1613358
1675644
1684035
1630447
1584655
1579631
1578682
2016686
1646516
1597696
1635971
1614801
1560124
1612095
1590285
1585413
1527305
1682030
1777486
1444430
1998016
1817004
1547400
1684207
1489465
1554800
1517126
1480494
1829738
1430538
1658039
1452192
1546173
1598899
1548849
16148278
1519429
1754804
1638323
1457994
1839915
1667177
1544132
2000780
1757530
1859747
1941596
1645829
1665865
1610833
1840721
1508791
1831618
1491740
1724514
1624685
1535139
1599166
2114547
1478023
1549378
1586075
1477255
1716062
1543927
1880562
1739920
1881739
2501880
3620135
1596682
1633688
1502743
1595480
1863969
2137572
1787311
2052764
1754405
1518850
1597013
1638010
1706695
1546911
1696726
1770498
1774067
1530530
2049796
1818694
2028916
1644944
1682683
1800269
1703319
1796311
1693905
1883008
1846310
2083037
1911613
1620978
1466498
1454810
2301372
1655100
1708687
1572750
1673515
2085147
1811084
1608785
2037025
1584331
1568005
2180842
1543935
1929912
2042233
1682599
2028228
2079749
1739472
1691411
1783939
1565299
1518093
1627582
2241508
1999046
1673543
1983849
2010525
1774061
0
0
8136176
1607312
2065676
2058571
1681237
1639748
1656450
1575232
1994474
1763056
1550851
1600942
1809585
1762289
2189379
1963219
1721582
1581266
2025629
2589255
1873248
1646081
1686389
1621061
2099566
1764115
1741319
1619690
1676311
1860807
1560604
1559140
1588355
1480618
2212651
1598182
1657755
1660794
1925564
1591463
1670953
2518887
1626784
1497993
1478697
1517864
1500788
1648283
1653229
1845608
1603104
1934623
2012752
1801713
1676945
1865509
1578600
1763714
1718478
1844122
1543677
1749985
1540085
2108380
1441390
1617629
1827937
1574907
1576113
1610570
1636789
1685756
1621774
2931865
1581588
1656577
1618846
1910343
1541042
1756923
1952109
1609734
1604240
2076035
1609358
1631166
1650563
1831394
2002807
1577531
1747113
1708459
1610905
1600543
1536272
1747157
1623738
1500464
1519389
1755953
1621559
1971962
1632914
1614694
1654237
2021967
1590057
1637184
1904234
1597897
1547899
1678118
1606805
1701658
1567168
1672398
1606417
1576315
1604374
1633633
1716793
1751851
1568296
1640637
1659670
1581688
1612007
1515905
1619496
1647541
1614935
1654758
1622395
1684418
1533717
1554078
1613528
1978930
1688066
1600462
1571682
1713191
1623258
1876823
1597043
1535589
2420246
1709018
1535197
1560199
1426148
1611102
1703828
1634705
1500854
1554128
1565215
1550006
1447853
1598006
2085551
1508927
1472146
1904496
2065641
1479905
1576444
1555737
1560490
1608059
1889038
2141208
1645524
1709765
1452564
1880524
2630157
1491536
1603126
1561204
1694593
2128230
1667884
1672502
1572334
1676905
1551848
1703518
1489608
1480852
1654451
1568019
1556158
1960484
1581044
1571216
1924796
1676292
1664186
1539476
1651672
1502466
1544361
1637473
1641341
1545586
1515370
1896134
1555300
1420392
1648668
1642130
1507236
1590634
1590038
1596457
1647556
1638612
1598336
2166089
2474133
1604847
2026708
1571863
1962183
1784426
1641164
1652296
1649002
1712131
1504464
1639214
1593633
1538874
1642265
1722069
1696271
1682475
1746471
1653890
1585847
1545400
1574523
1699771
1616266
1542629
1547140
1595004
1617397
2187731
1702323
1917886
1921910
1901507
1464272
1466397
1572397
1483551
1565966
1535360
1563239
1830196
1471630
1467511
1440053
1601940
1760950
1667008
1797888
1654357
1531167
1584137
1569923
1564886
1748494
1659228
1704593
1516628
1553321
1563718
1698084
1598142
1609322
2134881
1780454
1524104
1558504
1513345
1549639
1601831
2079958
1678287
1768963
1590806
1595407
1625194
1674783
1712645
1684954
1671252
1851719
1627234
1635430
1654460
1620023
1666801
1658019
1804270
1765712
1571657
1547187
1738200
1713211
1738630
1726206
1731414
1844501
1764966
1691081
1623344
1621575
1574689
1762054
1715110
1670742
1640710
1701843
1636223
1664711
1684148
1643056
1791696
1682861
1583080
1624504
1745377
1689705
1638747
1813859
2057583
1782249
2078137
1830117
1552829
1633184
1726052
1727669
1739398
1923002
1647435
1590141
1522391
1596143
2258241
1738044
1678102
1681268
1685549
1652440
1683369
1689361
2271396
1745066
1879750
1769470
1682841
1985704
1596868
1494252
1561994
1753218
1762850
1794896
1657029
1920251
1673656
1607289
1557914
1860456
2019423
1704158
1683043
1758868
1659464
1645176
1539044
1634371
1729375
1851042
1746080
1702672
1596508
1613745
1575672
1794817
1715147
1675426
1669279
1810328
2046585
1628256
1590523
1656254
2285069
1954761
1813490
1777930
1631781
2098125
1474052
1617465
1502106
1633766
1501576
1469648
1526877
1532001
1446416
1477673
1473658
1535159
1514689
1538742
1878312
1568645
1457148
1480918
1563354
1456497
1500527
1561856
1489845
1498987
1429923
1846479
1867659
1523466
1755996
1486994
1803797
1583150
1465137
2081683
1654030
1844836
1698533
1810423
1503468
3845054
1741949
1590440
1783060
1681714
1600661
1615116
2478266
1542441
2297599
1619878
1725668
1555958
1766206
1506633
1513071
1488590
1510847
1609702
1602644
1619776
1620934
1834697
1527950
1489279
2066772
1587284
1640255
1602505
2339706
2057451
1540584
1912474
1556671
1930962
1809933
1682719
1607710
1556358
1490289
1618650
1552631
1686317
1592271
2053782
1725463
1775864
1595960
1485189
1422866
1497532
1729427
1486245
1470104
1652769
2435264
1788006
1586430
1679041
2255980
1959922
1885432
1866627
1554151
1773269
1892058
1715994
1607078
1713711
1851778
2051360
1589561
1606354
1824425
1484978
1645626
1675460
1972387
1603131
2633336
1718838
1639610
1574428
1992814
1718604
1813473
1992589
1544886
1611805
1532778
1481518
1423840
1517777
1964868
1710426
1605983
1598156
1499793
1542022
1548424
1444590
1558179
1501389
1589211
1456586
1564533
1876414
3856194
1574906
1634834
1617914
1711757
1902462
1596245
1693060
1624894
2011457
1676755
1715650
1762385
1813795
1717296
1832578
1550986
1716335
1616570
1755238
1773811
1680495
1548407
1637859
1522120
1498094
1587787
1723163
1731282
1589356
1564193
1454586
1644685
1477104
1607363
1605931
1700428
1578580
1562421
1575465
1625657
1691697
1695151
1685063
1643757
1523362
1477794
1545561
1622674
1675536
1520073
1486073
1508513
1520253
1558159
1512040
1486693
1431452
1499960
1452120
1509692
1448604
1531979
1482433
2165211
1438968
1553209
1461941
1595460
1481971
1433236
1494903
1449189
1413243
1449319
1583376
1419746
1434296
1679782
1493089
1570357
1576010
1459855
1504295
1591452
1524204
1629747
1570221
1622729
1479167
1585194
1468824
1443986
1510474
1574927
1638336
1602064
1448742
1492981
1588818
1747918
1551170
1606787
1523913
1516249
1489133
1595161
1482625
1517647
1489909
1565293
1641937
1667647
1710890
1569826
1578774
1783071
1624789
1422403
1596970
1689746
1623305
1557873
1680368
1680995
1473524
1530964
1666684
1601342
1504250
1497479
1776680
1599963
1576121
1537066
1638064
1602943
1596813
1559292
1649716
1777882
1739353
1560027
1666865
1474314
1490275
1594477
1664367
1601534
1430265
1466534
1720502
1685228
1626947
1518447
1506800
1737884
1630135
1538064
1589050
1560456
1453850
1769933
1734531
1582366
1545854
1506945
1603088
1746823
1705110
1690074
1713516
1718559
1508492
1412287
1491321
1757231
1595197
1697954
1726820
1620188
1502537
1593561
1613701
1729933
1748287
1626185
1690706
1582016
1620792
1606754
1506228
1599487
1675510
1585338
1545704
1632411
1562174
1757965
1668360
1574645
1853220
1882713
1796626
1661203
1544508
1605823
1546166
1663417
1449296
1643318
1595680
1531872
1491364
1599407
1801911
1694625
1591294
1638284
1745567
1439281
1567336
1525394
1578500
1711280
1704072
1491154
1625725
1464710
1521672
1694673
1611363
1607878
1733319
1599835
1500119
1539289
1560998
1565861
1638745
2097842
1650411
1484477
1639162
1503063
1548871
1611298
1683518
1676666
1657116
1602774
1825292
1621609
1599388
1667997
1741674
1785610
1617956
1631346
1649157
1701886
1851649
1763802
1768400
1864247
1590365
1625095
1651658
1640936
1680986
1671038
1817609
1965157
1892438
1555579
1614672
1601341
1822329
1789201
1710581
1749783
1747492
1592959
1669228
1606874
1631620
2223173
1836517
1767036
1723104
1644192
1616511
1648432
1762188
1711540
1798407
2332951
1845694
1628663
1660479
1673830
1535680
1645848
1722812
1744889
1723696
1564324
1705761
1485180
1542395
1575347
1612414
1583060
1531458
1560590
1490766
1459394
1458904
1486590
1621487
1550218
1476820
1458560
1594325
1634094
1584780
1526893
1577567
1848314
1504562
1504708
1489466
1561243
1567631
1546819
1657618
1523811
1450927
1654286
1563696
1513311
1636735
1544647
1559261
0
0
0
