893 0 0 0 0 0 13550 0
2705 0 0 0 0 0 25908 0
5484 0 0 0 0 0 26491 0
7075 0 0 0 0 0 24263 0
7732 0 0 0 0 0 27461 0
8758 0 0 0 0 0 27123 0
9772 0 0 0 0 0 25120 0
10435 0 0 0 0 0 22687 0
10430 0 0 0 0 0 18138 0
11168 0 0 0 0 0 15234 0
5820 0 0 0 0 0 6681 0
4086 0 0 0 0 0 4221 0
12384 0 0 0 0 0 11270 0
11882 0 0 0 0 0 8612 0
12503 0 0 0 0 0 7361 0
13067 0 0 0 0 0 5797 0
12904 0 0 0 0 0 4669 0
12467 0 0 0 0 0 3728 0
13291 0 0 0 0 0 3232 0
12649 0 0 0 0 0 2368 0
13279 0 0 0 0 0 2012 0
13065 0 0 0 0 0 1582 0
12618 0 0 0 0 0 1300 0
13345 0 0 0 0 0 1123 0
13041 0 0 0 0 0 1000 0
13065 0 0 0 0 0 823 0
12284 0 0 0 0 0 566 0
13279 0 0 0 0 0 548 0
12535 0 0 0 0 0 447 0
13159 0 0 0 0 0 371 0
13233 0 0 0 0 0 305 0
13440 0 0 0 0 0 286 0
12706 0 0 0 0 0 212 0
13132 0 0 0 0 0 210 0
13216 0 0 0 0 0 164 0
13672 0 0 0 0 0 172 0
13244 0 0 0 0 0 142 0
13384 0 0 0 0 0 107 0
12605 0 0 0 0 0 98 0
13285 0 0 0 0 0 73 0
12971 0 0 0 0 0 71 0
12879 0 0 0 0 0 57 0
13029 0 0 0 0 0 40 0
12806 0 0 0 0 0 39 0
13026 0 0 0 0 0 45 0
12630 0 0 0 0 0 36 0
13099 0 0 0 0 0 37 0
13386 0 0 0 0 0 18 0
13369 0 0 0 0 0 14 0
13460 0 0 0 0 0 21 0
12832 0 0 0 0 0 13 0
12650 0 0 0 0 0 13 0
13719 0 0 0 0 0 19 0
12332 0 0 0 0 0 15 0
12725 0 0 0 0 0 15 0
12002 0 0 0 0 0 7 0
13376 0 0 0 0 0 8 0
13060 0 0 0 0 0 8 0
12549 0 0 0 0 0 5 0
12997 0 0 0 0 0 7 0
13083 0 0 0 0 0 6 0
12699 0 0 0 0 0 5 0
12056 0 0 0 0 0 0 0
12682 0 0 0 0 0 4 0
13217 0 0 0 0 0 2 0
12222 0 0 0 0 0 2 0
13027 0 0 0 0 0 0 0
13100 0 0 0 0 0 0 0
13053 0 0 0 0 0 1 0
12921 0 0 0 0 0 0 0
13222 0 0 0 0 0 1 0
12537 0 0 0 0 0 0 0
13380 0 0 0 0 0 0 0
13519 0 0 0 0 0 0 0
13463 0 0 0 0 0 2 0
13434 0 0 0 0 0 1 0
13032 0 0 0 0 0 0 0
12540 0 0 0 0 0 0 0
12322 0 0 0 0 0 0 0
13006 0 0 0 0 0 0 0
12726 0 0 0 0 0 1 0
12553 0 0 0 0 0 0 0
13153 0 0 0 0 0 2 0
11977 0 0 0 0 0 1 0
12669 0 0 0 0 0 1 0
12432 0 0 0 0 0 0 0
13204 0 0 0 0 0 0 0
13438 0 0 0 0 0 0 0
13724 0 0 0 0 0 0 0
13379 0 0 0 0 0 0 0
12368 0 0 0 0 0 0 0
12618 0 0 0 0 0 0 0
13422 0 0 0 0 0 1 0
12871 0 0 0 0 0 0 0
13272 0 0 0 0 0 0 0
13038 0 0 0 0 0 0 0
11806 0 0 0 0 0 0 0
12767 0 0 0 0 0 0 0
12968 0 0 0 0 0 0 0
13275 0 0 0 0 0 0 0
13407 0 0 0 0 0 0 0
13001 0 0 0 0 0 0 0
12290 0 0 0 0 0 0 0
12825 0 0 0 0 0 0 0
12590 0 0 0 0 0 0 0
12883 0 0 0 0 0 0 0
13082 0 0 0 0 0 0 0
13376 0 0 0 0 0 0 0
13805 0 0 0 0 0 0 0
12907 0 0 0 0 0 1 0
13283 0 0 0 0 0 0 0
12283 0 0 0 0 0 0 0
13605 0 0 0 0 0 0 0
13280 0 0 0 0 0 0 0
13365 0 0 0 0 0 0 0
13166 0 0 0 0 0 0 0
13226 0 0 0 0 0 0 0
12053 0 0 0 0 0 0 0
12962 0 0 0 0 0 0 0
13027 0 0 0 0 0 0 0
12729 0 0 0 0 0 0 0
12120 0 0 0 0 0 0 0
13316 0 0 0 0 0 0 0
12784 0 0 0 0 0 0 0
11648 0 0 0 0 0 0 0
13071 0 0 0 0 0 1 0
13180 0 0 0 0 0 0 0
12715 0 0 0 0 0 0 0
13326 0 0 0 0 0 0 0
12867 0 0 0 0 0 0 0
12927 0 0 0 0 0 0 0
12407 0 0 0 0 0 0 0
13176 0 0 0 0 0 0 0
12288 0 0 0 0 0 0 0
13261 0 0 0 0 0 0 0
12077 0 0 0 0 0 0 0
13234 0 0 0 0 0 0 0
12673 0 0 0 0 0 0 0
11670 0 0 0 0 0 0 0
12471 0 0 0 0 0 0 0
13313 0 0 0 0 0 0 0
13276 0 0 0 0 0 0 0
12959 0 0 0 0 0 1 0
13172 0 0 0 0 0 0 0
12695 0 0 0 0 0 0 0
13402 0 0 0 0 0 0 0
13220 0 0 0 0 0 0 0
13365 0 0 0 0 0 0 0
12976 0 0 0 0 0 0 0
13275 0 0 0 0 0 0 0
13215 0 0 0 0 0 0 0
12589 0 0 0 0 0 0 0
13417 0 0 0 0 0 0 0
12850 0 0 0 0 0 0 0
13226 0 0 0 0 0 0 0
13179 0 0 0 0 0 0 0
13267 0 0 0 0 0 0 0
12438 0 0 0 0 0 0 0
13021 0 0 0 0 0 0 0
12254 0 0 0 0 0 0 0
13020 0 0 0 0 0 0 0
12830 0 0 0 0 0 0 0
12938 0 0 0 0 0 0 0
13238 0 0 0 0 0 0 0
12765 0 0 0 0 0 0 0
13200 0 0 0 0 0 0 0
12888 0 0 0 0 0 0 0
12281 0 0 0 0 0 0 0
13301 0 0 0 0 0 0 0
13677 0 0 0 0 0 0 0
12910 0 0 0 0 0 0 0
12582 0 0 0 0 0 0 0
12211 0 0 0 0 0 0 0
12466 0 0 0 0 0 0 0
13220 0 0 0 0 0 0 0
12552 0 0 0 0 0 0 0
12627 0 0 0 0 0 0 0
12742 0 0 0 0 0 0 0
12934 0 0 0 0 0 0 0
12497 0 0 0 0 0 0 0
12303 0 0 0 0 0 0 0
13379 0 0 0 0 0 0 0
13446 0 0 0 0 0 0 0
13083 0 0 0 0 0 0 0
12906 0 0 0 0 0 0 0
12855 0 0 0 0 0 0 0
13299 0 0 0 0 0 0 0
12642 0 0 0 0 0 0 0
13003 0 0 0 0 0 0 0
10399 0 0 0 0 0 0 0
12923 0 0 0 0 0 0 0
12711 0 0 0 0 0 0 0
13260 0 0 0 0 0 0 0
13349 0 0 0 0 0 0 0
12945 0 0 0 0 0 0 0
13029 0 0 0 0 0 0 0
13499 0 0 0 0 0 0 0
12840 0 0 0 0 0 0 0
12985 0 0 0 0 0 0 0
13592 0 0 0 0 0 0 0
13564 0 0 0 0 0 0 0
12888 0 0 0 0 0 0 0
12773 0 0 0 0 0 0 0
13240 0 0 0 0 0 0 0
13025 0 0 0 0 0 0 0
13402 0 0 0 0 0 0 0
12573 0 0 0 0 0 1 0
13369 0 0 0 0 0 0 0
10988 0 0 0 0 0 0 0
13418 0 0 0 0 0 0 0
12640 0 0 0 0 0 0 0
13241 0 0 0 0 0 0 0
13012 0 0 0 0 0 0 0
13339 0 0 0 0 0 0 0
13304 0 0 0 0 0 0 0
13488 0 0 0 0 0 0 0
13456 0 0 0 0 0 0 0
13231 0 0 0 0 0 0 0
13091 0 0 0 0 0 0 0
13382 0 0 0 0 0 0 0
13239 0 0 0 0 0 0 0
12933 0 0 0 0 0 0 0
12900 0 0 0 0 0 0 0
12403 0 0 0 0 0 0 0
13251 0 0 0 0 0 0 0
13423 0 0 0 0 0 0 0
13336 0 0 0 0 0 0 0
13781 0 0 0 0 0 0 0
13677 0 0 0 0 0 0 0
13459 0 0 0 0 0 0 0
13029 0 0 0 0 0 0 0
13001 0 0 0 0 0 0 0
13158 0 0 0 0 0 0 0
12996 0 0 0 0 0 0 0
12982 0 0 0 0 0 0 0
13605 0 0 0 0 0 0 0
12357 0 0 0 0 0 0 0
11771 0 0 0 0 0 0 0
10754 0 0 0 0 0 0 0
12890 0 0 0 0 0 0 0
13440 0 0 0 0 0 0 0
13351 0 0 0 0 0 0 0
13370 0 0 0 0 0 0 0
12975 0 0 0 0 0 0 0
13127 0 0 0 0 0 0 0
12436 0 0 0 0 0 0 0
13106 0 0 0 0 0 0 0
13018 0 0 0 0 0 0 0
9546 0 0 0 0 0 0 0
12299 0 0 0 0 0 0 0
12593 0 0 0 0 0 0 0
12803 0 0 0 0 0 0 0
13309 0 0 0 0 0 0 0
13553 0 0 0 0 0 0 0
13296 0 0 0 0 0 0 0
13279 0 0 0 0 0 0 0
12828 0 0 0 0 0 0 0
12425 0 0 0 0 0 0 0
12928 0 0 0 0 0 0 0
13408 0 0 0 0 0 0 0
13438 0 0 0 0 0 0 0
13343 0 0 0 0 0 0 0
13109 0 0 0 0 0 0 0
12779 0 0 0 0 0 0 0
11982 0 0 0 0 0 0 0
12737 0 0 0 0 0 0 0
9676 0 0 0 0 0 3 0
13196 0 0 0 0 0 0 0
13476 0 0 0 0 0 0 0
12846 0 0 0 0 0 0 0
12467 0 0 0 0 0 0 0
13181 0 0 0 0 0 0 0
13038 0 0 0 0 0 0 0
12620 0 0 0 0 0 0 0
13052 0 0 0 0 0 0 0
13250 0 0 0 0 0 0 0
13470 0 0 0 0 0 0 0
12880 0 0 0 0 0 0 0
13314 0 0 0 0 0 0 0
13158 0 0 0 0 0 0 0
13429 0 0 0 0 0 0 0
13131 0 0 0 0 0 0 0
10332 0 0 0 0 0 0 0
12747 0 0 0 0 0 0 0
13544 0 0 0 0 0 0 0
13411 0 0 0 0 0 0 0
13134 0 0 0 0 0 0 0
12567 0 0 0 0 0 0 0
11869 0 0 0 0 0 0 0
11438 0 0 0 0 0 0 0
12760 0 0 0 0 0 0 0
13495 0 0 0 0 0 0 0
13033 0 0 0 0 0 0 0
13192 0 0 0 0 0 0 0
12834 0 0 0 0 0 0 0
12542 0 0 0 0 0 0 0
13331 0 0 0 0 0 0 0
12688 0 0 0 0 0 0 0
13220 0 0 0 0 0 0 0
12879 0 0 0 0 0 0 0
13477 0 0 0 0 0 0 0
12805 0 0 0 0 0 0 0
12437 0 0 0 0 0 0 0
12213 0 0 0 0 0 0 0
12985 0 0 0 0 0 0 0
13521 0 0 0 0 0 0 0
13229 0 0 0 0 0 0 0
12674 0 0 0 0 0 0 0
13290 0 0 0 0 0 0 0
13342 0 0 0 0 0 0 0
12770 0 0 0 0 0 0 0
12855 0 0 0 0 0 0 0
13212 0 0 0 0 0 0 0
13144 0 0 0 0 0 0 0
9419 0 0 0 0 0 0 0
13231 0 0 0 0 0 0 0
13412 0 0 0 0 0 0 0
12865 0 0 0 0 0 0 0
13166 0 0 0 0 0 0 0
13318 0 0 0 0 0 0 0
13092 0 0 0 0 0 0 0
13515 0 0 0 0 0 0 0
10474 0 0 0 0 0 0 0
12322 0 0 0 0 0 0 0
13250 0 0 0 0 0 0 0
13146 0 0 0 0 0 0 0
13074 0 0 0 0 0 1 0
12633 0 0 0 0 0 0 0
13022 0 0 0 0 0 0 0
13440 0 0 0 0 0 0 0
12978 0 0 0 0 0 0 0
13595 0 0 0 0 0 0 0
13511 0 0 0 0 0 0 0
12689 0 0 0 0 0 0 0
13416 0 0 0 0 0 0 0
12659 0 0 0 0 0 0 0
12994 0 0 0 0 0 0 0
12655 0 0 0 0 0 0 0
13273 0 0 0 0 0 0 0
13459 0 0 0 0 0 0 0
13498 0 0 0 0 0 0 0
9564 0 0 0 0 0 0 0
13175 0 0 0 0 0 0 0
12627 0 0 0 0 0 0 0
13377 0 0 0 0 0 0 0
13552 0 0 0 0 0 0 0
13513 0 0 0 0 0 0 0
13446 0 0 0 0 0 0 0
13211 0 0 0 0 0 0 0
12709 0 0 0 0 0 0 0
12756 0 0 0 0 0 0 0
13277 0 0 0 0 0 0 0
13358 0 0 0 0 0 0 0
12778 0 0 0 0 0 0 0
13102 0 0 0 0 0 0 0
12822 0 0 0 0 0 0 0
12764 0 0 0 0 0 0 0
12941 0 0 0 0 0 0 0
13427 0 0 0 0 0 0 0
13003 0 0 0 0 0 0 0
13087 0 0 0 0 0 0 0
9243 0 0 0 0 0 0 0
12834 0 0 0 0 0 0 0
12366 0 0 0 0 0 0 0
12803 0 0 0 0 0 0 0
10700 0 0 0 0 0 0 0
13185 0 0 0 0 0 0 0
13104 0 0 0 0 0 0 0
13315 0 0 0 0 0 0 0
13162 0 0 0 0 0 0 0
13073 0 0 0 0 0 0 0
13241 0 0 0 0 0 0 0
13311 0 0 0 0 0 0 0
13355 0 0 0 0 0 0 0
13204 0 0 0 0 0 0 0
13269 0 0 0 0 0 0 0
12433 0 0 0 0 0 0 0
13119 0 0 0 0 0 0 0
12548 0 0 0 0 0 0 0
13167 0 0 0 0 0 0 0
13134 0 0 0 0 0 0 0
13349 0 0 0 0 0 0 0
12988 0 0 0 0 0 0 0
12211 0 0 0 0 0 0 0
13205 0 0 0 0 0 0 0
13430 0 0 0 0 0 0 0
13023 0 0 0 0 0 0 0
13237 0 0 0 0 0 0 0
13231 0 0 0 0 0 0 0
13241 0 0 0 0 0 0 0
12387 0 0 0 0 0 0 0
13019 0 0 0 0 0 0 0
13331 0 0 0 0 0 0 0
13168 0 0 0 0 0 0 0
13156 0 0 0 0 0 0 0
12949 0 0 0 0 0 0 0
9153 0 0 0 0 0 0 0
13101 0 0 0 0 0 0 0
13005 0 0 0 0 0 0 0
13088 0 0 0 0 0 0 0
12957 0 0 0 0 0 0 0
12803 0 0 0 0 0 0 0
13212 0 0 0 0 0 0 0
12807 0 0 0 0 0 0 0
13332 0 0 0 0 0 0 0
12188 0 0 0 0 0 0 0
9908 0 0 0 0 0 0 0
12743 0 0 0 0 0 0 0
13307 0 0 0 0 0 0 0
13442 0 0 0 0 0 0 0
12901 0 0 0 0 0 0 0
13403 0 0 0 0 0 0 0
13750 0 0 0 0 0 0 0
13228 0 0 0 0 0 0 0
13437 0 0 0 0 0 0 0
13322 0 0 0 0 0 0 0
12714 0 0 0 0 0 0 0
13036 0 0 0 0 0 0 0
12949 0 0 0 0 0 0 0
13094 0 0 0 0 0 0 0
13068 0 0 0 0 0 0 0
12619 0 0 0 0 0 0 0
12945 0 0 0 0 0 0 0
12535 0 0 0 0 0 0 0
13010 0 0 0 0 0 0 0
13019 0 0 0 0 0 0 0
13499 0 0 0 0 0 0 0
13639 0 0 0 0 0 0 0
10545 0 0 0 0 0 0 0
12832 0 0 0 0 0 4 0
12726 0 0 0 0 0 0 0
13125 0 0 0 0 0 0 0
13362 0 0 0 0 0 0 0
13086 0 0 0 0 0 0 0
13387 0 0 0 0 0 0 0
13271 0 0 0 0 0 0 0
13020 0 0 0 0 0 0 0
13474 0 0 0 0 0 0 0
13153 0 0 0 0 0 0 0
13224 0 0 0 0 0 0 0
13189 0 0 0 0 0 0 0
13139 0 0 0 0 0 0 0
13155 0 0 0 0 0 0 0
12864 0 0 0 0 0 0 0
13125 0 0 0 0 0 0 0
13245 0 0 0 0 0 0 0
13040 0 0 0 0 0 0 0
13499 0 0 0 0 0 0 0
13398 0 0 0 0 0 0 0
12774 0 0 0 0 0 0 0
13209 0 0 0 0 0 0 0
13541 0 0 0 0 0 0 0
13270 0 0 0 0 0 0 0
12733 0 0 0 0 0 0 0
12833 0 0 0 0 0 0 0
13267 0 0 0 0 0 0 0
11422 0 0 0 0 0 0 0
10271 0 0 0 0 0 0 0
13207 0 0 0 0 0 0 0
12940 0 0 0 0 0 0 0
13079 0 0 0 0 0 0 0
13216 0 0 0 0 0 0 0
13108 0 0 0 0 0 0 0
13216 0 0 0 0 0 0 0
13479 0 0 0 0 0 0 0
13490 0 0 0 0 0 0 0
13047 0 0 0 0 0 0 0
12959 0 0 0 0 0 0 0
13628 0 0 0 0 0 0 0
12720 0 0 0 0 0 0 0
13227 0 0 0 0 0 0 0
13059 0 0 0 0 0 0 0
13008 0 0 0 0 0 0 0
12401 0 0 0 0 0 0 0
12828 0 0 0 0 0 0 0
13269 0 0 0 0 0 0 0
12722 0 0 0 0 0 0 0
13177 0 0 0 0 0 0 0
13665 0 0 0 0 0 0 0
13483 0 0 0 0 0 0 0
13421 0 0 0 0 0 0 0
13429 0 0 0 0 0 0 0
12995 0 0 0 0 0 0 0
13393 0 0 0 0 0 0 0
13341 0 0 0 0 0 1 0
13480 0 0 0 0 0 0 0
13333 0 0 0 0 0 0 0
13369 0 0 0 0 0 0 0
12897 0 0 0 0 0 0 0
13453 0 0 0 0 0 0 0
9531 0 0 0 0 0 0 0
9037 0 0 0 0 0 0 0
13023 0 0 0 0 0 0 0
13300 0 0 0 0 0 0 0
13510 0 0 0 0 0 0 0
13230 0 0 0 0 0 2 0
13199 0 0 0 0 0 0 0
13485 0 0 0 0 0 0 0
13588 0 0 0 0 0 0 0
13167 0 0 0 0 0 0 0
13164 0 0 0 0 0 0 0
13410 0 0 0 0 0 0 0
11948 0 0 0 0 0 0 0
12949 0 0 0 0 0 0 0
13421 0 0 0 0 0 0 0
13428 0 0 0 0 0 0 0
13439 0 0 0 0 0 0 0
13472 0 0 0 0 0 0 0
12971 0 0 0 0 0 0 0
12972 0 0 0 0 0 0 0
13259 0 0 0 0 0 0 0
13264 0 0 0 0 0 0 0
13194 0 0 0 0 0 0 0
13420 0 0 0 0 0 0 0
12938 0 0 0 0 0 0 0
12634 0 0 0 0 0 0 0
13405 0 0 0 0 0 0 0
13013 0 0 0 0 0 0 0
12969 0 0 0 0 0 0 0
13340 0 0 0 0 0 0 0
13054 0 0 0 0 0 0 0
12995 0 0 0 0 0 0 0
12966 0 0 0 0 0 0 0
12935 0 0 0 0 0 0 0
10202 0 0 0 0 0 0 0
1259 0 0 0 0 0 0 0
1165 0 0 0 0 0 0 0
7176 0 0 0 0 0 0 0
9477 0 0 0 0 0 0 0
13117 0 0 0 0 0 0 0
11796 0 0 0 0 0 0 0
12332 0 0 0 0 0 0 0
13036 0 0 0 0 0 0 0
12944 0 0 0 0 0 0 0
13516 0 0 0 0 0 0 0
13091 0 0 0 0 0 0 0
13435 0 0 0 0 0 0 0
12608 0 0 0 0 0 0 0
13265 0 0 0 0 0 0 0
9796 0 0 0 0 0 0 0
13384 0 0 0 0 0 0 0
13668 0 0 0 0 0 0 0
13198 0 0 0 0 0 2 0
12784 0 0 0 0 0 0 0
12692 0 0 0 0 0 0 0
13501 0 0 0 0 0 0 0
13207 0 0 0 0 0 0 0
13209 0 0 0 0 0 0 0
12761 0 0 0 0 0 0 0
12691 0 0 0 0 0 0 0
13042 0 0 0 0 0 0 0
12820 0 0 0 0 0 0 0
13668 0 0 0 0 0 0 0
8224 0 0 0 0 0 0 0
13175 0 0 0 0 0 0 0
13284 0 0 0 0 0 0 0
12960 0 0 0 0 0 0 0
12987 0 0 0 0 0 0 0
12673 0 0 0 0 0 0 0
13166 0 0 0 0 0 0 0
12954 0 0 0 0 0 0 0
13369 0 0 0 0 0 0 0
13127 0 0 0 0 0 0 0
12947 0 0 0 0 0 0 0
12997 0 0 0 0 0 0 0
13496 0 0 0 0 0 0 0
13314 0 0 0 0 0 0 0
13206 0 0 0 0 0 0 0
13514 0 0 0 0 0 0 0
13112 0 0 0 0 0 0 0
13456 0 0 0 0 0 0 0
10588 0 0 0 0 0 0 0
12946 0 0 0 0 0 0 0
12501 0 0 0 0 0 0 0
13237 0 0 0 0 0 0 0
13388 0 0 0 0 0 0 0
13260 0 0 0 0 0 0 0
13089 0 0 0 0 0 0 0
13451 0 0 0 0 0 0 0
13172 0 0 0 0 0 0 0
12826 0 0 0 0 0 0 0
13056 0 0 0 0 0 0 0
13071 0 0 0 0 0 0 0
13401 0 0 0 0 0 0 0
12611 0 0 0 0 0 0 0
9681 0 0 0 0 0 0 0
13184 0 0 0 0 0 0 0
13053 0 0 0 0 0 0 0
13207 0 0 0 0 0 0 0
12997 0 0 0 0 0 0 0
13428 0 0 0 0 0 0 0
12938 0 0 0 0 0 2 0
13279 0 0 0 0 0 0 0
12922 0 0 0 0 0 0 0
12705 0 0 0 0 0 0 0
13269 0 0 0 0 0 0 0
13659 0 0 0 0 0 0 0
12873 0 0 0 0 0 0 0
13210 0 0 0 0 0 0 0
13047 0 0 0 0 0 0 0
12881 0 0 0 0 0 0 0
13317 0 0 0 0 0 0 0
13177 0 0 0 0 0 0 0
13215 0 0 0 0 0 0 0
12595 0 0 0 0 0 0 0
9670 0 0 0 0 0 0 0
13265 0 0 0 0 0 0 0
12861 0 0 0 0 0 0 0
13354 0 0 0 0 0 0 0
12973 0 0 0 0 0 0 0
13006 0 0 0 0 0 0 0
12839 1 0 0 0 0 0 0
13330 0 0 0 12880.5 0 0 -449.483
13515 0 0 0 12880.5 0 0 -634.483
13269 0 0 0 12880.5 0 0 -388.483
13409 0 0 0 12880.5 0 0 -528.483
11190 0 0 0 12880.5 0 0 1690.52
12216 0 0 0 12880.5 0 0 664.517
13463 0 0 0 12880.5 0 0 -582.483
13551 0 0 0 12880.5 0 0 -670.483
13587 0 0 0 12880.5 0 0 -706.483
13647 0 0 0 12880.5 0 0 -766.483
13543 0 0 0 12880.5 0 0 -662.483
13559 0 0 0 12880.5 0 0 -678.483
13072 0 0 0 12880.5 0 0 -191.483
13775 0 0 0 12880.5 0 0 -894.483
13527 0 0 0 12880.5 0 0 -646.483
13530 0 0 0 12880.5 0 0 -649.483
13776 0 0 0 12880.5 0 0 -895.483
13682 0 0 0 12880.5 0 0 -801.483
12964 0 0 0 12880.5 0 0 -83.4833
13530 0 0 0 12880.5 0 0 -649.483
13241 0 0 0 12880.5 0 0 -360.483
13651 0 0 0 12880.5 0 0 -770.483
13844 0 0 0 12880.5 0 0 -963.483
13771 0 0 0 12880.5 0 0 -890.483
9916 0 0 0 12880.5 0 0 2964.52
13374 0 0 0 12880.5 0 0 -493.483
13227 0 0 0 12880.5 0 0 -346.483
13723 0 0 0 12880.5 0 0 -842.483
4539 0 0 0 12880.5 0 0 8341.52
0 0 1 0 12880.5 1 0 12880.5
0 0 3 0 12880.5 3 1 12880.5
10981 0 3 0 12880.5 3 1 1899.52
13535 0 3 0 12880.5 3 0 -654.483
12913 0 3 0 12880.5 3 0 -32.4833
13183 0 3 0 12880.5 3 0 -302.483
13912 0 3 0 12880.5 3 0 -1031.48
13689 0 3 0 12880.5 3 0 -808.483
13806 0 3 0 12880.5 3 0 -925.483
13358 0 3 0 12880.5 3 0 -477.483
13861 0 3 0 12880.5 3 0 -980.483
13388 0 3 0 12880.5 3 0 -507.483
13693 0 3 0 12880.5 3 0 -812.483
13777 0 3 0 12880.5 3 0 -896.483
13792 0 3 0 12880.5 3 0 -911.483
12887 0 3 0 12880.5 3 0 -6.48333
13236 0 3 0 12880.5 3 0 -355.483
13327 0 3 0 12880.5 3 0 -446.483
13778 0 3 0 12880.5 3 0 -897.483
13849 0 3 0 12880.5 3 0 -968.483
13933 0 3 0 12880.5 3 0 -1052.48
10990 0 3 0 12880.5 3 0 1890.52
13342 0 3 0 12880.5 3 0 -461.483
13276 0 3 0 12880.5 3 0 -395.483
12753 0 3 0 12880.5 3 0 127.517
13352 0 2 0 12880.5 2 0 -471.483
13383 0 4 0 12880.5 4 0 -502.483
13632 0 3 0 12880.5 3 0 -751.483
13541 0 3 0 12880.5 3 0 -660.483
13364 0 3 0 12880.5 3 0 -483.483
13078 0 2 0 12880.5 2 0 -197.483
13326 0 3 0 12880.5 3 0 -445.483
13566 0 3 0 12880.5 3 0 -685.483
13582 0 3 0 12880.5 3 0 -701.483
13183 0 2 0 12880.5 2 0 -302.483
13409 0 3 0 12880.5 3 0 -528.483
13860 0 3 0 12880.5 3 0 -979.483
13083 0 2 0 12880.5 2 0 -202.483
10627 0 3 0 12880.5 3 0 2253.52
13906 0 3 0 12880.5 3 0 -1025.48
13805 0 2 0 12880.5 2 0 -924.483
13807 0 3 0 12880.5 3 0 -926.483
13449 0 3 0 12880.5 3 0 -568.483
13078 0 2 0 12880.5 2 0 -197.483
10783 0 2 0 12880.5 2 0 2097.52
13113 0 3 0 12880.5 3 0 -232.483
13597 0 3 0 12880.5 3 0 -716.483
10486 0 2 0 12880.5 2 0 2394.52
12876 0 3 0 12880.5 3 0 4.51667
13350 0 3 0 12880.5 3 0 -469.483
12849 0 3 0 12880.5 3 0 31.5167
13444 0 3 0 12880.5 3 0 -563.483
13392 0 3 0 12880.5 3 0 -511.483
12955 0 3 0 12880.5 3 0 -74.4833
13532 0 3 0 12880.5 3 0 -651.483
10868 0 2 0 12880.5 2 0 2012.52
13747 0 3 0 12880.5 3 0 -866.483
12511 0 3 0 12880.5 3 0 369.517
13466 0 3 0 12880.5 3 0 -585.483
13673 0 3 0 12880.5 3 0 -792.483
13436 0 2 0 12880.5 2 0 -555.483
13909 0 3 0 12880.5 3 0 -1028.48
13892 0 3 0 12880.5 3 0 -1011.48
13136 0 3 0 12880.5 3 0 -255.483
13807 0 3 0 12880.5 3 0 -926.483
13599 0 3 0 12880.5 3 0 -718.483
10956 0 2 0 12880.5 2 0 1924.52
13194 0 3 0 12880.5 3 0 -313.483
13551 0 3 0 12880.5 3 0 -670.483
13315 0 3 0 12880.5 3 0 -434.483
13018 0 3 0 12880.5 3 0 -137.483
13801 0 4 0 12880.5 4 0 -920.483
13349 0 3 0 12880.5 3 0 -468.483
13691 0 3 0 12880.5 3 0 -810.483
13556 0 3 0 12880.5 3 0 -675.483
13882 0 3 0 12880.5 3 0 -1001.48
13300 0 3 0 12880.5 3 0 -419.483
13938 0 4 0 12880.5 4 0 -1057.48
3007 0 3 0 12880.5 3 0 9873.52
0 0 2 0 12880.5 2 1 12880.5
10446 0 3 0 12880.5 3 1 2434.52
13735 0 3 0 12880.5 3 0 -854.483
13979 0 3 0 12880.5 3 0 -1098.48
13409 0 3 0 12880.5 3 0 -528.483
13391 0 3 0 12880.5 3 0 -510.483
13530 0 3 0 12880.5 3 0 -649.483
13673 0 3 0 12880.5 3 0 -792.483
13484 0 2 0 12880.5 2 0 -603.483
11587 0 3 0 12880.5 3 0 1293.52
11848 0 3 0 12880.5 3 0 1032.52
13332 0 4 0 12880.5 4 0 -451.483
13699 0 3 0 12880.5 3 0 -818.483
13556 0 3 0 12880.5 3 0 -675.483
13529 0 3 0 12880.5 3 0 -648.483
13691 0 3 0 12880.5 3 0 -810.483
13410 0 3 0 12880.5 3 0 -529.483
646 0 2 0 12880.5 2 0 12234.5
13150 0 7 0 12880.5 7 1 -269.483
8711 0 3 0 12880.5 3 0 4169.52
10967 0 5 0 12880.5 5 0 1913.52
13219 0 6 0 12880.5 6 0 -338.483
12571 0 5 0 12880.5 5 0 309.517
13503 0 6 0 12880.5 6 0 -622.483
13587 0 6 0 12880.5 6 0 -706.483
13619 0 6 0 12880.5 6 0 -738.483
12771 0 6 0 12880.5 6 0 109.517
13561 0 6 0 12880.5 6 0 -680.483
13095 0 6 0 12880.5 6 0 -214.483
13684 0 6 0 12880.5 6 0 -803.483
12789 0 6 0 12880.5 6 0 91.5167
8269 0 6 0 12880.5 6 0 4611.52
0 0 6 0 12880.5 6 0 12880.5
8508 0 6 0 12880.5 6 1 4372.52
12836 0 6 0 12880.5 6 0 44.5167
13584 0 6 0 12880.5 6 0 -703.483
13853 0 6 0 12880.5 6 0 -972.483
13305 0 6 0 12880.5 6 0 -424.483
13831 0 6 0 12880.5 6 0 -950.483
13558 0 6 0 12880.5 6 0 -677.483
13032 0 6 0 12880.5 6 0 -151.483
13782 0 6 0 12880.5 6 0 -901.483
13897 0 6 0 12880.5 6 0 -1016.48
13778 0 6 0 12880.5 6 0 -897.483
13908 0 6 0 12880.5 6 0 -1027.48
13136 0 6 0 12880.5 6 0 -255.483
13104 0 6 0 12880.5 6 0 -223.483
12839 0 6 0 12880.5 6 0 41.5167
13657 0 6 0 12880.5 6 0 -776.483
13753 0 6 0 12880.5 6 0 -872.483
13652 0 6 0 12880.5 6 0 -771.483
13405 0 6 0 12880.5 6 0 -524.483
13442 0 6 0 12880.5 6 0 -561.483
13267 0 6 0 12880.5 6 0 -386.483
11298 0 6 0 12880.5 6 0 1582.52
13414 0 6 0 12880.5 6 0 -533.483
13558 0 6 0 12880.5 6 0 -677.483
13672 0 6 0 12880.5 6 0 -791.483
13734 0 6 0 12880.5 6 0 -853.483
13179 0 6 0 12880.5 6 0 -298.483
13195 0 6 0 12880.5 6 0 -314.483
13582 0 6 0 12880.5 6 0 -701.483
13438 0 6 0 12880.5 6 0 -557.483
10649 0 6 0 12880.5 6 0 2231.52
13197 0 6 0 12880.5 6 0 -316.483
6697 0 6 0 12880.5 6 0 6183.52
0 0 6 0 12880.5 6 0 12880.5
11999 0 5 0 12880.5 5 1 881.517
12840 0 3 0 12880.5 3 0 40.5167
13658 0 3 0 12880.5 3 0 -777.483
13844 0 4 0 12880.5 4 0 -963.483
13151 0 3 0 12880.5 3 0 -270.483
11046 0 2 0 12880.5 2 0 1834.52
12424 0 3 0 12880.5 3 0 456.517
5344 0 4 0 12880.5 4 2 7536.52
12980 0 4 0 12880.5 4 0 -99.4833
13496 0 5 0 12880.5 5 0 -615.483
13581 0 5 0 12880.5 5 0 -700.483
13076 0 4 0 12880.5 4 0 -195.483
13779 0 5 0 12880.5 5 0 -898.483
13418 0 4 0 12880.5 4 0 -537.483
12520 0 5 0 12880.5 5 0 360.517
12106 0 5 0 12880.5 5 0 774.517
13800 0 4 0 12880.5 4 0 -919.483
13935 0 5 0 12880.5 5 0 -1054.48
13607 0 5 0 12880.5 5 0 -726.483
13719 0 4 0 12880.5 4 0 -838.483
13481 0 5 0 12880.5 5 0 -600.483
13155 0 4 0 12880.5 4 0 -274.483
13595 0 5 0 12880.5 5 0 -714.483
12918 0 5 0 12880.5 5 0 -37.4833
9424 0 3 0 12880.5 3 0 3456.52
12924 0 4 0 12880.5 4 0 -43.4833
13355 0 5 0 12880.5 5 0 -474.483
13150 0 4 0 12880.5 4 0 -269.483
12973 0 4 0 12880.5 4 0 -92.4833
13568 0 4 0 12880.5 4 0 -687.483
13691 0 5 0 12880.5 5 0 -810.483
13560 0 4 0 12880.5 4 0 -679.483
13381 0 5 0 12880.5 5 0 -500.483
13540 0 5 0 12880.5 5 0 -659.483
12921 0 4 0 12880.5 4 0 -40.4833
13483 0 5 0 12880.5 5 0 -602.483
10166 0 4 0 12880.5 4 0 2714.52
13302 0 5 0 12880.5 5 0 -421.483
13449 0 5 0 12880.5 5 0 -568.483
13404 0 4 0 12880.5 4 0 -523.483
13484 0 5 0 12880.5 5 0 -603.483
12884 0 4 0 12880.5 4 0 -3.48333
13603 0 5 0 12880.5 5 0 -722.483
13564 0 4 0 12880.5 4 0 -683.483
12371 0 5 0 12880.5 5 0 509.517
12845 0 4 0 12880.5 4 0 35.5167
13238 0 5 0 12880.5 5 0 -357.483
12837 0 4 0 12880.5 4 0 43.5167
13526 0 5 0 12880.5 5 0 -645.483
13731 0 4 0 12880.5 4 0 -850.483
13644 0 5 0 12880.5 5 0 -763.483
10009 0 4 0 12880.5 4 0 2871.52
13649 0 4 0 12880.5 4 0 -768.483
13681 0 5 0 12880.5 5 0 -800.483
13119 0 4 0 12880.5 4 0 -238.483
13675 0 5 0 12880.5 5 0 -794.483
13705 0 5 0 12880.5 5 0 -824.483
13453 0 6 0 12880.5 6 0 -572.483
13439 0 6 0 12880.5 6 0 -558.483
13612 0 3 0 12880.5 3 0 -731.483
12937 0 3 0 12880.5 3 0 -56.4833
13672 0 2 0 12880.5 2 0 -791.483
13799 0 3 0 12880.5 3 0 -918.483
13650 0 3 0 12880.5 3 0 -769.483
13696 0 3 0 12880.5 3 0 -815.483
13452 0 3 0 12880.5 3 0 -571.483
13585 0 3 0 12880.5 3 0 -704.483
13190 0 2 0 12880.5 2 0 -309.483
13662 0 2 0 12880.5 2 0 -781.483
13567 0 3 0 12880.5 3 0 -686.483
13375 0 3 0 12880.5 3 0 -494.483
13675 0 2 0 12880.5 2 0 -794.483
13890 0 3 0 12880.5 3 0 -1009.48
12777 0 3 0 12880.5 3 0 103.517
13713 0 3 0 12880.5 3 0 -832.483
13965 0 3 0 12880.5 3 0 -1084.48
13803 0 3 0 12880.5 3 0 -922.483
13313 0 2 0 12880.5 2 0 -432.483
13510 0 3 0 12880.5 3 0 -629.483
12903 0 3 0 12880.5 3 0 -22.4833
13274 0 3 0 12880.5 3 0 -393.483
13734 0 3 0 12880.5 3 0 -853.483
13799 0 3 0 12880.5 3 0 -918.483
11304 0 4 0 12880.5 4 0 1576.52
13666 0 3 0 12880.5 3 0 -785.483
13526 0 3 0 12880.5 3 0 -645.483
10789 0 3 0 12880.5 3 0 2091.52
12415 0 3 0 12880.5 3 0 465.517
13599 0 3 0 12880.5 3 0 -718.483
13423 0 3 0 12880.5 3 0 -542.483
13341 0 4 0 12880.5 4 0 -460.483
13408 0 2 0 12880.5 2 0 -527.483
13305 0 3 0 12880.5 3 0 -424.483
12880 0 3 0 12880.5 3 0 0.516667
13260 0 3 0 12880.5 3 0 -379.483
13355 0 3 0 12880.5 3 0 -474.483
13187 0 3 0 12880.5 3 0 -306.483
13103 0 3 0 12880.5 3 0 -222.483
13599 0 3 0 12880.5 3 0 -718.483
13263 0 2 0 12880.5 2 0 -382.483
13532 0 3 0 12880.5 3 0 -651.483
13793 0 2 0 12880.5 2 0 -912.483
13084 0 3 0 12880.5 3 0 -203.483
10239 0 2 0 12880.5 2 0 2641.52
13713 0 3 0 12880.5 3 0 -832.483
13687 0 3 0 12880.5 3 0 -806.483
12657 0 3 0 12880.5 3 0 223.517
13579 0 3 0 12880.5 3 0 -698.483
13619 0 3 0 12880.5 3 0 -738.483
13505 0 3 0 12880.5 3 0 -624.483
13628 0 3 0 12880.5 3 0 -747.483
13512 0 3 0 12880.5 3 0 -631.483
13169 0 2 0 12880.5 2 0 -288.483
13406 0 3 0 12880.5 3 0 -525.483
13774 0 3 0 12880.5 3 0 -893.483
13747 0 2 0 12880.5 2 0 -866.483
13592 0 3 0 12880.5 3 0 -711.483
13415 0 2 0 12880.5 2 0 -534.483
13348 0 3 0 12880.5 3 0 -467.483
13145 0 3 0 12880.5 3 0 -264.483
13571 0 3 0 12880.5 3 0 -690.483
13734 0 3 0 12880.5 3 0 -853.483
13827 0 3 0 12880.5 3 0 -946.483
13586 0 3 0 12880.5 3 0 -705.483
13884 0 3 0 12880.5 3 0 -1003.48
12743 0 2 0 12880.5 2 0 137.517
13641 0 4 0 12880.5 4 0 -760.483
9149 0 2 0 12880.5 2 0 3731.52
13884 0 3 0 12880.5 3 0 -1003.48
13454 0 4 0 12880.5 4 0 -573.483
9520 0 3 0 12880.5 3 0 3360.52
13376 0 3 0 12880.5 3 0 -495.483
12717 0 3 0 12880.5 3 0 163.517
12888 0 2 0 12880.5 2 0 -7.48333
12669 0 3 0 12880.5 3 0 211.517
13325 0 3 0 12880.5 3 0 -444.483
13291 0 3 0 12880.5 3 0 -410.483
13348 0 3 0 12880.5 3 0 -467.483
12902 0 3 0 12880.5 3 0 -21.4833
13184 0 3 0 12880.5 3 0 -303.483
13009 0 3 0 12880.5 3 0 -128.483
13348 0 2 0 12880.5 2 0 -467.483
13152 0 3 0 12880.5 3 0 -271.483
13121 0 3 0 12880.5 3 0 -240.483
13540 0 3 0 12880.5 3 0 -659.483
6711 0 3 0 12880.5 3 0 6169.52
13465 0 3 0 12880.5 3 0 -584.483
13449 0 3 0 12880.5 3 0 -568.483
13658 0 3 0 12880.5 3 0 -777.483
13380 0 3 0 12880.5 3 0 -499.483
13710 0 3 0 12880.5 3 0 -829.483
13740 0 3 0 12880.5 3 0 -859.483
12541 0 3 0 12880.5 3 0 339.517
13582 0 3 0 12880.5 3 0 -701.483
13631 0 3 0 12880.5 3 0 -750.483
10256 0 3 0 12880.5 3 0 2624.52
13562 0 3 0 12880.5 3 0 -681.483
13673 0 3 0 12880.5 3 0 -792.483
12751 0 3 0 12880.5 3 0 129.517
13362 0 3 0 12880.5 3 0 -481.483
13467 0 3 0 12880.5 3 0 -586.483
13719 0 3 0 12880.5 3 0 -838.483
13668 0 3 0 12880.5 3 0 -787.483
13635 0 3 0 12880.5 3 0 -754.483
12814 0 2 0 12880.5 2 0 66.5167
12880 0 3 0 12880.5 3 0 0.516667
13334 0 3 0 12880.5 3 0 -453.483
13348 0 2 0 12880.5 2 0 -467.483
13367 0 4 0 12880.5 4 0 -486.483
13212 0 3 0 12880.5 3 0 -331.483
13169 0 3 0 12880.5 3 0 -288.483
12877 0 2 0 12880.5 2 0 3.51667
13540 0 4 0 12880.5 4 0 -659.483
13709 0 3 0 12880.5 3 0 -828.483
10279 0 3 0 12880.5 3 0 2601.52
13534 0 3 0 12880.5 3 0 -653.483
13689 0 3 0 12880.5 3 0 -808.483
8450 0 3 0 12880.5 3 0 4430.52
12964 0 3 0 12880.5 3 0 -83.4833
13392 0 3 0 12880.5 3 0 -511.483
13391 0 3 0 12880.5 3 0 -510.483
13306 0 3 0 12880.5 3 0 -425.483
13479 0 3 0 12880.5 3 0 -598.483
12976 0 3 0 12880.5 3 0 -95.4833
13696 0 2 0 12880.5 2 0 -815.483
13298 0 3 0 12880.5 3 0 -417.483
13612 0 3 0 12880.5 3 0 -731.483
13291 0 3 0 12880.5 3 0 -410.483
13602 0 3 0 12880.5 3 0 -721.483
13484 0 3 0 12880.5 3 0 -603.483
13561 0 3 0 12880.5 3 0 -680.483
13045 0 3 0 12880.5 3 0 -164.483
13497 0 3 0 12880.5 3 0 -616.483
13303 0 3 0 12880.5 3 0 -422.483
13633 0 3 0 12880.5 3 0 -752.483
13777 0 2 0 12880.5 2 0 -896.483
13366 0 3 0 12880.5 3 0 -485.483
13366 0 3 0 12880.5 3 0 -485.483
12871 0 3 0 12880.5 3 0 9.51667
13472 0 3 0 12880.5 3 0 -591.483
11442 0 3 0 12880.5 3 0 1438.52
13245 0 3 0 12880.5 3 0 -364.483
13391 0 3 0 12880.5 3 0 -510.483
13649 0 3 0 12880.5 3 0 -768.483
13149 0 3 0 12880.5 3 0 -268.483
13525 0 2 0 12880.5 2 0 -644.483
13586 0 4 0 12880.5 4 0 -705.483
13948 0 2 0 12880.5 2 0 -1067.48
13395 0 3 0 12880.5 3 0 -514.483
13586 0 3 0 12880.5 3 0 -705.483
13519 0 3 0 12880.5 3 0 -638.483
13176 0 3 0 12880.5 3 0 -295.483
13316 0 3 0 12880.5 3 0 -435.483
13551 0 3 0 12880.5 3 0 -670.483
13534 0 3 0 12880.5 3 0 -653.483
13446 0 2 0 12880.5 2 0 -565.483
13488 0 3 0 12880.5 3 0 -607.483
12933 0 3 0 12880.5 3 0 -52.4833
13429 0 3 0 12880.5 3 0 -548.483
13599 0 3 0 12880.5 3 0 -718.483
13539 0 3 0 12880.5 3 0 -658.483
13381 0 3 0 12880.5 3 0 -500.483
13395 0 3 0 12880.5 3 0 -514.483
13313 0 3 0 12880.5 3 0 -432.483
13314 0 3 0 12880.5 3 0 -433.483
13159 0 3 0 12880.5 3 0 -278.483
8916 0 2 0 12880.5 2 0 3964.52
12850 0 3 0 12880.5 3 0 30.5167
9189 0 3 0 12880.5 3 0 3691.52
13301 0 2 0 12880.5 2 0 -420.483
6670 0 3 0 12880.5 3 0 6210.52
10612 0 6 0 12880.5 6 1 2268.52
13412 0 6 0 12880.5 6 0 -531.483
13283 0 6 0 12880.5 6 0 -402.483
13591 0 6 0 12880.5 6 0 -710.483
13583 0 6 0 12880.5 6 0 -702.483
13681 0 6 0 12880.5 6 0 -800.483
13088 0 6 0 12880.5 6 0 -207.483
13002 0 6 0 12880.5 6 0 -121.483
13824 0 6 0 12880.5 6 0 -943.483
13565 0 6 0 12880.5 6 0 -684.483
13345 0 6 0 12880.5 6 0 -464.483
13161 0 6 0 12880.5 6 0 -280.483
13676 0 6 0 12880.5 6 0 -795.483
13164 0 6 0 12880.5 6 0 -283.483
13712 0 6 0 12880.5 6 0 -831.483
13137 0 6 0 12880.5 6 0 -256.483
13625 0 6 0 12880.5 6 0 -744.483
13427 0 6 0 12880.5 6 0 -546.483
13522 0 6 0 12880.5 6 0 -641.483
12733 0 6 0 12880.5 6 0 147.517
13441 0 5 0 12880.5 5 0 -560.483
13590 0 5 0 12880.5 5 0 -709.483
12840 0 6 0 12880.5 6 0 40.5167
13581 0 7 0 12880.5 7 0 -700.483
12687 0 6 0 12880.5 6 0 193.517
13774 0 6 0 12880.5 6 0 -893.483
12936 0 6 0 12880.5 6 0 -55.4833
13194 0 6 0 12880.5 6 0 -313.483
13492 0 6 0 12880.5 6 0 -611.483
13503 0 6 0 12880.5 6 0 -622.483
13100 0 6 0 12880.5 6 0 -219.483
13338 0 6 0 12880.5 6 0 -457.483
13519 0 6 0 12880.5 6 0 -638.483
13284 0 6 0 12880.5 6 0 -403.483
9649 0 4 0 12880.5 4 0 3231.52
0 0 3 0 12880.5 3 1 12880.5
8141 0 4 0 12880.5 4 1 4739.52
13447 0 6 0 12880.5 6 0 -566.483
13758 0 6 0 12880.5 6 0 -877.483
13446 0 6 0 12880.5 6 0 -565.483
13297 0 7 0 12880.5 7 0 -416.483
12472 0 6 0 12880.5 6 0 408.517
10355 0 6 0 12880.5 6 0 2525.52
1232 0 6 0 12880.5 6 0 11648.5
3937 0 5 0 12880.5 5 1 8943.52
13215 0 5 0 12880.5 5 0 -334.483
12805 0 3 0 12880.5 3 0 75.5167
13470 0 3 0 12880.5 3 0 -589.483
12985 0 3 0 12880.5 3 0 -104.483
13231 0 4 0 12880.5 4 0 -350.483
13767 0 3 0 12880.5 3 0 -886.483
13510 0 3 0 12880.5 3 0 -629.483
13737 0 3 0 12880.5 3 0 -856.483
13739 0 3 0 12880.5 3 0 -858.483
10921 0 3 0 12880.5 3 0 1959.52
5556 0 3 0 12880.5 3 0 7324.52
9824 0 5 0 12880.5 5 1 3056.52
13060 0 6 0 12880.5 6 0 -179.483
13306 0 6 0 12880.5 6 0 -425.483
13531 0 6 0 12880.5 6 0 -650.483
13604 0 3 0 12880.5 3 0 -723.483
13589 0 2 0 12880.5 2 0 -708.483
13533 0 1 0 12880.5 1 0 -652.483
12888 0 3 0 12880.5 3 0 -7.48333
13383 0 2 0 12880.5 2 0 -502.483
13689 0 2 0 12880.5 2 0 -808.483
13601 0 2 0 12880.5 2 0 -720.483
13424 0 1 0 12880.5 1 0 -543.483
13218 0 2 0 12880.5 2 0 -337.483
12705 0 1 0 12880.5 1 0 175.517
12665 0 2 0 12880.5 2 0 215.517
13566 0 2 0 12880.5 2 0 -685.483
13674 0 2 0 12880.5 2 0 -793.483
13839 0 2 0 12880.5 2 0 -958.483
13641 0 2 0 12880.5 2 0 -760.483
13506 0 2 0 12880.5 2 0 -625.483
13277 0 3 0 12880.5 3 0 -396.483
9948 0 1 0 12880.5 1 0 2932.52
12761 0 2 0 12880.5 2 0 119.517
13247 0 2 0 12880.5 2 0 -366.483
13507 0 1 0 12880.5 1 0 -626.483
13509 0 2 0 12880.5 2 0 -628.483
10535 0 2 0 12880.5 2 0 2345.52
11777 0 1 0 12880.5 1 0 1103.52
13096 0 2 0 12880.5 2 0 -215.483
13924 0 2 0 12880.5 2 0 -1043.48
13522 0 2 0 12880.5 2 0 -641.483
13612 0 2 0 12880.5 2 0 -731.483
13454 0 2 0 12880.5 2 0 -573.483
13098 0 2 0 12880.5 2 0 -217.483
13421 0 2 0 12880.5 2 0 -540.483
13473 0 2 0 12880.5 2 0 -592.483
13313 0 2 0 12880.5 2 0 -432.483
13406 0 2 0 12880.5 2 0 -525.483
13305 0 2 0 12880.5 2 0 -424.483
12912 0 1 0 12880.5 1 0 -31.4833
13052 0 2 0 12880.5 2 0 -171.483
13679 0 2 0 12880.5 2 0 -798.483
13321 0 2 0 12880.5 2 0 -440.483
13419 0 2 0 12880.5 2 0 -538.483
13618 0 2 0 12880.5 2 0 -737.483
13695 0 2 0 12880.5 2 0 -814.483
13264 0 2 0 12880.5 2 0 -383.483
13292 0 2 0 12880.5 2 0 -411.483
13290 0 2 0 12880.5 2 0 -409.483
13369 0 3 0 12880.5 3 0 -488.483
13705 0 2 0 12880.5 2 0 -824.483
13570 0 2 0 12880.5 2 0 -689.483
13052 0 2 0 12880.5 2 0 -171.483
13450 0 2 0 12880.5 2 0 -569.483
13432 0 2 0 12880.5 2 0 -551.483
13549 0 2 0 12880.5 2 0 -668.483
13009 0 2 0 12880.5 2 0 -128.483
12619 0 2 0 12880.5 2 0 261.517
13470 0 2 0 12880.5 2 0 -589.483
13162 0 2 0 12880.5 2 0 -281.483
13637 0 2 0 12880.5 2 0 -756.483
13777 0 2 0 12880.5 2 0 -896.483
13681 0 2 0 12880.5 2 0 -800.483
13217 0 2 0 12880.5 2 0 -336.483
10817 0 2 0 12880.5 2 0 2063.52
13406 0 2 0 12880.5 2 0 -525.483
9249 0 2 0 12880.5 2 0 3631.52
13489 0 2 0 12880.5 2 0 -608.483
13501 0 2 0 12880.5 2 0 -620.483
13274 0 2 0 12880.5 2 0 -393.483
13469 0 2 0 12880.5 2 0 -588.483
13523 0 2 0 12880.5 2 0 -642.483
12975 0 2 0 12880.5 2 0 -94.4833
13816 0 2 0 12880.5 2 0 -935.483
13907 0 2 0 12880.5 2 0 -1026.48
13642 0 3 0 12880.5 3 0 -761.483
13461 0 2 0 12880.5 2 0 -580.483
13728 0 2 0 12880.5 2 0 -847.483
13355 0 2 0 12880.5 2 0 -474.483
12925 0 2 0 12880.5 2 0 -44.4833
13935 0 2 0 12880.5 2 0 -1054.48
13606 0 2 0 12880.5 2 0 -725.483
13386 0 2 0 12880.5 2 0 -505.483
13325 0 2 0 12880.5 2 0 -444.483
13650 0 2 0 12880.5 2 0 -769.483
13406 0 3 0 12880.5 3 0 -525.483
13882 0 1 0 12880.5 1 0 -1001.48
13639 0 3 0 12880.5 3 0 -758.483
13782 0 2 0 12880.5 2 0 -901.483
13861 0 2 0 12880.5 2 0 -980.483
13772 0 2 0 12880.5 2 0 -891.483
13334 0 3 0 12880.5 3 0 -453.483
13927 0 2 0 12880.5 2 0 -1046.48
13603 0 2 0 12880.5 2 0 -722.483
13410 0 2 0 12880.5 2 0 -529.483
13349 0 2 0 12880.5 2 0 -468.483
13655 0 3 0 12880.5 3 0 -774.483
13251 0 2 0 12880.5 2 0 -370.483
13096 0 2 0 12880.5 2 0 -215.483
13709 0 2 0 12880.5 2 0 -828.483
13607 0 3 0 12880.5 3 0 -726.483
13634 0 2 0 12880.5 2 0 -753.483
13296 0 3 0 12880.5 3 0 -415.483
13270 0 2 0 12880.5 2 0 -389.483
12898 0 2 0 12880.5 2 0 -17.4833
13735 0 2 0 12880.5 2 0 -854.483
13390 0 2 0 12880.5 2 0 -509.483
9983 0 3 0 12880.5 3 0 2897.52
13916 0 2 0 12880.5 2 0 -1035.48
13934 0 2 0 12880.5 2 0 -1053.48
13873 0 3 0 12880.5 3 0 -992.483
12863 0 2 0 12880.5 2 0 17.5167
13696 0 2 0 12880.5 2 0 -815.483
10249 0 2 0 12880.5 2 0 2631.52
12905 0 2 0 12880.5 2 0 -24.4833
13664 0 2 0 12880.5 2 0 -783.483
13473 0 3 0 12880.5 3 0 -592.483
13140 0 2 0 12880.5 2 0 -259.483
13875 0 2 0 12880.5 2 0 -994.483
13483 0 3 0 12880.5 3 0 -602.483
13618 0 2 0 12880.5 2 0 -737.483
13501 0 3 0 12880.5 3 0 -620.483
13692 0 2 0 12880.5 2 0 -811.483
13132 0 2 0 12880.5 2 0 -251.483
13218 0 3 0 12880.5 3 0 -337.483
13861 0 2 0 12880.5 2 0 -980.483
13722 0 3 0 12880.5 3 0 -841.483
13659 0 2 0 12880.5 2 0 -778.483
13821 0 2 0 12880.5 2 0 -940.483
13640 0 3 0 12880.5 3 0 -759.483
13230 0 2 0 12880.5 2 0 -349.483
13749 0 2 0 12880.5 2 0 -868.483
13809 0 3 0 12880.5 3 0 -928.483
13852 0 2 0 12880.5 2 0 -971.483
13939 0 2 0 12880.5 2 0 -1058.48
13887 0 3 0 12880.5 3 0 -1006.48
12178 0 2 0 12880.5 2 0 702.517
13000 0 3 0 12880.5 3 0 -119.483
13294 0 2 0 12880.5 2 0 -413.483
13319 0 2 0 12880.5 2 0 -438.483
13817 0 3 0 12880.5 3 0 -936.483
13775 0 2 0 12880.5 2 0 -894.483
13485 0 3 0 12880.5 3 0 -604.483
11672 0 2 0 12880.5 2 0 1208.52
11533 0 2 0 12880.5 2 0 1347.52
12386 0 2 0 12880.5 2 0 494.517
11409 0 3 0 12880.5 3 0 1471.52
13020 0 2 0 12880.5 2 0 -139.483
10668 0 2 0 12880.5 2 0 2212.52
13384 0 2 0 12880.5 2 0 -503.483
12815 0 3 0 12880.5 3 0 65.5167
12903 0 2 0 12880.5 2 0 -22.4833
13436 0 3 0 12880.5 3 0 -555.483
13561 0 3 0 12880.5 3 0 -680.483
13420 0 2 0 12880.5 2 0 -539.483
13624 0 3 0 12880.5 3 0 -743.483
13541 0 2 0 12880.5 2 0 -660.483
10767 0 2 0 12880.5 2 0 2113.52
13504 0 3 0 12880.5 3 0 -623.483
13747 0 2 0 12880.5 2 0 -866.483
13505 0 2 0 12880.5 2 0 -624.483
11367 0 2 0 12880.5 2 0 1513.52
13424 0 3 0 12880.5 3 0 -543.483
10716 0 2 0 12880.5 2 0 2164.52
13421 0 2 0 12880.5 2 0 -540.483
12778 0 3 0 12880.5 3 0 102.517
13614 0 3 0 12880.5 3 0 -733.483
13547 0 2 0 12880.5 2 0 -666.483
13773 0 2 0 12880.5 2 0 -892.483
13823 0 3 0 12880.5 3 0 -942.483
13171 0 2 0 12880.5 2 0 -290.483
10732 0 2 0 12880.5 2 0 2148.52
13466 0 3 0 12880.5 3 0 -585.483
13530 0 2 0 12880.5 2 0 -649.483
10329 0 2 0 12880.5 2 0 2551.52
13799 0 3 0 12880.5 3 0 -918.483
13439 0 3 0 12880.5 3 0 -558.483
13292 0 2 0 12880.5 2 0 -411.483
13695 0 3 0 12880.5 3 0 -814.483
13677 0 2 0 12880.5 2 0 -796.483
13408 0 3 0 12880.5 3 0 -527.483
13757 0 2 0 12880.5 2 0 -876.483
13523 0 3 0 12880.5 3 0 -642.483
12932 0 3 0 12880.5 3 0 -51.4833
13450 0 2 0 12880.5 2 0 -569.483
13882 0 3 0 12880.5 3 0 -1001.48
13667 0 2 0 12880.5 2 0 -786.483
13765 0 3 0 12880.5 3 0 -884.483
13803 0 2 0 12880.5 2 0 -922.483
12985 0 3 0 12880.5 3 0 -104.483
13348 0 2 0 12880.5 2 0 -467.483
13508 0 3 0 12880.5 3 0 -627.483
13675 0 3 0 12880.5 3 0 -794.483
13644 0 2 0 12880.5 2 0 -763.483
13196 0 3 0 12880.5 3 0 -315.483
13418 0 2 0 12880.5 2 0 -537.483
10773 0 2 0 12880.5 2 0 2107.52
13903 0 3 0 12880.5 3 0 -1022.48
13658 0 2 0 12880.5 2 0 -777.483
13925 0 3 0 12880.5 3 0 -1044.48
13510 0 3 0 12880.5 3 0 -629.483
13605 0 2 0 12880.5 2 0 -724.483
13160 0 3 0 12880.5 3 0 -279.483
13634 0 2 0 12880.5 2 0 -753.483
13822 0 3 0 12880.5 3 0 -941.483
13888 0 3 0 12880.5 3 0 -1007.48
4979 0 2 0 12880.5 2 0 7901.52
10185 0 3 0 12880.5 3 1 2695.52
12973 0 3 0 12880.5 3 0 -92.4833
12458 0 3 0 12880.5 3 0 422.517
10300 0 3 0 12880.5 3 0 2580.52
13413 0 2 0 12880.5 2 0 -532.483
13405 0 3 0 12880.5 3 0 -524.483
13111 0 3 0 12880.5 3 0 -230.483
13720 0 3 0 12880.5 3 0 -839.483
13604 0 2 0 12880.5 2 0 -723.483
12978 0 3 0 12880.5 3 0 -97.4833
13441 0 3 0 12880.5 3 0 -560.483
13622 0 3 0 12880.5 3 0 -741.483
13644 0 3 0 12880.5 3 0 -763.483
13724 0 3 0 12880.5 3 0 -843.483
13796 0 3 0 12880.5 3 0 -915.483
13154 0 3 0 12880.5 3 0 -273.483
12869 0 3 0 12880.5 3 0 11.5167
13592 0 3 0 12880.5 3 0 -711.483
13782 0 3 0 12880.5 3 0 -901.483
13593 0 3 0 12880.5 3 0 -712.483
13784 0 3 0 12880.5 3 0 -903.483
13559 0 3 0 12880.5 3 0 -678.483
13381 0 3 0 12880.5 3 0 -500.483
13695 0 3 0 12880.5 3 0 -814.483
13481 0 3 0 12880.5 3 0 -600.483
13653 0 3 0 12880.5 3 0 -772.483
13310 0 3 0 12880.5 3 0 -429.483
13808 0 3 0 12880.5 3 0 -927.483
12949 0 2 0 12880.5 2 0 -68.4833
13672 0 3 0 12880.5 3 0 -791.483
12896 0 3 0 12880.5 3 0 -15.4833
13274 0 3 0 12880.5 3 0 -393.483
13740 0 3 0 12880.5 3 0 -859.483
13361 0 3 0 12880.5 3 0 -480.483
13144 0 3 0 12880.5 3 0 -263.483
12802 0 3 0 12880.5 3 0 78.5167
12810 0 3 0 12880.5 3 0 70.5167
12910 0 3 0 12880.5 3 0 -29.4833
13750 0 3 0 12880.5 3 0 -869.483
13755 0 3 0 12880.5 3 0 -874.483
13905 0 3 0 12880.5 3 0 -1024.48
13054 0 3 0 12880.5 3 0 -173.483
13629 0 3 0 12880.5 3 0 -748.483
12786 0 3 0 12880.5 3 0 94.5167
11193 0 2 0 12880.5 2 0 1687.52
13393 0 3 0 12880.5 3 0 -512.483
12338 0 3 0 12880.5 3 0 542.517
5501 0 3 0 12880.5 3 1 7379.52
8911 0 4 0 12880.5 4 4 3969.52
13291 0 7 0 12880.5 7 0 -410.483
11319 0 6 0 12880.5 6 0 1561.52
13727 0 5 0 12880.5 6 0 -846.483
13396 0 6 0 12880.5 5 0 -515.483
13669 0 6 0 12880.5 6 0 -788.483
13257 0 6 0 12880.5 6 0 -376.483
13184 0 6 0 12880.5 6 0 -303.483
10780 0 6 0 12880.5 6 0 2100.52
13357 0 6 0 12880.5 6 0 -476.483
12997 0 6 0 12880.5 6 0 -116.483
13756 0 5 0 12880.5 5 0 -875.483
13678 0 5 0 12880.5 5 0 -797.483
13593 0 6 0 12880.5 6 0 -712.483
13163 0 6 0 12880.5 6 0 -282.483
13699 0 6 0 12880.5 6 0 -818.483
10511 0 6 0 12880.5 6 0 2369.52
13272 0 6 0 12880.5 6 0 -391.483
13593 0 6 0 12880.5 6 0 -712.483
10757 0 6 0 12880.5 6 0 2123.52
13595 0 3 0 12880.5 3 0 -714.483
13189 0 2 0 12880.5 2 0 -308.483
10936 0 3 0 12880.5 3 0 1944.52
13733 0 4 0 12880.5 4 0 -852.483
13829 0 3 0 12880.5 3 0 -948.483
13771 0 3 0 12880.5 3 0 -890.483
9711 0 2 0 12880.5 2 0 3169.52
10698 0 3 0 12880.5 3 0 2182.52
13002 0 3 0 12880.5 3 0 -121.483
12888 0 3 0 12880.5 3 0 -7.48333
13399 0 3 0 12880.5 3 0 -518.483
4196 0 3 0 12880.5 3 0 8684.52
9105 0 3 0 12880.5 3 1 3775.52
13541 0 3 0 12880.5 3 0 -660.483
13471 0 2 0 12880.5 2 0 -590.483
13034 0 3 0 12880.5 3 0 -153.483
13236 0 3 0 12880.5 3 0 -355.483
13534 0 3 0 12880.5 3 0 -653.483
13595 0 3 0 12880.5 3 0 -714.483
13478 0 3 0 12880.5 3 0 -597.483
13405 0 2 0 12880.5 2 0 -524.483
10624 0 3 0 12880.5 3 0 2256.52
12853 0 4 0 12880.5 4 0 27.5167
13591 0 3 0 12880.5 3 0 -710.483
13392 0 2 0 12880.5 2 0 -511.483
13615 0 3 0 12880.5 3 0 -734.483
13854 0 4 0 12880.5 4 0 -973.483
13322 0 2 0 12880.5 2 0 -441.483
13255 0 3 0 12880.5 3 0 -374.483
12851 0 3 0 12880.5 3 0 29.5167
13443 0 3 0 12880.5 3 0 -562.483
13753 0 2 0 12880.5 2 0 -872.483
13561 0 3 0 12880.5 3 0 -680.483
13586 0 3 0 12880.5 3 0 -705.483
13357 0 3 0 12880.5 3 0 -476.483
13285 0 3 0 12880.5 3 0 -404.483
12926 0 3 0 12880.5 3 0 -45.4833
13004 0 3 0 12880.5 3 0 -123.483
13308 0 2 0 12880.5 2 0 -427.483
13366 0 4 0 12880.5 4 0 -485.483
13126 0 3 0 12880.5 3 0 -245.483
13153 0 3 0 12880.5 3 0 -272.483
13735 0 3 0 12880.5 3 0 -854.483
13750 0 3 0 12880.5 3 0 -869.483
13869 0 3 0 12880.5 3 0 -988.483
13964 0 3 0 12880.5 3 0 -1083.48
13734 0 3 0 12880.5 3 0 -853.483
13702 0 3 0 12880.5 3 0 -821.483
13281 0 3 0 12880.5 3 0 -400.483
13322 0 3 0 12880.5 3 0 -441.483
13296 0 3 0 12880.5 3 0 -415.483
13170 0 3 0 12880.5 3 0 -289.483
13366 0 2 0 12880.5 2 0 -485.483
13246 0 3 0 12880.5 3 0 -365.483
12164 0 3 0 12880.5 3 0 716.517
11804 0 3 0 12880.5 3 0 1076.52
11971 0 3 0 12880.5 3 0 909.517
12115 0 3 0 12880.5 3 0 765.517
11388 0 3 0 12880.5 3 0 1492.52
13757 0 3 0 12880.5 3 0 -876.483
13485 0 3 0 12880.5 3 0 -604.483
10819 0 3 0 12880.5 3 0 2061.52
13513 0 3 0 12880.5 3 0 -632.483
13585 0 2 0 12880.5 2 0 -704.483
11467 0 3 0 12880.5 3 0 1413.52
13218 0 3 0 12880.5 3 0 -337.483
13100 0 2 0 12880.5 2 0 -219.483
13079 0 2 0 12880.5 2 0 -198.483
12585 0 3 0 12880.5 3 0 295.517
12549 0 3 0 12880.5 3 0 331.517
13525 0 4 0 12880.5 4 0 -644.483
13647 0 3 0 12880.5 3 0 -766.483
13319 0 2 0 12880.5 2 0 -438.483
13721 0 3 0 12880.5 3 0 -840.483
13315 0 3 0 12880.5 3 0 -434.483
13870 0 3 0 12880.5 3 0 -989.483
11826 0 3 0 12880.5 3 0 1054.52
12781 0 4 0 12880.5 4 0 99.5167
8559 0 2 0 12880.5 2 0 4321.52
12215 0 4 0 12880.5 4 0 665.517
13743 0 3 0 12880.5 3 0 -862.483
10013 0 2 0 12880.5 2 0 2867.52
13698 0 3 0 12880.5 3 0 -817.483
12025 0 3 0 12880.5 3 0 855.517
10975 0 3 0 12880.5 3 0 1905.52
13321 0 3 0 12880.5 3 0 -440.483
13570 0 3 0 12880.5 3 0 -689.483
13510 0 3 0 12880.5 3 1 -629.483
13043 0 2 0 12880.5 2 0 -162.483
13379 0 3 0 12880.5 3 0 -498.483
13567 0 3 0 12880.5 3 0 -686.483
13454 0 3 0 12880.5 3 0 -573.483
10923 0 2 0 12880.5 2 0 1957.52
10842 0 3 0 12880.5 3 0 2038.52
10391 0 3 0 12880.5 3 0 2489.52
12897 0 3 0 12880.5 3 0 -16.4833
13556 0 2 0 12880.5 2 0 -675.483
13780 0 4 0 12880.5 4 0 -899.483
10394 0 2 0 12880.5 2 0 2486.52
13613 0 4 0 12880.5 4 0 -732.483
12238 0 3 0 12880.5 3 0 642.517
11074 0 2 0 12880.5 2 0 1806.52
13031 0 3 0 12880.5 3 0 -150.483
13238 0 3 0 12880.5 3 0 -357.483
13714 0 3 0 12880.5 3 1 -833.483
13802 0 3 0 12880.5 3 0 -921.483
11559 0 2 0 12880.5 2 0 1321.52
7391 0 3 0 12880.5 3 0 5489.52
13580 0 3 0 12880.5 3 0 -699.483
12158 0 3 0 12880.5 3 0 722.517
12266 0 2 0 12880.5 2 0 614.517
12149 0 4 0 12880.5 4 0 731.517
13705 0 3 0 12880.5 3 0 -824.483
10352 0 3 0 12880.5 3 0 2528.52
13278 0 3 0 12880.5 3 0 -397.483
13447 0 2 0 12880.5 2 0 -566.483
12536 0 3 0 12880.5 3 0 344.517
13510 0 4 0 12880.5 4 0 -629.483
12039 0 2 0 12880.5 2 0 841.517
12642 0 3 0 12880.5 3 0 238.517
12945 0 3 0 12880.5 3 0 -64.4833
2516 0 4 0 12880.5 4 1 10364.5
13883 0 6 0 12880.5 6 0 -1002.48
13922 0 6 0 12880.5 6 0 -1041.48
13616 0 6 0 12880.5 6 0 -735.483
13784 0 6 0 12880.5 6 0 -903.483
13502 0 6 0 12880.5 6 0 -621.483
13768 0 6 0 12880.5 6 0 -887.483
13729 0 6 0 12880.5 6 0 -848.483
13827 0 6 0 12880.5 6 0 -946.483
10030 0 6 0 12880.5 6 0 2850.52
13609 0 5 0 12880.5 5 0 -728.483
11120 0 7 0 12880.5 7 0 1760.52
13426 0 5 0 12880.5 5 0 -545.483
12999 0 4 0 12880.5 4 0 -118.483
11268 0 2 0 12880.5 2 0 1612.52
13769 0 3 0 12880.5 3 0 -888.483
13236 0 4 0 12880.5 4 0 -355.483
13626 0 3 0 12880.5 3 0 -745.483
13747 0 3 0 12880.5 3 0 -866.483
13529 0 3 0 12880.5 3 0 -648.483
13194 0 3 0 12880.5 3 0 -313.483
13578 0 3 0 12880.5 3 0 -697.483
10186 0 3 0 12880.5 3 0 2694.52
13344 0 2 0 12880.5 2 0 -463.483
13461 0 4 0 12880.5 4 0 -580.483
13279 0 3 0 12880.5 3 0 -398.483
13752 0 3 0 12880.5 3 0 -871.483
12783 0 3 0 12880.5 3 0 97.5167
13528 0 4 0 12880.5 4 0 -647.483
13195 0 3 0 12880.5 3 0 -314.483
13687 0 3 0 12880.5 3 0 -806.483
13548 0 3 0 12880.5 3 0 -667.483
12677 0 3 0 12880.5 3 0 203.517
11908 0 3 0 12880.5 3 0 972.517
13152 0 3 0 12880.5 3 0 -271.483
12929 0 2 0 12880.5 2 0 -48.4833
13715 0 3 0 12880.5 3 0 -834.483
13695 0 3 0 12880.5 3 0 -814.483
13777 0 3 0 12880.5 3 0 -896.483
13920 0 3 0 12880.5 3 0 -1039.48
13109 0 2 0 12880.5 2 0 -228.483
13652 0 3 0 12880.5 3 0 -771.483
10602 0 3 0 12880.5 3 0 2278.52
13466 0 3 0 12880.5 3 0 -585.483
13480 0 3 0 12880.5 3 0 -599.483
13720 0 3 0 12880.5 3 0 -839.483
13524 0 3 0 12880.5 3 0 -643.483
13246 0 3 0 12880.5 3 0 -365.483
12750 0 2 0 12880.5 2 0 130.517
13547 0 3 0 12880.5 3 0 -666.483
13633 0 3 0 12880.5 3 0 -752.483
13489 0 3 0 12880.5 3 0 -608.483
13699 0 3 0 12880.5 3 0 -818.483
13835 0 3 0 12880.5 3 1 -954.483
13630 0 3 0 12880.5 3 0 -749.483
13202 0 3 0 12880.5 3 0 -321.483
13628 0 2 0 12880.5 2 0 -747.483
13539 0 3 0 12880.5 3 0 -658.483
13912 0 3 0 12880.5 3 0 -1031.48
13559 0 3 0 12880.5 3 0 -678.483
13741 0 3 0 12880.5 3 0 -860.483
13509 0 4 0 12880.5 4 0 -628.483
13681 0 3 0 12880.5 3 0 -800.483
13251 0 2 0 12880.5 2 0 -370.483
13151 0 3 0 12880.5 3 0 -270.483
13536 0 2 0 12880.5 2 0 -655.483
13401 0 4 0 12880.5 4 0 -520.483
13306 0 3 0 12880.5 3 0 -425.483
13058 0 2 0 12880.5 2 0 -177.483
13512 0 3 0 12880.5 3 0 -631.483
13553 0 3 0 12880.5 3 0 -672.483
13353 0 3 0 12880.5 3 0 -472.483
13406 0 3 0 12880.5 3 0 -525.483
13223 0 3 0 12880.5 3 0 -342.483
8912 0 3 0 12880.5 3 0 3968.52
13488 0 3 0 12880.5 3 0 -607.483
13676 0 3 0 12880.5 3 0 -795.483
13212 0 3 0 12880.5 3 0 -331.483
13620 0 3 0 12880.5 3 0 -739.483
13589 0 2 0 12880.5 2 0 -708.483
10920 0 3 0 12880.5 3 0 1960.52
12510 0 3 0 12880.5 3 0 370.517
7785 0 3 0 12880.5 3 0 5095.52
13498 0 3 0 12880.5 3 0 -617.483
10660 0 3 0 12880.5 3 0 2220.52
13665 0 2 0 12880.5 2 0 -784.483
13555 0 2 0 12880.5 2 0 -674.483
13673 0 3 0 12880.5 3 0 -792.483
12999 0 4 0 12880.5 4 0 -118.483
13418 0 3 0 12880.5 3 0 -537.483
11670 0 2 0 12880.5 2 0 1210.52
13473 0 3 0 12880.5 3 0 -592.483
13634 0 3 0 12880.5 3 0 -753.483
13821 0 3 0 12880.5 3 0 -940.483
13365 0 3 0 12880.5 3 0 -484.483
12858 0 3 0 12880.5 3 0 22.5167
12679 0 3 0 12880.5 3 0 201.517
13657 0 3 0 12880.5 3 0 -776.483
13424 0 3 0 12880.5 3 0 -543.483
10130 0 3 0 12880.5 3 0 2750.52
12841 0 3 0 12880.5 3 0 39.5167
12862 0 3 0 12880.5 3 0 18.5167
13312 0 3 0 12880.5 3 0 -431.483
13248 0 3 0 12880.5 3 0 -367.483
13347 0 2 0 12880.5 2 0 -466.483
13720 0 3 0 12880.5 3 0 -839.483
13122 0 3 0 12880.5 3 0 -241.483
13867 0 3 0 12880.5 3 0 -986.483
9798 0 2 0 12880.5 2 0 3082.52
13715 0 3 0 12880.5 3 0 -834.483
13281 0 3 0 12880.5 3 0 -400.483
12659 0 3 0 12880.5 3 0 221.517
10334 0 2 0 12880.5 2 0 2546.52
13158 0 4 0 12880.5 4 0 -277.483
13018 0 2 0 12880.5 2 0 -137.483
12583 0 3 0 12880.5 3 1 297.517
12648 0 3 0 12880.5 3 0 232.517
13607 0 4 0 12880.5 4 0 -726.483
13420 0 2 0 12880.5 2 0 -539.483
13113 0 3 0 12880.5 3 0 -232.483
13361 0 3 0 12880.5 3 0 -480.483
8968 0 3 0 12880.5 3 0 3912.52
13161 0 3 0 12880.5 3 0 -280.483
13404 0 3 0 12880.5 3 0 -523.483
13384 0 3 0 12880.5 3 0 -503.483
13189 0 3 0 12880.5 3 0 -308.483
13310 0 3 0 12880.5 3 0 -429.483
13740 0 3 0 12880.5 3 0 -859.483
13074 0 3 0 12880.5 3 0 -193.483
13510 0 3 0 12880.5 3 0 -629.483
13346 0 3 0 12880.5 3 0 -465.483
9551 0 3 0 12880.5 3 0 3329.52
13555 0 3 0 12880.5 3 0 -674.483
13353 0 3 0 12880.5 3 0 -472.483
13364 0 2 0 12880.5 2 0 -483.483
12936 0 4 0 12880.5 4 0 -55.4833
13188 0 4 0 12880.5 4 0 -307.483
13644 0 4 0 12880.5 4 0 -763.483
13533 0 5 0 12880.5 5 0 -652.483
12722 0 4 0 12880.5 4 0 158.517
13283 0 5 0 12880.5 5 0 -402.483
13026 0 5 0 12880.5 5 0 -145.483
8892 0 5 0 12880.5 5 0 3988.52
13552 0 4 0 12880.5 4 0 -671.483
13602 0 5 0 12880.5 5 0 -721.483
12867 0 5 0 12880.5 5 0 13.5167
13748 0 4 0 12880.5 4 0 -867.483
13733 0 5 0 12880.5 5 0 -852.483
13151 0 5 0 12880.5 5 0 -270.483
13263 0 5 0 12880.5 5 0 -382.483
13653 0 5 0 12880.5 5 0 -772.483
13151 0 4 0 12880.5 4 0 -270.483
13240 0 5 0 12880.5 5 0 -359.483
13620 0 5 0 12880.5 5 0 -739.483
13484 0 4 0 12880.5 4 0 -603.483
12940 0 5 0 12880.5 5 0 -59.4833
13200 0 5 0 12880.5 5 0 -319.483
13372 0 4 0 12880.5 4 0 -491.483
13322 0 5 0 12880.5 5 0 -441.483
13359 0 4 0 12880.5 4 0 -478.483
13582 0 5 0 12880.5 5 0 -701.483
13399 0 5 0 12880.5 5 0 -518.483
13447 0 5 0 12880.5 5 0 -566.483
13167 0 2 0 12880.5 2 0 -286.483
11710 0 4 0 12880.5 4 0 1170.52
11028 0 6 0 12880.5 6 0 1852.52
13247 0 6 0 12880.5 6 0 -366.483
13393 0 6 0 12880.5 6 0 -512.483
13161 0 6 0 12880.5 6 0 -280.483
13474 0 6 0 12880.5 6 0 -593.483
13469 0 6 0 12880.5 6 0 -588.483
13355 0 6 0 12880.5 6 0 -474.483
13485 0 6 0 12880.5 6 0 -604.483
13480 0 6 0 12880.5 6 0 -599.483
13062 0 5 0 12880.5 5 0 -181.483
13711 0 2 0 12880.5 2 0 -830.483
13212 0 2 0 12880.5 2 0 -331.483
13230 0 2 0 12880.5 2 0 -349.483
13587 0 1 0 12880.5 1 0 -706.483
13547 0 2 0 12880.5 2 0 -666.483
13378 0 2 0 12880.5 2 0 -497.483
12925 0 2 0 12880.5 2 0 -44.4833
12176 0 6 0 12880.5 6 1 704.517
12889 0 5 0 12880.5 5 0 -8.48333
13590 0 2 0 12880.5 2 0 -709.483
13390 0 1 0 12880.5 1 0 -509.483
13515 0 2 0 12880.5 2 0 -634.483
12379 0 2 0 12880.5 2 0 501.517
13213 0 2 0 12880.5 2 0 -332.483
13528 0 1 0 12880.5 1 0 -647.483
13540 0 2 0 12880.5 2 0 -659.483
13664 0 2 0 12880.5 2 1 -783.483
13133 0 2 0 12880.5 2 0 -252.483
13279 0 1 0 12880.5 1 0 -398.483
10203 0 2 0 12880.5 2 0 2677.52
12406 0 2 0 12880.5 2 0 474.517
12792 0 1 0 12880.5 1 0 88.5167
12842 0 2 0 12880.5 2 0 38.5167
13430 0 2 0 12880.5 2 0 -549.483
12987 0 1 0 12880.5 1 0 -106.483
12891 0 6 0 12880.5 6 0 -10.4833
13665 0 6 0 12880.5 6 0 -784.483
13611 0 6 0 12880.5 6 0 -730.483
13696 0 6 0 12880.5 6 0 -815.483
13595 0 6 0 12880.5 6 0 -714.483
13245 0 6 0 12880.5 6 0 -364.483
13472 0 6 0 12880.5 6 0 -591.483
13138 0 6 0 12880.5 6 0 -257.483
10533 0 6 0 12880.5 6 0 2347.52
12795 0 6 0 12880.5 6 0 85.5167
13859 0 6 0 12880.5 6 0 -978.483
13445 0 6 0 12880.5 6 0 -564.483
13395 0 6 0 12880.5 6 0 -514.483
12613 0 6 0 12880.5 6 0 267.517
13169 0 6 0 12880.5 6 0 -288.483
13468 0 6 0 12880.5 6 0 -587.483
13637 0 6 0 12880.5 6 0 -756.483
13238 0 6 0 12880.5 6 0 -357.483
13493 0 6 0 12880.5 6 0 -612.483
13414 0 6 0 12880.5 6 0 -533.483
12485 0 5 0 12880.5 5 1 395.517
13159 0 6 0 12880.5 6 0 -278.483
10705 0 5 0 12880.5 5 0 2175.52
13427 0 3 0 12880.5 3 0 -546.483
13499 0 2 0 12880.5 2 0 -618.483
13569 0 2 0 12880.5 2 0 -688.483
13533 0 2 0 12880.5 2 0 -652.483
13170 0 3 0 12880.5 3 0 -289.483
13492 0 3 0 12880.5 3 0 -611.483
13621 0 3 0 12880.5 3 0 -740.483
13166 0 2 0 12880.5 2 0 -285.483
12373 0 3 1 12880.5 3 0 0
13546 0 0 0 12880.5 0 0 0
12763 0 0 0 12880.5 0 0 0
13263 0 0 0 12880.5 0 0 0
13454 0 0 0 12880.5 0 0 0
13465 0 0 0 12880.5 0 0 0
13170 0 0 0 12880.5 0 0 0
13227 0 0 0 12880.5 0 0 0
13628 0 0 0 12880.5 0 0 0
13113 0 0 0 12880.5 0 0 0
13295 0 0 0 12880.5 0 0 0
13383 0 0 0 12880.5 0 0 0
13617 0 0 0 12880.5 0 0 0
13742 0 0 0 12880.5 0 0 0
13580 0 0 0 12880.5 0 0 0
12682 0 0 0 12880.5 0 0 0
12907 0 0 0 12880.5 0 0 0
13153 0 0 0 12880.5 0 0 0
13694 0 0 0 12880.5 0 0 0
13622 0 0 0 12880.5 0 0 0
13313 0 0 0 12880.5 0 0 0
13609 0 0 0 12880.5 0 0 0
12801 0 0 0 12880.5 0 0 0
13287 0 0 0 12880.5 0 0 0
12850 0 0 0 12880.5 0 0 0
13045 0 0 0 12880.5 0 0 0
13142 0 0 0 12880.5 0 0 0
13349 0 0 0 12880.5 0 0 0
12802 0 0 0 12880.5 0 0 0
13320 0 0 0 12880.5 0 0 0
13319 0 0 0 12880.5 0 0 0
13447 0 0 0 12880.5 0 0 0
13472 0 0 0 12880.5 0 0 0
13718 0 0 0 12880.5 0 0 0
13468 0 0 0 12880.5 0 0 0
12768 0 0 0 12880.5 0 0 0
13072 0 0 0 12880.5 0 0 0
13408 0 0 0 12880.5 0 0 0
13310 0 0 0 12880.5 0 0 0
13421 0 0 0 12880.5 0 0 0
13649 0 0 0 12880.5 0 0 0
13200 0 0 0 12880.5 0 0 0
13644 0 0 0 12880.5 0 0 0
13749 0 0 0 12880.5 0 0 0
13415 0 0 0 12880.5 0 0 0
13467 0 0 0 12880.5 0 0 0
13528 0 0 0 12880.5 0 0 0
12629 0 0 0 12880.5 0 0 0
13280 0 0 0 12880.5 0 0 0
13253 0 0 0 12880.5 0 0 0
13343 0 0 0 12880.5 0 0 0
13349 0 0 0 12880.5 0 1 0
13355 0 0 0 12880.5 0 0 0
13539 0 0 0 12880.5 0 0 0
12932 0 0 0 12880.5 0 0 0
13337 0 0 0 12880.5 0 0 0
13252 0 0 0 12880.5 0 0 0
13224 0 0 0 12880.5 0 0 0
13505 0 0 0 12880.5 0 0 0
13468 0 0 0 12880.5 0 0 0
13156 0 0 0 12880.5 0 0 0
13772 0 0 0 12880.5 0 0 0
13385 0 0 0 12880.5 0 0 0
13376 0 0 0 12880.5 0 0 0
13648 0 0 0 12880.5 0 0 0
13478 0 0 0 12880.5 0 0 0
13462 0 0 0 12880.5 0 0 0
13343 0 0 0 12880.5 0 0 0
13430 0 0 0 12880.5 0 0 0
13495 0 0 0 12880.5 0 0 0
13696 0 0 0 12880.5 0 0 0
13197 0 0 0 12880.5 0 0 0
13518 0 0 0 12880.5 0 0 0
13236 0 0 0 12880.5 0 0 0
13626 0 0 0 12880.5 0 0 0
13343 0 0 0 12880.5 0 0 0
13323 0 0 0 12880.5 0 0 0
13423 0 0 0 12880.5 0 0 0
13581 0 0 0 12880.5 0 0 0
13544 0 0 0 12880.5 0 0 0
13099 0 0 0 12880.5 0 0 0
13733 0 0 0 12880.5 0 0 0
13474 0 0 0 12880.5 0 0 0
13581 0 0 0 12880.5 0 0 0
13541 0 0 0 12880.5 0 0 0
13396 0 0 0 12880.5 0 0 0
12777 0 0 0 12880.5 0 0 0
13210 0 0 0 12880.5 0 0 0
13129 0 0 0 12880.5 0 0 0
13338 0 0 0 12880.5 0 0 0
13284 0 0 0 12880.5 0 0 0
12961 0 0 0 12880.5 0 0 0
13393 0 0 0 12880.5 0 0 0
12911 0 0 0 12880.5 0 0 0
13686 0 0 0 12880.5 0 0 0
13315 0 0 0 12880.5 0 0 0
13324 0 0 0 12880.5 0 0 0
13204 0 0 0 12880.5 0 0 0
13083 0 0 0 12880.5 0 0 0
12774 0 0 0 12880.5 0 0 0
13509 0 0 0 12880.5 0 0 0
13266 0 0 0 12880.5 0 0 0
13075 0 0 0 12880.5 0 0 0
13587 0 0 0 12880.5 0 0 0
13394 0 0 0 12880.5 0 0 0
13609 0 0 0 12880.5 0 2 0
13263 0 0 0 12880.5 0 0 0
13003 0 0 0 12880.5 0 0 0
13467 0 0 0 12880.5 0 0 0
13522 0 0 0 12880.5 0 0 0
13495 0 0 0 12880.5 0 0 0
13701 0 0 0 12880.5 0 0 0
12955 0 0 0 12880.5 0 0 0
13732 0 0 0 12880.5 0 0 0
13539 0 0 0 12880.5 0 0 0
13552 0 0 0 12880.5 0 0 0
13051 0 0 0 12880.5 0 0 0
13735 0 0 0 12880.5 0 1 0
12307 0 0 0 12880.5 0 0 0
13279 0 0 0 12880.5 0 0 0
13410 0 0 0 12880.5 0 0 0
8029 0 0 0 12880.5 0 0 0
13437 0 0 0 12880.5 0 0 0
13134 0 0 0 12880.5 0 0 0
12843 0 0 0 12880.5 0 0 0
13019 0 0 0 12880.5 0 0 0
13413 0 0 0 12880.5 0 0 0
13703 0 0 0 12880.5 0 0 0
13607 0 0 0 12880.5 0 0 0
13670 0 0 0 12880.5 0 0 0
13647 0 0 0 12880.5 0 0 0
13205 0 0 0 12880.5 0 1 0
13161 0 0 0 12880.5 0 0 0
13726 0 0 0 12880.5 0 0 0
13082 0 0 0 12880.5 0 0 0
12352 0 0 0 12880.5 0 0 0
13428 0 0 0 12880.5 0 0 0
13387 0 0 0 12880.5 0 0 0
13116 0 0 0 12880.5 0 0 0
13555 0 0 0 12880.5 0 0 0
12992 0 0 0 12880.5 0 0 0
13715 0 0 0 12880.5 0 0 0
13709 0 0 0 12880.5 0 0 0
13321 0 0 0 12880.5 0 0 0
12877 0 0 0 12880.5 0 0 0
12983 0 0 0 12880.5 0 0 0
13603 0 0 0 12880.5 0 0 0
13759 0 0 0 12880.5 0 0 0
13824 0 0 0 12880.5 0 0 0
13605 0 0 0 12880.5 0 0 0
13247 0 0 0 12880.5 0 0 0
13081 0 0 0 12880.5 0 0 0
12232 0 0 0 12880.5 0 0 0
13668 0 0 0 12880.5 0 0 0
13636 0 0 0 12880.5 0 0 0
13223 0 0 0 12880.5 0 0 0
13325 0 0 0 12880.5 0 0 0
13575 0 0 0 12880.5 0 0 0
12857 0 0 0 12880.5 0 0 0
13004 0 0 0 12880.5 0 0 0
12996 0 0 0 12880.5 0 0 0
12916 0 0 0 12880.5 0 0 0
13075 0 0 0 12880.5 0 0 0
13015 0 0 0 12880.5 0 0 0
12623 0 0 0 12880.5 0 0 0
13517 0 0 0 12880.5 0 0 0
13671 0 0 0 12880.5 0 0 0
13718 0 0 0 12880.5 0 0 0
13643 0 0 0 12880.5 0 0 0
13847 0 0 0 12880.5 0 0 0
13629 0 0 0 12880.5 0 0 0
13168 0 0 0 12880.5 0 0 0
13589 0 0 0 12880.5 0 0 0
13727 0 0 0 12880.5 0 0 0
13234 0 0 0 12880.5 0 0 0
13575 0 0 0 12880.5 0 0 0
13244 0 0 0 12880.5 0 0 0
12722 0 0 0 12880.5 0 0 0
13241 0 0 0 12880.5 0 0 0
13750 0 0 0 12880.5 0 0 0
13624 0 0 0 12880.5 0 0 0
13593 0 0 0 12880.5 0 0 0
13704 0 0 0 12880.5 0 0 0
12803 0 0 0 12880.5 0 0 0
13546 0 0 0 12880.5 0 0 0
13301 0 0 0 12880.5 0 0 0
13338 0 0 0 12880.5 0 0 0
13107 0 0 0 12880.5 0 0 0
13553 0 0 0 12880.5 0 0 0
13754 0 0 0 12880.5 0 0 0
13079 0 0 0 12880.5 0 0 0
13522 0 0 0 12880.5 0 0 0
13779 0 0 0 12880.5 0 0 0
13549 0 0 0 12880.5 0 0 0
13234 0 0 0 12880.5 0 0 0
13072 0 0 0 12880.5 0 0 0
12381 0 0 0 12880.5 0 0 0
13272 0 0 0 12880.5 0 0 0
13607 0 0 0 12880.5 0 0 0
13456 0 0 0 12880.5 0 0 0
13554 0 0 0 12880.5 0 0 0
13153 0 0 0 12880.5 0 0 0
13154 0 0 0 12880.5 0 0 0
13061 0 0 0 12880.5 0 0 0
13637 0 0 0 12880.5 0 0 0
13635 0 0 0 12880.5 0 0 0
13694 0 0 0 12880.5 0 0 0
13619 0 0 0 12880.5 0 0 0
13489 0 0 0 12880.5 0 0 0
12946 0 0 0 12880.5 0 0 0
13337 0 0 0 12880.5 0 0 0
13083 0 0 0 12880.5 0 0 0
13580 0 0 0 12880.5 0 0 0
13587 0 0 0 12880.5 0 0 0
12637 0 0 0 12880.5 0 0 0
12475 0 0 0 12880.5 0 0 0
13334 0 0 0 12880.5 0 0 0
13809 0 0 0 12880.5 0 0 0
13691 0 0 0 12880.5 0 0 0
13411 0 0 0 12880.5 0 0 0
13366 0 0 0 12880.5 0 0 0
13642 0 0 0 12880.5 0 0 0
12996 0 0 0 12880.5 0 0 0
13229 0 0 0 12880.5 0 0 0
13670 0 0 0 12880.5 0 0 0
13527 0 0 0 12880.5 0 0 0
13136 0 0 0 12880.5 0 0 0
13559 0 0 0 12880.5 0 0 0
12275 0 0 0 12880.5 0 0 0
12999 0 0 0 12880.5 0 0 0
13030 0 0 0 12880.5 0 0 0
12840 0 0 0 12880.5 0 0 0
13046 0 0 0 12880.5 0 0 0
13560 0 0 0 12880.5 0 0 0
12973 0 0 0 12880.5 0 0 0
12852 0 0 0 12880.5 0 0 0
13045 0 0 0 12880.5 0 0 0
13335 0 0 0 12880.5 0 0 0
13290 0 0 0 12880.5 0 0 0
13536 0 0 0 12880.5 0 0 0
13343 0 0 0 12880.5 0 0 0
13671 0 0 0 12880.5 0 0 0
12523 0 0 0 12880.5 0 0 0
12992 0 0 0 12880.5 0 0 0
13101 0 0 0 12880.5 0 0 0
13664 0 0 0 12880.5 0 0 0
13565 0 0 0 12880.5 0 0 0
13620 0 0 0 12880.5 0 0 0
12750 0 0 0 12880.5 0 0 0
13462 0 0 0 12880.5 0 0 0
13536 0 0 0 12880.5 0 0 0
13301 0 0 0 12880.5 0 0 0
12882 0 0 0 12880.5 0 0 0
13530 0 0 0 12880.5 0 0 0
13300 0 0 0 12880.5 0 0 0
12763 0 0 0 12880.5 0 0 0
13752 0 0 0 12880.5 0 0 0
13254 0 0 0 12880.5 0 0 0
13543 0 0 0 12880.5 0 0 0
13609 0 0 0 12880.5 0 0 0
13343 0 0 0 12880.5 0 0 0
12906 0 0 0 12880.5 0 0 0
13437 0 0 0 12880.5 0 0 0
13478 0 0 0 12880.5 0 0 0
13488 0 0 0 12880.5 0 0 0
13395 0 0 0 12880.5 0 0 0
12847 0 0 0 12880.5 0 0 0
13200 0 0 0 12880.5 0 0 0
12342 0 0 0 12880.5 0 0 0
13113 0 0 0 12880.5 0 0 0
12737 0 0 0 12880.5 0 0 0
13170 0 0 0 12880.5 0 0 0
13286 0 0 0 12880.5 0 0 0
13359 0 0 0 12880.5 0 0 0
12786 0 0 0 12880.5 0 0 0
13370 0 0 0 12880.5 0 0 0
13318 0 0 0 12880.5 0 0 0
13294 0 0 0 12880.5 0 0 0
13029 0 0 0 12880.5 0 0 0
13315 0 0 0 12880.5 0 0 0
12854 0 0 0 12880.5 0 0 0
12922 0 0 0 12880.5 0 0 0
13132 0 0 0 12880.5 0 0 0
12945 0 0 0 12880.5 0 0 0
13090 0 0 0 12880.5 0 0 0
13433 0 0 0 12880.5 0 0 0
13112 0 0 0 12880.5 0 0 0
11826 0 0 0 12880.5 0 0 0
12917 0 0 0 12880.5 0 0 0
13449 0 0 0 12880.5 0 0 0
13236 0 0 0 12880.5 0 0 0
13655 0 0 0 12880.5 0 0 0
13266 0 0 0 12880.5 0 0 0
13414 0 0 0 12880.5 0 0 0
12949 0 0 0 12880.5 0 0 0
12975 0 0 0 12880.5 0 0 0
13365 0 0 0 12880.5 0 0 0
13414 0 0 0 12880.5 0 0 0
13408 0 0 0 12880.5 0 0 0
13664 0 0 0 12880.5 0 0 0
13134 0 0 0 12880.5 0 0 0
13587 0 0 0 12880.5 0 0 0
13451 0 0 0 12880.5 0 0 0
13212 0 0 0 12880.5 0 0 0
13242 0 0 0 12880.5 0 0 0
13667 0 0 0 12880.5 0 0 0
13464 0 0 0 12880.5 0 0 0
12882 0 0 0 12880.5 0 0 0
13342 0 0 0 12880.5 0 0 0
13228 0 0 0 12880.5 0 0 0
13579 0 0 0 12880.5 0 0 0
13478 0 0 0 12880.5 0 0 0
13611 0 0 0 12880.5 0 0 0
13001 0 0 0 12880.5 0 0 0
13589 0 0 0 12880.5 0 0 0
13384 0 0 0 12880.5 0 0 0
13499 0 0 0 12880.5 0 0 0
13516 0 0 0 12880.5 0 0 0
11553 0 0 0 12880.5 0 0 0
12175 0 0 0 12880.5 0 0 0
12998 0 0 0 12880.5 0 0 0
13687 0 0 0 12880.5 0 0 0
13104 0 0 0 12880.5 0 0 0
13212 0 0 0 12880.5 0 0 0
13180 0 0 0 12880.5 0 0 0
13535 0 0 0 12880.5 0 0 0
12965 0 0 0 12880.5 0 0 0
13069 0 0 0 12880.5 0 0 0
13092 0 0 0 12880.5 0 0 0
13026 0 0 0 12880.5 0 0 0
12819 0 0 0 12880.5 0 0 0
13252 0 0 0 12880.5 0 0 0
12727 0 0 0 12880.5 0 0 0
12984 0 0 0 12880.5 0 0 0
13409 0 0 0 12880.5 0 0 0
13381 0 0 0 12880.5 0 0 0
13555 0 0 0 12880.5 0 0 0
13379 0 0 0 12880.5 0 0 0
13661 0 0 0 12880.5 0 0 0
12257 0 0 0 12880.5 0 0 0
13306 0 0 0 12880.5 0 0 0
13736 0 0 0 12880.5 0 0 0
13680 0 0 0 12880.5 0 0 0
12928 0 0 0 12880.5 0 0 0
13440 0 0 0 12880.5 0 0 0
13516 0 0 0 12880.5 0 0 0
13154 0 0 0 12880.5 0 0 0
13037 0 0 0 12880.5 0 0 0
13373 0 0 0 12880.5 0 0 0
13517 0 0 0 12880.5 0 0 0
13254 0 0 0 12880.5 0 0 0
13045 0 0 0 12880.5 0 0 0
12786 0 0 0 12880.5 0 0 0
13348 0 0 0 12880.5 0 0 0
13333 0 0 0 12880.5 0 0 0
13480 0 0 0 12880.5 0 0 0
13429 0 0 0 12880.5 0 0 0
13330 0 0 0 12880.5 0 0 0
13039 0 0 0 12880.5 0 0 0
12541 0 0 0 12880.5 0 0 0
13496 0 0 0 12880.5 0 0 0
13579 0 0 0 12880.5 0 0 0
13630 0 0 0 12880.5 0 0 0
13403 0 0 0 12880.5 0 0 0
13397 0 0 0 12880.5 0 0 0
13183 0 0 0 12880.5 0 0 0
13624 0 0 0 12880.5 0 0 0
13350 0 0 0 12880.5 0 0 0
12991 0 0 0 12880.5 0 0 0
13014 0 0 0 12880.5 0 0 0
13310 0 0 0 12880.5 0 0 0
13380 0 0 0 12880.5 0 0 0
12984 0 0 0 12880.5 0 0 0
13557 0 0 0 12880.5 0 0 0
12756 0 0 0 12880.5 0 0 0
12956 0 0 0 12880.5 0 0 0
13265 0 0 0 12880.5 0 0 0
13290 0 0 0 12880.5 0 0 0
12762 0 0 0 12880.5 0 0 0
13293 0 0 0 12880.5 0 0 0
12742 0 0 0 12880.5 0 0 0
13327 0 0 0 12880.5 0 0 0
13283 0 0 0 12880.5 0 0 0
13554 0 0 0 12880.5 0 0 0
13361 0 0 0 12880.5 0 0 0
13180 0 0 0 12880.5 0 0 0
13243 0 0 0 12880.5 0 0 0
12904 0 0 0 12880.5 0 0 0
13219 0 0 0 12880.5 0 0 0
13584 0 0 0 12880.5 0 0 0
12781 0 0 0 12880.5 0 0 0
13082 0 0 0 12880.5 0 0 0
13604 0 0 0 12880.5 0 0 0
12520 0 0 0 12880.5 0 0 0
12496 0 0 0 12880.5 0 0 0
13271 0 0 0 12880.5 0 0 0
13692 0 0 0 12880.5 0 0 0
13254 0 0 0 12880.5 0 0 0
12905 0 0 0 12880.5 0 0 0
13141 0 0 0 12880.5 0 0 0
13059 0 0 0 12880.5 0 0 0
13636 0 0 0 12880.5 0 0 0
13334 0 0 0 12880.5 0 0 0
13094 0 0 0 12880.5 0 0 0
12739 0 0 0 12880.5 0 0 0
13555 0 0 0 12880.5 0 0 0
13511 0 0 0 12880.5 0 0 0
13700 0 0 0 12880.5 0 0 0
13544 0 0 0 12880.5 0 0 0
13374 0 0 0 12880.5 0 0 0
13345 0 0 0 12880.5 0 0 0
13158 0 0 0 12880.5 0 0 0
13028 0 0 0 12880.5 0 0 0
13551 0 0 0 12880.5 0 0 0
13386 0 0 0 12880.5 0 0 0
13784 0 0 0 12880.5 0 0 0
13361 0 0 0 12880.5 0 0 0
13036 0 0 0 12880.5 0 0 0
13548 0 0 0 12880.5 0 0 0
13494 0 0 0 12880.5 0 0 0
13684 0 0 0 12880.5 0 0 0
9735 0 0 0 12880.5 0 0 0
13230 0 0 0 12880.5 0 0 0
13466 0 0 0 12880.5 0 0 0
12328 0 0 0 12880.5 0 0 0
13614 0 0 0 12880.5 0 0 0
13504 0 0 0 12880.5 0 0 0
13500 0 0 0 12880.5 0 0 0
13671 0 0 0 12880.5 0 0 0
12366 0 0 0 12880.5 0 2688 0
13177 0 0 0 12880.5 0 1850 0
13541 0 0 0 12880.5 0 1006 0
12408 0 0 0 12880.5 0 566 0
13576 0 0 0 12880.5 0 347 0
13284 0 0 0 12880.5 0 194 0
13634 0 0 0 12880.5 0 148 0
13505 0 0 0 12880.5 0 75 0
13186 0 0 0 12880.5 0 66 0
13463 0 0 0 12880.5 0 42 0
13596 0 0 0 12880.5 0 50 0
13676 0 0 0 12880.5 0 29 0
13425 0 0 0 12880.5 0 23 0
13511 0 0 0 12880.5 0 16 0
12710 0 0 0 12880.5 0 14 0
13407 0 0 0 12880.5 0 17 0
13632 0 0 0 12880.5 0 13 0
13393 0 0 0 12880.5 0 9 0
13276 0 0 0 12880.5 0 12 0
13343 0 0 0 12880.5 0 9 0
13338 0 0 0 12880.5 0 5 0
12752 0 0 0 12880.5 0 5 0
13168 0 0 0 12880.5 0 8 0
13072 0 0 0 12880.5 0 5 0
13460 0 0 0 12880.5 0 7 0
13219 0 0 0 12880.5 0 6 0
12552 0 0 0 12880.5 0 2 0
12780 0 0 0 12880.5 0 4 0
13321 0 0 0 12880.5 0 2 0
13756 0 0 0 12880.5 0 2 0
13543 0 0 0 12880.5 0 2 0
13329 0 0 0 12880.5 0 3 0
14021 0 0 0 12880.5 0 3 0
13495 0 0 0 12880.5 0 3 0
12560 0 0 0 12880.5 0 2 0
13597 0 0 0 12880.5 0 5 0
13702 0 0 0 12880.5 0 1 0
13448 0 0 0 12880.5 0 2 0
13981 0 0 0 12880.5 0 2 0
13766 0 0 0 12880.5 0 0 0
13164 0 0 0 12880.5 0 0 0
12927 0 0 0 12880.5 0 2 0
13410 0 0 0 12880.5 0 1 0
13200 0 0 0 12880.5 0 0 0
13354 0 0 0 12880.5 0 0 0
13278 0 0 0 12880.5 0 1 0
13368 0 0 0 12880.5 0 0 0
12377 0 0 0 12880.5 0 1 0
13012 0 0 0 12880.5 0 0 0
13265 0 0 0 12880.5 0 3 0
13167 0 0 0 12880.5 0 0 0
12564 0 0 0 12880.5 0 1 0
13178 0 0 0 12880.5 0 2 0
11805 0 0 0 12880.5 0 1 0
13307 0 0 0 12880.5 0 0 0
13399 0 0 0 12880.5 0 1 0
13386 0 0 0 12880.5 0 1 0
13210 0 0 0 12880.5 0 0 0
13308 0 0 0 12880.5 0 1 0
12875 0 0 0 12880.5 0 1 0
12187 0 0 0 12880.5 0 0 0
13480 0 0 0 12880.5 0 0 0
12752 0 0 0 12880.5 0 0 0
12757 0 0 0 12880.5 0 0 0
13261 0 0 0 12880.5 0 0 0
12712 0 0 0 12880.5 0 0 0
12056 0 0 0 12880.5 0 0 0
12629 0 0 0 12880.5 0 0 0
13347 0 0 0 12880.5 0 0 0
13156 0 0 0 12880.5 0 0 0
13337 0 0 0 12880.5 0 0 0
13506 0 0 0 12880.5 0 0 0
13678 0 0 0 12880.5 0 0 0
11401 0 0 0 12880.5 0 0 0
13418 0 0 0 12880.5 0 0 0
13042 0 0 0 12880.5 0 0 0
13182 0 0 0 12880.5 0 0 0
12790 0 0 0 12880.5 0 2 0
13455 0 0 0 12880.5 0 0 0
13372 0 0 0 12880.5 0 0 0
12787 0 0 0 12880.5 0 0 0
13435 0 0 0 12880.5 0 0 0
13357 0 0 0 12880.5 0 0 0
13566 0 0 0 12880.5 0 0 0
13600 0 0 0 12880.5 0 0 0
13149 0 0 0 12880.5 0 0 0
12473 0 0 0 12880.5 0 0 0
13005 0 0 0 12880.5 0 0 0
13447 0 0 0 12880.5 0 0 0
13366 0 0 0 12880.5 0 0 0
13029 0 0 0 12880.5 0 0 0
13563 0 0 0 12880.5 0 1 0
12965 0 0 0 12880.5 0 0 0
12620 0 0 0 12880.5 0 0 0
13352 0 0 0 12880.5 0 0 0
13211 0 0 0 12880.5 0 0 0
13244 0 0 0 12880.5 0 0 0
11918 0 0 0 12880.5 0 0 0
13410 0 0 0 12880.5 0 0 0
12588 0 0 0 12880.5 0 0 0
13279 0 0 0 12880.5 0 0 0
12761 0 0 0 12880.5 0 0 0
13341 0 0 0 12880.5 0 1 0
13364 0 0 0 12880.5 0 0 0
13169 0 0 0 12880.5 0 0 0
13677 0 0 0 12880.5 0 0 0
12169 0 0 0 12880.5 0 0 0
13650 0 0 0 12880.5 0 0 0
13570 0 0 0 12880.5 0 0 0
13511 0 0 0 12880.5 0 0 0
13578 0 0 0 12880.5 0 0 0
13513 0 0 0 12880.5 0 0 0
12213 0 0 0 12880.5 0 0 0
13382 0 0 0 12880.5 0 0 0
13365 0 0 0 12880.5 0 0 0
13435 0 0 0 12880.5 0 0 0
13299 0 0 0 12880.5 0 0 0
13557 0 0 0 12880.5 0 0 0
13495 0 0 0 12880.5 0 0 0
12804 0 0 0 12880.5 0 0 0
13675 0 0 0 12880.5 0 0 0
13450 0 0 0 12880.5 0 0 0
13524 0 0 0 12880.5 0 0 0
13437 0 0 0 12880.5 0 0 0
13669 0 0 0 12880.5 0 0 0
11438 0 0 0 12880.5 0 0 0
13498 0 0 0 12880.5 0 0 0
13445 0 0 0 12880.5 0 0 0
12309 0 0 0 12880.5 0 0 0
13008 0 0 0 12880.5 0 0 0
13135 0 0 0 12880.5 0 0 0
13230 0 0 0 12880.5 0 0 0
12310 0 0 0 12880.5 0 0 0
13643 0 0 0 12880.5 0 0 0
13316 0 0 0 12880.5 0 0 0
12984 0 0 0 12880.5 0 0 0
13050 0 0 0 12880.5 0 0 0
13246 0 0 0 12880.5 0 0 0
12373 0 0 0 12880.5 0 0 0
12812 0 0 0 12880.5 0 0 0
13126 0 0 0 12880.5 0 0 0
13238 0 0 0 12880.5 0 0 0
12794 0 0 0 12880.5 0 0 0
12948 0 0 0 12880.5 0 0 0
13143 0 0 0 12880.5 0 0 0
12066 0 0 0 12880.5 0 0 0
13510 0 0 0 12880.5 0 0 0
13501 0 0 0 12880.5 0 0 0
13594 0 0 0 12880.5 0 0 0
13176 0 0 0 12880.5 0 0 0
13077 0 0 0 12880.5 0 0 0
13352 0 0 0 12880.5 0 0 0
12329 0 0 0 12880.5 0 0 0
13523 0 0 0 12880.5 0 0 0
13221 0 0 0 12880.5 0 11 0
13405 0 0 0 12880.5 0 28 0
13080 0 0 0 12880.5 0 67 0
13106 0 0 0 12880.5 0 24 0
12500 0 0 0 12880.5 0 37 0
13312 0 0 0 12880.5 0 38 0
12974 0 0 0 12880.5 0 31 0
13348 0 0 0 12880.5 0 30 0
13007 0 0 0 12880.5 0 38 0
13103 0 0 0 12880.5 0 46 0
13054 0 0 0 12880.5 0 9 0
11370 0 0 0 12880.5 0 18 0
13007 0 0 0 12880.5 0 30 0
13360 0 0 0 12880.5 0 29 0
13171 0 0 0 12880.5 0 30 0
13598 0 0 0 12880.5 0 38 0
13348 0 0 0 12880.5 0 22 0
10037 0 0 0 12880.5 0 14 0
