60 GB	50 GB	45 GB	
0.594921	0.54467	0.800664	
1.04409	1.32266	1.82859	
1.42624	2.59082	3.01825	
1.71619	2.99985	3.59237	
1.97471	3.27487	3.97037	
2.18912	3.52653	4.22089	
2.39841	3.7421	4.49077	
2.559	3.94423	4.7474	
2.69482	4.09348	4.94357	
2.8237	4.24754	5.1592	
2.93873	4.38186	5.46053	
3.05711	4.4983	5.65625	
3.17233	4.59974	5.81826	
3.27428	4.69915	5.96135	
3.37023	4.79144	6.06556	
3.47017	4.88162	6.17742	
3.562	4.9743	6.29495	
3.66262	5.06176	6.41383	
3.75491	5.14747	6.51965	
3.8416	5.22953	6.62087	
3.36333	4.77047	5.92888	
2.98791	4.0837	4.99199	
2.70078	2.90558	3.92889	
2.49551	2.57563	3.51689	
2.31823	2.38628	3.25344	
2.18944	2.21987	3.10475	
2.06997	2.09444	2.92825	
1.99049	1.97841	2.75974	
1.9368	1.90735	2.66088	
1.89416	1.83265	2.53952	
1.86474	1.78129	2.32726	
1.82646	1.74337	2.24736	
1.78968	1.72639	2.17678	
1.77072	1.70983	2.12063	
1.77393	1.69721	2.11968	
1.75881	1.68954	2.11452	
1.75859	1.68631	2.08142	
1.74239	1.6789	2.05156	
1.7318	1.67917	2.03616	
1.72521	1.68297	2.03763	
1.71823	1.67308	2.02864	
1.69705	1.66462	2.02727	
1.69021	1.66556	1.99127	
1.6809	1.67957	1.91948	
1.67621	1.67472	1.93942	
1.6721	1.67586	1.92752	
1.66239	1.67405	1.91309	
1.66206	1.67119	1.90724	
1.79814	1.67587	1.90088	
1.78971	1.68243	1.88938	
1.79024	1.69712	1.90681	
1.78776	1.70577	1.86789	
1.79021	1.70043	1.85617	
1.78691	1.70486	1.88489	
1.76573	1.71693	1.89042	
1.7652	1.72684	1.87531	
1.75522	1.7228	1.87987	
1.75509	1.72867	1.87981	
1.75668	1.73053	1.86756	
1.74829	1.72586	1.84173	
1.74527	1.7297	1.82547	
1.739	1.73082	1.81809	
1.72507	1.71958	1.81955	
1.724	1.71588	1.81255	
1.73298	1.72133	1.7831	
1.73359	1.7252	1.7765	
1.73113	1.72561	1.7849	
1.72813	1.72601	1.78701	
1.59047	1.72527	1.77808	
1.59179	1.72749	1.77333	
1.58509	1.72395	1.7447	
1.58367	1.73273	1.74224	
1.58607	1.74357	1.73996	
1.58549	1.74943	1.70583	
1.58713	1.74099	1.67581	
1.57887	1.73175	1.66698	
1.57405	1.73526	1.67582	
1.56851	1.74128	1.69383	
1.55972	1.74867	1.72153	
1.56673	1.75419	1.73372	
1.57831	1.75938	1.74986	
1.58129	1.76025	1.74384	
1.586	1.76158	1.74763	
1.58795	1.75541	1.77122	
1.58331	1.76132	1.76282	
1.57908	1.7616	1.77302	
1.58346	1.76242	1.77882	
1.58898	1.76862	1.79079	
1.59597	1.76894	1.78548	
1.59955	1.76219	1.8016	
1.59843	1.75084	1.81029	
1.60061	1.74572	1.82417	
1.59952	1.74282	1.83338	
1.60162	1.73513	1.83717	
1.60262	1.74203	1.83566	
1.60718	1.74505	1.83058	
1.61164	1.74055	1.82297	
1.61383	1.73095	1.79802	
1.62094	1.71877	1.76872	
1.62179	1.71768	1.75583	
1.61429	1.71633	1.73832	
1.61589	1.71732	1.74857	
1.61364	1.72599	1.74318	
1.61593	1.73141	1.73492	
1.61244	1.72404	1.73081	
1.6173	1.71956	1.73131	
1.61359	1.71902	1.71355	
1.60564	1.72042	1.73342	
1.59696	1.7285	1.74643	
1.59137	1.73421	1.78106	
1.60277	1.74061	1.78106	
1.60069	1.73646	1.77295	
1.59828	1.73174	1.76565	
1.59856	1.73203	1.76489	
1.60119	1.72729	1.76942	
1.59918	1.72714	1.77242	
1.59942	1.73267	1.77745	
1.59669	1.74185	1.79068	
1.59746	1.75439	1.81137	
1.59149	1.7519	1.81164	
1.59054	1.7496	1.80455	
1.59005	1.74711	1.79965	
1.59507	1.7445	1.80207	
1.59758	1.74274	1.80507	
1.60749	1.74686	1.80008	
1.6067	1.75436	1.78633	
1.61196	1.75648	1.80808	
1.61454	1.74775	1.7813	
1.62075	1.74185	1.77899	
1.62199	1.74538	1.76254	
1.61068	1.74574	1.80248	
1.61214	1.74629	1.81793	
1.61202	1.75205	1.82028	
1.61242	1.75902	1.8223	
1.6065	1.75784	1.83505	
1.60487	1.75881	1.83524	
1.60295	1.75189	1.84768	
1.60402	1.74659	1.83312	
1.59928	1.73833	1.81617	
1.60506	1.73673	1.82834	
1.60792	1.74215	1.83218	
1.61099	1.74934	1.83233	
1.60894	1.74479	1.82678	
1.60862	1.74314	1.80818	
1.61112	1.74207	1.83305	
1.6212	1.73592	1.83472	
1.6242	1.7363	1.82361	
1.63152	1.74305	1.82346	
1.63597	1.7466	1.84843	
1.64289	1.74414	1.81878	
1.64565	1.73895	1.80237	
1.65834	1.7336	1.79532	
1.67573	1.73275	1.79652	
1.68849	1.72988	1.78611	
1.704	1.73805	1.77033	
1.7089	1.74399	1.77521	
1.71776	1.74637	1.75238	
1.72838	1.74471	1.74724	
1.72981	1.74256	1.74366	
1.73674	1.74641	1.7326	
1.74773	1.75005	1.73645	
1.75313	1.74996	1.73563	
1.76254	1.75521	1.7248	
1.76501	1.75874	1.72728	
1.75993	1.75564	1.72704	
1.74953	1.75017	1.73256	
1.74467	1.74228	1.7467	
1.74115	1.73414	1.76769	
1.74267	1.73298	1.78016	
1.74425	1.73388	1.78014	
1.75265	1.73927	1.76363	
1.73855	1.74767	1.75743	
1.72017	1.75647	1.75616	
1.7045	1.75815	1.76243	
1.68999	1.7503	1.76019	
1.69018	1.74021	1.7547	
1.68298	1.74108	1.77288	
1.67484	1.75285	1.78384	
1.67724	1.75614	1.79064	
1.67487	1.75339	1.79685	
1.66051	1.74307	1.79289	
1.65261	1.73627	1.79266	
1.64491	1.73492	1.79436	
1.63821	1.72791	1.79085	
1.63378	1.72784	1.76053	
1.63131	1.74204	1.76065	
1.62477	1.74086	1.74427	
1.62195	1.74717	1.7269	
1.60981	1.74424	1.68843	
1.60484	1.73599	1.68983	
1.59524	1.73177	1.67223	
1.59511	1.72245	1.67146	
1.60017	1.7137	1.67058	
1.60309	1.70733	1.66741	
1.60302	1.70905	1.67894	
1.59908	1.71307	1.68755	
1.60928	1.70665	1.66692	
1.6136	1.69797	1.65726	
1.61032	1.69219	1.68304	
1.60111	1.69215	1.68282	
1.60311	1.69402	1.69508	
1.60354	1.69953	1.70013	
1.60262	1.705	1.69921	
1.60316	1.7108	1.69529	
1.60875	1.7151	1.70521	
1.60627	1.70078	1.70154	
1.60954	1.72055	1.69276	
1.60661	1.7335	1.67508	
1.606	1.72595	1.66717	
1.60273	1.76212	1.66273	
1.59972	1.75883	1.67808	
1.60149	1.77968	1.68448	
1.59317	1.79	1.69245	
1.59025	1.81077	1.70011	
1.58629	1.8065	1.69443	
1.58675	1.80084	1.69051	
1.57773	1.81035	1.69074	
1.57267	1.82954	1.71203	
1.57354	1.83741	1.69533	
1.58382	1.83674	1.68975	
1.58579	1.84331	1.70495	
1.58555	1.84041	1.71088	
1.57974	1.86221	1.70936	
1.58193	1.85346	1.7212	
1.578	1.86201	1.71941	
1.57812	1.87358	1.73369	
1.58844	1.8863	1.73829	
1.60003	1.89199	1.77298	
1.59818	1.91369	1.77981	
1.59965	1.8816	1.77457	
1.60608	1.88091	1.75547	
1.60557	1.87361	1.74812	
1.61365	1.88493	1.74903	
1.61438	1.88915	1.75346	
1.61787	1.89315	1.75238	
1.61686	1.91042	1.77954	
1.62298	1.90823	1.78991	
1.62978	1.89862	1.77116	
1.6408	1.91314	1.76574	
1.63886	1.93898	1.77797	
1.64071	1.93532	1.77902	
1.67648	1.94236	1.77338	
1.68397	1.95246	1.78571	
1.70869	1.96571	1.7776	
1.72031	1.95176	1.76951	
1.72444	1.94225	1.74864	
1.7125	1.91584	1.75038	
1.72349	1.8925	1.72851	
1.73243	1.88276	1.75787	
1.73983	1.89079	1.78088	
1.74509	1.92288	1.78704	
1.75564	1.91054	1.81247	
1.76346	1.89361	1.80408	
1.7664	1.8922	1.78905	
1.76674	1.9224	1.78156	
1.76557	1.9147	1.75005	
1.7805	1.91742	1.74236	
1.78646	1.90989	1.74258	
1.78287	1.89676	1.74796	
1.79957	1.87195	1.74273	
1.81117	1.87042	1.72026	
1.77944	1.864	1.72064	
1.78408	1.82679	1.73332	
1.76003	1.82304	1.73383	
1.74523	1.82729	1.76216	
1.74971	1.83917	1.76297	
1.7738	1.83817	1.76311	
1.78438	1.83636	1.7678	
1.776	1.83067	1.73516	
1.7732	1.84262	1.71595	
1.77848	1.82642	1.72161	
1.76886	1.83632	1.74289	
1.76855	1.83164	1.7575	
1.76623	1.83484	1.76291	
1.77362	1.80569	1.77269	
1.8005	1.7952	1.79524	
1.78653	1.79202	1.79384	
1.77798	1.78965	1.79026	
1.7866	1.78624	1.7932	
1.77986	1.78736	1.79802	
1.76081	1.81098	1.79309	
1.75156	1.82062	1.81198	
1.76446	1.83799	1.78889	
1.76206	1.83322	1.79745	
1.76804	1.85133	1.79977	
1.76581	1.84498	1.80205	
1.76329	1.84684	1.79866	
1.741	1.84696	1.78439	
1.7492	1.85982	1.78084	
1.79712	1.84682	1.79095	
1.8355	1.83916	1.79402	
1.85672	1.82689	1.75568	
1.85029	1.82691	1.74581	
1.86038	1.81263	1.74058	
1.85007	1.81306	1.73409	
1.82444	1.81978	1.71132	
1.81698	1.82053	1.72155	
1.81366	1.81571	1.73728	
1.81121	1.8072	1.73232	
1.80691	1.80561	1.72443	
1.8468	1.78636	1.72499	
1.85354	1.78548	1.69969	
1.83705	1.77921	1.70417	
1.84471	1.77841	1.69131	
1.84191	1.76309	1.65381	
1.8645	1.75679	1.67442	
1.84722	1.76534	1.68602	
1.8418	1.7822	1.68715	
1.84136	1.80062	1.68495	
1.80358	1.8041	1.67279	
1.75183	1.79953	1.66422	
1.75165	1.80063	1.65854	
1.7827	1.80158	1.6595	
1.77469	1.78628	1.66598	
1.78859	1.79455	1.66842	
1.79374	1.79435	1.66803	
1.79538	1.80505	1.65344	
1.79558	1.81371	1.64082	
1.77779	1.82122	1.62971	
1.76696	1.82282	1.6281	
1.73257	1.81659	1.62882	
1.73951	1.8057	1.62866	
1.74633	1.81452	1.62864	
1.74262	1.83285	1.62808	
1.74439	1.83514	1.6325	
1.72128	1.84196	1.61305	
1.71734	1.8554	1.60288	
1.71187	1.83744	1.60595	
1.71154	1.82359	1.61274	
1.71244	1.81252	1.61719	
1.70863	1.81332	1.63754	
1.68983	1.83788	1.64286	
1.65756	1.83587	1.63665	
1.6551	1.84383	1.63782	
1.64283	1.86071	1.63845	
1.64279	1.85191	1.64584	
1.64813	1.83798	1.65759	
1.65959	1.83384	1.66808	
1.67673	1.83204	1.67211	
1.6846	1.83489	1.67357	
1.68072	1.84789	1.69123	
1.6821	1.88111	1.71781	
1.67181	1.8618	1.71519	
1.68702	1.86384	1.72508	
1.69584	1.85378	1.72687	
1.71296	1.87325	1.7209	
1.71888	1.85227	1.71817	
1.72448	1.86249	1.71836	
1.73178	1.85329	1.72786	
1.7231	1.87904	1.737	
1.72988	1.87236	1.73107	
1.7414	1.84606	1.74301	
1.76724	1.8478	1.77364	
1.77481	1.84932	1.79451	
1.82478	1.82751	1.81948	
1.82768	1.83272	1.82025	
1.85914	1.83261	1.82556	
1.84833	1.83408	1.8216	
1.86129	1.85676	1.84128	
1.8636	1.88255	1.85257	
1.87979	1.88256	1.83785	
1.87729	1.87101	1.82671	
1.87766	1.87321	1.8261	
1.87356	1.85916	1.8226	
1.86463	1.87254	1.82397	
1.84589	1.85106	1.82619	
1.84783	1.84475	1.83107	
1.8551	1.83944	1.83614	
1.87246	1.83542	1.82554	
1.89662	1.82026	1.81278	
1.91928	1.85317	1.80458	
1.92959	1.88448	1.82566	
1.90697	1.89399	1.79922	
1.91347	1.88756	1.79894	
1.87851	1.89433	1.77846	
1.87904	1.89833	1.77817	
1.85855	1.908	1.78142	
1.86785	1.90837	1.7749	
1.86353	1.88557	1.76814	
1.87874	1.85925	1.75813	
1.86617	1.85934	1.75659	
1.88383	1.84995	1.73618	
1.88949	1.8569	1.74233	
1.88948	1.85477	1.74712	
1.89533	1.85513	1.74407	
1.89708	1.85696	1.74522	
1.89592	1.86088	1.74715	
1.90294	1.86195	1.75087	
1.88693	1.85643	1.75158	
1.88099	1.84513	1.75019	
1.87437	1.81517	1.73921	
1.88128	1.79152	1.69766	
1.88925	1.78439	1.72892	
1.89111	1.79226	1.70569	
1.88627	1.78222	1.71768	
1.88119	1.78062	1.71944	
1.86848	1.76737	1.70509	
1.86349	1.76247	1.70354	
1.84854	1.75894	1.68622	
1.83306	1.76357	1.68509	
1.83801	1.79706	1.6906	
1.82512	1.7986	1.70153	
1.82293	1.79555	1.69642	
1.82019	1.79417	1.68933	
1.81388	1.79485	1.69067	
1.82106	1.80575	1.68963	
1.8232	1.80168	1.70167	
1.81872	1.80317	1.70392	
1.8172	1.80908	1.69954	
1.83898	1.82843	1.70417	
1.82036	1.83691	1.70711	
1.79657	1.83311	1.71335	
1.78408	1.85529	1.68453	
1.77725	1.84552	1.68441	
1.77862	1.85545	1.66637	
1.78801	1.86087	1.66181	
1.79379	1.87533	1.65671	
1.79522	1.88773	1.65583	
1.7903	1.88763	1.68022	
1.82035	1.88628	1.69312	
1.81605	1.83923	1.69007	
1.8133	1.82204	1.68369	
1.81278	1.83178	1.68889	
1.81903	1.85529	1.68663	
1.8224	1.86405	1.70184	
1.83653	1.85005	1.71821	
1.83143	1.85986	1.70545	
1.8246	1.8604	1.69332	
1.82417	1.8571	1.69554	
1.78954	1.85265	1.71464	
1.79732	1.84826	1.76224	
1.82393	1.88363	1.78907	
1.83613	1.87502	1.78228	
1.83484	1.88122	1.80106	
1.84173	1.8713	1.80907	
1.83736	1.87195	1.8271	
1.8507	1.86466	1.84997	
1.89303	1.84983	1.87093	
1.901	1.85326	1.87414	
1.87249	1.85224	1.86498	
1.8987	1.89174	1.87059	
1.88614	1.89583	1.88066	
1.88038	1.8819	1.90294	
1.8616	1.8537	1.91771	
1.85525	1.83411	1.90938	
1.83576	1.82986	1.89989	
1.83828	1.82032	1.89352	
1.85376	1.82465	1.89107	
1.85443	1.84771	1.8946	
1.835	1.84561	1.89556	
1.82968	1.8452	1.90734	
1.81226	1.8369	1.88385	
1.80437	1.81772	1.89441	
1.7929	1.83533	1.88873	
1.78599	1.83242	1.89178	
1.78801	1.83437	1.88451	
1.76918	1.83979	1.86254	
1.75619	1.84361	1.86848	
1.76126	1.83839	1.84919	
1.75071	1.83806	1.84618	
1.73113	1.83606	1.85689	
1.7324	1.86415	1.84495	
1.7374	1.88127	1.81588	
1.75025	1.92683	1.80961	
1.75211	1.93578	1.80647	
1.74543	1.95987	1.80028	
1.74152	1.95378	1.8008	
1.72533	1.96416	1.80318	
1.71825	1.93918	1.83111	
1.7399	1.93249	1.82227	
1.78551	1.92973	1.77773	
1.76523	1.907	1.78755	
1.7591	1.91909	1.81242	
1.75759	1.89837	1.81219	
1.75619	1.8914	1.81078	
1.75759	1.88273	1.79462	
1.75087	1.88048	1.79596	
1.70973	1.88848	1.78787	
1.69523	1.89768	1.78089	
1.69559	1.89937	1.78446	
1.68533	1.91976	1.76669	
1.68044	1.89198	1.77752	
1.68478	1.87926	1.78194	
1.67836	1.86406	1.77416	
1.68072	1.87582	1.76767	
1.67992	1.85938	1.77288	
1.68652	1.87046	1.78284	
1.68413	1.86537	1.79412	
1.69853	1.87539	1.75927	
1.68161	1.8701	1.74519	
1.63225	1.91582	1.73529	
1.63584	1.93106	1.71319	
1.63515	1.93125	1.67395	
1.64286	1.93539	1.65962	
1.64486	1.94112	1.65394	
1.65547	1.97125	1.65392	
1.6536	1.97818	1.66359	
1.6522	1.97155	1.65228	
1.65106	2.049	1.67043	
1.65254	2.06972	1.69163	
1.66636	2.02233	1.68157	
1.66869	2.01744	1.67202	
1.68883	2.01014	1.67105	
1.69913	1.99142	1.67389	
1.72481	1.97035	1.67444	
1.72581	1.98437	1.67117	
1.72402	1.98304	1.66949	
1.72712	1.97258	1.67287	
1.70981	1.9845	1.6759	
1.71097	1.98296	1.6928	
1.73271	1.93887	1.71399	
1.74779	1.94384	1.72229	
1.76325	1.97477	1.72947	
1.76721	1.96458	1.75279	
1.76241	1.9652	1.75717	
1.75601	1.93806	1.78574	
1.75697	1.92578	1.78114	
1.77622	1.95066	1.80865	
1.78464	1.88691	1.811	
1.79023	1.86243	1.78389	
1.77251	1.85639	1.80796	
1.78124	1.86641	1.83795	
1.75572	1.88063	1.8399	
1.75216	1.87863	1.83928	
1.73313	1.89934	1.85291	
1.74595	1.8922	1.87773	
1.74408	1.90267	1.88738	
1.7504	1.90504	1.89382	
1.76487	1.88168	1.919	
1.76771	1.87782	1.91856	
1.77295	1.92041	1.89783	
1.75707	1.93744	1.90109	
1.76239	1.8978	1.89945	
1.76801	1.90311	1.87622	
1.78007	1.90862	1.89452	
1.77949	1.90149	1.86681	
1.77881	1.92713	1.87626	
1.76	1.89001	1.85243	
1.75104	1.88852	1.82567	
1.75091	1.91144	1.84383	
1.77087	1.91961	1.8365	
1.77967	1.9092	1.81176	
1.80338	1.89965	1.84075	
1.81062	1.90214	1.84431	
1.79903	1.88399	1.8355	
1.78444	1.86421	1.81192	
1.78627	1.84229	1.7995	
1.78834	1.84257	1.77838	
1.79779	1.86876	1.74885	
1.80732	1.86569	1.73223	
1.82852	1.81828	1.73454	
1.8501	1.77554	1.72684	
1.82272	1.76591	1.77848	
1.80767	1.76094	1.7873	
1.794	1.75185	1.7714	
1.77989	1.76861	1.7677	
1.78316	1.77716	1.75019	
1.79431	1.79866	1.75094	
1.81731	1.78814	1.77744	
1.825	1.78856	1.75919	
1.82033	1.7908	1.77949	
1.81929	1.79789	1.7788	
1.80054	1.80527	1.74462	
1.79421	1.83281	1.73872	
1.79771	1.83048	1.74286	
1.80142	1.83403	1.75743	
1.80005	1.86345	1.77279	
1.80353	1.87107	1.77128	
1.79199	1.86598	1.77928	
1.78954	1.87122	1.78741	
1.74966	1.88035	1.78299	
1.74091	1.89675	1.77593	
1.75424	1.91796	1.71658	
1.75885	1.93541	1.71426	
1.76509	1.93804	1.71626	
1.77279	1.92174	1.7347	
1.77065	1.88426	1.73551	
1.76257	1.87326	1.7535	
1.77046	1.87223	1.74169	
1.76128	1.85315	1.74875	
1.74802	1.84272	1.72115	
1.736	1.83776	1.73421	
1.73271	1.8224	1.73397	
1.73035	1.78843	1.75218	
1.74175	1.78941	1.77792	
1.769	1.79019	1.78247	
1.78007	1.77326	1.7906	
1.79937	1.76072	1.8315	
1.79414	1.75386	1.83154	
1.80328	1.76227	1.85024	
1.81311	1.75365	1.88327	
1.80809	1.78528	1.91319	
1.8777	1.76825	1.91828	
1.88366	1.76597	1.91752	
1.88771	1.7664	1.92653	
1.89077	1.8006	1.91461	
1.93119	1.80974	1.96754	
1.94725	1.81261	1.95274	
1.93067	1.81098	1.98036	
1.93969	1.80673	1.97277	
1.95046	1.82405	1.98194	
1.97696	1.83149	1.99692	
1.98483	1.83876	2.03448	
1.99826	1.84219	2.01688	
1.99544	1.85776	1.9845	
2.00856	1.86196	1.96074	
2.0082	1.86927	1.96026	
1.97354	1.88203	1.92313	
1.96891	1.86335	1.96557	
1.95801	1.87329	1.95305	
1.94478	1.88254	1.92065	
1.94969	1.83989	1.91656	
1.9127	1.84864	1.92054	
1.91164	1.84516	1.94142	
1.90763	1.85003	1.94609	
1.91037	1.84053	1.97962	
1.88006	1.84787	1.95029	
1.87497	1.84796	1.95837	
1.87304	1.8601	1.93912	
1.86932	1.86183	1.94308	
1.86123	1.86991	1.94583	
1.83598	1.86839	1.91806	
1.8411	1.86316	1.90311	
1.83819	1.85904	1.90106	
1.84188	1.83926	1.90127	
1.80503	1.83239	1.90559	
1.82632	1.81952	1.88312	
1.83593	1.82601	1.90549	
1.83551	1.83675	1.87126	
1.83128	1.8467	1.86647	
1.85012	1.84098	1.87093	
1.85593	1.85281	1.84564	
1.83507	1.84807	1.85068	
1.83758	1.83547	1.83329	
1.85331	1.85624	1.81467	
1.84291	1.83287	1.7853	
1.83116	1.82732	1.77344	
1.82257	1.8171	1.75135	
1.82132	1.80296	1.75195	
1.80813	1.80697	1.75684	
1.80103	1.78059	1.76836	
1.79263	1.77894	1.7639	
1.7791	1.80299	1.77283	
1.76058	1.83012	1.78318	
1.74684	1.85319	1.78702	
1.74257	1.86227	1.79189	
1.70639	1.86415	1.79117	
1.69538	1.8545	1.79612	
1.69889	1.85619	1.79322	
1.70408	1.82845	1.79387	
1.68603	1.84095	1.79937	
1.67229	1.8419	1.81209	
1.65116	1.88717	1.80495	
1.64738	1.91076	1.79412	
1.629	1.90607	1.7859	
1.62172	1.92799	1.7756	
1.62001	1.9174	1.7685	
1.61298	1.92497	1.77235	
1.61081	1.92687	1.75804	
1.62049	1.92906	1.75086	
1.64585	1.92837	1.7327	
1.66327	1.91932	1.7368	
1.6779	1.89119	1.70529	
1.68367	1.8574	1.69644	
1.68088	1.82991	1.69643	
1.67847	1.81502	1.69178	
1.67837	1.81237	1.69034	
1.68721	1.80013	1.67985	
1.73833	1.79416	1.69129	
1.73484	1.80018	1.70422	
1.76026	1.79162	1.69252	
1.76201	1.77286	1.67818	
1.76264	1.72498	1.68472	
1.77764	1.73757	1.71597	
1.78128	1.75234	1.72145	
1.806	1.73983	1.72819	
1.81313	1.74862	1.72822	
1.82068	1.77358	1.74158	
1.817	1.76698	1.75805	
1.81702	1.75746	1.75503	
1.79771	1.7543	1.74288	
1.78541	1.76761	1.75295	
1.76314	1.77325	1.75494	
1.75283	1.80093	1.76301	
1.75727	1.80994	1.76506	
1.76017	1.84327	1.77269	
1.75945	1.85209	1.77488	
1.75364	1.85167	1.74822	
1.69275	1.87645	1.73279	
1.7033	1.86851	1.71129	
1.67611	1.86846	1.73254	
1.67132	1.8944	1.7379	
1.66903	1.96184	1.72563	
1.64673	1.94143	1.69993	
1.63691	1.91483	1.72229	
1.62991	1.93506	1.71767	
1.6364	1.9271	1.7232	
1.64236	1.89869	1.71869	
1.65136	1.94097	1.71271	
1.66367	1.96754	1.72278	
1.65712	1.97307	1.73148	
1.65351	1.97469	1.72142	
1.65848	1.97407	1.75782	
1.666	1.95194	1.75065	
1.66984	1.94446	1.81059	
1.66816	1.93903	1.82709	
1.66847	1.9397	1.84103	
1.67654	1.95001	1.86199	
1.67924	1.93222	1.86908	
1.67024	1.94258	1.91547	
1.67927	1.94189	1.90715	
1.68351	1.94746	1.91725	
1.69759	1.92276	1.9154	
1.76672	1.90754	1.93553	
1.76807	1.90053	1.90503	
1.77074	1.87851	1.90242	
1.75546	1.88105	1.91625	
1.75605	1.88364	1.92784	
1.7411	1.84915	1.91748	
1.72781	1.82462	1.90631	
1.74236	1.81836	1.90744	
1.76752	1.81204	1.91837	
1.78362	1.81902	1.88046	
1.77655	1.82724	1.90046	
1.77893	1.83716	1.84647	
1.78277	1.82877	1.82147	
1.79512	1.82926	1.80065	
1.78572	1.82294	1.78166	
1.81014	1.82106	1.79695	
1.80385	1.81158	1.76638	
1.81221	1.81413	1.78601	
1.80911	1.79259	1.78353	
1.79846	1.78833	1.81977	
1.73167	1.79834	1.83051	
1.73183	1.82411	1.83278	
1.72788	1.82249	1.86474	
1.73737	1.82455	1.85417	
1.73636	1.82779	1.85796	
1.78523	1.8255	1.85306	
1.77864	1.83472	1.85717	
1.76636	1.84291	1.85353	
1.74135	1.84121	1.83758	
1.7257	1.83049	1.84473	
1.7315	1.82225	1.85529	
1.74395	1.82799	1.84466	
1.74532	1.82028	1.87325	
1.73877	1.81533	1.88564	
1.73534	1.81661	1.894	
1.70845	1.82776	1.90023	
1.71181	1.83187	1.89772	
1.68775	1.83062	1.87227	
1.68326	1.82439	1.87984	
1.68089	1.79226	1.86256	
1.7211	1.80958	1.82412	
1.73561	1.80276	1.86913	
1.74727	1.80508	1.84668	
1.74933	1.80298	1.84539	
1.7697	1.81987	1.84819	
1.71862	1.8217	1.84786	
1.71823	1.83102	1.8472	
1.74009	1.83923	1.84592	
1.74629	1.85648	1.84365	
1.7444	1.87082	1.83176	
1.73641	1.87271	1.80384	
1.71134	1.85829	1.81778	
1.70754	1.86232	1.79335	
1.72965	1.86894	1.78333	
1.74165	1.86487	1.77964	
1.76196	1.85275	1.74248	
1.78615	1.85691	1.72929	
1.79038	1.86072	1.71973	
1.80476	1.8753	1.70957	
1.80537	1.86456	1.70023	
1.78457	1.83986	1.70343	
1.76455	1.81802	1.67972	
1.7394	1.8155	1.67805	
1.73085	1.84097	1.6674	
1.70381	1.82607	1.63807	
1.7112	1.81951	1.63404	
1.70878	1.80214	1.68076	
1.69009	1.79048	1.69179	
1.68997	1.77676	1.71702	
1.69093	1.76603	1.72054	
1.69605	1.78552	1.72004	
1.69816	1.7821	1.7015	
1.69987	1.77904	1.71533	
1.67133	1.76974	1.73603	
1.6575	1.77445	1.77728	
1.63963	1.77064	1.7862	
1.6377	1.7753	1.83088	
1.63487	1.77091	1.83399	
1.62091	1.75418	1.84118	
1.62523	1.75149	1.83321	
1.61968	1.75171	1.85316	
1.63263	1.75818	1.83241	
1.64894	1.75746	1.84692	
1.666	1.73182	1.85338	
1.69477	1.74312	1.87872	
1.69443	1.74727	1.87997	
1.69691	1.74445	1.84329	
1.70271	1.74705	1.829	
1.69783	1.77447	1.80706	
1.69762	1.78946	1.81126	
1.69831	1.77247	1.81284	
1.69747	1.77987	1.81844	
1.69491	1.78494	1.798	
1.7064	1.7885	1.77468	
1.71558	1.78326	1.72758	
1.72508	1.77901	1.71671	
1.72323	1.77464	1.66853	
1.72524	1.79337	1.66429	
1.73341	1.82046	1.65757	
1.74951	1.85059	1.66499	
1.73862	1.86234	1.6435	
1.74221	1.86134	1.64218	
1.73005	1.87259	1.62433	
1.73076	1.86973	1.66452	
1.71004	1.8526	1.70262	
1.72716	1.86199	1.70333	
1.74433	1.8661	1.69501	
1.74864	1.8774	1.70201	
1.76102	1.86385	1.70119	
1.76718	1.87256	1.6965	
1.78747	1.87621	1.68961	
1.79862	1.87252	1.68479	
1.80259	1.87615	1.68723	
1.7881	1.87292	1.68813	
1.8074	1.88247	1.69487	
1.82426	1.92096	1.69831	
1.82827	1.9362	1.70758	
1.83313	1.93405	1.71069	
1.82879	1.91736	1.72473	
1.81803	1.89402	1.72342	
1.81686	1.89143	1.72487	
1.80796	1.89676	1.74529	
1.80138	1.88676	1.75655	
1.78373	1.92608	1.70947	
1.78327	1.9265	1.64221	
1.76259	1.93421	1.64334	
1.74315	1.92856	1.63827	
1.73132	1.92009	1.63243	
1.72608	1.90594	1.63102	
1.72898	1.88452	1.63685	
1.71406	1.89637	1.64324	
1.70487	1.91953	1.64086	
1.70331	1.91661	1.63561	
1.7231	1.91623	1.64082	
1.69534	1.91646	1.64479	
1.68101	1.88266	1.64742	
1.66891	1.86902	1.67009	
1.68446	1.85629	1.67486	
1.67929	1.87818	1.67923	
1.67241	1.8745	1.68548	
1.66894	1.86663	1.71451	
1.66067	1.87537	1.70835	
1.66146	1.8777	1.69846	
1.66707	1.86277	1.69594	
1.69512	1.88057	1.69736	
1.69837	1.86414	1.6939	
1.72996	1.86517	1.69963	
1.73324	1.86039	1.70089	
1.72595	1.89151	1.69792	
1.71287	1.88595	1.7006	
1.73202	1.91432	1.69678	
1.7407	1.89736	1.7032	
1.74021	1.89362	1.71255	
1.72306	1.89549	1.70588	
1.72125	1.88995	1.70326	
1.70712	1.90446	1.69801	
1.68766	1.90547	1.68301	
1.67286	1.9189	1.68278	
1.69652	1.8941	1.67158	
1.69372	1.89814	1.66437	
1.69335	1.92324	1.64854	
1.69544	1.91029	1.63309	
1.69648	1.90396	1.63399	
1.69104	1.87882	1.64177	
1.65955	1.85677	1.64167	
1.65873	1.85457	1.68218	
1.62484	1.8612	1.69249	
1.63144	1.86932	1.7037	
1.63391	1.83321	1.71572	
1.64062	1.86223	1.71521	
1.61511	1.84028	1.71656	
1.60579	1.84009	1.71317	
1.60639	1.83647	1.7023	
1.609	1.84198	1.7007	
1.62791	1.84377	1.71136	
1.64573	1.8338	1.73314	
1.65483	1.83657	1.73904	
1.6658	1.82145	1.74673	
1.64278	1.81761	1.73905	
1.6466	1.82614	1.73692	
1.65248	1.7998	1.71745	
1.66557	1.79166	1.71968	
1.66538	1.81153	1.71351	
1.66523	1.81985	1.70197	
1.65815	1.82356	1.70341	
1.6578	1.82487	1.67961	
1.71402	1.81913	1.67499	
1.71203	1.80442	1.67659	
1.73219	1.80541	1.67487	
1.73281	1.77457	1.67367	
1.73072	1.751	1.70139	
1.73344	1.75094	1.71615	
1.72922	1.7547	1.73544	
1.72461	1.75837	1.74347	
1.71353	1.75196	1.73619	
1.71072	1.74356	1.72784	
1.71822	1.73352	1.70663	
1.70973	1.72794	1.69261	
1.70966	1.72912	1.68439	
1.70757	1.74418	1.70791	
1.70648	1.78586	1.71171	
1.69922	1.81018	1.71087	
1.70543	1.79746	1.71065	
1.74456	1.78876	1.7161	
1.76178	1.78937	1.71299	
1.77334	1.81936	1.70855	
1.74335	1.82007	1.7023	
1.76555	1.82699	1.68536	
1.74427	1.83457	1.72468	
1.74015	1.84074	1.73852	
1.74501	1.84378	1.75096	
1.74849	1.83649	1.73766	
1.75513	1.83255	1.7422	
1.75906	1.82042	1.74213	
1.75329	1.82487	1.73154	
1.73996	1.8577	1.74031	
1.72582	1.86127	1.73843	
1.71448	1.8701	1.74105	
1.71472	1.86847	1.74474	
1.72499	1.86451	1.72901	
1.73991	1.83471	1.73744	
1.75179	1.83731	1.75677	
1.74805	1.8269	1.75979	
1.75522	1.8333	1.78768	
1.74187	1.83481	1.78529	
1.75144	1.80898	1.7768	
1.72612	1.80512	1.76789	
1.69635	1.80298	1.76799	
1.69563	1.79664	1.74068	
1.72159	1.79333	1.72505	
1.73437	1.78406	1.6831	
1.74174	1.79116	1.67919	
1.74624	1.81124	1.65647	
1.74858	1.82094	1.65861	
1.75141	1.8215	1.67364	
1.77509	1.79607	1.65606	
1.79046	1.79111	1.6571	
1.79537	1.77914	1.6564	
1.8099	1.77266	1.65508	
1.81036	1.75453	1.6443	
1.84926	1.74986	1.63756	
1.83991	1.73208	1.64985	
1.85747	1.73705	1.65989	
1.82362	1.73781	1.64394	
1.82881	1.74028	1.65032	
1.80577	1.73412	1.65124	
1.80542	1.73632	1.65909	
1.807	1.73365	1.65721	
1.813	1.79972	1.64121	
1.7945	1.80504	1.63245	
1.7768	1.81748	1.62957	
1.77646	1.82362	1.63619	
1.77296	1.81977	1.64623	
1.78244	1.82459	1.65158	
1.78149	1.83712	1.63924	
1.75584	1.84747	1.64294	
1.74206	1.85404	1.6486	
1.74034	1.87359	1.68031	
1.72548	1.88379	1.67815	
1.71424	1.89764	1.7121	
1.66596	1.8948	1.71063	
1.66514	1.91287	1.67859	
1.64496	1.92962	1.66555	
1.64544	1.94746	1.64928	
1.65336	1.94963	1.65256	
1.6589	1.95021	1.65585	
1.66308	1.95443	1.65153	
1.66005	1.98376	1.65623	
1.65493	1.92205	1.6557	
1.64899	1.91802	1.66425	
1.6657	1.91065	1.66609	
1.67433	1.89336	1.66242	
1.67202	1.87237	1.68526	
1.66094	1.85428	1.68564	
1.66862	1.85243	1.70225	
1.68535	1.8335	1.7086	
1.70067	1.82086	1.70612	
1.70162	1.80118	1.6798	
1.70717	1.80523	1.68448	
1.73575	1.78858	1.65257	
1.75435	1.77835	1.65673	
1.7574	1.74306	1.65777	
1.76824	1.71619	1.68945	
1.76861	1.68664	1.69372	
1.74908	1.67328	1.71872	
1.76403	1.66524	1.7309	
1.76256	1.6544	1.74209	
1.7653	1.61998	1.7518	
1.77167	1.60699	1.74867	
1.77182	1.60113	1.74136	
1.76016	1.59691	1.78345	
1.74675	1.60146	1.78221	
1.75543	1.59967	1.74894	
1.77482	1.62743	1.73751	
1.7632	1.61457	1.73199	
1.76968	1.61889	1.72508	
1.7685	1.6639	1.72507	
1.77237	1.67282	1.71656	
1.77179	1.65981	1.71132	
1.75372	1.68124	1.73309	
1.72698	1.69154	1.72806	
1.71496	1.69896	1.72784	
1.70656	1.6967	1.69771	
1.69216	1.72602	1.69865	
1.69105	1.73826	1.67772	
1.6753	1.73719	1.68104	
1.70005	1.75042	1.66875	
1.70442	1.76536	1.65225	
1.70122	1.76992	1.65313	
1.69643	1.77321	1.65977	
1.68911	1.7849	1.61446	
1.67919	1.80119	1.61609	
1.6724	1.80257	1.65006	
1.64701	1.7727	1.66733	
1.6857	1.76645	1.67265	
1.69029	1.81155	1.66492	
1.67793	1.7717	1.66407	
1.67462	1.76102	1.66339	
1.6725	1.7604	1.66773	
1.66335	1.74077	1.6936	
1.66059	1.73453	1.70352	
1.66294	1.73101	1.73574	
1.6801	1.75082	1.7348	
1.69575	1.72675	1.72801	
1.69854	1.71589	1.74061	
1.6889	1.72099	1.71815	
1.67545	1.70531	1.71921	
1.67324	1.69928	1.72904	
1.67221	1.69767	1.75655	
1.67589	1.7488	1.76515	
1.68433	1.73443	1.7788	
1.70282	1.72478	1.77439	
1.7053	1.72923	1.75834	
1.71062	1.73325	1.73694	
1.67894	1.73919	1.7224	
1.65281	1.70761	1.7287	
1.64624	1.71918	1.73742	
1.64612	1.72022	1.75551	
1.64638	1.71983	1.7805	
1.64913	1.72324	1.73311	
1.65295	1.72422	1.72264	
1.65396	1.72355	1.69071	
1.63555	1.7429	1.69437	
1.64499	1.76111	1.70711	
1.65615	1.77934	1.68947	
1.66507	1.77217	1.69383	
1.65475	1.77279	1.69363	
1.6506	1.78138	1.68961	
1.6497	1.78836	1.67261	
1.66329	1.73165	1.67935	
1.66002	1.73311	1.69526	
1.64081	1.74503	1.70505	
1.63235	1.74676	1.69602	
1.63726	1.74375	1.7015	
1.62875	1.75028	1.7052	
1.62197	1.73278	1.74347	
1.628	1.7455	1.73733	
1.62143	1.74687	1.72656	
1.62161	1.74583	1.71836	
1.62645	1.75227	1.73313	
1.66844	1.75917	1.74009	
1.70804	1.76459	1.74683	
1.72306	1.73655	1.77187	
1.74232	1.72131	1.76674	
1.74899	1.71183	1.7628	
1.74117	1.71647	1.76115	
1.73973	1.71647	1.79109	
1.74784	1.70825	1.79418	
1.75361	1.70935	1.8277	
1.73733	1.72282	1.83843	
1.73995	1.71929	1.80746	
1.74429	1.70045	1.79837	
1.74218	1.69802	1.83397	
1.75211	1.69876	1.83987	
1.77733	1.71568	1.8308	
1.80563	1.72878	1.78509	
1.82088	1.72322	1.80468	
1.82344	1.72381	1.81033	
1.85579	1.72236	1.79229	
1.85422	1.70617	1.77867	
1.80501	1.70298	1.78042	
1.76445	1.70827	1.77502	
1.77334	1.70408	1.74655	
1.73646	1.70397	1.73857	
1.71869	1.69876	1.73542	
1.72449	1.6993	1.73747	
1.7264	1.70129	1.73598	
1.71899	1.70017	1.74223	
1.71134	1.69623	1.70599	
1.71425	1.69235	1.68638	
1.70761	1.70712	1.68994	
1.70342	1.71664	1.69221	
1.70471	1.74691	1.66366	
1.70622	1.74684	1.6629	
1.68595	1.72064	1.66379	
1.6684	1.71115	1.66444	
1.65286	1.69277	1.66743	
1.65269	1.69642	1.67744	
1.62478	1.70068	1.67379	
1.62278	1.70506	1.70667	
1.62963	1.70688	1.69862	
1.62534	1.70804	1.69787	
1.60935	1.70727	1.70146	
1.60478	1.7032	1.71197	
1.60546	1.7071	1.72211	
1.60173	1.71055	1.74666	
1.60898	1.71715	1.71944	
1.60985	1.7258	1.71617	
1.61194	1.76319	1.71287	
1.64071	1.76633	1.70752	
1.67952	1.75369	1.705	
1.70461	1.74688	1.70951	
1.72651	1.71775	1.70412	
1.71296	1.76716	1.69801	
1.7298	1.77024	1.76241	
1.74983	1.79038	1.79152	
1.74924	1.79754	1.78146	
1.77169	1.81497	1.75824	
1.77722	1.83016	1.77915	
1.80948	1.829	1.75007	
1.83574	1.82887	1.75385	
1.87098	1.82445	1.7689	
1.86808	1.83436	1.77805	
1.86517	1.84541	1.77622	
1.87881	1.85816	1.77108	
1.88317	1.87013	1.75019	
1.8782	1.86895	1.74988	
1.87673	1.86327	1.75512	
1.87363	1.82541	1.76243	
1.84395	1.82142	1.76858	
1.80867	1.85106	1.77868	
1.78261	1.85368	1.78	
1.76973	1.85443	1.77297	
1.76592	1.80509	1.77419	
1.75682	1.80902	1.70487	
1.74418	1.79032	1.67536	
1.74817	1.79871	1.66776	
1.72278	1.79027	1.6732	
1.73031	1.7895	1.65184	
1.69648	1.80454	1.65348	
1.68381	1.81046	1.6513	
1.65298	1.81381	1.6389	
1.65352	1.80962	1.62309	
1.65251	1.83915	1.61972	
1.63866	1.82377	1.63237	
1.6593	1.83696	1.635	
1.65703	1.83642	1.64606	
1.65913	1.83687	1.65707	
1.66886	1.84047	1.66292	
1.67768	1.83975	1.66637	
1.69894	1.82251	1.6784	
1.71031	1.82859	1.67358	
1.71374	1.84959	1.67634	
1.71564	1.85357	1.68572	
1.70608	1.86324	1.69094	
1.69622	1.87539	1.69596	
1.71247	1.8641	1.68946	
1.71581	1.85006	1.69315	
1.70339	1.85527	1.6964	
1.71374	1.84643	1.70984	
1.69268	1.834	1.71081	
1.69047	1.82858	1.74911	
1.68116	1.82653	1.76204	
1.69162	1.79664	1.76846	
1.70692	1.82365	1.76134	
1.70417	1.81606	1.75546	
1.72105	1.83075	1.7436	
1.75225	1.82525	1.72519	
1.75552	1.81964	1.71011	
1.75202	1.81474	1.69918	
1.74731	1.82039	1.67672	
1.74375	1.81211	1.67063	
1.73463	1.78749	1.67364	
1.7428	1.77959	1.66342	
1.7518	1.76411	1.67253	
1.76929	1.77043	1.67279	
1.74609	1.79028	1.68092	
1.76592	1.80274	1.67322	
1.75808	1.78594	1.67632	
1.7538	1.78341	1.68904	
1.76096	1.79314	1.6921	
1.78453	1.78625	1.65855	
1.79571	1.78076	1.71397	
1.79171	1.77618	1.70802	
1.77343	1.74752	1.69862	
1.76166	1.72613	1.70472	
1.74893	1.70659	1.7019	
1.71231	1.70264	1.69702	
1.71253	1.6982	1.72208	
1.70354	1.70993	1.74033	
1.68334	1.70266	1.76509	
1.71341	1.72126	1.7672	
1.71068	1.71749	1.75989	
1.70267	1.72212	1.75461	
1.71186	1.72123	1.75123	
1.72245	1.70239	1.74767	
1.72794	1.67814	1.73651	
1.72541	1.66241	1.73743	
1.7481	1.65098	1.73649	
1.75582	1.64712	1.70393	
1.75082	1.63635	1.70334	
1.76526	1.63892	1.69172	
1.76682	1.64052	1.62092	
1.79074	1.64096	1.63321	
1.79901	1.64279	1.64465	
1.8193	1.65402	1.64067	
1.82797	1.69584	1.64314	
1.8296	1.71424	1.65802	
1.82921	1.71455	1.64091	
1.83075	1.69777	1.61876	
1.82739	1.68956	1.59346	
1.79075	1.66673	1.60753	
1.78969	1.67145	1.60886	
1.7995	1.66959	1.60969	
1.78294	1.67319	1.60254	
1.74721	1.67131	1.62071	
1.75145	1.66668	1.62341	
1.74209	1.66845	1.63583	
1.71471	1.70153	1.63675	
1.71307	1.7018	1.63228	
1.71129	1.7112	1.62627	
1.67121	1.72647	1.62969	
1.67428	1.753	1.63827	
1.65806	1.7682	1.62754	
1.65161	1.77391	1.61323	
1.61692	1.76801	1.6076	
1.60096	1.73432	1.60734	
1.62307	1.72042	1.59562	
1.60359	1.72138	1.57965	
1.62585	1.72615	1.58282	
1.65891	1.72906	1.59916	
1.67052	1.72878	1.59564	
1.68236	1.72266	1.59204	
1.6665	1.72352	1.60447	
1.66146	1.71724	1.6364	
1.65922	1.71351	1.6271	
1.64283	1.71928	1.63705	
1.63472	1.72253	1.64402	
1.63652	1.70022	1.64281	
1.61498	1.69626	1.66279	
1.6123	1.6898	1.66033	
1.61558	1.68066	1.65483	
1.59682	1.66068	1.64614	
1.57891	1.64984	1.64116	
1.57687	1.65144	1.6587	
1.61209	1.64794	1.69335	
1.63005	1.6603	1.70224	
1.60633	1.65861	1.70906	
1.62991	1.66612	1.72042	
1.61912	1.6803	1.71658	
1.61419	1.67432	1.72372	
1.59869	1.6732	1.72114	
1.58071	1.67321	1.72543	
1.57805	1.67254	1.7144	
1.58351	1.67746	1.68394	
1.59626	1.67988	1.67623	
1.59728	1.6741	1.66676	
1.59501	1.66949	1.64907	
1.59726	1.66467	1.6715	
1.61789	1.66737	1.65451	
1.6361	1.66285	1.65199	
1.62864	1.65257	1.65191	
1.63197	1.64135	1.67859	
1.62991	1.62672	1.67693	
1.64924	1.61637	1.65864	
1.61679	1.61862	1.6449	
1.60159	1.6041	1.63369	
1.60198	1.60225	1.62644	
1.5846	1.59569	1.62338	
1.57213	1.59537	1.6236	
1.57787	1.66599	1.59882	
1.59252	1.66973	1.58754	
1.6226	1.67046	1.58409	
1.61964	1.66813	1.59661	
1.6144	1.66423	1.59256	
1.60133	1.66275	1.61162	
1.59926	1.66412	1.61256	
1.62785	1.67535	1.6163	
1.62495	1.68033	1.59799	
1.67091	1.6787	1.61103	
1.67947	1.67689	1.63346	
1.68162	1.67979	1.64095	
1.68378	1.67936	1.6224	
1.68182	1.68402	1.62279	
1.6635	1.71211	1.62418	
1.68708	1.73686	1.59721	
1.67997	1.73629	1.6012	
1.70209	1.73602	1.59699	
1.73708	1.74663	1.625	
1.73303	1.76754	1.62671	
1.7261	1.70792	1.62553	
1.71103	1.70695	1.62385	
1.69541	1.72048	1.61947	
1.70211	1.72627	1.60529	
1.7251	1.7303	1.60855	
1.72987	1.768	1.60408	
1.7296	1.77288	1.59869	
1.73051	1.76966	1.59023	
1.74447	1.77849	1.57919	
1.69135	1.77605	1.56391	
1.66788	1.77193	1.57093	
1.68692	1.77287	1.5628	
1.68431	1.77628	1.55699	
1.6854	1.77126	1.55599	
1.69526	1.73481	1.55574	
1.67406	1.70885	1.58008	
1.67369	1.71106	1.58859	
1.65172	1.71431	1.59303	
1.61939	1.70142	1.55646	
1.6267	1.6666	1.55708	
1.59877	1.65726	1.5582	
1.60287	1.6557	1.56129	
1.59805	1.64183	1.56998	
1.6041	1.63828	1.56954	
1.61635	1.64982	1.56738	
1.61038	1.62121	1.54617	
1.63052	1.62779	1.56843	
1.62235	1.62738	1.5667	
1.62753	1.61685	1.56555	
1.6103	1.62552	1.56231	
1.64522	1.63543	1.53416	
1.64784	1.64326	1.53568	
1.65774	1.64778	1.5384	
1.65999	1.65115	1.53611	
1.67651	1.65792	1.53767	
1.67516	1.65771	1.51533	
1.67837	1.65543	1.50677	
1.67283	1.65434	1.53671	
1.68929	1.663	1.53607	
1.68594	1.67804	1.52873	
1.68275	1.68862	1.53136	
1.69839	1.68543	1.5551	
1.7082	1.68834	1.55568	
1.71411	1.70187	1.55292	
1.68646	1.705	1.55082	
1.72083	1.69277	1.55571	
1.69953	1.67536	1.55758	
1.67409	1.66677	1.55801	
1.66652	1.6612	1.55794	
1.66513	1.65333	1.56067	
1.65473	1.64458	1.56566	
1.63967	1.64187	1.57316	
1.62963	1.64047	1.56885	
1.62622	1.63759	1.57072	
1.5946	1.63818	1.57882	
1.58793	1.63737	1.5797	
1.59394	1.63869	1.57839	
1.6032	1.63989	1.55669	
1.5917	1.63233	1.57265	
1.60133	1.64324	1.57194	
1.60538	1.6731	1.56755	
1.5876	1.68336	1.54169	
1.56711	1.68209	1.53733	
1.55326	1.67676	1.54698	
1.54253	1.68347	1.56202	
1.51365	1.68912	1.56047	
1.5477	1.70467	1.53232	
1.56041	1.71845	1.53168	
1.58685	1.72242	1.53046	
1.59929	1.72365	1.53032	
1.59049	1.72636	1.55535	
1.6051	1.73087	1.54362	
1.60826	1.7511	1.54237	
1.62744	1.76397	1.54106	
1.63198	1.75796	1.52795	
1.65659	1.76058	1.52767	
1.65247	1.75804	1.53422	
1.64483	1.7646	1.51862	
1.63675	1.76937	1.50188	
1.66837	1.75024	1.49927	
1.67182	1.70956	1.49681	
1.66336	1.70542	1.52189	
1.6621	1.70389	1.52542	
1.65785	1.71864	1.5159	
1.66033	1.69423	1.50867	
1.65894	1.69257	1.50579	
1.63068	1.6805	1.50828	
1.64101	1.69446	1.50765	
1.6251	1.69599	1.51201	
1.64545	1.69636	1.5475	
1.63533	1.69598	1.519	
1.62024	1.68832	1.52686	
1.64036	1.68503	1.52823	
1.65072	1.68845	1.55358	
1.65068	1.697	1.55414	
1.62554	1.69159	1.55081	
1.62092	1.69098	1.54177	
1.63712	1.689	1.5459	
1.64174	1.68266	1.54938	
1.63279	1.67366	1.55813	
1.62826	1.67397	1.56255	
1.63357	1.69264	1.53933	
1.63467	1.69313	1.53317	
1.63604	1.66846	1.53541	
1.65887	1.66364	1.52862	
1.65774	1.66218	1.53226	
1.65167	1.6596	1.52864	
1.65463	1.63022	1.52604	
1.64704	1.62349	1.52488	
1.63851	1.62552	1.48468	
1.65238	1.63558	1.48304	
1.64535	1.63744	1.47969	
1.63545	1.64147	1.47812	
1.63289	1.62655	1.44857	
1.63053	1.61982	1.44588	
1.62987	1.64505	1.46111	
1.63478	1.67286	1.47262	
1.61693	1.66844	1.46971	
1.61511	1.66896	1.46634	
1.58486	1.68579	1.45898	
1.58772	1.69795	1.45896	
1.60543	1.68586	1.45807	
1.60466	1.6909	1.47582	
1.60852	1.72138	1.47766	
1.58507	1.74124	1.48401	
1.58433	1.74386	1.48297	
1.60576	1.78378	1.48264	
1.61884	1.7989	1.50445	
1.60171	1.81056	1.50327	
1.58043	1.8118	1.50867	
1.55885	1.80842	1.50734	
1.58024	1.80851	1.50381	
1.56245	1.81164	1.51903	
1.55447	1.81069	1.54197	
1.55403	1.81566	1.54395	
1.55778	1.80102	1.52854	
1.57535	1.77822	1.51873	
1.59963	1.7824	1.51985	
1.59625	1.78679	1.51977	
1.6179	1.77671	1.52047	
1.61219	1.76634	1.52439	
1.59372	1.76043	1.54569	
1.60192	1.76051	1.53147	
1.60456	1.75999	1.52625	
1.61063	1.75555	1.51841	
1.61014	1.76968	1.51931	
1.59779	1.73843	1.5234	
1.57556	1.72781	1.50119	
1.59294	1.71808	1.4993	
1.59871	1.71346	1.49334	
1.60954	1.7238	1.49752	
1.58863	1.73428	1.52055	
1.59398	1.71039	1.52954	
1.58662	1.73978	1.51306	
1.58646	1.74124	1.5172	
1.58542	1.74163	1.51858	
1.56304	1.74085	1.5125	
1.60383	1.75533	1.51387	
1.60405	1.75177	1.51518	
1.57913	1.75131	1.51313	
1.57829	1.76137	1.511	
1.57901	1.75839	1.49	
1.57634	1.75252	1.48576	
1.59458	1.7267	1.48412	
1.58454	1.71519	1.49056	
1.58648	1.72134	1.51281	
1.60996	1.73269	1.51066	
1.62058	1.74769	1.51073	
1.60863	1.75456	1.54662	
1.6034	1.75598	1.55051	
1.59105	1.75502	1.55548	
1.61485	1.74642	1.53566	
1.60868	1.74343	1.51248	
1.60697	1.71474	1.51152	
1.61221	1.7128	1.51205	
1.61381	1.71244	1.53479	
1.61071	1.71057	1.53996	
1.57811	1.68524	1.53504	
1.58207	1.68602	1.53291	
1.60456	1.6851	1.54079	
1.63827	1.67404	1.53782	
1.63969	1.66827	1.53714	
1.63794	1.681	1.53418	
1.61363	1.68022	1.5397	
1.61246	1.6821	1.53518	
1.62034	1.65743	1.50737	
1.58934	1.64173	1.50891	
1.56681	1.62599	1.53902	
1.56133	1.62376	1.50415	
1.56778	1.62611	1.50229	
1.60043	1.61903	1.49427	
1.58511	1.61758	1.49318	
1.58926	1.62001	1.49134	
1.58253	1.62122	1.48931	
1.60812	1.62167	1.48726	
1.60812	1.61769	1.46351	
1.61717	1.66055	1.461	
1.59365	1.67033	1.46046	
1.58446	1.71382	1.46623	
1.56491	1.70925	1.46227	
1.53632	1.71775	1.48361	
1.53444	1.73292	1.4878	
1.53024	1.74497	1.49026	
1.53186	1.74737	1.49258	
1.53529	1.74578	1.49599	
1.52182	1.7555	1.49957	
1.58501	1.75968	1.50036	
1.58635	1.76652	1.47185	
1.59217	1.76784	1.4926	
1.5904	1.77334	1.49353	
1.55368	1.77186	1.51085	
1.5411	1.76955	1.51562	
1.53949	1.76818	1.52029	
1.54056	1.76041	1.52048	
1.50833	1.75967	1.51826	
1.51266	1.76313	1.51796	
1.51129	1.72769	1.51595	
1.51629	1.72752	1.5142	
1.5269	1.70433	1.50562	
1.54625	1.7522	1.50764	
1.5567	1.7544	1.49422	
1.56922	1.7581	1.51921	
1.58248	1.73455	1.51553	
1.5942	1.74403	1.5124	
1.60302	1.74999	1.51012	
1.61806	1.75175	1.54311	
1.57586	1.74907	1.54937	
1.57473	1.75088	1.55156	
1.57165	1.75611	1.53864	
1.5701	1.7636	1.54272	
1.57316	1.75764	1.52599	
1.57607	1.75858	1.52011	
1.59744	1.77873	1.51871	
1.59843	1.78613	1.51759	
1.59927	1.79076	1.5177	
1.58894	1.78266	1.54989	
1.58925	1.77179	1.56643	
1.58967	1.79291	1.57594	
1.58558	1.79585	1.58177	
1.55968	1.75154	1.57784	
1.5523	1.734	1.5686	
1.54703	1.72624	1.53735	
1.53802	1.72885	1.53718	
1.52335	1.71473	1.54489	
1.53417	1.70789	1.5491	
1.53375	1.69893	1.5124	
1.51313	1.70307	1.49862	
1.50807	1.68984	1.50201	
1.50866	1.67672	1.49744	
1.5066	1.65742	1.50038	
1.50768	1.65853	1.50216	
1.50712	1.65341	1.50659	
1.48963	1.631	1.50578	
1.4986	1.62599	1.50734	
1.50282	1.62083	1.53064	
1.51091	1.62014	1.51266	
1.51667	1.6452	1.51013	
1.51805	1.63561	1.51075	
1.52349	1.63715	1.51571	
1.54953	1.65342	1.52474	
1.55428	1.65639	1.57468	
1.57275	1.65285	1.57532	
1.58195	1.65476	1.57536	
1.58812	1.65594	1.56876	
1.5744	1.66129	1.56889	
1.57812	1.67832	1.577	
1.58434	1.6726	1.58282	
1.59232	1.68016	1.58247	
1.60915	1.68216	2.39916	
1.62275	1.67919	2.39236	
1.65022	1.67856	2.38943	
1.65935	1.67889	2.39025	
1.66414	1.68225	2.39249	
1.66052	1.68596	2.40805	
1.66906	1.72032	2.38492	
1.67478	1.72441	2.39842	
1.67399	1.71804	2.38773	
1.67591	1.69657	4.01394	
1.67228	1.67242	4.01668	
1.6732	1.65961	4.02042	
1.66802	1.65998	3.98118	
1.64612	1.65882	3.98923	
1.64319	1.65375	3.99464	
1.65019	1.66857	4.00262	
1.65109	1.6736	4.00269	
1.65472	1.65363	4.00952	
3.53836	1.66064	4.01577	
3.54179	1.6755	4.02409	
3.53397	1.67664	3.2114	
3.52728	1.68553	3.22162	
3.51717	1.70955	3.23133	
3.51713	1.71328	3.23855	
3.51495	1.72401	3.2548	
5.2983	1.72323	3.2487	
5.30048	1.69041	3.25737	
5.30737	1.68353	3.26538	
5.31355	1.66186	3.28052	
5.3165	1.66559	1.66941	
5.3296	1.68788	1.66314	
5.31335	1.68441	1.66139	
5.32666	1.68318	1.65859	
5.33424	1.67807	1.65379	
5.34588	1.68137	1.65447	
5.34612	1.68744	1.65501	
5.38589	1.68234	1.66641	
5.3851	1.71845	1.65872	
3.50767	1.71604	1.65932	
3.51732	1.69866	1.65879	
3.51983	1.70101	1.65452	
3.52961	1.70296	1.65552	
3.54687	1.68094	1.69193	
3.55165	1.68209	1.69273	
3.56218	1.66918	1.6814	
1.78049	1.66766	1.67771	
1.78055	1.66466	1.6776	
1.77653	1.6689	1.65114	
1.79595	1.6766	1.64375	
1.79506	1.67311	1.62533	
1.79072	1.66713	1.6322	
1.79481	1.67486	1.65898	
1.79075	1.6732	1.66508	
1.79293	1.67658	1.66811	
1.79184	1.69987	1.66971	
1.79035	1.68172	1.67023	
1.75546	1.67091	1.65726	
1.7555	1.66068	1.66673	
1.76383	1.6708	1.67208	
1.75332	1.67216	1.71257	
1.75147	1.69363	1.71877	
1.74664	1.69161	1.71297	
1.7528	1.7093	1.67493	
1.76045	1.70537	1.67201	
1.7594	1.70705	1.69531	
1.78597	1.72471	1.69405	
1.78748	1.74274	1.69564	
1.78499	1.75518	1.69484	
1.7657	1.74289	1.69271	
1.76836	1.74586	1.69048	
1.76718	1.73229	1.68331	
1.76774	1.74059	1.64914	
1.76494	1.74475	1.64979	
1.76967	1.77198	1.70026	
1.76511	1.76613	1.71791	
1.77771	1.76429	1.71441	
1.80608	1.77028	1.71572	
1.799	1.76672	1.70712	
1.79132	1.75371	1.69895	
1.7937	1.7593	1.6514	
1.80418	1.75629	1.64905	
1.81199	1.76192	1.66277	
1.78161	1.74856	1.66708	
1.76606	1.77253	1.66387	
1.76431	1.76748	1.64359	
1.73515	1.76471	1.66332	
1.7329	1.77307	1.66422	
1.73331	1.75657	1.67004	
1.72939	1.75938	1.67485	
1.72291	1.77856	1.69088	
1.71721	1.7775	1.72057	
1.71291	1.75733	1.7294	
1.73417	1.75334	1.72035	
1.72252	1.73038	1.66751	
1.7199	1.71636	1.66096	
1.73882	1.71541	1.65615	
1.71357	1.71163	1.66018	
1.71199	1.69078	1.66726	
1.71377	1.68808	1.6689	
1.71037	1.70008	1.66942	
1.69379	1.68089	1.6699	
1.67726	1.67659	1.65596	
1.67188	1.67156	1.65399	
1.67029	1.64674	1.68759	
1.66604	1.64849	1.69649	
1.67564	1.65186	1.69102	
1.67461	1.62348	1.69327	
1.67009	1.63604	1.68977	
1.66482	1.65065	1.68849	
1.65812	1.65368	1.67301	
1.6538	1.66893	1.64722	
1.64737	1.68018	1.65669	
1.64364	1.69935	1.67993	
1.63884	1.69729	1.68065	
1.63418	1.69307	1.67483	
1.60148	1.69115	1.67765	
1.60235	1.7298	1.71142	
1.60637	1.74526	1.73724	
1.6402	1.75097	1.7408	
1.63361	1.73644	1.74289	
1.63112	1.73926	1.73945	
1.62966	1.73613	1.73887	
1.63091	1.73493	1.73819	
1.63247	1.75574	1.7059	
1.66522	1.75578	1.69199	
1.65128	1.75433	1.69881	
1.64406	1.77072	1.70152	
1.6421	1.7619	1.72049	
1.6437	1.76531	1.71696	
1.66869	1.74592	1.72141	
1.6716	1.72951	1.73018	
1.67382	1.71747	1.71658	
1.65211	1.69983	1.69521	
1.65802	1.7386	1.69437	
1.65922	1.74579	1.69486	
1.6544	1.74721	1.69362	
1.64837	1.72467	1.65072	
1.64838	1.70936	1.62312	
1.61519	1.70401	1.63107	
1.62481	1.6947	1.6693	
1.63596	1.68839	1.67379	
1.66842	1.70265	1.69404	
1.66475	1.7231	1.69706	
1.6628	1.70158	1.69229	
1.62052	1.70063	1.68901	
1.62576	1.68643	1.66722	
1.63176	1.68693	1.67912	
1.66608	1.70772	1.65759	
1.6605	1.68925	1.65171	
1.66233	1.68497	1.64838	
1.65846	1.6865	1.64585	
1.65984	1.6951	1.69141	
1.65834	1.70499	1.69235	
1.65997	1.66583	1.69243	
1.65504	1.66478	1.69814	
1.65444	1.66359	1.70053	
1.68191	1.65821	1.70347	
1.67534	1.66281	1.69978	
1.67113	1.66698	1.70869	
1.6677	1.68964	1.66773	
1.67089	1.68827	1.66419	
1.64904	1.71058	1.64575	
1.65543	1.75507	1.64369	
1.65681	1.76988	1.64559	
1.66672	1.77999	1.65826	
1.66429	1.78167	1.66093	
1.655	1.77709	1.67756	
1.62146	1.755	1.67959	
1.63687	1.75992	1.68145	
1.61365	1.76662	1.68515	
1.6435	1.76597	1.68278	
1.63948	1.75843	1.6372	
1.63788	1.74962	1.63523	
1.63814	1.74643	1.63446	
1.65849	1.74368	1.62926	
1.66916	1.7416	1.63395	
1.64044	1.72958	1.67021	
1.64206	1.73203	1.67196	
1.6363	1.75642	1.65461	
1.63065	1.76833	1.65693	
1.62178	1.77887	1.65853	
1.61582	1.763	1.65344	
1.61181	1.70989	1.65634	
1.6388	1.69971	1.66277	
1.6347	1.72119	1.65556	
1.64212	1.71728	1.65476	
1.65663	1.70625	1.62311	
1.6902	1.70115	1.61885	
1.68247	1.69479	1.62325	
1.72556	1.69194	1.63725	
1.73076	1.69416	1.64497	
1.73909	1.69372	1.64616	
1.75551	1.69395	1.64792	
1.76608	1.69849	1.65103	
1.76052	1.69431	1.64444	
1.76189	1.69711	1.637	
1.76758	1.7022	1.60499	
1.77809	1.70746	1.60305	
1.78685	1.68092	1.6067	
1.79316	1.64759	1.60601	
1.82548	1.63836	1.61617	
1.83449	1.70397	1.62063	
1.85033	1.69127	1.62662	
1.8347	1.6869	1.62078	
1.85247	1.65507	1.61284	
1.86376	1.6532	1.63638	
1.85841	1.65443	1.63394	
1.83183	1.65759	1.65419	
1.83268	1.68168	1.65951	
1.78892	1.68093	1.6463	
1.76951	1.68082	1.62954	
1.77737	1.68402	1.63087	
1.77033	1.68528	1.62988	
1.77426	1.69058	1.63123	
1.88518	1.69257	1.65062	
1.87925	1.69148	1.72103	
1.88224	1.69341	1.73453	
1.87146	1.67931	1.73866	
1.87321	1.67511	1.74028	
1.88097	1.68456	1.74414	
1.85413	1.69374	1.73638	
1.85548	1.61692	1.75737	
1.84595	1.62441	1.75052	
1.84445	1.65418	1.75045	
1.83661	1.68091	1.75616	
1.83192	1.68748	1.7576	
1.83669	1.7001	1.75781	
1.84687	1.70142	1.7391	
1.85791	1.70272	1.7582	
1.90233	1.70026	1.76191	
1.89996	1.69933	1.76731	
1.89432	1.71513	1.76339	
1.88841	1.71035	1.76195	
1.89444	1.7027	1.76225	
1.77427	1.71478	1.74792	
1.77306	1.73985	1.6754	
1.77151	1.73722	1.66251	
1.76938	1.74318	1.67863	
1.8044	1.74646	1.68147	
1.80153	1.73532	1.71433	
1.79735	1.72601	1.73005	
1.84097	1.71858	1.70832	
1.83766	1.70882	1.7066	
1.83546	1.69223	1.70886	
1.82798	1.67189	1.70333	
1.82234	1.67376	1.67891	
1.82064	1.66268	1.71158	
1.81461	1.6789	1.71418	
1.80032	1.66683	1.69016	
1.7601	1.68142	1.68822	
1.75943	1.68467	1.69741	
1.78514	1.67291	1.72453	
1.79644	1.68197	1.72527	
1.78196	1.71271	1.72606	
1.77938	1.70027	1.72359	
1.79781	1.67514	1.72533	
1.79746	1.67086	1.71852	
1.80184	1.67289	1.69446	
1.76111	1.67837	1.68213	
1.75911	1.67986	1.64502	
1.76306	1.68238	1.62885	
1.74296	1.70424	1.63055	
1.74997	1.70823	1.6281	
1.76405	1.69686	1.62801	
1.77917	1.69717	1.65881	
1.78362	1.69754	1.66137	
1.84018	1.69872	1.6411	
1.85231	1.68143	1.63817	
1.85648	1.67887	1.64282	
1.85156	1.66867	1.63908	
1.84961	1.65636	1.62734	
1.82899	1.64224	1.60122	
1.83089	1.63119	1.60272	
1.83091	1.60775	1.59862	
1.83956	1.63355	1.61094	
1.83026	1.65483	1.61451	
1.82982	1.66256	1.61735	
1.84267	1.67494	1.62534	
1.84702	1.67488	1.63181	
1.855	1.67806	1.68941	
1.84691	1.68434	1.69044	
1.8117	1.66832	1.69388	
1.80457	1.66188	1.69407	
1.78729	1.65961	1.69255	
1.76744	1.65516	1.66392	
1.78495	1.65331	1.67707	
1.72897	1.64886	1.67408	
1.72189	1.64608	1.67373	
1.76334	1.643	1.66596	
1.77285	1.63894	1.66217	
1.7682	1.64298	1.66573	
1.75891	1.65037	1.66429	
1.74302	1.68416	1.66258	
1.78355	1.67838	1.66635	
1.77397	1.68282	1.66158	
1.7595	1.65749	1.66297	
1.75198	1.65717	1.66613	
1.73704	1.63593	1.65997	
1.72985	1.62705	1.65716	
1.71472	1.62408	1.63265	
1.71555	1.61665	1.63494	
1.74308	1.60558	1.63751	
1.74047	1.61261	1.63034	
1.73875	1.612	1.6256	
1.73892	1.61499	1.65257	
1.70719	1.61364	1.63515	
1.70376	1.61016	1.61871	
1.72413	1.61105	1.62771	
1.69909	1.61638	1.73234	
1.69747	1.61903	1.74631	
1.70892	1.64594	1.74424	
1.72243	1.65075	1.74601	
1.7391	1.66382	1.74459	
1.69884	1.66567	1.74169	
1.7116	1.63813	1.75726	
1.72474	1.63829	1.75844	
1.75107	1.6335	1.76016	
1.76055	1.63743	1.75877	
1.7768	1.63709	1.75663	
1.80339	1.63999	1.72159	
1.81064	1.64158	1.71238	
1.79048	1.64763	1.7317	
1.80581	1.64276	1.73752	
1.82002	1.64408	1.7538	
1.83872	1.64006	1.7823	
1.85196	1.63538	1.78647	
1.85816	1.64456	1.80736	
1.82981	1.64864	1.80248	
1.81913	1.64858	1.69699	
1.81967	1.64667	1.70397	
1.86547	1.62218	1.7042	
1.87575	1.62564	1.70521	
1.87118	1.59016	1.71322	
1.87065	1.58434	1.71861	
1.89074	1.5879	1.69582	
1.90382	1.59277	1.69321	
1.90334	1.59597	1.69023	
1.89757	1.59556	1.71722	
1.89538	1.60235	1.72058	
1.8857	1.59973	1.73813	
1.8913	1.59614	1.74547	
1.88726	1.59476	1.72366	
1.88607	1.60095	1.7288	
1.92895	1.60351	1.72311	
1.91798	1.60874	1.66786	
1.92078	1.60979	1.67167	
1.91793	1.61011	1.6703	
1.91692	1.6144	1.67353	
1.91692	1.64657	1.67407	
1.91473	1.68036	1.65643	
1.88168	1.68293	1.6575	
1.86362	1.67537	1.66881	
1.86219	1.67337	1.74786	
1.86368	1.67455	1.7398	
1.84772	1.66365	1.74038	
1.90402	1.66552	1.73573	
1.9302	1.66111	1.735	
1.93521	1.66277	1.70944	
1.9382	1.66089	1.70563	
1.9322	1.6607	1.68994	
1.92618	1.66071	1.72297	
1.93046	1.65731	1.74152	
1.95469	1.6704	1.74473	
1.91091	1.66604	1.73993	
1.91323	1.66174	1.74722	
1.90362	1.66531	1.73831	
1.93115	1.65838	1.74206	
1.9359	1.65551	1.74203	
1.92867	1.61592	1.73835	
1.942	1.58364	1.73887	
1.9236	1.57821	1.73646	
1.92828	1.57215	1.72547	
1.93093	1.57441	1.64149	
1.93074	1.58476	1.65415	
1.93125	1.60367	1.65884	
1.86447	1.60075	1.68356	
1.81799	1.60484	1.68143	
1.81648	1.6033	1.67919	
1.81609	1.62914	1.67482	
1.81492	1.63004	1.72133	
1.81961	1.63388	1.68517	
1.82157	1.63829	1.67442	
1.81942	1.62602	1.66691	
1.82307	1.63034	1.6649	
1.96562	1.63401	1.65567	
1.97891	1.63538	1.65664	
1.94845	1.63693	1.63812	
1.94598	1.63162	1.6381	
1.95653	1.63286	1.64188	
1.94596	1.63115	1.64567	
1.96256	1.63498	1.66565	
1.95341	1.64001	1.66833	
1.95749	1.6402	1.67508	
1.96644	1.62761	1.71432	
1.98021	1.61196	1.71515	
1.98389	1.64554	1.7427	
1.98004	1.64503	1.741	
1.97591	1.64956	1.74708	
1.96858	1.65331	1.74983	
1.97893	1.65487	1.70032	
1.973	1.65821	1.69881	
1.97906	1.65587	1.69142	
1.95743	1.65034	1.69067	
1.95607	1.64965	1.68914	
1.81755	1.65125	1.68993	
1.81087	1.65383	1.68733	
1.81221	1.6598	1.68573	
1.81422	1.66158	1.68227	
1.80892	1.65553	1.85553	
1.83517	1.65231	1.90945	
1.82548	1.65763	1.895	
1.90446	1.65649	1.88734	
1.89663	1.65348	1.87545	
1.88548	1.65273	1.83224	
1.86728	1.66147	1.82202	
1.8628	1.6245	1.76943	
1.8661	1.61797	1.78167	
1.87014	1.61127	1.784	
1.90825	1.58036	1.78604	
1.90259	1.58185	1.7885	
1.9072	1.57699	1.79253	
1.90801	1.5747	1.79482	
1.91152	1.57687	1.83473	
1.90916	1.57789	1.83619	
1.90273	1.57465	1.83934	
1.90066	1.57006	1.84233	
1.90827	1.56546	1.87518	
1.91185	1.56852	1.87623	
1.91164	1.58555	1.70457	
1.88636	1.60204	1.64911	
1.88186	1.59477	1.64796	
1.8071	1.59043	1.64931	
1.79744	1.58497	1.64869	
1.79346	1.61658	1.64561	
1.78683	1.61383	1.64524	
1.80899	1.61841	1.64737	
1.80992	1.62489	1.64454	
1.8408	1.62903	1.64221	
1.8051	1.62663	1.64215	
1.80015	1.62091	1.64114	
1.79654	1.62822	1.64222	
1.81994	1.62819	1.65649	
1.81595	1.62807	1.64317	
1.80718	1.62669	1.64254	
1.81116	1.62189	1.64363	
1.81229	1.62093	1.63935	
1.81186	1.61961	1.60429	
1.81382	1.64592	1.6006	
1.80928	1.63225	1.59947	
1.80728	1.62005	1.60091	
1.82851	1.62206	1.59747	
1.83208	1.63499	1.60895	
1.83679	1.64402	1.6788	
1.84048	1.61678	1.67707	
1.868	1.61044	1.67756	
1.84382	1.61394	1.67553	
1.84861	1.61569	1.69139	
1.82529	1.64124	1.68605	
1.82185	1.6473	1.68351	
1.82645	1.65443	1.6897	
1.83128	1.6487	1.71523	
1.80875	1.67065	1.69786	
1.87961	1.67056	1.67008	
1.89798	1.67084	1.67435	
1.92225	1.67649	1.67263	
1.92757	1.68072	1.6889	
1.92376	1.68667	1.69674	
1.91777	1.65859	1.7086	
1.91611	1.66533	1.70583	
1.92151	1.66657	1.6998	
1.90288	1.66685	1.70429	
1.89614	1.65438	1.69191	
1.9225	1.64587	1.62606	
1.92196	1.6438	1.64726	
1.89586	1.641	1.65203	
1.90279	1.63402	1.65749	
1.94805	1.66606	1.63379	
1.94442	1.63942	1.65532	
1.95075	1.63159	1.67313	
1.94623	1.64817	1.70422	
1.937	1.64395	1.67432	
1.92847	1.62163	1.67639	
1.85845	1.6167	1.675	
1.84507	1.61899	1.672	
1.81726	1.62207	1.67268	
1.82177	1.6186	1.65733	
1.82107	1.61161	1.65746	
1.81973	1.6098	1.64679	
1.82411	1.60819	1.64539	
1.9087	1.60501	1.67706	
1.90767	1.60211	1.67377	
1.91032	1.61154	1.67528	
1.88801	1.61966	1.67557	
1.88944	1.62355	1.67921	
1.89014	1.62715	1.67883	
1.88997	1.63166	1.70549	
1.83787	1.60252	1.70567	
1.84813	1.59954	1.69067	
1.83771	1.60274	1.68833	
1.83454	1.58489	1.66698	
1.83861	1.58655	1.6685	
1.84493	1.58426	1.66068	
1.84463	1.58598	1.66374	
1.8891	1.59105	1.65876	
1.90657	1.58977	1.66364	
1.89892	1.58964	1.67359	
1.90334	1.62657	1.68014	
1.90931	1.62922	1.71382	
1.93545	1.62851	1.72128	
1.84584	1.62856	1.69458	
1.83864	1.62557	1.69603	
1.8351	1.62913	1.69766	
1.83631	1.62501	1.69388	
1.83643	1.6226	1.67604	
1.84143	1.6444	1.69351	
1.83137	1.64982	1.66007	
1.855	1.64207	1.66107	
1.84206	1.64363	1.65683	
1.84053	1.64218	1.64106	
1.84312	1.64534	1.62401	
1.84517	1.64668	1.65024	
1.84821	1.64644	1.6527	
1.84835	1.64948	1.65328	
1.80854	1.67967	1.65586	
1.8214	1.67995	1.65181	
1.82437	1.67742	1.64394	
1.81767	1.64164	1.63083	
1.83145	1.64161	1.59169	
1.82251	1.63919	1.59063	
1.8576	1.64033	1.58848	
1.86699	1.64645	1.58909	
1.87502	1.63799	1.60431	
1.87874	1.63813	1.61039	
1.88322	1.65038	1.60453	
1.88562	1.62711	1.60892	
1.88741	1.62909	1.61348	
1.86541	1.6314	1.61447	
1.87001	1.63178	1.62518	
1.87998	1.63669	1.63312	
1.88682	1.64231	1.64544	
1.91713	1.64307	1.62341	
1.90373	1.64406	1.62263	
1.90811	1.64383	1.61899	
1.89426	1.61028	1.6163	
1.85627	1.60652	1.61683	
1.84069	1.60772	1.62452	
1.83138	1.608	1.64276	
1.80196	1.61387	1.6498	
1.77798	1.61507	1.65023	
1.73338	1.61992	1.64949	
1.71696	1.62407	1.67381	
1.72808	1.63609	1.69619	
1.73781	1.6405	1.69971	
1.72747	1.65114	1.7037	
1.71575	1.65315	1.68061	
1.7049	1.65893	1.684	
1.69789	1.65687	1.72022	
1.68249	1.65243	1.71432	
1.66799	1.64601	1.714	
1.65946	1.63209	1.70342	
1.62468	1.62951	1.69796	
1.62353	1.63446	1.70152	
1.60634	1.63499	1.70144	
1.60271	1.63445	1.70634	
1.6025	1.63494	1.70036	
1.6094	1.63587	1.6973	
1.6078	1.63442	1.67834	
1.60607	1.63009	1.67328	
1.6098	1.62878	1.67067	
1.62812	1.62543	1.70525	
1.65343	1.61623	1.70325	
1.62777	1.62585	1.68374	
1.6104	1.61886	1.6759	
1.61006	1.59577	1.68093	
1.60937	1.59358	1.68286	
1.61404	1.58241	1.67728	
1.6236	1.59497	1.64114	
1.68698	1.62138	1.63964	
1.69652	1.6282	1.63158	
1.68904	1.63923	1.63158	
1.68447	1.64155	1.63801	
1.6792	1.63271	1.63447	
1.67573	1.62902	1.63502	
1.69877	1.63126	1.63601	
1.69788	1.63645	1.63937	
1.69414	1.63681	1.63674	
1.69455	1.6349	1.72649	
1.69301	1.66059	1.77774	
1.68794	1.66394	1.78042	
1.67097	1.67045	1.74131	
1.65254	1.67474	1.71479	
1.68888	1.65715	1.69552	
1.68976	1.66413	1.72304	
1.70104	1.66687	1.72233	
1.70357	1.67276	1.71944	
1.70539	1.67754	1.72014	
1.75184	1.67883	1.71938	
1.69757	1.66759	1.71439	
1.70273	1.66542	1.71882	
1.70522	1.66379	1.71766	
1.70854	1.66927	1.7122	
1.70922	1.75189	1.70917	
1.70898	1.75557	1.74961	
1.68767	1.76244	1.75043	
1.76093	1.76884	1.75384	
1.76665	1.78086	1.75351	
1.76682	1.79526	1.66597	
1.77106	1.77441	1.6131	
1.77502	1.77926	1.62068	
1.77686	1.77196	1.62688	
1.77599	1.77074	1.62573	
1.73824	1.77483	1.62184	
1.77498	1.77397	1.62972	
1.76194	1.78072	1.62421	
1.75596	1.78562	1.63017	
1.75515	1.79182	1.63024	
1.70317	1.78676	1.64206	
1.7026	1.78017	1.64701	
1.69057	1.80423	1.65901	
1.68563	1.80273	1.6582	
1.69113	1.8027	1.65325	
1.69539	1.72861	1.66437	
1.69964	1.73295	1.623	
1.70044	1.73699	1.6249	
1.64131	1.72958	1.63379	
1.65044	1.74875	1.63586	
1.65544	1.7462	1.64453	
1.67402	1.74282	1.64853	
1.6754	1.73422	1.63606	
1.67214	1.7366	1.63039	
1.67898	1.74857	1.63662	
1.75283	1.74838	1.66699	
1.71024	1.75341	1.64425	
1.70495	1.74697	1.67624	
1.70909	1.74128	1.67391	
1.70332	1.75137	1.67174	
1.6977	1.74955	1.65623	
1.68767	1.75132	1.67561	
1.69089	1.72558	1.65955	
1.69782	1.72245	1.66367	
1.71736	1.72586	1.66766	
1.7209	1.73496	1.65936	
1.71754	1.73425	1.66206	
1.71926	1.73083	1.66316	
1.72446	1.7424	1.6536	
1.72959	1.71261	1.65491	
1.72843	1.7104	1.64259	
1.71784	1.71456	1.6452	
1.71991	1.71834	1.65635	
1.7362	1.71677	1.6788	
1.73909	1.73465	1.67136	
1.67219	1.73731	1.6523	
1.69453	1.74034	1.64482	
1.7252	1.74338	1.61093	
1.71813	1.74445	1.60676	
1.71795	1.72255	1.63716	
1.7219	1.72337	1.64285	
1.72902	1.72012	1.61839	
1.73411	1.72532	1.61853	
1.77164	1.73531	1.62685	
1.75593	1.73348	1.63542	
1.75016	1.736	1.63733	
1.75247	1.75313	1.64151	
1.74906	1.74304	1.64213	
1.73396	1.73518	1.67747	
1.71121	1.7348	1.68181	
1.70983	1.73348	1.68402	
1.69856	1.73672	1.68519	
1.72018	1.74957	1.67648	
1.70326	1.75978	1.67193	
1.68566	1.73995	1.68122	
1.67888	1.74226	1.67528	
1.65329	1.73288	1.71631	
1.67362	1.74537	1.71449	
1.67783	1.74311	1.71426	
1.68711	1.74483	1.693	
1.68786	1.74034	1.69407	
1.68321	1.74863	1.69359	
1.67119	1.7537	1.69415	
1.63073	1.75361	1.69276	
1.62097	1.78484	1.68619	
1.62372	1.77611	1.68492	
1.64255	1.76176	1.67657	
1.64367	1.76977	1.67261	
1.64276	1.7672	1.63779	
1.64804	1.77106	1.63126	
1.65291	1.77457	1.63182	
1.65904	1.77967	1.63337	
1.63752	1.77653	1.63512	
1.63705	1.77566	1.62334	
1.64315	1.78948	1.66345	
1.64551	1.77703	1.70928	
1.64762	1.77349	1.67687	
1.59954	1.77759	1.6813	
1.62485	1.77652	1.68608	
1.62922	1.78234	1.68326	
1.6427	1.80221	1.68568	
1.65314	1.80154	1.68515	
1.66121	1.80303	1.68449	
1.75624	1.79811	1.68455	
1.764	1.76653	1.68598	
1.7678	1.76799	1.68576	
1.75189	1.76514	1.6884	
1.74839	1.76208	1.69178	
1.74602	1.77126	1.68886	
1.74951	1.76785	1.6885	
1.7603	1.76755	1.6837	
1.75588	1.76309	1.70097	
1.74863	1.76774	1.69623	
1.75458	1.76972	1.69375	
1.75118	1.76967	1.64896	
1.75679	1.77809	1.60791	
1.76721	1.77766	1.61438	
1.76737	1.7611	1.60737	
1.7427	1.76713	1.60591	
1.73167	1.76252	1.59906	
1.71602	1.74804	1.59429	
1.70732	1.74471	1.59636	
1.71742	1.73587	1.59712	
1.62608	1.73629	1.59417	
1.61818	1.73061	1.59153	
1.61144	1.72573	1.61068	
1.61058	1.73505	1.61178	
1.63918	1.7416	1.63933	
1.64109	1.73669	1.63881	
1.63527	1.74439	1.6389	
1.6197	1.74579	1.64983	
1.62265	1.74725	1.62864	
1.62102	1.73969	1.64867	
1.61762	1.73304	1.65081	
1.62042	1.71327	1.64917	
1.61119	1.71248	1.6545	
1.62334	1.72747	1.65545	
1.6224	1.73017	1.65351	
1.61896	1.75163	1.65655	
1.61834	1.76406	1.66306	
1.61938	1.77086	1.66741	
1.61789	1.76321	1.6683	
1.60125	1.77208	1.66973	
1.59465	1.77053	1.66816	
1.61833	1.77874	1.66986	
1.67291	1.78357	1.64835	
1.66922	1.78175	1.6542	
1.64357	1.80353	1.67606	
1.64393	1.80525	1.70115	
1.6576	1.80791	1.69932	
1.66799	1.80456	1.71334	
1.67414	1.80143	1.71705	
1.68456	1.80089	1.69916	
1.70398	1.79916	1.70074	
1.71275	1.80347	1.71042	
1.73142	1.81805	1.70946	
1.721	1.81502	1.6941	
1.72473	1.81148	1.69894	
1.72701	1.7903	1.69007	
1.72928	1.78198	1.68664	
1.73113	1.77176	1.68751	
1.73262	1.77796	1.70156	
1.77429	1.76443	1.72638	
1.77822	1.76393	1.72868	
1.75466	1.75797	1.72414	
1.70146	1.75711	1.72726	
1.74719	1.75896	1.7213	
1.75748	1.78077	1.67665	
1.77536	1.78835	1.67932	
1.77719	1.79453	1.68245	
1.77899	1.79532	1.66224	
1.77861	1.80038	1.66605	
1.77367	1.82869	1.66238	
1.75461	1.83348	1.66002	
1.74557	1.83126	1.65214	
1.7383	1.82474	1.63908	
1.73303	1.82637	1.63832	
1.74571	1.84626	1.64392	
1.7598	1.83937	1.67027	
1.78253	1.8374	1.67355	
1.79687	1.84165	1.66726	
1.8086	1.83698	1.65035	
1.78229	1.85288	1.62074	
1.79082	1.86985	1.65499	
1.80254	1.88752	1.67434	
1.81425	1.8856	1.67305	
1.77615	1.88096	1.68009	
1.77623	1.83787	1.67584	
1.79404	1.84034	1.64826	
1.78811	1.8176	1.64768	
1.78938	1.82014	1.65109	
1.79109	1.82587	1.6469	
1.79706	1.79609	1.65231	
1.80792	1.78703	1.64969	
1.92553	1.78514	1.65566	
1.93111	1.77591	1.70523	
1.93862	1.76201	1.70351	
1.93428	1.73207	1.69569	
1.93296	1.73577	1.67092	
1.93459	1.72637	1.66529	
1.93532	1.71669	1.68581	
1.93017	1.71239	1.71157	
1.92754	1.71854	1.72034	
1.93027	1.69735	1.68569	
1.93034	1.67591	1.67	
1.92125	1.70027	1.67111	
1.91935	1.70295	1.66175	
1.9207	1.70378	1.66199	
1.90124	1.68426	1.66487	
1.90796	1.6888	1.66969	
1.91429	1.69005	1.66997	
1.92365	1.67522	1.66695	
1.92439	1.66111	1.67556	
1.92395	1.65758	1.67983	
1.81581	1.65567	1.67244	
1.81898	1.64883	1.62556	
1.8227	1.6488	1.63014	
1.82438	1.65379	1.6642	
1.82351	1.64812	1.66808	
1.82325	1.65642	1.6684	
1.81816	1.65632	1.64911	
1.82261	1.67719	1.6277	
1.82118	1.65968	1.6642	
1.82708	1.67528	1.66548	
1.81816	1.67197	1.66958	
1.82353	1.64409	1.67381	
1.83051	1.64076	1.68188	
1.83268	1.63437	1.68342	
1.82576	1.63464	1.71343	
1.81364	1.63607	1.71717	
1.83553	1.6314	1.71267	
1.84401	1.62392	1.71282	
1.84833	1.62842	1.72484	
1.84448	1.62826	1.72301	
1.84446	1.62961	1.72366	
1.83681	1.63545	1.72717	
1.83754	1.63766	1.72302	
1.83775	1.64097	1.69349	
1.87039	1.64954	1.68794	
1.85268	1.64186	1.689	
1.85665	1.64398	1.68496	
1.8814	1.62352	1.68728	
1.87976	1.62654	1.66517	
1.87429	1.6097	1.66339	
1.87768	1.61748	1.69637	
1.87974	1.61479	1.69561	
1.87358	1.61029	1.69527	
1.86892	1.60238	1.68822	
1.87278	1.60149	1.65525	
1.87821	1.59653	1.64311	
1.8386	1.59922	1.64141	
1.83148	1.6037	1.63865	
1.93615	1.61114	1.61671	
1.94002	1.61807	1.61344	
1.93345	1.61679	1.61192	
1.9337	1.61307	1.61344	
1.94088	1.6179	1.61569	
1.93582	1.61369	1.60987	
1.89899	1.61464	1.61546	
1.90328	1.61948	1.62391	
1.90522	1.61881	1.63373	
1.8796	1.65101	1.67731	
1.88246	1.65652	1.66096	
1.88081	1.66372	1.65957	
1.88245	1.65663	1.62277	
1.87279	1.65628	1.614	
1.89637	1.65682	1.60409	
1.89589	1.65833	1.60298	
1.88157	1.65736	1.60298	
1.87212	1.65634	1.60086	
1.87191	1.64886	1.60959	
1.85753	1.67253	1.60994	
1.74113	1.66301	1.61134	
1.72759	1.65246	1.61311	
1.7219	1.65106	1.6213	
1.73452	1.65158	1.6291	
1.71488	1.64798	1.63817	
1.70707	1.65125	1.66718	
1.70002	1.67363	1.66968	
1.69009	1.67367	1.6611	
1.67702	1.66915	1.66191	
1.66735	1.63751	1.61246	
1.67764	1.62831	1.60935	
1.66636	1.6255	1.61017	
1.6583	1.6271	1.61135	
1.65493	1.62961	1.61683	
1.62622	1.63074	1.61996	
1.62398	1.63163	1.62661	
1.62867	1.6351	1.63064	
1.62607	1.65353	1.6338	
1.62129	1.65733	1.64164	
1.64516	1.63905	1.66165	
1.6393	1.64503	1.66199	
1.63789	1.64888	1.66603	
1.64058	1.64667	1.66224	
1.62177	1.66435	1.65505	
1.61827	1.65783	1.64307	
1.62784	1.65206	1.61439	
1.64562	1.61751	1.61146	
1.65173	1.62071	1.61533	
1.64599	1.62507	1.60928	
1.63929	1.62439	1.60567	
1.61332	1.62165	1.60339	
1.61557	1.61979	1.60588	
1.61396	1.64092	1.60473	
1.61907	1.6499	1.60082	
1.62192	1.65844	1.6015	
1.63016	1.65571	1.59734	
1.65644	1.65171	1.62676	
1.65636	1.63754	1.63098	
1.6577	1.64192	1.62379	
1.62903	1.63953	1.60293	
1.63294	1.63816	1.59912	
1.66726	1.64181	1.58971	
1.68763	1.64746	1.5916	
1.70056	1.63195	1.59124	
1.71627	1.63762	1.58955	
1.71844	1.65713	1.58799	
1.71101	1.67853	1.58668	
1.7158	1.66985	1.58504	
1.7327	1.66723	1.58449	
1.74556	1.66727	1.58629	
1.75878	1.67438	1.59633	
1.77008	1.67365	1.62205	
1.77901	1.65529	1.64646	
1.78688	1.64536	1.66982	
1.79782	1.63391	1.67561	
1.80387	1.63343	1.67704	
1.78118	1.6336	1.64443	
1.79433	1.6398	1.66561	
1.82022	1.6417	1.661	
1.83013	1.63907	1.66819	
1.87722	1.63603	1.67003	
1.85471	1.63404	1.6735	
1.83953	1.62933	1.66983	
1.83287	1.6389	1.6715	
1.82322	1.65453	1.6791	
1.82327	1.63952	1.68064	
1.82196	1.62998	1.69598	
1.82319	1.64003	1.76688	
1.82131	1.64453	1.77433	
1.83422	1.64874	1.78021	
1.87611	1.64723	1.77563	
1.87383	1.65112	1.74658	
1.87914	1.64949	1.72536	
1.8808	1.64851	1.70322	
1.87561	1.64916	1.70045	
1.86554	1.65178	1.70403	
1.87145	1.65443	1.70542	
1.86689	1.64867	1.68092	
1.85926	1.64547	1.69906	
1.86718	1.64736	1.69723	
1.83018	1.67729	1.69923	
1.85816	1.6989	1.6984	
1.86204	1.70373	1.70052	
1.86606	1.6912	1.69935	
1.86987	1.67156	1.74256	
1.86346	1.66814	1.74621	
1.85907	1.66321	1.74694	
1.87072	1.66001	1.67924	
1.89148	1.66075	1.66799	
1.88155	1.656	1.66124	
1.84431	1.6565	1.65523	
1.84537	1.65504	1.65594	
1.84243	1.65558	1.65084	
1.83851	1.66083	1.65257	
1.8364	1.67228	1.65684	
1.84237	1.67502	1.68595	
1.84396	1.67091	1.69493	
1.84488	1.67091	1.69684	
1.83639	1.68203	1.68	
1.8574	1.67597	1.6936	
1.86414	1.64804	1.69079	
1.83519	1.62609	1.69439	
1.85705	1.62109	1.69737	
1.85891	1.62361	1.69319	
1.85584	1.6287	1.65998	
1.85755	1.62819	1.6928	
1.86111	1.62533	1.6876	
1.84361	1.61928	1.68746	
1.81838	1.61324	1.69409	
1.8096	1.61456	1.70115	
1.79785	1.60992	1.7125	
1.79006	1.60729	1.71275	
1.78456	1.60754	1.71413	
1.77656	1.6002	1.7437	
1.7801	1.58171	1.74388	
1.79391	1.5775	1.71223	
1.83537	1.57916	1.74048	
1.82766	1.60002	1.73919	
1.82824	1.58083	1.74144	
1.80083	1.58493	1.73011	
1.7811	1.60339	1.73428	
1.76633	1.60073	1.74336	
1.72916	1.60287	1.74054	
1.71562	1.60514	1.75372	
1.713	1.60362	1.73371	
1.70686	1.60663	1.71691	
1.71067	1.61084	1.70697	
1.72089	1.61542	1.7022	
1.71172	1.62157	1.70083	
1.70639	1.62725	1.69537	
1.724	1.6349	1.72894	
1.7636	1.63586	1.73806	
1.75891	1.65185	1.77372	
1.75334	1.65556	1.74756	
1.74558	1.65907	1.74298	
1.72111	1.66072	1.74492	
1.66867	1.65642	1.70282	
1.66663	1.634	1.70949	
1.66074	1.63982	1.7102	
1.64797	1.64087	1.72617	
1.65059	1.62647	1.72103	
1.65577	1.62938	1.71032	
1.65708	1.73066	1.7072	
1.65959	1.73023	1.6919	
1.65229	1.7273	1.69158	
1.65072	1.72913	1.67483	
1.67498	1.72758	1.6745	
1.67892	1.72933	1.67377	
1.6764	1.7339	1.67602	
1.67482	1.75344	1.7009	
1.65141	1.7586	1.67187	
1.60494	1.7689	1.6587	
1.6031	1.75715	1.62088	
1.60826	1.76386	1.61333	
1.60888	1.77211	1.63189	
1.60688	1.78305	1.6333	
1.60693	1.78761	1.63977	
1.60453	1.78868	1.67415	
1.59994	1.7897	1.67722	
1.60086	1.78952	1.65807	
1.59931	1.78566	1.66016	
1.59479	1.79214	1.65921	
1.65531	1.6907	1.66417	
1.65622	1.6898	1.66733	
1.65729	1.69143	1.67271	
1.685	1.69877	1.67784	
1.65847	1.70394	1.68961	
1.64055	1.7004	1.74787	
1.63961	1.69165	1.74602	
1.63773	1.67515	1.73053	
1.64203	1.68834	1.72218	
1.64508	1.67548	1.72446	
1.65055	1.67132	1.74178	
1.65319	1.66868	1.74656	
1.65347	1.66603	1.73214	
1.65055	1.65692	1.75105	
1.64479	1.65309	1.74792	
1.67496	1.66046	1.70571	
1.68578	1.65797	1.6966	
1.70197	1.64997	1.69192	
1.71209	1.64791	1.69201	
1.72432	1.66318	1.69967	
1.6857	1.66254	1.7029	
1.69597	1.6602	1.70891	
1.7141	1.66092	1.7239	
1.71806	1.65706	1.72879	
1.72236	1.64936	1.73088	
1.73034	1.64571	1.68144	
1.73937	1.66757	1.67707	
1.7602	1.66694	1.66935	
1.7718	1.63729	1.68974	
1.80357	1.64093	1.68704	
1.80924	1.63865	1.66912	
1.81693	1.64232	1.69631	
1.83033	1.64557	1.70571	
1.84745	1.64573	1.68363	
1.85723	1.65015	1.68186	
1.84552	1.64441	1.67922	
1.85073	1.64258	1.67888	
1.88252	1.64566	1.68147	
1.87884	1.64459	1.6879	
1.87802	1.62893	1.69117	
1.86712	1.63513	1.68746	
1.87106	1.6547	1.67969	
1.9187	1.65248	1.6595	
1.89745	1.6626	1.65548	
1.90484	1.6743	1.64231	
1.90593	1.67812	1.63432	
1.90465	1.65824	1.63735	
1.89304	1.65673	1.64436	
1.89522	1.66173	1.64378	
1.87733	1.66218	1.64768	
1.88194	1.66151	1.65141	
1.87695	1.66971	1.66276	
1.87284	1.66759	1.64901	
1.86783	1.66377	1.65422	
1.87301	1.6613	1.6613	
1.86724	1.66532	1.6842	
1.86884	1.66392	1.69079	
1.85114	1.6702	1.6864	
1.8776	1.67322	1.67828	
1.89258	1.69408	1.6721	
1.88965	1.69983	1.67001	
1.87991	1.68271	1.68077	
1.82627	1.68347	1.68632	
1.82222	1.67754	1.68618	
1.80371	1.67052	1.6917	
1.79299	1.6718	1.69172	
1.794	1.67294	1.70904	
1.82434	1.67543	1.70465	
1.82498	1.67736	1.67802	
1.81984	1.67308	1.67272	
1.80187	1.67036	1.69585	
1.80256	1.65501	1.65354	
1.80466	1.65016	1.65827	
1.8064	1.65451	1.65524	
1.82026	1.65623	1.66691	
1.82165	1.6528	1.65056	
1.8142	1.65508	1.64707	
1.80666	1.65293	1.65161	
1.78646	1.67042	1.6548	
1.7749	1.65159	1.66104	
1.78165	1.6555	1.66442	
1.77986	1.65343	1.65125	
1.78417	1.65471	1.65288	
1.78642	1.64578	1.65627	
1.79371	1.64516	1.65346	
1.79988	1.64716	1.65535	
1.8012	1.64781	1.6714	
1.77597	1.65272	1.67396	
1.77869	1.65682	1.68064	
1.77645	1.6569	1.68584	
1.82405	1.66429	1.66421	
1.81879	1.67327	1.68112	
1.80786	1.68109	1.68159	
1.82206	1.678	1.67353	
1.79579	1.67475	1.65889	
1.78929	1.67788	1.66144	
1.78098	1.70801	1.66558	
1.75808	1.72104	1.68055	
1.74456	1.70338	1.70422	
1.73193	1.70357	1.70222	
1.72317	1.68792	1.69825	
1.7154	1.68228	1.69996	
1.69716	1.6858	1.71872	
1.69643	1.69535	1.70868	
1.69078	1.69324	1.70509	
1.68222	1.69016	1.70511	
1.67569	1.6908	1.6732	
1.66485	1.68409	1.67344	
1.65043	1.68079	1.77745	
1.6702	1.68602	1.77775	
1.62319	1.69403	1.77745	
1.65704	1.69715	1.76343	
1.66555	1.69258	1.78053	
1.6536	1.69094	1.78105	
1.66644	1.71237	1.78335	
1.6655	1.7116	1.78026	
1.67053	1.68365	1.7774	
1.68534	1.69606	1.75839	
1.7004	1.70038	1.74092	
1.71437	1.69664	1.73916	
1.72567	1.69647	1.77084	
1.7423	1.70393	1.77024	
1.75855	1.70508	1.77424	
1.76658	1.69288	1.80044	
1.77817	1.69285	1.82589	
1.79613	1.69174	1.83554	
1.80225	1.68418	1.84994	
1.81701	1.68493	1.85138	
1.82967	1.68504	1.7477	
1.8157	1.6822	1.7466	
1.82954	1.67583	1.75975	
1.81521	1.66613	1.76338	
1.98953	1.68158	1.74053	
1.98612	1.68603	1.74028	
1.97617	1.66732	1.75568	
1.98055	1.66958	1.75453	
1.98773	1.66483	1.77952	
1.99733	1.63744	1.78073	
1.99687	1.63647	1.77747	
1.9918	1.63694	1.77853	
1.98961	1.63878	1.74952	
1.987	1.63601	1.74979	
1.97763	1.63212	1.74478	
1.97236	1.63257	1.72779	
1.97315	1.63173	1.71588	
1.98557	1.63488	1.70913	
1.98472	1.63924	1.71035	
1.97924	1.63966	1.72049	
1.97747	1.66086	1.71759	
1.97947	1.6603	1.71451	
1.98719	1.65513	1.70341	
1.99315	1.65506	1.72548	
1.82082	1.64188	1.72802	
1.82068	1.63732	1.72969	
1.83064	1.63741	1.71383	
1.85373	1.66872	1.71652	
1.85251	1.67617	1.69034	
1.83802	1.67448	1.69032	
1.84427	1.67264	1.68693	
1.84494	1.67754	1.68964	
1.83936	1.67679	1.69174	
1.83791	1.67614	1.70808	
1.84796	1.67611	1.68916	
1.8466	1.70799	1.68249	
1.84981	1.72043	1.66961	
1.83338	1.72598	1.66631	
1.83974	1.72455	1.66842	
1.83981	1.71944	1.66113	
1.86508	1.69612	1.65903	
1.85841	1.69655	1.65858	
1.84143	1.69233	1.65248	
1.82432	1.69922	1.64648	
1.8218	1.6984	1.6385	
1.82605	1.69766	1.63821	
1.83507	1.71175	1.63556	
1.82108	1.67338	1.63352	
1.81411	1.66845	1.6306	
1.81859	1.66837	1.63787	
1.80921	1.66578	1.70201	
1.825	1.66655	1.7032	
1.82811	1.66365	1.69694	
1.83256	1.66442	1.6811	
1.83216	1.6957	1.67852	
1.83661	1.67175	1.67576	
1.81913	1.65979	1.67439	
1.82154	1.65037	1.67102	
1.81255	1.65389	1.65515	
1.81556	1.66327	1.65672	
1.79135	1.66419	1.66687	
1.78931	1.6623	1.68673	
1.79451	1.66938	1.69079	
1.80027	1.67596	1.67146	
1.81934	1.68993	1.67492	
1.80769	1.69449	1.67748	
1.78629	1.68466	1.67969	
1.77175	1.6952	1.72935	
1.77915	1.69131	1.73362	
1.77383	1.68762	1.72906	
1.77345	1.7199	1.664	
1.75568	1.7149	1.65831	
1.75367	1.72162	1.67321	
1.76149	1.72034	1.67195	
1.74684	1.69072	1.67303	
1.74426	1.6925	1.67188	
1.78533	1.69318	1.67256	
1.77764	1.68959	1.69319	
1.78357	1.68311	1.69259	
1.78477	1.67233	1.68778	
1.78487	1.67099	1.67897	
1.81851	1.66973	1.65679	
1.82539	1.66888	1.65343	
1.81968	1.68708	1.65803	
1.7984	1.67335	1.66221	
1.79924	1.69964	1.66956	
1.80411	1.69275	1.67191	
1.8134	1.68854	1.62856	
1.81496	1.69385	1.62857	
1.82232	1.70047	1.64694	
1.82269	1.67276	1.65184	
1.82574	1.67838	1.65376	
1.83198	1.67555	1.65086	
1.81258	1.68888	1.65095	
1.83929	1.69341	1.66274	
1.8406	1.68561	1.66465	
1.80461	?	1.69719	
1.81104	?	1.68179	
1.81875	?	1.68084	
1.90852	?	1.67517	
1.90718	?	1.67391	
1.87741	?	1.67666	
1.87161	?	1.68166	
1.87228	?	1.68983	
1.87657	?	1.70913	
1.88757	?	1.70094	
1.89761	?	1.69844	
1.89107	?	1.69402	
1.88864	?	1.70397	
1.88106	?	1.6879	
1.87098	
1.86917	
1.87109	
1.90828	
1.91707	
1.91571	
1.92198	
1.92458	
1.91674	
1.83152	
1.82445	
1.82794	
1.82858	
1.83609	
1.8381	
1.83464	
1.82719	
1.82354	
1.81987	
1.81508	
1.84008	
1.83211	
1.81937	
1.79062	
1.79202	
