# xct_end restore_begin restore_segment restore_end page_write page_read
0	0	0	0	0	0	
0	0	0	0	0	0	
0	0	0	0	0	0	
0	0	0	0	0	0	
0	0	0	0	0	0	
0	0	0	0	0	0	
0	0	0	0	0	0	
0	0	0	0	0	0	
0	0	0	0	0	0	
0	0	0	0	0	0	
0	0	0	0	0	0	
0	0	0	0	0	0	
0	0	0	0	0	0	
0	0	0	0	0	0	
0	0	0	0	0	0	
0	0	0	0	0	0	
0	0	0	0	0	0	
0	0	0	0	0	0	
0	0	0	0	0	0	
0	0	0	0	0	0	
0	0	0	0	0	0	
0	0	0	0	0	0	
0	0	0	0	0	0	
0	0	0	0	0	0	
0	0	0	0	0	0	
0	0	0	0	0	0	
0	0	0	0	0	0	
0	0	0	0	0	0	
0	0	0	0	0	0	
0	0	0	0	0	0	
0	0	0	0	0	0	
0	0	0	0	0	0	
0	0	0	0	0	0	
0	0	0	0	0	0	
0	0	0	0	0	0	
0	0	0	0	0	0	
0	0	0	0	0	0	
0	0	0	0	0	0	
0	0	0	0	0	0	
0	0	0	0	0	0	
0	0	0	0	0	0	
0	0	0	0	0	0	
0	0	0	0	0	0	
0	0	0	0	0	0	
0	0	0	0	0	0	
0	0	0	0	0	0	
0	0	0	0	0	0	
0	0	0	0	0	0	
0	0	0	0	0	0	
0	0	0	0	0	0	
0	0	0	0	0	0	
0	0	0	0	0	0	
0	0	0	0	0	0	
0	0	0	0	0	0	
0	0	0	0	0	0	
0	0	0	0	0	0	
0	0	0	0	0	0	
0	0	0	0	0	0	
0	0	0	0	0	0	
0	0	0	0	0	0	
0	0	0	0	0	0	
0	0	0	0	0	0	
0	0	0	0	0	0	
0	0	0	0	0	0	
0	0	0	0	0	0	
0	0	0	0	0	0	
0	0	0	0	0	0	
0	0	0	0	0	0	
0	0	0	0	0	0	
0	0	0	0	0	0	
0	0	0	0	0	0	
0	0	0	0	0	0	
0	0	0	0	0	0	
0	0	0	0	0	0	
0	0	0	0	0	0	
0	0	0	0	0	0	
0	0	0	0	0	0	
0	0	0	0	0	0	
0	0	0	0	0	0	
0	0	0	0	0	0	
0	0	0	0	0	0	
0	0	0	0	0	0	
0	0	0	0	0	0	
0	0	0	0	0	0	
0	0	0	0	0	0	
0	0	0	0	0	0	
0	0	0	0	0	0	
0	0	0	0	0	0	
0	0	0	0	0	0	
0	0	0	0	0	0	
0	0	0	0	0	0	
0	0	0	0	0	0	
0	0	0	0	0	0	
0	0	0	0	0	0	
0	0	0	0	0	0	
0	0	0	0	0	0	
0	0	0	0	0	0	
0	0	0	0	0	0	
0	0	0	0	0	0	
0	0	0	0	0	0	
0	0	0	0	0	0	
0	0	0	0	0	0	
0	0	0	0	0	0	
0	0	0	0	0	0	
0	0	0	0	0	0	
0	0	0	0	0	0	
0	0	0	0	0	0	
0	0	0	0	0	0	
0	0	0	0	0	0	
0	0	0	0	0	0	
0	0	0	0	0	0	
0	0	0	0	0	0	
0	0	0	0	0	0	
0	0	0	0	0	0	
0	0	0	0	0	0	
0	0	0	0	0	0	
0	0	0	0	0	0	
0	0	0	0	0	0	
0	0	0	0	0	0	
0	0	0	0	0	0	
0	0	0	0	0	0	
0	0	0	0	0	0	
0	0	0	0	0	0	
0	0	0	0	0	0	
0	0	0	0	0	0	
0	0	0	0	0	0	
0	0	0	0	0	0	
0	0	0	0	0	0	
0	0	0	0	0	0	
0	0	0	0	0	0	
0	0	0	0	0	0	
0	0	0	0	0	0	
0	0	0	0	0	0	
0	0	0	0	0	0	
0	0	0	0	0	0	
0	0	0	0	0	0	
0	0	0	0	0	0	
0	0	0	0	0	0	
0	0	0	0	0	0	
0	0	0	0	0	0	
0	0	0	0	0	0	
0	0	0	0	0	0	
0	0	0	0	0	0	
0	0	0	0	0	0	
0	0	0	0	0	0	
0	0	0	0	0	0	
0	0	0	0	0	0	
0	0	0	0	0	0	
0	0	0	0	0	0	
0	0	0	0	0	0	
0	0	0	0	0	0	
0	0	0	0	0	0	
0	0	0	0	0	0	
0	0	0	0	0	0	
0	0	0	0	0	0	
0	0	0	0	0	0	
0	0	0	0	0	0	
0	0	0	0	0	0	
0	0	0	0	0	0	
0	0	0	0	0	0	
0	0	0	0	0	0	
0	0	0	0	0	0	
0	0	0	0	0	0	
0	0	0	0	0	0	
0	0	0	0	0	0	
0	0	0	0	0	0	
0	0	0	0	0	0	
0	0	0	0	0	0	
0	0	0	0	0	0	
0	0	0	0	0	0	
0	0	0	0	0	0	
0	0	0	0	0	0	
0	0	0	0	0	0	
0	0	0	0	0	0	
0	0	0	0	0	0	
0	0	0	0	0	0	
0	0	0	0	0	0	
0	0	0	0	0	0	
0	0	0	0	0	0	
0	0	0	0	0	0	
0	0	0	0	0	0	
0	0	0	0	0	0	
0	0	0	0	0	0	
0	0	0	0	0	0	
0	0	0	0	0	0	
0	0	0	0	0	0	
0	0	0	0	0	0	
0	0	0	0	0	0	
0	0	0	0	0	0	
0	0	0	0	0	0	
0	0	0	0	0	0	
0	0	0	0	0	0	
0	0	0	0	0	0	
0	0	0	0	0	0	
0	0	0	0	0	0	
0	0	0	0	0	0	
0	0	0	0	0	0	
0	0	0	0	0	0	
0	0	0	0	0	0	
0	0	0	0	0	0	
0	0	0	0	0	0	
0	0	0	0	0	0	
0	0	0	0	0	0	
0	0	0	0	0	0	
0	0	0	0	0	0	
0	0	0	0	0	0	
0	0	0	0	0	0	
0	0	0	0	0	0	
0	0	0	0	0	0	
0	0	0	0	0	0	
0	0	0	0	0	0	
0	0	0	0	0	0	
0	0	0	0	0	0	
0	0	0	0	0	0	
0	0	0	0	0	0	
0	0	0	0	0	0	
0	0	0	0	0	0	
0	0	0	0	0	0	
0	0	0	0	0	0	
0	0	0	0	0	0	
0	0	0	0	0	0	
0	0	0	0	0	0	
0	0	0	0	0	0	
0	0	0	0	0	0	
0	0	0	0	0	0	
0	0	0	0	0	0	
0	0	0	0	0	0	
0	0	0	0	0	0	
0	0	0	0	0	0	
0	0	0	0	0	0	
0	0	0	0	0	0	
0	0	0	0	0	0	
0	0	0	0	0	0	
0	0	0	0	0	0	
0	0	0	0	0	0	
0	0	0	0	0	0	
0	0	0	0	0	0	
0	0	0	0	0	0	
0	0	0	0	0	0	
0	0	0	0	0	0	
0	0	0	0	0	0	
0	0	0	0	0	0	
0	0	0	0	0	0	
0	0	0	0	0	0	
0	0	0	0	0	0	
0	0	0	0	0	0	
0	0	0	0	0	0	
0	0	0	0	0	0	
0	0	0	0	0	0	
0	0	0	0	0	0	
0	0	0	0	0	0	
0	0	0	0	0	0	
0	0	0	0	0	0	
0	0	0	0	0	0	
0	0	0	0	0	0	
0	0	0	0	0	0	
0	0	0	0	0	0	
0	0	0	0	0	0	
0	0	0	0	0	0	
0	0	0	0	0	0	
0	0	0	0	0	0	
0	0	0	0	0	0	
0	0	0	0	0	0	
0	0	0	0	0	0	
0	0	0	0	0	0	
0	0	0	0	0	0	
0	0	0	0	0	0	
0	0	0	0	0	0	
0	0	0	0	0	0	
0	0	0	0	0	0	
0	0	0	0	0	0	
0	0	0	0	0	0	
0	0	0	0	0	0	
0	0	0	0	0	0	
0	0	0	0	0	0	
0	0	0	0	0	0	
0	0	0	0	0	0	
0	0	0	0	0	0	
0	0	0	0	0	0	
0	0	0	0	0	0	
0	0	0	0	0	0	
0	0	0	0	0	0	
0	0	0	0	0	0	
0	0	0	0	0	0	
0	0	0	0	0	0	
0	0	0	0	0	0	
0	0	0	0	0	0	
0	0	0	0	0	0	
0	0	0	0	0	0	
0	0	0	0	0	0	
0	0	0	0	0	0	
0	0	0	0	0	0	
0	0	0	0	0	0	
0	0	0	0	0	0	
0	0	0	0	0	0	
0	0	0	0	0	0	
0	0	0	0	0	0	
0	0	0	0	0	0	
0	0	0	0	0	0	
0	0	0	0	0	0	
0	0	0	0	0	0	
0	0	0	0	0	0	
0	0	0	0	0	0	
0	0	0	0	0	0	
0	0	0	0	0	0	
0	0	0	0	0	0	
0	0	0	0	0	0	
0	0	0	0	0	0	
0	0	0	0	0	0	
0	0	0	0	0	0	
0	0	0	0	0	0	
0	0	0	0	0	0	
0	0	0	0	0	0	
0	0	0	0	0	0	
0	0	0	0	0	0	
0	0	0	0	0	0	
0	0	0	0	0	0	
0	0	0	0	0	0	
0	0	0	0	0	0	
0	0	0	0	0	0	
0	0	0	0	0	0	
0	0	0	0	0	0	
0	0	0	0	0	0	
0	0	0	0	0	0	
0	0	0	0	0	0	
0	0	0	0	0	0	
0	0	0	0	0	0	
0	0	0	0	0	0	
0	0	0	0	0	0	
0	0	0	0	0	0	
0	0	0	0	0	0	
0	0	0	0	0	0	
0	0	0	0	0	0	
0	0	0	0	0	0	
0	0	0	0	0	0	
0	0	0	0	0	0	
0	0	0	0	0	0	
0	0	0	0	0	0	
0	0	0	0	0	0	
0	0	0	0	0	0	
0	0	0	0	0	0	
0	0	0	0	0	0	
0	0	0	0	0	0	
0	0	0	0	0	0	
0	0	0	0	0	0	
0	0	0	0	0	0	
0	0	0	0	0	0	
0	0	0	0	0	0	
0	0	0	0	0	0	
0	0	0	0	0	0	
0	0	0	0	0	0	
0	0	0	0	0	0	
0	0	0	0	0	0	
0	0	0	0	0	0	
0	0	0	0	0	0	
0	0	0	0	0	0	
0	0	0	0	0	0	
0	0	0	0	0	0	
0	0	0	0	0	0	
0	0	0	0	0	0	
0	0	0	0	0	0	
0	0	0	0	0	0	
0	0	0	0	0	0	
0	0	0	0	0	0	
0	0	0	0	0	0	
0	0	0	0	0	0	
0	0	0	0	0	0	
0	0	0	0	0	0	
0	0	0	0	0	0	
0	0	0	0	0	0	
0	0	0	0	0	0	
0	0	0	0	0	0	
0	0	0	0	0	0	
0	0	0	0	0	0	
0	0	0	0	0	0	
0	0	0	0	0	0	
0	0	0	0	0	0	
0	0	0	0	0	0	
0	0	0	0	0	0	
0	0	0	0	0	0	
0	0	0	0	0	0	
0	0	0	0	0	0	
0	0	0	0	0	0	
0	0	0	0	0	0	
0	0	0	0	0	0	
0	0	0	0	0	0	
0	0	0	0	0	0	
0	0	0	0	0	0	
0	0	0	0	0	0	
0	0	0	0	0	0	
0	0	0	0	0	0	
0	0	0	0	0	0	
0	0	0	0	0	0	
0	0	0	0	0	0	
0	0	0	0	0	0	
0	0	0	0	0	0	
0	0	0	0	0	0	
0	0	0	0	0	0	
0	0	0	0	0	0	
0	0	0	0	0	0	
0	0	0	0	0	0	
0	0	0	0	0	0	
0	0	0	0	0	0	
0	0	0	0	0	0	
0	0	0	0	0	0	
0	0	0	0	0	0	
0	0	0	0	0	0	
0	0	0	0	0	0	
0	0	0	0	0	0	
0	0	0	0	0	0	
0	0	0	0	0	0	
0	0	0	0	0	0	
0	0	0	0	0	0	
0	0	0	0	0	0	
0	0	0	0	0	0	
0	0	0	0	0	0	
0	0	0	0	0	0	
0	0	0	0	0	0	
0	0	0	0	0	0	
0	0	0	0	0	0	
0	0	0	0	0	0	
0	0	0	0	0	0	
0	0	0	0	0	0	
0	0	0	0	0	0	
0	0	0	0	0	0	
0	0	0	0	0	0	
0	0	0	0	0	0	
0	0	0	0	0	0	
0	0	0	0	0	0	
0	0	0	0	0	0	
0	0	0	0	0	0	
0	0	0	0	0	0	
0	0	0	0	0	0	
0	0	0	0	0	0	
0	0	0	0	0	0	
0	0	0	0	0	0	
0	0	0	0	0	0	
0	0	0	0	0	0	
0	0	0	0	0	0	
133	0	0	0	0	3157	
1551	0	0	0	246	23473	
1483	0	0	0	778	15665	
2129	0	0	0	840	16734	
3126	0	0	0	659	18727	
3409	0	0	0	607	17881	
3812	0	0	0	635	18274	
3963	0	0	0	597	17151	
4845	0	0	0	661	18563	
5102	0	0	0	595	17921	
5341	0	0	0	563	16878	
6265	0	0	0	643	17534	
6635	0	0	0	602	16287	
7211	0	0	0	583	15112	
7343	0	0	0	561	13548	
8195	0	0	0	261	13193	
8966	0	0	0	244	12458	
9070	0	0	0	587	10676	
8926	0	0	0	563	9432	
9023	0	0	0	594	8188	
8581	0	0	0	596	6878	
9004	0	0	0	554	6536	
9612	0	0	0	579	6277	
10052	0	0	0	602	5729	
10160	0	0	0	677	4832	
10039	0	0	0	566	4423	
9270	0	0	0	546	3765	
11298	0	0	0	656	4079	
10504	0	0	0	603	3578	
10419	0	0	0	598	3012	
10731	0	0	0	608	3158	
11385	0	0	0	629	2866	
11119	0	0	0	612	2697	
7155	0	0	0	384	1520	
3439	0	0	0	168	772	
11495	0	0	0	574	2229	
10679	0	0	0	563	1859	
10607	0	0	0	576	1750	
10960	0	0	0	588	1640	
11799	0	0	0	632	1559	
11588	0	0	0	589	1594	
10805	0	0	0	541	1305	
10142	0	0	0	498	1158	
11725	0	0	0	582	1266	
10594	0	0	0	525	1118	
11231	0	0	0	556	1110	
11162	0	0	0	551	945	
11973	0	0	0	585	1026	
10507	0	0	0	524	815	
10415	0	0	0	553	835	
10914	0	0	0	580	852	
11786	0	0	0	626	797	
9959	0	0	0	531	670	
10537	0	0	0	554	664	
10937	0	0	0	575	671	
11839	0	0	0	631	684	
10826	0	0	0	591	610	
10386	0	0	0	554	565	
9132	0	0	0	494	509	
12073	0	0	0	641	633	
11046	0	0	0	589	515	
11505	0	0	0	601	531	
11671	0	0	0	595	494	
12531	0	0	0	619	541	
11959	0	0	0	593	493	
11435	0	0	0	565	429	
10908	0	0	0	541	460	
11688	0	0	0	582	440	
10418	0	0	0	553	375	
11176	0	0	0	580	371	
11597	0	0	0	621	441	
11743	0	0	0	641	367	
11205	0	0	0	605	383	
11338	0	0	0	610	334	
11460	0	0	0	598	349	
12060	0	0	0	621	380	
11278	0	0	0	589	323	
11551	0	0	0	606	320	
11529	0	0	0	590	336	
11769	0	0	0	598	308	
10966	0	0	0	569	286	
11824	0	0	0	622	306	
11412	0	0	0	608	284	
11634	0	0	0	627	286	
10448	0	0	0	534	240	
10700	0	0	0	566	277	
11470	0	0	0	558	292	
12135	0	0	0	626	240	
11393	0	0	0	565	256	
10304	0	0	0	521	212	
11229	0	0	0	557	245	
11724	0	0	0	598	218	
10716	0	0	0	538	232	
10646	0	0	0	569	232	
11127	0	0	0	573	240	
11638	0	0	0	596	247	
10147	0	0	0	526	203	
10760	0	0	0	578	251	
11156	0	0	0	583	223	
11847	0	0	0	610	231	
10520	0	0	0	550	171	
11266	0	0	0	595	202	
11532	0	0	0	609	211	
11236	0	0	0	573	234	
10828	0	0	0	545	185	
11577	0	0	0	613	166	
11585	0	0	0	614	175	
11997	0	0	0	632	235	
11572	0	0	0	607	201	
11628	0	0	0	602	188	
11284	0	0	0	569	202	
11994	0	0	0	605	230	
11588	0	0	0	546	168	
10996	0	0	0	535	177	
11279	0	0	0	557	173	
11545	0	0	0	573	157	
10712	0	0	0	537	154	
10885	0	0	0	573	169	
10990	0	0	0	581	155	
11984	0	0	0	621	171	
10795	0	0	0	567	160	
10452	0	0	0	555	163	
10731	0	0	0	589	142	
11374	0	0	0	608	156	
11127	0	0	0	571	142	
11218	0	0	0	580	160	
11603	0	0	0	607	168	
12122	0	0	0	618	157	
11312	0	0	0	586	149	
11834	0	0	0	616	164	
10553	0	0	0	565	114	
11558	0	0	0	618	139	
11262	0	0	0	589	147	
10631	0	0	0	572	120	
11137	0	0	0	594	129	
12036	0	0	0	595	113	
12133	0	0	0	615	160	
11799	0	0	0	576	134	
10966	0	0	0	547	142	
11770	0	0	0	572	137	
11870	0	0	0	579	127	
11130	0	0	0	594	109	
11554	0	0	0	639	136	
12164	0	0	0	642	130	
10992	0	0	0	573	81	
10722	0	0	0	562	106	
11438	0	0	0	597	135	
11962	0	0	0	649	137	
10650	0	0	0	562	123	
11487	0	0	0	594	95	
10914	0	0	0	569	120	
11365	0	0	0	685	115	
10974	0	0	0	560	104	
10932	0	0	0	599	103	
10577	0	0	0	589	105	
11468	0	0	0	614	125	
10584	0	0	0	559	84	
10669	0	0	0	568	92	
11863	0	0	0	585	119	
11943	0	0	0	581	122	
11293	0	0	0	576	115	
11752	0	0	0	558	95	
11025	0	0	0	532	100	
10333	0	0	0	522	83	
9687	0	0	0	504	70	
10346	0	0	0	547	79	
10006	0	0	0	547	66	
11599	0	0	0	611	103	
10761	0	0	0	557	95	
11793	0	0	0	597	99	
11287	0	0	0	566	97	
11850	0	0	0	607	117	
10730	0	0	0	561	77	
10715	0	0	0	567	89	
11005	0	0	0	622	95	
12010	0	0	0	643	95	
10381	0	0	0	576	74	
11911	0	0	0	634	102	
10855	0	0	0	564	84	
11699	0	0	0	611	73	
10556	0	0	0	559	80	
10653	0	0	0	558	92	
11181	0	0	0	577	81	
11816	0	0	0	625	66	
10957	0	0	0	545	95	
10782	0	0	0	559	58	
11807	0	0	0	560	83	
11770	0	0	0	567	86	
10526	0	0	0	519	58	
10579	0	0	0	519	58	
11405	0	0	0	593	71	
11393	0	0	0	628	88	
10460	0	0	0	568	59	
11816	0	0	0	635	76	
11079	0	0	0	576	63	
12195	0	0	0	631	71	
11436	0	0	0	602	77	
10705	0	0	0	561	68	
11421	0	0	0	607	64	
11810	0	0	0	617	71	
11313	0	0	0	610	83	
10929	0	0	0	584	66	
10872	0	0	0	594	63	
11532	0	0	0	630	58	
10328	0	0	0	549	79	
10587	0	0	0	554	53	
11135	0	0	0	576	50	
12026	0	0	0	591	57	
10801	0	0	0	539	45	
11193	0	0	0	553	61	
11408	0	0	0	537	46	
10528	0	0	0	523	53	
11394	0	0	0	566	64	
11188	0	0	0	599	56	
11413	0	0	0	605	60	
11611	0	0	0	598	59	
10714	0	0	0	554	38	
11416	0	0	0	582	66	
11243	0	0	0	592	56	
11304	0	0	0	592	61	
10989	0	0	0	579	51	
10699	0	0	0	566	44	
11689	0	0	0	626	38	
10529	0	0	0	564	46	
11449	0	0	0	590	47	
10860	0	0	0	561	55	
10382	0	0	0	546	33	
12145	0	0	0	649	59	
11532	0	0	0	607	58	
11127	0	0	0	593	51	
11325	0	0	0	582	53	
11888	0	0	0	603	61	
10026	0	0	0	535	48	
10135	0	0	0	513	40	
10557	0	0	0	538	38	
11885	0	0	0	592	59	
11244	0	0	0	552	40	
11327	0	0	0	573	46	
11425	0	0	0	589	39	
11246	0	0	0	604	41	
10804	0	0	0	568	47	
10176	0	0	0	748	36	
9139	0	0	0	717	42	
9447	0	0	0	992	43	
11182	0	0	0	585	37	
9014	0	0	0	625	52	
11483	0	0	0	593	40	
10628	0	0	0	572	39	
9962	0	0	0	527	41	
11432	0	0	0	601	51	
12149	0	0	0	627	34	
11953	0	0	0	616	50	
11423	0	0	0	600	45	
11043	0	0	0	577	47	
7509	0	0	0	720	16	
9761	0	0	0	599	33	
10348	0	0	0	545	39	
11306	0	0	0	535	31	
11602	0	0	0	598	33	
11759	0	0	0	581	40	
11818	0	0	0	601	47	
10457	0	0	0	526	42	
10370	0	0	0	509	28	
10802	0	0	0	543	28	
10855	0	0	0	563	30	
8860	0	0	0	882	20	
9074	0	0	0	871	41	
9085	0	0	0	990	27	
8629	0	0	0	874	27	
10174	0	0	0	530	24	
7503	0	0	0	525	17	
10393	0	0	0	561	28	
10158	0	0	0	534	23	
9610	0	0	0	680	17	
9965	0	0	0	776	29	
10700	0	0	0	557	34	
10198	0	0	0	522	22	
9562	0	0	0	492	23	
11215	0	0	0	607	30	
10788	0	0	0	563	34	
10011	0	0	0	750	21	
9143	0	0	0	665	24	
10738	0	0	0	529	26	
10920	0	0	0	546	34	
7851	0	0	0	985	25	
8769	0	0	0	687	21	
9861	0	0	0	512	30	
10582	0	0	0	525	18	
6379	0	0	0	974	29	
8353	0	0	0	842	15	
9823	0	0	0	680	20	
9689	0	0	0	698	29	
9357	0	0	0	572	23	
8570	0	0	0	914	17	
10341	0	0	0	537	25	
8380	0	0	0	540	16	
8821	0	0	0	625	13	
10430	0	0	0	553	29	
10561	0	0	0	546	29	
9589	0	0	0	740	20	
10181	0	0	0	713	31	
10669	0	0	0	565	23	
10382	0	0	0	549	15	
8727	0	0	0	514	19	
8777	0	0	0	654	22	
9375	0	0	0	756	19	
10765	0	0	0	565	27	
9196	0	0	0	652	20	
8208	0	0	0	457	15	
9887	0	0	0	523	18	
10364	0	0	0	551	24	
8855	0	0	0	907	11	
9900	0	0	0	649	18	
10871	0	0	0	634	19	
8820	0	0	0	758	16	
8709	0	0	0	750	11	
9012	0	0	0	709	19	
8682	0	0	0	610	16	
8188	0	0	0	640	11	
10033	0	0	0	521	16	
11288	0	0	0	583	23	
11229	0	0	0	563	13	
10878	0	0	0	554	23	
10099	0	0	0	539	18	
10139	0	0	0	525	13	
9768	0	0	0	513	9	
10510	0	0	0	558	18	
11217	0	0	0	583	14	
10968	0	0	0	574	18	
11209	0	0	0	573	19	
10787	0	0	0	546	12	
10421	0	0	0	536	18	
10233	0	0	0	539	18	
10025	0	0	0	530	15	
7688	0	0	0	509	14	
9291	0	0	0	738	15	
9860	0	0	0	686	15	
10775	0	0	0	541	17	
7956	0	0	0	834	12	
9041	0	0	0	756	13	
9766	0	0	0	902	13	
9401	0	0	0	580	11	
9102	0	0	0	673	13	
11335	0	0	0	552	14	
9433	0	0	0	674	10	
9712	0	0	0	757	17	
8475	0	0	0	853	16	
10088	0	0	0	8	19	
8730	0	0	0	211	10	
8637	0	0	0	573	21	
8649	0	0	0	528	13	
9867	0	0	0	545	15	
11693	0	0	0	581	10	
10733	0	0	0	555	8	
8858	0	0	0	463	14	
8374	0	0	0	454	13	
10151	0	0	0	525	12	
8582	0	0	0	525	13	
6941	0	0	0	425	12	
8995	0	0	0	550	12	
9212	0	0	0	474	13	
10969	0	0	0	557	15	
8381	0	0	0	512	10	
8609	0	0	0	467	20	
8368	0	0	0	576	16	
9038	0	0	0	555	13	
9111	0	0	0	533	16	
11529	0	0	0	576	9	
9515	0	0	0	504	6	
9827	0	0	0	597	7	
10273	0	0	0	527	11	
8491	0	0	0	501	11	
10902	0	0	0	542	16	
9700	0	0	0	476	9	
10780	0	0	0	522	17	
10250	0	0	0	563	17	
11302	0	0	0	576	9	
10899	0	0	0	573	9	
10414	0	0	0	539	11	
10459	0	0	0	539	7	
8541	0	0	0	551	11	
8590	0	0	0	489	9	
8648	0	0	0	541	12	
9375	0	0	0	501	7	
11138	0	0	0	581	10	
11247	0	0	0	578	7	
8412	0	0	0	458	11	
8557	0	0	0	544	6	
10410	0	0	0	538	20	
8866	0	0	0	474	7	
9846	0	0	0	508	7	
11032	0	0	0	568	13	
9199	0	0	0	537	14	
10750	0	0	0	565	6	
10599	0	0	0	520	10	
10332	0	0	0	542	4	
8141	0	0	0	505	9	
8785	0	0	0	588	10	
9837	0	0	0	580	5	
9805	0	0	0	508	7	
11326	0	0	0	541	9	
10389	0	0	0	513	7	
9959	0	0	0	501	5	
8174	0	0	0	427	4	
8373	0	0	0	575	2	
10612	0	0	0	561	7	
10257	0	0	0	552	12	
11498	0	0	0	602	6	
11690	0	0	0	606	13	
10959	0	0	0	564	11	
9991	0	0	0	526	8	
10254	0	0	0	530	13	
10120	0	0	0	523	10	
10705	0	0	0	542	9	
11183	0	0	0	589	13	
11043	0	0	0	562	9	
11135	0	0	0	573	6	
10535	0	0	0	553	9	
8357	0	0	0	464	6	
8868	0	0	0	472	8	
8627	0	0	0	701	5	
8171	0	0	0	590	5	
9532	0	0	0	496	5	
11989	0	0	0	604	5	
9298	0	0	0	922	10	
10243	0	0	0	510	7	
10236	0	0	0	501	9	
8478	0	0	0	475	3	
10856	0	0	0	520	4	
7420	0	0	0	885	5	
8578	0	0	0	669	2	
11426	0	0	0	577	2	
11275	0	0	0	592	8	
7668	0	0	0	867	4	
9976	0	0	0	594	5	
8106	0	0	0	859	2	
10250	0	0	0	534	5	
9480	0	0	0	547	4	
9017	0	0	0	951	9	
11485	0	0	0	588	13	
10818	0	0	0	552	10	
7804	0	0	0	824	6	
8383	0	0	0	576	2	
9660	0	0	0	697	2	
8930	0	0	0	722	6	
10537	0	0	0	546	6	
10690	0	0	0	559	10	
9482	0	0	0	992	3	
8512	0	0	0	596	5	
9675	0	0	0	496	4	
9696	0	0	0	493	2	
10390	0	0	0	523	11	
10367	0	0	0	530	1	
10885	0	0	0	531	7	
9797	0	0	0	765	6	
9332	0	0	0	807	6	
10660	0	0	0	517	4	
7134	0	0	0	869	6	
9654	0	0	0	550	4	
8511	0	0	0	666	4	
8350	0	0	0	909	7	
10444	0	0	0	637	5	
11180	0	0	0	574	5	
9697	0	0	0	508	3	
9375	0	0	0	513	10	
9239	0	0	0	762	6	
9857	0	0	0	511	7	
10476	0	0	0	535	9	
9003	0	0	0	571	5	
10563	0	0	0	552	3	
11058	0	0	0	580	7	
11057	0	0	0	570	9	
8672	0	0	0	940	2	
10488	0	0	0	551	8	
10303	0	0	0	543	9	
10914	0	0	0	578	3	
10617	0	0	0	544	1	
8566	0	0	0	481	4	
10954	0	0	0	547	0	
9823	0	0	0	730	0	
10753	0	0	0	519	8	
8113	0	0	0	442	2	
10313	0	0	0	507	5	
7484	0	0	0	435	3	
9133	0	0	0	768	3	
11245	0	0	0	573	3	
9051	0	0	0	776	3	
8279	0	0	0	696	2	
10384	0	0	0	538	4	
10283	0	0	0	528	4	
10354	0	0	0	532	9	
10326	0	0	0	543	2	
8429	0	0	0	501	3	
10915	0	0	0	566	0	
10941	0	0	0	568	6	
10914	0	0	0	567	1	
10338	0	0	0	553	4	
9564	0	0	0	506	4	
10278	0	0	0	525	4	
10610	0	0	0	556	4	
8906	0	0	0	508	3	
8116	0	0	0	675	2	
8697	0	0	0	728	2	
10957	0	0	0	565	1	
10611	0	0	0	524	11	
10405	0	0	0	543	4	
10513	0	0	0	520	5	
8787	0	0	0	513	2	
7744	0	0	0	634	1	
9989	0	0	0	679	7	
11066	0	0	0	543	5	
8754	0	0	0	696	5	
8874	0	0	0	673	1	
9505	0	0	0	506	4	
9369	0	0	0	484	4	
10788	0	0	0	561	3	
10991	0	0	0	582	2	
10500	0	0	0	544	5	
11075	0	0	0	565	7	
11066	0	0	0	567	2	
10808	0	0	0	566	3	
8724	0	0	0	613	2	
9856	0	0	0	508	2	
8042	0	0	0	822	2	
6154	0	0	0	1294	3	
9505	0	0	0	611	2	
9656	0	0	0	811	3	
10274	0	0	0	651	2	
11019	0	0	0	577	3	
8589	0	0	0	886	1	
8086	0	0	0	870	1	
10594	0	0	0	558	5	
10336	0	0	0	528	3	
10990	0	0	0	575	3	
11354	0	0	0	540	2	
11100	0	0	0	584	3	
9005	0	0	0	860	0	
8509	0	0	0	618	3	
9088	0	0	0	569	3	
10204	0	0	0	507	2	
9992	0	0	0	548	1	
10987	0	0	0	571	4	
11152	0	0	0	574	0	
11338	0	0	0	594	2	
10703	0	0	0	560	4	
7987	0	0	0	777	2	
10471	0	0	0	548	0	
10587	0	0	0	572	0	
7678	0	0	0	607	0	
10596	0	0	0	562	5	
9338	0	0	0	508	0	
8355	0	0	0	555	2	
10662	0	0	0	556	1	
8039	0	0	0	449	0	
9496	0	0	0	490	0	
9360	0	0	0	697	2	
8412	0	0	0	550	3	
9252	0	0	0	551	1	
9534	0	0	0	565	1	
11437	0	0	0	604	6	
10353	0	0	0	572	4	
9018	0	0	0	453	3	
10165	0	0	0	541	2	
10444	0	0	0	514	6	
10527	0	0	0	522	3	
9665	0	0	0	482	1	
8947	0	0	0	633	1	
9376	0	0	0	577	0	
9694	0	0	0	518	1	
9058	0	0	0	509	1	
6556	0	0	0	402	3	
11054	0	0	0	573	6	
7351	0	0	0	409	0	
8781	0	0	0	635	0	
11014	0	0	0	589	4	
12138	0	0	0	625	2	
9459	0	0	0	523	1	
9177	0	0	0	531	2	
10569	0	0	0	553	2	
9624	0	0	0	621	2	
11334	0	0	0	593	2	
9276	0	0	0	535	7	
8781	0	0	0	736	1	
11452	0	0	0	621	1	
9200	0	0	0	582	1	
11791	0	0	0	671	0	
11939	0	0	0	630	1	
11809	0	0	0	619	0	
11906	0	0	0	586	1	
11314	0	0	0	569	0	
10218	0	0	0	575	5	
9890	0	0	0	541	1	
12023	0	0	0	577	2	
11476	0	0	0	567	2	
11139	0	0	0	549	1	
11715	0	0	0	609	3	
11383	0	0	0	580	0	
8750	0	0	0	558	1	
9038	0	0	0	522	0	
11914	0	0	0	610	1	
9389	0	0	0	595	3	
11002	0	0	0	590	5	
11233	0	0	0	606	0	
9996	0	0	0	521	3	
10539	0	0	0	543	3	
8207	0	0	0	594	2	
11401	0	0	0	587	4	
12284	0	0	0	634	0	
10855	0	0	0	564	1	
10903	0	0	0	572	0	
10765	0	0	0	559	0	
8419	0	0	0	514	0	
8267	0	0	0	488	2	
9105	0	0	0	505	0	
11703	0	0	0	599	0	
8909	0	0	0	555	0	
12013	0	0	0	576	0	
10053	0	0	0	602	0	
9829	0	0	0	508	1	
10737	0	0	0	529	4	
7710	0	0	0	430	1	
7538	0	0	0	463	0	
9870	0	0	0	596	0	
10878	0	0	0	551	3	
7723	0	0	0	490	0	
10931	0	0	0	586	0	
9064	0	0	0	483	1	
9697	0	0	0	539	1	
9451	0	0	0	559	0	
11563	0	0	0	624	0	
11387	0	0	0	615	1	
9917	0	0	0	549	1	
11530	0	0	0	590	2	
10743	0	0	0	563	0	
10178	0	0	0	532	1	
11101	0	0	0	579	0	
11561	0	0	0	606	1	
9954	0	0	0	567	2	
8702	0	0	0	469	1	
9780	0	0	0	630	1	
11104	0	0	0	540	1	
9774	0	0	0	530	3	
7903	0	0	0	471	2	
12469	0	0	0	607	1	
8008	0	0	0	675	0	
8530	0	0	0	537	0	
10269	0	0	0	545	1	
11368	0	0	0	615	0	
8588	0	0	0	435	4	
11135	0	0	0	581	0	
8671	0	0	0	562	0	
12415	0	0	0	640	0	
8017	0	0	0	435	0	
8908	0	0	0	557	2	
11018	0	0	0	583	1	
11019	0	0	0	605	3	
11387	0	0	0	580	1	
8950	0	0	0	550	0	
10834	0	0	0	559	3	
11554	0	0	0	589	1	
11315	0	0	0	587	2	
10818	0	0	0	574	1	
11205	0	0	0	608	0	
10638	0	0	0	567	3	
8351	0	0	0	571	0	
11963	0	0	0	627	0	
11154	0	0	0	553	0	
11974	0	0	0	583	0	
12512	0	0	0	658	2	
9558	0	0	0	626	0	
10488	0	0	0	558	1	
11328	0	0	0	613	2	
10920	0	0	0	529	2	
10102	0	0	0	528	0	
7927	0	0	0	470	0	
11030	0	0	0	583	1	
8993	0	0	0	494	1	
8512	0	0	0	646	0	
10841	0	0	0	585	0	
12172	0	0	0	673	1	
10992	0	0	0	577	0	
11331	0	0	0	585	2	
11609	0	0	0	592	1	
11626	0	0	0	593	1	
11276	0	0	0	599	1	
10957	0	0	0	570	1	
8741	0	0	0	551	0	
8814	0	0	0	531	0	
7824	0	0	0	416	0	
9599	0	0	0	566	1	
10525	0	0	0	582	2	
10920	0	0	0	571	0	
12290	0	0	0	607	0	
10563	0	0	0	521	1	
9823	0	0	0	510	0	
5968	0	0	0	482	0	
10615	0	0	0	536	0	
8977	0	0	0	643	0	
11886	0	0	0	573	0	
7440	0	0	0	411	1	
11302	0	0	0	621	0	
9353	0	0	0	494	0	
9448	0	0	0	499	2	
10926	0	0	0	574	1	
8477	0	0	0	488	0	
11330	0	0	0	605	1	
12180	0	0	0	628	0	
11883	0	0	0	612	0	
12452	0	0	0	631	0	
11786	0	0	0	604	0	
11350	0	0	0	595	1	
11614	0	0	0	617	2	
10778	0	0	0	567	0	
11490	0	0	0	606	0	
12009	0	0	0	621	0	
12556	0	0	0	648	2	
11252	0	0	0	587	0	
11780	0	0	0	571	0	
11604	0	0	0	604	1	
11396	0	0	0	586	1	
10383	0	0	0	503	0	
9282	0	0	0	658	0	
10558	0	0	0	601	0	
9529	0	0	0	469	0	
9340	0	0	0	549	0	
11585	0	0	0	592	0	
8889	0	0	0	531	0	
11606	0	0	0	618	0	
10791	0	0	0	565	0	
9087	0	0	0	591	0	
11505	0	0	0	596	1	
12053	0	0	0	627	0	
11668	0	0	0	602	0	
8535	0	0	0	657	0	
11743	0	0	0	603	0	
8151	0	0	0	571	2	
10503	0	0	0	558	0	
9814	0	0	0	516	0	
10841	0	0	0	630	0	
12086	0	0	0	635	0	
11853	0	0	0	621	0	
11569	0	0	0	609	0	
11247	0	0	0	585	0	
12046	0	0	0	593	0	
11605	0	0	0	567	1	
11298	0	0	0	639	0	
11647	0	0	0	595	0	
12339	0	0	0	603	0	
11155	0	0	0	539	0	
11664	0	0	0	554	0	
11777	0	0	0	586	0	
11649	0	0	0	594	0	
11843	0	0	0	634	0	
11658	0	0	0	623	0	
8354	0	0	0	529	0	
10309	0	0	0	616	0	
10944	0	0	0	570	0	
8327	0	0	0	499	0	
10085	0	0	0	587	0	
10041	0	0	0	526	0	
8583	0	0	0	563	0	
9388	0	0	0	529	0	
9999	0	0	0	516	0	
7815	0	0	0	507	0	
10409	0	0	0	540	0	
9735	0	0	0	587	0	
8052	0	0	0	518	0	
7427	0	0	0	602	0	
10248	0	0	0	535	0	
8720	0	0	0	443	1	
9994	0	0	0	499	0	
9940	0	0	0	501	0	
8282	0	0	0	419	0	
8711	0	0	0	647	1	
8762	0	0	0	448	0	
10698	0	0	0	533	0	
8533	0	0	0	541	0	
8590	0	0	0	528	0	
8341	0	0	0	502	0	
10552	0	0	0	546	0	
10163	0	0	0	525	0	
10966	0	0	0	566	0	
11327	0	0	0	595	0	
11326	0	0	0	593	0	
8948	0	0	0	499	0	
10433	0	0	0	557	0	
8785	0	0	0	468	0	
8859	0	0	0	574	0	
8547	0	0	0	471	0	
8758	0	0	0	476	0	
11286	0	0	0	580	1	
11335	0	0	0	582	0	
7781	0	0	0	503	0	
8840	0	0	0	568	0	
10107	0	0	0	530	0	
8409	0	0	0	466	0	
10206	0	0	0	531	0	
8264	0	0	0	480	0	
10541	0	0	0	509	0	
11462	0	0	0	600	0	
8424	0	0	0	438	1	
9819	0	0	0	538	0	
9937	0	0	0	591	0	
9678	0	0	0	595	0	
10284	0	0	0	514	0	
7314	0	0	0	442	0	
11072	0	0	0	575	0	
10937	0	0	0	561	0	
10802	0	0	0	571	0	
8679	0	0	0	611	0	
9891	0	0	0	532	0	
11244	0	0	0	583	0	
10633	0	0	0	548	0	
10261	0	0	0	546	0	
10550	0	0	0	587	0	
11029	0	0	0	576	0	
11330	0	0	0	578	0	
9380	0	0	0	508	2396	
10137	0	0	0	523	1476	
10180	0	0	0	535	956	
10187	0	0	0	536	694	
10182	0	0	0	543	563	
10648	0	0	0	562	452	
11445	0	0	0	592	1997	
10983	0	0	0	544	1391	
10974	0	0	0	565	1144	
10502	0	0	0	515	875	
10259	0	0	0	498	776	
9816	0	0	0	492	885	
9938	0	0	0	502	1552	
10167	0	0	0	521	1255	
11164	0	0	0	587	1132	
10916	0	0	0	563	984	
10250	0	0	0	526	931	
10466	0	0	0	544	1447	
9413	0	0	0	579	1542	
6949	0	0	0	415	862	
9609	0	0	0	508	1283	
9951	0	0	0	512	1106	
10924	0	0	0	565	1045	
10875	0	0	0	560	1721	
10754	0	0	0	566	1713	
10600	0	0	0	544	1520	
7949	0	0	0	459	1064	
10145	0	0	0	530	1033	
7949	0	0	0	552	861	
10109	0	0	0	537	1318	
10463	0	0	0	548	1268	
8734	0	0	0	446	932	
10650	0	0	0	583	1079	
9827	0	0	0	511	922	
9345	0	0	0	595	812	
8084	0	0	0	438	600	
10088	0	0	0	542	735	
9039	0	0	0	588	562	
10012	0	0	0	491	603	
9480	0	0	0	588	563	
10550	0	0	0	515	539	
10908	0	0	0	537	520	
10966	0	0	0	568	488	
10570	0	0	0	549	430	
9995	0	0	0	519	402	
9959	0	0	0	514	374	
10631	0	0	0	560	324	
10864	0	0	0	570	312	
10376	0	0	0	539	251	
11051	0	0	0	576	268	
9092	0	0	0	503	163	
10155	0	0	0	538	198	
10491	0	0	0	575	1646	
9906	0	0	0	528	1722	
10422	0	0	0	547	1117	
8692	0	0	0	537	680	
5930	0	0	0	127	343	
7407	0	0	0	26	402	
5208	0	0	0	17	232	
6177	0	0	0	17	276	
1363	0	0	0	16	401	
1851	0	0	0	16	450	
2587	0	0	0	21	545	
1835	0	0	0	17	411	
2380	0	0	0	20	510	
2591	0	0	0	20	530	
2499	0	0	0	16	426	
2424	0	0	0	14	363	
3277	0	0	0	18	460	
5819	0	0	0	23	760	
5679	0	0	0	22	702	
4451	0	0	0	17	534	
5558	0	0	0	19	589	
5065	0	0	0	15	471	
5435	0	0	0	20	640	
10119	0	0	0	362	1565	
10804	0	0	0	533	1509	
9075	0	0	0	516	1104	
11845	0	0	0	578	1324	
11547	0	0	0	597	1116	
10870	0	0	0	647	1451	
10036	0	0	0	541	1350	
10628	0	0	0	556	1174	
9113	0	0	0	475	940	
11137	0	0	0	575	974	
9994	0	0	0	538	750	
11080	0	0	0	568	1143	
11292	0	0	0	578	1127	
9197	0	0	0	514	776	
7028	0	0	0	473	609	
9860	0	0	0	664	668	
10498	0	0	0	545	694	
10797	0	0	0	563	731	
11351	0	0	0	585	961	
12223	0	0	0	635	901	
11194	0	0	0	585	659	
11257	0	0	0	613	620	
11352	0	0	0	599	551	
11850	0	0	0	583	544	
9934	0	0	0	630	530	
11047	0	0	0	537	714	
9834	0	0	0	591	573	
12114	0	0	0	594	595	
11620	0	0	0	556	511	
11622	0	0	0	568	405	
11701	0	0	0	565	425	
11245	0	0	0	578	323	
10410	0	0	0	539	364	
10975	0	0	0	551	375	
12193	0	0	0	627	418	
10624	0	0	0	608	315	
9726	0	0	0	542	264	
11876	0	0	0	615	331	
10762	0	0	0	578	249	
11956	0	0	0	635	203	
11536	0	0	0	607	197	
10537	0	0	0	543	279	
10981	0	0	0	573	302	
11308	0	0	0	593	259	
11181	0	0	0	566	221	
11360	0	0	0	603	176	
11691	0	0	0	609	203	
11704	0	0	0	612	178	
10470	0	0	0	509	157	
11267	0	0	0	586	150	
11563	0	0	0	608	195	
11727	0	0	0	574	248	
11780	0	0	0	557	196	
11746	0	0	0	564	216	
11571	0	0	0	563	176	
12210	0	0	0	640	171	
10651	0	0	0	553	141	
11547	0	0	0	607	135	
11982	0	0	0	629	124	
12278	0	0	0	642	122	
10679	0	0	0	551	181	
8900	0	0	0	457	136	
11833	0	0	0	615	211	
11403	0	0	0	608	186	
9614	0	0	0	510	147	
11648	0	0	0	604	139	
11762	0	0	0	629	130	
11610	0	0	0	611	109	
12475	0	0	0	638	98	
9958	0	0	0	536	105	
12365	0	0	0	621	161	
11002	0	0	0	564	113	
11790	0	0	0	587	110	
9428	0	0	0	670	110	
11195	0	0	0	557	98	
11550	0	0	0	562	70	
12298	0	0	0	596	76	
11024	0	0	0	546	77	
9895	0	0	0	528	72	
5793	0	0	0	478	26	
11588	0	0	0	605	82	
11892	0	0	0	628	132	
12278	0	0	0	642	125	
11712	0	0	0	640	114	
10399	0	0	0	548	87	
10200	0	0	0	617	75	
10838	0	0	0	571	72	
11943	0	0	0	612	74	
9862	0	0	0	655	35	
10906	0	0	0	583	46	
8687	0	0	0	494	41	
10103	0	0	0	537	90	
11289	0	0	0	606	94	
10402	0	0	0	614	115	
11263	0	0	0	579	83	
9690	0	0	0	542	68	
11795	0	0	0	589	74	
11760	0	0	0	609	58	
11021	0	0	0	603	40	
10795	0	0	0	528	45	
10240	0	0	0	503	33	
10231	0	0	0	514	37	
11322	0	0	0	553	125	
11439	0	0	0	580	97	
9503	0	0	0	604	74	
9453	0	0	0	495	64	
8666	0	0	0	546	53	
10078	0	0	0	539	57	
11111	0	0	0	585	49	
9922	0	0	0	530	48	
10917	0	0	0	574	31	
11546	0	0	0	585	40	
11055	0	0	0	561	42	
8819	0	0	0	479	46	
11356	0	0	0	599	106	
10845	0	0	0	564	87	
7689	0	0	0	517	56	
9579	0	0	0	501	56	
10252	0	0	0	553	67	
9605	0	0	0	533	58	
10547	0	0	0	559	65	
9043	0	0	0	552	39	
10660	0	0	0	538	39	
10731	0	0	0	542	45	
10494	0	0	0	524	34	
11349	0	0	0	579	110	
11042	0	0	0	561	92	
12322	0	0	0	590	83	
10282	0	0	0	493	84	
11110	0	0	0	540	68	
8533	0	0	0	572	49	
11033	0	0	0	582	51	
9102	0	0	0	503	37	
10617	0	0	0	544	36	
9433	0	0	0	549	36	
10875	0	0	0	631	43	
10298	0	0	0	563	65	
9970	0	0	0	531	85	
10222	0	0	0	543	87	
9984	0	0	0	517	74	
10490	0	0	0	561	66	
9677	0	0	0	536	55	
8525	0	0	0	523	46	
9701	0	0	0	582	40	
7655	0	0	0	417	31	
6552	0	0	0	415	30	
10665	0	0	0	560	35	
9076	0	0	0	508	31	
8406	0	0	0	516	31	
9140	0	0	0	522	76	
9560	0	0	0	479	67	
11542	0	0	0	586	100	
8221	0	0	0	583	57	
10790	0	0	0	567	70	
10290	0	0	0	505	60	
10241	0	0	0	506	47	
10068	0	0	0	500	44	
10431	0	0	0	521	27	
9144	0	0	0	526	44	
8576	0	0	0	492	29	
9830	0	0	0	616	44	
10610	0	0	0	577	90	
7750	0	0	0	662	54	
10631	0	0	0	563	75	
8544	0	0	0	503	65	
6483	0	0	0	431	44	
9447	0	0	0	624	38	
10509	0	0	0	611	52	
9179	0	0	0	471	55	
11300	0	0	0	606	46	
10404	0	0	0	614	35	
9517	0	0	0	492	35	
10336	0	0	0	532	28	
8510	0	0	0	452	71	
8149	0	0	0	456	68	
11219	0	0	0	593	86	
9294	0	0	0	596	64	
10847	0	0	0	548	53	
10004	0	0	0	505	46	
8784	0	0	0	450	45	
10299	0	0	0	518	28	
10038	0	0	0	510	39	
9877	0	0	0	490	42	
11106	0	0	0	540	32	
11085	0	0	0	531	30	
10667	0	0	0	526	89	
10543	0	0	0	560	86	
10267	0	0	0	566	63	
9081	0	0	0	476	53	
9284	0	0	0	552	58	
9424	0	0	0	504	43	
11343	0	0	0	601	65	
9420	0	0	0	583	46	
9350	0	0	0	607	32	
9055	0	0	0	550	31	
10709	0	0	0	570	32	
10428	0	0	0	542	23	
9945	0	0	0	522	60	
10726	0	0	0	550	81	
9846	0	0	0	644	55	
10602	0	0	0	581	69	
10960	0	0	0	568	51	
10519	0	0	0	554	67	
11156	0	0	0	584	41	
10818	0	0	0	564	36	
11197	0	0	0	545	46	
10171	0	0	0	526	29	
10755	0	0	0	539	24	
11062	0	0	0	552	97	
10967	0	0	0	541	79	
8674	0	0	0	533	44	
11200	0	0	0	549	73	
8165	0	0	0	436	41	
9742	0	0	0	515	47	
10142	0	0	0	523	35	
11090	0	0	0	572	40	
10294	0	0	0	532	33	
10583	0	0	0	554	37	
11013	0	0	0	564	34	
10060	0	0	0	569	43	
8958	0	0	0	467	73	
9869	0	0	0	525	88	
10018	0	0	0	532	72	
7415	0	0	0	568	45	
9146	0	0	0	544	47	
10531	0	0	0	563	63	
11280	0	0	0	585	44	
10473	0	0	0	544	37	
9509	0	0	0	506	41	
8397	0	0	0	516	33	
9029	0	0	0	595	23	
10740	0	0	0	572	24	
10983	0	0	0	568	77	
9661	0	0	0	492	61	
10781	0	0	0	552	66	
11831	0	0	0	587	60	
10356	0	0	0	530	63	
10107	0	0	0	492	32	
10216	0	0	0	503	44	
10358	0	0	0	555	38	
10093	0	0	0	514	40	
10641	0	0	0	561	27	
9941	0	0	0	550	32	
11415	0	0	0	620	73	
8993	0	0	0	493	82	
9981	0	0	0	524	47	
9385	0	0	0	530	54	
10874	0	0	0	570	53	
9882	0	0	0	531	47	
10683	0	0	0	542	43	
11366	0	0	0	583	42	
10477	0	0	0	602	38	
9754	0	0	0	557	32	
10021	0	0	0	531	29	
9813	0	0	0	517	27	
10409	0	0	0	539	67	
9002	0	0	0	525	43	
9093	0	0	0	478	58	
10198	0	0	0	569	64	
11584	0	0	0	598	58	
10866	0	0	0	537	46	
9395	0	0	0	538	46	
8820	0	0	0	509	38	
8901	0	0	0	508	29	
8997	0	0	0	453	32	
10647	0	0	0	557	31	
10616	0	0	0	562	31	
8531	0	0	0	453	45	
10588	0	0	0	568	67	
7138	0	0	0	560	51	
9786	0	0	0	503	48	
8819	0	0	0	470	35	
8709	0	0	0	509	34	
8273	0	0	0	535	30	
10781	0	0	0	563	43	
8849	0	0	0	549	36	
9574	0	0	0	523	24	
8942	0	0	0	487	38	
10004	0	0	0	539	24	
10344	0	0	0	537	26	
8849	0	0	0	490	60	
9823	0	0	0	540	75	
9151	0	0	0	524	46	
11353	0	0	0	596	60	
11045	0	0	0	581	51	
8515	0	0	0	463	41	
10622	0	0	0	552	31	
10981	0	0	0	544	38	
6908	0	0	0	386	26	
9974	0	0	0	516	32	
9612	0	0	0	552	19	
10259	0	0	0	605	31	
11033	0	0	0	549	80	
9648	0	0	0	513	69	
8338	0	0	0	428	42	
8291	0	0	0	511	50	
10176	0	0	0	530	48	
8281	0	0	0	482	34	
8628	0	0	0	667	33	
9063	0	0	0	574	34	
11145	0	0	0	588	36	
8924	0	0	0	578	34	
9609	0	0	0	574	24	
9221	0	0	0	560	24	
8239	0	0	0	534	34	
9338	0	0	0	506	728	
10621	0	0	0	565	488	
11654	0	0	0	600	344	
5143	1	0	0	1531	94	
0	0	0	0	2606	0	
0	0	0	0	1999	0	
0	0	0	0	2165	0	
0	0	0	0	1956	0	
0	0	0	0	2076	0	
0	0	0	0	2122	0	
0	0	0	0	2305	0	
0	0	0	0	2066	0	
0	0	0	0	2417	0	
0	0	0	0	1829	0	
0	0	4	0	1557	0	
0	0	9	0	1246	0	
0	0	8	0	1337	0	
0	0	9	0	1447	0	
0	0	8	0	1376	0	
0	0	8	0	1393	0	
0	0	9	0	1259	0	
0	0	10	0	1300	0	
0	0	7	0	1432	0	
0	0	8	0	1388	0	
0	0	8	0	1393	0	
0	0	9	0	1309	0	
0	0	9	0	1356	0	
0	0	9	0	1272	0	
0	0	9	0	1408	0	
0	0	9	0	1347	0	
0	0	8	0	1409	0	
0	0	7	0	1282	0	
0	0	9	0	1300	0	
0	0	9	0	1328	0	
0	0	8	0	1452	0	
0	0	9	0	1271	0	
0	0	9	0	1275	0	
0	0	9	0	1370	0	
0	0	8	0	1466	0	
0	0	9	0	1192	0	
0	0	9	0	1185	0	
0	0	8	0	1314	0	
0	0	8	0	1437	0	
0	0	9	0	1277	0	
0	0	9	0	1355	0	
0	0	8	0	1622	0	
0	0	8	0	1580	0	
0	0	9	0	1418	0	
0	0	9	0	1363	0	
0	0	9	0	1372	0	
0	0	8	0	1461	0	
0	0	9	0	1368	0	
0	0	9	0	1384	0	
0	0	8	0	1375	0	
0	0	7	0	1475	0	
0	0	5	0	1473	0	
0	0	6	0	1518	0	
0	0	6	0	1552	0	
0	0	8	0	1394	0	
0	0	5	0	1506	0	
0	0	6	0	1501	0	
0	0	6	0	1483	0	
0	0	5	0	1547	0	
0	0	6	0	1450	0	
0	0	5	0	1474	0	
0	0	7	0	1458	0	
0	0	5	0	1554	0	
0	0	5	0	1493	0	
0	0	6	0	1424	0	
0	0	5	0	1579	0	
0	0	7	0	1480	0	
0	0	13	0	1094	0	
0	0	6	0	1424	0	
0	0	4	0	1501	0	
0	0	6	0	1524	0	
0	0	6	0	1395	0	
0	0	6	0	1549	0	
0	0	6	0	1591	0	
0	0	5	0	1575	0	
0	0	7	0	1463	0	
0	0	8	0	1445	0	
0	0	6	0	1584	0	
0	0	6	0	1533	0	
0	0	4	0	1611	0	
0	0	6	0	1493	0	
0	0	7	0	1442	0	
0	0	5	0	1526	0	
0	0	5	0	1522	0	
0	0	9	0	1305	0	
0	0	5	0	1632	0	
0	0	4	0	1688	0	
0	0	12	0	1112	0	
0	0	6	0	975	0	
0	0	5	0	22	0	
0	0	5	0	22	0	
0	0	6	0	21	0	
0	0	6	0	20	0	
0	0	6	0	18	0	
0	0	4	0	16	0	
0	0	6	0	21	0	
0	0	5	0	22	0	
0	0	6	0	16	0	
0	0	6	0	18	0	
0	0	5	0	22	0	
0	0	7	0	18	0	
0	0	5	0	22	0	
0	0	5	0	22	0	
0	0	5	0	22	0	
0	0	6	0	19	0	
0	0	6	0	21	0	
0	0	5	0	19	0	
0	0	6	0	19	0	
0	0	5	0	21	0	
0	0	5	0	22	0	
0	0	6	0	21	0	
0	0	6	0	21	0	
0	0	6	0	22	0	
0	0	6	0	22	0	
0	0	6	0	22	0	
0	0	6	0	1337	0	
0	0	5	0	1489	0	
0	0	6	0	1408	0	
0	0	6	0	1552	0	
0	0	11	0	1131	0	
0	0	5	0	1560	0	
0	0	8	0	1331	0	
0	0	7	0	1517	0	
0	0	5	0	1589	0	
0	0	5	0	1460	0	
0	0	5	0	1544	0	
0	0	6	0	1442	0	
0	0	6	0	1526	0	
0	0	6	0	1425	0	
0	0	9	0	1298	0	
0	0	5	0	1584	0	
0	0	5	0	1558	0	
0	0	5	0	1571	0	
0	0	5	0	1568	0	
0	0	9	0	1277	0	
0	0	10	0	1167	0	
0	0	5	0	1346	0	
0	0	8	0	1372	0	
0	0	8	0	1442	0	
0	0	6	0	1527	0	
0	0	6	0	1422	0	
0	0	5	0	1547	0	
0	0	7	0	1470	0	
0	0	5	0	1576	0	
0	0	6	0	1404	0	
0	0	4	0	1555	0	
0	0	6	0	1502	0	
0	0	6	0	1502	0	
0	0	6	0	1516	0	
0	0	8	0	1163	0	
0	0	5	0	1801	0	
0	0	7	0	1567	0	
0	0	7	0	1605	0	
0	0	7	0	1638	0	
0	0	11	0	1306	0	
0	0	5	0	1643	0	
0	0	6	0	1578	0	
0	0	9	0	1468	0	
0	0	11	0	1330	0	
0	0	8	0	1433	0	
0	0	5	0	1599	0	
0	0	5	0	1466	0	
0	0	6	0	1494	0	
0	0	6	0	1446	0	
0	0	6	0	1432	0	
0	0	6	0	1452	0	
0	0	9	0	1346	0	
0	0	7	0	1462	0	
0	0	5	0	1602	0	
0	0	8	0	1631	0	
0	0	7	0	1719	0	
0	0	11	0	1334	0	
0	0	6	0	1449	0	
0	0	6	0	1574	0	
0	0	10	0	1378	0	
0	0	7	0	1583	0	
0	0	7	0	1588	0	
0	0	7	0	1611	0	
0	0	6	0	1570	0	
0	0	6	0	1498	0	
0	0	10	0	1181	0	
0	0	9	0	1318	0	
0	0	5	0	1577	0	
0	0	6	0	1463	0	
0	0	5	0	1659	0	
0	0	5	0	1586	0	
0	0	6	0	1557	0	
0	0	6	0	1518	0	
0	0	6	0	1588	0	
0	0	6	0	1530	0	
0	0	5	0	1639	0	
0	0	5	0	1616	0	
0	0	5	0	1503	0	
0	0	6	0	1446	0	
0	0	6	0	1555	0	
0	0	6	0	1571	0	
0	0	9	0	1528	0	
0	0	10	0	1298	0	
0	0	8	0	1470	0	
0	0	9	0	1551	0	
0	0	4	0	1728	0	
0	0	12	0	1288	0	
0	0	10	0	1306	0	
0	0	6	0	1392	0	
0	0	5	0	1523	0	
0	0	7	0	1227	0	
0	0	6	0	1349	0	
0	0	6	0	1474	0	
0	0	6	0	1538	0	
0	0	5	0	1535	0	
0	0	4	0	1620	0	
0	0	6	0	1526	0	
0	0	6	0	1428	0	
0	0	6	0	1464	0	
0	0	5	0	1430	0	
0	0	6	0	1516	0	
0	0	6	0	1457	0	
0	0	5	0	1599	0	
0	0	6	0	1640	0	
0	0	5	0	1745	0	
0	0	6	0	1584	0	
0	0	6	0	1611	0	
0	0	5	0	1784	0	
0	0	6	0	1577	0	
0	0	5	0	1621	0	
0	0	6	0	1616	0	
0	0	6	0	1707	0	
0	0	5	0	1616	0	
0	0	6	0	1628	0	
0	0	6	0	1519	0	
0	0	5	0	1502	0	
0	0	5	0	1476	0	
0	0	6	0	243	0	
0	0	7	0	20	0	
0	0	7	0	21	0	
0	0	6	0	22	0	
0	0	7	0	19	0	
0	0	5	0	23	0	
0	0	6	0	21	0	
0	0	8	0	19	0	
0	0	5	0	22	0	
0	0	5	0	22	0	
0	0	5	0	21	0	
0	0	6	0	21	0	
0	0	6	0	21	0	
0	0	6	0	21	0	
0	0	5	0	19	0	
0	0	5	0	11	0	
0	0	6	0	0	0	
0	0	6	0	0	0	
0	0	5	0	0	0	
0	0	6	0	0	0	
0	0	6	0	0	0	
0	0	5	0	0	0	
0	0	6	0	0	0	
0	0	5	0	0	0	
0	0	6	0	0	0	
0	0	5	0	0	0	
0	0	6	0	0	0	
0	0	5	0	0	0	
0	0	6	0	0	0	
0	0	6	0	0	0	
0	0	6	0	0	0	
0	0	5	0	0	0	
0	0	6	0	0	0	
0	0	5	0	0	0	
0	0	5	0	0	0	
0	0	6	0	0	0	
0	0	6	0	0	0	
0	0	6	0	0	0	
0	0	6	0	0	0	
0	0	5	0	0	0	
0	0	5	0	0	0	
0	0	6	0	0	0	
0	0	5	0	0	0	
0	0	6	0	0	0	
0	0	6	0	0	0	
0	0	7	0	0	0	
0	0	5	0	0	0	
0	0	6	0	0	0	
0	0	5	0	0	0	
0	0	5	0	0	0	
0	0	6	0	0	0	
0	0	5	0	0	0	
0	0	6	0	0	0	
0	0	6	0	0	0	
0	0	4	0	0	0	
0	0	8	0	0	0	
0	0	5	0	0	0	
0	0	6	0	0	0	
0	0	6	0	0	0	
0	0	5	0	0	0	
0	0	5	0	0	0	
0	0	5	0	0	0	
0	0	13	0	0	0	
0	0	5	0	0	0	
0	0	6	0	0	0	
0	0	6	0	0	0	
0	0	5	0	0	0	
0	0	7	0	0	0	
0	0	5	0	0	0	
0	0	6	0	0	0	
0	0	7	0	0	0	
0	0	12	0	0	0	
0	0	5	0	0	0	
0	0	4	0	0	0	
0	0	8	0	0	0	
0	0	7	0	0	0	
0	0	5	0	0	0	
0	0	6	0	0	0	
0	0	6	0	0	0	
0	0	8	0	0	0	
0	0	5	0	0	0	
0	0	5	0	0	0	
0	0	5	0	0	0	
0	0	6	0	0	0	
0	0	6	0	0	0	
0	0	6	0	0	0	
0	0	5	0	0	0	
0	0	5	0	0	0	
0	0	6	0	0	0	
0	0	6	0	0	0	
0	0	5	0	0	0	
0	0	6	0	0	0	
0	0	6	0	0	0	
0	0	5	0	0	0	
0	0	5	0	0	0	
0	0	6	0	0	0	
0	0	6	0	0	0	
0	0	5	0	0	0	
0	0	6	0	0	0	
0	0	6	0	0	0	
0	0	6	0	0	0	
0	0	12	0	0	0	
0	0	6	0	0	0	
0	0	6	0	0	0	
0	0	6	0	0	0	
0	0	6	0	0	0	
0	0	6	0	0	0	
0	0	6	0	0	0	
0	0	5	0	0	0	
0	0	4	0	0	0	
0	0	6	0	0	0	
0	0	6	0	0	0	
0	0	6	0	0	0	
0	0	6	0	0	0	
0	0	5	0	0	0	
0	0	6	0	0	0	
0	0	5	0	0	0	
0	0	5	0	0	0	
0	0	6	0	0	0	
0	0	6	0	0	0	
0	0	5	0	0	0	
0	0	6	0	0	0	
0	0	6	0	0	0	
0	0	5	0	0	0	
0	0	8	0	0	0	
0	0	4	0	0	0	
0	0	6	0	0	0	
0	0	6	0	0	0	
0	0	6	0	0	0	
0	0	5	0	0	0	
0	0	6	0	0	0	
0	0	5	0	0	0	
0	0	4	0	0	0	
0	0	6	0	0	0	
0	0	7	0	0	0	
0	0	6	0	0	0	
0	0	4	0	0	0	
0	0	7	0	0	0	
0	0	10	0	0	0	
0	0	8	0	0	0	
0	0	8	0	0	0	
0	0	5	0	0	0	
0	0	6	0	0	0	
0	0	6	0	0	0	
0	0	6	0	0	0	
0	0	5	0	0	0	
0	0	6	0	0	0	
0	0	4	0	0	0	
0	0	8	0	0	0	
0	0	4	0	0	0	
0	0	5	0	0	0	
0	0	6	0	0	0	
0	0	6	0	0	0	
0	0	6	0	0	0	
0	0	6	0	0	0	
0	0	6	0	0	0	
0	0	5	0	0	0	
0	0	7	0	0	0	
0	0	10	0	0	0	
0	0	7	0	0	0	
0	0	4	0	0	0	
0	0	6	0	0	0	
0	0	8	0	0	0	
0	0	4	0	0	0	
0	0	6	0	0	0	
0	0	6	0	0	0	
0	0	6	0	0	0	
0	0	5	0	0	0	
0	0	6	0	0	0	
0	0	5	0	0	0	
0	0	5	0	0	0	
0	0	8	0	0	0	
0	0	5	0	0	0	
0	0	6	0	0	0	
0	0	5	0	0	0	
0	0	6	0	0	0	
0	0	5	0	0	0	
0	0	6	0	0	0	
0	0	5	0	0	0	
0	0	12	0	0	0	
0	0	21	0	0	0	
0	0	23	0	0	0	
0	0	23	0	0	0	
0	0	26	0	0	0	
0	0	26	0	0	0	
0	0	25	0	0	0	
0	0	25	0	0	0	
0	0	26	0	0	0	
0	0	28	0	0	0	
0	0	26	0	0	0	
0	0	26	0	0	0	
0	0	24	0	0	0	
0	0	24	0	0	0	
0	0	24	0	0	0	
0	0	22	0	0	0	
0	0	25	0	0	0	
0	0	26	0	0	0	
0	0	25	0	0	0	
0	0	26	0	0	0	
0	0	25	0	0	0	
0	0	26	0	0	0	
0	0	26	0	0	0	
0	0	26	0	0	0	
0	0	26	0	0	0	
0	0	25	0	0	0	
0	0	26	0	0	0	
0	0	25	0	0	0	
0	0	25	0	0	0	
0	0	26	0	0	0	
0	0	24	0	0	0	
0	0	19	0	0	0	
0	0	26	0	0	0	
0	0	23	0	0	0	
0	0	25	0	0	0	
0	0	26	0	0	0	
0	0	24	0	0	0	
0	0	25	0	0	0	
0	0	24	0	0	0	
0	0	26	0	0	0	
0	0	26	0	0	0	
0	0	26	0	0	0	
0	0	24	0	0	0	
0	0	23	0	0	0	
0	0	26	0	0	0	
0	0	25	0	0	0	
0	0	25	0	0	0	
0	0	26	0	0	0	
0	0	26	0	0	0	
0	0	26	0	0	0	
0	0	26	0	0	0	
0	0	28	0	0	0	
0	0	28	0	0	0	
0	0	28	0	0	0	
0	0	25	0	0	0	
0	0	24	0	0	0	
0	0	25	0	0	0	
0	0	22	0	0	0	
0	0	26	0	0	0	
0	0	26	0	0	0	
0	0	28	0	0	0	
0	0	27	0	0	0	
0	0	28	0	0	0	
0	0	27	0	0	0	
0	0	26	0	0	0	
0	0	26	0	0	0	
0	0	26	0	0	0	
0	0	27	0	0	0	
0	0	27	0	0	0	
0	0	29	0	0	0	
0	0	28	0	0	0	
0	0	28	0	0	0	
0	0	25	0	0	0	
0	0	25	0	0	0	
0	0	27	0	0	0	
0	0	26	0	0	0	
0	0	26	0	0	0	
0	0	25	0	0	0	
0	0	27	0	0	0	
0	0	26	0	0	0	
0	0	27	0	0	0	
0	0	28	0	0	0	
0	0	27	0	0	0	
0	0	24	0	0	0	
0	0	25	0	0	0	
0	0	25	0	0	0	
0	0	24	0	0	0	
0	0	24	0	0	0	
0	0	25	0	0	0	
0	0	25	0	0	0	
0	0	25	0	0	0	
0	0	27	0	0	0	
0	0	27	0	0	0	
0	0	29	0	0	0	
0	0	28	0	0	0	
0	0	27	0	0	0	
0	0	27	0	0	0	
0	0	26	0	0	0	
0	0	27	0	0	0	
0	0	26	0	0	0	
0	0	28	0	0	0	
0	0	27	0	0	0	
0	0	24	0	0	0	
0	0	27	0	0	0	
0	0	27	0	0	0	
0	0	26	0	0	0	
0	0	24	0	0	0	
0	0	25	0	0	0	
0	0	25	0	0	0	
0	0	26	0	0	0	
0	0	24	0	0	0	
0	0	23	0	0	0	
0	0	23	0	0	0	
0	0	25	0	0	0	
0	0	24	0	0	0	
0	0	25	0	0	0	
0	0	26	0	0	0	
0	0	26	0	0	0	
0	0	25	0	0	0	
0	0	25	0	0	0	
0	0	25	0	0	0	
0	0	27	0	0	0	
0	0	28	0	0	0	
0	0	27	0	0	0	
0	0	26	0	0	0	
0	0	27	0	0	0	
0	0	28	0	0	0	
0	0	28	0	0	0	
0	0	26	0	0	0	
0	0	27	0	0	0	
0	0	28	0	0	0	
0	0	28	0	0	0	
0	0	26	0	0	0	
0	0	26	0	0	0	
0	0	26	0	0	0	
0	0	27	0	0	0	
0	0	25	0	0	0	
0	0	27	0	0	0	
0	0	28	0	0	0	
0	0	27	0	0	0	
0	0	27	0	0	0	
0	0	24	0	0	0	
0	0	22	0	0	0	
0	0	17	0	0	0	
0	0	15	0	0	0	
0	0	19	0	0	0	
0	0	28	0	0	0	
0	0	29	0	0	0	
0	0	30	0	0	0	
0	0	29	0	0	0	
0	0	30	0	0	0	
0	0	30	0	0	0	
0	0	29	0	0	0	
0	0	30	0	0	0	
0	0	30	0	0	0	
0	0	29	0	0	0	
0	0	30	0	0	0	
0	0	30	0	0	0	
0	0	29	0	0	0	
0	0	30	0	0	0	
0	0	30	0	0	0	
0	0	30	0	0	0	
0	0	29	0	0	0	
0	0	30	0	0	0	
0	0	30	0	0	0	
0	0	29	0	0	0	
0	0	30	0	0	0	
0	0	29	0	0	0	
0	0	30	0	0	0	
0	0	29	0	0	0	
0	0	30	0	0	0	
0	0	29	0	0	0	
0	0	30	0	0	0	
0	0	17	0	0	0	
0	0	10	0	0	0	
0	0	10	0	0	0	
0	0	11	0	0	0	
0	0	10	0	0	0	
0	0	10	0	0	0	
0	0	10	0	0	0	
0	0	11	0	0	0	
0	0	10	0	0	0	
0	0	10	0	0	0	
0	0	11	0	0	0	
0	0	10	0	0	0	
0	0	10	0	0	0	
0	0	10	0	0	0	
0	0	10	0	0	0	
0	0	11	0	0	0	
0	0	10	0	0	0	
0	0	10	0	0	0	
0	0	10	0	0	0	
0	0	11	0	0	0	
0	0	10	0	0	0	
0	0	10	0	0	0	
0	0	10	0	0	0	
0	0	11	0	0	0	
0	0	10	0	0	0	
0	0	10	0	0	0	
0	0	11	0	0	0	
0	0	10	0	0	0	
0	0	10	0	0	0	
0	0	11	0	0	0	
0	0	10	0	0	0	
0	0	11	0	0	0	
0	0	10	0	0	0	
0	0	11	0	0	0	
0	0	10	0	0	0	
0	0	11	0	0	0	
0	0	10	0	0	0	
0	0	11	0	0	0	
0	0	11	0	0	0	
0	0	10	0	0	0	
0	0	11	0	0	0	
0	0	11	0	0	0	
0	0	10	0	0	0	
0	0	11	0	0	0	
0	0	11	0	0	0	
0	0	10	0	0	0	
0	0	11	0	0	0	
0	0	11	0	0	0	
0	0	10	0	0	0	
0	0	11	0	0	0	
0	0	11	0	0	0	
0	0	10	0	0	0	
0	0	11	0	0	0	
0	0	11	0	0	0	
0	0	10	0	0	0	
0	0	11	0	0	0	
0	0	11	0	0	0	
0	0	11	0	0	0	
0	0	10	0	0	0	
0	0	11	0	0	0	
0	0	11	0	0	0	
0	0	11	0	0	0	
0	0	10	0	0	0	
0	0	11	0	0	0	
0	0	11	0	0	0	
0	0	11	0	0	0	
0	0	10	0	0	0	
0	0	11	0	0	0	
0	0	11	0	0	0	
0	0	11	0	0	0	
0	0	11	0	0	0	
0	0	10	0	0	0	
0	0	11	0	0	0	
0	0	11	0	0	0	
0	0	11	0	0	0	
0	0	10	0	0	0	
0	0	11	0	0	0	
0	0	11	0	0	0	
0	0	10	0	0	0	
0	0	11	0	0	0	
0	0	11	0	0	0	
0	0	11	0	0	0	
0	0	11	0	0	0	
0	0	11	0	0	0	
0	0	10	0	0	0	
0	0	11	0	0	0	
0	0	11	0	0	0	
0	0	11	0	0	0	
0	0	10	0	0	0	
0	0	11	0	0	0	
0	0	11	0	0	0	
0	0	11	0	0	0	
0	0	11	0	0	0	
0	0	10	0	0	0	
0	0	11	0	0	0	
0	0	11	0	0	0	
0	0	11	0	0	0	
0	0	11	0	0	0	
0	0	11	0	0	0	
0	0	11	0	0	0	
0	0	10	0	0	0	
0	0	11	0	0	0	
0	0	11	0	0	0	
0	0	11	0	0	0	
0	0	10	0	0	0	
0	0	11	0	0	0	
0	0	11	0	0	0	
0	0	11	0	0	0	
0	0	11	0	0	0	
0	0	10	0	0	0	
0	0	11	0	0	0	
0	0	11	0	0	0	
0	0	11	0	0	0	
0	0	11	0	0	0	
0	0	11	0	0	0	
0	0	9	0	0	0	
0	0	4	0	0	0	
0	0	4	0	0	0	
0	0	5	0	0	0	
0	0	7	0	0	0	
0	0	6	0	0	0	
0	0	5	0	0	0	
0	0	6	0	0	0	
0	0	5	0	0	0	
0	0	5	0	0	0	
0	0	6	0	0	0	
3423	0	4	1	70	97	
10732	0	0	0	583	208	
6499	0	0	0	1194	94	
1501	0	0	0	2211	21	
11331	0	0	0	590	120	
10615	0	0	0	567	106	
9916	0	0	0	524	84	
10221	0	0	0	544	809	
8543	0	0	0	592	1459	
10215	0	0	0	539	1310	
9817	0	0	0	511	967	
9307	0	0	0	600	760	
10967	0	0	0	585	760	
8863	0	0	0	554	506	
9378	0	0	0	561	2145	
10251	0	0	0	553	1442	
10578	0	0	0	498	1166	
8126	0	0	0	642	754	
10594	0	0	0	562	865	
10318	0	0	0	550	786	
10262	0	0	0	555	1472	
7957	0	0	0	667	930	
9697	0	0	0	517	1029	
10233	0	0	0	559	977	
11200	0	0	0	602	993	
10716	0	0	0	573	823	
10123	0	0	0	543	1578	
9679	0	0	0	514	1262	
10783	0	0	0	576	1272	
9797	0	0	0	529	1002	
7544	0	0	0	624	726	
10751	0	0	0	567	911	
9525	0	0	0	525	1656	
10281	0	0	0	538	1447	
9004	0	0	0	658	1126	
8172	0	0	0	815	894	
10264	0	0	0	534	1070	
8253	0	0	0	496	699	
8555	0	0	0	512	1160	
10004	0	0	0	629	1306	
9553	0	0	0	624	1160	
9990	0	0	0	638	1046	
9869	0	0	0	521	942	
8505	0	0	0	583	787	
10476	0	0	0	564	1227	
9216	0	0	0	682	1289	
8913	0	0	0	676	1112	
10467	0	0	0	558	1142	
11149	0	0	0	596	1185	
7563	0	0	0	915	688	
9944	0	0	0	529	1147	
9935	0	0	0	519	1286	
9655	0	0	0	581	1198	
8614	0	0	0	707	973	
8539	0	0	0	590	853	
11039	0	0	0	594	1148	
8882	0	0	0	828	941	
9805	0	0	0	515	1311	
10092	0	0	0	537	1320	
8305	0	0	0	520	935	
10443	0	0	0	569	1065	
9043	0	0	0	665	826	
8367	0	0	0	618	743	
10647	0	0	0	563	1366	
10768	0	0	0	572	1174	
10297	0	0	0	556	1088	
9232	0	0	0	523	890	
8311	0	0	0	550	714	
10728	0	0	0	581	879	
9025	0	0	0	549	934	
9980	0	0	0	553	1075	
10290	0	0	0	734	999	
10194	0	0	0	685	870	
8339	0	0	0	979	747	
9789	0	0	0	512	768	
8208	0	0	0	561	596	
10509	0	0	0	590	937	
10457	0	0	0	581	926	
7391	0	0	0	418	648	
10949	0	0	0	589	891	
10379	0	0	0	538	721	
9152	0	0	0	692	574	
9977	0	0	0	527	596	
10531	0	0	0	559	565	
10694	0	0	0	565	801	
9603	0	0	0	514	616	
10370	0	0	0	553	668	
10511	0	0	0	553	607	
10522	0	0	0	761	507	
10371	0	0	0	621	488	
8743	0	0	0	523	398	
9782	0	0	0	529	509	
10455	0	0	0	563	557	
9758	0	0	0	524	501	
10340	0	0	0	547	487	
11456	0	0	0	616	499	
11054	0	0	0	592	413	
10553	0	0	0	555	390	
9863	0	0	0	523	302	
10118	0	0	0	542	322	
10233	0	0	0	544	528	
9774	0	0	0	540	364	
9868	0	0	0	523	351	
11150	0	0	0	588	427	
11316	0	0	0	600	338	
10425	0	0	0	569	295	
9993	0	0	0	527	249	
9960	0	0	0	534	251	
10418	0	0	0	547	280	
9921	0	0	0	521	354	
9892	0	0	0	532	347	
10739	0	0	0	567	351	
11256	0	0	0	599	330	
10660	0	0	0	563	253	
9799	0	0	0	523	212	
10367	0	0	0	548	241	
10337	0	0	0	545	180	
9932	0	0	0	524	193	
10131	0	0	0	529	218	
11209	0	0	0	593	359	
10915	0	0	0	581	274	
9926	0	0	0	531	244	
9948	0	0	0	535	184	
10294	0	0	0	549	200	
10733	0	0	0	574	222	
10311	0	0	0	550	177	
8817	0	0	0	476	137	
9641	0	0	0	691	139	
11254	0	0	0	608	180	
10958	0	0	0	603	235	
8939	0	0	0	677	191	
9927	0	0	0	524	205	
8538	0	0	0	676	182	
8199	0	0	0	907	141	
9485	0	0	0	501	157	
9527	0	0	0	501	122	
11251	0	0	0	634	158	
8281	0	0	0	546	109	
9841	0	0	0	633	125	
9386	0	0	0	645	106	
8263	0	0	0	736	185	
11153	0	0	0	601	228	
11061	0	0	0	607	200	
10835	0	0	0	598	178	
11796	0	0	0	619	177	
9754	0	0	0	664	132	
10785	0	0	0	659	135	
11274	0	0	0	616	127	
11358	0	0	0	615	116	
10645	0	0	0	582	97	
11258	0	0	0	600	199	
11934	0	0	0	620	199	
9763	0	0	0	754	128	
10373	0	0	0	579	140	
10660	0	0	0	575	131	
8027	0	0	0	682	104	
10844	0	0	0	577	113	
8252	0	0	0	725	84	
10039	0	0	0	529	106	
10393	0	0	0	546	114	
11271	0	0	0	608	101	
8112	0	0	0	730	139	
7644	0	0	0	460	128	
10032	0	0	0	538	156	
10559	0	0	0	568	163	
9403	0	0	0	621	120	
10190	0	0	0	552	120	
10560	0	0	0	652	130	
8798	0	0	0	817	110	
8465	0	0	0	748	91	
9494	0	0	0	784	72	
9312	0	0	0	551	76	
8742	0	0	0	831	69	
9317	0	0	0	514	167	
8946	0	0	0	759	138	
11064	0	0	0	588	158	
10694	0	0	0	564	142	
10157	0	0	0	538	128	
7877	0	0	0	511	95	
9116	0	0	0	542	123	
9548	0	0	0	511	84	
7475	0	0	0	528	64	
10436	0	0	0	539	101	
11042	0	0	0	581	87	
11013	0	0	0	584	156	
9879	0	0	0	521	144	
9874	0	0	0	536	134	
9856	0	0	0	526	128	
10496	0	0	0	565	141	
10059	0	0	0	537	162	
10872	0	0	0	580	125	
10683	0	0	0	573	112	
11443	0	0	0	615	107	
9977	0	0	0	546	74	
9922	0	0	0	534	74	
10983	0	0	0	583	198	
10783	0	0	0	580	175	
9975	0	0	0	529	131	
10652	0	0	0	562	153	
10074	0	0	0	718	108	
9457	0	0	0	728	109	
8190	0	0	0	672	97	
10128	0	0	0	542	93	
10850	0	0	0	578	101	
9887	0	0	0	523	88	
11471	0	0	0	614	122	
11479	0	0	0	601	185	
11734	0	0	0	610	209	
10716	0	0	0	562	141	
10742	0	0	0	570	134	
11004	0	0	0	581	117	
10916	0	0	0	579	109	
11710	0	0	0	626	143	
10726	0	0	0	580	83	
11028	0	0	0	582	93	
11395	0	0	0	596	103	
11485	0	0	0	607	196	
11813	0	0	0	628	192	
12508	0	0	0	668	160	
11356	0	0	0	605	155	
11681	0	0	0	628	152	
11202	0	0	0	607	100	
11087	0	0	0	575	93	
11573	0	0	0	607	108	
11080	0	0	0	587	98	
11148	0	0	0	591	131	
11739	0	0	0	633	204	
12013	0	0	0	645	182	
11207	0	0	0	602	143	
10503	0	0	0	553	127	
10802	0	0	0	563	114	
11696	0	0	0	608	105	
11818	0	0	0	607	116	
10894	0	0	0	578	91	
8732	0	0	0	585	71	
9214	0	0	0	578	100	
9483	0	0	0	600	145	
11007	0	0	0	575	183	
11691	0	0	0	622	150	
11698	0	0	0	610	145	
11255	0	0	0	584	126	
11327	0	0	0	600	129	
11331	0	0	0	608	114	
10898	0	0	0	617	78	
8403	0	0	0	451	83	
8914	0	0	0	493	56	
8398	0	0	0	492	113	
11249	0	0	0	586	196	
12049	0	0	0	632	167	
11342	0	0	0	601	168	
11741	0	0	0	639	142	
11359	0	0	0	699	100	
10547	0	0	0	683	118	
10767	0	0	0	593	113	
9988	0	0	0	576	84	
10973	0	0	0	582	90	
11075	0	0	0	587	136	
10438	0	0	0	545	211	
11601	0	0	0	610	163	
10185	0	0	0	546	136	
9106	0	0	0	487	112	
10476	0	0	0	554	157	
11775	0	0	0	622	115	
11974	0	0	0	620	121	
11823	0	0	0	630	90	
10425	0	0	0	539	59	
11209	0	0	0	603	119	
11369	0	0	0	610	190	
11111	0	0	0	597	148	
10897	0	0	0	575	145	
11354	0	0	0	616	142	
11432	0	0	0	603	129	
11074	0	0	0	585	110	
11681	0	0	0	604	123	
10645	0	0	0	568	86	
9787	0	0	0	630	68	
10565	0	0	0	570	112	
11183	0	0	0	605	204	
11348	0	0	0	608	196	
11286	0	0	0	592	129	
11333	0	0	0	587	152	
11426	0	0	0	597	116	
11444	0	0	0	603	100	
10650	0	0	0	571	114	
11508	0	0	0	616	87	
10401	0	0	0	562	91	
8442	0	0	0	507	55	
10883	0	0	0	572	188	
11713	0	0	0	596	175	
10964	0	0	0	564	124	
12023	0	0	0	622	129	
10999	0	0	0	581	114	
9701	0	0	0	580	93	
9272	0	0	0	650	65	
9350	0	0	0	547	82	
11106	0	0	0	621	121	
11834	0	0	0	623	103	
11247	0	0	0	585	152	
11793	0	0	0	610	187	
11602	0	0	0	621	149	
10155	0	0	0	542	147	
9602	0	0	0	511	112	
10700	0	0	0	569	113	
12125	0	0	0	694	134	
11017	0	0	0	589	101	
11018	0	0	0	569	104	
12499	0	0	0	657	96	
11013	0	0	0	582	129	
11944	0	0	0	636	181	
11013	0	0	0	587	148	
11236	0	0	0	608	163	
11825	0	0	0	644	140	
12653	0	0	0	670	101	
10564	0	0	0	546	120	
11697	0	0	0	605	94	
12072	0	0	0	630	117	
12199	0	0	0	657	98	
11366	0	0	0	623	157	
11665	0	0	0	627	158	
12000	0	0	0	646	187	
12159	0	0	0	663	127	
11327	0	0	0	590	116	
12032	0	0	0	630	113	
11692	0	0	0	610	92	
10734	0	0	0	566	72	
11111	0	0	0	585	89	
10987	0	0	0	601	150	
9837	0	0	0	525	245	
10517	0	0	0	562	193	
11195	0	0	0	591	212	
11712	0	0	0	608	194	
11599	0	0	0	610	174	
10812	0	0	0	567	123	
10310	0	0	0	543	127	
10607	0	0	0	647	127	
7640	0	0	0	524	75	
10310	0	0	0	541	78	
10303	0	0	0	534	285	
10933	0	0	0	571	224	
11724	0	0	0	610	207	
10777	0	0	0	563	168	
11427	0	0	0	602	139	
10857	0	0	0	576	101	
9036	0	0	0	567	70	
11947	0	0	0	643	87	
12103	0	0	0	635	75	
10941	0	0	0	575	76	
9052	0	0	0	492	100	
11704	0	0	0	621	90	
9851	0	0	0	661	94	
9528	0	0	0	516	94	
10418	0	0	0	573	79	
11243	0	0	0	603	96	
10955	0	0	0	580	89	
11389	0	0	0	608	51	
11185	0	0	0	587	59	
11359	0	0	0	600	72	
11605	0	0	0	641	72	
9711	0	0	0	585	74	
11341	0	0	0	606	104	
10722	0	0	0	575	73	
9218	0	0	0	492	65	
10080	0	0	0	625	69	
10289	0	0	0	592	54	
9819	0	0	0	531	62	
8813	0	0	0	538	55	
9284	0	0	0	538	66	
10445	0	0	0	566	45	
10413	0	0	0	551	40	
12081	0	0	0	646	84	
11704	0	0	0	643	80	
9638	0	0	0	651	63	
11483	0	0	0	609	83	
10779	0	0	0	564	72	
8771	0	0	0	552	41	
10513	0	0	0	557	61	
9289	0	0	0	589	50	
11465	0	0	0	624	49	
12224	0	0	0	680	60	
12021	0	0	0	639	39	
11643	0	0	0	602	72	
11101	0	0	0	576	91	
12041	0	0	0	644	74	
11441	0	0	0	619	76	
12004	0	0	0	643	69	
11768	0	0	0	635	69	
11787	0	0	0	633	60	
11777	0	0	0	620	49	
11608	0	0	0	598	52	
10640	0	0	0	550	48	
10160	0	0	0	535	71	
9602	0	0	0	522	76	
8837	0	0	0	488	51	
9533	0	0	0	540	74	
12362	0	0	0	660	85	
9856	0	0	0	552	51	
11167	0	0	0	588	50	
10396	0	0	0	539	42	
12031	0	0	0	629	53	
11540	0	0	0	617	43	
11940	0	0	0	639	40	
11468	0	0	0	615	97	
11576	0	0	0	632	80	
10822	0	0	0	588	64	
11233	0	0	0	597	78	
10890	0	0	0	573	53	
10390	0	0	0	548	63	
10217	0	0	0	545	42	
10338	0	0	0	551	35	
10285	0	0	0	549	48	
9897	0	0	0	525	32	
11101	0	0	0	607	37	
11641	0	0	0	614	116	
11629	0	0	0	617	126	
10963	0	0	0	577	100	
11175	0	0	0	589	109	
12071	0	0	0	640	88	
11130	0	0	0	592	75	
9810	0	0	0	534	56	
11471	0	0	0	610	63	
9078	0	0	0	538	46	
10628	0	0	0	557	58	
8875	0	0	0	472	47	
9345	0	0	0	494	54	
7929	0	0	0	412	28	
11590	0	0	0	606	25	
11640	0	0	0	614	30	
11354	0	0	0	604	37	
9992	0	0	0	538	30	
10552	0	0	0	559	32	
10275	0	0	0	535	28	
11085	0	0	0	578	30	
10718	0	0	0	557	23	
8627	0	0	0	446	19	
10575	0	0	0	563	46	
9548	0	0	0	507	66	
11385	0	0	0	606	92	
8784	0	0	0	466	55	
11037	0	0	0	598	64	
11410	0	0	0	604	42	
9510	0	0	0	487	46	
11702	0	0	0	603	50	
8496	0	0	0	449	42	
9189	0	0	0	498	32	
11444	0	0	0	625	46	
9760	0	0	0	537	33	
9759	0	0	0	599	75	
12013	0	0	0	635	80	
11873	0	0	0	623	86	
9298	0	0	0	532	67	
11534	0	0	0	602	73	
8973	0	0	0	495	47	
11969	0	0	0	638	70	
11183	0	0	0	597	51	
9359	0	0	0	496	53	
9504	0	0	0	223	35	
11557	0	0	0	270	41	
11480	0	0	0	605	79	
11153	0	0	0	584	77	
11789	0	0	0	637	70	
9503	0	0	0	602	56	
11890	0	0	0	632	63	
9336	0	0	0	543	42	
8746	0	0	0	575	41	
11428	0	0	0	604	43	
8813	0	0	0	477	29	
10511	0	0	0	554	45	
9579	0	0	0	668	28	
11240	0	0	0	632	46	
11154	0	0	0	613	83	
8685	0	0	0	477	53	
11276	0	0	0	662	53	
11139	0	0	0	593	69	
11501	0	0	0	606	50	
10770	0	0	0	661	52	
11355	0	0	0	675	41	
11900	0	0	0	636	42	
11249	0	0	0	615	36	
9309	0	0	0	527	24	
11302	0	0	0	610	66	
10260	0	0	0	553	79	
11576	0	0	0	608	73	
11430	0	0	0	603	61	
10086	0	0	0	547	43	
9823	0	0	0	574	54	
9277	0	0	0	488	32	
10906	0	0	0	573	38	
9343	0	0	0	510	36	
11522	0	0	0	649	34	
11781	0	0	0	621	27	
11235	0	0	0	591	62	
12430	0	0	0	639	79	
11374	0	0	0	590	60	
8899	0	0	0	501	42	
10813	0	0	0	565	58	
10224	0	0	0	541	49	
9450	0	0	0	549	40	
10789	0	0	0	619	27	
10492	0	0	0	580	34	
9203	0	0	0	562	46	
11667	0	0	0	608	41	
10106	0	0	0	595	44	
9533	0	0	0	531	58	
11244	0	0	0	595	68	
9138	0	0	0	550	59	
10353	0	0	0	566	57	
10326	0	0	0	557	51	
10835	0	0	0	605	57	
12176	0	0	0	636	46	
9153	0	0	0	568	34	
9656	0	0	0	567	29	
10941	0	0	0	589	28	
11134	0	0	0	647	22	
10365	0	0	0	581	123	
12102	0	0	0	632	133	
12147	0	0	0	648	110	
11499	0	0	0	599	72	
8449	0	0	0	532	77	
10550	0	0	0	563	59	
11748	0	0	0	652	61	
11810	0	0	0	636	55	
11562	0	0	0	608	61	
11458	0	0	0	600	52	
11326	0	0	0	587	50	
12186	0	0	0	636	40	
11335	0	0	0	588	35	
11430	0	0	0	605	27	
11745	0	0	0	639	28	
12069	0	0	0	674	37	
12391	0	0	0	666	26	
10921	0	0	0	588	21	
11748	0	0	0	618	23	
7696	0	0	0	502	8	
9730	0	0	0	575	16	
11562	0	0	0	607	45	
10703	0	0	0	569	49	
10631	0	0	0	562	48	
11378	0	0	0	678	43	
11099	0	0	0	591	34	
9937	0	0	0	664	22	
9879	0	0	0	538	48	
10580	0	0	0	555	35	
11642	0	0	0	617	32	
11761	0	0	0	617	25	
12315	0	0	0	661	28	
10786	0	0	0	574	59	
11293	0	0	0	602	78	
12060	0	0	0	645	59	
11341	0	0	0	605	43	
8757	0	0	0	601	44	
10325	0	0	0	564	45	
10370	0	0	0	666	29	
10580	0	0	0	574	31	
8554	0	0	0	483	33	
10212	0	0	0	568	27	
8662	0	0	0	517	23	
8607	0	0	0	464	24	
8644	0	0	0	551	64	
10279	0	0	0	558	60	
10430	0	0	0	562	50	
11690	0	0	0	636	48	
10298	0	0	0	556	38	
10811	0	0	0	583	32	
10719	0	0	0	575	43	
9275	0	0	0	579	32	
9623	0	0	0	536	34	
10408	0	0	0	582	34	
8879	0	0	0	566	23	
11498	0	0	0	618	42	
8973	0	0	0	483	51	
10013	0	0	0	593	60	
11132	0	0	0	599	69	
8777	0	0	0	572	39	
10906	0	0	0	619	42	
9552	0	0	0	510	41	
11924	0	0	0	633	49	
10897	0	0	0	588	32	
10619	0	0	0	576	25	
8995	0	0	0	591	21	
10433	0	0	0	566	26	
9354	0	0	0	539	61	
11133	0	0	0	594	68	
9809	0	0	0	566	55	
11295	0	0	0	591	46	
11452	0	0	0	599	57	
10827	0	0	0	634	35	
11103	0	0	0	639	31	
12209	0	0	0	666	37	
12090	0	0	0	650	32	
11350	0	0	0	609	40	
11295	0	0	0	607	29	
11769	0	0	0	616	61	
9024	0	0	0	517	58	
10283	0	0	0	549	45	
9468	0	0	0	616	46	
10225	0	0	0	672	41	
10599	0	0	0	665	48	
10835	0	0	0	586	42	
9613	0	0	0	536	26	
10186	0	0	0	533	43	
2772	0	0	0	2102	5	
0	0	0	0	2736	0	
0	0	0	0	1162	0	
0	0	0	0	0	0	
