133 0 0 0 0 0 3157 0
1551 0 0 0 0 246 23473 0
1483 0 0 0 0 778 15665 0
2129 0 0 0 0 840 16734 0
3126 0 0 0 0 659 18727 0
3409 0 0 0 0 607 17881 0
3812 0 0 0 0 635 18274 0
3963 0 0 0 0 597 17151 0
4845 0 0 0 0 661 18563 0
5102 0 0 0 0 595 17921 0
5341 0 0 0 0 563 16878 0
6265 0 0 0 0 643 17534 0
6635 0 0 0 0 602 16287 0
7211 0 0 0 0 583 15112 0
7343 0 0 0 0 561 13548 0
8195 0 0 0 0 261 13193 0
8966 0 0 0 0 244 12458 0
9070 0 0 0 0 587 10676 0
8926 0 0 0 0 563 9432 0
9023 0 0 0 0 594 8188 0
8581 0 0 0 0 596 6878 0
9004 0 0 0 0 554 6536 0
9612 0 0 0 0 579 6277 0
10052 0 0 0 0 602 5729 0
10160 0 0 0 0 677 4832 0
10039 0 0 0 0 566 4423 0
9270 0 0 0 0 546 3765 0
11298 0 0 0 0 656 4079 0
10504 0 0 0 0 603 3578 0
10419 0 0 0 0 598 3012 0
10731 0 0 0 0 608 3158 0
11385 0 0 0 0 629 2866 0
11119 0 0 0 0 612 2697 0
7155 0 0 0 0 384 1520 0
3439 0 0 0 0 168 772 0
11495 0 0 0 0 574 2229 0
10679 0 0 0 0 563 1859 0
10607 0 0 0 0 576 1750 0
10960 0 0 0 0 588 1640 0
11799 0 0 0 0 632 1559 0
11588 0 0 0 0 589 1594 0
10805 0 0 0 0 541 1305 0
10142 0 0 0 0 498 1158 0
11725 0 0 0 0 582 1266 0
10594 0 0 0 0 525 1118 0
11231 0 0 0 0 556 1110 0
11162 0 0 0 0 551 945 0
11973 0 0 0 0 585 1026 0
10507 0 0 0 0 524 815 0
10415 0 0 0 0 553 835 0
10914 0 0 0 0 580 852 0
11786 0 0 0 0 626 797 0
9959 0 0 0 0 531 670 0
10537 0 0 0 0 554 664 0
10937 0 0 0 0 575 671 0
11839 0 0 0 0 631 684 0
10826 0 0 0 0 591 610 0
10386 0 0 0 0 554 565 0
9132 0 0 0 0 494 509 0
12073 0 0 0 0 641 633 0
11046 0 0 0 0 589 515 0
11505 0 0 0 0 601 531 0
11671 0 0 0 0 595 494 0
12531 0 0 0 0 619 541 0
11959 0 0 0 0 593 493 0
11435 0 0 0 0 565 429 0
10908 0 0 0 0 541 460 0
11688 0 0 0 0 582 440 0
10418 0 0 0 0 553 375 0
11176 0 0 0 0 580 371 0
11597 0 0 0 0 621 441 0
11743 0 0 0 0 641 367 0
11205 0 0 0 0 605 383 0
11338 0 0 0 0 610 334 0
11460 0 0 0 0 598 349 0
12060 0 0 0 0 621 380 0
11278 0 0 0 0 589 323 0
11551 0 0 0 0 606 320 0
11529 0 0 0 0 590 336 0
11769 0 0 0 0 598 308 0
10966 0 0 0 0 569 286 0
11824 0 0 0 0 622 306 0
11412 0 0 0 0 608 284 0
11634 0 0 0 0 627 286 0
10448 0 0 0 0 534 240 0
10700 0 0 0 0 566 277 0
11470 0 0 0 0 558 292 0
12135 0 0 0 0 626 240 0
11393 0 0 0 0 565 256 0
10304 0 0 0 0 521 212 0
11229 0 0 0 0 557 245 0
11724 0 0 0 0 598 218 0
10716 0 0 0 0 538 232 0
10646 0 0 0 0 569 232 0
11127 0 0 0 0 573 240 0
11638 0 0 0 0 596 247 0
10147 0 0 0 0 526 203 0
10760 0 0 0 0 578 251 0
11156 0 0 0 0 583 223 0
11847 0 0 0 0 610 231 0
10520 0 0 0 0 550 171 0
11266 0 0 0 0 595 202 0
11532 0 0 0 0 609 211 0
11236 0 0 0 0 573 234 0
10828 0 0 0 0 545 185 0
11577 0 0 0 0 613 166 0
11585 0 0 0 0 614 175 0
11997 0 0 0 0 632 235 0
11572 0 0 0 0 607 201 0
11628 0 0 0 0 602 188 0
11284 0 0 0 0 569 202 0
11994 0 0 0 0 605 230 0
11588 0 0 0 0 546 168 0
10996 0 0 0 0 535 177 0
11279 0 0 0 0 557 173 0
11545 0 0 0 0 573 157 0
10712 0 0 0 0 537 154 0
10885 0 0 0 0 573 169 0
10990 0 0 0 0 581 155 0
11984 0 0 0 0 621 171 0
10795 0 0 0 0 567 160 0
10452 0 0 0 0 555 163 0
10731 0 0 0 0 589 142 0
11374 0 0 0 0 608 156 0
11127 0 0 0 0 571 142 0
11218 0 0 0 0 580 160 0
11603 0 0 0 0 607 168 0
12122 0 0 0 0 618 157 0
11312 0 0 0 0 586 149 0
11834 0 0 0 0 616 164 0
10553 0 0 0 0 565 114 0
11558 0 0 0 0 618 139 0
11262 0 0 0 0 589 147 0
10631 0 0 0 0 572 120 0
11137 0 0 0 0 594 129 0
12036 0 0 0 0 595 113 0
12133 0 0 0 0 615 160 0
11799 0 0 0 0 576 134 0
10966 0 0 0 0 547 142 0
11770 0 0 0 0 572 137 0
11870 0 0 0 0 579 127 0
11130 0 0 0 0 594 109 0
11554 0 0 0 0 639 136 0
12164 0 0 0 0 642 130 0
10992 0 0 0 0 573 81 0
10722 0 0 0 0 562 106 0
11438 0 0 0 0 597 135 0
11962 0 0 0 0 649 137 0
10650 0 0 0 0 562 123 0
11487 0 0 0 0 594 95 0
10914 0 0 0 0 569 120 0
11365 0 0 0 0 685 115 0
10974 0 0 0 0 560 104 0
10932 0 0 0 0 599 103 0
10577 0 0 0 0 589 105 0
11468 0 0 0 0 614 125 0
10584 0 0 0 0 559 84 0
10669 0 0 0 0 568 92 0
11863 0 0 0 0 585 119 0
11943 0 0 0 0 581 122 0
11293 0 0 0 0 576 115 0
11752 0 0 0 0 558 95 0
11025 0 0 0 0 532 100 0
10333 0 0 0 0 522 83 0
9687 0 0 0 0 504 70 0
10346 0 0 0 0 547 79 0
10006 0 0 0 0 547 66 0
11599 0 0 0 0 611 103 0
10761 0 0 0 0 557 95 0
11793 0 0 0 0 597 99 0
11287 0 0 0 0 566 97 0
11850 0 0 0 0 607 117 0
10730 0 0 0 0 561 77 0
10715 0 0 0 0 567 89 0
11005 0 0 0 0 622 95 0
12010 0 0 0 0 643 95 0
10381 0 0 0 0 576 74 0
11911 0 0 0 0 634 102 0
10855 0 0 0 0 564 84 0
11699 0 0 0 0 611 73 0
10556 0 0 0 0 559 80 0
10653 0 0 0 0 558 92 0
11181 0 0 0 0 577 81 0
11816 0 0 0 0 625 66 0
10957 0 0 0 0 545 95 0
10782 0 0 0 0 559 58 0
11807 0 0 0 0 560 83 0
11770 0 0 0 0 567 86 0
10526 0 0 0 0 519 58 0
10579 0 0 0 0 519 58 0
11405 0 0 0 0 593 71 0
11393 0 0 0 0 628 88 0
10460 0 0 0 0 568 59 0
11816 0 0 0 0 635 76 0
11079 0 0 0 0 576 63 0
12195 0 0 0 0 631 71 0
11436 0 0 0 0 602 77 0
10705 0 0 0 0 561 68 0
11421 0 0 0 0 607 64 0
11810 0 0 0 0 617 71 0
11313 0 0 0 0 610 83 0
10929 0 0 0 0 584 66 0
10872 0 0 0 0 594 63 0
11532 0 0 0 0 630 58 0
10328 0 0 0 0 549 79 0
10587 0 0 0 0 554 53 0
11135 0 0 0 0 576 50 0
12026 0 0 0 0 591 57 0
10801 0 0 0 0 539 45 0
11193 0 0 0 0 553 61 0
11408 0 0 0 0 537 46 0
10528 0 0 0 0 523 53 0
11394 0 0 0 0 566 64 0
11188 0 0 0 0 599 56 0
11413 0 0 0 0 605 60 0
11611 0 0 0 0 598 59 0
10714 0 0 0 0 554 38 0
11416 0 0 0 0 582 66 0
11243 0 0 0 0 592 56 0
11304 0 0 0 0 592 61 0
10989 0 0 0 0 579 51 0
10699 0 0 0 0 566 44 0
11689 0 0 0 0 626 38 0
10529 0 0 0 0 564 46 0
11449 0 0 0 0 590 47 0
10860 0 0 0 0 561 55 0
10382 0 0 0 0 546 33 0
12145 0 0 0 0 649 59 0
11532 0 0 0 0 607 58 0
11127 0 0 0 0 593 51 0
11325 0 0 0 0 582 53 0
11888 0 0 0 0 603 61 0
10026 0 0 0 0 535 48 0
10135 0 0 0 0 513 40 0
10557 0 0 0 0 538 38 0
11885 0 0 0 0 592 59 0
11244 0 0 0 0 552 40 0
11327 0 0 0 0 573 46 0
11425 0 0 0 0 589 39 0
11246 0 0 0 0 604 41 0
10804 0 0 0 0 568 47 0
10176 0 0 0 0 748 36 0
9139 0 0 0 0 717 42 0
9447 0 0 0 0 992 43 0
11182 0 0 0 0 585 37 0
9014 0 0 0 0 625 52 0
11483 0 0 0 0 593 40 0
10628 0 0 0 0 572 39 0
9962 0 0 0 0 527 41 0
11432 0 0 0 0 601 51 0
12149 0 0 0 0 627 34 0
11953 0 0 0 0 616 50 0
11423 0 0 0 0 600 45 0
11043 0 0 0 0 577 47 0
7509 0 0 0 0 720 16 0
9761 0 0 0 0 599 33 0
10348 0 0 0 0 545 39 0
11306 0 0 0 0 535 31 0
11602 0 0 0 0 598 33 0
11759 0 0 0 0 581 40 0
11818 0 0 0 0 601 47 0
10457 0 0 0 0 526 42 0
10370 0 0 0 0 509 28 0
10802 0 0 0 0 543 28 0
10855 0 0 0 0 563 30 0
8860 0 0 0 0 882 20 0
9074 0 0 0 0 871 41 0
9085 0 0 0 0 990 27 0
8629 0 0 0 0 874 27 0
10174 0 0 0 0 530 24 0
7503 0 0 0 0 525 17 0
10393 0 0 0 0 561 28 0
10158 0 0 0 0 534 23 0
9610 0 0 0 0 680 17 0
9965 0 0 0 0 776 29 0
10700 0 0 0 0 557 34 0
10198 0 0 0 0 522 22 0
9562 0 0 0 0 492 23 0
11215 0 0 0 0 607 30 0
10788 0 0 0 0 563 34 0
10011 0 0 0 0 750 21 0
9143 0 0 0 0 665 24 0
10738 0 0 0 0 529 26 0
10920 0 0 0 0 546 34 0
7851 0 0 0 0 985 25 0
8769 0 0 0 0 687 21 0
9861 0 0 0 0 512 30 0
10582 0 0 0 0 525 18 0
6379 0 0 0 0 974 29 0
8353 0 0 0 0 842 15 0
9823 0 0 0 0 680 20 0
9689 0 0 0 0 698 29 0
9357 0 0 0 0 572 23 0
8570 0 0 0 0 914 17 0
10341 0 0 0 0 537 25 0
8380 0 0 0 0 540 16 0
8821 0 0 0 0 625 13 0
10430 0 0 0 0 553 29 0
10561 0 0 0 0 546 29 0
9589 0 0 0 0 740 20 0
10181 0 0 0 0 713 31 0
10669 0 0 0 0 565 23 0
10382 0 0 0 0 549 15 0
8727 0 0 0 0 514 19 0
8777 0 0 0 0 654 22 0
9375 0 0 0 0 756 19 0
10765 0 0 0 0 565 27 0
9196 0 0 0 0 652 20 0
8208 0 0 0 0 457 15 0
9887 0 0 0 0 523 18 0
10364 0 0 0 0 551 24 0
8855 0 0 0 0 907 11 0
9900 0 0 0 0 649 18 0
10871 0 0 0 0 634 19 0
8820 0 0 0 0 758 16 0
8709 0 0 0 0 750 11 0
9012 0 0 0 0 709 19 0
8682 0 0 0 0 610 16 0
8188 0 0 0 0 640 11 0
10033 0 0 0 0 521 16 0
11288 0 0 0 0 583 23 0
11229 0 0 0 0 563 13 0
10878 0 0 0 0 554 23 0
10099 0 0 0 0 539 18 0
10139 0 0 0 0 525 13 0
9768 0 0 0 0 513 9 0
10510 0 0 0 0 558 18 0
11217 0 0 0 0 583 14 0
10968 0 0 0 0 574 18 0
11209 0 0 0 0 573 19 0
10787 0 0 0 0 546 12 0
10421 0 0 0 0 536 18 0
10233 0 0 0 0 539 18 0
10025 0 0 0 0 530 15 0
7688 0 0 0 0 509 14 0
9291 0 0 0 0 738 15 0
9860 0 0 0 0 686 15 0
10775 0 0 0 0 541 17 0
7956 0 0 0 0 834 12 0
9041 0 0 0 0 756 13 0
9766 0 0 0 0 902 13 0
9401 0 0 0 0 580 11 0
9102 0 0 0 0 673 13 0
11335 0 0 0 0 552 14 0
9433 0 0 0 0 674 10 0
9712 0 0 0 0 757 17 0
8475 0 0 0 0 853 16 0
10088 0 0 0 0 8 19 0
8730 0 0 0 0 211 10 0
8637 0 0 0 0 573 21 0
8649 0 0 0 0 528 13 0
9867 0 0 0 0 545 15 0
11693 0 0 0 0 581 10 0
10733 0 0 0 0 555 8 0
8858 0 0 0 0 463 14 0
8374 0 0 0 0 454 13 0
10151 0 0 0 0 525 12 0
8582 0 0 0 0 525 13 0
6941 0 0 0 0 425 12 0
8995 0 0 0 0 550 12 0
9212 0 0 0 0 474 13 0
10969 0 0 0 0 557 15 0
8381 0 0 0 0 512 10 0
8609 0 0 0 0 467 20 0
8368 0 0 0 0 576 16 0
9038 0 0 0 0 555 13 0
9111 0 0 0 0 533 16 0
11529 0 0 0 0 576 9 0
9515 0 0 0 0 504 6 0
9827 0 0 0 0 597 7 0
10273 0 0 0 0 527 11 0
8491 0 0 0 0 501 11 0
10902 0 0 0 0 542 16 0
9700 0 0 0 0 476 9 0
10780 0 0 0 0 522 17 0
10250 0 0 0 0 563 17 0
11302 0 0 0 0 576 9 0
10899 0 0 0 0 573 9 0
10414 0 0 0 0 539 11 0
10459 0 0 0 0 539 7 0
8541 0 0 0 0 551 11 0
8590 0 0 0 0 489 9 0
8648 0 0 0 0 541 12 0
9375 0 0 0 0 501 7 0
11138 0 0 0 0 581 10 0
11247 0 0 0 0 578 7 0
8412 0 0 0 0 458 11 0
8557 0 0 0 0 544 6 0
10410 0 0 0 0 538 20 0
8866 0 0 0 0 474 7 0
9846 0 0 0 0 508 7 0
11032 0 0 0 0 568 13 0
9199 0 0 0 0 537 14 0
10750 0 0 0 0 565 6 0
10599 0 0 0 0 520 10 0
10332 0 0 0 0 542 4 0
8141 0 0 0 0 505 9 0
8785 0 0 0 0 588 10 0
9837 0 0 0 0 580 5 0
9805 0 0 0 0 508 7 0
11326 0 0 0 0 541 9 0
10389 0 0 0 0 513 7 0
9959 0 0 0 0 501 5 0
8174 0 0 0 0 427 4 0
8373 0 0 0 0 575 2 0
10612 0 0 0 0 561 7 0
10257 0 0 0 0 552 12 0
11498 0 0 0 0 602 6 0
11690 0 0 0 0 606 13 0
10959 0 0 0 0 564 11 0
9991 0 0 0 0 526 8 0
10254 0 0 0 0 530 13 0
10120 0 0 0 0 523 10 0
10705 0 0 0 0 542 9 0
11183 0 0 0 0 589 13 0
11043 0 0 0 0 562 9 0
11135 0 0 0 0 573 6 0
10535 0 0 0 0 553 9 0
8357 0 0 0 0 464 6 0
8868 0 0 0 0 472 8 0
8627 0 0 0 0 701 5 0
8171 0 0 0 0 590 5 0
9532 0 0 0 0 496 5 0
11989 0 0 0 0 604 5 0
9298 0 0 0 0 922 10 0
10243 0 0 0 0 510 7 0
10236 0 0 0 0 501 9 0
8478 0 0 0 0 475 3 0
10856 0 0 0 0 520 4 0
7420 0 0 0 0 885 5 0
8578 0 0 0 0 669 2 0
11426 0 0 0 0 577 2 0
11275 0 0 0 0 592 8 0
7668 0 0 0 0 867 4 0
9976 0 0 0 0 594 5 0
8106 0 0 0 0 859 2 0
10250 0 0 0 0 534 5 0
9480 0 0 0 0 547 4 0
9017 0 0 0 0 951 9 0
11485 0 0 0 0 588 13 0
10818 0 0 0 0 552 10 0
7804 0 0 0 0 824 6 0
8383 0 0 0 0 576 2 0
9660 0 0 0 0 697 2 0
8930 0 0 0 0 722 6 0
10537 0 0 0 0 546 6 0
10690 0 0 0 0 559 10 0
9482 0 0 0 0 992 3 0
8512 0 0 0 0 596 5 0
9675 0 0 0 0 496 4 0
9696 0 0 0 0 493 2 0
10390 0 0 0 0 523 11 0
10367 0 0 0 0 530 1 0
10885 0 0 0 0 531 7 0
9797 0 0 0 0 765 6 0
9332 0 0 0 0 807 6 0
10660 0 0 0 0 517 4 0
7134 0 0 0 0 869 6 0
9654 0 0 0 0 550 4 0
8511 0 0 0 0 666 4 0
8350 0 0 0 0 909 7 0
10444 0 0 0 0 637 5 0
11180 0 0 0 0 574 5 0
9697 0 0 0 0 508 3 0
9375 0 0 0 0 513 10 0
9239 0 0 0 0 762 6 0
9857 0 0 0 0 511 7 0
10476 0 0 0 0 535 9 0
9003 0 0 0 0 571 5 0
10563 0 0 0 0 552 3 0
11058 0 0 0 0 580 7 0
11057 0 0 0 0 570 9 0
8672 0 0 0 0 940 2 0
10488 0 0 0 0 551 8 0
10303 0 0 0 0 543 9 0
10914 0 0 0 0 578 3 0
10617 0 0 0 0 544 1 0
8566 0 0 0 0 481 4 0
10954 0 0 0 0 547 0 0
9823 0 0 0 0 730 0 0
10753 0 0 0 0 519 8 0
8113 0 0 0 0 442 2 0
10313 0 0 0 0 507 5 0
7484 0 0 0 0 435 3 0
9133 0 0 0 0 768 3 0
11245 0 0 0 0 573 3 0
9051 0 0 0 0 776 3 0
8279 0 0 0 0 696 2 0
10384 0 0 0 0 538 4 0
10283 0 0 0 0 528 4 0
10354 0 0 0 0 532 9 0
10326 0 0 0 0 543 2 0
8429 0 0 0 0 501 3 0
10915 0 0 0 0 566 0 0
10941 0 0 0 0 568 6 0
10914 0 0 0 0 567 1 0
10338 0 0 0 0 553 4 0
9564 0 0 0 0 506 4 0
10278 0 0 0 0 525 4 0
10610 0 0 0 0 556 4 0
8906 0 0 0 0 508 3 0
8116 0 0 0 0 675 2 0
8697 0 0 0 0 728 2 0
10957 0 0 0 0 565 1 0
10611 0 0 0 0 524 11 0
10405 0 0 0 0 543 4 0
10513 0 0 0 0 520 5 0
8787 0 0 0 0 513 2 0
7744 0 0 0 0 634 1 0
9989 0 0 0 0 679 7 0
11066 0 0 0 0 543 5 0
8754 0 0 0 0 696 5 0
8874 0 0 0 0 673 1 0
9505 0 0 0 0 506 4 0
9369 0 0 0 0 484 4 0
10788 0 0 0 0 561 3 0
10991 0 0 0 0 582 2 0
10500 0 0 0 0 544 5 0
11075 0 0 0 0 565 7 0
11066 0 0 0 0 567 2 0
10808 0 0 0 0 566 3 0
8724 0 0 0 0 613 2 0
9856 0 0 0 0 508 2 0
8042 0 0 0 0 822 2 0
6154 0 0 0 0 1294 3 0
9505 0 0 0 0 611 2 0
9656 0 0 0 0 811 3 0
10274 0 0 0 0 651 2 0
11019 0 0 0 0 577 3 0
8589 0 0 0 0 886 1 0
8086 0 0 0 0 870 1 0
10594 0 0 0 0 558 5 0
10336 0 0 0 0 528 3 0
10990 0 0 0 0 575 3 0
11354 0 0 0 0 540 2 0
11100 0 0 0 0 584 3 0
9005 0 0 0 0 860 0 0
8509 0 0 0 0 618 3 0
9088 0 0 0 0 569 3 0
10204 0 0 0 0 507 2 0
9992 0 0 0 0 548 1 0
10987 0 0 0 0 571 4 0
11152 0 0 0 0 574 0 0
11338 0 0 0 0 594 2 0
10703 0 0 0 0 560 4 0
7987 0 0 0 0 777 2 0
10471 0 0 0 0 548 0 0
10587 0 0 0 0 572 0 0
7678 0 0 0 0 607 0 0
10596 0 0 0 0 562 5 0
9338 0 0 0 0 508 0 0
8355 0 0 0 0 555 2 0
10662 0 0 0 0 556 1 0
8039 0 0 0 0 449 0 0
9496 0 0 0 0 490 0 0
9360 0 0 0 0 697 2 0
8412 0 0 0 0 550 3 0
9252 0 0 0 0 551 1 0
9534 0 0 0 0 565 1 0
11437 0 0 0 0 604 6 0
10353 0 0 0 0 572 4 0
9018 0 0 0 0 453 3 0
10165 0 0 0 0 541 2 0
10444 0 0 0 0 514 6 0
10527 0 0 0 0 522 3 0
9665 0 0 0 0 482 1 0
8947 0 0 0 0 633 1 0
9376 0 0 0 0 577 0 0
9694 0 0 0 0 518 1 0
9058 0 0 0 0 509 1 0
6556 0 0 0 0 402 3 0
11054 0 0 0 0 573 6 0
7351 0 0 0 0 409 0 0
8781 0 0 0 0 635 0 0
11014 0 0 0 0 589 4 0
12138 0 0 0 0 625 2 0
9459 0 0 0 0 523 1 0
9177 0 0 0 0 531 2 0
10569 0 0 0 0 553 2 0
9624 0 0 0 0 621 2 0
11334 0 0 0 0 593 2 0
9276 0 0 0 0 535 7 0
8781 0 0 0 0 736 1 0
11452 0 0 0 0 621 1 0
9200 0 0 0 0 582 1 0
11791 0 0 0 0 671 0 0
11939 0 0 0 0 630 1 0
11809 0 0 0 0 619 0 0
11906 0 0 0 0 586 1 0
11314 0 0 0 0 569 0 0
10218 0 0 0 0 575 5 0
9890 0 0 0 0 541 1 0
12023 0 0 0 0 577 2 0
11476 0 0 0 0 567 2 0
11139 0 0 0 0 549 1 0
11715 0 0 0 0 609 3 0
11383 0 0 0 0 580 0 0
8750 0 0 0 0 558 1 0
9038 0 0 0 0 522 0 0
11914 0 0 0 0 610 1 0
9389 0 0 0 0 595 3 0
11002 0 0 0 0 590 5 0
11233 0 0 0 0 606 0 0
9996 0 0 0 0 521 3 0
10539 0 0 0 0 543 3 0
8207 0 0 0 0 594 2 0
11401 0 0 0 0 587 4 0
12284 0 0 0 0 634 0 0
10855 0 0 0 0 564 1 0
10903 0 0 0 0 572 0 0
10765 0 0 0 0 559 0 0
8419 0 0 0 0 514 0 0
8267 0 0 0 0 488 2 0
9105 0 0 0 0 505 0 0
11703 0 0 0 0 599 0 0
8909 0 0 0 0 555 0 0
12013 0 0 0 0 576 0 0
10053 0 0 0 0 602 0 0
9829 0 0 0 0 508 1 0
10737 0 0 0 0 529 4 0
7710 0 0 0 0 430 1 0
7538 0 0 0 0 463 0 0
9870 0 0 0 0 596 0 0
10878 0 0 0 0 551 3 0
7723 0 0 0 0 490 0 0
10931 0 0 0 0 586 0 0
9064 0 0 0 0 483 1 0
9697 0 0 0 0 539 1 0
9451 0 0 0 0 559 0 0
11563 0 0 0 0 624 0 0
11387 0 0 0 0 615 1 0
9917 0 0 0 0 549 1 0
11530 0 0 0 0 590 2 0
10743 0 0 0 0 563 0 0
10178 0 0 0 0 532 1 0
11101 0 0 0 0 579 0 0
11561 0 0 0 0 606 1 0
9954 0 0 0 0 567 2 0
8702 0 0 0 0 469 1 0
9780 0 0 0 0 630 1 0
11104 0 0 0 0 540 1 0
9774 0 0 0 0 530 3 0
7903 0 0 0 0 471 2 0
12469 0 0 0 0 607 1 0
8008 0 0 0 0 675 0 0
8530 0 0 0 0 537 0 0
10269 0 0 0 0 545 1 0
11368 0 0 0 0 615 0 0
8588 0 0 0 0 435 4 0
11135 0 0 0 0 581 0 0
8671 0 0 0 0 562 0 0
12415 0 0 0 0 640 0 0
8017 0 0 0 0 435 0 0
8908 0 0 0 0 557 2 0
11018 0 0 0 0 583 1 0
11019 0 0 0 0 605 3 0
11387 0 0 0 0 580 1 0
8950 0 0 0 0 550 0 0
10834 0 0 0 0 559 3 0
11554 0 0 0 0 589 1 0
11315 0 0 0 0 587 2 0
10818 0 0 0 0 574 1 0
11205 0 0 0 0 608 0 0
10638 0 0 0 0 567 3 0
8351 0 0 0 0 571 0 0
11963 0 0 0 0 627 0 0
11154 0 0 0 0 553 0 0
11974 0 0 0 0 583 0 0
12512 0 0 0 0 658 2 0
9558 0 0 0 0 626 0 0
10488 0 0 0 0 558 1 0
11328 0 0 0 0 613 2 0
10920 0 0 0 0 529 2 0
10102 0 0 0 0 528 0 0
7927 0 0 0 0 470 0 0
11030 0 0 0 0 583 1 0
8993 0 0 0 0 494 1 0
8512 0 0 0 0 646 0 0
10841 0 0 0 0 585 0 0
12172 0 0 0 0 673 1 0
10992 0 0 0 0 577 0 0
11331 0 0 0 0 585 2 0
11609 0 0 0 0 592 1 0
11626 0 0 0 0 593 1 0
11276 0 0 0 0 599 1 0
10957 0 0 0 0 570 1 0
8741 0 0 0 0 551 0 0
8814 0 0 0 0 531 0 0
7824 0 0 0 0 416 0 0
9599 0 0 0 0 566 1 0
10525 0 0 0 0 582 2 0
10920 0 0 0 0 571 0 0
12290 0 0 0 0 607 0 0
10563 0 0 0 0 521 1 0
9823 0 0 0 0 510 0 0
5968 0 0 0 0 482 0 0
10615 0 0 0 0 536 0 0
8977 0 0 0 0 643 0 0
11886 0 0 0 0 573 0 0
7440 0 0 0 0 411 1 0
11302 0 0 0 0 621 0 0
9353 0 0 0 0 494 0 0
9448 0 0 0 0 499 2 0
10926 0 0 0 0 574 1 0
8477 0 0 0 0 488 0 0
11330 0 0 0 0 605 1 0
12180 0 0 0 0 628 0 0
11883 0 0 0 0 612 0 0
12452 0 0 0 0 631 0 0
11786 0 0 0 0 604 0 0
11350 0 0 0 0 595 1 0
11614 0 0 0 0 617 2 0
10778 0 0 0 0 567 0 0
11490 0 0 0 0 606 0 0
12009 0 0 0 0 621 0 0
12556 0 0 0 0 648 2 0
11252 0 0 0 0 587 0 0
11780 0 0 0 0 571 0 0
11604 0 0 0 0 604 1 0
11396 0 0 0 0 586 1 0
10383 0 0 0 0 503 0 0
9282 0 0 0 0 658 0 0
10558 0 0 0 0 601 0 0
9529 0 0 0 0 469 0 0
9340 0 0 0 0 549 0 0
11585 0 0 0 0 592 0 0
8889 0 0 0 0 531 0 0
11606 0 0 0 0 618 0 0
10791 0 0 0 0 565 0 0
9087 0 0 0 0 591 0 0
11505 0 0 0 0 596 1 0
12053 0 0 0 0 627 0 0
11668 0 0 0 0 602 0 0
8535 0 0 0 0 657 0 0
11743 0 0 0 0 603 0 0
8151 0 0 0 0 571 2 0
10503 0 0 0 0 558 0 0
9814 0 0 0 0 516 0 0
10841 0 0 0 0 630 0 0
12086 0 0 0 0 635 0 0
11853 0 0 0 0 621 0 0
11569 0 0 0 0 609 0 0
11247 0 0 0 0 585 0 0
12046 0 0 0 0 593 0 0
11605 0 0 0 0 567 1 0
11298 0 0 0 0 639 0 0
11647 0 0 0 0 595 0 0
12339 0 0 0 0 603 0 0
11155 0 0 0 0 539 0 0
11664 0 0 0 0 554 0 0
11777 0 0 0 0 586 0 0
11649 0 0 0 0 594 0 0
11843 0 0 0 0 634 0 0
11658 0 0 0 0 623 0 0
8354 0 0 0 0 529 0 0
10309 0 0 0 0 616 0 0
10944 0 0 0 0 570 0 0
8327 0 0 0 0 499 0 0
10085 0 0 0 0 587 0 0
10041 0 0 0 0 526 0 0
8583 0 0 0 0 563 0 0
9388 0 0 0 0 529 0 0
9999 0 0 0 0 516 0 0
7815 0 0 0 0 507 0 0
10409 0 0 0 0 540 0 0
9735 0 0 0 0 587 0 0
8052 0 0 0 0 518 0 0
7427 0 0 0 0 602 0 0
10248 0 0 0 0 535 0 0
8720 0 0 0 0 443 1 0
9994 0 0 0 0 499 0 0
9940 0 0 0 0 501 0 0
8282 0 0 0 0 419 0 0
8711 0 0 0 0 647 1 0
8762 0 0 0 0 448 0 0
10698 0 0 0 0 533 0 0
8533 0 0 0 0 541 0 0
8590 0 0 0 0 528 0 0
8341 0 0 0 0 502 0 0
10552 0 0 0 0 546 0 0
10163 0 0 0 0 525 0 0
10966 0 0 0 0 566 0 0
11327 0 0 0 0 595 0 0
11326 0 0 0 0 593 0 0
8948 0 0 0 0 499 0 0
10433 0 0 0 0 557 0 0
8785 0 0 0 0 468 0 0
8859 0 0 0 0 574 0 0
8547 0 0 0 0 471 0 0
8758 0 0 0 0 476 0 0
11286 0 0 0 0 580 1 0
11335 0 0 0 0 582 0 0
7781 0 0 0 0 503 0 0
8840 0 0 0 0 568 0 0
10107 0 0 0 0 530 0 0
8409 0 0 0 0 466 0 0
10206 0 0 0 0 531 0 0
8264 0 0 0 0 480 0 0
10541 0 0 0 0 509 0 0
11462 0 0 0 0 600 0 0
8424 0 0 0 0 438 1 0
9819 0 0 0 0 538 0 0
9937 0 0 0 0 591 0 0
9678 0 0 0 0 595 0 0
10284 0 0 0 0 514 0 0
7314 0 0 0 0 442 0 0
11072 0 0 0 0 575 0 0
10937 0 0 0 0 561 0 0
10802 0 0 0 0 571 0 0
8679 0 0 0 0 611 0 0
9891 0 0 0 0 532 0 0
11244 0 0 0 0 583 0 0
10633 0 0 0 0 548 0 0
10261 0 0 0 0 546 0 0
10550 0 0 0 0 587 0 0
11029 0 0 0 0 576 0 0
11330 0 0 0 0 578 0 0
9380 0 0 0 0 508 2396 0
10137 0 0 0 0 523 1476 0
10180 0 0 0 0 535 956 0
10187 0 0 0 0 536 694 0
10182 0 0 0 0 543 563 0
10648 0 0 0 0 562 452 0
11445 0 0 0 0 592 1997 0
10983 0 0 0 0 544 1391 0
10974 0 0 0 0 565 1144 0
10502 0 0 0 0 515 875 0
10259 0 0 0 0 498 776 0
9816 0 0 0 0 492 885 0
9938 0 0 0 0 502 1552 0
10167 0 0 0 0 521 1255 0
11164 0 0 0 0 587 1132 0
10916 0 0 0 0 563 984 0
10250 0 0 0 0 526 931 0
10466 0 0 0 0 544 1447 0
9413 0 0 0 0 579 1542 0
6949 0 0 0 0 415 862 0
9609 0 0 0 0 508 1283 0
9951 0 0 0 0 512 1106 0
10924 0 0 0 0 565 1045 0
10875 0 0 0 0 560 1721 0
10754 0 0 0 0 566 1713 0
10600 0 0 0 0 544 1520 0
7949 0 0 0 0 459 1064 0
10145 0 0 0 0 530 1033 0
7949 0 0 0 0 552 861 0
10109 0 0 0 0 537 1318 0
10463 0 0 0 0 548 1268 0
8734 0 0 0 0 446 932 0
10650 0 0 0 0 583 1079 0
9827 0 0 0 0 511 922 0
9345 0 0 0 0 595 812 0
8084 0 0 0 0 438 600 0
10088 0 0 0 0 542 735 0
9039 0 0 0 0 588 562 0
10012 0 0 0 0 491 603 0
9480 0 0 0 0 588 563 0
10550 0 0 0 0 515 539 0
10908 0 0 0 0 537 520 0
10966 0 0 0 0 568 488 0
10570 0 0 0 0 549 430 0
9995 0 0 0 0 519 402 0
9959 0 0 0 0 514 374 0
10631 0 0 0 0 560 324 0
10864 0 0 0 0 570 312 0
10376 0 0 0 0 539 251 0
11051 0 0 0 0 576 268 0
9092 0 0 0 0 503 163 0
10155 0 0 0 0 538 198 0
10491 0 0 0 0 575 1646 0
9906 0 0 0 0 528 1722 0
10422 0 0 0 0 547 1117 0
8692 0 0 0 0 537 680 0
5930 0 0 0 0 127 343 0
7407 0 0 0 0 26 402 0
5208 0 0 0 0 17 232 0
6177 0 0 0 0 17 276 0
1363 0 0 0 0 16 401 0
1851 0 0 0 0 16 450 0
2587 0 0 0 0 21 545 0
1835 0 0 0 0 17 411 0
2380 0 0 0 0 20 510 0
2591 0 0 0 0 20 530 0
2499 0 0 0 0 16 426 0
2424 0 0 0 0 14 363 0
3277 0 0 0 0 18 460 0
5819 0 0 0 0 23 760 0
5679 0 0 0 0 22 702 0
4451 0 0 0 0 17 534 0
5558 0 0 0 0 19 589 0
5065 0 0 0 0 15 471 0
5435 0 0 0 0 20 640 0
10119 0 0 0 0 362 1565 0
10804 0 0 0 0 533 1509 0
9075 0 0 0 0 516 1104 0
11845 0 0 0 0 578 1324 0
11547 0 0 0 0 597 1116 0
10870 0 0 0 0 647 1451 0
10036 0 0 0 0 541 1350 0
10628 0 0 0 0 556 1174 0
9113 0 0 0 0 475 940 0
11137 0 0 0 0 575 974 0
9994 0 0 0 0 538 750 0
11080 0 0 0 0 568 1143 0
11292 0 0 0 0 578 1127 0
9197 0 0 0 0 514 776 0
7028 0 0 0 0 473 609 0
9860 0 0 0 0 664 668 0
10498 0 0 0 0 545 694 0
10797 0 0 0 0 563 731 0
11351 0 0 0 0 585 961 0
12223 0 0 0 0 635 901 0
11194 0 0 0 0 585 659 0
11257 0 0 0 0 613 620 0
11352 0 0 0 0 599 551 0
11850 0 0 0 0 583 544 0
9934 0 0 0 0 630 530 0
11047 0 0 0 0 537 714 0
9834 0 0 0 0 591 573 0
12114 0 0 0 0 594 595 0
11620 0 0 0 0 556 511 0
11622 0 0 0 0 568 405 0
11701 0 0 0 0 565 425 0
11245 0 0 0 0 578 323 0
10410 0 0 0 0 539 364 0
10975 0 0 0 0 551 375 0
12193 0 0 0 0 627 418 0
10624 0 0 0 0 608 315 0
9726 0 0 0 0 542 264 0
11876 0 0 0 0 615 331 0
10762 0 0 0 0 578 249 0
11956 0 0 0 0 635 203 0
11536 0 0 0 0 607 197 0
10537 0 0 0 0 543 279 0
10981 0 0 0 0 573 302 0
11308 0 0 0 0 593 259 0
11181 0 0 0 0 566 221 0
11360 0 0 0 0 603 176 0
11691 0 0 0 0 609 203 0
11704 0 0 0 0 612 178 0
10470 0 0 0 0 509 157 0
11267 0 0 0 0 586 150 0
11563 0 0 0 0 608 195 0
11727 0 0 0 0 574 248 0
11780 0 0 0 0 557 196 0
11746 0 0 0 0 564 216 0
11571 0 0 0 0 563 176 0
12210 0 0 0 0 640 171 0
10651 0 0 0 0 553 141 0
11547 0 0 0 0 607 135 0
11982 0 0 0 0 629 124 0
12278 0 0 0 0 642 122 0
10679 0 0 0 0 551 181 0
8900 0 0 0 0 457 136 0
11833 0 0 0 0 615 211 0
11403 0 0 0 0 608 186 0
9614 0 0 0 0 510 147 0
11648 0 0 0 0 604 139 0
11762 0 0 0 0 629 130 0
11610 0 0 0 0 611 109 0
12475 0 0 0 0 638 98 0
9958 0 0 0 0 536 105 0
12365 0 0 0 0 621 161 0
11002 0 0 0 0 564 113 0
11790 0 0 0 0 587 110 0
9428 0 0 0 0 670 110 0
11195 0 0 0 0 557 98 0
11550 0 0 0 0 562 70 0
12298 0 0 0 0 596 76 0
11024 0 0 0 0 546 77 0
9895 0 0 0 0 528 72 0
5793 0 0 0 0 478 26 0
11588 0 0 0 0 605 82 0
11892 0 0 0 0 628 132 0
12278 0 0 0 0 642 125 0
11712 0 0 0 0 640 114 0
10399 0 0 0 0 548 87 0
10200 0 0 0 0 617 75 0
10838 0 0 0 0 571 72 0
11943 0 0 0 0 612 74 0
9862 0 0 0 0 655 35 0
10906 0 0 0 0 583 46 0
8687 0 0 0 0 494 41 0
10103 0 0 0 0 537 90 0
11289 0 0 0 0 606 94 0
10402 0 0 0 0 614 115 0
11263 0 0 0 0 579 83 0
9690 0 0 0 0 542 68 0
11795 0 0 0 0 589 74 0
11760 0 0 0 0 609 58 0
11021 0 0 0 0 603 40 0
10795 0 0 0 0 528 45 0
10240 0 0 0 0 503 33 0
10231 0 0 0 0 514 37 0
11322 0 0 0 0 553 125 0
11439 0 0 0 0 580 97 0
9503 0 0 0 0 604 74 0
9453 0 0 0 0 495 64 0
8666 0 0 0 0 546 53 0
10078 0 0 0 0 539 57 0
11111 0 0 0 0 585 49 0
9922 0 0 0 0 530 48 0
10917 0 0 0 0 574 31 0
11546 0 0 0 0 585 40 0
11055 0 0 0 0 561 42 0
8819 0 0 0 0 479 46 0
11356 0 0 0 0 599 106 0
10845 0 0 0 0 564 87 0
7689 0 0 0 0 517 56 0
9579 0 0 0 0 501 56 0
10252 0 0 0 0 553 67 0
9605 0 0 0 0 533 58 0
10547 0 0 0 0 559 65 0
9043 0 0 0 0 552 39 0
10660 0 0 0 0 538 39 0
10731 0 0 0 0 542 45 0
10494 0 0 0 0 524 34 0
11349 0 0 0 0 579 110 0
11042 0 0 0 0 561 92 0
12322 0 0 0 0 590 83 0
10282 0 0 0 0 493 84 0
11110 0 0 0 0 540 68 0
8533 0 0 0 0 572 49 0
11033 0 0 0 0 582 51 0
9102 0 0 0 0 503 37 0
10617 0 0 0 0 544 36 0
9433 0 0 0 0 549 36 0
10875 0 0 0 0 631 43 0
10298 0 0 0 0 563 65 0
9970 0 0 0 0 531 85 0
10222 0 0 0 0 543 87 0
9984 0 0 0 0 517 74 0
10490 0 0 0 0 561 66 0
9677 0 0 0 0 536 55 0
8525 0 0 0 0 523 46 0
9701 0 0 0 0 582 40 0
7655 0 0 0 0 417 31 0
6552 0 0 0 0 415 30 0
10665 0 0 0 0 560 35 0
9076 0 0 0 0 508 31 0
8406 0 0 0 0 516 31 0
9140 0 0 0 0 522 76 0
9560 0 0 0 0 479 67 0
11542 0 0 0 0 586 100 0
8221 0 0 0 0 583 57 0
10790 0 0 0 0 567 70 0
10290 0 0 0 0 505 60 0
10241 0 0 0 0 506 47 0
10068 0 0 0 0 500 44 0
10431 0 0 0 0 521 27 0
9144 0 0 0 0 526 44 0
8576 0 0 0 0 492 29 0
9830 0 0 0 0 616 44 0
10610 0 0 0 0 577 90 0
7750 0 0 0 0 662 54 0
10631 0 0 0 0 563 75 0
8544 0 0 0 0 503 65 0
6483 0 0 0 0 431 44 0
9447 0 0 0 0 624 38 0
10509 0 0 0 0 611 52 0
9179 0 0 0 0 471 55 0
11300 0 0 0 0 606 46 0
10404 0 0 0 0 614 35 0
9517 0 0 0 0 492 35 0
10336 0 0 0 0 532 28 0
8510 0 0 0 0 452 71 0
8149 0 0 0 0 456 68 0
11219 0 0 0 0 593 86 0
9294 0 0 0 0 596 64 0
10847 0 0 0 0 548 53 0
10004 0 0 0 0 505 46 0
8784 0 0 0 0 450 45 0
10299 0 0 0 0 518 28 0
10038 0 0 0 0 510 39 0
9877 0 0 0 0 490 42 0
11106 0 0 0 0 540 32 0
11085 0 0 0 0 531 30 0
10667 0 0 0 0 526 89 0
10543 0 0 0 0 560 86 0
10267 0 0 0 0 566 63 0
9081 0 0 0 0 476 53 0
9284 0 0 0 0 552 58 0
9424 0 0 0 0 504 43 0
11343 0 0 0 0 601 65 0
9420 0 0 0 0 583 46 0
9350 0 0 0 0 607 32 0
9055 0 0 0 0 550 31 0
10709 0 0 0 0 570 32 0
10428 0 0 0 0 542 23 0
9945 0 0 0 0 522 60 0
10726 0 0 0 0 550 81 0
9846 0 0 0 0 644 55 0
10602 0 0 0 0 581 69 0
10960 0 0 0 0 568 51 0
10519 0 0 0 0 554 67 0
11156 0 0 0 0 584 41 0
10818 0 0 0 0 564 36 0
11197 0 0 0 0 545 46 0
10171 0 0 0 0 526 29 0
10755 0 0 0 0 539 24 0
11062 0 0 0 0 552 97 0
10967 0 0 0 0 541 79 0
8674 0 0 0 0 533 44 0
11200 0 0 0 0 549 73 0
8165 0 0 0 0 436 41 0
9742 0 0 0 0 515 47 0
10142 0 0 0 0 523 35 0
11090 0 0 0 0 572 40 0
10294 0 0 0 0 532 33 0
10583 0 0 0 0 554 37 0
11013 0 0 0 0 564 34 0
10060 0 0 0 0 569 43 0
8958 0 0 0 0 467 73 0
9869 0 0 0 0 525 88 0
10018 0 0 0 0 532 72 0
7415 0 0 0 0 568 45 0
9146 0 0 0 0 544 47 0
10531 0 0 0 0 563 63 0
11280 0 0 0 0 585 44 0
10473 0 0 0 0 544 37 0
9509 0 0 0 0 506 41 0
8397 0 0 0 0 516 33 0
9029 0 0 0 0 595 23 0
10740 0 0 0 0 572 24 0
10983 0 0 0 0 568 77 0
9661 0 0 0 0 492 61 0
10781 0 0 0 0 552 66 0
11831 0 0 0 0 587 60 0
10356 0 0 0 0 530 63 0
10107 0 0 0 0 492 32 0
10216 0 0 0 0 503 44 0
10358 0 0 0 0 555 38 0
10093 0 0 0 0 514 40 0
10641 0 0 0 0 561 27 0
9941 0 0 0 0 550 32 0
11415 0 0 0 0 620 73 0
8993 0 0 0 0 493 82 0
9981 0 0 0 0 524 47 0
9385 0 0 0 0 530 54 0
10874 0 0 0 0 570 53 0
9882 0 0 0 0 531 47 0
10683 0 0 0 0 542 43 0
11366 0 0 0 0 583 42 0
10477 0 0 0 0 602 38 0
9754 0 0 0 0 557 32 0
10021 0 0 0 0 531 29 0
9813 0 0 0 0 517 27 0
10409 0 0 0 0 539 67 0
9002 0 0 0 0 525 43 0
9093 0 0 0 0 478 58 0
10198 0 0 0 0 569 64 0
11584 0 0 0 0 598 58 0
10866 0 0 0 0 537 46 0
9395 0 0 0 0 538 46 0
8820 0 0 0 0 509 38 0
8901 0 0 0 0 508 29 0
8997 0 0 0 0 453 32 0
10647 0 0 0 0 557 31 0
10616 0 0 0 0 562 31 0
8531 0 0 0 0 453 45 0
10588 0 0 0 0 568 67 0
7138 0 0 0 0 560 51 0
9786 0 0 0 0 503 48 0
8819 0 0 0 0 470 35 0
8709 0 0 0 0 509 34 0
8273 0 0 0 0 535 30 0
10781 0 0 0 0 563 43 0
8849 0 0 0 0 549 36 0
9574 0 0 0 0 523 24 0
8942 0 0 0 0 487 38 0
10004 0 0 0 0 539 24 0
10344 0 0 0 0 537 26 0
8849 0 0 0 0 490 60 0
9823 0 0 0 0 540 75 0
9151 0 0 0 0 524 46 0
11353 0 0 0 0 596 60 0
11045 0 0 0 0 581 51 0
8515 0 0 0 0 463 41 0
10622 0 0 0 0 552 31 0
10981 0 0 0 0 544 38 0
6908 0 0 0 0 386 26 0
9974 0 0 0 0 516 32 0
9612 0 0 0 0 552 19 0
10259 0 0 0 0 605 31 0
11033 0 0 0 0 549 80 0
9648 0 0 0 0 513 69 0
8338 0 0 0 0 428 42 0
8291 0 0 0 0 511 50 0
10176 0 0 0 0 530 48 0
8281 0 0 0 0 482 34 0
8628 0 0 0 0 667 33 0
9063 0 0 0 0 574 34 0
11145 0 0 0 0 588 36 0
8924 0 0 0 0 578 34 0
9609 0 0 0 0 574 24 0
9221 0 0 0 0 560 24 0
8239 0 0 0 0 534 34 0
9338 0 0 0 0 506 728 0
10621 0 0 0 0 565 488 0
11654 0 0 0 0 600 344 0
5143 1 0 0 0 1531 94 0
0 0 0 0 9590.4 2606 0 9590.4
0 0 0 0 9590.4 1999 0 9590.4
0 0 0 0 9590.4 2165 0 9590.4
0 0 0 0 9590.4 1956 0 9590.4
0 0 0 0 9590.4 2076 0 9590.4
0 0 0 0 9590.4 2122 0 9590.4
0 0 0 0 9590.4 2305 0 9590.4
0 0 0 0 9590.4 2066 0 9590.4
0 0 0 0 9590.4 2417 0 9590.4
0 0 0 0 9590.4 1829 0 9590.4
0 0 4 0 9590.4 1557 0 9590.4
0 0 9 0 9590.4 1246 0 9590.4
0 0 8 0 9590.4 1337 0 9590.4
0 0 9 0 9590.4 1447 0 9590.4
0 0 8 0 9590.4 1376 0 9590.4
0 0 8 0 9590.4 1393 0 9590.4
0 0 9 0 9590.4 1259 0 9590.4
0 0 10 0 9590.4 1300 0 9590.4
0 0 7 0 9590.4 1432 0 9590.4
0 0 8 0 9590.4 1388 0 9590.4
0 0 8 0 9590.4 1393 0 9590.4
0 0 9 0 9590.4 1309 0 9590.4
0 0 9 0 9590.4 1356 0 9590.4
0 0 9 0 9590.4 1272 0 9590.4
0 0 9 0 9590.4 1408 0 9590.4
0 0 9 0 9590.4 1347 0 9590.4
0 0 8 0 9590.4 1409 0 9590.4
0 0 7 0 9590.4 1282 0 9590.4
0 0 9 0 9590.4 1300 0 9590.4
0 0 9 0 9590.4 1328 0 9590.4
0 0 8 0 9590.4 1452 0 9590.4
0 0 9 0 9590.4 1271 0 9590.4
0 0 9 0 9590.4 1275 0 9590.4
0 0 9 0 9590.4 1370 0 9590.4
0 0 8 0 9590.4 1466 0 9590.4
0 0 9 0 9590.4 1192 0 9590.4
0 0 9 0 9590.4 1185 0 9590.4
0 0 8 0 9590.4 1314 0 9590.4
0 0 8 0 9590.4 1437 0 9590.4
0 0 9 0 9590.4 1277 0 9590.4
0 0 9 0 9590.4 1355 0 9590.4
0 0 8 0 9590.4 1622 0 9590.4
0 0 8 0 9590.4 1580 0 9590.4
0 0 9 0 9590.4 1418 0 9590.4
0 0 9 0 9590.4 1363 0 9590.4
0 0 9 0 9590.4 1372 0 9590.4
0 0 8 0 9590.4 1461 0 9590.4
0 0 9 0 9590.4 1368 0 9590.4
0 0 9 0 9590.4 1384 0 9590.4
0 0 8 0 9590.4 1375 0 9590.4
0 0 7 0 9590.4 1475 0 9590.4
0 0 5 0 9590.4 1473 0 9590.4
0 0 6 0 9590.4 1518 0 9590.4
0 0 6 0 9590.4 1552 0 9590.4
0 0 8 0 9590.4 1394 0 9590.4
0 0 5 0 9590.4 1506 0 9590.4
0 0 6 0 9590.4 1501 0 9590.4
0 0 6 0 9590.4 1483 0 9590.4
0 0 5 0 9590.4 1547 0 9590.4
0 0 6 0 9590.4 1450 0 9590.4
0 0 5 0 9590.4 1474 0 9590.4
0 0 7 0 9590.4 1458 0 9590.4
0 0 5 0 9590.4 1554 0 9590.4
0 0 5 0 9590.4 1493 0 9590.4
0 0 6 0 9590.4 1424 0 9590.4
0 0 5 0 9590.4 1579 0 9590.4
0 0 7 0 9590.4 1480 0 9590.4
0 0 13 0 9590.4 1094 0 9590.4
0 0 6 0 9590.4 1424 0 9590.4
0 0 4 0 9590.4 1501 0 9590.4
0 0 6 0 9590.4 1524 0 9590.4
0 0 6 0 9590.4 1395 0 9590.4
0 0 6 0 9590.4 1549 0 9590.4
0 0 6 0 9590.4 1591 0 9590.4
0 0 5 0 9590.4 1575 0 9590.4
0 0 7 0 9590.4 1463 0 9590.4
0 0 8 0 9590.4 1445 0 9590.4
0 0 6 0 9590.4 1584 0 9590.4
0 0 6 0 9590.4 1533 0 9590.4
0 0 4 0 9590.4 1611 0 9590.4
0 0 6 0 9590.4 1493 0 9590.4
0 0 7 0 9590.4 1442 0 9590.4
0 0 5 0 9590.4 1526 0 9590.4
0 0 5 0 9590.4 1522 0 9590.4
0 0 9 0 9590.4 1305 0 9590.4
0 0 5 0 9590.4 1632 0 9590.4
0 0 4 0 9590.4 1688 0 9590.4
0 0 12 0 9590.4 1112 0 9590.4
0 0 6 0 9590.4 975 0 9590.4
0 0 5 0 9590.4 22 0 9590.4
0 0 5 0 9590.4 22 0 9590.4
0 0 6 0 9590.4 21 0 9590.4
0 0 6 0 9590.4 20 0 9590.4
0 0 6 0 9590.4 18 0 9590.4
0 0 4 0 9590.4 16 0 9590.4
0 0 6 0 9590.4 21 0 9590.4
0 0 5 0 9590.4 22 0 9590.4
0 0 6 0 9590.4 16 0 9590.4
0 0 6 0 9590.4 18 0 9590.4
0 0 5 0 9590.4 22 0 9590.4
0 0 7 0 9590.4 18 0 9590.4
0 0 5 0 9590.4 22 0 9590.4
0 0 5 0 9590.4 22 0 9590.4
0 0 5 0 9590.4 22 0 9590.4
0 0 6 0 9590.4 19 0 9590.4
0 0 6 0 9590.4 21 0 9590.4
0 0 5 0 9590.4 19 0 9590.4
0 0 6 0 9590.4 19 0 9590.4
0 0 5 0 9590.4 21 0 9590.4
0 0 5 0 9590.4 22 0 9590.4
0 0 6 0 9590.4 21 0 9590.4
0 0 6 0 9590.4 21 0 9590.4
0 0 6 0 9590.4 22 0 9590.4
0 0 6 0 9590.4 22 0 9590.4
0 0 6 0 9590.4 22 0 9590.4
0 0 6 0 9590.4 1337 0 9590.4
0 0 5 0 9590.4 1489 0 9590.4
0 0 6 0 9590.4 1408 0 9590.4
0 0 6 0 9590.4 1552 0 9590.4
0 0 11 0 9590.4 1131 0 9590.4
0 0 5 0 9590.4 1560 0 9590.4
0 0 8 0 9590.4 1331 0 9590.4
0 0 7 0 9590.4 1517 0 9590.4
0 0 5 0 9590.4 1589 0 9590.4
0 0 5 0 9590.4 1460 0 9590.4
0 0 5 0 9590.4 1544 0 9590.4
0 0 6 0 9590.4 1442 0 9590.4
0 0 6 0 9590.4 1526 0 9590.4
0 0 6 0 9590.4 1425 0 9590.4
0 0 9 0 9590.4 1298 0 9590.4
0 0 5 0 9590.4 1584 0 9590.4
0 0 5 0 9590.4 1558 0 9590.4
0 0 5 0 9590.4 1571 0 9590.4
0 0 5 0 9590.4 1568 0 9590.4
0 0 9 0 9590.4 1277 0 9590.4
0 0 10 0 9590.4 1167 0 9590.4
0 0 5 0 9590.4 1346 0 9590.4
0 0 8 0 9590.4 1372 0 9590.4
0 0 8 0 9590.4 1442 0 9590.4
0 0 6 0 9590.4 1527 0 9590.4
0 0 6 0 9590.4 1422 0 9590.4
0 0 5 0 9590.4 1547 0 9590.4
0 0 7 0 9590.4 1470 0 9590.4
0 0 5 0 9590.4 1576 0 9590.4
0 0 6 0 9590.4 1404 0 9590.4
0 0 4 0 9590.4 1555 0 9590.4
0 0 6 0 9590.4 1502 0 9590.4
0 0 6 0 9590.4 1502 0 9590.4
0 0 6 0 9590.4 1516 0 9590.4
0 0 8 0 9590.4 1163 0 9590.4
0 0 5 0 9590.4 1801 0 9590.4
0 0 7 0 9590.4 1567 0 9590.4
0 0 7 0 9590.4 1605 0 9590.4
0 0 7 0 9590.4 1638 0 9590.4
0 0 11 0 9590.4 1306 0 9590.4
0 0 5 0 9590.4 1643 0 9590.4
0 0 6 0 9590.4 1578 0 9590.4
0 0 9 0 9590.4 1468 0 9590.4
0 0 11 0 9590.4 1330 0 9590.4
0 0 8 0 9590.4 1433 0 9590.4
0 0 5 0 9590.4 1599 0 9590.4
0 0 5 0 9590.4 1466 0 9590.4
0 0 6 0 9590.4 1494 0 9590.4
0 0 6 0 9590.4 1446 0 9590.4
0 0 6 0 9590.4 1432 0 9590.4
0 0 6 0 9590.4 1452 0 9590.4
0 0 9 0 9590.4 1346 0 9590.4
0 0 7 0 9590.4 1462 0 9590.4
0 0 5 0 9590.4 1602 0 9590.4
0 0 8 0 9590.4 1631 0 9590.4
0 0 7 0 9590.4 1719 0 9590.4
0 0 11 0 9590.4 1334 0 9590.4
0 0 6 0 9590.4 1449 0 9590.4
0 0 6 0 9590.4 1574 0 9590.4
0 0 10 0 9590.4 1378 0 9590.4
0 0 7 0 9590.4 1583 0 9590.4
0 0 7 0 9590.4 1588 0 9590.4
0 0 7 0 9590.4 1611 0 9590.4
0 0 6 0 9590.4 1570 0 9590.4
0 0 6 0 9590.4 1498 0 9590.4
0 0 10 0 9590.4 1181 0 9590.4
0 0 9 0 9590.4 1318 0 9590.4
0 0 5 0 9590.4 1577 0 9590.4
0 0 6 0 9590.4 1463 0 9590.4
0 0 5 0 9590.4 1659 0 9590.4
0 0 5 0 9590.4 1586 0 9590.4
0 0 6 0 9590.4 1557 0 9590.4
0 0 6 0 9590.4 1518 0 9590.4
0 0 6 0 9590.4 1588 0 9590.4
0 0 6 0 9590.4 1530 0 9590.4
0 0 5 0 9590.4 1639 0 9590.4
0 0 5 0 9590.4 1616 0 9590.4
0 0 5 0 9590.4 1503 0 9590.4
0 0 6 0 9590.4 1446 0 9590.4
0 0 6 0 9590.4 1555 0 9590.4
0 0 6 0 9590.4 1571 0 9590.4
0 0 9 0 9590.4 1528 0 9590.4
0 0 10 0 9590.4 1298 0 9590.4
0 0 8 0 9590.4 1470 0 9590.4
0 0 9 0 9590.4 1551 0 9590.4
0 0 4 0 9590.4 1728 0 9590.4
0 0 12 0 9590.4 1288 0 9590.4
0 0 10 0 9590.4 1306 0 9590.4
0 0 6 0 9590.4 1392 0 9590.4
0 0 5 0 9590.4 1523 0 9590.4
0 0 7 0 9590.4 1227 0 9590.4
0 0 6 0 9590.4 1349 0 9590.4
0 0 6 0 9590.4 1474 0 9590.4
0 0 6 0 9590.4 1538 0 9590.4
0 0 5 0 9590.4 1535 0 9590.4
0 0 4 0 9590.4 1620 0 9590.4
0 0 6 0 9590.4 1526 0 9590.4
0 0 6 0 9590.4 1428 0 9590.4
0 0 6 0 9590.4 1464 0 9590.4
0 0 5 0 9590.4 1430 0 9590.4
0 0 6 0 9590.4 1516 0 9590.4
0 0 6 0 9590.4 1457 0 9590.4
0 0 5 0 9590.4 1599 0 9590.4
0 0 6 0 9590.4 1640 0 9590.4
0 0 5 0 9590.4 1745 0 9590.4
0 0 6 0 9590.4 1584 0 9590.4
0 0 6 0 9590.4 1611 0 9590.4
0 0 5 0 9590.4 1784 0 9590.4
0 0 6 0 9590.4 1577 0 9590.4
0 0 5 0 9590.4 1621 0 9590.4
0 0 6 0 9590.4 1616 0 9590.4
0 0 6 0 9590.4 1707 0 9590.4
0 0 5 0 9590.4 1616 0 9590.4
0 0 6 0 9590.4 1628 0 9590.4
0 0 6 0 9590.4 1519 0 9590.4
0 0 5 0 9590.4 1502 0 9590.4
0 0 5 0 9590.4 1476 0 9590.4
0 0 6 0 9590.4 243 0 9590.4
0 0 7 0 9590.4 20 0 9590.4
0 0 7 0 9590.4 21 0 9590.4
0 0 6 0 9590.4 22 0 9590.4
0 0 7 0 9590.4 19 0 9590.4
0 0 5 0 9590.4 23 0 9590.4
0 0 6 0 9590.4 21 0 9590.4
0 0 8 0 9590.4 19 0 9590.4
0 0 5 0 9590.4 22 0 9590.4
0 0 5 0 9590.4 22 0 9590.4
0 0 5 0 9590.4 21 0 9590.4
0 0 6 0 9590.4 21 0 9590.4
0 0 6 0 9590.4 21 0 9590.4
0 0 6 0 9590.4 21 0 9590.4
0 0 5 0 9590.4 19 0 9590.4
0 0 5 0 9590.4 11 0 9590.4
0 0 6 0 9590.4 0 0 9590.4
0 0 6 0 9590.4 0 0 9590.4
0 0 5 0 9590.4 0 0 9590.4
0 0 6 0 9590.4 0 0 9590.4
0 0 6 0 9590.4 0 0 9590.4
0 0 5 0 9590.4 0 0 9590.4
0 0 6 0 9590.4 0 0 9590.4
0 0 5 0 9590.4 0 0 9590.4
0 0 6 0 9590.4 0 0 9590.4
0 0 5 0 9590.4 0 0 9590.4
0 0 6 0 9590.4 0 0 9590.4
0 0 5 0 9590.4 0 0 9590.4
0 0 6 0 9590.4 0 0 9590.4
0 0 6 0 9590.4 0 0 9590.4
0 0 6 0 9590.4 0 0 9590.4
0 0 5 0 9590.4 0 0 9590.4
0 0 6 0 9590.4 0 0 9590.4
0 0 5 0 9590.4 0 0 9590.4
0 0 5 0 9590.4 0 0 9590.4
0 0 6 0 9590.4 0 0 9590.4
0 0 6 0 9590.4 0 0 9590.4
0 0 6 0 9590.4 0 0 9590.4
0 0 6 0 9590.4 0 0 9590.4
0 0 5 0 9590.4 0 0 9590.4
0 0 5 0 9590.4 0 0 9590.4
0 0 6 0 9590.4 0 0 9590.4
0 0 5 0 9590.4 0 0 9590.4
0 0 6 0 9590.4 0 0 9590.4
0 0 6 0 9590.4 0 0 9590.4
0 0 7 0 9590.4 0 0 9590.4
0 0 5 0 9590.4 0 0 9590.4
0 0 6 0 9590.4 0 0 9590.4
0 0 5 0 9590.4 0 0 9590.4
0 0 5 0 9590.4 0 0 9590.4
0 0 6 0 9590.4 0 0 9590.4
0 0 5 0 9590.4 0 0 9590.4
0 0 6 0 9590.4 0 0 9590.4
0 0 6 0 9590.4 0 0 9590.4
0 0 4 0 9590.4 0 0 9590.4
0 0 8 0 9590.4 0 0 9590.4
0 0 5 0 9590.4 0 0 9590.4
0 0 6 0 9590.4 0 0 9590.4
0 0 6 0 9590.4 0 0 9590.4
0 0 5 0 9590.4 0 0 9590.4
0 0 5 0 9590.4 0 0 9590.4
0 0 5 0 9590.4 0 0 9590.4
0 0 13 0 9590.4 0 0 9590.4
0 0 5 0 9590.4 0 0 9590.4
0 0 6 0 9590.4 0 0 9590.4
0 0 6 0 9590.4 0 0 9590.4
0 0 5 0 9590.4 0 0 9590.4
0 0 7 0 9590.4 0 0 9590.4
0 0 5 0 9590.4 0 0 9590.4
0 0 6 0 9590.4 0 0 9590.4
0 0 7 0 9590.4 0 0 9590.4
0 0 12 0 9590.4 0 0 9590.4
0 0 5 0 9590.4 0 0 9590.4
0 0 4 0 9590.4 0 0 9590.4
0 0 8 0 9590.4 0 0 9590.4
0 0 7 0 9590.4 0 0 9590.4
0 0 5 0 9590.4 0 0 9590.4
0 0 6 0 9590.4 0 0 9590.4
0 0 6 0 9590.4 0 0 9590.4
0 0 8 0 9590.4 0 0 9590.4
0 0 5 0 9590.4 0 0 9590.4
0 0 5 0 9590.4 0 0 9590.4
0 0 5 0 9590.4 0 0 9590.4
0 0 6 0 9590.4 0 0 9590.4
0 0 6 0 9590.4 0 0 9590.4
0 0 6 0 9590.4 0 0 9590.4
0 0 5 0 9590.4 0 0 9590.4
0 0 5 0 9590.4 0 0 9590.4
0 0 6 0 9590.4 0 0 9590.4
0 0 6 0 9590.4 0 0 9590.4
0 0 5 0 9590.4 0 0 9590.4
0 0 6 0 9590.4 0 0 9590.4
0 0 6 0 9590.4 0 0 9590.4
0 0 5 0 9590.4 0 0 9590.4
0 0 5 0 9590.4 0 0 9590.4
0 0 6 0 9590.4 0 0 9590.4
0 0 6 0 9590.4 0 0 9590.4
0 0 5 0 9590.4 0 0 9590.4
0 0 6 0 9590.4 0 0 9590.4
0 0 6 0 9590.4 0 0 9590.4
0 0 6 0 9590.4 0 0 9590.4
0 0 12 0 9590.4 0 0 9590.4
0 0 6 0 9590.4 0 0 9590.4
0 0 6 0 9590.4 0 0 9590.4
0 0 6 0 9590.4 0 0 9590.4
0 0 6 0 9590.4 0 0 9590.4
0 0 6 0 9590.4 0 0 9590.4
0 0 6 0 9590.4 0 0 9590.4
0 0 5 0 9590.4 0 0 9590.4
0 0 4 0 9590.4 0 0 9590.4
0 0 6 0 9590.4 0 0 9590.4
0 0 6 0 9590.4 0 0 9590.4
0 0 6 0 9590.4 0 0 9590.4
0 0 6 0 9590.4 0 0 9590.4
0 0 5 0 9590.4 0 0 9590.4
0 0 6 0 9590.4 0 0 9590.4
0 0 5 0 9590.4 0 0 9590.4
0 0 5 0 9590.4 0 0 9590.4
0 0 6 0 9590.4 0 0 9590.4
0 0 6 0 9590.4 0 0 9590.4
0 0 5 0 9590.4 0 0 9590.4
0 0 6 0 9590.4 0 0 9590.4
0 0 6 0 9590.4 0 0 9590.4
0 0 5 0 9590.4 0 0 9590.4
0 0 8 0 9590.4 0 0 9590.4
0 0 4 0 9590.4 0 0 9590.4
0 0 6 0 9590.4 0 0 9590.4
0 0 6 0 9590.4 0 0 9590.4
0 0 6 0 9590.4 0 0 9590.4
0 0 5 0 9590.4 0 0 9590.4
0 0 6 0 9590.4 0 0 9590.4
0 0 5 0 9590.4 0 0 9590.4
0 0 4 0 9590.4 0 0 9590.4
0 0 6 0 9590.4 0 0 9590.4
0 0 7 0 9590.4 0 0 9590.4
0 0 6 0 9590.4 0 0 9590.4
0 0 4 0 9590.4 0 0 9590.4
0 0 7 0 9590.4 0 0 9590.4
0 0 10 0 9590.4 0 0 9590.4
0 0 8 0 9590.4 0 0 9590.4
0 0 8 0 9590.4 0 0 9590.4
0 0 5 0 9590.4 0 0 9590.4
0 0 6 0 9590.4 0 0 9590.4
0 0 6 0 9590.4 0 0 9590.4
0 0 6 0 9590.4 0 0 9590.4
0 0 5 0 9590.4 0 0 9590.4
0 0 6 0 9590.4 0 0 9590.4
0 0 4 0 9590.4 0 0 9590.4
0 0 8 0 9590.4 0 0 9590.4
0 0 4 0 9590.4 0 0 9590.4
0 0 5 0 9590.4 0 0 9590.4
0 0 6 0 9590.4 0 0 9590.4
0 0 6 0 9590.4 0 0 9590.4
0 0 6 0 9590.4 0 0 9590.4
0 0 6 0 9590.4 0 0 9590.4
0 0 6 0 9590.4 0 0 9590.4
0 0 5 0 9590.4 0 0 9590.4
0 0 7 0 9590.4 0 0 9590.4
0 0 10 0 9590.4 0 0 9590.4
0 0 7 0 9590.4 0 0 9590.4
0 0 4 0 9590.4 0 0 9590.4
0 0 6 0 9590.4 0 0 9590.4
0 0 8 0 9590.4 0 0 9590.4
0 0 4 0 9590.4 0 0 9590.4
0 0 6 0 9590.4 0 0 9590.4
0 0 6 0 9590.4 0 0 9590.4
0 0 6 0 9590.4 0 0 9590.4
0 0 5 0 9590.4 0 0 9590.4
0 0 6 0 9590.4 0 0 9590.4
0 0 5 0 9590.4 0 0 9590.4
0 0 5 0 9590.4 0 0 9590.4
0 0 8 0 9590.4 0 0 9590.4
0 0 5 0 9590.4 0 0 9590.4
0 0 6 0 9590.4 0 0 9590.4
0 0 5 0 9590.4 0 0 9590.4
0 0 6 0 9590.4 0 0 9590.4
0 0 5 0 9590.4 0 0 9590.4
0 0 6 0 9590.4 0 0 9590.4
0 0 5 0 9590.4 0 0 9590.4
0 0 12 0 9590.4 0 0 9590.4
0 0 21 0 9590.4 0 0 9590.4
0 0 23 0 9590.4 0 0 9590.4
0 0 23 0 9590.4 0 0 9590.4
0 0 26 0 9590.4 0 0 9590.4
0 0 26 0 9590.4 0 0 9590.4
0 0 25 0 9590.4 0 0 9590.4
0 0 25 0 9590.4 0 0 9590.4
0 0 26 0 9590.4 0 0 9590.4
0 0 28 0 9590.4 0 0 9590.4
0 0 26 0 9590.4 0 0 9590.4
0 0 26 0 9590.4 0 0 9590.4
0 0 24 0 9590.4 0 0 9590.4
0 0 24 0 9590.4 0 0 9590.4
0 0 24 0 9590.4 0 0 9590.4
0 0 22 0 9590.4 0 0 9590.4
0 0 25 0 9590.4 0 0 9590.4
0 0 26 0 9590.4 0 0 9590.4
0 0 25 0 9590.4 0 0 9590.4
0 0 26 0 9590.4 0 0 9590.4
0 0 25 0 9590.4 0 0 9590.4
0 0 26 0 9590.4 0 0 9590.4
0 0 26 0 9590.4 0 0 9590.4
0 0 26 0 9590.4 0 0 9590.4
0 0 26 0 9590.4 0 0 9590.4
0 0 25 0 9590.4 0 0 9590.4
0 0 26 0 9590.4 0 0 9590.4
0 0 25 0 9590.4 0 0 9590.4
0 0 25 0 9590.4 0 0 9590.4
0 0 26 0 9590.4 0 0 9590.4
0 0 24 0 9590.4 0 0 9590.4
0 0 19 0 9590.4 0 0 9590.4
0 0 26 0 9590.4 0 0 9590.4
0 0 23 0 9590.4 0 0 9590.4
0 0 25 0 9590.4 0 0 9590.4
0 0 26 0 9590.4 0 0 9590.4
0 0 24 0 9590.4 0 0 9590.4
0 0 25 0 9590.4 0 0 9590.4
0 0 24 0 9590.4 0 0 9590.4
0 0 26 0 9590.4 0 0 9590.4
0 0 26 0 9590.4 0 0 9590.4
0 0 26 0 9590.4 0 0 9590.4
0 0 24 0 9590.4 0 0 9590.4
0 0 23 0 9590.4 0 0 9590.4
0 0 26 0 9590.4 0 0 9590.4
0 0 25 0 9590.4 0 0 9590.4
0 0 25 0 9590.4 0 0 9590.4
0 0 26 0 9590.4 0 0 9590.4
0 0 26 0 9590.4 0 0 9590.4
0 0 26 0 9590.4 0 0 9590.4
0 0 26 0 9590.4 0 0 9590.4
0 0 28 0 9590.4 0 0 9590.4
0 0 28 0 9590.4 0 0 9590.4
0 0 28 0 9590.4 0 0 9590.4
0 0 25 0 9590.4 0 0 9590.4
0 0 24 0 9590.4 0 0 9590.4
0 0 25 0 9590.4 0 0 9590.4
0 0 22 0 9590.4 0 0 9590.4
0 0 26 0 9590.4 0 0 9590.4
0 0 26 0 9590.4 0 0 9590.4
0 0 28 0 9590.4 0 0 9590.4
0 0 27 0 9590.4 0 0 9590.4
0 0 28 0 9590.4 0 0 9590.4
0 0 27 0 9590.4 0 0 9590.4
0 0 26 0 9590.4 0 0 9590.4
0 0 26 0 9590.4 0 0 9590.4
0 0 26 0 9590.4 0 0 9590.4
0 0 27 0 9590.4 0 0 9590.4
0 0 27 0 9590.4 0 0 9590.4
0 0 29 0 9590.4 0 0 9590.4
0 0 28 0 9590.4 0 0 9590.4
0 0 28 0 9590.4 0 0 9590.4
0 0 25 0 9590.4 0 0 9590.4
0 0 25 0 9590.4 0 0 9590.4
0 0 27 0 9590.4 0 0 9590.4
0 0 26 0 9590.4 0 0 9590.4
0 0 26 0 9590.4 0 0 9590.4
0 0 25 0 9590.4 0 0 9590.4
0 0 27 0 9590.4 0 0 9590.4
0 0 26 0 9590.4 0 0 9590.4
0 0 27 0 9590.4 0 0 9590.4
0 0 28 0 9590.4 0 0 9590.4
0 0 27 0 9590.4 0 0 9590.4
0 0 24 0 9590.4 0 0 9590.4
0 0 25 0 9590.4 0 0 9590.4
0 0 25 0 9590.4 0 0 9590.4
0 0 24 0 9590.4 0 0 9590.4
0 0 24 0 9590.4 0 0 9590.4
0 0 25 0 9590.4 0 0 9590.4
0 0 25 0 9590.4 0 0 9590.4
0 0 25 0 9590.4 0 0 9590.4
0 0 27 0 9590.4 0 0 9590.4
0 0 27 0 9590.4 0 0 9590.4
0 0 29 0 9590.4 0 0 9590.4
0 0 28 0 9590.4 0 0 9590.4
0 0 27 0 9590.4 0 0 9590.4
0 0 27 0 9590.4 0 0 9590.4
0 0 26 0 9590.4 0 0 9590.4
0 0 27 0 9590.4 0 0 9590.4
0 0 26 0 9590.4 0 0 9590.4
0 0 28 0 9590.4 0 0 9590.4
0 0 27 0 9590.4 0 0 9590.4
0 0 24 0 9590.4 0 0 9590.4
0 0 27 0 9590.4 0 0 9590.4
0 0 27 0 9590.4 0 0 9590.4
0 0 26 0 9590.4 0 0 9590.4
0 0 24 0 9590.4 0 0 9590.4
0 0 25 0 9590.4 0 0 9590.4
0 0 25 0 9590.4 0 0 9590.4
0 0 26 0 9590.4 0 0 9590.4
0 0 24 0 9590.4 0 0 9590.4
0 0 23 0 9590.4 0 0 9590.4
0 0 23 0 9590.4 0 0 9590.4
0 0 25 0 9590.4 0 0 9590.4
0 0 24 0 9590.4 0 0 9590.4
0 0 25 0 9590.4 0 0 9590.4
0 0 26 0 9590.4 0 0 9590.4
0 0 26 0 9590.4 0 0 9590.4
0 0 25 0 9590.4 0 0 9590.4
0 0 25 0 9590.4 0 0 9590.4
0 0 25 0 9590.4 0 0 9590.4
0 0 27 0 9590.4 0 0 9590.4
0 0 28 0 9590.4 0 0 9590.4
0 0 27 0 9590.4 0 0 9590.4
0 0 26 0 9590.4 0 0 9590.4
0 0 27 0 9590.4 0 0 9590.4
0 0 28 0 9590.4 0 0 9590.4
0 0 28 0 9590.4 0 0 9590.4
0 0 26 0 9590.4 0 0 9590.4
0 0 27 0 9590.4 0 0 9590.4
0 0 28 0 9590.4 0 0 9590.4
0 0 28 0 9590.4 0 0 9590.4
0 0 26 0 9590.4 0 0 9590.4
0 0 26 0 9590.4 0 0 9590.4
0 0 26 0 9590.4 0 0 9590.4
0 0 27 0 9590.4 0 0 9590.4
0 0 25 0 9590.4 0 0 9590.4
0 0 27 0 9590.4 0 0 9590.4
0 0 28 0 9590.4 0 0 9590.4
0 0 27 0 9590.4 0 0 9590.4
0 0 27 0 9590.4 0 0 9590.4
0 0 24 0 9590.4 0 0 9590.4
0 0 22 0 9590.4 0 0 9590.4
0 0 17 0 9590.4 0 0 9590.4
0 0 15 0 9590.4 0 0 9590.4
0 0 19 0 9590.4 0 0 9590.4
0 0 28 0 9590.4 0 0 9590.4
0 0 29 0 9590.4 0 0 9590.4
0 0 30 0 9590.4 0 0 9590.4
0 0 29 0 9590.4 0 0 9590.4
0 0 30 0 9590.4 0 0 9590.4
0 0 30 0 9590.4 0 0 9590.4
0 0 29 0 9590.4 0 0 9590.4
0 0 30 0 9590.4 0 0 9590.4
0 0 30 0 9590.4 0 0 9590.4
0 0 29 0 9590.4 0 0 9590.4
0 0 30 0 9590.4 0 0 9590.4
0 0 30 0 9590.4 0 0 9590.4
0 0 29 0 9590.4 0 0 9590.4
0 0 30 0 9590.4 0 0 9590.4
0 0 30 0 9590.4 0 0 9590.4
0 0 30 0 9590.4 0 0 9590.4
0 0 29 0 9590.4 0 0 9590.4
0 0 30 0 9590.4 0 0 9590.4
0 0 30 0 9590.4 0 0 9590.4
0 0 29 0 9590.4 0 0 9590.4
0 0 30 0 9590.4 0 0 9590.4
0 0 29 0 9590.4 0 0 9590.4
0 0 30 0 9590.4 0 0 9590.4
0 0 29 0 9590.4 0 0 9590.4
0 0 30 0 9590.4 0 0 9590.4
0 0 29 0 9590.4 0 0 9590.4
0 0 30 0 9590.4 0 0 9590.4
0 0 17 0 9590.4 0 0 9590.4
0 0 10 0 9590.4 0 0 9590.4
0 0 10 0 9590.4 0 0 9590.4
0 0 11 0 9590.4 0 0 9590.4
0 0 10 0 9590.4 0 0 9590.4
0 0 10 0 9590.4 0 0 9590.4
0 0 10 0 9590.4 0 0 9590.4
0 0 11 0 9590.4 0 0 9590.4
0 0 10 0 9590.4 0 0 9590.4
0 0 10 0 9590.4 0 0 9590.4
0 0 11 0 9590.4 0 0 9590.4
0 0 10 0 9590.4 0 0 9590.4
0 0 10 0 9590.4 0 0 9590.4
0 0 10 0 9590.4 0 0 9590.4
0 0 10 0 9590.4 0 0 9590.4
0 0 11 0 9590.4 0 0 9590.4
0 0 10 0 9590.4 0 0 9590.4
0 0 10 0 9590.4 0 0 9590.4
0 0 10 0 9590.4 0 0 9590.4
0 0 11 0 9590.4 0 0 9590.4
0 0 10 0 9590.4 0 0 9590.4
0 0 10 0 9590.4 0 0 9590.4
0 0 10 0 9590.4 0 0 9590.4
0 0 11 0 9590.4 0 0 9590.4
0 0 10 0 9590.4 0 0 9590.4
0 0 10 0 9590.4 0 0 9590.4
0 0 11 0 9590.4 0 0 9590.4
0 0 10 0 9590.4 0 0 9590.4
0 0 10 0 9590.4 0 0 9590.4
0 0 11 0 9590.4 0 0 9590.4
0 0 10 0 9590.4 0 0 9590.4
0 0 11 0 9590.4 0 0 9590.4
0 0 10 0 9590.4 0 0 9590.4
0 0 11 0 9590.4 0 0 9590.4
0 0 10 0 9590.4 0 0 9590.4
0 0 11 0 9590.4 0 0 9590.4
0 0 10 0 9590.4 0 0 9590.4
0 0 11 0 9590.4 0 0 9590.4
0 0 11 0 9590.4 0 0 9590.4
0 0 10 0 9590.4 0 0 9590.4
0 0 11 0 9590.4 0 0 9590.4
0 0 11 0 9590.4 0 0 9590.4
0 0 10 0 9590.4 0 0 9590.4
0 0 11 0 9590.4 0 0 9590.4
0 0 11 0 9590.4 0 0 9590.4
0 0 10 0 9590.4 0 0 9590.4
0 0 11 0 9590.4 0 0 9590.4
0 0 11 0 9590.4 0 0 9590.4
0 0 10 0 9590.4 0 0 9590.4
0 0 11 0 9590.4 0 0 9590.4
0 0 11 0 9590.4 0 0 9590.4
0 0 10 0 9590.4 0 0 9590.4
0 0 11 0 9590.4 0 0 9590.4
0 0 11 0 9590.4 0 0 9590.4
0 0 10 0 9590.4 0 0 9590.4
0 0 11 0 9590.4 0 0 9590.4
0 0 11 0 9590.4 0 0 9590.4
0 0 11 0 9590.4 0 0 9590.4
0 0 10 0 9590.4 0 0 9590.4
0 0 11 0 9590.4 0 0 9590.4
0 0 11 0 9590.4 0 0 9590.4
0 0 11 0 9590.4 0 0 9590.4
0 0 10 0 9590.4 0 0 9590.4
0 0 11 0 9590.4 0 0 9590.4
0 0 11 0 9590.4 0 0 9590.4
0 0 11 0 9590.4 0 0 9590.4
0 0 10 0 9590.4 0 0 9590.4
0 0 11 0 9590.4 0 0 9590.4
0 0 11 0 9590.4 0 0 9590.4
0 0 11 0 9590.4 0 0 9590.4
0 0 11 0 9590.4 0 0 9590.4
0 0 10 0 9590.4 0 0 9590.4
0 0 11 0 9590.4 0 0 9590.4
0 0 11 0 9590.4 0 0 9590.4
0 0 11 0 9590.4 0 0 9590.4
0 0 10 0 9590.4 0 0 9590.4
0 0 11 0 9590.4 0 0 9590.4
0 0 11 0 9590.4 0 0 9590.4
0 0 10 0 9590.4 0 0 9590.4
0 0 11 0 9590.4 0 0 9590.4
0 0 11 0 9590.4 0 0 9590.4
0 0 11 0 9590.4 0 0 9590.4
0 0 11 0 9590.4 0 0 9590.4
0 0 11 0 9590.4 0 0 9590.4
0 0 10 0 9590.4 0 0 9590.4
0 0 11 0 9590.4 0 0 9590.4
0 0 11 0 9590.4 0 0 9590.4
0 0 11 0 9590.4 0 0 9590.4
0 0 10 0 9590.4 0 0 9590.4
0 0 11 0 9590.4 0 0 9590.4
0 0 11 0 9590.4 0 0 9590.4
0 0 11 0 9590.4 0 0 9590.4
0 0 11 0 9590.4 0 0 9590.4
0 0 10 0 9590.4 0 0 9590.4
0 0 11 0 9590.4 0 0 9590.4
0 0 11 0 9590.4 0 0 9590.4
0 0 11 0 9590.4 0 0 9590.4
0 0 11 0 9590.4 0 0 9590.4
0 0 11 0 9590.4 0 0 9590.4
0 0 11 0 9590.4 0 0 9590.4
0 0 10 0 9590.4 0 0 9590.4
0 0 11 0 9590.4 0 0 9590.4
0 0 11 0 9590.4 0 0 9590.4
0 0 11 0 9590.4 0 0 9590.4
0 0 10 0 9590.4 0 0 9590.4
0 0 11 0 9590.4 0 0 9590.4
0 0 11 0 9590.4 0 0 9590.4
0 0 11 0 9590.4 0 0 9590.4
0 0 11 0 9590.4 0 0 9590.4
0 0 10 0 9590.4 0 0 9590.4
0 0 11 0 9590.4 0 0 9590.4
0 0 11 0 9590.4 0 0 9590.4
0 0 11 0 9590.4 0 0 9590.4
0 0 11 0 9590.4 0 0 9590.4
0 0 11 0 9590.4 0 0 9590.4
0 0 9 0 9590.4 0 0 9590.4
0 0 4 0 9590.4 0 0 9590.4
0 0 4 0 9590.4 0 0 9590.4
0 0 5 0 9590.4 0 0 9590.4
0 0 7 0 9590.4 0 0 9590.4
0 0 6 0 9590.4 0 0 9590.4
0 0 5 0 9590.4 0 0 9590.4
0 0 6 0 9590.4 0 0 9590.4
0 0 5 0 9590.4 0 0 9590.4
0 0 5 0 9590.4 0 0 9590.4
0 0 6 0 9590.4 0 0 9590.4
3423 0 4 1 9590.4 70 97 0
10732 0 0 0 9590.4 583 208 0
6499 0 0 0 9590.4 1194 94 0
1501 0 0 0 9590.4 2211 21 0
11331 0 0 0 9590.4 590 120 0
10615 0 0 0 9590.4 567 106 0
9916 0 0 0 9590.4 524 84 0
10221 0 0 0 9590.4 544 809 0
8543 0 0 0 9590.4 592 1459 0
10215 0 0 0 9590.4 539 1310 0
9817 0 0 0 9590.4 511 967 0
9307 0 0 0 9590.4 600 760 0
10967 0 0 0 9590.4 585 760 0
8863 0 0 0 9590.4 554 506 0
9378 0 0 0 9590.4 561 2145 0
10251 0 0 0 9590.4 553 1442 0
10578 0 0 0 9590.4 498 1166 0
8126 0 0 0 9590.4 642 754 0
10594 0 0 0 9590.4 562 865 0
10318 0 0 0 9590.4 550 786 0
10262 0 0 0 9590.4 555 1472 0
7957 0 0 0 9590.4 667 930 0
9697 0 0 0 9590.4 517 1029 0
10233 0 0 0 9590.4 559 977 0
11200 0 0 0 9590.4 602 993 0
10716 0 0 0 9590.4 573 823 0
10123 0 0 0 9590.4 543 1578 0
9679 0 0 0 9590.4 514 1262 0
10783 0 0 0 9590.4 576 1272 0
9797 0 0 0 9590.4 529 1002 0
7544 0 0 0 9590.4 624 726 0
10751 0 0 0 9590.4 567 911 0
9525 0 0 0 9590.4 525 1656 0
10281 0 0 0 9590.4 538 1447 0
9004 0 0 0 9590.4 658 1126 0
8172 0 0 0 9590.4 815 894 0
10264 0 0 0 9590.4 534 1070 0
8253 0 0 0 9590.4 496 699 0
8555 0 0 0 9590.4 512 1160 0
10004 0 0 0 9590.4 629 1306 0
9553 0 0 0 9590.4 624 1160 0
9990 0 0 0 9590.4 638 1046 0
9869 0 0 0 9590.4 521 942 0
8505 0 0 0 9590.4 583 787 0
10476 0 0 0 9590.4 564 1227 0
9216 0 0 0 9590.4 682 1289 0
8913 0 0 0 9590.4 676 1112 0
10467 0 0 0 9590.4 558 1142 0
11149 0 0 0 9590.4 596 1185 0
7563 0 0 0 9590.4 915 688 0
9944 0 0 0 9590.4 529 1147 0
9935 0 0 0 9590.4 519 1286 0
9655 0 0 0 9590.4 581 1198 0
8614 0 0 0 9590.4 707 973 0
8539 0 0 0 9590.4 590 853 0
11039 0 0 0 9590.4 594 1148 0
8882 0 0 0 9590.4 828 941 0
9805 0 0 0 9590.4 515 1311 0
10092 0 0 0 9590.4 537 1320 0
8305 0 0 0 9590.4 520 935 0
10443 0 0 0 9590.4 569 1065 0
9043 0 0 0 9590.4 665 826 0
8367 0 0 0 9590.4 618 743 0
10647 0 0 0 9590.4 563 1366 0
10768 0 0 0 9590.4 572 1174 0
10297 0 0 0 9590.4 556 1088 0
9232 0 0 0 9590.4 523 890 0
8311 0 0 0 9590.4 550 714 0
10728 0 0 0 9590.4 581 879 0
9025 0 0 0 9590.4 549 934 0
9980 0 0 0 9590.4 553 1075 0
10290 0 0 0 9590.4 734 999 0
10194 0 0 0 9590.4 685 870 0
8339 0 0 0 9590.4 979 747 0
9789 0 0 0 9590.4 512 768 0
8208 0 0 0 9590.4 561 596 0
10509 0 0 0 9590.4 590 937 0
10457 0 0 0 9590.4 581 926 0
7391 0 0 0 9590.4 418 648 0
10949 0 0 0 9590.4 589 891 0
10379 0 0 0 9590.4 538 721 0
9152 0 0 0 9590.4 692 574 0
9977 0 0 0 9590.4 527 596 0
10531 0 0 0 9590.4 559 565 0
10694 0 0 0 9590.4 565 801 0
9603 0 0 0 9590.4 514 616 0
10370 0 0 0 9590.4 553 668 0
10511 0 0 0 9590.4 553 607 0
10522 0 0 0 9590.4 761 507 0
10371 0 0 0 9590.4 621 488 0
8743 0 0 0 9590.4 523 398 0
9782 0 0 0 9590.4 529 509 0
10455 0 0 0 9590.4 563 557 0
9758 0 0 0 9590.4 524 501 0
10340 0 0 0 9590.4 547 487 0
11456 0 0 0 9590.4 616 499 0
11054 0 0 0 9590.4 592 413 0
10553 0 0 0 9590.4 555 390 0
9863 0 0 0 9590.4 523 302 0
10118 0 0 0 9590.4 542 322 0
10233 0 0 0 9590.4 544 528 0
9774 0 0 0 9590.4 540 364 0
9868 0 0 0 9590.4 523 351 0
11150 0 0 0 9590.4 588 427 0
11316 0 0 0 9590.4 600 338 0
10425 0 0 0 9590.4 569 295 0
9993 0 0 0 9590.4 527 249 0
9960 0 0 0 9590.4 534 251 0
10418 0 0 0 9590.4 547 280 0
9921 0 0 0 9590.4 521 354 0
9892 0 0 0 9590.4 532 347 0
10739 0 0 0 9590.4 567 351 0
11256 0 0 0 9590.4 599 330 0
10660 0 0 0 9590.4 563 253 0
9799 0 0 0 9590.4 523 212 0
10367 0 0 0 9590.4 548 241 0
10337 0 0 0 9590.4 545 180 0
9932 0 0 0 9590.4 524 193 0
10131 0 0 0 9590.4 529 218 0
11209 0 0 0 9590.4 593 359 0
10915 0 0 0 9590.4 581 274 0
9926 0 0 0 9590.4 531 244 0
9948 0 0 0 9590.4 535 184 0
10294 0 0 0 9590.4 549 200 0
10733 0 0 0 9590.4 574 222 0
10311 0 0 0 9590.4 550 177 0
8817 0 0 0 9590.4 476 137 0
9641 0 0 0 9590.4 691 139 0
11254 0 0 0 9590.4 608 180 0
10958 0 0 0 9590.4 603 235 0
8939 0 0 0 9590.4 677 191 0
9927 0 0 0 9590.4 524 205 0
8538 0 0 0 9590.4 676 182 0
8199 0 0 0 9590.4 907 141 0
9485 0 0 0 9590.4 501 157 0
9527 0 0 0 9590.4 501 122 0
11251 0 0 0 9590.4 634 158 0
8281 0 0 0 9590.4 546 109 0
9841 0 0 0 9590.4 633 125 0
9386 0 0 0 9590.4 645 106 0
8263 0 0 0 9590.4 736 185 0
11153 0 0 0 9590.4 601 228 0
11061 0 0 0 9590.4 607 200 0
10835 0 0 0 9590.4 598 178 0
11796 0 0 0 9590.4 619 177 0
9754 0 0 0 9590.4 664 132 0
10785 0 0 0 9590.4 659 135 0
11274 0 0 0 9590.4 616 127 0
11358 0 0 0 9590.4 615 116 0
10645 0 0 0 9590.4 582 97 0
11258 0 0 0 9590.4 600 199 0
11934 0 0 0 9590.4 620 199 0
9763 0 0 0 9590.4 754 128 0
10373 0 0 0 9590.4 579 140 0
10660 0 0 0 9590.4 575 131 0
8027 0 0 0 9590.4 682 104 0
10844 0 0 0 9590.4 577 113 0
8252 0 0 0 9590.4 725 84 0
10039 0 0 0 9590.4 529 106 0
10393 0 0 0 9590.4 546 114 0
11271 0 0 0 9590.4 608 101 0
8112 0 0 0 9590.4 730 139 0
7644 0 0 0 9590.4 460 128 0
10032 0 0 0 9590.4 538 156 0
10559 0 0 0 9590.4 568 163 0
9403 0 0 0 9590.4 621 120 0
10190 0 0 0 9590.4 552 120 0
10560 0 0 0 9590.4 652 130 0
8798 0 0 0 9590.4 817 110 0
8465 0 0 0 9590.4 748 91 0
9494 0 0 0 9590.4 784 72 0
9312 0 0 0 9590.4 551 76 0
8742 0 0 0 9590.4 831 69 0
9317 0 0 0 9590.4 514 167 0
8946 0 0 0 9590.4 759 138 0
11064 0 0 0 9590.4 588 158 0
10694 0 0 0 9590.4 564 142 0
10157 0 0 0 9590.4 538 128 0
7877 0 0 0 9590.4 511 95 0
9116 0 0 0 9590.4 542 123 0
9548 0 0 0 9590.4 511 84 0
7475 0 0 0 9590.4 528 64 0
10436 0 0 0 9590.4 539 101 0
11042 0 0 0 9590.4 581 87 0
11013 0 0 0 9590.4 584 156 0
9879 0 0 0 9590.4 521 144 0
9874 0 0 0 9590.4 536 134 0
9856 0 0 0 9590.4 526 128 0
10496 0 0 0 9590.4 565 141 0
10059 0 0 0 9590.4 537 162 0
10872 0 0 0 9590.4 580 125 0
10683 0 0 0 9590.4 573 112 0
11443 0 0 0 9590.4 615 107 0
9977 0 0 0 9590.4 546 74 0
9922 0 0 0 9590.4 534 74 0
10983 0 0 0 9590.4 583 198 0
10783 0 0 0 9590.4 580 175 0
9975 0 0 0 9590.4 529 131 0
10652 0 0 0 9590.4 562 153 0
10074 0 0 0 9590.4 718 108 0
9457 0 0 0 9590.4 728 109 0
8190 0 0 0 9590.4 672 97 0
10128 0 0 0 9590.4 542 93 0
10850 0 0 0 9590.4 578 101 0
9887 0 0 0 9590.4 523 88 0
11471 0 0 0 9590.4 614 122 0
11479 0 0 0 9590.4 601 185 0
11734 0 0 0 9590.4 610 209 0
10716 0 0 0 9590.4 562 141 0
10742 0 0 0 9590.4 570 134 0
11004 0 0 0 9590.4 581 117 0
10916 0 0 0 9590.4 579 109 0
11710 0 0 0 9590.4 626 143 0
10726 0 0 0 9590.4 580 83 0
11028 0 0 0 9590.4 582 93 0
11395 0 0 0 9590.4 596 103 0
11485 0 0 0 9590.4 607 196 0
11813 0 0 0 9590.4 628 192 0
12508 0 0 0 9590.4 668 160 0
11356 0 0 0 9590.4 605 155 0
11681 0 0 0 9590.4 628 152 0
11202 0 0 0 9590.4 607 100 0
11087 0 0 0 9590.4 575 93 0
11573 0 0 0 9590.4 607 108 0
11080 0 0 0 9590.4 587 98 0
11148 0 0 0 9590.4 591 131 0
11739 0 0 0 9590.4 633 204 0
12013 0 0 0 9590.4 645 182 0
11207 0 0 0 9590.4 602 143 0
10503 0 0 0 9590.4 553 127 0
10802 0 0 0 9590.4 563 114 0
11696 0 0 0 9590.4 608 105 0
11818 0 0 0 9590.4 607 116 0
10894 0 0 0 9590.4 578 91 0
8732 0 0 0 9590.4 585 71 0
9214 0 0 0 9590.4 578 100 0
9483 0 0 0 9590.4 600 145 0
11007 0 0 0 9590.4 575 183 0
11691 0 0 0 9590.4 622 150 0
11698 0 0 0 9590.4 610 145 0
11255 0 0 0 9590.4 584 126 0
11327 0 0 0 9590.4 600 129 0
11331 0 0 0 9590.4 608 114 0
10898 0 0 0 9590.4 617 78 0
8403 0 0 0 9590.4 451 83 0
8914 0 0 0 9590.4 493 56 0
8398 0 0 0 9590.4 492 113 0
11249 0 0 0 9590.4 586 196 0
12049 0 0 0 9590.4 632 167 0
11342 0 0 0 9590.4 601 168 0
11741 0 0 0 9590.4 639 142 0
11359 0 0 0 9590.4 699 100 0
10547 0 0 0 9590.4 683 118 0
10767 0 0 0 9590.4 593 113 0
9988 0 0 0 9590.4 576 84 0
10973 0 0 0 9590.4 582 90 0
11075 0 0 0 9590.4 587 136 0
10438 0 0 0 9590.4 545 211 0
11601 0 0 0 9590.4 610 163 0
10185 0 0 0 9590.4 546 136 0
9106 0 0 0 9590.4 487 112 0
10476 0 0 0 9590.4 554 157 0
11775 0 0 0 9590.4 622 115 0
11974 0 0 0 9590.4 620 121 0
11823 0 0 0 9590.4 630 90 0
10425 0 0 0 9590.4 539 59 0
11209 0 0 0 9590.4 603 119 0
11369 0 0 0 9590.4 610 190 0
11111 0 0 0 9590.4 597 148 0
10897 0 0 0 9590.4 575 145 0
11354 0 0 0 9590.4 616 142 0
11432 0 0 0 9590.4 603 129 0
11074 0 0 0 9590.4 585 110 0
11681 0 0 0 9590.4 604 123 0
10645 0 0 0 9590.4 568 86 0
9787 0 0 0 9590.4 630 68 0
10565 0 0 0 9590.4 570 112 0
11183 0 0 0 9590.4 605 204 0
11348 0 0 0 9590.4 608 196 0
11286 0 0 0 9590.4 592 129 0
11333 0 0 0 9590.4 587 152 0
11426 0 0 0 9590.4 597 116 0
11444 0 0 0 9590.4 603 100 0
10650 0 0 0 9590.4 571 114 0
11508 0 0 0 9590.4 616 87 0
10401 0 0 0 9590.4 562 91 0
8442 0 0 0 9590.4 507 55 0
10883 0 0 0 9590.4 572 188 0
11713 0 0 0 9590.4 596 175 0
10964 0 0 0 9590.4 564 124 0
12023 0 0 0 9590.4 622 129 0
10999 0 0 0 9590.4 581 114 0
9701 0 0 0 9590.4 580 93 0
9272 0 0 0 9590.4 650 65 0
9350 0 0 0 9590.4 547 82 0
11106 0 0 0 9590.4 621 121 0
11834 0 0 0 9590.4 623 103 0
11247 0 0 0 9590.4 585 152 0
11793 0 0 0 9590.4 610 187 0
11602 0 0 0 9590.4 621 149 0
10155 0 0 0 9590.4 542 147 0
9602 0 0 0 9590.4 511 112 0
10700 0 0 0 9590.4 569 113 0
12125 0 0 0 9590.4 694 134 0
11017 0 0 0 9590.4 589 101 0
11018 0 0 0 9590.4 569 104 0
12499 0 0 0 9590.4 657 96 0
11013 0 0 0 9590.4 582 129 0
11944 0 0 0 9590.4 636 181 0
11013 0 0 0 9590.4 587 148 0
11236 0 0 0 9590.4 608 163 0
11825 0 0 0 9590.4 644 140 0
12653 0 0 0 9590.4 670 101 0
10564 0 0 0 9590.4 546 120 0
11697 0 0 0 9590.4 605 94 0
12072 0 0 0 9590.4 630 117 0
12199 0 0 0 9590.4 657 98 0
11366 0 0 0 9590.4 623 157 0
11665 0 0 0 9590.4 627 158 0
12000 0 0 0 9590.4 646 187 0
12159 0 0 0 9590.4 663 127 0
11327 0 0 0 9590.4 590 116 0
12032 0 0 0 9590.4 630 113 0
11692 0 0 0 9590.4 610 92 0
10734 0 0 0 9590.4 566 72 0
11111 0 0 0 9590.4 585 89 0
10987 0 0 0 9590.4 601 150 0
9837 0 0 0 9590.4 525 245 0
10517 0 0 0 9590.4 562 193 0
11195 0 0 0 9590.4 591 212 0
11712 0 0 0 9590.4 608 194 0
11599 0 0 0 9590.4 610 174 0
10812 0 0 0 9590.4 567 123 0
10310 0 0 0 9590.4 543 127 0
10607 0 0 0 9590.4 647 127 0
7640 0 0 0 9590.4 524 75 0
10310 0 0 0 9590.4 541 78 0
10303 0 0 0 9590.4 534 285 0
10933 0 0 0 9590.4 571 224 0
11724 0 0 0 9590.4 610 207 0
10777 0 0 0 9590.4 563 168 0
11427 0 0 0 9590.4 602 139 0
10857 0 0 0 9590.4 576 101 0
9036 0 0 0 9590.4 567 70 0
11947 0 0 0 9590.4 643 87 0
12103 0 0 0 9590.4 635 75 0
10941 0 0 0 9590.4 575 76 0
9052 0 0 0 9590.4 492 100 0
11704 0 0 0 9590.4 621 90 0
9851 0 0 0 9590.4 661 94 0
9528 0 0 0 9590.4 516 94 0
10418 0 0 0 9590.4 573 79 0
11243 0 0 0 9590.4 603 96 0
10955 0 0 0 9590.4 580 89 0
11389 0 0 0 9590.4 608 51 0
11185 0 0 0 9590.4 587 59 0
11359 0 0 0 9590.4 600 72 0
11605 0 0 0 9590.4 641 72 0
9711 0 0 0 9590.4 585 74 0
11341 0 0 0 9590.4 606 104 0
10722 0 0 0 9590.4 575 73 0
9218 0 0 0 9590.4 492 65 0
10080 0 0 0 9590.4 625 69 0
10289 0 0 0 9590.4 592 54 0
9819 0 0 0 9590.4 531 62 0
8813 0 0 0 9590.4 538 55 0
9284 0 0 0 9590.4 538 66 0
10445 0 0 0 9590.4 566 45 0
10413 0 0 0 9590.4 551 40 0
12081 0 0 0 9590.4 646 84 0
11704 0 0 0 9590.4 643 80 0
9638 0 0 0 9590.4 651 63 0
11483 0 0 0 9590.4 609 83 0
10779 0 0 0 9590.4 564 72 0
8771 0 0 0 9590.4 552 41 0
10513 0 0 0 9590.4 557 61 0
9289 0 0 0 9590.4 589 50 0
11465 0 0 0 9590.4 624 49 0
12224 0 0 0 9590.4 680 60 0
12021 0 0 0 9590.4 639 39 0
11643 0 0 0 9590.4 602 72 0
11101 0 0 0 9590.4 576 91 0
12041 0 0 0 9590.4 644 74 0
11441 0 0 0 9590.4 619 76 0
12004 0 0 0 9590.4 643 69 0
11768 0 0 0 9590.4 635 69 0
11787 0 0 0 9590.4 633 60 0
11777 0 0 0 9590.4 620 49 0
11608 0 0 0 9590.4 598 52 0
10640 0 0 0 9590.4 550 48 0
10160 0 0 0 9590.4 535 71 0
9602 0 0 0 9590.4 522 76 0
8837 0 0 0 9590.4 488 51 0
9533 0 0 0 9590.4 540 74 0
12362 0 0 0 9590.4 660 85 0
9856 0 0 0 9590.4 552 51 0
11167 0 0 0 9590.4 588 50 0
10396 0 0 0 9590.4 539 42 0
12031 0 0 0 9590.4 629 53 0
11540 0 0 0 9590.4 617 43 0
11940 0 0 0 9590.4 639 40 0
11468 0 0 0 9590.4 615 97 0
11576 0 0 0 9590.4 632 80 0
10822 0 0 0 9590.4 588 64 0
11233 0 0 0 9590.4 597 78 0
10890 0 0 0 9590.4 573 53 0
10390 0 0 0 9590.4 548 63 0
10217 0 0 0 9590.4 545 42 0
10338 0 0 0 9590.4 551 35 0
10285 0 0 0 9590.4 549 48 0
9897 0 0 0 9590.4 525 32 0
11101 0 0 0 9590.4 607 37 0
11641 0 0 0 9590.4 614 116 0
11629 0 0 0 9590.4 617 126 0
10963 0 0 0 9590.4 577 100 0
11175 0 0 0 9590.4 589 109 0
12071 0 0 0 9590.4 640 88 0
11130 0 0 0 9590.4 592 75 0
9810 0 0 0 9590.4 534 56 0
11471 0 0 0 9590.4 610 63 0
9078 0 0 0 9590.4 538 46 0
10628 0 0 0 9590.4 557 58 0
8875 0 0 0 9590.4 472 47 0
9345 0 0 0 9590.4 494 54 0
7929 0 0 0 9590.4 412 28 0
11590 0 0 0 9590.4 606 25 0
11640 0 0 0 9590.4 614 30 0
11354 0 0 0 9590.4 604 37 0
9992 0 0 0 9590.4 538 30 0
10552 0 0 0 9590.4 559 32 0
10275 0 0 0 9590.4 535 28 0
11085 0 0 0 9590.4 578 30 0
10718 0 0 0 9590.4 557 23 0
8627 0 0 0 9590.4 446 19 0
10575 0 0 0 9590.4 563 46 0
9548 0 0 0 9590.4 507 66 0
11385 0 0 0 9590.4 606 92 0
8784 0 0 0 9590.4 466 55 0
11037 0 0 0 9590.4 598 64 0
11410 0 0 0 9590.4 604 42 0
9510 0 0 0 9590.4 487 46 0
11702 0 0 0 9590.4 603 50 0
8496 0 0 0 9590.4 449 42 0
9189 0 0 0 9590.4 498 32 0
11444 0 0 0 9590.4 625 46 0
9760 0 0 0 9590.4 537 33 0
9759 0 0 0 9590.4 599 75 0
12013 0 0 0 9590.4 635 80 0
11873 0 0 0 9590.4 623 86 0
9298 0 0 0 9590.4 532 67 0
11534 0 0 0 9590.4 602 73 0
8973 0 0 0 9590.4 495 47 0
11969 0 0 0 9590.4 638 70 0
11183 0 0 0 9590.4 597 51 0
9359 0 0 0 9590.4 496 53 0
9504 0 0 0 9590.4 223 35 0
11557 0 0 0 9590.4 270 41 0
11480 0 0 0 9590.4 605 79 0
11153 0 0 0 9590.4 584 77 0
11789 0 0 0 9590.4 637 70 0
9503 0 0 0 9590.4 602 56 0
11890 0 0 0 9590.4 632 63 0
9336 0 0 0 9590.4 543 42 0
8746 0 0 0 9590.4 575 41 0
11428 0 0 0 9590.4 604 43 0
8813 0 0 0 9590.4 477 29 0
10511 0 0 0 9590.4 554 45 0
9579 0 0 0 9590.4 668 28 0
11240 0 0 0 9590.4 632 46 0
11154 0 0 0 9590.4 613 83 0
8685 0 0 0 9590.4 477 53 0
11276 0 0 0 9590.4 662 53 0
11139 0 0 0 9590.4 593 69 0
11501 0 0 0 9590.4 606 50 0
10770 0 0 0 9590.4 661 52 0
11355 0 0 0 9590.4 675 41 0
11900 0 0 0 9590.4 636 42 0
11249 0 0 0 9590.4 615 36 0
9309 0 0 0 9590.4 527 24 0
11302 0 0 0 9590.4 610 66 0
10260 0 0 0 9590.4 553 79 0
11576 0 0 0 9590.4 608 73 0
11430 0 0 0 9590.4 603 61 0
10086 0 0 0 9590.4 547 43 0
9823 0 0 0 9590.4 574 54 0
9277 0 0 0 9590.4 488 32 0
10906 0 0 0 9590.4 573 38 0
9343 0 0 0 9590.4 510 36 0
11522 0 0 0 9590.4 649 34 0
11781 0 0 0 9590.4 621 27 0
11235 0 0 0 9590.4 591 62 0
12430 0 0 0 9590.4 639 79 0
11374 0 0 0 9590.4 590 60 0
8899 0 0 0 9590.4 501 42 0
10813 0 0 0 9590.4 565 58 0
10224 0 0 0 9590.4 541 49 0
9450 0 0 0 9590.4 549 40 0
10789 0 0 0 9590.4 619 27 0
10492 0 0 0 9590.4 580 34 0
9203 0 0 0 9590.4 562 46 0
11667 0 0 0 9590.4 608 41 0
10106 0 0 0 9590.4 595 44 0
9533 0 0 0 9590.4 531 58 0
11244 0 0 0 9590.4 595 68 0
9138 0 0 0 9590.4 550 59 0
10353 0 0 0 9590.4 566 57 0
10326 0 0 0 9590.4 557 51 0
10835 0 0 0 9590.4 605 57 0
12176 0 0 0 9590.4 636 46 0
9153 0 0 0 9590.4 568 34 0
9656 0 0 0 9590.4 567 29 0
10941 0 0 0 9590.4 589 28 0
11134 0 0 0 9590.4 647 22 0
10365 0 0 0 9590.4 581 123 0
12102 0 0 0 9590.4 632 133 0
12147 0 0 0 9590.4 648 110 0
11499 0 0 0 9590.4 599 72 0
8449 0 0 0 9590.4 532 77 0
10550 0 0 0 9590.4 563 59 0
11748 0 0 0 9590.4 652 61 0
11810 0 0 0 9590.4 636 55 0
11562 0 0 0 9590.4 608 61 0
11458 0 0 0 9590.4 600 52 0
11326 0 0 0 9590.4 587 50 0
12186 0 0 0 9590.4 636 40 0
11335 0 0 0 9590.4 588 35 0
11430 0 0 0 9590.4 605 27 0
11745 0 0 0 9590.4 639 28 0
12069 0 0 0 9590.4 674 37 0
12391 0 0 0 9590.4 666 26 0
10921 0 0 0 9590.4 588 21 0
11748 0 0 0 9590.4 618 23 0
7696 0 0 0 9590.4 502 8 0
9730 0 0 0 9590.4 575 16 0
11562 0 0 0 9590.4 607 45 0
10703 0 0 0 9590.4 569 49 0
10631 0 0 0 9590.4 562 48 0
11378 0 0 0 9590.4 678 43 0
11099 0 0 0 9590.4 591 34 0
9937 0 0 0 9590.4 664 22 0
9879 0 0 0 9590.4 538 48 0
10580 0 0 0 9590.4 555 35 0
11642 0 0 0 9590.4 617 32 0
11761 0 0 0 9590.4 617 25 0
12315 0 0 0 9590.4 661 28 0
10786 0 0 0 9590.4 574 59 0
11293 0 0 0 9590.4 602 78 0
12060 0 0 0 9590.4 645 59 0
11341 0 0 0 9590.4 605 43 0
8757 0 0 0 9590.4 601 44 0
10325 0 0 0 9590.4 564 45 0
10370 0 0 0 9590.4 666 29 0
10580 0 0 0 9590.4 574 31 0
8554 0 0 0 9590.4 483 33 0
10212 0 0 0 9590.4 568 27 0
8662 0 0 0 9590.4 517 23 0
8607 0 0 0 9590.4 464 24 0
8644 0 0 0 9590.4 551 64 0
10279 0 0 0 9590.4 558 60 0
10430 0 0 0 9590.4 562 50 0
11690 0 0 0 9590.4 636 48 0
10298 0 0 0 9590.4 556 38 0
10811 0 0 0 9590.4 583 32 0
10719 0 0 0 9590.4 575 43 0
9275 0 0 0 9590.4 579 32 0
9623 0 0 0 9590.4 536 34 0
10408 0 0 0 9590.4 582 34 0
8879 0 0 0 9590.4 566 23 0
11498 0 0 0 9590.4 618 42 0
8973 0 0 0 9590.4 483 51 0
10013 0 0 0 9590.4 593 60 0
11132 0 0 0 9590.4 599 69 0
8777 0 0 0 9590.4 572 39 0
10906 0 0 0 9590.4 619 42 0
9552 0 0 0 9590.4 510 41 0
11924 0 0 0 9590.4 633 49 0
10897 0 0 0 9590.4 588 32 0
10619 0 0 0 9590.4 576 25 0
8995 0 0 0 9590.4 591 21 0
10433 0 0 0 9590.4 566 26 0
9354 0 0 0 9590.4 539 61 0
11133 0 0 0 9590.4 594 68 0
9809 0 0 0 9590.4 566 55 0
11295 0 0 0 9590.4 591 46 0
11452 0 0 0 9590.4 599 57 0
10827 0 0 0 9590.4 634 35 0
11103 0 0 0 9590.4 639 31 0
12209 0 0 0 9590.4 666 37 0
12090 0 0 0 9590.4 650 32 0
11350 0 0 0 9590.4 609 40 0
11295 0 0 0 9590.4 607 29 0
11769 0 0 0 9590.4 616 61 0
9024 0 0 0 9590.4 517 58 0
10283 0 0 0 9590.4 549 45 0
9468 0 0 0 9590.4 616 46 0
10225 0 0 0 9590.4 672 41 0
10599 0 0 0 9590.4 665 48 0
10835 0 0 0 9590.4 586 42 0
9613 0 0 0 9590.4 536 26 0
10186 0 0 0 9590.4 533 43 0
2772 0 0 0 9590.4 2102 5 0
0 0 0 0 9590.4 2736 0 0
0 0 0 0 9590.4 1162 0 0
