0 restore_end page_write
0 0 2376
0 0 3481
0 0 3402
0 0 3376
0 0 3460
0 0 3361
0 0 3379
0 0 3458
0 0 3407
0 0 3368
0 0 3385
0 0 3361
0 0 3393
0 0 3382
0 0 3398
0 0 3401
0 0 3385
0 0 3409
0 0 3388
0 0 3417
0 0 3513
0 0 3436
0 0 3408
0 0 3498
0 0 3528
0 0 3420
0 0 3439
0 0 3444
0 0 3371
0 0 3453
0 0 3485
0 0 3580
0 0 3502
0 0 3575
0 0 3663
0 0 3648
0 0 3776
0 0 3684
0 0 3598
0 0 3695
0 0 3931
0 0 3794
0 0 3598
0 0 3612
0 0 3927
0 0 3861
0 0 3766
0 0 3634
0 0 3593
0 0 3640
0 0 3657
0 0 3703
0 0 3794
0 0 3586
0 0 3729
0 0 4996
0 0 5056
0 0 4234
0 0 3625
0 0 3769
0 0 3637
0 0 3710
0 0 3575
0 0 3598
0 0 3729
0 0 3575
0 0 3479
0 0 3538
0 0 3559
0 0 3569
0 0 3581
0 0 3557
0 0 3594
0 0 3580
0 0 3578
0 0 3591
0 0 3587
0 0 3571
0 0 3540
0 0 3574
0 0 3590
0 0 3600
0 0 3575
0 0 3590
0 0 3589
0 0 3597
0 0 3590
0 0 3568
0 0 3587
0 0 3591
0 0 3586
0 0 3582
0 0 3555
0 0 3593
0 0 3579
0 0 5031
0 0 4962
0 0 4982
0 0 5027
0 0 4995
0 0 4937
0 0 5040
0 0 4994
0 0 4429
0 0 3614
0 0 3584
0 0 3578
0 0 3600
0 0 3590
0 0 3563
0 0 3581
0 0 3583
0 0 3577
0 0 3580
0 0 3550
0 0 3593
0 0 3584
0 0 3579
0 0 3868
0 0 4948
0 0 5025
0 0 5020
0 0 5006
0 0 3956
0 0 3967
0 0 4983
0 0 4929
0 0 4957
0 0 5042
0 0 4983
0 0 5228
0 0 4939
0 0 4973
0 0 4972
0 0 4453
0 0 3888
0 0 4980
0 0 4354
0 0 4931
0 0 4973
0 0 4978
0 0 4995
0 0 4920
0 0 3896
0 0 3629
0 0 3723
0 0 3627
0 0 3716
0 0 3603
0 0 3604
0 0 3599
0 0 3593
0 0 3571
0 0 3600
0 0 3595
0 0 3589
0 0 3599
0 0 3573
0 0 3601
0 0 3597
0 0 3599
0 0 3585
0 0 3567
0 0 3595
0 0 3819
0 0 5115
0 0 5050
0 0 5228
0 0 5218
0 0 5235
0 0 5044
0 0 5177
0 0 5040
0 0 4018
0 0 3663
0 0 3717
0 0 3781
0 0 4043
0 0 4796
0 0 3681
0 0 3878
0 0 3891
0 0 4008
0 0 4298
0 0 5256
0 0 5222
0 0 4940
0 0 3715
0 0 4350
0 0 4913
0 0 4970
0 0 4901
0 0 4790
0 0 4395
0 0 5019
0 0 5072
0 0 5120
0 0 5119
0 0 5108
0 0 4348
0 0 3586
0 0 3591
0 0 4230
0 0 3984
0 0 3734
0 0 4010
0 0 3825
0 0 3716
0 0 3857
0 0 3704
0 0 3981
0 0 3970
0 0 3782
0 0 3977
0 0 3874
0 0 4003
0 0 3988
0 0 3902
0 0 3804
0 0 3804
0 0 4002
0 0 3692
0 0 3941
0 0 3708
0 0 3728
0 0 3937
0 0 3715
0 0 3746
0 0 3721
0 0 3691
0 0 3906
0 0 3887
0 0 3858
0 0 3720
0 0 3835
0 0 3704
0 0 3867
0 0 3854
0 0 3733
0 0 3731
0 0 4198
0 0 3700
0 0 4126
0 0 3706
0 0 3840
0 0 3922
0 0 3682
0 0 3708
0 0 3757
0 0 4182
0 0 4056
0 0 4233
0 0 3701
0 0 3823
0 0 3899
0 0 4089
0 0 3833
0 0 4070
0 0 3799
0 0 3856
0 0 3873
0 0 3718
0 0 4047
0 0 3976
0 0 3913
0 0 3919
0 0 3697
0 0 4320
0 0 3829
0 0 3974
0 0 4065
0 0 3720
0 0 3757
0 0 3928
0 0 3715
0 0 3670
0 0 3749
0 0 3880
0 0 3773
0 0 3805
0 0 3684
0 0 3766
0 0 3885
0 0 4134
0 0 3762
0 0 3714
0 0 3812
0 0 3775
0 0 3742
0 0 4015
0 0 3744
0 0 4013
0 0 3869
0 0 4278
0 0 3753
0 0 3904
0 0 4088
0 0 4024
0 0 3952
0 0 3838
0 0 4093
0 0 4084
0 0 3790
0 0 3860
0 0 3720
0 0 4103
0 0 3813
0 0 3825
0 0 3680
0 0 3810
0 0 3904
0 0 3916
0 0 3717
0 0 3694
0 0 3706
0 0 3948
0 0 3925
0 0 3900
0 0 4880
0 0 4925
0 0 4985
0 0 4956
0 0 4936
0 0 4033
0 0 3825
0 0 4123
0 0 3677
0 0 3892
0 0 5182
0 0 4917
0 0 4904
0 0 4962
0 0 3793
0 0 3888
0 0 3635
0 0 3970
0 0 4253
0 0 4060
0 0 4926
0 0 3942
0 0 3699
0 0 3977
0 0 3792
0 0 4615
0 0 4956
0 0 4945
0 0 5119
0 0 5093
0 0 5186
0 0 5178
0 0 5209
0 0 5266
0 0 5255
0 0 5092
0 0 5102
0 0 4974
0 0 5211
0 0 5274
0 0 5165
0 0 5151
0 0 5148
0 0 5066
0 0 5215
0 0 4021
0 0 3813
0 0 4043
0 0 3909
0 0 3796
0 0 3801
0 0 3938
0 0 3820
0 0 3675
0 0 3806
0 0 4051
0 0 3848
0 0 3864
0 0 3903
0 0 3792
0 0 3709
0 0 3836
0 0 3699
0 0 3868
0 0 3894
0 0 3950
0 0 3967
0 0 3873
0 0 3690
0 0 4091
0 0 3941
0 0 3881
0 0 4039
0 0 3960
0 0 3959
0 0 3944
0 0 3845
0 0 3786
0 0 4112
0 0 3968
0 0 3999
0 0 3678
0 0 3699
0 0 3949
0 0 3918
0 0 3926
0 0 4078
0 0 3743
0 0 4005
0 0 4006
0 0 4073
0 0 3760
0 0 4005
0 0 3853
0 0 3678
0 0 3915
0 0 3962
0 0 3779
0 0 3868
0 0 3927
0 0 3738
0 0 3692
0 0 3995
0 0 3854
0 0 3679
0 0 3866
0 0 3675
0 0 4019
0 0 3879
0 0 3909
0 0 3704
0 0 3680
0 0 3865
0 0 3704
0 0 3690
0 0 3712
0 0 3904
0 0 4150
0 0 3757
0 0 3700
0 0 3693
0 0 3832
0 0 3868
0 0 3938
0 0 3742
0 0 3714
0 0 3751
0 0 3763
0 0 3803
0 0 4187
0 0 3952
0 0 4007
0 0 4207
0 0 3781
0 0 3717
0 0 3830
0 0 3877
0 0 3876
0 0 3715
0 0 3686
0 0 4345
0 0 4923
0 0 4965
0 0 4897
0 0 4907
0 0 4857
0 0 4950
0 0 5064
0 0 4971
0 0 4992
0 0 4961
0 0 5112
0 0 4992
0 0 4927
0 0 4904
0 0 4831
0 0 4904
0 0 5064
0 0 5108
0 0 5016
0 0 5117
0 0 4964
0 0 5087
0 0 5101
0 0 4983
0 0 3939
0 0 3686
0 0 3796
0 0 3820
0 0 4085
0 0 3658
0 0 3858
0 0 3803
0 0 3866
0 0 3626
0 0 3691
0 0 3701
0 0 3752
0 0 3666
0 0 3768
0 0 3710
0 0 3912
0 0 3694
0 0 4259
0 0 4855
0 0 4047
0 0 3768
0 0 3736
0 0 3878
0 0 3702
0 0 3819
0 0 3792
0 0 3874
0 0 3888
0 0 3711
0 0 3875
0 0 4011
0 0 3829
0 0 3821
0 0 3816
0 0 3809
0 0 3870
0 0 3919
0 0 3661
0 0 3773
0 0 3930
0 0 3796
0 0 4066
0 0 3891
0 0 4168
0 0 3930
0 0 3981
0 0 3852
0 0 3731
0 0 3942
0 0 4113
0 0 3991
0 0 3684
0 0 3930
0 0 3911
0 0 3816
0 0 4118
0 0 3707
0 0 3738
0 0 3956
0 0 3864
0 0 4066
0 0 3700
0 0 4001
0 0 3812
0 0 3863
0 0 3804
0 0 4817
0 0 4919
0 0 4885
0 0 4825
0 0 4903
0 0 4876
0 0 4922
0 0 4873
0 0 4882
0 0 4842
0 0 4130
0 0 4002
0 0 3705
0 0 4046
0 0 3855
0 0 3861
0 0 3723
0 0 4051
0 0 3718
0 0 3930
0 0 3631
0 0 3765
0 0 3959
0 0 3935
0 0 3677
0 0 3826
0 0 3752
0 0 3948
0 0 4086
0 0 3722
0 0 3818
0 0 3720
0 0 3875
0 0 3657
0 0 4111
0 0 3771
0 0 3665
0 0 4144
0 0 3990
0 0 4040
0 0 3712
0 0 4157
0 0 4077
0 0 4179
0 0 3711
0 0 3774
0 0 3779
0 0 3839
0 0 3914
0 0 3757
0 0 3681
0 0 3691
0 0 3961
0 0 3743
0 0 3668
0 0 4698
0 0 4930
0 0 4956
0 0 4901
0 0 4953
0 0 4956
0 0 4909
0 0 4905
0 0 4951
0 0 3742
0 0 3732
0 0 3638
0 0 4136
0 0 3871
0 0 3894
0 0 3736
0 0 3668
0 0 3652
0 0 4794
0 0 5158
0 0 5054
1302 0 21997
3924 0 27123
7552 0 28265
12068 0 28141
17247 0 28169
22907 0 28114
29185 0 27816
36272 0 27918
44270 0 27296
52803 0 25860
53752 0 2721
53752 0 0
53752 0 0
53752 0 0
53752 0 0
61659 0 20470
71730 0 22501
82045 0 19222
92631 0 17476
103873 0 15995
114917 0 13998
125899 0 11908
136942 0 10342
147845 0 9575
159639 0 9111
171353 0 8178
182944 0 7085
194385 0 6571
206054 0 6181
217669 0 5555
229065 0 4970
240496 0 4807
252515 0 4789
264206 0 4347
275813 0 3925
287432 0 3688
298902 0 3450
310349 0 3311
321776 0 3161
333610 0 3062
345355 0 3033
357139 0 2785
368719 0 2676
380443 0 2572
392240 0 2453
403503 0 2259
415258 0 2335
427623 0 2375
439856 0 2198
451730 0 2037
463448 0 1927
474898 0 1816
486713 0 1824
498549 0 1781
510521 0 1785
522416 0 1660
534722 0 1579
546586 0 1607
558027 0 1484
569846 0 1462
581633 0 1392
593458 0 1401
605298 0 1322
616860 0 1345
628452 0 1277
639906 0 1146
651501 0 1209
663596 0 1239
675589 0 1172
686967 0 1082
698549 0 1163
710095 0 1079
721748 0 1069
733330 0 1143
745033 0 1013
756923 0 1049
768562 0 1061
780430 0 1005
792376 0 980
804526 0 1003
816093 0 1003
827999 0 941
839723 0 874
851405 0 889
862820 0 889
874941 0 892
886332 0 811
897922 0 835
910157 0 793
922255 0 822
933830 0 722
945771 0 739
957777 0 728
969465 0 745
980918 0 686
991991 0 708
1003677 0 642
1015611 0 672
1027305 0 650
1038957 0 722
1050788 0 645
1063015 0 669
1074405 0 616
1086632 0 678
1099045 0 709
1111148 0 664
1122885 0 635
1134526 0 626
1146065 0 534
1157577 0 623
1169167 0 613
1181456 0 693
1193874 0 678
1205657 0 530
1217466 0 543
1229086 0 569
1240215 0 518
1251842 0 595
1263319 0 549
1275355 0 559
1287342 0 581
1299416 0 542
1311548 0 562
1323648 0 554
1335585 0 543
1347393 0 588
1359206 0 517
1371310 0 546
1383300 0 521
1395124 0 503
1407047 0 541
1418174 0 434
1429666 0 518
1441680 0 450
1453338 0 444
1465332 0 550
1476600 0 505
1488220 0 441
1499644 0 511
1511382 0 404
1523323 0 462
1534920 0 420
1546441 0 459
1558139 0 493
1569840 0 464
1581738 0 453
1593547 0 498
1606335 0 439
1618132 0 468
1629856 0 408
1641729 0 425
1653676 0 487
1665634 0 464
1677191 0 431
1689266 0 471
1701553 0 433
1713485 0 358
1725679 0 455
1737269 0 379
1749103 0 438
1760345 0 399
1772052 0 404
1783576 0 380
1795585 0 387
1808119 0 474
1819717 0 421
1831731 0 439
1843784 0 412
1855743 0 394
1867418 0 379
1879234 0 397
1890883 0 414
1902704 0 383
1914120 0 415
1925144 0 409
1937344 0 376
1949023 0 381
1960624 0 353
1972417 0 406
1984024 0 367
1995619 0 387
2007481 0 408
2019174 0 346
2031347 0 376
2043243 0 325
2054695 0 375
2066601 0 376
2078588 0 385
2090342 0 375
2101693 0 288
2113941 0 391
2125917 0 339
2137952 0 370
2149598 0 342
2161395 0 323
2173409 0 379
2184805 0 324
2196445 0 353
2208361 0 318
2220571 0 350
2232510 0 350
2244446 0 329
2256113 0 332
2267579 0 333
2279174 0 305
2290818 0 334
2302825 0 376
2314658 0 320
2326056 0 293
2337917 0 307
2349614 0 361
2361398 0 320
2373246 0 314
2384585 0 308
2396178 0 332
2407826 0 312
2420314 0 336
2432303 0 329
2443305 0 304
2455422 0 360
2467785 0 297
2479504 0 289
2491335 0 320
2503631 0 293
2515609 0 360
2527001 0 331
2538668 0 303
2550879 0 291
2562860 0 296
2574662 0 420
2586417 0 340
2598545 0 262
2610186 0 290
2622110 0 303
2634323 0 319
2646501 0 318
2658339 0 329
2669753 0 271
2681518 0 263
2692864 0 272
2704432 0 286
2715638 0 261
2727267 0 315
2739568 0 301
2751454 0 309
2763705 0 303
2775786 0 279
2787555 0 278
2799112 0 324
2810933 0 296
2822592 0 295
2833854 0 256
2845790 0 274
2857270 0 290
2869016 0 257
2881165 0 279
2893045 0 260
2905029 0 248
2916575 0 234
2928473 0 274
2939921 0 250
2951032 0 329
2962838 0 248
2974896 0 280
2986959 0 296
2998957 0 246
3010938 0 290
3022987 0 273
3034958 0 279
3046243 0 288
3057838 0 244
3069736 0 225
3081287 0 253
3092789 0 275
3104353 0 300
3115895 0 227
3127001 0 258
3138643 0 285
3150703 0 270
3162469 0 295
3174360 0 272
3186138 0 224
3197904 0 256
3209636 0 240
3221644 0 274
3233033 0 322
3245184 0 268
3257088 0 276
3269166 0 253
3281075 0 243
3293119 0 291
3305131 0 292
3316473 0 239
3328339 0 269
3339871 0 241
3351694 0 253
3363578 0 255
3375507 0 290
3387260 0 247
3398958 0 191
3410464 0 215
3422766 0 273
3434325 0 262
3445790 0 226
3457620 0 256
3469273 0 238
3480879 0 252
3492806 0 193
3504138 0 222
3515795 0 248
3527548 0 215
3539432 0 207
3551187 0 286
3563366 0 250
3575020 0 221
3587304 0 239
3599602 0 205
3611252 0 281
3622921 0 241
3634930 0 255
3646681 0 229
3657827 0 219
3669567 0 253
3681504 0 273
3693785 0 269
3705745 0 244
3717289 0 289
3728750 0 243
3740277 0 276
3751738 0 236
3763591 0 291
3775370 0 217
3787326 0 223
3798585 0 198
3811163 0 277
3822910 0 230
3834614 0 230
3846033 0 275
3857735 0 217
3869436 0 236
3880948 0 250
3892594 0 246
3904156 0 271
3916186 0 260
3927698 0 261
3939490 0 223
3950854 0 216
3962542 0 233
3974538 0 226
3986432 0 271
3998094 0 239
4009702 0 218
4021575 0 222
4032556 0 226
4044467 0 242
4056149 0 233
4068177 0 222
4080300 0 193
4091826 0 219
4103402 0 237
4114836 0 270
4126166 0 202
4137792 0 209
4149324 0 223
4160916 0 224
4172684 0 198
4184471 0 209
4196718 0 196
4208199 0 218
4219964 0 265
4232154 0 279
4243996 0 231
4256250 0 237
4267954 0 248
4280459 0 234
4292070 0 221
4303833 0 206
4315522 0 244
4327610 0 208
4339518 0 216
4351355 0 218
4362831 0 189
4374677 0 202
4386832 0 181
4398459 0 199
4410019 0 215
4421835 0 220
4433370 0 202
4445263 0 162
4457077 0 254
4469028 0 178
4481511 0 230
4493034 0 232
4504670 0 210
4516108 0 187
4527713 0 224
4539543 0 183
4550694 0 198
4562449 0 213
4574318 0 198
4585999 0 180
4598235 0 208
4609739 0 197
4621702 0 180
4633300 0 206
4644969 0 176
4656817 0 209
4668535 0 186
4680630 0 221
4692234 0 252
4704214 0 211
4715881 0 184
4727869 0 154
4739784 0 210
4751719 0 205
4763766 0 230
4775657 0 171
4787268 0 177
4798950 0 185
4810805 0 206
4823012 0 217
4834670 0 169
4846626 0 185
4858347 0 218
4870582 0 168
4882386 0 190
4894142 0 203
4905760 0 200
4917394 0 228
4928912 0 199
4940719 0 191
4952754 0 190
4964404 0 184
4976566 0 192
4988388 0 152
5000235 0 221
5012023 0 193
5023722 0 153
5035559 0 184
5047616 0 223
5059012 0 192
5070503 0 180
5082444 0 197
5094009 0 218
5105561 0 197
5117888 0 224
5129442 0 169
5141067 0 186
5152489 0 208
5163979 0 164
5175989 0 237
5187892 0 210
5199245 0 162
5210448 0 171
5221962 0 175
5233615 0 180
5245213 0 223
5257224 0 212
5269031 0 210
5280808 0 162
5292869 0 221
5305006 0 198
5316731 0 189
5327950 0 210
5339560 0 195
5351230 0 159
5363171 0 182
5374944 0 193
5387378 0 192
5399406 0 169
5410651 0 234
5422499 0 181
5434297 0 200
5445598 0 225
5457407 0 169
5468828 0 175
5480458 0 227
5491621 0 189
5503411 0 180
5515044 0 172
5527661 0 234
5539333 0 224
5551055 0 175
5563171 0 211
5576087 0 198
5588580 0 221
5601892 0 188
5615286 0 241
5628699 0 192
5641975 0 265
5655129 0 229
5665762 0 160
5678693 0 223
5691775 0 212
5704264 0 212
5717070 0 199
5729916 0 169
5741921 0 178
5753960 0 195
5766573 0 248
5779138 0 184
5791720 0 224
5804526 0 174
5817811 0 220
5830948 0 251
5843078 0 180
5855701 0 221
5868561 0 203
5881620 0 219
5895022 0 220
5907557 0 208
5920979 0 193
5931667 0 170
5945060 0 234
5958256 0 209
5971036 0 203
5983441 0 178
5996210 0 184
6008926 0 201
6021863 0 230
6035095 0 200
6048188 0 182
6061037 0 191
6074172 0 186
6087427 0 208
6100050 0 192
6113047 0 201
6126219 0 199
6138224 0 211
6150690 0 204
6163013 0 232
6176093 0 214
6188733 0 202
6201612 0 218
6214880 0 245
6227669 0 210
6240466 0 211
6253918 0 200
6266555 0 182
6278986 0 258
6291405 0 193
6303770 0 175
6316228 0 205
6329320 0 204
6342079 0 248
6354182 0 194
6366628 0 200
6379281 0 252
6391599 0 207
6403755 0 201
6414847 0 200
6427894 0 174
6440304 0 195
6453757 0 215
6467008 0 195
6479663 0 203
6491978 0 154
6504375 0 164
6517633 0 232
6530391 0 201
6543350 0 191
6556183 0 205
6569884 0 212
6582575 0 207
6594462 0 170
6607554 0 216
6620077 0 225
6633199 0 196
6645650 0 197
6658677 0 191
6671289 0 211
6684293 0 225
6697197 0 193
6709227 0 212
6721004 0 172
6734250 0 245
6747479 0 184
6760821 0 194
6773772 0 247
6786384 0 193
6799877 0 186
6813021 0 184
6826106 0 195
6839398 0 237
6852223 0 229
6864843 0 206
6877131 0 191
6887005 0 168
6900476 0 219
6913458 0 182
6926427 0 189
6939288 0 174
6952260 0 213
6964784 0 199
6977389 0 193
6988440 0 177
7000170 0 189
7013226 0 253
7026403 0 216
7039108 0 200
7051828 0 185
7064619 0 201
7076822 0 184
7090375 0 153
7103020 0 221
7116337 0 237
7128100 0 185
7141398 0 264
7153992 0 183
7166111 0 178
7178726 0 219
7190033 0 183
7202636 0 195
7214947 0 200
7227983 0 219
7229358 0 0
7229358 0 0
7229358 0 0
7229358 0 0
7229358 0 0
7229358 0 0
7229376 2 2
7229376 1 1
7229643 2 3
7229698 2 2
7229698 1 1
7229757 2 2
7229773 1 1
7229773 2 2
7230143 1 1
7230601 2 2
7230601 2 2
7230637 1 1
7230728 2 2
7230728 2 2
7230900 1 1
7231034 2 2
7231351 1 1
7231351 2 2
7231351 2 2
7231383 1 1
7231400 2 2
7231995 1 1
7231995 2 2
7232010 2 2
7232253 2 2
7232324 1 1
7233264 2 2
7233518 1 1
7233669 2 2
7234082 2 2
7234343 2 2
7234622 1 1
7234670 2 2
7234687 1 1
7234716 2 2
7234813 2 2
7234813 2 2
7235237 1 1
7235244 2 2
7235861 2 2
7235902 1 1
7235959 2 2
7236137 2 2
7236403 1 1
7236483 2 2
7236691 2 2
7236782 2 2
7236904 1 1
7236926 2 1
7237280 1 2
7237411 2 2
7237501 1 1
7237684 2 2
7237993 2 2
7238107 2 2
7238107 1 1
7238202 2 2
7238440 2 2
7238517 1 1
7238926 2 2
7239076 2 3
7239194 1 1
7239265 2 2
7239267 2 2
7239366 1 1
7239899 2 2
7239990 2 2
7239990 1 1
7241114 2 3
7241398 1 1
7241466 2 2
7241902 2 3
7242296 1 2
7242493 2 2
7242850 2 3
7243231 1 1
7243313 2 2
7243514 1 2
7243779 2 2
7244223 2 2
7244568 1 1
7244747 2 2
7244961 2 2
7245249 2 2
7245609 1 1
7246078 2 2
7246081 1 1
7246196 2 2
7246557 2 2
7246782 1 1
7247200 2 2
7247479 2 3
7247526 1 1
7247636 2 3
7247717 2 2
7247833 1 1
7247968 2 2
7248098 1 1
7248434 2 3
7248684 1 1
7249019 2 2
7249193 2 2
7249226 1 1
7249747 2 2
7249777 2 2
7249912 2 3
7250377 1 1
7250413 2 2
7251202 2 4
7251202 2 2
7251499 1 1
7251671 2 2
7252383 2 2
7254063 1 1
7254316 2 2
7255090 2 2
7255478 2 2
7255906 1 1
7256821 2 2
7257493 2 3
7257715 1 1
7257778 2 2
7257928 2 2
7258532 1 1
7258718 2 2
7259429 2 2
7259826 2 2
7260705 1 1
7261847 2 4
7262450 2 3
7262516 1 1
7262668 2 2
7263172 2 3
7263184 1 1
7263728 2 3
7264013 1 1
7264049 2 2
7264049 1 1
7264724 2 2
7265932 2 2
7266882 1 2
7268688 2 2
7269586 2 2
7269660 1 1
7270412 2 4
7270913 2 2
7271354 2 2
7271921 1 2
7272354 2 3
7273216 1 2
7274168 2 3
7274508 1 1
7274975 2 2
7275411 1 2
7275952 2 2
7276172 1 1
7277131 2 2
7277529 2 2
7279886 2 4
7281224 1 3
7281329 2 2
7281461 1 1
7282302 2 4
7283270 2 3
7283609 1 1
7284756 2 2
7285165 2 2
7285184 2 2
7285392 2 2
7286377 1 2
7286662 2 2
7286781 1 1
7286821 2 2
7287059 2 2
7287539 2 2
7288185 1 2
7288576 2 3
7288579 2 2
7288934 1 1
7289742 2 3
7289888 2 3
7290169 1 1
7290344 2 2
7290597 1 1
7290788 2 2
7291272 2 3
7292245 1 2
7292985 2 2
7293279 2 3
7293636 2 2
7294081 1 1
7294670 2 2
7295672 2 3
7296824 1 1
7297025 2 2
7298115 2 3
7298258 2 3
7298664 2 2
7298798 1 1
7299388 2 4
7299388 1 1
7300539 2 3
7300577 2 2
7300743 2 2
7300933 1 1
7301529 2 4
7301938 2 2
7301948 1 2
7302052 2 2
7302339 1 1
7302476 2 3
7303042 1 1
7303257 1 1
7303518 2 2
7304211 2 2
7304319 2 2
7304319 1 1
7304700 2 2
7305192 2 4
7305375 1 1
7305443 2 2
7305783 2 2
7306524 1 1
7306613 2 2
7306613 1 1
7307056 2 2
7307130 2 2
7308104 2 3
7309720 2 3
7310287 1 2
7310514 2 2
7310739 1 1
7311091 2 2
7311110 2 2
7312439 1 1
7312937 2 2
7313161 1 1
7313800 2 2
7314215 2 2
7314300 1 1
7315029 2 3
7315107 1 1
7315245 2 2
7315759 1 1
7316154 2 3
7316833 2 2
7317493 2 2
7317848 1 1
7318787 2 2
7318815 1 1
7319095 2 3
7319914 2 4
7320478 1 1
7320595 1 1
7321290 2 4
7322310 2 2
7322576 1 1
7323629 2 3
7323726 2 2
7323951 2 2
7323960 1 1
7324267 1 2
7324778 2 2
7325434 2 3
7325760 2 2
7326017 1 1
7326750 2 2
7328948 1 2
7329888 2 2
7330073 1 1
7330572 2 2
7330796 2 2
7330845 1 1
7330969 2 3
7330997 1 1
7331608 2 2
7331753 2 3
7332414 1 2
7332902 2 2
7334081 2 4
7335056 2 2
7335856 1 1
7336659 2 2
7337359 2 4
7338209 2 2
7339823 1 3
7340921 2 2
7341095 1 2
7341520 2 2
7341520 1 1
7342186 2 2
7344233 2 3
7344635 2 3
7345897 1 1
7346553 2 5
7347926 1 2
7348454 2 2
7348905 2 3
7349917 1 1
7351113 2 4
7351151 1 2
7351226 1 1
7351808 2 2
7351986 2 2
7353357 1 1
7353616 2 3
7354532 2 3
7354810 1 3
7355499 2 2
7355767 2 2
7356153 1 3
7356472 2 2
7356835 1 2
7358073 2 6
7358147 2 3
7358708 2 3
7358953 1 1
7359301 2 2
7360097 2 2
7360480 2 2
7360782 1 1
7361395 2 2
7361747 2 2
7362212 1 1
7364482 2 5
7365083 2 2
7365415 1 1
7365829 2 3
7365923 1 1
7367179 2 2
7368438 2 2
7368993 2 4
7369034 1 1
7369344 2 2
7369547 2 2
7369731 2 2
7369731 1 1
7370503 2 3
7371787 2 3
7371787 1 1
7372124 2 2
7373249 1 1
7373632 2 2
7375041 2 3
7375255 1 1
7376626 2 2
7376938 1 1
7376952 2 2
7377012 2 2
7377064 1 1
7377170 2 2
7377377 1 1
7378238 2 2
7378602 2 2
7379167 2 2
7379619 2 3
7379651 1 1
7380897 2 3
7381880 2 3
7382567 2 2
7382705 1 1
7383564 2 3
7383902 2 2
7384343 2 2
7385472 1 4
7385511 2 2
7385525 1 1
7385942 2 2
7385942 2 2
7385965 1 1
7386232 2 3
7387225 2 3
7388849 2 3
7389276 1 2
7389626 2 2
7389626 1 1
7389987 2 2
7390157 2 2
7390389 1 1
7390858 1 1
7390947 2 2
7391636 2 4
7391811 1 1
7392271 2 2
7392973 2 2
7393856 2 2
7393946 1 2
7393959 2 2
7394489 2 2
7395773 2 4
7395911 2 5
7396587 1 4
7397174 2 2
7397235 1 1
7397358 2 2
7398418 2 3
7400118 2 4
7400283 1 1
7401351 2 5
7401965 2 2
7402628 2 6
7403038 2 2
7403084 1 1
7403357 1 2
7403731 2 3
7404025 2 2
7404116 1 3
7404288 2 4
7404657 2 3
7404991 2 3
7406546 1 4
7406719 1 1
7407034 2 2
7407482 2 2
7408086 2 2
7408541 1 1
7408910 2 2
7409610 2 4
7409964 2 3
7410283 1 1
7410405 2 2
7411507 2 4
7412297 2 5
7413075 1 1
7413106 2 2
7413288 2 2
7413325 1 1
7413934 2 4
7414060 1 1
7414500 2 3
7414791 2 2
7416122 1 4
7416170 2 2
7416472 1 1
7416710 2 3
7417322 2 2
7417568 1 3
7418100 2 3
7418626 1 6
7419203 2 4
7419229 1 1
7419591 2 2
7420395 2 4
7421035 2 3
7421529 2 2
7422211 1 3
7423596 2 5
7424149 1 1
7424614 2 7
7425219 1 2
7425909 2 2
7426759 2 4
7427717 2 3
7427792 2 2
7428767 1 1
7429933 2 4
7430654 2 4
7430924 2 2
7431897 1 2
7434168 2 4
7434603 1 1
7435306 2 4
7435591 2 6
7435693 1 2
7436507 2 2
7437023 2 3
7437211 1 2
7437502 2 2
7437882 2 3
7439666 1 4
7440040 1 1
7440477 2 2
7440866 2 3
7441607 1 1
7442450 2 3
7443452 2 2
7443731 2 3
7444055 1 2
7444889 2 4
7444889 2 2
7445149 2 2
7445153 1 1
7445663 2 5
7445923 2 2
7446230 1 1
7446230 2 2
7447043 2 8
7447657 2 3
7447923 2 3
7448742 1 3
7449200 2 2
7449243 2 3
7449537 2 3
7449840 1 3
7450243 2 5
7450691 2 2
7451505 2 5
7451518 1 1
7451882 2 2
7452504 2 5
7453139 1 1
7453991 2 2
7454854 2 4
7455088 1 1
7455412 2 4
7456250 2 5
7456628 2 4
7456681 1 1
7457422 2 2
7457497 2 2
7457546 1 1
7457662 2 3
7458224 2 2
7458877 1 1
7460271 2 3
7460354 2 2
7460458 1 1
7461511 2 6
7462022 2 2
7462022 1 1
7462611 2 3
7463276 2 2
7464042 2 6
7464263 2 3
7464577 1 2
7464915 2 2
7465862 2 5
7465935 2 4
7466621 1 3
7467991 2 9
7468966 2 7
7470165 1 8
7471218 2 6
7471839 1 2
7471845 2 3
7472010 1 1
7472263 2 6
7472896 2 4
7473808 2 5
7474192 2 6
7474625 1 3
7476011 2 7
7476215 1 2
7476897 2 3
7478330 2 6
7478445 2 2
7478445 1 1
7478465 2 2
7478619 2 2
7478832 1 1
7479082 2 3
7479963 1 3
7480045 2 2
7480868 2 4
7481722 2 7
7481775 1 1
7482283 2 4
7483033 2 3
7483258 1 4
7484236 2 7
7485545 2 4
7486097 2 5
7486427 1 1
7486623 2 2
7486816 2 5
7488212 1 2
7488726 2 3
7489014 2 2
7489477 2 3
7489485 1 1
7490269 2 3
7491514 2 5
7492343 2 2
7493446 2 6
7493765 1 3
7494223 2 2
7495555 2 4
7495808 1 2
7496148 2 2
7496599 1 1
7496645 2 2
7496758 1 1
7497166 2 2
7497166 1 1
7497702 2 5
7498345 2 4
7498803 2 3
7499920 1 6
7501015 2 9
7501770 2 3
7502893 2 3
7503314 1 2
7503882 2 3
7503940 2 2
7504067 1 2
7504127 2 3
7504637 2 2
7505345 2 4
7505444 1 1
7505768 2 3
7506277 1 1
7506277 1 1
7506474 2 2
7507281 2 3
7508158 1 2
7509952 2 7
7510864 1 2
7512142 2 2
7512769 2 5
7513095 1 1
7514495 2 6
7516216 2 5
7516312 1 1
7517084 2 6
7517146 1 1
7517812 2 4
7518199 2 3
7518423 1 2
7518495 2 2
7518509 2 2
7519708 1 1
7520039 2 3
7520776 1 2
7521981 2 4
7522067 2 2
7522405 2 3
7523042 1 3
7523977 1 1
7524909 2 4
7525540 2 2
7526435 2 8
7526662 1 2
7526969 2 2
7527862 2 5
7528175 2 2
7528301 1 1
7528523 2 2
7529303 2 3
7529679 2 5
7530197 2 2
7530377 1 2
7530763 2 3
7531279 1 2
7532067 2 6
7532900 2 3
7533155 1 3
7535038 2 3
7535407 1 1
7535620 2 2
7535698 1 2
7536562 2 6
7537526 2 4
7537947 1 1
7538654 2 3
7540765 2 6
7541203 1 1
7541677 2 3
7541870 2 5
7543523 2 6
7544230 1 5
7544315 2 3
7545033 2 3
7545918 2 4
7546909 1 4
7546937 2 2
7547127 2 4
7547801 2 4
7548264 1 2
7548270 2 2
7548634 2 4
7548824 1 1
7549284 2 5
7549370 1 1
7550450 2 7
7551382 2 6
7551783 2 5
7552536 1 6
7553340 2 2
7553490 2 2
7554489 1 4
7556666 2 10
7557553 2 5
7558255 2 4
7559367 1 5
7560584 2 4
7561193 2 4
7561250 1 1
7562121 2 8
7562190 1 2
7563034 2 3
7563305 2 3
7563733 2 5
7563748 1 1
7564066 2 4
7564961 2 5
7565503 1 5
7565617 2 2
7566300 2 7
7566714 2 2
7567318 1 4
7567922 2 3
7568515 2 2
7568515 1 1
7569026 2 7
7569182 2 3
7569273 1 1
7569778 2 4
7570382 2 3
7571119 2 7
7571840 1 3
7571986 2 2
7572940 1 8
7574168 2 6
7574931 2 4
7575277 2 2
7576246 1 5
7577178 2 3
7577183 1 1
7577411 2 4
7577642 2 2
7577780 1 1
7577957 2 5
7578117 2 6
7579006 2 5
7579599 2 5
7581826 1 10
7584353 2 9
7584625 2 3
7585044 2 4
7585388 1 1
7586005 2 3
7586005 1 1
7586162 2 5
7586654 2 3
7586655 1 1
7587153 2 2
7587486 2 5
7588583 2 4
7589752 1 3
7590186 2 4
7591042 2 6
7591656 2 3
7591889 1 1
7592892 2 6
7593119 2 4
7593349 1 1
7593516 2 3
7594290 2 2
7595332 1 4
7595370 2 2
7595748 2 2
7597785 1 8
7598875 1 5
7599854 2 4
7600651 2 10
7600651 1 1
7601212 2 5
7601497 2 2
7602260 2 4
7603065 1 3
7603750 2 3
7603841 2 2
7605031 1 6
7605081 1 2
7606597 2 8
7606656 1 4
7608115 2 10
7608878 2 9
7609194 2 5
7609533 1 4
7609764 2 2
7610268 1 1
7611395 2 6
7611883 1 4
7613153 2 5
7613473 2 2
7614098 2 4
7615054 1 4
7616086 2 2
7616586 2 2
7617760 2 3
7618030 1 3
7619478 2 11
7621373 2 7
7621673 2 5
7621871 1 1
7622326 2 2
7623196 2 4
7623851 2 8
7624067 2 6
7624233 1 1
7624731 2 5
7625160 2 5
7625475 2 2
7625935 1 5
7626858 2 4
7627027 2 2
7627341 2 4
7628443 1 4
7628917 2 8
7629720 2 8
7630302 2 2
7630477 2 2
7630931 1 8
7631029 2 3
7631283 2 3
7631441 2 5
7631443 1 1
7631455 2 3
7631457 1 3
7631458 2 2
7631467 2 2
7631468 1 1
7631472 2 2
7631474 1 1
7631481 2 2
7631482 2 2
7632354 2 6
7637357 1 15
7638113 2 2
7638218 2 2
7639149 2 13
7640330 1 13
7640971 2 3
7641717 2 4
7641785 1 2
7642807 2 6
7644158 2 10
7644686 2 5
7645541 1 8
7646437 2 5
7647255 2 6
7647983 1 5
7649560 2 7
7649767 2 5
7649800 1 1
7650242 2 2
7650493 2 4
7650584 2 5
7651453 1 6
7652275 2 5
7652990 2 5
7654307 2 9
7654748 1 3
7655354 2 8
7656813 2 14
7656972 2 4
7657988 1 10
7658721 2 7
7659172 2 4
7659918 1 6
7660187 2 4
7660519 2 4
7660657 1 1
7661951 2 7
7662942 2 8
7663002 2 4
7664665 1 14
7666634 2 14
7667704 2 7
7668650 2 5
7670283 1 12
7671006 2 6
7671248 2 3
7671438 1 2
7671653 2 4
7673051 1 11
7673550 2 7
7674787 2 13
7676449 2 7
7676457 2 3
7677396 1 8
7677568 2 5
7678541 1 1
7678913 2 4
7678939 2 3
7679689 1 6
7679979 2 5
7680233 1 3
7681578 2 4
7682332 2 2
7682502 1 3
7683499 2 6
7683499 1 1
7684620 2 7
7685861 2 6
7686376 1 1
7686630 2 3
7686630 1 1
7687379 2 7
7688804 2 9
7689345 1 2
7689815 2 3
7690733 2 6
7691730 2 4
7694394 1 9
7694743 2 2
7696605 2 8
7697610 2 5
7698451 2 7
7700017 1 7
7700537 2 6
7701039 2 6
7701167 1 1
7701664 2 5
7703146 2 10
7703202 2 2
7704101 1 4
7704847 2 7
7706629 2 11
7708519 1 10
7709147 2 8
7709299 1 3
7709903 2 7
7711752 2 15
7712047 2 5
7712726 1 3
7713115 2 3
7713177 2 2
7713506 1 3
7713917 2 3
7714397 2 3
7715122 2 9
7716519 1 3
7716545 2 2
7716581 1 1
7717971 2 10
7719274 2 8
7720464 2 9
7720634 1 3
7721104 2 8
7722229 2 13
7723183 1 5
7723770 2 6
7725052 2 11
7726974 1 8
7728571 2 6
7729586 2 8
7730902 2 11
7731357 1 4
7732523 2 9
7732770 2 2
7733717 1 13
7735665 2 9
7736609 2 7
7737795 2 8
7738756 2 14
7739677 1 8
7739752 2 4
7741435 2 8
7741942 2 7
7743942 1 17
7744141 2 5
7744533 2 5
7744849 2 3
7745752 1 6
7746325 2 5
7747734 2 10
7748572 1 8
7749328 2 4
7749648 2 2
7750260 1 4
7751562 2 6
7754256 2 19
7755182 1 6
7755363 2 3
7755389 1 1
7756320 2 4
7756870 2 5
7757909 2 11
7758785 2 11
7761653 1 12
7762406 2 15
7763864 2 9
7764052 2 3
7764342 1 2
7765149 2 7
7766380 2 15
7766778 1 3
7767356 2 6
7768247 2 3
7770381 2 14
7772433 1 18
7772745 2 4
7773144 1 1
7775407 2 10
7775492 1 3
7776637 2 6
7776826 2 5
7778130 1 7
7778462 2 4
7779443 2 3
7780189 1 3
7780677 2 10
7781675 2 5
7782137 1 3
7782762 2 4
7783378 2 3
7783788 2 3
7784262 1 5
7786563 2 9
7787791 1 7
7787887 2 2
7788098 2 6
7789375 1 8
7790077 2 6
7790292 2 3
7791735 1 4
7792878 2 8
7794273 2 13
7795398 2 13
7797548 1 7
7798573 2 8
7799613 2 9
7801337 2 19
7801531 1 1
7801734 2 4
7801937 2 5
7802365 2 3
7803159 1 6
7804786 2 16
7805028 2 3
7805502 2 3
7807398 2 10
7809433 1 8
7809784 2 4
7811062 2 13
7811409 2 5
7812725 1 8
7813049 2 4
7814653 2 14
7816236 2 6
7816724 1 5
7817089 2 6
7817129 2 2
7817382 1 3
7817703 2 5
7818437 2 5
7818632 2 5
7820825 1 17
7822403 2 15
7822403 2 2
7822808 2 4
7824633 1 8
7825181 2 4
7826222 2 12
7827298 1 11
7829078 2 19
7829584 2 6
7830563 2 11
7830714 1 3
7830807 2 3
7831882 2 6
7832253 2 7
7832425 1 1
7832822 2 4
7833251 2 6
7833558 2 4
7834634 2 9
7835180 1 3
7835465 2 7
7835552 2 3
7835716 2 2
7835801 1 1
7836189 2 9
7836643 2 3
7836769 1 5
7836981 2 3
7838205 2 7
7838266 2 5
7839250 1 7
7839285 2 2
7840133 2 3
7841710 1 13
7843489 2 11
7844595 2 11
7847234 2 21
7847439 1 2
7849866 2 20
7850500 2 8
7852764 1 14
7853171 2 7
7854123 1 7
7854911 2 3
7856188 2 12
7857626 2 7
7859742 1 13
7861530 2 18
7861572 2 2
7862081 2 9
7862348 2 3
7864767 1 17
7865043 2 5
7865167 1 5
7865864 2 11
7866328 2 4
7869423 1 20
7870993 2 13
7872065 2 11
7872797 1 5
7873446 2 12
7873783 2 5
7873979 1 2
7875208 2 14
7877710 1 12
7878414 2 11
7879295 1 7
7879962 2 6
7881111 2 14
7882181 2 9
7883356 1 11
7884405 2 6
7884530 1 3
7886506 2 13
7887794 2 14
7888975 2 7
7889553 1 4
7890175 2 7
7890490 2 4
7890780 1 5
7892045 2 5
7892542 2 8
7893040 2 4
7894584 1 9
7896179 2 5
7897971 2 16
7900057 1 18
7901060 2 6
7902124 1 5
7903484 2 8
7907335 2 23
7908325 1 9
7910305 2 8
7911452 2 11
7911689 2 4
7913844 1 13
7914099 2 4
7914151 2 4
7914325 1 5
7914781 2 2
7915127 2 3
7915854 1 2
7916037 2 2
7917661 2 14
7918728 2 9
7919656 2 9
7919804 1 1
7921236 2 6
7921374 2 3
7921478 2 4
7922983 1 7
7924409 2 9
7928502 1 27
7929229 2 8
7929693 2 3
7931403 2 10
7933886 1 23
7936494 2 14
7939132 1 15
7940859 2 19
7942205 2 16
7943552 1 5
7945439 2 8
7946853 2 4
7948327 1 6
7950189 2 17
7951077 2 13
7952482 2 12
7954759 1 24
7955411 2 9
7957694 2 17
7959170 2 9
7959433 2 5
7960259 1 6
7961694 2 12
7962241 2 8
7962860 2 7
7963390 1 7
7963967 2 2
7967488 2 35
7969206 2 12
7969859 1 5
7971394 2 16
7973920 2 29
7975543 1 17
7976105 2 4
7978616 2 19
7981847 2 30
7983780 1 18
7984446 1 3
7984910 2 3
7985567 2 10
7986289 2 9
7987823 2 14
7991410 1 40
7992601 2 10
7993050 1 8
7994224 2 9
7994703 2 6
7995559 2 13
7998130 1 22
8001500 2 26
8004831 2 26
8005970 2 5
8006224 1 2
8007784 2 14
8010217 2 16
8011542 2 17
8012901 1 8
8014619 2 17
8018987 2 29
8020788 2 16
8023592 2 26
8024881 1 13
8025816 2 13
8026145 2 10
8027856 2 21
8028851 1 14
8029581 2 12
8031426 2 12
8032761 2 11
8033518 1 8
8035642 2 21
8036091 2 8
8036801 1 3
8037233 2 5
8038126 2 10
8038344 2 5
8038820 1 4
8040477 2 15
8043123 2 41
8043523 2 4
8044854 2 20
8046588 1 17
8049234 2 21
8050385 2 15
8051650 1 16
8054356 2 16
8056227 2 18
8056891 2 8
8059324 1 24
8060473 2 13
8060936 1 7
8061712 1 14
8063089 2 8
8065040 1 16
8066060 2 18
8068219 2 24
8070024 2 23
8070924 2 10
8072475 1 15
8073992 2 31
8074276 1 3
8074367 2 4
8077062 2 17
8077653 2 6
8079602 1 21
8080837 2 8
8082026 2 12
8084080 2 34
8086246 1 13
8088651 2 19
8089839 2 18
8091838 2 13
8095061 2 46
8095596 1 6
8096024 2 9
8096197 2 2
8097255 2 7
8098963 1 17
8100155 2 15
8102284 1 23
8103288 2 10
8103469 2 2
8105093 1 22
8107099 2 36
8108882 2 16
8111247 2 27
8114067 1 20
8115420 2 10
8117219 2 23
8117815 2 7
8117913 1 3
8119981 2 28
8120674 2 11
8122113 1 18
8122217 2 3
8122217 1 2
8124051 2 17
8125101 2 7
8127076 2 22
8129794 2 21
8132022 1 21
8135903 2 38
8138857 2 46
8140684 2 20
8142404 1 22
8143783 2 13
8144876 2 18
8145967 1 10
8147509 2 29
8148161 2 9
8148957 2 15
8149200 1 2
8151093 2 19
8153417 2 23
8155573 1 15
8157770 2 15
8160562 2 27
8164481 2 48
8167874 1 45
8168697 2 21
8172021 2 50
8173557 2 19
8174456 1 14
8175743 2 11
8178481 2 37
8180905 2 28
8182728 1 25
8183344 2 8
8185540 2 20
8189665 1 44
8191601 1 38
8194488 2 28
8197777 2 35
8201366 2 18
8202163 1 8
8205009 2 35
8208995 2 49
8212985 2 56
8216247 1 31
8217337 2 6
8217755 2 6
8219084 1 4
8220987 2 16
8221743 2 11
8222313 1 4
8223680 2 28
8227212 2 33
8229623 2 22
8231312 2 19
8233548 1 31
8234340 2 21
8236580 1 25
8239502 2 40
8242455 2 35
8243878 1 14
8244597 2 9
8246555 2 17
8247367 1 9
8249735 2 17
8253354 1 45
8255768 2 21
8256690 2 16
8257874 1 15
8260296 2 38
8262366 2 38
8263658 2 13
8265533 1 18
8266591 2 14
8267086 2 8
8268543 2 19
8268996 2 6
8272543 1 45
8274606 2 36
8277855 2 33
8281088 2 38
8285916 2 48
8291712 1 81
8293137 2 21
8294432 2 21
8297401 2 33
8297989 1 6
8297997 2 4
8298008 2 3
8298008 2 3
8298008 1 1
8298009 2 4
8304275 2 64
8314430 1 123
8318418 2 57
8320652 2 35
8324456 1 47
8327136 2 30
8327277 1 3
8331862 2 77
8335523 2 50
8338177 2 29
8340740 2 27
8345091 1 59
8348550 2 41
8349429 1 4
8351358 2 16
8354675 2 26
8356651 2 25
8360379 1 42
8362219 2 28
8364189 2 31
8365110 2 20
8366660 2 20
8368741 1 29
8369956 2 17
8372618 2 25
8373451 2 24
8376597 1 44
8378776 2 30
8379161 2 11
8380219 2 21
8382112 2 29
8385974 1 36
8389328 2 54
8393893 2 55
8395802 1 34
8396325 2 11
8396952 2 6
8399686 2 46
8402666 2 28
8404039 1 9
8407254 2 46
8409485 2 29
8411366 1 26
8413297 2 34
8417668 2 56
8421239 2 50
8425267 1 36
8429649 2 60
8436684 2 106
8443946 2 119
8451281 1 85
8455699 2 78
8461055 2 66
8466517 2 86
8473454 1 99
8476884 2 71
8480122 1 49
8481584 2 21
8483059 2 24
8484149 1 17
8486776 2 51
8488480 2 22
8489898 2 31
8492904 1 42
8497098 2 67
8498691 2 17
8500718 2 39
8503675 1 31
8507680 2 35
8510465 2 41
8513134 1 30
8513934 2 13
8515675 1 31
8516795 2 11
8518731 2 25
8522056 2 52
8524366 1 30
8528049 2 68
8531908 2 82
8536265 2 62
8539577 1 60
8543137 2 41
8547634 2 58
8550869 2 45
8551991 1 16
8552472 1 13
8554121 2 41
8557821 2 57
8563636 2 71
8567296 2 48
8570797 1 61
8573356 2 37
8579795 1 68
8584012 2 81
8586510 1 28
8588940 2 32
8592654 2 50
8597859 2 67
8604197 1 76
8610570 2 93
8617092 1 106
8621385 2 40
8625341 2 56
8629318 1 51
8634204 2 79
8639698 2 68
8643852 1 54
8648936 2 70
8651618 2 43
8653356 1 39
8655478 2 30
8659594 2 32
8664757 2 74
8669376 1 55
8674485 2 52
8678955 2 65
8681631 1 38
8683144 2 16
8686228 2 37
8688639 2 46
8693420 1 48
8696626 2 51
8698272 2 15
8700686 2 39
8702116 1 15
8704755 2 55
8706287 2 19
8708505 2 40
8711718 2 32
8713540 1 30
8717016 2 49
8721731 2 67
8727669 1 95
8732395 2 60
8736907 2 61
8740459 2 52
8745394 1 75
8752043 2 93
8758706 1 85
8766495 2 113
8775291 2 126
8783317 1 93
8792744 2 122
8801854 2 111
8810807 1 118
8813191 2 58
8814708 2 24
8817202 1 38
8822354 2 78
8827997 2 68
8833275 1 76
8838392 2 47
8843036 2 59
8847885 1 63
8852931 2 75
8857751 2 76
8863199 2 71
8868869 2 77
8871716 1 42
8876800 2 59
8880307 2 58
8884831 2 61
8888146 1 30
8893747 2 70
8899559 2 76
8904226 2 47
8906930 1 38
8909453 2 28
8912525 2 48
8915422 2 38
8917083 1 28
8920207 2 35
8925899 2 101
8932453 2 112
8937433 1 74
8941967 2 87
8948846 2 92
8958178 2 122
8967215 1 135
8974462 2 111
8980743 2 159
8987389 1 95
8990974 2 68
8995277 2 86
9002374 1 100
9009549 2 122
9017234 2 98
9024075 1 104
9030944 2 124
9035730 2 54
9037565 2 30
9039593 1 30
9041145 2 28
9043333 2 34
9047860 1 86
9054409 2 76
9060358 2 116
9066606 1 115
9074025 2 147
9081491 2 104
9091721 1 125
9099796 2 127
9105868 2 82
9112650 2 81
9118704 2 80
9122980 1 43
9126791 2 53
9129448 2 38
9134929 2 79
9141160 1 52
9147643 2 121
9156488 2 139
9164585 1 142
9172975 2 93
9180677 1 108
9188242 2 135
9197416 2 135
9207239 2 130
9216457 1 138
9227265 2 108
9234492 1 95
9238513 2 53
9241168 2 28
9243236 1 41
9247188 2 71
9254487 2 124
9260867 2 87
9268048 1 99
9273998 2 106
9280971 2 116
9288184 1 97
9297830 2 120
9305002 2 117
9316065 1 181
9325458 2 173
9337601 1 161
9348510 0 151
9357279 0 123
9365382 0 91
9369693 0 45
9372856 0 25
9374590 0 15
9375218 0 2
9375218 0 0
9375218 0 0
9375218 0 0
9375218 0 0
9375218 0 0
9375218 0 0
9375218 0 0
9375218 0 0
9375218 0 0
9375218 0 0
9375218 0 0
9375218 0 0
9375218 0 0
9375218 0 0
9375218 0 0
9375218 0 0
9375218 0 0
9375218 0 0
9375218 0 0
9375218 0 0
9375218 0 0
9375218 0 0
9375218 0 0
9375218 0 0
9375218 0 0
9375218 0 0
9375218 0 0
9375218 0 0
9375218 0 0
9375218 1 0
9375336 1 2
9379740 2 58
9386128 2 103
9393674 1 100
9402297 2 118
9410497 2 100
9417507 1 77
9425969 2 117
9433849 1 101
9442740 2 105
9452412 2 136
9460553 2 126
9469684 2 124
9480400 1 129
9490906 2 165
9501788 2 119
9512914 2 146
9524523 1 156
9532996 2 141
9533005 2 3
9541628 3 127
9552363 1 160
9564035 2 153
9576486 1 152
9588394 2 179
9598222 2 130
9608084 2 105
9618840 1 148
9628251 1 131
9639723 2 240
9651143 2 177
9659993 2 117
9670491 2 135
9680556 1 118
9691096 3 159
9702514 2 113
9714759 2 162
9726851 2 104
9736983 1 117
9748458 2 188
9760817 2 175
9772010 1 150
9784103 2 158
9795762 2 166
9806147 1 138
9816744 1 139
9829553 2 189
9839499 2 141
9851847 1 154
9864478 2 150
9876929 3 166
9886159 1 134
9898497 2 185
9910361 2 133
9922353 1 160
9933419 2 170
9943111 2 142
9955839 1 199
9966308 2 139
9978417 1 180
9987578 2 103
9987578 1 0
9992647 2 82
10002379 2 141
10013921 1 159
10026625 2 146
10039533 2 191
10050933 1 140
10063482 2 151
10074128 2 111
10086639 3 181
10097376 1 167
10108309 2 127
10121480 2 173
10132332 1 165
10145057 3 125
10157077 2 146
10169301 2 145
10180534 2 116
10192104 2 139
10201919 2 117
10214466 3 163
10225361 2 159
10238638 2 154
10250820 3 164
10263970 2 169
10273565 2 128
10287174 2 180
10300360 1 190
10313427 3 210
10323787 1 154
10335905 2 165
10348198 1 145
10358175 3 116
10370258 1 137
10382579 2 156
10395023 2 156
10406091 2 167
10417808 1 106
10430555 2 138
10439795 1 105
10452033 3 159
10462705 1 103
10474876 2 180
10484767 1 160
10496667 3 177
10506362 2 125
10518907 2 136
10531218 2 159
10541852 3 121
10553143 2 204
10566021 3 175
10575286 1 97
10586851 3 159
10599954 1 176
10612884 2 134
10625792 1 163
10638418 3 170
10651624 2 142
10663976 2 157
10677151 1 162
10690100 3 174
10703020 3 146
10715435 1 153
10727438 2 207
10739609 2 177
10751440 1 144
10763597 2 144
10776082 2 148
10788883 1 165
10802068 2 159
10812795 3 127
10825307 2 181
10836722 2 164
10848995 3 174
10861936 2 158
10875133 2 207
10885046 3 106
10897933 2 197
10909294 3 162
10920514 1 140
10931461 2 148
10943615 3 131
10956055 2 184
10968137 3 144
10980494 1 108
10993183 2 179
11004492 1 132
11016981 3 179
11029682 2 124
11042527 2 134
11055002 3 167
11067286 2 144
11078535 2 129
11090158 1 124
11102407 3 172
11114231 2 147
11126946 3 153
11140586 1 146
11153573 2 146
11163628 3 129
11176282 1 129
11186189 2 119
11199116 1 166
11211785 3 180
11224701 2 153
11237533 1 113
11248901 3 184
11261048 1 165
11274111 2 170
11287257 1 153
11297700 2 112
11309005 3 109
11321794 1 108
11333075 2 113
11345943 1 178
11358366 2 180
11369167 3 117
11379877 4 151
11392047 2 143
11404244 3 134
11417152 3 171
11427740 1 165
11438251 2 144
11449717 1 115
11461317 2 140
11474008 2 138
11482940 2 126
11493046 5 117
11505349 118 124
11515926 135 141
11528927 85 152
11541116 111 109
11553901 111 141
11566971 136 148
11579488 105 137
11591267 110 121
11603839 131 176
11615678 117 129
11627684 126 175
11638646 108 151
11651742 132 132
11665091 103 136
11677982 133 154
11691444 109 168
11704911 131 163
11716677 82 146
11727146 108 133
11739456 122 132
11751685 122 115
11763548 124 151
11775548 112 157
11788606 128 174
11801203 70 188
11814019 130 160
11827132 108 115
11838792 84 168
11849610 30 172
11856485 101 84
11869114 12 135
11880621 12 135
11892768 121 163
11904180 88 148
11916303 14 139
11928300 12 118
11940553 12 170
11950383 12 112
11961074 12 102
11971097 12 112
11983048 12 107
11993398 12 152
12004825 12 121
12017340 76 146
12029929 62 158
12041190 133 139
12052840 40 116
12064705 12 129
12076731 13 124
12088655 64 136
12100512 92 142
12111399 12 132
12124563 128 177
12138106 109 117
12150407 128 139
12161448 85 149
12174054 96 148
12185888 35 115
12196576 111 136
12209595 116 147
12221812 120 166
12233035 105 129
12245720 98 133
12257559 68 155
12270368 89 159
12283925 130 148
12294294 81 114
12307341 103 143
12320668 130 162
12333216 115 123
12345060 71 167
12356709 82 146
12369019 85 115
12381122 118 121
12392125 23 157
12404867 87 155
12416925 56 146
12427926 113 132
12438474 99 136
12451044 79 173
12463423 44 146
12475659 40 96
12486544 53 99
12499308 83 113
12511152 85 162
12523699 88 139
12535540 106 130
12548487 111 107
12561581 92 108
12574708 83 90
12587670 104 63
12597865 118 47
12610557 89 64
12622843 104 70
12635642 88 47
12646412 97 49
12659125 100 65
12672094 90 55
12684627 102 54
12694972 100 49
12708107 117 57
12719781 89 44
12732733 88 38
12744851 95 49
12758352 101 65
12770221 91 58
12783455 93 41
12795066 105 51
12807806 109 66
12821023 99 55
12833170 91 55
12844885 91 53
12857345 97 63
12870622 103 76
12883688 85 39
12895832 96 67
12908802 95 56
12921861 84 67
12934816 90 61
12947001 94 52
12960201 92 46
12973264 90 61
12984565 111 56
12998125 82 70
13009577 110 50
13022866 91 59
13035425 103 56
13048169 93 59
13061674 88 74
13073467 81 59
13086115 100 83
13098565 99 75
13111425 83 46
13122157 101 54
13133395 90 53
13146341 84 72
13159089 95 58
13172260 103 73
13183671 85 51
13196115 86 68
13209155 91 63
13222385 91 70
13234517 93 42
13246846 91 45
13259728 95 40
13272358 85 54
13285309 81 66
13297780 98 74
13308462 97 46
13321309 97 54
13333871 84 50
13346723 82 63
13360038 82 53
13373256 92 57
13386538 58 52
13399588 149 71
13412787 161 80
13425016 163 68
13437893 162 79
13451501 162 146
13464544 167 100
13477289 161 114
13489154 159 141
13500903 162 129
13513398 171 118
13526596 165 150
13539809 167 130
13553058 169 144
13566347 165 162
13580007 163 139
13592632 163 151
13605820 168 154
13619253 166 133
13632720 161 177
13645776 162 150
13659032 160 155
13671892 161 150
13685092 159 185
13697843 165 177
13710304 159 161
13723743 164 173
13736760 166 137
13749464 160 122
13762229 165 145
13775083 160 129
13788263 185 155
13801730 161 141
13814958 169 151
13827346 158 136
13840323 161 141
13852971 165 131
13865451 163 136
13878523 166 137
13891692 160 128
13904164 160 111
13917244 158 157
13929926 161 152
13943015 161 98
13955020 154 131
13967286 157 141
13980855 160 118
13993472 155 126
14006348 162 116
14018454 155 99
14031393 161 117
14044607 158 111
14057454 165 130
14070853 167 137
14084344 163 141
14097433 161 147
14108977 165 136
14121489 159 150
14134458 159 130
14146817 164 132
14159261 156 128
14171888 182 149
14184799 169 155
14197198 163 141
14209932 158 143
14222763 167 143
14235342 158 178
14248099 162 116
14261009 160 162
14274316 158 141
14286943 167 137
14299934 171 125
14312985 160 188
14325903 169 85
14339250 160 128
14351538 161 164
14363645 168 153
14377117 167 147
14390764 162 160
14404587 162 125
14417988 166 166
14430976 168 136
14444209 165 120
14456172 165 148
14468918 166 116
14481219 166 155
14494657 171 174
14507483 163 130
14520565 168 142
14533273 166 112
14546111 163 113
14559269 185 125
14571830 173 132
14584601 167 145
14597882 170 125
14611039 179 136
14623623 163 114
14636128 166 91
14649621 164 134
14662753 167 136
14675737 162 114
14687869 167 140
14701022 161 120
14713928 165 140
14726530 163 128
14738995 168 108
14751950 164 103
14765434 162 99
14778099 168 128
14791439 168 117
14804586 162 127
14817740 164 103
14830293 163 133
14842724 166 118
14856120 167 95
14869215 169 127
14881388 168 158
14894264 160 126
14906907 166 121
14920079 162 124
14933127 165 151
14945203 188 119
14958323 169 107
14970450 166 122
14983139 174 158
14995264 173 87
15008223 169 143
15021203 174 109
15033692 171 131
15046651 171 116
15059608 168 128
15072585 162 131
15084506 161 106
15097017 166 121
15110035 170 103
15122553 158 120
15134298 166 118
15146691 167 120
15159673 163 132
15172148 167 173
15184153 168 104
15196710 164 118
15209941 162 99
15222837 167 143
15235107 169 99
15248230 167 80
15261546 167 137
15274572 170 121
15288060 159 143
15301334 163 120
15314238 165 108
15327637 184 102
15340661 167 123
15353595 163 100
15367010 167 133
15379944 171 129
15392650 165 137
15404867 160 118
15417736 167 115
15430625 162 126
15443057 164 118
15456013 164 112
15468617 163 115
15481619 164 125
15494191 166 109
15506839 168 109
15519790 169 115
15532053 165 125
15544502 169 115
15557459 165 133
15569827 170 130
15582462 165 100
15595761 168 140
15608467 170 123
15621376 165 140
15634031 163 132
15647257 168 137
15660117 162 122
15673312 167 107
15685878 165 132
15698750 161 110
15711640 178 129
15724926 163 164
15738273 168 147
15750405 164 109
15763590 166 112
15777128 165 140
15790116 167 103
15802997 161 134
15816561 168 126
15829398 165 145
15842328 165 118
15854895 164 105
15866915 171 125
15880148 168 109
15892984 164 145
15906235 167 136
15918775 173 113
15931734 169 119
15943887 164 116
15955971 168 99
15968331 165 118
15980871 165 149
15993679 173 107
16006434 162 131
16019367 165 119
16032434 168 117
16044899 173 81
16057555 164 118
16070737 171 117
16083261 171 129
16096739 186 127
16110031 172 126
16123227 166 106
16136175 168 139
16148816 171 120
16162035 177 119
16173079 162 1476
16183688 146 3579
16195450 147 2383
16207616 151 1728
16219419 153 1354
16231662 156 1061
16243730 157 991
16256024 151 838
16268670 157 732
16281078 153 1250
16293304 151 2454
16304908 149 2186
16316681 151 1904
16328181 154 1604
16340613 151 1534
16352879 154 1357
16365383 154 1230
16378291 154 1178
16390150 149 1960
16401773 149 1850
16413982 144 1989
16426397 151 2061
16438959 154 1669
16450678 149 1446
16462703 166 1440
16475475 159 1262
16487902 158 1177
16498635 156 1023
16510523 163 1023
16522886 157 886
16534997 160 864
16546242 160 661
16558329 164 689
16570252 158 718
16580727 160 509
16593667 157 573
16605518 164 551
16617973 160 567
16630766 157 515
16643414 159 457
16656010 161 510
16668696 165 442
16682022 160 449
16695098 162 415
16707900 161 329
16721055 163 343
16734067 169 336
16747389 162 324
16758977 168 269
16771922 159 281
16784546 168 262
16797520 171 244
16810797 163 260
16823961 165 250
16837203 181 249
16850171 164 267
16863014 169 248
16875787 167 222
16887804 166 191
16899782 170 200
16912680 168 214
16925653 164 237
16938541 167 170
16951382 161 206
16964070 167 178
16977188 168 193
16990526 164 202
17002770 160 214
17015344 164 210
17028660 158 191
17042211 167 211
17054653 166 191
17067662 169 187
17081068 169 208
17093538 163 192
17106038 170 159
17119036 166 144
17131379 163 169
17143215 164 197
17155195 169 197
17167164 164 193
17179769 164 148
17192422 164 158
17204941 160 160
17218290 177 166
17230245 171 172
17243495 167 162
17256783 169 160
17267944 152 176
17281158 162 171
17294657 166 204
17307697 168 172
17320301 161 175
17333586 166 216
17346265 169 159
17359128 162 169
17371801 167 172
17385024 169 214
17397354 175 180
17409744 170 193
17422398 168 223
17435184 169 157
17448479 165 214
17461385 163 213
17474154 173 186
17486765 166 196
17499706 158 231
17512722 169 223
17525710 163 214
17538468 166 211
17551476 162 192
17563376 170 219
17576197 164 197
17589116 166 202
17602109 177 230
17614852 174 194
17627702 176 188
17640420 166 190
17652496 165 167
17665850 171 235
17678633 168 204
17691529 161 241
17704180 170 214
17717378 171 194
17730300 158 233
17743252 164 252
17756379 161 278
17769738 163 261
17783248 160 231
17796263 165 238
17808885 165 235
17821619 162 215
17834706 162 228
17847962 164 266
17861125 166 234
17873822 161 243
17886639 166 229
17899433 161 243
17912902 163 265
17926186 163 285
17939403 169 211
17952498 164 215
17965566 160 234
17978206 162 199
17991050 181 249
18004211 169 224
18016858 169 237
18030111 168 189
18042961 163 206
18056095 174 292
18069053 163 202
18081561 166 224
18094225 167 232
18106886 170 240
18120019 156 236
18133706 170 245
18146794 161 248
18159265 163 236
18172153 165 207
18185240 168 240
18198362 165 245
18211593 161 230
18224705 164 240
18237417 168 216
18250385 160 223
18263078 169 213
18275395 168 228
18287535 162 239
18300707 168 255
18313590 167 202
18325634 165 248
18338396 168 229
18351386 164 268
18363949 167 232
18377100 179 212
18389569 165 232
18401422 162 196
18413864 172 237
18426906 166 262
18439975 167 237
18453153 171 240
18466190 172 248
18478538 162 224
18491050 169 186
18503405 164 216
18515072 159 2154
18526281 145 3185
18538255 142 2195
18550852 159 1672
18562178 155 1129
18574649 158 1007
18587308 157 876
18600122 164 717
18612577 158 780
18623197 161 779
18634735 145 2754
18645990 154 2344
18658648 147 2324
18671141 145 1901
18683716 154 1774
18695250 152 1627
18707058 153 1552
18719456 147 1811
18732008 149 2380
18744279 156 2491
18756693 172 2197
18768432 153 1998
18780379 156 1675
18792358 155 1760
18805120 155 1598
18815118 136 1280
18826795 145 2625
18836976 152 1682
18847066 155 1476
18859029 149 1515
18868603 156 1080
18880957 144 1213
18890654 151 935
18902762 167 1007
18913603 150 1005
18924318 152 2293
18935157 140 4152
18946763 138 3232
18955806 151 1971
18967810 150 2098
18978308 149 1719
18988278 151 1303
19000535 150 1819
19011752 143 3304
19023304 141 3215
19035000 144 2847
19045921 152 2244
19057537 151 2165
19068231 147 1878
19078926 152 3937
19088755 168 4731
19099183 144 3955
19110572 140 3633
19121864 148 2957
19133052 153 2456
19142657 138 4922
19153273 133 4327
19164368 139 4227
19175942 137 3652
19186482 133 4551
19195324 125 5650
19205616 137 4777
19215393 135 4033
19226142 142 3887
19234277 125 6096
19243848 134 5002
19254423 137 4604
19263463 129 5483
19273118 134 5635
19283397 133 4723
19290510 125 6339
19297784 126 7165
19307984 134 5158
19315980 128 5976
19324156 124 6341
19332894 134 5516
19342004 130 6090
19347997 120 7007
19356482 131 6343
19360032 153 4521
19362213 139 4116
19365284 134 4614
19368525 132 5640
19372542 130 5946
19376576 127 6101
19381677 126 6995
19386747 131 6667
19389732 149 3464
19389921 143 971
19390502 148 2077
19391594 142 3116
19393161 137 3863
19395172 125 4666
19397647 134 5221
19401395 128 5865
19405726 127 6176
19405834 157 661
19406270 149 1901
19406919 140 2718
19408173 133 3822
19410198 134 4716
19412618 129 5531
19413352 144 1844
19413666 147 1485
19414412 143 2611
19415452 138 3004
19417453 138 4159
19419573 127 5140
19420488 152 1783
19420805 165 1455
19421381 149 2300
19422496 137 3408
19424241 139 4402
19426578 132 5350
19427356 157 1589
19427690 149 1525
19428306 141 2447
19429415 142 3564
19431012 134 4415
19432977 132 4779
19433506 155 1438
19433831 146 1449
19434571 146 2710
19435813 140 3614
19437249 135 3991
19438269 141 3485
19439768 138 4157
19439918 156 635
19440273 151 1673
19441129 144 2862
19442409 133 3645
19443736 149 3166
19443961 163 1109
19444501 148 2187
19445404 139 3171
19446876 141 4193
19448214 147 3285
19448415 152 1053
19449135 145 2412
19450256 146 3311
19451820 151 3620
19451964 161 826
19452379 150 2004
19453082 146 2844
19454312 142 3974
19454581 163 952
19454951 146 1627
19455758 143 2773
19457125 144 3451
19458632 135 4056
19461073 133 5088
19461366 155 810
19461680 145 1741
19462217 143 2683
19463332 138 3936
19463532 148 749
19463902 147 1739
19464662 146 2848
19465700 138 3579
19466095 154 1046
19466472 154 1686
19467222 143 2697
19468367 139 3560
19469957 142 3743
19470115 156 957
19470463 142 2047
19471223 142 3106
19472287 132 4158
19472660 155 1266
19472988 156 1471
19473742 155 2785
19474811 145 2923
19474987 158 945
19475438 149 2128
19476220 141 2821
19477301 140 3519
19477914 154 2007
19478171 148 1196
19478745 149 2435
19479616 139 3386
19481091 135 4290
19481208 156 599
19481597 148 1700
19482270 138 2695
19483322 141 3416
19484462 146 3163
19484647 155 915
19485172 146 2258
19486090 147 3452
19487142 140 3082
19487272 153 1025
19487770 153 2185
19488654 145 3192
19489089 152 1780
19489403 156 1430
19489975 144 2399
19490965 138 3377
19491922 152 2505
19492143 156 1061
19492175 180 146
19492202 171 155
19492235 166 219
19492267 164 211
19492290 163 222
19492324 167 170
19492353 165 169
19492379 164 166
19492410 165 165
19492432 101 162
19492432 0 0
19492432 0 0
