144 0 0 0 0 0 3018 0
1998 0 0 0 0 0 26863 0
2707 0 0 0 0 0 22109 0
3474 0 0 0 0 277 19163 0
3283 0 0 0 0 661 15504 0
3422 0 0 0 0 660 14714 0
3956 0 0 0 0 627 14896 0
4341 0 0 0 0 600 14594 0
4991 0 0 0 0 626 14828 0
6871 0 0 0 0 728 17345 0
6694 0 0 0 0 703 14421 0
5848 0 0 0 0 524 11187 0
4681 0 0 0 0 405 8161 0
7745 0 0 0 0 600 12250 0
6502 0 0 0 0 488 9221 0
8771 0 0 0 0 627 11167 0
8837 0 0 0 0 597 10201 0
9121 0 0 0 0 580 9372 0
9996 0 0 0 0 603 9052 0
9095 0 0 0 0 578 7795 0
10152 0 0 0 0 17 7576 0
8833 0 0 0 0 245 6010 0
8588 0 0 0 0 502 5339 0
9345 0 0 0 0 600 5358 0
10268 0 0 0 0 558 5398 0
9688 0 0 0 0 566 4987 0
10368 0 0 0 0 647 4739 0
10914 0 0 0 0 639 4538 0
10424 0 0 0 0 584 3915 0
8911 0 0 0 0 528 3169 0
8023 0 0 0 0 472 2783 0
10120 0 0 0 0 571 3187 0
7313 0 0 0 0 881 2026 0
8196 0 0 0 0 503 2224 0
9451 0 0 0 0 539 2363 0
9261 0 0 0 0 532 2155 0
9750 0 0 0 0 549 2162 0
9548 0 0 0 0 526 1878 0
8756 0 0 0 0 479 1676 0
8744 0 0 0 0 659 1716 0
10611 0 0 0 0 555 1808 0
10327 0 0 0 0 526 1495 0
9813 0 0 0 0 498 1388 0
11503 0 0 0 0 575 1470 0
9181 0 0 0 0 464 1090 0
10685 0 0 0 0 576 1253 0
11011 0 0 0 0 560 1271 0
11713 0 0 0 0 587 1188 0
10626 0 0 0 0 535 1077 0
10941 0 0 0 0 593 1008 0
9598 0 0 0 0 526 818 0
11438 0 0 0 0 648 918 0
10492 0 0 0 0 570 844 0
10494 0 0 0 0 576 753 0
10591 0 0 0 0 566 777 0
10525 0 0 0 0 561 728 0
10965 0 0 0 0 614 639 0
10579 0 0 0 0 620 597 0
10598 0 0 0 0 591 557 0
11692 0 0 0 0 648 672 0
10528 0 0 0 0 576 563 0
10710 0 0 0 0 577 552 0
10128 0 0 0 0 547 508 0
11568 0 0 0 0 606 521 0
10279 0 0 0 0 541 473 0
10851 0 0 0 0 601 481 0
10947 0 0 0 0 573 416 0
11629 0 0 0 0 577 511 0
9122 0 0 0 0 482 287 0
9411 0 0 0 0 466 339 0
11328 0 0 0 0 597 411 0
12000 0 0 0 0 626 424 0
10426 0 0 0 0 571 362 0
10608 0 0 0 0 614 371 0
10522 0 0 0 0 563 344 0
10569 0 0 0 0 553 325 0
11091 0 0 0 0 584 391 0
11636 0 0 0 0 610 320 0
10845 0 0 0 0 569 303 0
10523 0 0 0 0 546 322 0
9718 0 0 0 0 523 246 0
10270 0 0 0 0 564 316 0
10042 0 0 0 0 567 292 0
10805 0 0 0 0 582 314 0
10569 0 0 0 0 587 271 0
6851 0 0 0 0 1160 171 0
9643 0 0 0 0 713 262 0
10598 0 0 0 0 559 259 0
10702 0 0 0 0 548 276 0
9901 0 0 0 0 530 258 0
10289 0 0 0 0 538 251 0
11243 0 0 0 0 623 237 0
11496 0 0 0 0 574 238 0
10699 0 0 0 0 540 225 0
9863 0 0 0 0 513 203 0
10618 0 0 0 0 528 237 0
11021 0 0 0 0 568 248 0
10109 0 0 0 0 534 219 0
10689 0 0 0 0 577 234 0
11166 0 0 0 0 583 206 0
11233 0 0 0 0 585 220 0
10192 0 0 0 0 525 212 0
10204 0 0 0 0 546 180 0
10957 0 0 0 0 602 191 0
9991 0 0 0 0 552 177 0
9643 0 0 0 0 515 201 0
10273 0 0 0 0 545 166 0
8833 0 0 0 0 733 153 0
10380 0 0 0 0 551 175 0
10166 0 0 0 0 529 193 0
10044 0 0 0 0 539 179 0
10505 0 0 0 0 588 208 0
9285 0 0 0 0 529 182 0
10012 0 0 0 0 594 168 0
10866 0 0 0 0 569 152 0
11515 0 0 0 0 615 179 0
10912 0 0 0 0 538 164 0
10094 0 0 0 0 553 137 0
9800 0 0 0 0 494 154 0
10865 0 0 0 0 541 169 0
9813 0 0 0 0 490 155 0
11084 0 0 0 0 541 176 0
11226 0 0 0 0 572 193 0
11149 0 0 0 0 622 155 0
10238 0 0 0 0 562 178 0
9534 0 0 0 0 517 145 0
10161 0 0 0 0 534 185 0
10519 0 0 0 0 552 144 0
10587 0 0 0 0 574 156 0
10034 0 0 0 0 622 133 0
9725 0 0 0 0 705 143 0
10476 0 0 0 0 544 142 0
10574 0 0 0 0 565 130 0
9523 0 0 0 0 532 131 0
9360 0 0 0 0 497 110 0
10020 0 0 0 0 576 127 0
11318 0 0 0 0 605 147 0
10330 0 0 0 0 556 124 0
10110 0 0 0 0 547 118 0
10990 0 0 0 0 579 137 0
10458 0 0 0 0 561 118 0
7850 0 0 0 0 414 110 0
9755 0 0 0 0 493 125 0
10955 0 0 0 0 583 156 0
10392 0 0 0 0 534 146 0
10426 0 0 0 0 514 132 0
9771 0 0 0 0 496 122 0
10114 0 0 0 0 532 134 0
10310 0 0 0 0 535 96 0
10701 0 0 0 0 569 97 0
10526 0 0 0 0 572 117 0
10949 0 0 0 0 573 116 0
10967 0 0 0 0 581 128 0
10045 0 0 0 0 525 103 0
9420 0 0 0 0 501 98 0
9649 0 0 0 0 537 124 0
10274 0 0 0 0 562 109 0
9636 0 0 0 0 532 102 0
9573 0 0 0 0 703 109 0
11008 0 0 0 0 629 133 0
10497 0 0 0 0 599 119 0
9820 0 0 0 0 518 109 0
10155 0 0 0 0 529 122 0
11302 0 0 0 0 607 112 0
9600 0 0 0 0 535 80 0
10321 0 0 0 0 563 92 0
10697 0 0 0 0 583 107 0
11455 0 0 0 0 583 110 0
10866 0 0 0 0 562 109 0
8782 0 0 0 0 472 96 0
9931 0 0 0 0 562 103 0
10120 0 0 0 0 543 102 0
10340 0 0 0 0 522 87 0
10723 0 0 0 0 522 81 0
10708 0 0 0 0 548 114 0
11549 0 0 0 0 566 90 0
11208 0 0 0 0 597 94 0
10373 0 0 0 0 534 96 0
9830 0 0 0 0 521 84 0
10025 0 0 0 0 542 96 0
10904 0 0 0 0 588 84 0
10655 0 0 0 0 555 81 0
10704 0 0 0 0 560 69 0
11115 0 0 0 0 584 101 0
10402 0 0 0 0 543 68 0
10641 0 0 0 0 555 80 0
10578 0 0 0 0 558 96 0
10843 0 0 0 0 561 88 0
9703 0 0 0 0 520 84 0
9656 0 0 0 0 533 46 0
10081 0 0 0 0 547 67 0
10693 0 0 0 0 589 102 0
8808 0 0 0 0 472 62 0
9402 0 0 0 0 489 68 0
10232 0 0 0 0 519 62 0
10639 0 0 0 0 552 83 0
10298 0 0 0 0 535 82 0
10853 0 0 0 0 577 83 0
9708 0 0 0 0 480 79 0
11161 0 0 0 0 553 65 0
10566 0 0 0 0 517 55 0
10001 0 0 0 0 490 74 0
10263 0 0 0 0 559 61 0
10870 0 0 0 0 575 74 0
9858 0 0 0 0 517 73 0
9976 0 0 0 0 516 40 0
11022 0 0 0 0 606 72 0
9027 0 0 0 0 479 46 0
10188 0 0 0 0 554 62 0
8444 0 0 0 0 481 53 0
10056 0 0 0 0 552 45 0
10748 0 0 0 0 565 56 0
7769 0 0 0 0 442 54 0
8149 0 0 0 0 452 55 0
10401 0 0 0 0 540 56 0
8802 0 0 0 0 481 36 0
11152 0 0 0 0 608 61 0
6358 0 0 0 0 369 43 0
9847 0 0 0 0 526 39 0
8526 0 0 0 0 459 33 0
10131 0 0 0 0 558 70 0
10525 0 0 0 0 560 62 0
10622 0 0 0 0 539 64 0
8908 0 0 0 0 483 37 0
9672 0 0 0 0 521 58 0
9791 0 0 0 0 498 59 0
10124 0 0 0 0 500 59 0
10307 0 0 0 0 525 59 0
7933 0 0 0 0 436 34 0
10399 0 0 0 0 541 46 0
8174 0 0 0 0 461 56 0
8802 0 0 0 0 502 58 0
7709 0 0 0 0 424 52 0
9613 0 0 0 0 511 45 0
9744 0 0 0 0 507 41 0
7841 0 0 0 0 448 35 0
7902 0 0 0 0 421 37 0
11058 0 0 0 0 581 53 0
11080 0 0 0 0 573 55 0
11113 0 0 0 0 579 57 0
9016 0 0 0 0 544 66 0
7497 0 0 0 0 397 39 0
9414 0 0 0 0 544 42 0
7562 0 0 0 0 445 34 0
9660 0 0 0 0 494 27 0
8654 0 0 0 0 475 41 0
8128 0 0 0 0 438 34 0
8444 0 0 0 0 466 33 0
10008 0 0 0 0 522 47 0
9908 0 0 0 0 532 37 0
10180 0 0 0 0 530 48 0
9198 0 0 0 0 463 44 0
8104 0 0 0 0 435 26 0
10575 0 0 0 0 544 36 0
11287 0 0 0 0 564 46 0
9181 0 0 0 0 486 44 0
9558 0 0 0 0 476 34 0
10395 0 0 0 0 522 48 0
8526 0 0 0 0 483 30 0
8905 0 0 0 0 465 37 0
10124 0 0 0 0 527 26 0
10558 0 0 0 0 568 31 0
11277 0 0 0 0 595 52 0
9015 0 0 0 0 492 28 0
8983 0 0 0 0 507 36 0
10447 0 0 0 0 563 33 0
9339 0 0 0 0 500 40 0
9308 0 0 0 0 516 34 0
10980 0 0 0 0 576 38 0
7965 0 0 0 0 422 35 0
10326 0 0 0 0 584 40 0
7956 0 0 0 0 438 34 0
7264 0 0 0 0 401 19 0
10915 0 0 0 0 575 41 0
9482 0 0 0 0 492 32 0
9662 0 0 0 0 542 58 0
9113 0 0 0 0 488 37 0
10702 0 0 0 0 558 39 0
11114 0 0 0 0 584 33 0
8633 0 0 0 0 475 25 0
8237 0 0 0 0 438 33 0
11641 0 0 0 0 580 33 0
11135 0 0 0 0 568 27 0
9606 0 0 0 0 469 29 0
10728 0 0 0 0 545 40 0
10887 0 0 0 0 540 31 0
10063 0 0 0 0 545 26 0
11092 0 0 0 0 606 33 0
9694 0 0 0 0 513 22 0
10737 0 0 0 0 554 28 0
11324 0 0 0 0 586 25 0
9371 0 0 0 0 478 19 0
9009 0 0 0 0 473 28 0
9248 0 0 0 0 489 30 0
10842 0 0 0 0 561 25 0
8963 0 0 0 0 501 22 0
8938 0 0 0 0 486 20 0
10910 0 0 0 0 586 31 0
8924 0 0 0 0 484 27 0
8210 0 0 0 0 472 24 0
8531 0 0 0 0 478 28 0
8971 0 0 0 0 479 21 0
8481 0 0 0 0 452 25 0
8855 0 0 0 0 480 33 0
8917 0 0 0 0 459 26 0
10554 0 0 0 0 560 36 0
7680 0 0 0 0 383 19 0
9825 0 0 0 0 533 20 0
11131 0 0 0 0 586 28 0
11213 0 0 0 0 581 28 0
11689 0 0 0 0 569 31 0
11304 0 0 0 0 547 28 0
10116 0 0 0 0 486 20 0
8334 0 0 0 0 414 20 0
7039 0 0 0 0 379 15 0
6693 0 0 0 0 374 6 0
10900 0 0 0 0 572 25 0
10018 0 0 0 0 525 22 0
8710 0 0 0 0 456 21 0
7929 0 0 0 0 416 14 0
8531 0 0 0 0 460 15 0
7783 0 0 0 0 433 25 0
11601 0 0 0 0 606 27 0
10809 0 0 0 0 576 23 0
8310 0 0 0 0 450 37 0
8997 0 0 0 0 489 18 0
10742 0 0 0 0 585 16 0
7607 0 0 0 0 411 16 0
11331 0 0 0 0 569 20 0
10978 0 0 0 0 592 19 0
8585 0 0 0 0 498 26 0
8616 0 0 0 0 464 20 0
8300 0 0 0 0 448 21 0
9094 0 0 0 0 513 16 0
11419 0 0 0 0 599 21 0
10664 0 0 0 0 523 30 0
9447 0 0 0 0 482 23 0
8385 0 0 0 0 428 18 0
10018 0 0 0 0 574 18 0
9508 0 0 0 0 480 19 0
10892 0 0 0 0 532 26 0
11364 0 0 0 0 560 25 0
11053 0 0 0 0 536 24 0
10021 0 0 0 0 528 13 0
9131 0 0 0 0 472 23 0
7014 0 0 0 0 394 8 0
7119 0 0 0 0 388 14 0
7841 0 0 0 0 440 21 0
9173 0 0 0 0 474 15 0
6858 0 0 0 0 364 13 0
9890 0 0 0 0 182 14 0
11190 0 0 0 0 0 16 0
11431 0 0 0 0 356 26 0
9011 0 0 0 0 536 18 0
7778 0 0 0 0 513 17 0
9970 0 0 0 0 528 24 0
8270 0 0 0 0 455 19 0
9108 0 0 0 0 527 10 0
9133 0 0 0 0 485 28 0
10374 0 0 0 0 543 15 0
9391 0 0 0 0 491 15 0
8419 0 0 0 0 466 19 0
11580 0 0 0 0 635 21 0
9500 0 0 0 0 504 19 0
9209 0 0 0 0 476 17 0
11844 0 0 0 0 575 12 0
9150 0 0 0 0 481 13 0
9029 0 0 0 0 491 13 0
9669 0 0 0 0 518 12 0
7700 0 0 0 0 408 22 0
11499 0 0 0 0 569 12 0
8284 0 0 0 0 414 13 0
9046 0 0 0 0 481 9 0
11876 0 0 0 0 623 13 0
11519 0 0 0 0 625 11 0
10610 0 0 0 0 545 13 0
10889 0 0 0 0 563 19 0
10361 0 0 0 0 560 13 0
10109 0 0 0 0 546 13 0
10827 0 0 0 0 572 19 0
12219 0 0 0 0 640 14 0
11326 0 0 0 0 582 13 0
9125 0 0 0 0 473 22 0
10914 0 0 0 0 564 10 0
9407 0 0 0 0 495 5 0
11470 0 0 0 0 605 11 0
11007 0 0 0 0 582 13 0
8724 0 0 0 0 466 5 0
8265 0 0 0 0 485 17 0
7331 0 0 0 0 406 7 0
8986 0 0 0 0 465 14 0
8804 0 0 0 0 485 9 0
8307 0 0 0 0 433 14 0
9110 0 0 0 0 493 4 0
11140 0 0 0 0 560 8 0
9390 0 0 0 0 487 9 0
9976 0 0 0 0 522 7 0
10434 0 0 0 0 543 11 0
10633 0 0 0 0 541 12 0
11046 0 0 0 0 566 6 0
11504 0 0 0 0 635 14 0
7773 0 0 0 0 403 7 0
6126 0 0 0 0 322 8 0
9622 0 0 0 0 518 14 0
10452 0 0 0 0 562 9 0
10390 0 0 0 0 547 16 0
10115 0 0 0 0 534 13 0
9680 0 0 0 0 518 13 0
10135 0 0 0 0 560 10 0
8653 0 0 0 0 474 10 0
10582 0 0 0 0 543 14 0
10790 0 0 0 0 563 6 0
11044 0 0 0 0 573 10 0
9252 0 0 0 0 506 16 0
10165 0 0 0 0 577 7 0
8927 0 0 0 0 476 9 0
9336 0 0 0 0 491 7 0
10276 0 0 0 0 557 3 0
9487 0 0 0 0 464 13 0
11640 0 0 0 0 598 8 0
8021 0 0 0 0 430 7 0
11160 0 0 0 0 574 18 0
6678 0 0 0 0 368 8 0
9411 0 0 0 0 506 7 0
9605 0 0 0 0 506 8 0
8708 0 0 0 0 450 6 0
10193 0 0 0 0 519 10 0
9363 0 0 0 0 524 12 0
9019 0 0 0 0 500 10 0
12325 0 0 0 0 630 5 0
9349 0 0 0 0 482 15 0
10105 0 0 0 0 523 12 0
6389 0 0 0 0 381 13 0
10616 0 0 0 0 586 10 0
9059 0 0 0 0 474 11 0
9972 0 0 0 0 509 5 0
8927 0 0 0 0 486 5 0
11580 0 0 0 0 599 5 0
8911 0 0 0 0 498 8 0
8668 0 0 0 0 502 9 0
9996 0 0 0 0 550 8 0
11506 0 0 0 0 594 19 0
9324 0 0 0 0 528 7 0
11457 0 0 0 0 600 12 0
11564 0 0 0 0 600 11 0
11641 0 0 0 0 618 7 0
10732 0 0 0 0 538 12 0
7773 0 0 0 0 454 2 0
10968 0 0 0 0 574 11 0
10586 0 0 0 0 533 9 0
10820 0 0 0 0 528 6 0
11443 0 0 0 0 551 12 0
9610 0 0 0 0 471 7 0
8015 0 0 0 0 511 4 0
9358 0 0 0 0 497 11 0
10270 0 0 0 0 566 3 0
7764 0 0 0 0 428 7 0
9550 0 0 0 0 514 8 0
10180 0 0 0 0 531 5 0
8327 0 0 0 0 452 2 0
9963 0 0 0 0 518 4 0
9873 0 0 0 0 523 6 0
11189 0 0 0 0 580 4 0
10560 0 0 0 0 561 6 0
11307 0 0 0 0 590 9 0
11349 0 0 0 0 581 7 0
10735 0 0 0 0 554 9 0
8355 0 0 0 0 484 4 0
8797 0 0 0 0 483 4 0
7091 0 0 0 0 412 6 0
11765 0 0 0 0 640 7 0
8972 0 0 0 0 482 4 0
11205 0 0 0 0 601 2 0
11300 0 0 0 0 569 10 0
6979 0 0 0 0 408 7 0
7658 0 0 0 0 402 0 0
4842 0 0 0 0 248 4 0
9177 0 0 0 0 516 6 0
11767 0 0 0 0 570 11 0
8421 0 0 0 0 420 9 0
10974 0 0 0 0 532 6 0
11320 0 0 0 0 548 10 0
11455 0 0 0 0 613 2 0
10869 0 0 0 0 550 1 0
10231 0 0 0 0 534 4 0
11156 0 0 0 0 605 5 0
8176 0 0 0 0 451 5 0
11274 0 0 0 0 584 5 0
11136 0 0 0 0 585 6 0
12591 0 0 0 0 635 7 0
11623 0 0 0 0 591 2 0
11626 0 0 0 0 603 4 0
10956 0 0 0 0 563 9 0
11252 0 0 0 0 573 6 0
8183 0 0 0 0 444 2 0
10781 0 0 0 0 578 6 0
11060 0 0 0 0 575 3 0
11478 0 0 0 0 600 5 0
11089 0 0 0 0 582 6 0
10376 0 0 0 0 546 2 0
10452 0 0 0 0 513 6 0
11532 0 0 0 0 621 10 0
8520 0 0 0 0 432 4 0
9450 0 0 0 0 472 4 0
11133 0 0 0 0 533 3 0
10129 0 0 0 0 524 5 0
11769 0 0 0 0 565 7 0
11374 0 0 0 0 606 3 0
10748 0 0 0 0 546 4 0
11026 0 0 0 0 564 6 0
7784 0 0 0 0 436 2 0
10741 0 0 0 0 588 2 0
11262 0 0 0 0 574 5 0
12040 0 0 0 0 620 4 0
11699 0 0 0 0 599 2 0
8289 0 0 0 0 443 0 0
8133 0 0 0 0 448 4 0
8857 0 0 0 0 471 4 0
10716 0 0 0 0 561 6 0
9775 0 0 0 0 523 7 0
8856 0 0 0 0 470 3 0
9760 0 0 0 0 546 1 0
8831 0 0 0 0 476 3 0
10305 0 0 0 0 543 3 0
7513 0 0 0 0 431 2 0
11215 0 0 0 0 609 1 0
9615 0 0 0 0 533 3 0
10041 0 0 0 0 493 5 0
6637 0 0 0 0 405 2 0
11855 0 0 0 0 594 4 0
10616 0 0 0 0 528 3 0
8972 0 0 0 0 460 4 0
9596 0 0 0 0 477 2 0
7302 0 0 0 0 384 2 0
9234 0 0 0 0 561 4 0
8203 0 0 0 0 460 3 0
11220 0 0 0 0 608 5 0
9356 0 0 0 0 493 1 0
11210 0 0 0 0 591 2 0
11262 0 0 0 0 610 4 0
11043 0 0 0 0 603 1 0
10321 0 0 0 0 552 6 0
6299 0 0 0 0 356 2 0
11064 0 0 0 0 600 2 0
9335 0 0 0 0 506 1 0
8521 0 0 0 0 457 7 0
11481 0 0 0 0 631 3 0
11871 0 0 0 0 624 3 0
10941 0 0 0 0 582 4 0
11375 0 0 0 0 590 4 0
11037 0 0 0 0 595 6 0
8491 0 0 0 0 468 0 0
11285 0 0 0 0 609 3 0
11019 0 0 0 0 568 4 0
11359 0 0 0 0 561 5 0
8266 0 0 0 0 399 7 0
11606 0 0 0 0 616 6 0
12261 0 0 0 0 588 1 0
11361 0 0 0 0 544 2 0
11071 0 0 0 0 541 2 0
10881 0 0 0 0 530 0 0
8901 0 0 0 0 473 6 0
9187 0 0 0 0 487 2 0
8900 0 0 0 0 476 4 0
10794 0 0 0 0 567 5 0
11373 0 0 0 0 596 1 0
9668 0 0 0 0 508 0 0
10761 0 0 0 0 570 2 0
9552 0 0 0 0 521 0 0
10683 0 0 0 0 558 1 0
10537 0 0 0 0 552 2 0
8197 0 0 0 0 502 2 0
10888 0 0 0 0 603 3 0
12225 0 0 0 0 657 4 0
11377 0 0 0 0 590 4 0
10875 0 0 0 0 584 3 0
11501 0 0 0 0 619 1 0
10643 0 0 0 0 566 2 0
10410 0 0 0 0 566 4 0
11053 0 0 0 0 555 4 0
11207 0 0 0 0 543 1 0
9240 0 0 0 0 491 1 0
11147 0 0 0 0 561 1 0
10425 0 0 0 0 518 2 0
8110 0 0 0 0 404 3 0
11481 0 0 0 0 565 1 0
11632 0 0 0 0 580 3 0
9301 0 0 0 0 485 1 0
11051 0 0 0 0 568 2 0
12360 0 0 0 0 652 4 0
12484 0 0 0 0 630 0 0
11547 0 0 0 0 616 1 0
11585 0 0 0 0 608 2 0
8559 0 0 0 0 473 4 0
11310 0 0 0 0 638 1 0
11105 0 0 0 0 584 2 0
11071 0 0 0 0 575 0 0
11362 0 0 0 0 579 3 0
8021 0 0 0 0 406 0 0
10718 0 0 0 0 562 1 0
10885 0 0 0 0 583 2 0
11973 0 0 0 0 622 1 0
11671 0 0 0 0 616 0 0
10603 0 0 0 0 576 0 0
8652 0 0 0 0 469 1 0
10953 0 0 0 0 535 0 0
9355 0 0 0 0 509 2 0
10564 0 0 0 0 524 1 0
8934 0 0 0 0 476 0 0
10111 0 0 0 0 498 2 0
10852 0 0 0 0 552 2 0
8863 0 0 0 0 435 0 0
9780 0 0 0 0 506 3 0
12267 0 0 0 0 625 2 0
10436 0 0 0 0 529 1 0
11328 0 0 0 0 593 1 0
9061 0 0 0 0 513 4 0
11409 0 0 0 0 627 0 0
9941 0 0 0 0 524 5 0
10477 0 0 0 0 559 0 0
11237 0 0 0 0 594 6 0
12237 0 0 0 0 637 0 0
11709 0 0 0 0 604 1 0
11541 0 0 0 0 599 3 0
11310 0 0 0 0 599 2 0
11604 0 0 0 0 630 3 0
8133 0 0 0 0 429 0 0
10762 0 0 0 0 603 4 0
11055 0 0 0 0 631 3 0
11735 0 0 0 0 614 0 0
8117 0 0 0 0 511 0 0
10932 0 0 0 0 586 3 0
11298 0 0 0 0 569 2 0
12231 0 0 0 0 593 0 0
7888 0 0 0 0 397 0 0
11410 0 0 0 0 577 1 0
9552 0 0 0 0 493 0 0
12023 0 0 0 0 594 2 0
10606 0 0 0 0 540 1 0
10962 0 0 0 0 583 1 0
11791 0 0 0 0 624 0 0
11669 0 0 0 0 628 2 0
10728 0 0 0 0 557 2 0
9271 0 0 0 0 519 2 0
8850 0 0 0 0 459 1 0
11892 0 0 0 0 621 2 0
8599 0 0 0 0 445 0 0
8772 0 0 0 0 495 2 0
8680 0 0 0 0 483 2 0
8028 0 0 0 0 431 0 0
9279 0 0 0 0 494 1 0
10376 0 0 0 0 534 4 0
11054 0 0 0 0 585 0 0
11444 0 0 0 0 616 0 0
11191 0 0 0 0 592 3 0
8163 0 0 0 0 429 1 0
9442 0 0 0 0 557 2 0
8561 0 0 0 0 433 0 0
7511 0 0 0 0 405 0 0
10812 0 0 0 0 564 0 0
8808 0 0 0 0 481 0 0
12175 0 0 0 0 597 0 0
10435 0 0 0 0 511 2 0
10280 0 0 0 0 519 3 0
9207 0 0 0 0 448 0 0
11768 0 0 0 0 594 0 0
10771 0 0 0 0 569 2 0
10533 0 0 0 0 590 4 0
7218 0 0 0 0 407 0 0
9943 0 0 0 0 534 2 0
9788 0 0 0 0 533 0 0
8854 0 0 0 0 467 0 0
9783 0 0 0 0 526 0 0
9359 0 0 0 0 496 0 0
10756 0 0 0 0 559 0 0
10953 0 0 0 0 565 0 0
9890 0 0 0 0 561 0 0
10598 0 0 0 0 550 0 0
10650 0 0 0 0 563 0 0
8866 0 0 0 0 459 0 0
10538 0 0 0 0 570 0 0
11420 0 0 0 0 614 0 0
8086 0 0 0 0 519 0 0
10815 0 0 0 0 577 0 0
11142 0 0 0 0 574 1 0
11365 0 0 0 0 546 0 0
11764 0 0 0 0 609 1 0
9774 0 0 0 0 503 2 0
11977 0 0 0 0 581 0 0
11853 0 0 0 0 587 0 0
11088 0 0 0 0 531 3 0
11039 0 0 0 0 548 0 0
10634 0 0 0 0 557 1 0
9672 0 0 0 0 508 0 0
11326 0 0 0 0 579 0 0
11115 0 0 0 0 573 1 0
11024 0 0 0 0 584 0 0
11127 0 0 0 0 577 0 0
11004 0 0 0 0 575 1 0
11549 0 0 0 0 600 1 0
8482 0 0 0 0 451 2 0
11972 0 0 0 0 616 0 0
11721 0 0 0 0 611 1 0
11252 0 0 0 0 576 1 0
11385 0 0 0 0 611 0 0
11881 0 0 0 0 636 0 0
11366 0 0 0 0 604 0 0
11188 0 0 0 0 604 0 0
11240 0 0 0 0 565 0 0
11851 0 0 0 0 587 0 0
11636 0 0 0 0 593 0 0
11290 0 0 0 0 541 0 0
11311 0 0 0 0 555 0 0
11709 0 0 0 0 585 0 0
11562 0 0 0 0 561 5 0
11086 0 0 0 0 573 0 0
8564 0 0 0 0 466 0 0
10651 0 0 0 0 577 0 0
10671 0 0 0 0 559 0 0
11127 0 0 0 0 581 0 0
11209 0 0 0 0 582 0 0
11269 0 0 0 0 599 1 0
10802 0 0 0 0 558 0 0
7821 0 0 0 0 453 0 0
9822 0 0 0 0 519 2 0
8364 0 0 0 0 453 0 0
9535 0 0 0 0 517 1 0
11800 0 0 0 0 629 0 0
12097 0 0 0 0 664 1 0
12148 0 0 0 0 661 0 0
11632 0 0 0 0 630 0 0
11344 0 0 0 0 621 0 0
12015 0 0 0 0 645 0 0
9977 0 0 0 0 516 0 0
11390 0 0 0 0 551 0 0
11243 0 0 0 0 592 0 0
11634 0 0 0 0 568 0 0
10378 0 0 0 0 519 0 0
11053 0 0 0 0 562 0 0
10907 0 0 0 0 559 0 0
12067 0 0 0 0 610 0 0
10853 0 0 0 0 562 1 0
11041 0 0 0 0 577 0 0
11141 0 0 0 0 566 0 0
9034 0 0 0 0 528 1 0
10762 0 0 0 0 566 1 0
10795 0 0 0 0 582 0 0
10998 0 0 0 0 593 2 0
11902 0 0 0 0 626 2 0
9328 0 0 0 0 506 0 0
11089 0 0 0 0 586 1 0
11349 0 0 0 0 583 1 0
12142 0 0 0 0 643 1 0
9760 0 0 0 0 517 0 0
11794 0 0 0 0 630 0 0
11478 0 0 0 0 612 2 0
11500 0 0 0 0 617 1 0
10699 0 0 0 0 554 0 0
10799 0 0 0 0 545 0 0
11194 0 0 0 0 560 1 0
9484 0 0 0 0 495 0 0
11914 0 0 0 0 580 0 0
9723 0 0 0 0 481 0 0
7765 0 0 0 0 382 0 0
12224 0 0 0 0 610 0 0
10717 0 0 0 0 574 0 0
11321 0 0 0 0 585 0 0
8457 0 0 0 0 455 0 0
10557 0 0 0 0 564 0 0
10804 0 0 0 0 567 1 0
9373 0 0 0 0 493 0 0
10993 0 0 0 0 590 0 0
9194 0 0 0 0 501 0 0
7950 0 0 0 0 440 0 0
11094 0 0 0 0 576 0 0
11527 0 0 0 0 579 2 0
11005 0 0 0 0 591 0 0
11016 0 0 0 0 579 0 0
9101 0 0 0 0 491 1 0
10001 0 0 0 0 554 0 0
8967 0 0 0 0 497 1 0
9622 0 0 0 0 527 0 0
8367 0 0 0 0 480 0 0
8179 0 0 0 0 456 0 0
10428 0 0 0 0 526 0 0
10926 0 0 0 0 588 0 0
8939 0 0 0 0 469 1 0
11716 0 0 0 0 620 0 0
11007 0 0 0 0 579 0 0
10708 0 0 0 0 545 0 0
11287 0 0 0 0 555 0 0
11520 0 0 0 0 562 1 0
12169 0 0 0 0 600 1 0
10371 0 0 0 0 542 0 0
11505 0 0 0 0 605 1 0
11111 0 0 0 0 571 0 0
11382 0 0 0 0 590 0 0
10162 0 0 0 0 525 0 0
10397 0 0 0 0 558 1 0
10823 0 0 0 0 577 1 0
11637 0 0 0 0 607 0 0
9614 0 0 0 0 527 1 0
8509 0 0 0 0 528 2 0
7599 0 0 0 0 423 0 0
8615 0 0 0 0 502 0 0
11352 0 0 0 0 590 0 0
9376 0 0 0 0 508 0 0
11105 0 0 0 0 596 0 0
9293 0 0 0 0 500 0 0
10677 0 0 0 0 552 0 0
6812 0 0 0 0 403 1 0
11515 0 0 0 0 585 0 0
9670 0 0 0 0 487 0 0
8993 0 0 0 0 486 1 0
10647 0 0 0 0 564 0 0
9043 0 0 0 0 456 0 0
10661 0 0 0 0 542 0 0
8720 0 0 0 0 442 0 0
10257 0 0 0 0 522 0 0
9605 0 0 0 0 503 2 0
11568 0 0 0 0 607 0 0
8926 0 0 0 0 481 0 0
7158 0 0 0 0 386 0 0
11399 0 0 0 0 597 1 0
11751 0 0 0 0 615 0 0
11890 0 0 0 0 599 0 0
10494 0 0 0 0 548 0 0
8502 0 0 0 0 473 0 0
11240 0 0 0 0 568 2 0
9694 0 0 0 0 28 0 0
9868 0 0 0 0 27 0 0
10959 0 0 0 0 27 0 0
11403 0 0 0 0 27 0 0
11531 0 0 0 0 27 2 0
11681 0 0 0 0 27 0 0
11773 0 0 0 0 26 2 0
10130 0 0 0 0 25 0 0
9213 0 0 0 0 21 0 0
9184 0 0 0 0 22 2 0
10044 0 0 0 0 25 0 0
11427 0 0 0 0 25 0 0
11507 0 0 0 0 25 1 0
11313 0 0 0 0 2 0 0
8448 0 0 0 0 99 0 0
11506 0 0 0 0 557 0 0
10726 0 0 0 0 572 0 0
6337 0 0 0 0 361 0 0
8345 0 0 0 0 453 0 0
11170 0 0 0 0 603 0 0
10097 0 0 0 0 563 0 0
11263 0 0 0 0 585 0 0
9009 0 0 0 0 463 0 0
10367 0 0 0 0 560 0 0
9107 0 0 0 0 478 0 0
6401 0 0 0 0 442 0 0
10592 0 0 0 0 597 0 0
8004 0 0 0 0 509 0 0
11492 0 0 0 0 595 0 0
11149 0 0 0 0 569 0 0
11691 0 0 0 0 617 0 0
11383 0 0 0 0 613 0 0
10999 0 0 0 0 609 0 0
11018 0 0 0 0 592 0 0
11459 0 0 0 0 612 0 0
9016 0 0 0 0 446 0 0
11464 0 0 0 0 577 0 0
11902 0 0 0 0 588 0 0
12654 0 0 0 0 619 0 0
11312 0 0 0 0 552 0 0
11095 0 0 0 0 540 0 0
10297 0 0 0 0 530 1 0
10856 0 0 0 0 579 2 0
11987 0 0 0 0 624 0 0
9104 0 0 0 0 496 0 0
10272 0 0 0 0 557 0 0
9656 0 0 0 0 507 0 0
11857 0 0 0 0 671 0 0
9857 0 0 0 0 580 0 0
7459 0 0 0 0 406 0 0
8166 0 0 0 0 458 0 0
8571 0 0 0 0 466 0 0
11259 0 0 0 0 584 0 0
9421 0 0 0 0 577 0 0
12140 0 0 0 0 629 0 0
11139 0 0 0 0 600 0 0
11470 0 0 0 0 598 0 0
11231 0 0 0 0 596 0 0
9070 0 0 0 0 545 0 0
8703 0 0 0 0 582 1 0
8926 0 0 0 0 473 0 0
10005 0 0 0 0 497 0 0
12034 0 0 0 0 628 0 0
8760 0 0 0 0 488 0 0
8311 0 0 0 0 450 0 0
11527 0 0 0 0 571 0 0
9203 0 0 0 0 496 0 0
8050 0 0 0 0 398 0 0
9433 0 0 0 0 464 0 0
11019 0 0 0 0 572 0 0
11477 0 0 0 0 616 0 0
9272 0 0 0 0 492 0 0
8858 0 0 0 0 509 0 0
10243 0 0 0 0 591 0 0
7290 0 0 0 0 445 0 0
9587 0 0 0 0 535 0 0
11312 0 0 0 0 625 0 0
11244 0 0 0 0 589 0 0
9113 0 0 0 0 715 0 0
8625 0 0 0 0 475 0 0
11009 0 0 0 0 590 0 0
11598 0 0 0 0 607 0 0
9871 0 0 0 0 511 0 0
10234 0 0 0 0 529 0 0
11074 0 0 0 0 580 0 0
10905 0 0 0 0 580 0 0
11979 0 0 0 0 642 0 0
9257 0 0 0 0 708 0 0
10757 0 0 0 0 576 0 0
9095 0 0 0 0 492 0 0
9652 0 0 0 0 489 0 0
9529 0 0 0 0 506 0 0
10220 0 0 0 0 535 0 0
9521 0 0 0 0 503 0 0
11417 0 0 0 0 557 0 0
11133 0 0 0 0 546 0 0
10321 0 0 0 0 542 0 0
11595 0 0 0 0 601 0 0
12506 0 0 0 0 656 0 0
10799 0 0 0 0 562 0 0
11086 0 0 0 0 575 0 0
8779 0 0 0 0 462 0 0
9290 0 0 0 0 515 0 0
7216 0 0 0 0 381 0 0
10847 0 0 0 0 594 0 0
7834 0 0 0 0 441 0 0
10531 0 0 0 0 574 0 0
9063 0 0 0 0 492 0 0
9073 0 0 0 0 479 0 0
9443 0 0 0 0 480 0 0
9017 0 0 0 0 470 0 0
10202 0 0 0 0 561 0 0
7780 0 0 0 0 424 0 0
10233 0 0 0 0 555 0 0
10728 0 0 0 0 563 0 0
8979 0 0 0 0 498 0 0
10760 0 0 0 0 548 0 0
11618 0 0 0 0 583 0 0
8488 0 0 0 0 514 0 0
7203 0 0 0 0 391 0 0
10120 0 0 0 0 502 0 0
9256 0 0 0 0 486 0 0
8971 0 0 0 0 447 0 0
10236 0 0 0 0 538 0 0
11220 0 0 0 0 571 0 0
12291 0 0 0 0 638 0 0
9451 0 0 0 0 501 0 0
11157 0 0 0 0 582 0 0
10182 0 0 0 0 520 0 0
8391 0 0 0 0 458 0 0
10565 0 0 0 0 553 0 0
10283 0 0 0 0 554 0 0
6682 0 0 0 0 464 0 0
10344 0 0 0 0 535 0 0
11517 0 0 0 0 596 0 0
10522 0 0 0 0 572 0 0
10327 0 0 0 0 559 0 0
9214 0 0 0 0 493 0 0
7723 0 0 0 0 431 1 0
8840 0 0 0 0 470 0 0
8418 0 0 0 0 451 0 0
10602 0 0 0 0 566 0 0
11292 0 0 0 0 571 0 0
8276 0 0 0 0 515 0 0
9646 0 0 0 0 538 0 0
8661 0 0 0 0 462 0 0
10557 0 0 0 0 515 0 0
9714 0 0 0 0 501 0 0
8682 0 0 0 0 446 0 0
9555 0 0 0 0 482 0 0
10794 0 0 0 0 550 0 0
10620 0 0 0 0 551 0 0
10010 0 0 0 0 532 0 0
8483 0 0 0 0 443 0 0
10609 0 0 0 0 552 0 0
8200 0 0 0 0 485 0 0
11172 0 0 0 0 596 0 0
6336 0 0 0 0 341 0 0
8388 0 0 0 0 492 0 0
7901 0 0 0 0 442 1 0
10078 0 0 0 0 538 0 0
10595 0 0 0 0 569 0 0
10034 0 0 0 0 529 0 0
9858 0 0 0 0 508 0 0
10877 0 0 0 0 568 0 0
9689 0 0 0 0 517 0 0
10358 0 0 0 0 537 0 0
10455 0 0 0 0 560 0 0
10753 0 0 0 0 581 0 0
10213 0 0 0 0 535 0 0
10595 0 0 0 0 569 0 0
10569 0 0 0 0 519 0 0
10463 0 0 0 0 539 0 0
10925 0 0 0 0 557 0 0
11147 0 0 0 0 542 0 0
10547 0 0 0 0 523 0 0
10138 0 0 0 0 499 0 0
9482 0 0 0 0 472 1 0
7734 0 0 0 0 534 0 0
10082 0 0 0 0 546 0 0
10848 0 0 0 0 550 0 0
7323 0 0 0 0 385 0 0
10586 0 0 0 0 538 0 0
10659 0 0 0 0 548 0 0
9941 0 0 0 0 535 0 0
11678 0 0 0 0 612 0 0
10074 0 0 0 0 529 0 0
10545 0 0 0 0 553 0 0
10624 0 0 0 0 545 0 0
10475 0 0 0 0 537 0 0
11302 0 0 0 0 593 0 0
10914 0 0 0 0 566 0 0
10590 0 0 0 0 553 0 0
11038 0 0 0 0 581 0 0
7415 0 0 0 0 502 0 0
10122 0 0 0 0 562 0 0
10158 0 0 0 0 547 0 0
11232 0 0 0 0 573 0 0
11165 0 0 0 0 564 0 0
9668 0 0 0 0 520 0 0
10057 0 0 0 0 491 0 0
10260 0 0 0 0 537 0 0
10047 0 0 0 0 501 0 0
9653 0 0 0 0 469 0 0
11108 0 0 0 0 567 0 0
10853 0 0 0 0 554 0 0
11016 0 0 0 0 571 0 0
10031 0 0 0 0 523 0 0
9894 0 0 0 0 507 0 0
11253 0 0 0 0 577 0 0
7515 0 0 0 0 393 0 0
9795 0 0 0 0 540 0 0
10632 0 0 0 0 604 0 0
11172 0 0 0 0 593 0 0
10884 0 0 0 0 555 0 0
10297 0 0 0 0 543 0 0
10056 0 0 0 0 526 0 0
10889 0 0 0 0 559 0 0
10294 0 0 0 0 544 0 0
9875 0 0 0 0 516 0 0
11100 0 0 0 0 587 0 0
11581 0 0 0 0 600 0 0
10837 0 0 0 0 563 0 0
10219 0 0 0 0 514 0 0
7895 0 0 0 0 473 0 0
10299 0 0 0 0 544 0 0
9673 0 0 0 0 490 0 0
8283 0 0 0 0 434 0 0
9860 0 0 0 0 502 0 0
11495 0 0 0 0 562 0 0
10632 0 0 0 0 514 0 0
10642 0 0 0 0 559 0 0
9984 0 0 0 0 520 0 0
10557 0 0 0 0 549 0 0
10061 0 0 0 0 526 0 0
9281 0 0 0 0 508 0 0
10052 0 0 0 0 527 0 0
11345 0 0 0 0 592 0 0
11153 0 0 0 0 586 0 0
9760 0 0 0 0 527 0 0
10623 0 0 0 0 570 0 0
10065 0 0 0 0 552 0 0
10546 0 0 0 0 565 0 0
10089 0 0 0 0 517 1 0
10166 0 0 0 0 562 0 0
11751 0 0 0 0 624 0 0
8400 0 0 0 0 450 0 0
10793 0 0 0 0 579 0 0
7065 0 0 0 0 392 0 0
10430 0 0 0 0 548 0 0
7796 0 0 0 0 412 0 0
8567 0 0 0 0 456 0 0
9784 0 0 0 0 499 0 0
10805 0 0 0 0 566 0 0
10700 0 0 0 0 526 0 0
8559 0 0 0 0 441 0 0
7629 0 0 0 0 417 0 0
10658 0 0 0 0 520 0 0
9306 0 0 0 0 472 0 0
9654 0 0 0 0 511 0 0
10453 0 0 0 0 560 0 0
11580 0 0 0 0 607 0 0
7716 0 0 0 0 423 0 0
8157 0 0 0 0 455 0 0
10558 0 0 0 0 584 0 0
10741 0 0 0 0 577 0 0
9882 0 0 0 0 528 0 0
10297 0 0 0 0 555 0 0
10645 0 0 0 0 571 0 0
11317 0 0 0 0 591 0 0
10525 0 0 0 0 560 0 0
10198 0 0 0 0 523 0 0
10230 0 0 0 0 535 0 0
10671 0 0 0 0 564 0 0
8010 0 0 0 0 429 0 0
10318 0 0 0 0 551 0 0
10493 0 0 0 0 560 0 0
11538 0 0 0 0 598 0 0
9837 0 0 0 0 518 0 0
10072 0 0 0 0 532 0 0
10187 0 0 0 0 549 0 0
10727 0 0 0 0 545 0 0
9791 0 0 0 0 491 0 0
9669 0 0 0 0 478 0 0
10754 0 0 0 0 544 0 0
11160 0 0 0 0 565 0 0
10477 0 0 0 0 545 0 0
9941 0 0 0 0 528 0 0
10624 0 0 0 0 552 0 0
9918 0 0 0 0 505 0 0
9959 0 0 0 0 528 0 0
10117 0 0 0 0 542 0 0
8499 0 0 0 0 470 0 0
10041 0 0 0 0 546 0 0
11117 0 0 0 0 587 0 0
9952 0 0 0 0 519 0 0
10278 0 0 0 0 551 0 0
10785 0 0 0 0 564 0 0
9998 0 0 0 0 533 0 0
9822 0 0 0 0 527 0 0
11187 0 0 0 0 592 0 0
11228 0 0 0 0 591 0 0
10311 0 0 0 0 540 0 0
10423 0 0 0 0 557 0 0
10247 0 0 0 0 525 0 0
9615 0 0 0 0 487 0 0
9918 0 0 0 0 560 0 0
10033 0 0 0 0 489 0 0
8616 0 0 0 0 433 0 0
10748 0 0 0 0 543 0 0
10683 0 0 0 0 515 0 0
8783 0 0 0 0 433 0 0
10512 0 0 0 0 574 0 0
10938 0 0 0 0 552 0 0
10455 0 0 0 0 555 0 0
9664 0 0 0 0 498 0 0
10558 0 0 0 0 558 0 0
7557 0 0 0 0 417 0 0
10135 0 0 0 0 562 0 0
10853 0 0 0 0 563 0 0
10364 0 0 0 0 542 0 0
10433 0 0 0 0 589 0 0
10047 0 0 0 0 528 0 0
10146 0 0 0 0 535 0 0
9884 0 0 0 0 518 0 0
10309 0 0 0 0 534 0 0
11025 0 0 0 0 592 0 0
11219 0 0 0 0 591 0 0
11379 0 0 0 0 598 0 0
10838 0 0 0 0 575 0 0
9324 0 0 0 0 513 0 0
10287 0 0 0 0 515 0 0
10571 0 0 0 0 544 0 0
8695 0 0 0 0 461 0 0
9441 0 0 0 0 494 0 0
7828 0 0 0 0 421 0 0
10932 0 0 0 0 553 0 0
8360 0 0 0 0 423 0 0
8618 0 0 0 0 453 0 0
10204 0 0 0 0 534 0 0
10130 0 0 0 0 559 0 0
8552 0 0 0 0 450 0 0
10780 0 0 0 0 573 0 0
11570 0 0 0 0 633 0 0
10790 0 0 0 0 573 0 0
10900 0 0 0 0 570 0 0
10044 0 0 0 0 505 0 0
9576 0 0 0 0 502 0 0
10783 0 0 0 0 583 0 0
10767 0 0 0 0 582 1 0
8558 0 0 0 0 464 0 0
10273 0 0 0 0 573 0 0
11323 0 0 0 0 599 0 0
11041 0 0 0 0 587 0 0
11658 0 0 0 0 613 0 0
11561 0 0 0 0 620 0 0
10822 0 0 0 0 588 0 0
10667 0 0 0 0 542 0 0
9737 0 0 0 0 536 0 0
10783 0 0 0 0 566 0 0
11100 0 0 0 0 553 0 0
8081 0 0 0 0 418 0 0
9023 0 0 0 0 456 0 0
10863 0 0 0 0 533 0 0
9248 0 0 0 0 457 0 0
9199 1 0 0 0 498 0 0
9945 0 0 0 10119.8 493 0 174.767
11001 0 0 0 10119.8 534 0 -881.233
11443 0 0 0 10119.8 589 0 -1323.23
11420 0 0 0 10119.8 562 0 -1300.23
11366 0 0 0 10119.8 555 0 -1246.23
11893 0 0 0 10119.8 580 0 -1773.23
11203 0 0 0 10119.8 567 0 -1083.23
10722 0 0 0 10119.8 548 0 -602.233
6565 0 0 0 10119.8 301 0 3554.77
11715 0 3 0 10119.8 292 0 -1595.23
12432 0 4 0 10119.8 357 0 -2312.23
12036 0 3 0 10119.8 288 0 -1916.23
11583 0 5 0 10119.8 238 0 -1463.23
12059 0 3 0 10119.8 313 0 -1939.23
11909 0 4 0 10119.8 308 0 -1789.23
11669 0 4 0 10119.8 263 0 -1549.23
10757 0 4 0 10119.8 242 0 -637.233
8536 0 3 0 10119.8 220 0 1583.77
11074 0 3 0 10119.8 358 0 -954.233
10538 0 4 0 10119.8 227 0 -418.233
10727 0 4 0 10119.8 246 0 -607.233
10867 0 4 0 10119.8 252 0 -747.233
12056 0 3 0 10119.8 312 0 -1936.23
11151 0 4 0 10119.8 283 0 -1031.23
11692 0 4 0 10119.8 251 0 -1572.23
11209 0 4 0 10119.8 268 0 -1089.23
11579 0 3 0 10119.8 268 0 -1459.23
8388 0 3 0 10119.8 248 0 1731.77
10598 0 5 0 10119.8 216 0 -478.233
11233 0 3 0 10119.8 333 0 -1113.23
12519 0 4 0 10119.8 272 0 -2399.23
9264 0 3 0 10119.8 257 0 855.767
11169 0 4 0 10119.8 253 0 -1049.23
11098 0 4 0 10119.8 261 0 -978.233
12079 0 3 0 10119.8 287 0 -1959.23
11243 0 4 0 10119.8 300 0 -1123.23
11634 0 3 0 10119.8 300 0 -1514.23
11569 0 4 0 10119.8 223 0 -1449.23
11923 0 5 0 10119.8 270 0 -1803.23
12052 0 3 0 10119.8 343 0 -1932.23
11607 0 3 0 10119.8 267 0 -1487.23
10772 0 5 0 10119.8 221 0 -652.233
10003 0 4 0 10119.8 245 0 116.767
10724 0 3 0 10119.8 319 0 -604.233
10960 0 3 0 10119.8 284 0 -840.233
8556 0 3 0 10119.8 204 0 1563.77
10169 0 4 0 10119.8 242 0 -49.2333
10881 0 4 0 10119.8 253 0 -761.233
10975 0 4 0 10119.8 236 0 -855.233
11476 0 3 0 10119.8 343 0 -1356.23
9007 0 3 0 10119.8 221 0 1112.77
10864 0 4 0 10119.8 223 0 -744.233
11331 0 4 0 10119.8 265 0 -1211.23
10884 0 4 0 10119.8 254 0 -764.233
10811 0 3 0 10119.8 316 0 -691.233
8377 0 3 0 10119.8 276 0 1742.77
10723 0 4 0 10119.8 238 0 -603.233
11185 0 4 0 10119.8 249 0 -1065.23
8989 0 4 0 10119.8 229 0 1130.77
10546 0 3 0 10119.8 295 0 -426.233
10709 0 3 0 10119.8 325 0 -589.233
11305 0 4 0 10119.8 254 0 -1185.23
8895 0 2 0 10119.8 322 0 1224.77
11260 0 4 0 10119.8 220 0 -1140.23
11190 0 5 0 10119.8 248 0 -1070.23
11127 0 3 0 10119.8 318 0 -1007.23
12143 0 4 0 10119.8 275 0 -2023.23
9136 0 4 0 10119.8 205 0 983.767
10555 0 4 0 10119.8 257 0 -435.233
10905 0 3 0 10119.8 314 0 -785.233
12147 0 4 0 10119.8 288 0 -2027.23
11675 0 3 0 10119.8 295 0 -1555.23
11526 0 4 0 10119.8 224 0 -1406.23
11820 0 4 0 10119.8 291 0 -1700.23
11476 0 4 0 10119.8 298 0 -1356.23
11153 0 3 0 10119.8 281 0 -1033.23
10861 0 5 0 10119.8 222 0 -741.233
9114 0 4 0 10119.8 204 0 1005.77
10430 0 4 0 10119.8 194 0 -310.233
10870 0 5 0 10119.8 166 0 -750.233
11455 0 6 0 10119.8 136 0 -1335.23
10978 0 5 0 10119.8 149 0 -858.233
11268 0 5 0 10119.8 159 0 -1148.23
11081 0 5 0 10119.8 233 0 -961.233
11307 0 5 0 10119.8 181 0 -1187.23
11193 0 6 0 10119.8 125 0 -1073.23
11768 0 5 0 10119.8 193 0 -1648.23
10868 0 5 0 10119.8 179 0 -748.233
11018 0 5 0 10119.8 176 0 -898.233
11548 0 5 0 10119.8 150 0 -1428.23
10952 0 5 0 10119.8 174 0 -832.233
8140 0 5 0 10119.8 193 0 1979.77
11737 0 5 0 10119.8 164 0 -1617.23
11226 0 5 0 10119.8 163 0 -1106.23
12142 0 6 0 10119.8 152 0 -2022.23
10374 0 5 0 10119.8 152 0 -254.233
10214 0 5 0 10119.8 157 0 -94.2333
10608 0 6 0 10119.8 147 0 -488.233
8500 0 4 0 10119.8 148 0 1619.77
11018 0 5 0 10119.8 140 0 -898.233
11520 0 5 0 10119.8 165 0 -1400.23
11897 0 6 0 10119.8 172 0 -1777.23
11585 0 6 0 10119.8 112 0 -1465.23
11665 0 5 0 10119.8 167 0 -1545.23
10666 0 6 0 10119.8 151 0 -546.233
11259 0 5 0 10119.8 135 0 -1139.23
8958 0 5 0 10119.8 199 0 1161.77
8405 0 4 0 10119.8 125 0 1714.77
10641 0 5 0 10119.8 229 0 -521.233
8778 0 4 0 10119.8 152 0 1341.77
11848 0 6 0 10119.8 155 0 -1728.23
10120 0 5 0 10119.8 123 0 -0.233333
10498 0 5 0 10119.8 197 0 -378.233
8270 0 4 0 10119.8 163 0 1849.77
11793 0 5 0 10119.8 212 0 -1673.23
10484 0 5 0 10119.8 132 0 -364.233
9795 0 6 0 10119.8 198 0 324.767
11660 0 5 0 10119.8 182 0 -1540.23
11312 0 5 0 10119.8 131 0 -1192.23
10085 0 5 0 10119.8 150 0 34.7667
7053 0 4 0 10119.8 150 0 3066.77
11214 0 5 0 10119.8 128 0 -1094.23
11439 0 6 0 10119.8 128 0 -1319.23
9315 0 5 0 10119.8 163 0 804.767
11027 0 6 0 10119.8 145 0 -907.233
11521 0 4 0 10119.8 219 0 -1401.23
10945 0 6 0 10119.8 172 0 -825.233
11217 0 5 0 10119.8 130 0 -1097.23
11254 0 5 0 10119.8 182 0 -1134.23
11624 0 6 0 10119.8 144 0 -1504.23
11824 0 6 0 10119.8 145 0 -1704.23
10370 0 4 0 10119.8 177 0 -250.233
11212 0 6 0 10119.8 178 0 -1092.23
11472 0 5 0 10119.8 188 0 -1352.23
8223 0 4 0 10119.8 213 0 1896.77
11278 0 7 0 10119.8 43 2 -1158.23
8691 0 3 0 10119.8 236 0 1428.77
10578 0 5 0 10119.8 164 0 -458.233
8381 0 5 0 10119.8 176 0 1738.77
10353 0 4 0 10119.8 182 0 -233.233
11425 0 5 0 10119.8 198 0 -1305.23
11726 0 5 0 10119.8 243 0 -1606.23
11994 0 6 0 10119.8 128 0 -1874.23
8772 0 4 0 10119.8 187 0 1347.77
11730 0 6 0 10119.8 113 0 -1610.23
11332 0 4 0 10119.8 199 0 -1212.23
11622 0 6 0 10119.8 187 0 -1502.23
6998 0 4 0 10119.8 143 0 3121.77
11121 0 5 0 10119.8 167 0 -1001.23
11796 0 5 0 10119.8 215 0 -1676.23
12086 0 5 0 10119.8 170 0 -1966.23
10884 0 5 0 10119.8 149 0 -764.233
10461 0 6 0 10119.8 131 0 -341.233
8688 0 4 0 10119.8 154 0 1431.77
11267 0 5 0 10119.8 129 0 -1147.23
10295 0 6 0 10119.8 176 0 -175.233
10984 0 6 0 10119.8 110 0 -864.233
11094 0 5 0 10119.8 186 0 -974.233
11893 0 4 0 10119.8 216 0 -1773.23
11044 0 6 0 10119.8 150 0 -924.233
8971 0 4 0 10119.8 110 0 1148.77
11259 0 5 0 10119.8 176 0 -1139.23
12595 0 6 0 10119.8 161 0 -2475.23
10969 0 5 0 10119.8 171 0 -849.233
11585 0 5 0 10119.8 173 0 -1465.23
11956 0 5 0 10119.8 213 0 -1836.23
11710 0 6 0 10119.8 145 0 -1590.23
10698 0 5 0 10119.8 154 0 -578.233
11171 0 5 0 10119.8 160 0 -1051.23
9418 0 5 0 10119.8 168 0 701.767
11383 0 5 0 10119.8 119 0 -1263.23
10548 0 6 0 10119.8 156 0 -428.233
11678 0 5 0 10119.8 211 0 -1558.23
11549 0 6 0 10119.8 129 0 -1429.23
11915 0 5 0 10119.8 150 0 -1795.23
11092 0 5 0 10119.8 149 0 -972.233
8277 0 5 0 10119.8 182 0 1842.77
11947 0 4 0 10119.8 241 0 -1827.23
11177 0 5 0 10119.8 166 0 -1057.23
10450 0 5 0 10119.8 205 0 -330.233
11288 0 5 0 10119.8 148 0 -1168.23
11412 0 6 0 10119.8 131 0 -1292.23
11852 0 5 0 10119.8 187 0 -1732.23
11461 0 5 0 10119.8 207 0 -1341.23
11394 0 6 0 10119.8 112 0 -1274.23
9125 0 5 0 10119.8 99 0 994.767
10232 0 5 0 10119.8 134 0 -112.233
8326 0 4 0 10119.8 133 0 1793.77
8527 0 4 0 10119.8 151 0 1592.77
12241 0 6 0 10119.8 174 0 -2121.23
9434 0 4 0 10119.8 199 0 685.767
10676 0 6 0 10119.8 120 0 -556.233
9683 0 4 0 10119.8 199 0 436.767
11660 0 5 0 10119.8 204 0 -1540.23
11688 0 5 0 10119.8 119 0 -1568.23
10429 0 5 0 10119.8 200 0 -309.233
8813 0 5 0 10119.8 97 0 1306.77
11631 0 5 0 10119.8 152 0 -1511.23
11916 0 6 0 10119.8 144 0 -1796.23
11676 0 5 0 10119.8 186 0 -1556.23
11995 0 5 0 10119.8 151 0 -1875.23
11831 0 5 0 10119.8 220 0 -1711.23
10711 0 6 0 10119.8 105 0 -591.233
11253 0 5 0 10119.8 117 0 -1133.23
11637 0 5 0 10119.8 202 0 -1517.23
8066 0 4 0 10119.8 159 0 2053.77
9319 0 5 0 10119.8 202 0 800.767
11360 0 5 0 10119.8 172 0 -1240.23
11662 0 6 0 10119.8 112 0 -1542.23
11132 0 6 0 10119.8 145 0 -1012.23
10940 0 5 0 10119.8 171 0 -820.233
11614 0 6 0 10119.8 135 0 -1494.23
11212 0 4 0 10119.8 258 0 -1092.23
11427 0 5 0 10119.8 146 0 -1307.23
11679 0 6 0 10119.8 153 0 -1559.23
11391 0 5 0 10119.8 131 0 -1271.23
11114 0 5 0 10119.8 242 0 -994.233
11216 0 6 0 10119.8 116 0 -1096.23
1762 0 5 0 10119.8 380 0 8357.77
8789 0 2 0 10119.8 300 0 1330.77
10010 0 5 0 10119.8 158 0 109.767
12437 0 5 0 10119.8 210 0 -2317.23
11756 0 5 0 10119.8 148 0 -1636.23
10038 0 7 0 10119.8 156 0 81.7667
11710 0 3 0 10119.8 277 0 -1590.23
12284 0 5 0 10119.8 265 0 -2164.23
11185 0 5 0 10119.8 130 0 -1065.23
10794 0 6 0 10119.8 138 0 -674.233
11929 0 5 0 10119.8 170 0 -1809.23
12386 0 5 0 10119.8 150 0 -2266.23
8615 0 4 0 10119.8 181 0 1504.77
10936 0 5 0 10119.8 129 0 -816.233
11499 0 6 0 10119.8 189 0 -1379.23
12066 0 5 0 10119.8 194 0 -1946.23
7569 0 4 0 10119.8 119 0 2550.77
9720 0 4 0 10119.8 191 0 399.767
10692 0 6 0 10119.8 163 0 -572.233
10074 0 5 0 10119.8 149 0 45.7667
9288 0 5 0 10119.8 167 0 831.767
11278 0 5 0 10119.8 246 0 -1158.23
11030 0 4 0 10119.8 184 0 -910.233
11559 0 6 0 10119.8 137 0 -1439.23
11775 0 6 0 10119.8 153 0 -1655.23
8229 0 4 0 10119.8 150 0 1890.77
11125 0 6 0 10119.8 99 0 -1005.23
10614 0 4 0 10119.8 240 0 -494.233
9549 0 6 0 10119.8 82 0 570.767
10057 0 5 0 10119.8 171 0 62.7667
11042 0 5 0 10119.8 162 0 -922.233
9091 0 4 0 10119.8 205 0 1028.77
11285 0 5 0 10119.8 197 0 -1165.23
10739 0 6 0 10119.8 108 0 -619.233
10487 0 6 0 10119.8 114 0 -367.233
11105 0 5 0 10119.8 158 0 -985.233
10671 0 5 0 10119.8 163 0 -551.233
10242 0 4 0 10119.8 205 0 -122.233
9916 0 6 0 10119.8 144 0 203.767
10857 0 5 0 10119.8 159 0 -737.233
11061 0 5 0 10119.8 188 0 -941.233
10633 0 6 0 10119.8 126 0 -513.233
10943 0 5 0 10119.8 148 0 -823.233
11113 0 5 0 10119.8 182 0 -993.233
10569 0 6 0 10119.8 156 0 -449.233
8041 0 4 0 10119.8 194 0 2078.77
9824 0 5 0 10119.8 170 0 295.767
10804 0 5 0 10119.8 163 0 -684.233
6739 0 4 0 10119.8 137 0 3380.77
10488 0 3 0 10119.8 242 0 -368.233
9701 0 6 0 10119.8 121 0 418.767
10046 0 5 0 10119.8 200 0 73.7667
11040 0 5 0 10119.8 117 0 -920.233
8076 0 5 0 10119.8 127 0 2043.77
10353 0 5 0 10119.8 144 0 -233.233
10828 0 5 0 10119.8 203 0 -708.233
7815 0 4 0 10119.8 178 0 2304.77
9710 0 5 0 10119.8 131 0 409.767
10267 0 6 0 10119.8 156 0 -147.233
11383 0 5 0 10119.8 193 0 -1263.23
10319 0 5 0 10119.8 165 0 -199.233
10189 0 5 0 10119.8 157 0 -69.2333
10251 0 5 0 10119.8 144 0 -131.233
11085 0 6 0 10119.8 155 0 -965.233
10631 0 4 0 10119.8 204 0 -511.233
8781 0 5 0 10119.8 143 0 1338.77
11172 0 6 0 10119.8 123 0 -1052.23
11842 0 5 0 10119.8 184 0 -1722.23
10739 0 5 0 10119.8 160 0 -619.233
10200 0 5 0 10119.8 165 0 -80.2333
10307 0 5 0 10119.8 121 0 -187.233
8062 0 5 0 10119.8 130 0 2057.77
10227 0 6 0 10119.8 145 0 -107.233
10339 0 5 0 10119.8 140 0 -219.233
11130 0 6 0 10119.8 159 0 -1010.23
11469 0 5 0 10119.8 164 0 -1349.23
11178 0 5 0 10119.8 133 0 -1058.23
10459 0 6 0 10119.8 172 0 -339.233
11093 0 5 0 10119.8 138 0 -973.233
11317 0 5 0 10119.8 224 0 -1197.23
10671 0 5 0 10119.8 126 0 -551.233
10171 0 5 0 10119.8 162 0 -51.2333
10938 0 5 0 10119.8 225 0 -818.233
11605 0 5 0 10119.8 144 0 -1485.23
9026 0 5 0 10119.8 77 0 1093.77
10970 0 6 0 10119.8 158 0 -850.233
8048 0 4 0 10119.8 127 0 2071.77
10316 0 5 0 10119.8 146 0 -196.233
10336 0 5 0 10119.8 126 0 -216.233
9771 0 6 0 10119.8 128 0 348.767
10641 0 5 0 10119.8 179 0 -521.233
11497 0 5 0 10119.8 157 0 -1377.23
11020 0 6 0 10119.8 127 0 -900.233
10423 0 6 0 10119.8 147 0 -303.233
10103 0 5 0 10119.8 119 0 16.7667
9647 0 5 0 10119.8 149 0 472.767
11202 0 5 0 10119.8 204 0 -1082.23
10199 0 6 0 10119.8 132 0 -79.2333
10062 0 5 0 10119.8 147 0 57.7667
11675 0 6 0 10119.8 143 0 -1555.23
7606 0 3 0 10119.8 170 0 2513.77
10995 0 5 0 10119.8 177 0 -875.233
11634 0 5 0 10119.8 180 0 -1514.23
10991 0 5 0 10119.8 183 0 -871.233
9994 0 5 0 10119.8 170 0 125.767
10157 0 4 0 10119.8 201 0 -37.2333
9967 0 6 0 10119.8 127 0 152.767
8067 0 6 0 10119.8 87 0 2052.77
11108 0 4 0 10119.8 180 0 -988.233
10840 0 6 0 10119.8 159 0 -720.233
10836 0 5 0 10119.8 133 0 -716.233
11169 0 5 0 10119.8 220 0 -1049.23
10391 0 5 0 10119.8 123 0 -271.233
10624 0 6 0 10119.8 116 0 -504.233
6943 0 5 0 10119.8 114 0 3176.77
9926 0 4 0 10119.8 223 0 193.767
10246 0 5 0 10119.8 146 0 -126.233
10453 0 6 0 10119.8 133 0 -333.233
10998 0 4 0 10119.8 235 0 -878.233
11311 0 4 0 10119.8 187 0 -1191.23
10552 0 6 0 10119.8 146 0 -432.233
10015 0 5 0 10119.8 134 0 104.767
10429 0 5 0 10119.8 234 0 -309.233
11159 0 5 0 10119.8 163 0 -1039.23
11086 0 6 0 10119.8 73 0 -966.233
11051 0 7 0 10119.8 51 0 -931.233
11269 0 7 0 10119.8 36 0 -1149.23
8542 0 7 0 10119.8 18 0 1577.77
10497 0 7 0 10119.8 7 0 -377.233
7763 0 8 0 10119.8 8 0 2356.77
10579 0 6 0 10119.8 95 0 -459.233
10891 0 8 0 10119.8 8 0 -771.233
10361 0 7 0 10119.8 27 0 -241.233
10012 0 7 0 10119.8 8 0 107.767
11981 0 8 0 10119.8 8 0 -1861.23
11253 0 7 0 10119.8 24 0 -1133.23
11391 0 7 0 10119.8 31 0 -1271.23
11732 0 7 0 10119.8 8 0 -1612.23
10929 0 8 0 10119.8 8 0 -809.233
10856 0 7 0 10119.8 43 0 -736.233
11002 0 7 0 10119.8 43 0 -882.233
10043 0 7 0 10119.8 11 0 76.7667
11181 0 6 0 10119.8 94 0 -1061.23
9404 0 8 0 10119.8 9 0 715.767
11630 0 7 0 10119.8 8 0 -1510.23
11046 0 7 0 10119.8 7 0 -926.233
11402 0 8 0 10119.8 8 0 -1282.23
7582 0 6 0 10119.8 82 0 2537.77
10397 0 8 0 10119.8 8 0 -277.233
10658 0 7 0 10119.8 8 0 -538.233
9450 0 7 0 10119.8 8 0 669.767
11507 0 8 0 10119.8 8 0 -1387.23
11370 0 7 0 10119.8 9 0 -1250.23
10788 0 8 0 10119.8 9 0 -668.233
10532 0 7 0 10119.8 7 0 -412.233
10933 0 7 0 10119.8 32 0 -813.233
10033 0 7 0 10119.8 37 0 86.7667
8409 0 7 0 10119.8 20 0 1710.77
10537 0 7 0 10119.8 18 0 -417.233
11055 0 6 0 10119.8 80 0 -935.233
11314 0 8 0 10119.8 8 0 -1194.23
11394 0 7 0 10119.8 8 0 -1274.23
10907 0 8 0 10119.8 8 0 -787.233
11031 0 6 0 10119.8 46 0 -911.233
10693 0 8 0 10119.8 8 0 -573.233
10853 0 7 0 10119.8 9 0 -733.233
10206 0 9 0 10119.8 27 0 -86.2333
10962 0 7 0 10119.8 25 0 -842.233
11172 0 7 0 10119.8 8 0 -1052.23
10603 0 7 0 10119.8 19 0 -483.233
8963 0 7 0 10119.8 22 0 1156.77
11630 0 8 0 10119.8 8 0 -1510.23
10330 0 7 0 10119.8 48 0 -210.233
9878 0 7 0 10119.8 8 0 241.767
9795 0 7 0 10119.8 15 0 324.767
10580 0 8 0 10119.8 28 0 -460.233
10943 0 6 0 10119.8 117 0 -823.233
10593 0 6 0 10119.8 110 0 -473.233
10887 0 7 0 10119.8 11 0 -767.233
11759 0 7 0 10119.8 10 0 -1639.23
10827 0 7 0 10119.8 28 0 -707.233
10226 0 8 0 10119.8 9 0 -106.233
10450 0 7 0 10119.8 7 0 -330.233
10650 0 8 0 10119.8 8 0 -530.233
10358 0 7 0 10119.8 8 0 -238.233
10199 0 8 0 10119.8 22 0 -79.2333
11123 0 7 0 10119.8 23 0 -1003.23
8471 0 7 0 10119.8 27 0 1648.77
9193 0 7 0 10119.8 27 0 926.767
10440 0 7 0 10119.8 25 0 -320.233
10616 0 7 0 10119.8 48 0 -496.233
10807 0 7 0 10119.8 7 0 -687.233
10177 0 8 0 10119.8 20 0 -57.2333
10932 0 7 0 10119.8 29 0 -812.233
11259 0 7 0 10119.8 7 0 -1139.23
11473 0 8 0 10119.8 8 0 -1353.23
11029 0 6 0 10119.8 76 0 -909.233
10648 0 8 0 10119.8 9 0 -528.233
11430 0 6 0 10119.8 62 0 -1310.23
10507 0 6 0 10119.8 129 0 -387.233
10474 0 7 0 10119.8 7 0 -354.233
8545 0 7 0 10119.8 39 0 1574.77
9758 0 8 0 10119.8 8 0 361.767
10372 0 8 0 10119.8 8 0 -252.233
10606 0 8 0 10119.8 17 0 -486.233
9507 0 7 0 10119.8 53 0 612.767
9284 0 7 0 10119.8 65 0 835.767
8506 0 5 0 10119.8 40 0 1613.77
10242 0 8 0 10119.8 9 0 -122.233
10271 0 7 0 10119.8 20 0 -151.233
8702 0 6 0 10119.8 101 0 1417.77
10571 0 8 0 10119.8 9 0 -451.233
10498 0 7 0 10119.8 29 0 -378.233
8698 0 6 0 10119.8 69 0 1421.77
10518 0 8 0 10119.8 8 0 -398.233
11157 0 7 0 10119.8 15 0 -1037.23
11011 0 7 0 10119.8 71 0 -891.233
10573 0 5 0 10119.8 113 0 -453.233
10655 0 8 0 10119.8 8 0 -535.233
9915 0 7 0 10119.8 8 0 204.767
10241 0 8 0 10119.8 24 0 -121.233
10982 0 6 0 10119.8 62 0 -862.233
11599 0 8 0 10119.8 10 0 -1479.23
11413 0 7 0 10119.8 8 0 -1293.23
11199 0 8 0 10119.8 9 0 -1079.23
11408 0 7 0 10119.8 7 0 -1288.23
9375 0 8 0 10119.8 8 0 744.767
9933 0 8 0 10119.8 9 0 186.767
10722 0 7 0 10119.8 34 0 -602.233
9190 0 6 0 10119.8 116 0 929.767
11248 0 6 0 10119.8 50 0 -1128.23
10405 0 8 0 10119.8 9 0 -285.233
10882 0 7 0 10119.8 28 0 -762.233
11056 0 7 0 10119.8 8 0 -936.233
10569 0 8 0 10119.8 8 0 -449.233
9653 0 7 0 10119.8 12 0 466.767
9566 0 7 0 10119.8 48 0 553.767
10503 0 6 0 10119.8 42 0 -383.233
10814 0 8 0 10119.8 9 0 -694.233
11386 0 7 0 10119.8 8 0 -1266.23
11097 0 8 0 10119.8 14 0 -977.233
11562 0 7 0 10119.8 30 0 -1442.23
8111 0 6 0 10119.8 14 0 2008.77
10471 0 8 0 10119.8 8 0 -351.233
10775 0 7 0 10119.8 35 0 -655.233
10214 0 7 0 10119.8 8 0 -94.2333
10514 0 8 0 10119.8 8 0 -394.233
10591 0 7 0 10119.8 8 0 -471.233
7898 0 6 0 10119.8 23 0 2221.77
11217 0 8 0 10119.8 9 0 -1097.23
10868 0 7 0 10119.8 8 0 -748.233
10436 0 8 0 10119.8 9 0 -316.233
9726 0 7 0 10119.8 8 0 393.767
10790 0 7 0 10119.8 49 0 -670.233
10663 0 7 0 10119.8 7 0 -543.233
10181 0 8 0 10119.8 9 0 -61.2333
10155 0 7 0 10119.8 8 0 -35.2333
7773 0 7 0 10119.8 69 0 2346.77
11758 0 7 0 10119.8 27 0 -1638.23
10897 0 7 0 10119.8 28 0 -777.233
10653 0 6 0 10119.8 91 0 -533.233
10190 0 8 0 10119.8 10 0 -70.2333
11160 0 7 0 10119.8 8 0 -1040.23
10117 0 8 0 10119.8 8 0 2.76667
8869 0 6 0 10119.8 14 0 1250.77
10726 0 8 0 10119.8 9 0 -606.233
10615 0 7 0 10119.8 7 0 -495.233
11005 0 8 0 10119.8 21 0 -885.233
11144 0 7 0 10119.8 14 0 -1024.23
11186 0 7 0 10119.8 7 0 -1066.23
11482 0 8 0 10119.8 15 0 -1362.23
9221 0 5 0 10119.8 97 0 898.767
10166 0 5 0 10119.8 129 0 -46.2333
10511 0 5 0 10119.8 203 0 -391.233
11533 0 5 0 10119.8 121 0 -1413.23
10826 0 5 0 10119.8 200 0 -706.233
10974 0 6 0 10119.8 127 0 -854.233
10792 0 5 0 10119.8 137 0 -672.233
10926 0 6 0 10119.8 158 0 -806.233
10128 0 5 0 10119.8 172 0 -8.23333
10769 0 5 0 10119.8 172 0 -649.233
10500 0 5 0 10119.8 125 0 -380.233
10967 0 6 0 10119.8 148 0 -847.233
11068 0 5 0 10119.8 159 0 -948.233
10316 0 5 0 10119.8 161 0 -196.233
11855 0 6 0 10119.8 151 0 -1735.23
11772 0 5 0 10119.8 181 0 -1652.23
8115 0 5 0 10119.8 130 0 2004.77
9843 0 5 0 10119.8 149 0 276.767
9953 0 5 0 10119.8 140 0 166.767
10995 0 5 0 10119.8 127 0 -875.233
9142 0 6 0 10119.8 151 0 977.767
11266 0 5 0 10119.8 170 0 -1146.23
11172 0 5 0 10119.8 156 0 -1052.23
11669 0 6 0 10119.8 156 0 -1549.23
10984 0 5 0 10119.8 138 0 -864.233
10161 0 5 0 10119.8 138 0 -41.2333
10772 0 6 0 10119.8 165 0 -652.233
10938 0 5 0 10119.8 177 0 -818.233
9234 0 5 0 10119.8 128 0 885.767
9983 0 5 0 10119.8 162 0 136.767
10921 0 5 0 10119.8 159 0 -801.233
8835 0 4 0 10119.8 194 0 1284.77
10990 0 6 0 10119.8 118 0 -870.233
10505 0 6 0 10119.8 142 0 -385.233
8619 0 4 0 10119.8 24 0 1500.77
11392 0 5 0 10119.8 7 0 -1272.23
10638 0 6 0 10119.8 9 0 -518.233
10566 0 5 0 10119.8 9 0 -446.233
10615 0 4 0 10119.8 11 0 -495.233
11491 0 5 0 10119.8 8 0 -1371.23
10825 0 6 0 10119.8 8 0 -705.233
11044 0 5 0 10119.8 7 0 -924.233
10507 0 5 0 10119.8 10 0 -387.233
10673 0 6 0 10119.8 8 0 -553.233
10742 0 5 0 10119.8 7 0 -622.233
10348 0 5 0 10119.8 11 0 -228.233
11435 0 5 0 10119.8 9 0 -1315.23
11233 0 5 0 10119.8 9 0 -1113.23
6965 0 4 0 10119.8 7 0 3154.77
10278 0 5 0 10119.8 8 0 -158.233
10716 0 5 0 10119.8 9 0 -596.233
11193 0 5 0 10119.8 8 0 -1073.23
10131 0 6 0 10119.8 6 0 -11.2333
10511 0 5 0 10119.8 11 0 -391.233
10269 0 4 0 10119.8 12 0 -149.233
11105 0 5 0 10119.8 7 0 -985.233
10876 0 6 0 10119.8 8 0 -756.233
7658 0 4 0 10119.8 7 0 2461.77
11350 0 5 0 10119.8 9 0 -1230.23
11036 0 5 0 10119.8 10 0 -916.233
10223 0 5 0 10119.8 7 0 -103.233
8046 0 4 0 10119.8 10 0 2073.77
10193 0 5 0 10119.8 9 0 -73.2333
8190 0 4 0 10119.8 7 0 1929.77
11248 0 5 0 10119.8 8 0 -1128.23
8126 0 5 0 10119.8 8 0 1993.77
10262 0 5 0 10119.8 9 0 -142.233
9858 0 5 0 10119.8 9 0 261.767
10442 0 5 0 10119.8 9 0 -322.233
10517 0 5 0 10119.8 9 0 -397.233
8312 0 3 0 10119.8 9 0 1807.77
10392 0 5 0 10119.8 8 0 -272.233
10722 0 6 0 10119.8 8 0 -602.233
10285 0 6 0 10119.8 7 0 -165.233
11449 0 5 0 10119.8 9 0 -1329.23
12069 0 5 0 10119.8 8 0 -1949.23
10228 0 5 0 10119.8 9 0 -108.233
9174 0 6 0 10119.8 7 0 945.767
8370 0 4 0 10119.8 8 0 1749.77
11384 0 5 0 10119.8 9 0 -1264.23
7999 0 5 0 10119.8 6 0 2120.77
9991 0 5 0 10119.8 8 0 128.767
10307 0 4 0 10119.8 10 0 -187.233
11100 0 6 0 10119.8 8 0 -980.233
10716 0 5 0 10119.8 9 0 -596.233
10570 0 5 0 10119.8 8 0 -450.233
10701 0 5 0 10119.8 9 0 -581.233
7520 0 4 0 10119.8 13 0 2599.77
10011 0 5 0 10119.8 9 0 108.767
10806 0 5 0 10119.8 8 0 -686.233
10916 0 6 0 10119.8 8 0 -796.233
11525 0 5 0 10119.8 8 0 -1405.23
11184 0 5 0 10119.8 8 0 -1064.23
10767 0 6 0 10119.8 7 0 -647.233
9028 0 4 0 10119.8 3 0 1091.77
10181 0 5 0 10119.8 26 0 -61.2333
10420 0 5 0 10119.8 141 0 -300.233
11297 0 5 0 10119.8 173 0 -1177.23
10670 0 6 0 10119.8 186 0 -550.233
10958 0 5 0 10119.8 177 0 -838.233
10687 0 5 0 10119.8 107 0 -567.233
10509 0 6 0 10119.8 163 0 -389.233
10716 0 5 0 10119.8 171 0 -596.233
10325 0 5 0 10119.8 116 0 -205.233
9969 0 6 0 10119.8 139 0 150.767
9878 0 5 0 10119.8 108 0 241.767
10724 0 6 0 10119.8 180 0 -604.233
10741 0 4 0 10119.8 212 0 -621.233
7766 0 5 0 10119.8 86 0 2353.77
10456 0 5 0 10119.8 150 0 -336.233
10949 0 5 0 10119.8 206 0 -829.233
9111 0 4 0 10119.8 425 0 1008.77
10134 0 6 0 10119.8 147 0 -14.2333
10869 0 5 0 10119.8 129 0 -749.233
10320 0 6 0 10119.8 145 0 -200.233
10776 0 5 0 10119.8 178 0 -656.233
10666 0 5 0 10119.8 131 0 -546.233
11116 0 6 0 10119.8 136 0 -996.233
11254 0 5 0 10119.8 169 0 -1134.23
10687 0 6 0 10119.8 125 0 -567.233
9351 0 5 0 10119.8 188 0 768.767
9926 0 6 0 10119.8 105 0 193.767
10841 0 4 0 10119.8 202 0 -721.233
11135 0 6 0 10119.8 113 0 -1015.23
10805 0 5 0 10119.8 158 0 -685.233
7718 0 5 0 10119.8 64 0 2401.77
11143 0 5 0 10119.8 203 0 -1023.23
11080 0 6 0 10119.8 98 0 -960.233
9625 0 5 0 10119.8 142 0 494.767
10045 0 5 0 10119.8 146 0 74.7667
10259 0 6 0 10119.8 127 0 -139.233
10187 0 5 0 10119.8 135 0 -67.2333
10262 0 5 0 10119.8 177 0 -142.233
10637 0 5 0 10119.8 170 0 -517.233
11179 0 6 0 10119.8 138 0 -1059.23
7872 0 5 0 10119.8 112 0 2247.77
10639 0 4 0 10119.8 228 0 -519.233
10475 0 5 0 10119.8 178 0 -355.233
9623 0 5 0 10119.8 169 0 496.767
9456 0 6 0 10119.8 96 0 663.767
6676 0 3 0 10119.8 140 0 3443.77
11340 0 5 0 10119.8 194 0 -1220.23
10517 0 6 0 10119.8 183 0 -397.233
10934 0 5 0 10119.8 168 0 -814.233
10164 0 5 0 10119.8 159 0 -44.2333
10140 0 6 0 10119.8 128 0 -20.2333
10808 0 5 0 10119.8 184 0 -688.233
10848 0 6 0 10119.8 105 0 -728.233
10395 0 5 0 10119.8 164 0 -275.233
11001 0 4 0 10119.8 187 0 -881.233
10714 0 6 0 10119.8 170 0 -594.233
11089 0 5 0 10119.8 167 0 -969.233
7549 0 4 0 10119.8 176 0 2570.77
9362 0 6 0 10119.8 105 0 757.767
10715 0 5 0 10119.8 168 0 -595.233
10631 0 5 0 10119.8 173 0 -511.233
9666 0 5 0 10119.8 125 0 453.767
10782 0 6 0 10119.8 135 0 -662.233
11645 0 4 0 10119.8 221 0 -1525.23
10699 0 5 0 10119.8 175 0 -579.233
9652 0 5 0 10119.8 135 0 467.767
9887 0 6 0 10119.8 160 0 232.767
10876 0 5 0 10119.8 182 0 -756.233
10414 0 5 0 10119.8 121 0 -294.233
10271 0 6 0 10119.8 99 0 -151.233
10516 0 5 0 10119.8 147 0 -396.233
9671 0 6 0 10119.8 185 0 448.767
10677 0 5 0 10119.8 173 0 -557.233
10969 0 4 0 10119.8 238 0 -849.233
9817 0 5 0 10119.8 149 0 302.767
10739 0 6 0 10119.8 131 0 -619.233
10486 0 5 0 10119.8 142 0 -366.233
10227 0 5 0 10119.8 147 0 -107.233
10976 0 6 0 10119.8 135 0 -856.233
11583 0 5 0 10119.8 194 0 -1463.23
10421 0 6 0 10119.8 128 0 -301.233
10524 0 5 0 10119.8 143 0 -404.233
10578 0 6 0 10119.8 143 0 -458.233
9252 0 4 0 10119.8 219 0 867.767
8051 0 5 0 10119.8 96 0 2068.77
9311 0 4 0 10119.8 217 0 808.767
7882 0 3 0 10119.8 221 0 2237.77
11689 0 2 0 10119.8 360 0 -1569.23
10980 0 3 0 10119.8 359 0 -860.233
11343 0 2 0 10119.8 363 0 -1223.23
11196 0 2 0 10119.8 418 0 -1076.23
11113 0 3 0 10119.8 326 0 -993.233
7905 0 2 0 10119.8 204 0 2214.77
9173 0 2 0 10119.8 375 0 946.767
10180 0 3 0 10119.8 299 0 -60.2333
11462 0 2 0 10119.8 391 0 -1342.23
10923 0 2 0 10119.8 374 0 -803.233
10820 0 4 0 10119.8 248 0 -700.233
10722 0 2 0 10119.8 370 0 -602.233
11538 0 2 0 10119.8 405 0 -1418.23
10498 0 3 0 10119.8 303 0 -378.233
10079 0 2 0 10119.8 334 0 40.7667
10624 0 2 0 10119.8 320 0 -504.233
9988 0 3 0 10119.8 350 0 131.767
10716 0 2 0 10119.8 349 0 -596.233
10850 0 3 0 10119.8 311 0 -730.233
9645 0 3 0 10119.8 266 0 474.767
10328 0 1 0 10119.8 388 0 -208.233
11217 0 4 0 10119.8 303 0 -1097.23
10841 0 1 0 10119.8 416 0 -721.233
11055 0 3 0 10119.8 367 0 -935.233
10911 0 3 0 10119.8 294 0 -791.233
9870 0 2 0 10119.8 347 0 249.767
10530 0 3 0 10119.8 309 0 -410.233
10951 0 3 0 10119.8 299 0 -831.233
11305 0 2 0 10119.8 399 0 -1185.23
10821 0 2 0 10119.8 375 0 -701.233
10418 0 3 0 10119.8 292 0 -298.233
11005 0 2 0 10119.8 334 0 -885.233
11426 0 3 0 10119.8 380 0 -1306.23
10331 0 2 0 10119.8 286 0 -211.233
10163 0 3 0 10119.8 339 0 -43.2333
10606 0 2 0 10119.8 359 0 -486.233
11008 0 3 0 10119.8 322 0 -888.233
10074 0 3 0 10119.8 307 0 45.7667
10219 0 3 0 10119.8 338 0 -99.2333
11053 0 2 0 10119.8 447 0 -933.233
11043 0 3 0 10119.8 308 0 -923.233
10125 0 2 0 10119.8 327 0 -5.23333
10473 0 2 0 10119.8 369 0 -353.233
11068 0 4 0 10119.8 295 0 -948.233
11436 0 2 0 10119.8 397 0 -1316.23
10384 0 2 0 10119.8 360 0 -264.233
10496 0 4 0 10119.8 230 0 -376.233
10212 0 2 0 10119.8 353 0 -92.2333
10601 0 2 0 10119.8 375 0 -481.233
10935 0 4 0 10119.8 221 0 -815.233
10543 0 1 0 10119.8 374 0 -423.233
10414 0 3 0 10119.8 356 0 -294.233
11418 0 3 0 10119.8 261 0 -1298.23
10680 0 3 0 10119.8 335 0 -560.233
9421 0 2 0 10119.8 332 0 698.767
10105 0 3 0 10119.8 296 0 14.7667
10361 0 3 0 10119.8 322 0 -241.233
7665 0 2 0 10119.8 427 0 2454.77
10580 0 3 0 10119.8 297 0 -460.233
10280 0 2 0 10119.8 327 0 -160.233
9323 0 3 0 10119.8 303 0 796.767
11255 0 2 0 10119.8 328 0 -1135.23
11919 0 2 0 10119.8 434 0 -1799.23
11025 0 4 0 10119.8 285 0 -905.233
11025 0 3 0 10119.8 303 0 -905.233
9987 0 2 0 10119.8 350 0 132.767
10533 0 3 0 10119.8 301 0 -413.233
10950 0 3 0 10119.8 295 0 -830.233
11375 0 2 0 10119.8 346 0 -1255.23
8941 0 3 0 10119.8 354 0 1178.77
11358 0 2 0 10119.8 370 0 -1238.23
11494 0 4 0 10119.8 249 0 -1374.23
11229 0 2 0 10119.8 391 0 -1109.23
10664 0 2 0 10119.8 340 0 -544.233
8007 0 3 0 10119.8 350 0 2112.77
10159 0 3 0 10119.8 287 0 -39.2333
10585 0 2 0 10119.8 369 0 -465.233
10739 0 3 0 10119.8 319 0 -619.233
11225 0 3 0 10119.8 325 0 -1105.23
11473 0 3 0 10119.8 300 0 -1353.23
10889 0 2 0 10119.8 373 0 -769.233
10148 0 3 0 10119.8 218 0 -28.2333
10114 0 3 0 10119.8 261 0 5.76667
10606 0 3 0 10119.8 301 0 -486.233
11179 0 2 0 10119.8 293 0 -1059.23
8254 0 3 0 10119.8 263 0 1865.77
11003 0 3 0 10119.8 281 0 -883.233
11305 0 3 0 10119.8 349 0 -1185.23
10336 0 3 0 10119.8 281 0 -216.233
10715 0 3 0 10119.8 315 0 -595.233
10575 0 2 0 10119.8 319 0 -455.233
11246 0 3 0 10119.8 365 0 -1126.23
10813 0 3 0 10119.8 314 0 -693.233
9448 0 3 0 10119.8 264 0 671.767
11042 0 3 0 10119.8 318 0 -922.233
8191 0 2 0 10119.8 357 0 1928.77
10984 0 3 0 10119.8 324 0 -864.233
10282 0 2 0 10119.8 349 0 -162.233
10648 0 4 0 10119.8 269 0 -528.233
11021 0 3 0 10119.8 289 0 -901.233
10936 0 3 0 10119.8 318 0 -816.233
7853 0 2 0 10119.8 198 0 2266.77
10679 0 3 0 10119.8 382 0 -559.233
11160 0 2 0 10119.8 350 0 -1040.23
11372 0 4 0 10119.8 266 0 -1252.23
11133 0 3 0 10119.8 316 0 -1013.23
9564 0 2 0 10119.8 290 0 555.767
10801 0 3 0 10119.8 369 0 -681.233
10585 0 3 0 10119.8 310 0 -465.233
10894 0 4 0 10119.8 240 0 -774.233
10783 0 2 0 10119.8 377 0 -663.233
11341 0 3 0 10119.8 323 0 -1221.23
11191 0 3 0 10119.8 337 0 -1071.23
10890 0 3 0 10119.8 267 0 -770.233
10495 0 4 1 10119.8 283 0 0
10353 0 0 0 10119.8 556 0 0
10375 0 0 0 10119.8 550 0 0
7344 0 0 0 10119.8 408 0 0
9694 0 0 0 10119.8 561 0 0
10315 0 0 0 10119.8 562 0 0
8571 0 0 0 10119.8 463 0 0
10688 0 0 0 10119.8 587 0 0
8704 0 0 0 10119.8 523 0 0
8617 0 0 0 10119.8 484 0 0
10382 0 0 0 10119.8 585 0 0
8172 0 0 0 10119.8 455 0 0
9928 0 0 0 10119.8 539 0 0
9838 0 0 0 10119.8 533 0 0
10223 0 0 0 10119.8 556 0 0
10038 0 0 0 10119.8 533 0 0
7914 0 0 0 10119.8 485 0 0
10883 0 0 0 10119.8 579 0 0
11105 0 0 0 10119.8 600 0 0
9518 0 0 0 10119.8 507 0 0
7583 0 0 0 10119.8 400 0 0
10055 0 0 0 10119.8 542 0 0
9654 0 0 0 10119.8 556 0 0
9340 0 0 0 10119.8 528 0 0
9659 0 0 0 10119.8 544 0 0
10727 0 0 0 10119.8 587 0 0
10836 0 0 0 10119.8 588 0 0
10286 0 0 0 10119.8 544 0 0
7767 0 0 0 10119.8 453 0 0
9820 0 0 0 10119.8 530 0 0
8332 0 0 0 10119.8 457 0 0
9340 0 0 0 10119.8 499 0 0
8088 0 0 0 10119.8 459 0 0
11165 0 0 0 10119.8 587 0 0
8029 0 0 0 10119.8 455 0 0
10870 0 0 0 10119.8 589 0 0
7577 0 0 0 10119.8 497 0 0
10629 0 0 0 10119.8 564 0 0
8429 0 0 0 10119.8 480 0 0
10027 0 0 0 10119.8 560 0 0
7461 0 0 0 10119.8 442 0 0
10262 0 0 0 10119.8 551 0 0
11291 0 0 0 10119.8 618 0 0
10416 0 0 0 10119.8 567 0 0
8080 0 0 0 10119.8 430 0 0
10291 0 0 0 10119.8 549 0 0
9887 0 0 0 10119.8 555 0 0
9777 0 0 0 10119.8 527 0 0
9915 0 0 0 10119.8 541 0 0
11601 0 0 0 10119.8 629 0 0
10777 0 0 0 10119.8 571 0 0
8317 0 0 0 10119.8 448 0 0
9817 0 0 0 10119.8 546 0 0
10405 0 0 0 10119.8 557 0 0
9993 0 0 0 10119.8 536 0 0
10367 0 0 0 10119.8 552 0 0
9308 0 0 0 10119.8 494 0 0
10491 0 0 0 10119.8 559 0 0
10996 0 0 0 10119.8 598 0 0
10827 0 0 0 10119.8 581 0 0
11110 0 0 0 10119.8 604 0 0
11601 0 0 0 10119.8 632 0 0
11080 0 0 0 10119.8 617 0 0
11551 0 0 0 10119.8 638 0 0
8905 0 0 0 10119.8 486 0 0
11239 0 0 0 10119.8 629 0 0
9884 0 0 0 10119.8 576 0 0
11114 0 0 0 10119.8 584 0 0
10721 0 0 0 10119.8 600 0 0
11522 0 0 0 10119.8 612 0 0
10483 0 0 0 10119.8 571 0 0
10544 0 0 0 10119.8 583 0 0
10099 0 0 0 10119.8 562 0 0
11651 0 0 0 10119.8 638 0 0
10522 0 0 0 10119.8 576 0 0
10785 0 0 0 10119.8 564 0 0
11070 0 0 0 10119.8 601 0 0
11488 0 0 0 10119.8 602 0 0
11039 0 0 0 10119.8 576 0 0
10683 0 0 0 10119.8 579 0 0
11363 0 0 0 10119.8 610 0 0
11673 0 0 0 10119.8 641 0 0
9668 0 0 0 10119.8 544 0 0
10477 0 0 0 10119.8 563 0 0
11440 0 0 0 10119.8 630 0 0
9403 0 0 0 10119.8 507 0 0
10727 0 0 0 10119.8 566 0 0
11042 0 0 0 10119.8 588 0 0
11358 0 0 0 10119.8 614 0 0
11539 0 0 0 10119.8 615 0 0
10476 0 0 0 10119.8 572 0 0
10763 0 0 0 10119.8 574 0 0
10815 0 0 0 10119.8 584 0 0
11771 0 0 0 10119.8 618 0 0
10975 0 0 0 10119.8 582 0 0
10999 0 0 0 10119.8 581 0 0
11553 0 0 0 10119.8 625 0 0
11596 0 0 0 10119.8 637 0 0
10225 0 0 0 10119.8 584 0 0
8443 0 0 0 10119.8 462 0 0
9624 0 0 0 10119.8 528 0 0
10095 0 0 0 10119.8 537 0 0
9094 0 0 0 10119.8 505 0 0
10833 0 0 0 10119.8 584 0 0
11120 0 0 0 10119.8 599 0 0
11700 0 0 0 10119.8 654 0 0
10322 0 0 0 10119.8 570 0 0
10675 0 0 0 10119.8 584 0 0
10428 0 0 0 10119.8 570 0 0
11648 0 0 0 10119.8 630 0 0
10607 0 0 0 10119.8 580 0 0
11511 0 0 0 10119.8 609 0 0
11144 0 0 0 10119.8 598 0 0
12290 0 0 0 10119.8 669 0 0
11194 0 0 0 10119.8 619 0 0
8665 0 0 0 10119.8 480 0 0
11540 0 0 0 10119.8 628 0 0
11845 0 0 0 10119.8 649 0 0
10983 0 0 0 10119.8 580 0 0
11198 0 0 0 10119.8 616 0 0
11049 0 0 0 10119.8 608 0 0
11315 0 0 0 10119.8 615 0 0
10814 0 0 0 10119.8 584 0 0
11200 0 0 0 10119.8 612 0 0
10909 0 0 0 10119.8 582 0 0
11927 0 0 0 10119.8 646 0 0
10932 0 0 0 10119.8 594 0 0
10185 0 0 0 10119.8 559 0 0
11011 0 0 0 10119.8 617 0 0
11688 0 0 0 10119.8 644 0 0
10552 0 0 0 10119.8 568 0 0
8266 0 0 0 10119.8 460 0 0
10691 0 0 0 10119.8 582 0 0
11257 0 0 0 10119.8 612 0 0
9998 0 0 0 10119.8 537 0 0
10915 0 0 0 10119.8 593 0 0
10720 0 0 0 10119.8 621 0 0
11447 0 0 0 10119.8 617 0 0
9197 0 0 0 10119.8 483 0 0
10633 0 0 0 10119.8 561 0 0
8323 0 0 0 10119.8 454 0 0
11379 0 0 0 10119.8 620 0 0
10069 0 0 0 10119.8 559 0 0
10833 0 0 0 10119.8 593 0 0
11039 0 0 0 10119.8 596 0 0
10608 0 0 0 10119.8 580 0 0
9907 0 0 0 10119.8 530 0 0
10999 0 0 0 10119.8 589 0 0
8779 0 0 0 10119.8 476 0 0
11488 0 0 0 10119.8 613 0 0
10461 0 0 0 10119.8 566 0 0
10793 0 0 0 10119.8 584 0 0
10437 0 0 0 10119.8 577 0 0
11218 0 0 0 10119.8 647 0 0
10281 0 0 0 10119.8 547 0 0
10786 0 0 0 10119.8 578 0 0
11441 0 0 0 10119.8 613 0 0
11478 0 0 0 10119.8 602 0 0
9423 0 0 0 10119.8 537 0 0
10868 0 0 0 10119.8 588 0 0
11091 0 0 0 10119.8 598 0 0
11697 0 0 0 10119.8 625 0 0
11445 0 0 0 10119.8 620 0 0
10373 0 0 0 10119.8 554 0 0
10821 0 0 0 10119.8 572 0 0
11243 0 0 0 10119.8 597 0 0
8594 0 0 0 10119.8 494 0 0
11068 0 0 0 10119.8 586 0 0
10914 0 0 0 10119.8 623 0 0
10256 0 0 0 10119.8 559 0 0
10685 0 0 0 10119.8 572 0 0
10471 0 0 0 10119.8 590 0 0
10651 0 0 0 10119.8 588 0 0
11260 0 0 0 10119.8 600 0 0
10466 0 0 0 10119.8 556 0 0
11097 0 0 0 10119.8 589 0 0
10211 0 0 0 10119.8 546 0 0
10704 0 0 0 10119.8 570 0 0
10623 0 0 0 10119.8 574 0 0
10854 0 0 0 10119.8 600 0 0
11619 0 0 0 10119.8 629 0 0
11655 0 0 0 10119.8 614 0 0
11000 0 0 0 10119.8 583 0 0
8203 0 0 0 10119.8 457 0 0
8035 0 0 0 10119.8 447 0 0
10727 0 0 0 10119.8 575 0 0
8786 0 0 0 10119.8 515 0 0
9961 0 0 0 10119.8 540 0 0
7478 0 0 0 10119.8 404 0 0
11143 0 0 0 10119.8 622 0 0
10902 0 0 0 10119.8 629 0 0
10686 0 0 0 10119.8 578 0 0
11436 0 0 0 10119.8 606 0 0
9443 0 0 0 10119.8 512 0 0
10868 0 0 0 10119.8 580 0 0
10944 0 0 0 10119.8 599 0 0
11390 0 0 0 10119.8 611 0 0
9117 0 0 0 10119.8 512 0 0
10672 0 0 0 10119.8 575 0 0
10788 0 0 0 10119.8 570 0 0
11427 0 0 0 10119.8 595 0 0
11902 0 0 0 10119.8 637 0 0
11173 0 0 0 10119.8 598 0 0
11076 0 0 0 10119.8 595 0 0
12004 0 0 0 10119.8 645 0 0
10774 0 0 0 10119.8 596 0 0
9715 0 0 0 10119.8 516 0 0
10152 0 0 0 10119.8 548 0 0
11455 0 0 0 10119.8 602 0 0
11913 0 0 0 10119.8 630 0 0
10945 0 0 0 10119.8 588 0 0
7505 0 0 0 10119.8 423 0 0
10729 0 0 0 10119.8 601 0 0
10648 0 0 0 10119.8 581 0 0
10780 0 0 0 10119.8 590 0 0
7501 0 0 0 10119.8 421 0 0
11289 0 0 0 10119.8 632 0 0
11401 0 0 0 10119.8 600 0 0
10618 0 0 0 10119.8 558 0 0
11043 0 0 0 10119.8 576 0 0
11022 0 0 0 10119.8 603 0 0
10939 0 0 0 10119.8 586 0 0
10804 0 0 0 10119.8 581 0 0
10457 0 0 0 10119.8 563 0 0
11134 0 0 0 10119.8 612 0 0
11457 0 0 0 10119.8 599 0 0
10558 0 0 0 10119.8 563 0 0
10889 0 0 0 10119.8 583 0 0
11343 0 0 0 10119.8 607 0 0
9689 0 0 0 10119.8 594 0 0
8959 0 0 0 10119.8 518 0 0
10136 0 0 0 10119.8 566 0 0
11462 0 0 0 10119.8 651 0 0
11219 0 0 0 10119.8 604 0 0
11015 0 0 0 10119.8 585 0 0
11916 0 0 0 10119.8 636 0 0
11627 0 0 0 10119.8 612 0 0
10636 0 0 0 10119.8 595 0 0
10540 0 0 0 10119.8 575 0 0
10447 0 0 0 10119.8 558 0 0
11906 0 0 0 10119.8 638 0 0
10449 0 0 0 10119.8 556 0 0
10525 0 0 0 10119.8 548 0 0
10898 0 0 0 10119.8 571 0 0
11565 0 0 0 10119.8 600 0 0
10932 0 0 0 10119.8 571 0 0
8342 0 0 0 10119.8 462 0 0
9828 0 0 0 10119.8 526 0 0
11060 0 0 0 10119.8 602 0 0
10649 0 0 0 10119.8 577 0 0
8512 0 0 0 10119.8 485 0 0
11311 0 0 0 10119.8 611 0 0
11879 0 0 0 10119.8 630 0 0
11940 0 0 0 10119.8 632 0 0
11326 0 0 0 10119.8 596 0 0
10844 0 0 0 10119.8 586 0 0
11520 0 0 0 10119.8 616 0 0
11268 0 0 0 10119.8 609 0 0
10584 0 0 0 10119.8 605 0 0
10772 0 0 0 10119.8 590 0 0
11813 0 0 0 10119.8 621 0 0
11004 0 0 0 10119.8 586 0 0
8837 0 0 0 10119.8 472 0 0
10353 0 0 0 10119.8 546 0 0
7769 0 0 0 10119.8 443 0 0
10134 0 0 0 10119.8 548 0 0
8560 0 0 0 10119.8 524 0 0
9058 0 0 0 10119.8 537 0 0
9624 0 0 0 10119.8 540 0 0
11042 0 0 0 10119.8 587 0 0
11392 0 0 0 10119.8 598 0 0
11327 0 0 0 10119.8 600 0 0
8379 0 0 0 10119.8 449 0 0
9976 0 0 0 10119.8 526 0 0
10328 0 0 0 10119.8 572 0 0
10724 0 0 0 10119.8 606 0 0
8555 0 0 0 10119.8 492 0 0
10387 0 0 0 10119.8 553 0 0
10594 0 0 0 10119.8 559 0 0
11114 0 0 0 10119.8 581 0 0
11674 0 0 0 10119.8 645 0 0
10264 0 0 0 10119.8 545 0 0
8373 0 0 0 10119.8 487 0 0
10137 0 0 0 10119.8 547 0 0
10602 0 0 0 10119.8 601 0 0
10715 0 0 0 10119.8 592 0 0
10499 0 0 0 10119.8 573 0 0
11207 0 0 0 10119.8 596 0 0
12003 0 0 0 10119.8 640 0 0
10935 0 0 0 10119.8 578 0 0
10471 0 0 0 10119.8 568 0 0
10325 0 0 0 10119.8 557 0 0
11295 0 0 0 10119.8 610 0 0
7119 0 0 0 10119.8 420 0 0
10073 0 0 0 10119.8 548 0 0
11073 0 0 0 10119.8 579 0 0
7066 0 0 0 10119.8 396 0 0
10606 0 0 0 10119.8 575 0 0
10495 0 0 0 10119.8 561 0 0
8123 0 0 0 10119.8 450 0 0
11360 0 0 0 10119.8 621 0 0
10987 0 0 0 10119.8 610 0 0
10618 0 0 0 10119.8 602 0 0
10943 0 0 0 10119.8 609 0 0
11612 0 0 0 10119.8 610 0 0
10438 0 0 0 10119.8 550 0 0
11037 0 0 0 10119.8 583 0 0
8042 0 0 0 10119.8 453 0 0
11542 0 0 0 10119.8 636 0 0
10766 0 0 0 10119.8 580 0 0
11676 0 0 0 10119.8 632 0 0
11240 0 0 0 10119.8 596 0 0
11631 0 0 0 10119.8 610 0 0
10398 0 0 0 10119.8 546 0 0
11706 0 0 0 10119.8 623 0 0
11242 0 0 0 10119.8 594 0 0
11410 0 0 0 10119.8 617 0 0
10552 0 0 0 10119.8 564 0 0
10749 0 0 0 10119.8 592 0 0
10881 0 0 0 10119.8 619 0 0
11725 0 0 0 10119.8 649 0 0
10812 0 0 0 10119.8 571 0 0
11434 0 0 0 10119.8 601 0 0
11332 0 0 0 10119.8 602 0 0
11643 0 0 0 10119.8 621 0 0
10769 0 0 0 10119.8 584 0 0
10879 0 0 0 10119.8 587 0 0
10876 0 0 0 10119.8 584 0 0
11677 0 0 0 10119.8 630 0 0
10194 0 0 0 10119.8 545 0 0
11085 0 0 0 10119.8 584 0 0
11103 0 0 0 10119.8 585 0 0
11864 0 0 0 10119.8 626 0 0
10578 0 0 0 10119.8 561 0 0
10739 0 0 0 10119.8 595 0 0
11292 0 0 0 10119.8 605 0 0
10955 0 0 0 10119.8 601 0 0
9923 0 0 0 10119.8 538 0 0
10445 0 0 0 10119.8 584 0 0
8394 0 0 0 10119.8 450 0 0
10586 0 0 0 10119.8 554 0 0
10559 0 0 0 10119.8 562 0 0
10915 0 0 0 10119.8 588 0 0
10935 0 0 0 10119.8 586 0 0
11785 0 0 0 10119.8 628 0 0
10619 0 0 0 10119.8 593 0 0
10941 0 0 0 10119.8 595 0 0
11313 0 0 0 10119.8 611 0 0
12006 0 0 0 10119.8 629 0 0
10855 0 0 0 10119.8 576 0 0
10811 0 0 0 10119.8 576 0 0
11400 0 0 0 10119.8 594 0 0
11685 0 0 0 10119.8 613 0 0
11637 0 0 0 10119.8 632 0 0
11380 0 0 0 10119.8 610 0 0
11147 0 0 0 10119.8 619 0 0
10125 0 0 0 10119.8 559 0 0
9173 0 0 0 10119.8 509 0 0
11340 0 0 0 10119.8 624 0 0
7200 0 0 0 10119.8 388 0 0
11051 0 0 0 10119.8 582 0 0
10664 0 0 0 10119.8 581 0 0
11183 0 0 0 10119.8 590 0 0
11474 0 0 0 10119.8 615 0 0
10917 0 0 0 10119.8 592 0 0
11342 0 0 0 10119.8 611 0 0
10885 0 0 0 10119.8 596 0 0
11542 0 0 0 10119.8 623 0 0
10697 0 0 0 10119.8 567 0 0
10305 0 0 0 10119.8 545 0 0
11840 0 0 0 10119.8 627 0 0
11822 0 0 0 10119.8 640 0 0
10692 0 0 0 10119.8 571 0 0
11400 0 0 0 10119.8 613 0 0
8437 0 0 0 10119.8 459 0 0
11760 0 0 0 10119.8 637 0 0
7614 0 0 0 10119.8 412 0 0
10335 0 0 0 10119.8 566 0 0
11580 0 0 0 10119.8 608 0 0
10917 0 0 0 10119.8 593 0 0
10613 0 0 0 10119.8 572 0 0
10698 0 0 0 10119.8 584 0 0
11551 0 0 0 10119.8 642 0 0
11692 0 0 0 10119.8 633 0 0
10500 0 0 0 10119.8 564 0 0
10477 0 0 0 10119.8 566 0 0
10291 0 0 0 10119.8 551 0 0
11459 0 0 0 10119.8 601 0 0
11069 0 0 0 10119.8 580 0 0
9504 0 0 0 10119.8 498 0 0
11134 0 0 0 10119.8 575 0 0
12401 0 0 0 10119.8 666 0 0
11386 0 0 0 10119.8 630 0 0
10839 0 0 0 10119.8 583 0 0
8434 0 0 0 10119.8 452 0 0
10216 0 0 0 10119.8 553 0 0
11118 0 0 0 10119.8 600 0 0
11072 0 0 0 10119.8 577 0 0
9913 0 0 0 10119.8 556 0 0
11759 0 0 0 10119.8 620 0 0
10835 0 0 0 10119.8 586 0 0
10540 0 0 0 10119.8 142 0 0
10905 0 0 0 10119.8 16 0 0
7294 0 0 0 10119.8 15 0 0
11220 0 0 0 10119.8 25 0 0
10939 0 0 0 10119.8 26 0 0
11181 0 0 0 10119.8 25 0 0
12425 0 0 0 10119.8 26 0 0
11144 0 0 0 10119.8 24 0 0
11095 0 0 0 10119.8 26 0 0
11118 0 0 0 10119.8 25 0 0
11456 0 0 0 10119.8 25 0 0
11158 0 0 0 10119.8 25 0 0
11001 0 0 0 10119.8 26 0 0
7573 0 0 0 10119.8 18 0 0
10769 0 0 0 10119.8 25 0 0
11974 0 0 0 10119.8 25 0 0
11075 0 0 0 10119.8 24 0 0
11120 0 0 0 10119.8 25 0 0
9392 0 0 0 10119.8 18 0 0
10629 0 0 0 10119.8 25 0 0
11146 0 0 0 10119.8 25 0 0
10871 0 0 0 10119.8 24 0 0
10153 0 0 0 10119.8 24 0 0
11449 0 0 0 10119.8 23 0 0
11692 0 0 0 10119.8 26 0 0
11188 0 0 0 10119.8 24 0 0
11828 0 0 0 10119.8 25 0 0
11022 0 0 0 10119.8 25 0 0
11058 0 0 0 10119.8 25 0 0
11200 0 0 0 10119.8 25 0 0
11382 0 0 0 10119.8 26 0 0
10664 0 0 0 10119.8 25 0 0
10952 0 0 0 10119.8 25 0 0
11503 0 0 0 10119.8 25 0 0
9441 0 0 0 10119.8 20 0 0
10747 0 0 0 10119.8 23 0 0
11193 0 0 0 10119.8 25 0 0
11103 0 0 0 10119.8 25 0 0
11994 0 0 0 10119.8 25 0 0
10509 0 0 0 10119.8 25 0 0
11031 0 0 0 10119.8 25 0 0
11329 0 0 0 10119.8 10 0 0
12167 0 0 0 10119.8 174 0 0
11096 0 0 0 10119.8 608 0 0
11287 0 0 0 10119.8 613 0 0
9948 0 0 0 10119.8 541 0 0
10176 0 0 0 10119.8 581 0 0
11029 0 0 0 10119.8 622 0 0
8546 0 0 0 10119.8 469 0 0
11308 0 0 0 10119.8 613 0 0
11689 0 0 0 10119.8 622 0 0
10952 0 0 0 10119.8 572 0 0
11676 0 0 0 10119.8 615 0 0
8178 0 0 0 10119.8 474 0 0
11755 0 0 0 10119.8 647 0 0
11165 0 0 0 10119.8 597 0 0
10062 0 0 0 10119.8 545 0 0
10332 0 0 0 10119.8 549 0 0
11670 0 0 0 10119.8 610 0 0
11064 0 0 0 10119.8 580 0 0
11217 0 0 0 10119.8 593 0 0
10975 0 0 0 10119.8 587 0 0
11737 0 0 0 10119.8 634 0 0
8114 0 0 0 10119.8 526 0 0
10573 0 0 0 10119.8 574 0 0
11019 0 0 0 10119.8 599 0 0
11272 0 0 0 10119.8 596 0 0
10615 0 0 0 10119.8 559 0 0
10669 0 0 0 10119.8 566 0 0
11023 0 0 0 10119.8 593 0 0
11368 0 0 0 10119.8 622 0 0
11001 0 0 0 10119.8 596 0 0
8656 0 0 0 10119.8 497 0 0
11310 0 0 0 10119.8 613 0 0
11453 0 0 0 10119.8 600 0 0
10595 0 0 0 10119.8 550 0 0
11293 0 0 0 10119.8 599 0 0
11227 0 0 0 10119.8 590 0 0
11841 0 0 0 10119.8 642 0 0
10769 0 0 0 10119.8 594 0 0
8192 0 0 0 10119.8 452 0 0
10430 0 0 0 10119.8 558 0 0
11129 0 0 0 10119.8 611 0 0
11565 0 0 0 10119.8 606 0 0
11638 0 0 0 10119.8 611 0 0
10799 0 0 0 10119.8 578 0 0
11883 0 0 0 10119.8 635 0 0
10908 0 0 0 10119.8 585 0 0
10370 0 0 0 10119.8 557 0 0
9952 0 0 0 10119.8 529 0 0
10532 0 0 0 10119.8 584 0 0
10574 0 0 0 10119.8 587 0 0
8564 0 0 0 10119.8 462 0 0
10936 0 0 0 10119.8 593 0 0
11424 0 0 0 10119.8 612 0 0
11029 0 0 0 10119.8 625 0 0
10796 0 0 0 10119.8 572 0 0
10661 0 0 0 10119.8 571 0 0
8445 0 0 0 10119.8 463 0 0
10636 0 0 0 10119.8 572 0 0
10312 0 0 0 10119.8 562 0 0
11090 0 0 0 10119.8 595 0 0
12001 0 0 0 10119.8 634 0 0
10293 0 0 0 10119.8 553 0 0
10541 0 0 0 10119.8 569 0 0
11316 0 0 0 10119.8 609 0 0
11185 0 0 0 10119.8 594 0 0
11330 0 0 0 10119.8 628 0 0
10586 0 0 0 10119.8 569 0 0
8827 0 0 0 10119.8 520 0 0
11966 0 0 0 10119.8 624 0 0
10278 0 0 0 10119.8 541 0 0
10575 0 0 0 10119.8 595 0 0
10970 0 0 0 10119.8 607 0 0
7590 0 0 0 10119.8 419 0 0
9751 0 0 0 10119.8 522 0 0
10037 0 0 0 10119.8 541 0 0
11345 0 0 0 10119.8 634 0 0
11622 0 0 0 10119.8 613 0 0
11134 0 0 0 10119.8 583 0 0
10801 0 0 0 10119.8 586 0 0
10679 0 0 0 10119.8 582 0 0
11349 0 0 0 10119.8 629 0 0
9921 0 0 0 10119.8 527 0 0
10593 0 0 0 10119.8 577 0 0
11043 0 0 0 10119.8 574 0 0
11909 0 0 0 10119.8 624 0 0
7738 0 0 0 10119.8 429 0 0
10913 0 0 0 10119.8 574 0 0
10788 0 0 0 10119.8 591 0 0
11082 0 0 0 10119.8 598 0 0
9928 0 0 0 10119.8 539 0 0
9613 0 0 0 10119.8 535 0 0
7029 0 0 0 10119.8 388 0 0
11242 0 0 0 10119.8 619 0 0
11125 0 0 0 10119.8 610 0 0
10656 0 0 0 10119.8 591 0 0
10054 0 0 0 10119.8 535 0 0
10340 0 0 0 10119.8 583 0 0
10367 0 0 0 10119.8 569 0 0
9661 0 0 0 10119.8 521 0 0
9676 0 0 0 10119.8 520 0 0
10867 0 0 0 10119.8 579 0 0
10940 0 0 0 10119.8 600 0 0
10697 0 0 0 10119.8 590 0 0
9644 0 0 0 10119.8 509 0 0
10490 0 0 0 10119.8 557 0 0
9941 0 0 0 10119.8 528 0 0
10241 0 0 0 10119.8 560 0 0
8006 0 0 0 10119.8 491 0 0
8977 0 0 0 10119.8 486 0 0
10637 0 0 0 10119.8 568 0 0
10495 0 0 0 10119.8 571 0 0
10484 0 0 0 10119.8 579 0 0
10398 0 0 0 10119.8 585 0 0
10332 0 0 0 10119.8 580 0 0
9990 0 0 0 10119.8 533 0 0
10682 0 0 0 10119.8 601 0 0
10808 0 0 0 10119.8 588 0 0
10950 0 0 0 10119.8 593 0 0
10377 0 0 0 10119.8 557 0 0
10675 0 0 0 10119.8 571 0 0
11218 0 0 0 10119.8 607 0 0
10385 0 0 0 10119.8 554 0 0
9851 0 0 0 10119.8 522 0 0
10175 0 0 0 10119.8 549 0 0
11655 0 0 0 10119.8 620 0 0
10992 0 0 0 10119.8 594 0 0
10681 0 0 0 10119.8 575 0 0
10533 0 0 0 10119.8 559 0 0
10116 0 0 0 10119.8 550 0 0
8992 0 0 0 10119.8 480 0 0
10402 0 0 0 10119.8 578 0 0
10817 0 0 0 10119.8 609 0 0
11108 0 0 0 10119.8 611 0 0
10348 0 0 0 10119.8 548 0 0
10380 0 0 0 10119.8 574 0 0
10470 0 0 0 10119.8 566 0 0
10366 0 0 0 10119.8 555 0 0
9719 0 0 0 10119.8 518 0 0
10072 0 0 0 10119.8 549 0 0
10682 0 0 0 10119.8 565 0 0
10897 0 0 0 10119.8 609 0 0
10303 0 0 0 10119.8 557 0 0
10549 0 0 0 10119.8 569 0 0
10944 0 0 0 10119.8 599 0 0
7643 0 0 0 10119.8 496 0 0
10229 0 0 0 10119.8 558 0 0
10165 0 0 0 10119.8 589 0 0
10205 0 0 0 10119.8 555 0 0
10550 0 0 0 10119.8 572 0 0
8214 0 0 0 10119.8 503 0 0
10512 0 0 0 10119.8 571 0 0
10688 0 0 0 10119.8 592 0 0
10870 0 0 0 10119.8 581 0 0
10118 0 0 0 10119.8 541 0 0
9986 0 0 0 10119.8 539 0 0
3112 0 0 0 10119.8 1706 0 0
0 0 0 0 10119.8 2044 0 0
0 0 0 0 10119.8 1816 0 0
0 0 0 0 10119.8 2053 0 0
0 0 0 0 10119.8 1286 0 0
