0.00 0.00 0.00
22.01 0.00 0.00
0.00 0.00 0.00
0.00 0.00 0.00
0.00 0.00 0.00
25.52 32.00 0.00
90.55 0.00 0.00
93.05 0.00 0.00
90.73 0.00 0.00
95.37 0.00 0.00
95.05 0.00 0.00
97.55 0.00 0.43
101.05 0.00 0.00
74.54 7.50 10.88
37.03 27.00 16.48
35.03 35.00 38.50
23.02 54.50 57.48
28.03 36.00 31.93
29.03 32.00 31.91
28.03 32.00 32.02
30.03 32.00 31.98
36.52 32.00 31.93
36.53 32.00 31.98
36.03 32.00 31.98
27.03 34.00 32.02
22.02 47.50 61.53
23.02 46.50 34.47
28.03 32.00 31.98
27.03 32.00 32.00
32.52 32.00 32.01
35.02 32.00 32.00
29.03 32.00 32.02
26.53 32.00 32.00
24.02 38.50 39.02
22.02 51.50 56.96
26.52 38.00 31.98
31.53 32.00 32.02
30.53 32.00 32.01
25.53 38.50 39.86
22.02 45.00 54.96
22.52 44.50 32.47
30.03 32.00 32.00
35.53 32.00 32.00
31.03 32.00 31.98
28.03 32.00 32.01
28.03 32.00 32.02
26.02 32.00 31.91
22.02 44.50 50.03
22.02 46.00 45.90
27.03 37.50 31.96
30.03 32.00 31.98
27.03 32.00 31.94
28.03 34.00 31.64
22.02 49.50 62.45
23.52 44.50 33.39
29.53 32.00 31.96
30.03 32.00 31.93
27.03 32.50 31.99
22.02 45.00 51.52
26.02 43.00 44.50
25.02 39.50 32.02
29.03 32.00 32.02
28.52 32.00 31.96
28.53 32.00 31.99
27.02 38.50 38.52
22.02 51.50 57.53
24.52 38.00 32.01
29.03 32.00 31.98
28.53 32.00 32.02
28.03 33.00 32.01
24.02 46.00 53.49
23.02 49.00 42.50
28.52 32.00 32.02
28.03 32.00 31.82
27.53 32.00 31.78
25.02 35.00 33.48
22.02 45.00 54.00
23.02 48.00 40.41
30.03 32.00 32.00
30.03 32.00 31.88
27.03 36.50 35.52
22.02 49.50 60.50
25.02 42.00 31.93
30.53 32.00 31.99
29.53 32.00 31.97
25.02 42.50 45.50
22.02 52.00 50.48
28.03 33.50 32.01
29.03 32.00 32.02
34.02 31.50 32.00
33.03 32.50 32.02
29.03 32.00 31.78
29.03 32.00 31.81
27.03 34.50 31.98
23.02 45.50 55.99
24.02 47.00 39.98
28.03 33.00 32.02
30.53 32.00 32.00
32.53 32.00 32.01
24.02 42.50 45.03
22.02 48.50 50.52
26.03 37.00 31.90
32.03 32.00 31.90
32.03 32.00 32.00
35.03 32.00 31.91
28.03 32.00 32.06
27.03 32.00 32.02
29.52 32.00 32.02
31.21 31.68 31.49
32.03 32.00 31.96
23.02 47.00 52.47
22.02 47.50 43.18
26.52 33.50 31.88
26.02 32.00 31.36
28.03 32.00 31.96
35.02 32.00 32.00
30.53 32.00 32.01
25.02 37.50 37.02
22.02 44.00 52.98
22.02 46.50 37.50
27.03 32.00 31.60
37.03 29.00 31.84
33.03 35.00 31.96
29.03 32.00 32.00
29.53 32.00 31.81
23.52 42.50 45.00
32.03 28.50 26.52
36.53 25.00 24.44
27.53 42.50 46.53
22.02 50.00 49.20
26.02 35.50 32.00
29.03 32.00 31.99
28.03 32.00 32.02
27.03 35.50 32.47
22.02 51.50 63.35
26.02 41.00 31.97
28.53 32.00 31.93
28.53 32.00 31.89
28.03 32.00 31.90
31.03 33.00 31.97
30.03 39.50 41.51
27.02 49.00 54.43
28.03 38.50 31.71
29.53 32.00 32.00
30.53 32.00 31.99
24.02 44.50 49.52
23.02 49.50 46.46
30.03 34.00 31.98
30.03 32.00 31.91
29.03 32.00 31.91
24.02 42.50 45.50
22.02 47.50 50.53
25.02 38.00 32.02
30.03 32.00 32.00
29.03 32.00 31.95
28.03 32.00 32.02
25.02 41.00 42.88
22.02 51.00 52.90
30.03 32.00 32.00
34.03 30.50 31.96
35.03 32.50 32.00
30.03 37.00 31.93
31.03 32.00 31.99
30.03 32.00 31.99
28.03 37.50 35.38
22.02 52.00 60.48
26.02 38.50 31.86
29.53 32.00 31.96
27.53 32.00 31.95
29.03 32.00 31.91
24.02 44.00 48.02
22.02 52.00 47.93
27.53 32.00 31.97
28.53 32.00 32.02
29.03 32.00 31.95
25.02 42.00 46.00
23.02 50.00 49.79
28.03 36.00 32.02
30.03 32.00 31.97
31.03 32.00 31.99
29.02 42.50 44.43
22.02 51.50 51.51
28.03 34.00 32.02
30.03 32.00 32.01
29.03 32.00 32.00
23.02 49.50 57.00
25.02 45.00 38.76
29.53 33.50 31.97
30.03 32.00 31.94
28.53 34.00 32.02
22.02 53.00 63.98
26.02 41.00 32.00
30.03 32.00 32.00
32.03 32.00 32.02
26.02 41.50 43.96
22.02 52.50 51.97
29.03 34.00 32.01
29.03 32.00 31.50
28.03 32.00 31.61
24.02 44.00 47.96
22.02 50.50 47.87
29.03 33.50 31.98
30.53 32.00 32.00
28.53 37.00 34.52
27.02 44.00 54.00
25.02 47.00 39.20
37.03 25.50 31.89
27.03 38.50 31.95
29.03 32.00 32.00
33.03 32.00 30.96
36.02 32.00 32.02
28.52 32.00 32.00
28.53 32.00 32.01
26.02 42.50 46.48
22.02 51.00 49.44
32.53 34.50 32.00
36.53 32.00 32.02
33.03 32.00 32.02
30.53 32.00 31.98
25.53 37.00 35.42
22.02 49.50 60.51
28.02 41.50 32.00
33.03 32.00 32.02
31.03 32.00 32.00
29.03 32.00 32.01
24.02 42.00 44.55
31.03 36.50 39.52
31.03 39.50 44.00
26.02 42.00 31.92
29.03 32.00 31.98
29.53 32.00 32.02
27.53 36.00 32.48
22.02 50.50 63.47
26.02 41.50 31.85
21.02 36.50 32.02
22.02 51.00 31.90
26.03 40.50 31.99
30.03 32.00 32.00
30.03 32.00 31.97
26.02 43.00 46.45
36.03 28.50 26.01
23.02 56.50 54.68
30.03 32.00 31.89
30.53 32.00 32.00
26.53 37.50 36.52
22.02 53.50 59.45
30.52 37.00 32.02
30.53 32.00 32.02
29.53 32.00 32.00
29.03 32.00 32.00
29.53 37.00 36.02
22.02 51.50 59.99
26.03 39.50 32.00
28.52 32.00 31.99
30.03 32.00 31.57
27.53 32.00 32.04
27.03 35.50 33.42
22.02 51.00 62.41
24.02 41.50 31.84
28.53 32.00 31.96
30.53 32.00 32.00
32.53 32.00 31.93
23.52 42.50 46.53
22.02 48.50 49.47
27.03 37.00 31.95
31.03 32.00 31.96
29.03 32.00 32.02
23.02 48.50 57.00
22.02 46.50 38.91
29.03 33.00 32.01
32.03 32.00 32.01
27.03 39.00 39.01
27.02 45.00 55.03
24.02 44.00 33.98
32.03 32.00 32.01
32.03 32.00 31.88
25.02 44.50 49.48
23.02 50.50 46.36
27.03 33.00 32.02
29.03 32.00 31.92
29.03 32.00 31.98
25.02 44.00 47.99
23.02 52.00 47.98
29.03 32.00 31.72
30.53 32.00 32.00
27.53 37.00 35.99
22.02 49.50 60.04
25.02 41.50 32.00
27.53 32.00 31.99
29.53 32.00 32.02
28.03 32.00 31.93
22.02 52.00 63.74
25.02 44.00 32.00
28.03 32.00 31.92
33.03 32.00 31.96
30.53 32.00 31.98
25.53 39.00 43.01
23.02 47.50 52.59
24.02 41.50 31.86
28.03 32.00 32.01
31.03 32.00 32.02
27.03 40.50 41.00
22.02 50.00 54.94
26.03 37.50 32.01
30.03 32.00 31.29
28.03 32.00 32.01
25.77 38.61 39.60
22.02 49.50 55.92
25.02 39.50 31.96
30.03 32.00 31.97
29.03 32.00 32.02
26.03 37.00 35.52
22.02 44.00 52.49
23.02 47.00 39.92
30.03 32.00 31.99
29.03 32.00 32.00
36.03 32.00 32.05
26.02 39.50 41.47
22.02 47.50 54.42
26.03 41.00 31.43
27.53 32.00 32.00
26.53 32.00 31.98
28.03 32.00 32.01
26.02 37.00 35.45
22.02 51.50 60.45
26.53 39.50 32.02
27.53 32.00 32.01
30.03 32.00 32.02
26.03 36.50 33.91
22.02 49.50 61.70
41.03 15.50 3.50
37.03 26.50 28.51
34.03 32.00 31.97
34.03 32.00 32.02
43.02 25.50 31.89
47.03 6.50 0.00
36.03 32.00 32.02
45.02 19.50 29.52
43.03 12.50 2.41
33.03 32.00 32.01
37.52 32.00 32.01
40.53 22.50 31.96
48.04 4.28 32.02
78.05 0.00 32.02
77.05 0.00 32.02
77.04 0.00 23.01
75.05 0.00 25.02
73.04 0.00 17.05
73.54 0.00 31.02
75.55 0.00 32.02
72.05 0.00 32.02
73.05 0.00 32.02
71.54 0.00 32.02
71.55 0.00 32.02
73.05 0.00 32.02
77.05 0.00 32.02
77.05 0.00 32.02
77.05 0.00 32.02
77.05 0.00 32.02
77.05 0.00 32.02
76.05 0.00 32.02
76.05 0.00 32.02
74.04 0.00 32.02
75.55 0.00 14.01
77.55 0.00 32.02
76.55 0.00 21.02
75.55 0.00 29.02
74.05 0.00 32.02
72.05 0.00 32.02
70.54 0.00 32.02
77.55 0.00 32.02
70.54 0.00 32.02
68.04 0.00 32.02
67.55 0.00 32.02
69.04 0.00 32.02
75.05 0.00 32.02
73.54 0.00 32.02
77.05 0.00 32.02
75.05 0.00 29.05
76.55 0.00 31.02
75.05 0.00 18.51
76.05 0.00 30.02
74.05 0.00 19.51
69.54 0.00 32.02
73.05 0.00 32.02
70.55 0.00 32.02
71.05 0.00 32.02
72.05 0.00 32.02
74.55 0.00 32.02
11.51 0.00 23.69
0.00 0.00 0.00
0.00 0.00 0.00
