#xct_latency_in_nsec
0
0
0
0
0
0
0
0
0
0
0
0
0
0
0
0
0
0
0
0
0
0
0
0
0
0
0
0
0
0
0
0
0
0
0
0
0
0
0
0
0
0
0
0
0
0
0
0
0
0
0
0
0
0
0
0
0
0
0
0
0
0
0
0
0
0
0
0
0
0
0
0
0
0
0
0
0
0
0
0
0
0
0
0
0
0
0
0
0
0
0
0
0
0
0
0
0
0
0
0
0
0
0
0
0
0
0
0
0
0
0
0
0
0
0
0
0
0
0
0
0
0
0
0
0
0
0
0
0
0
0
0
0
0
0
0
0
0
0
0
0
0
0
0
0
0
0
0
0
0
0
0
0
0
0
0
0
0
0
0
0
0
0
0
0
0
0
0
0
0
0
0
0
0
0
0
0
0
0
0
0
0
0
0
0
0
0
0
0
0
0
0
0
0
0
0
0
0
0
0
0
0
0
0
0
0
0
0
0
0
0
0
0
0
0
0
0
0
0
0
0
0
0
0
0
0
0
0
0
0
0
0
0
0
0
0
0
0
0
0
0
0
0
0
0
0
0
0
0
0
0
0
0
0
0
0
0
0
0
0
0
0
0
0
0
0
0
0
0
0
0
0
0
0
0
0
0
0
0
0
0
0
0
0
0
0
0
0
0
0
0
0
0
0
0
0
0
0
0
0
0
0
0
0
0
0
0
0
0
0
0
0
0
0
0
0
0
0
0
0
0
0
0
0
0
0
0
0
0
0
0
0
0
0
0
0
0
0
0
0
0
0
0
0
0
0
0
0
0
0
0
0
0
0
0
0
0
0
0
0
0
0
0
0
0
0
0
0
0
0
0
0
0
0
0
0
0
0
0
0
0
0
0
0
0
0
0
0
0
0
0
0
0
0
0
0
0
0
0
0
0
0
0
0
0
0
0
0
0
0
0
0
0
0
0
0
0
0
0
0
0
0
0
0
0
0
0
0
0
0
0
0
0
0
0
0
0
0
0
0
0
0
0
0
0
0
0
0
0
0
0
0
0
0
0
0
0
0
0
0
0
0
0
0
0
0
0
0
0
0
0
0
0
0
0
0
0
0
0
0
0
0
0
0
0
0
0
0
0
0
0
0
0
0
0
0
0
0
0
0
0
0
0
0
0
0
0
0
0
0
0
0
0
0
0
0
0
0
0
0
0
0
0
0
0
0
0
0
0
0
0
0
0
0
0
0
0
0
0
0
0
0
0
0
0
0
0
0
0
0
0
0
0
0
0
0
0
0
0
0
0
0
0
0
0
0
0
0
0
0
0
0
0
0
0
0
0
0
0
0
0
0
0
0
0
0
0
0
0
0
0
0
0
0
0
0
0
0
0
0
0
0
0
0
0
0
0
0
0
0
0
0
0
0
0
0
0
0
0
0
0
0
0
0
0
0
0
0
0
0
0
0
0
0
0
0
0
0
0
0
0
0
0
0
0
0
0
0
0
0
0
0
0
0
0
0
0
0
0
0
0
0
0
0
0
0
0
0
0
0
0
0
0
0
0
0
0
0
0
0
0
0
0
0
0
0
0
0
0
0
0
0
0
0
0
0
0
0
0
0
0
0
0
0
0
0
0
0
0
0
0
0
0
0
0
0
0
0
0
0
0
0
0
0
0
0
0
0
0
0
0
0
0
0
0
0
0
0
0
0
0
0
0
0
0
0
0
0
0
0
0
0
0
0
0
0
0
0
0
0
0
0
0
0
0
0
0
0
0
0
0
0
0
0
0
0
0
0
0
0
0
0
0
0
0
0
0
0
0
0
0
0
0
0
0
0
0
0
0
0
0
0
0
0
0
0
0
0
0
0
0
0
0
0
0
0
0
0
0
0
0
0
0
0
0
0
0
0
0
0
0
0
0
0
0
0
0
0
0
0
0
0
0
0
0
0
0
0
0
0
0
0
0
0
0
0
0
0
0
0
0
0
0
0
0
0
0
0
0
0
0
0
0
0
0
0
0
0
0
0
0
0
0
0
0
0
0
0
0
0
0
0
0
0
0
0
0
0
0
0
0
0
0
0
0
0
0
0
0
0
0
0
0
0
0
0
0
0
0
0
0
0
0
0
0
0
0
0
0
0
0
0
0
0
0
0
0
0
0
0
0
0
0
0
0
0
0
0
0
0
0
0
0
0
0
0
0
0
0
0
0
0
0
0
0
0
0
0
0
0
0
0
0
0
0
0
0
0
0
0
0
0
0
0
0
0
0
0
0
0
0
0
0
0
0
0
0
0
0
0
0
0
0
0
0
0
0
0
0
0
0
0
0
0
0
0
0
0
0
0
0
0
0
0
0
0
0
0
0
0
0
0
0
0
0
0
0
0
0
0
0
0
0
0
0
0
0
0
0
0
0
0
0
0
0
0
0
0
0
0
0
0
0
0
0
0
0
0
0
0
0
0
0
0
0
0
0
0
0
0
0
0
0
0
0
0
0
0
0
0
0
0
0
0
0
0
0
0
0
0
0
0
0
0
0
0
0
0
0
0
0
0
0
0
0
0
0
0
0
0
0
0
0
0
0
0
0
0
0
0
0
0
0
0
0
0
0
0
0
0
0
0
0
0
0
0
0
0
0
0
0
0
0
0
0
0
0
0
0
0
0
0
0
0
0
0
0
0
0
0
0
0
0
0
0
0
0
0
0
0
0
0
0
0
0
0
0
0
0
0
0
0
0
0
0
0
0
0
0
0
0
0
0
0
0
0
0
0
0
0
0
0
0
0
0
0
0
0
0
0
0
0
0
0
0
0
0
0
0
0
0
0
0
0
0
0
0
0
0
0
0
0
0
0
0
0
0
0
0
0
0
0
0
0
0
0
0
0
0
0
0
0
0
0
0
0
0
0
0
0
0
0
0
0
0
0
0
0
0
0
0
0
0
0
0
0
0
0
0
0
0
0
0
0
0
0
0
0
0
0
0
0
0
0
0
0
0
0
0
0
0
0
0
0
0
0
0
0
0
0
0
0
0
0
0
0
0
0
0
0
0
0
0
0
0
0
0
0
0
0
0
0
0
0
0
0
0
0
0
0
0
0
0
0
0
0
0
0
0
0
0
0
0
0
0
0
0
0
0
0
0
0
0
0
0
0
0
0
0
0
0
0
0
0
0
0
0
0
0
0
0
0
0
0
0
0
0
0
0
0
0
0
0
0
0
0
0
0
0
0
0
0
0
0
0
0
0
0
0
0
0
0
0
0
0
0
0
0
0
0
0
0
0
0
0
0
0
0
0
0
0
0
0
0
0
0
0
0
0
0
0
0
0
0
0
0
0
0
0
0
0
0
0
0
0
0
0
0
0
0
0
0
0
0
0
0
0
0
0
0
0
0
0
0
0
0
0
0
0
0
0
0
0
0
0
0
0
0
0
0
0
0
0
0
0
0
0
0
0
0
0
0
0
0
0
0
0
0
0
0
0
0
0
0
0
0
0
0
0
0
0
0
0
0
0
0
0
0
0
0
0
0
0
0
0
0
0
0
0
0
0
0
0
0
0
0
0
0
0
0
0
0
0
0
0
0
0
0
0
0
0
0
0
0
0
0
0
0
0
0
0
0
0
0
0
0
0
0
0
0
0
0
0
0
0
0
0
0
0
0
0
0
0
0
0
0
0
0
0
0
0
0
0
0
0
0
0
0
0
0
0
0
0
0
0
0
0
0
0
0
0
0
0
0
0
0
0
0
0
0
0
0
0
0
0
0
0
0
0
0
0
0
0
0
0
0
0
0
0
0
0
0
0
0
0
0
0
0
0
0
0
0
0
0
0
0
0
0
0
0
0
0
0
0
0
0
0
0
0
0
0
0
0
0
0
0
0
0
0
0
0
0
0
0
0
0
0
0
0
0
0
0
0
0
0
0
0
0
0
0
0
0
0
0
0
0
0
0
0
0
0
0
0
0
0
0
0
0
0
0
0
0
0
0
0
0
0
0
0
0
0
0
0
0
0
0
0
0
0
0
0
0
0
0
0
0
0
0
0
0
0
0
0
0
0
0
0
0
0
0
0
0
0
0
0
0
0
0
0
0
0
0
0
0
0
0
0
0
0
0
0
0
0
0
0
0
0
0
0
0
0
0
0
0
0
0
0
0
0
0
0
0
0
0
0
0
0
0
0
0
0
0
0
0
0
0
0
0
0
0
0
0
0
0
0
0
0
0
0
0
0
0
0
0
0
0
0
0
0
0
0
0
0
0
0
0
0
0
0
0
0
0
0
0
0
0
0
0
0
0
0
0
0
0
0
0
0
0
0
0
0
0
0
0
0
0
0
0
0
0
0
0
0
0
0
0
0
0
0
0
0
0
0
0
0
0
0
0
0
0
0
0
0
0
0
0
0
0
0
0
0
0
0
0
0
0
0
0
0
0
0
0
0
0
0
0
0
0
0
0
0
0
0
0
0
0
0
0
0
0
0
0
0
0
0
0
0
0
0
0
0
0
0
0
0
0
0
0
0
0
0
0
0
0
0
0
0
0
0
0
0
0
0
0
0
0
0
0
0
0
0
0
0
0
0
0
0
0
0
0
0
0
0
0
0
0
0
0
0
0
0
0
0
0
0
0
0
0
0
0
0
0
0
0
0
0
0
0
0
0
0
0
0
0
0
0
0
0
0
0
0
0
0
0
0
0
0
0
0
0
0
0
0
0
0
0
0
0
0
0
0
0
0
0
0
0
0
0
0
0
0
0
0
0
0
0
0
0
0
0
0
0
0
0
0
0
0
0
0
0
0
0
0
0
0
0
0
0
0
0
0
0
0
0
0
0
0
0
0
0
0
0
0
0
0
0
0
0
0
0
0
0
0
0
0
0
0
0
0
0
0
0
0
0
0
0
0
0
0
0
0
0
0
0
0
0
0
0
0
0
0
0
0
0
0
0
0
0
0
0
0
0
0
0
0
0
0
0
0
0
0
0
0
0
0
0
0
0
0
0
0
0
0
0
0
0
0
0
0
0
0
0
0
0
0
0
0
0
0
0
0
0
0
0
0
0
0
0
0
0
0
0
0
0
0
0
0
0
0
0
0
0
0
0
0
0
0
0
0
0
0
0
0
0
0
0
0
0
0
0
0
0
0
0
0
0
0
0
0
0
0
0
0
0
0
0
0
0
0
0
0
0
0
0
0
0
0
0
0
0
0
0
0
0
0
0
0
0
0
0
0
0
0
0
0
0
0
0
0
0
0
0
0
0
0
0
0
0
0
0
0
0
0
0
0
0
0
0
0
0
0
0
0
0
0
0
0
0
0
0
0
0
0
0
0
0
0
0
0
0
0
0
0
0
0
0
0
0
0
0
0
0
0
0
0
0
0
0
0
0
0
0
0
0
0
0
0
0
0
0
0
0
0
0
0
15042043
15084226
9414070
6892111
6621979
5251124
5301500
5301191
4928846
4065321
3245847
2687970
3242149
3163113
2904336
2448927
2337743
2248190
2209920
1998723
2114767
1946296
1879817
1802556
2010166
2065093
1880198
1861608
1718128
1714665
1719466
1739946
1893677
1757042
1831224
1754234
1753348
1627467
1623879
1794559
1754951
1729947
1808592
1832324
1673291
1590152
1782742
1770267
1845222
1820067
1858937
1608363
1676100
1714066
1825800
1800687
1804785
1755132
1819832
1638199
1724923
1665355
1664086
1678052
1826577
1744658
1663857
1661120
1679580
1764110
1800519
1726484
1833850
1836864
1668665
1584521
1699500
1706246
1748453
1760698
1842977
1758880
1704115
1605784
1752882
1827576
1827647
1709353
1775134
1676475
1503803
1490003
1719713
1633878
1565042
1571854
1577011
1641053
1529034
1578171
1575818
1525088
1619640
1574265
1758041
1640266
1488433
1510339
1666528
1574090
1617714
1540905
1651015
1618825
1625123
1478569
1701319
1672190
1572006
1531897
1639325
1539299
1585767
1585494
1592102
1538706
1518149
1545622
1534016
1495585
1489130
1560044
1704247
1576213
1649508
1552668
1601692
1605232
1498857
1485186
1600094
1559930
1604179
1564817
1595034
1652742
1617754
1567003
1571625
1665680
1609597
1515776
1598743
1637757
1534449
1440810
1688184
1623652
1593988
1611384
1601142
1575644
1481780
1525839
1637308
1577868
1539538
1692328
1638639
1755878
1567449
1576014
1603318
1589072
1622841
1577986
1503862
1519174
1504558
1568685
1495001
1482754
1472730
1511918
1652519
1616371
1751577
1552802
1678515
1644634
1549867
1524190
1735924
1545407
1697585
1585772
1483359
1570348
1596615
1525707
1671276
1700937
1558634
1486300
1534775
1566737
1596206
1518783
1559812
1581637
1558074
1706921
1641774
1587866
1533089
1573801
1598469
1549489
1635341
1648568
1710411
1589392
1572425
1495051
1591878
1633188
1559318
1511165
1577042
1597878
1520206
1607802
1600101
1653513
1610674
1563386
1646502
1622305
1640270
1787123
1855061
1577554
1603848
1674391
1624894
1492781
2047909
1995126
1606779
1728584
1891024
1867523
1561424
1578292
1691784
1995840
1556877
1797828
1708757
1629122
2236613
1918325
1945233
1649627
2664709
1823935
2000521
1648135
1541631
1614056
1511369
2011074
1947546
1691450
1729599
1694653
1638422
1691174
1632024
1813432
2195834
1566770
1550768
2097838
1764032
1919591
1536323
1600002
1617978
1934023
1596820
1580771
1705344
1958601
2022112
1714254
1905479
1665666
2156462
1969395
1523652
2020064
1537881
1469213
1673965
1669643
1866851
1646106
1536003
1562981
2307639
1803685
1789985
1721067
1689551
1687725
1778236
1639060
1775682
1530467
1589385
1587435
1574571
1664539
2018572
1629181
1596182
1695517
1568156
1557181
1484043
1565593
1596187
1502143
1461965
1598450
1660838
1738372
1563251
1618065
1624077
1565533
1524907
1654902
2052789
1967131
1681765
1694471
2330739
1633861
1759810
2074434
1605897
1616410
1646044
1686901
2228405
2168230
1541155
1892690
1536139
1509423
1531422
2495098
1913007
1860228
1563407
1808412
1997618
1607734
1598192
1824988
2117255
1565464
2047924
1600399
1769134
2065055
1722681
2265748
1826522
1537582
1505229
1881610
1697826
1646116
1581858
1565441
1536335
1581820
1946078
1880948
1726857
1724977
1555596
1585195
1557962
1626287
1619074
1609791
1645490
1637818
1747958
1788031
1666198
1587224
1590128
1584044
1582068
1539650
1508577
1591393
2142134
1592243
1715529
1571524
1569610
1509270
1537622
1642636
1595140
1686323
1510187
1564900
1592767
1527581
1535537
1552060
1659526
1493260
1460123
1551297
1575154
1590088
2008550
1587325
1549252
2156587
1496397
1794935
1525001
1631364
2269847
1763461
1682945
1630294
1691373
1627139
1576055
1649293
1578532
1592823
2571953
1567286
1508165
1694308
1563624
1659248
1523642
1640073
1578749
1559154
1623365
1748310
1601603
1711112
1578419
1600335
1612712
1546840
1584040
1661606
2153776
1666629
1619801
1662571
1670471
1570388
1909598
1708033
1823714
1728205
1707449
2065604
1533340
1519667
2162461
1565873
1575240
1602298
1948403
1728966
1854897
1613217
1707000
1658783
1963378
1561070
1660728
1508990
1938312
1742407
1640444
1553728
1885710
1459391
1625363
1733448
1602409
1485325
1679713
1549081
1496475
1755619
1615479
1631057
1591460
1553688
1640848
1656024
1967134
1507539
1675159
1694652
1601647
1745102
1790781
1617491
1659101
1531410
1673888
1550348
1587223
1694148
1555428
1584095
1522655
1509492
1595372
1570149
1523636
1541128
1542985
1722579
1626336
1555937
1663027
1585351
1532995
1686159
1616458
1585162
1656775
1547973
1716315
1619890
1553735
1487021
1677514
1624891
1487423
1582998
1534873
1501274
1554971
1564101
1630520
1621607
1593167
1629792
1642925
1630919
1613115
2066388
1605081
1633721
1708533
1795533
1687610
1586844
1622317
1512152
1586356
1556311
1512689
1476412
1601699
1590412
1564236
1509077
1561757
1532947
1607809
1597899
1692502
2183497
1666936
1553136
1739504
1609211
2195865
1608192
1623890
1575575
1553582
1560786
1619092
1602807
1542952
1564556
1678331
1659739
1643307
1604586
1809150
1670020
1640726
1664330
1816896
1815447
1799199
1845472
1677873
1776900
1660701
1573539
1894029
1888965
1733533
1700395
1598044
1523845
1636751
2433391
2052850
1702426
1791385
1682002
1712308
1697286
1682841
1617852
1806144
1815615
1702373
1608325
1719308
1677162
1638567
1611352
1841254
1804857
1772151
1753140
1832456
2145103
1614083
1751126
1578277
1795106
2234895
1706834
1687750
1587442
1663828
1536196
2115027
1689232
1499019
1516709
1713814
1600857
1604153
1567403
1572677
1621609
1565641
1545711
1567060
1528025
1791447
1586159
1531941
1585859
1566098
1787111
1727235
1643146
1670967
1578980
1639090
1627834
1754826
1704295
1904492
1737994
1796334
1644537
1639678
2125057
1671064
1756593
1719609
1871525
2251063
1792148
1645720
1700283
1624757
1731447
1846317
1832654
1762963
1798928
1633540
1678047
1717549
1710317
1805217
1878187
1837791
1713517
1686201
1647301
1622739
1641150
1853293
1701806
1816316
1802261
1781175
1631819
1677574
1579360
1791522
1822108
1756618
1772435
1854008
1678215
1630882
1711078
1707547
1830450
1813938
1764660
1812258
1672009
1711117
1626605
1799808
1866021
1859919
1568990
1679561
1646760
1636187
1710684
1765630
1687716
1773230
1680910
1815603
1693625
1588133
1613008
1623594
1680088
1660196
1740020
1644794
1765937
1761883
1711603
1674821
1651155
1842493
1723293
1746886
1862234
1754010
1684349
1896159
1901907
1718697
1830375
1862901
1873622
1763196
1805745
1811693
1808714
1719914
1652279
0
0
0
0
0
0
0
0
0
0
0
0
0
0
0
0
0
0
0
0
0
0
0
0
0
0
0
0
0
0
0
0
0
0
0
0
0
0
0
0
0
0
0
0
0
0
0
0
0
0
0
0
0
0
0
0
0
0
0
0
0
0
0
0
0
0
0
0
0
0
0
0
0
0
0
0
0
0
0
0
0
0
0
0
0
0
0
0
0
0
0
0
0
0
0
0
0
0
0
0
0
0
0
0
0
0
0
0
0
0
0
0
0
0
0
0
0
0
0
0
0
0
0
0
0
0
0
0
0
0
0
0
0
0
0
0
0
0
0
0
0
0
0
0
0
0
0
0
0
0
0
0
0
0
0
0
0
0
0
0
0
0
0
0
0
455632123
1765677
1816018
1906987
1998471
1801915
1669948
1795019
1747052
1733753
1729463
1709188
1742860
1673485
1864586
1790651
1616472
1757885
1586497
2185016
1829493
2095256
1645855
1619974
1557867
1528265
1579755
1831973
1725895
1732532
1526002
1699471
1602982
1638567
1525857
1584657
1551566
1673889
1556020
1585237
1667447
1563556
1553647
1606848
1635588
1536085
1464821
1606236
1583290
1544123
1530324
1626080
1610740
1667203
1769197
1610542
1569045
1584733
1523694
1746961
1502388
1498693
1460753
1539746
1498135
1539470
1524846
1678217
1555910
1689646
1699163
1573422
1555313
1594541
1634223
1598659
1596750
1613117
1626494
1633243
1536753
1470496
1504022
1676009
1546152
1715994
1557208
1673844
1596498
1525981
1510300
1600803
1565388
1626849
1521119
1559058
1628942
1540018
1536047
1612836
1667775
1557891
1558414
1663382
1614772
1528564
1484980
1600994
1539063
1619822
1571944
1612524
1671461
1486995
1594127
1547271
1550038
1582062
1488237
1524458
1551478
1523969
1539076
1624288
1504590
1809995
1742276
1742080
1613156
1521405
1490493
1684671
1620965
1485834
1518943
1521735
1562951
1835622
1786172
1670933
1595598
1547904
1509160
1766227
1667492
1581339
1527353
1607146
1627356
1643048
1511341
1798961
2120216
1530886
1556925
1661128
1597486
1626092
1586861
1664919
1641448
1505490
1461388
1493975
1557458
1512242
1511770
1773358
2024095
1848283
1507858
1611286
1606075
1549594
1576849
1747800
1654097
1647242
1597807
1607091
1535001
1603797
1688598
1632420
1530505
1538298
1481395
1656043
1686837
1661426
1646974
1608208
1775471
1683022
1616799
1625075
1635945
1742582
1789851
1809556
1878630
1764850
1592760
1762416
1670545
1778120
1804207
1763779
1727231
1745577
1580038
2062785
1682127
1784113
1835527
1717145
1791252
1777243
1637575
1637883
1694418
1872879
1802850
1744772
1923460
1814159
1640368
1635590
1734577
1723896
1673709
1675554
1568612
1490715
1542537
1545289
1512177
1590047
1509957
614010
0
0
0
0
0
0
0
0
80305165
17708072
7266436
38983536
22730900
0
0
49322042
0
96927165
60213589
62452685
24164031
10926955
5387610
2238064
2567597
2690378
1744915
2416287
1956150
1963148
1861829
1748959
1666818
2095144
8197997
4292150
6750426
1685270
2798793
1697072
1719040
1695430
1994243
1970745
1778908
1897927
1737129
1758615
6279337
5383586
4318566
2720670
1831232
1939422
1867353
1757362
2026146
1726857
1930007
1879176
1686439
1482146
3425021
4136940
1767430
1733681
1988249
2334136
2137305
1939442
2000337
2100939
2701066
2054934
1589734
2520871
1699655
3942855
2885527
3326512
3045088
2376237
2295632
2386070
2677251
2309524
2205085
2031721
2106299
2156884
1979577
2807394
1937093
2378305
2372570
1849820
2297704
2598947
1947547
2383723
2283662
1922872
2231376
2023247
2708931
3304518
2844142
2618111
2667254
2086685
2853498
2147877
2249921
2350671
2551203
2423382
2686014
2839235
2415635
3114724
3752191
2428943
2047564
1985851
3042915
2782724
2715579
2564188
2275428
2178055
2017611
2071461
2369435
2175689
1514310
3684730
2761269
1744656
2953228
2046248
2793671
2408465
2095112
2313777
2064782
2105878
1906098
2097056
1811055
1646579
6546315
1975964
2553979
2325929
3220845
2440323
2094346
1958344
2547332
2296487
1690607
1790556
1897806
1967942
3009223
1681903
2308213
2950238
2455984
3864690
2170920
2337768
2076578
1957943
2065857
1691034
1907375
2481408
2254916
1923550
2315888
2088659
2470626
2320973
2245714
2382770
2096918
2095313
2610535
2099841
2052605
2549932
4500881
4665356
2520370
2836258
3660614
5099263
3320106
2721196
2217295
2673595
2054111
1888791
1896233
1734166
1837645
1706686
6854497
3663394
1788172
2932985
2873334
1821452
2665862
3179765
1979650
2232857
1818037
2835200
1685693
2237743
1460457
6310985
2003699
2803454
2220288
1887386
1843269
1799679
2530537
2090263
1969667
1637988
1989542
1583255
3089193
4316725
2535226
4421799
2510756
2574304
3270098
2755231
2027116
2890204
2019835
2177662
2016052
1945905
1903168
2353737
3596085
2749189
3151712
2680182
2281993
2375907
1985597
1997342
1626749
2188660
2710034
1914730
1865269
2755343
2917190
2739860
2098548
2918927
2862519
2199943
3142008
3563937
2828177
2277261
3128853
2252940
2488122
2706923
2721103
2144296
2838520
2216123
2617000
2836707
2804949
2000841
3730889
2359156
2382896
3125136
2616366
2813967
2305346
2671991
2359069
3061615
3479011
2899425
2885804
3386034
3808123
3658262
2911234
4354145
3564535
2588950
2116767
2190724
1871348
3333333
2380846
1740645
2001694
2719081
2329786
2211233
2547009
2825965
3702514
3413482
2853768
4706866
3287327
2624237
3366022
2337445
2841597
2525507
2580917
2861552
3204342
3247053
2657167
2809999
2503198
2808666
2573022
2421728
2554943
3864040
2198642
2825731
2977737
2179652
2223249
2454501
2727526
2868351
4226477
6053454
3297384
3069931
3016824
2495226
3039589
1831515
2982609
2343709
2154524
2398431
1940745
3061325
2221784
2531334
5479872
2865522
4285862
3380207
3424858
5458791
2675529
3415165
2949352
2685309
3282726
4442038
3026688
2777111
2800503
2817428
2980345
3423471
2643547
3511984
3150374
4895192
5000562
3206705
3391895
2504567
2700182
2774782
3152968
2507767
2949734
2848820
2021044
1934734
2280911
1869352
1723397
2702261
2869235
1827037
2653980
2989122
3007731
4282489
2791335
2827254
2655292
2073109
2677197
2091126
2617520
2505958
2310573
4451334
5241668
4259411
3350606
3511282
3577275
5144764
2502755
2832567
2244810
2491910
2649549
3763207
3706209
3478204
2182568
2033671
2155292
2876906
3310148
3587404
3130389
2113524
3565410
1812763
2077467
2110908
3156903
2649255
2257622
2397547
2224715
1938571
1953991
4800494
1644256
2975971
2934819
2707224
4157546
4741838
3545614
3714804
2648440
4482058
3551350
2711787
2578434
2917821
3207198
2515084
2274231
2488932
3300339
3543072
2983949
4282875
3114765
4539866
3887588
4234871
3191206
3377026
3521750
2971869
3011544
3814313
4648599
2937226
2448767
2447018
2872841
2660165
2253593
3555322
4961215
6424352
7398272
4316148
4093971
4882354
2737070
5495939
3775256
2505608
3007899
3663798
3355915
2209513
3308246
3094794
3060234
1874420
2184921
5123715
3793915
4001932
5438547
2844795
4259516
3888246
3467581
2687723
3193148
3149995
3569221
2516590
3472623
2854180
4120061
3285436
2579347
2240014
2593766
2683176
5807283
3373111
4615353
4995659
4897909
3667187
4743964
4571617
3707199
2844466
3083437
4523073
2793452
2471016
3420923
2768680
2512082
2791233
4594446
2190995
2383911
5796787
4400822
5524759
3387529
3829623
4200139
4153490
5735128
3630656
2548842
4158731
4001697
3072223
2916533
2839428
3710503
3382262
2212619
3521129
2183976
2986383
3607288
4146664
4838187
4156376
3291957
3239019
3854327
3795043
4256402
3377495
3499620
2605511
3271985
3156280
2483412
2254489
3343157
2857764
2185114
3043059
2872272
5698541
6311537
4459588
5468831
4490433
3296841
3141723
2669483
3827061
4960485
2244078
3624887
3741700
5672368
1870378
2841766
2839949
2421783
2491087
3627313
3326685
5435995
4796177
5532976
7060527
5189869
5256317
7161515
4334557
3831374
3126290
4337084
3204792
2869620
4949276
3050062
4391797
2912775
3131564
3616066
2556508
3247902
3495324
2470350
2848404
3569798
2420661
2236181
3004871
2899511
2035073
2419504
2052338
2590916
1783563
2306337
2064973
2054965
2401125
11943763
8019700
8150248
7209784
6062531
6730633
7822418
4894895
4957864
3989711
3525360
8397800
4942548
3241958
4333995
3732578
2965353
5234710
3906120
3097694
3677159
3128714
4172645
4319220
2713680
3209979
3831111
3788478
7365654
15786947
29890986
36873240
22656239
51194450
29650221
46274932
42931385
13104663
30243088
42262596
55632957
42618653
36880131
32840478
22091255
19380399
32799567
31209324
28515183
30796169
19694255
23042093
33503804
66529555
32516289
18744692
17639470
27005909
24602353
15309613
22599134
16387536
15525541
16680045
18700374
30799767
24164457
35031767
10639020
13590842
9908872
6067126
10642845
12744409
16061371
20965012
14133750
12095482
23242217
26974024
10614634
17735835
11416556
8037666
11907832
13274027
14693813
11422647
12655730
14702952
14510386
11287403
4563108
8108588
10630451
9768423
11499726
14039016
17196533
20434612
35827081
0
58081903
62097302
44260119
22064789
23836851
81673430
36298093
45732620
50497523
31906067
55852009
52961387
22464175
10755368
20318282
26014734
26304021
30350589
38078459
21580180
10747452
17444284
15943868
14523383
20260033
30600475
20507082
15219379
6510475
6735016
7482204
9951585
6911404
15630930
17577918
9921750
4674473
3956735
4425047
4184039
7706825
14313017
7167992
4401196
2840599
15028505
4803024
6298336
8919921
9086501
7151374
4642740
5212403
4568910
5132998
6468873
9086740
5825311
6831959
6203183
5982039
6217701
4368930
3453510
2503308
5230006
3978281
6042443
2858372
3309521
4284004
2409506
2011394
2738228
2268591
1672336
1555317
1606136
1674504
1618077
2024640
1610773
1746522
1530763
1507211
1570384
1601080
2252835
1660958
1803847
1632218
1834115
1646293
1865771
2077390
1812405
1898059
1963088
1824515
1850976
1725560
1694941
1884844
1919052
1856221
2288372
2655546
1859370
2544084
1854675
1878312
2016021
1894166
1841000
1867375
2342560
1733180
2138184
1763946
2232496
1938561
1918046
2251074
1780927
1829604
1763029
2512713
4865010
2584060
1909963
2017978
1977071
1957412
1752363
1785127
2097480
1858797
1904033
1971430
2028360
1944092
2286240
2000107
1886394
1947733
2107043
2012479
2018190
1892575
1942355
1920305
2342980
1913100
2002895
2529426
1900622
2045239
1978330
1814211
2326567
1827359
0
0
0
0
0
0
0
0
0
0
0
0
0
0
0
0
0
0
0
0
0
0
0
0
0
0
0
0
0
0
0
0
0
0
0
0
0
0
0
0
0
0
0
0
0
0
0
0
0
0
0
0
0
0
0
0
0
0
0
0
0
0
0
0
0
0
0
0
0
0
0
0
0
0
0
0
0
0
0
0
0
0
0
0
0
0
0
0
0
0
0
0
0
0
0
0
0
0
0
0
0
0
0
0
0
0
0
0
0
0
0
0
0
0
0
0
0
0
0
0
0
0
0
0
0
0
0
0
0
0
0
0
0
0
0
0
0
0
0
0
0
0
0
0
0
0
0
0
0
0
0
0
0
0
0
0
0
0
0
0
0
0
0
0
0
0
0
0
0
0
0
0
0
0
0
526019001
1800825
2064770
1780933
1666826
2362395
2118768
1902165
1712803
1787662
1768087
1762391
2038023
2167997
1857360
1744475
1732598
1727010
2143760
1617306
1624738
2092057
1642202
1887468
1538073
1647553
1741606
1770265
1534639
1606295
1732589
1579926
1554304
1635124
2064144
1698745
1711138
1562340
1653801
2328928
1620229
1776875
2233297
1804163
1556954
1900358
1714809
1705146
1655782
2058053
1525085
1542469
1715725
1668467
1756348
1776098
1760604
1778861
1823645
2132701
1534342
2553264
1842306
1990137
2229465
1693297
1650521
1574728
1520484
1598928
1641422
1577866
1638738
1573435
2122825
1798369
1490786
1580047
1600982
1645743
1655497
1610913
1855874
1891171
1794349
1585986
1596875
1614857
1790385
1942015
1481959
1540572
1683279
2014787
1757476
1590229
2074166
2039970
1873197
1520515
1584381
2477391
1726639
2021900
1592918
1559799
2100816
1587182
1697948
1556077
1584720
1564025
1587362
2025123
1830591
1724910
2019545
1596720
1869144
1655450
1506664
1555429
1659619
1795375
1647271
1594598
1771806
1592052
1926388
2002062
1823752
1881473
1557203
1584387
1996824
1590673
2070803
1495601
1805762
1576188
1480467
1544900
1820931
1705281
1784267
1735792
1651798
1626205
1652907
1885689
1561246
1805987
1660524
1956669
2175784
1617483
1462285
1940668
1568938
1513854
1716600
1632901
1639073
1639145
1574331
1671483
1664632
1526899
1580192
1923132
1564053
1601493
1508886
1542442
1549017
1554306
1496827
2064527
2030951
1627668
1498787
1580941
1568773
2111289
1623304
1841511
1733961
1807592
1856925
2008184
1558090
1481550
1542806
1578504
1984982
1670357
1663096
1953362
1679685
1544376
1541525
1618580
1658115
1580930
1718793
1681280
1615821
1560952
1501104
1521094
1545393
1838157
1878236
2067997
1651618
1520508
1494727
1509096
1843284
1793187
1657341
1619825
1577209
1502613
1478719
1639959
1689063
1608891
1685170
1571725
1789830
1632279
1626036
1586537
1463971
1543851
2056489
1673530
1615896
1618147
1469301
1912996
1819079
1706854
1790566
1632720
1904535
1854193
2035417
1573439
1574501
1525344
1614604
1749254
1609060
1607475
1509089
2033763
1642729
1935609
1540498
1804649
1876756
1830548
1582254
1604386
1992165
1623892
1574940
1638665
1595247
1872732
1769792
1717355
1801866
2210452
2081990
1850204
2183956
1676084
1645499
2003561
2159417
2164222
2411757
2278140
1820816
1688124
1670035
1806062
1830897
2128623
1818603
2282909
1787564
1648637
1721650
1744374
2289162
1709812
1809579
1781647
1834484
1613232
1713691
1897709
2025482
1730969
2177430
1867571
1875492
1720881
1672768
1699671
1920744
1676729
2021786
1793653
1731286
1716180
1940621
1696749
1935726
1793143
1789690
1769987
1927047
1618159
1736740
2075376
1998513
1793721
1995617
2382190
1950142
1614984
1642448
3867399
0
