# xct_end restore_begin restore_segment restore_end page_write page_read
0	0	0	0	0	0	
0	0	0	0	0	0	
0	0	0	0	0	0	
0	0	0	0	0	0	
0	0	0	0	0	0	
0	0	0	0	0	0	
0	0	0	0	0	0	
0	0	0	0	0	0	
0	0	0	0	0	0	
0	0	0	0	0	0	
0	0	0	0	0	0	
0	0	0	0	0	0	
0	0	0	0	0	0	
0	0	0	0	0	0	
0	0	0	0	0	0	
0	0	0	0	0	0	
0	0	0	0	0	0	
0	0	0	0	0	0	
237	0	0	0	0	5929	
1924	0	0	0	159	24023	
708	0	0	0	395	6871	
43	0	0	0	17	238	
1909	0	0	0	885	13978	
2589	0	0	0	794	15541	
3423	0	0	0	685	17044	
3558	0	0	0	635	16309	
4388	0	0	0	638	16647	
4591	0	0	0	627	15405	
6111	0	0	0	695	17402	
5528	0	0	0	605	13840	
6481	0	0	0	613	14227	
8063	0	0	0	694	15605	
8709	0	0	0	698	14039	
8839	0	0	0	667	12318	
9620	0	0	0	8	11953	
9751	0	0	0	532	10836	
9419	0	0	0	631	9371	
10016	0	0	0	677	8969	
10172	0	0	0	681	7994	
10785	0	0	0	673	7897	
10232	0	0	0	635	6794	
9345	0	0	0	600	5567	
10083	0	0	0	566	5591	
11174	0	0	0	654	5627	
10223	0	0	0	591	4819	
10411	0	0	0	598	4455	
9565	0	0	0	569	3797	
10492	0	0	0	609	3717	
11087	0	0	0	671	3420	
11148	0	0	0	626	3348	
10823	0	0	0	585	2856	
11615	0	0	0	626	3143	
10515	0	0	0	591	2301	
10868	0	0	0	602	2313	
11183	0	0	0	614	2145	
10602	0	0	0	571	1969	
10734	0	0	0	574	1778	
11299	0	0	0	589	1734	
10252	0	0	0	515	1554	
10771	0	0	0	542	1569	
11883	0	0	0	590	1579	
10956	0	0	0	537	1271	
9904	0	0	0	489	1140	
9856	0	0	0	486	1040	
11042	0	0	0	554	1110	
10465	0	0	0	531	968	
10292	0	0	0	545	889	
10948	0	0	0	599	869	
10907	0	0	0	578	855	
10452	0	0	0	551	798	
9310	0	0	0	514	650	
10354	0	0	0	554	642	
11381	0	0	0	619	752	
10259	0	0	0	559	643	
9653	0	0	0	512	553	
10083	0	0	0	538	547	
10471	0	0	0	559	547	
10553	0	0	0	563	536	
10386	0	0	0	557	509	
11103	0	0	0	579	524	
11458	0	0	0	605	524	
10812	0	0	0	554	478	
11140	0	0	0	587	500	
9978	0	0	0	492	386	
10575	0	0	0	519	437	
10072	0	0	0	492	362	
10303	0	0	0	529	351	
10829	0	0	0	560	377	
11046	0	0	0	576	351	
10295	0	0	0	540	368	
9495	0	0	0	496	315	
9292	0	0	0	493	284	
10237	0	0	0	540	303	
9843	0	0	0	510	299	
10896	0	0	0	571	325	
10892	0	0	0	557	306	
10067	0	0	0	521	330	
9902	0	0	0	521	268	
9380	0	0	0	503	291	
10632	0	0	0	571	254	
10395	0	0	0	549	304	
10641	0	0	0	564	276	
11145	0	0	0	588	303	
10771	0	0	0	566	238	
9839	0	0	0	510	248	
10067	0	0	0	533	252	
10057	0	0	0	515	217	
10100	0	0	0	533	241	
10998	0	0	0	551	261	
11063	0	0	0	556	259	
10711	0	0	0	548	259	
9965	0	0	0	490	196	
10391	0	0	0	531	221	
10644	0	0	0	552	215	
10093	0	0	0	536	201	
10550	0	0	0	565	212	
10767	0	0	0	560	213	
10954	0	0	0	573	217	
10961	0	0	0	581	242	
10513	0	0	0	548	207	
10874	0	0	0	561	189	
10438	0	0	0	545	191	
10023	0	0	0	547	187	
10213	0	0	0	543	210	
10579	0	0	0	560	164	
10530	0	0	0	547	196	
10064	0	0	0	526	166	
10046	0	0	0	528	144	
9928	0	0	0	514	199	
10501	0	0	0	557	171	
10138	0	0	0	540	157	
10636	0	0	0	548	167	
10917	0	0	0	532	166	
10579	0	0	0	554	154	
10633	0	0	0	523	158	
10438	0	0	0	511	181	
10130	0	0	0	495	143	
9843	0	0	0	477	165	
9460	0	0	0	476	150	
11010	0	0	0	565	187	
11284	0	0	0	581	172	
10757	0	0	0	556	175	
10484	0	0	0	546	147	
10295	0	0	0	540	165	
10397	0	0	0	540	143	
9685	0	0	0	498	132	
9924	0	0	0	516	156	
11035	0	0	0	568	138	
10685	0	0	0	554	155	
9977	0	0	0	515	132	
10056	0	0	0	530	140	
10407	0	0	0	544	133	
10328	0	0	0	538	154	
9745	0	0	0	520	112	
10864	0	0	0	556	114	
10470	0	0	0	541	118	
10909	0	0	0	579	163	
10440	0	0	0	548	138	
10284	0	0	0	514	116	
11204	0	0	0	587	147	
10224	0	0	0	502	132	
10147	0	0	0	500	114	
11016	0	0	0	534	123	
10683	0	0	0	517	129	
10287	0	0	0	526	136	
10300	0	0	0	539	120	
9942	0	0	0	515	126	
10092	0	0	0	522	131	
10252	0	0	0	524	95	
10389	0	0	0	532	122	
10822	0	0	0	568	97	
11137	0	0	0	579	125	
10359	0	0	0	533	106	
10128	0	0	0	532	105	
9782	0	0	0	513	110	
9771	0	0	0	508	100	
10507	0	0	0	564	131	
10789	0	0	0	549	94	
10615	0	0	0	550	107	
10557	0	0	0	570	113	
9945	0	0	0	525	98	
10041	0	0	0	522	94	
10349	0	0	0	546	100	
10386	0	0	0	530	106	
10673	0	0	0	530	101	
11106	0	0	0	572	103	
10775	0	0	0	521	93	
11211	0	0	0	560	100	
10338	0	0	0	498	86	
10126	0	0	0	494	86	
10060	0	0	0	513	106	
10171	0	0	0	516	83	
9294	0	0	0	496	79	
10034	0	0	0	523	92	
10731	0	0	0	555	91	
11073	0	0	0	581	86	
10331	0	0	0	539	86	
8906	0	0	0	640	71	
10184	0	0	0	526	90	
11219	0	0	0	577	84	
11155	0	0	0	580	99	
10817	0	0	0	575	104	
10454	0	0	0	541	78	
11096	0	0	0	574	85	
10592	0	0	0	547	70	
9483	0	0	0	493	77	
10989	0	0	0	577	85	
10398	0	0	0	546	68	
10785	0	0	0	563	66	
11198	0	0	0	584	66	
10547	0	0	0	521	83	
11076	0	0	0	581	78	
10369	0	0	0	503	65	
10730	0	0	0	528	76	
10373	0	0	0	513	57	
10588	0	0	0	515	87	
11188	0	0	0	557	96	
10365	0	0	0	534	76	
10942	0	0	0	561	70	
11000	0	0	0	560	68	
11024	0	0	0	562	56	
10124	0	0	0	521	71	
9877	0	0	0	514	48	
10269	0	0	0	545	58	
10136	0	0	0	527	63	
11193	0	0	0	578	63	
8857	0	0	0	723	41	
9069	0	0	0	922	50	
11646	0	0	0	601	66	
7819	0	0	0	655	44	
10794	0	0	0	560	56	
9028	0	0	0	486	60	
8900	0	0	0	487	51	
8951	0	0	0	775	45	
11078	0	0	0	574	51	
11231	0	0	0	584	53	
9209	0	0	0	566	39	
8791	0	0	0	475	53	
7872	0	0	0	868	37	
9803	0	0	0	605	73	
9746	0	0	0	587	55	
9149	0	0	0	450	48	
7965	0	0	0	415	47	
11705	0	0	0	558	66	
9261	0	0	0	548	44	
8471	0	0	0	602	48	
8174	0	0	0	841	50	
8876	0	0	0	880	43	
10304	0	0	0	541	53	
10731	0	0	0	565	59	
11067	0	0	0	579	59	
7880	0	0	0	903	28	
8356	0	0	0	624	40	
8299	0	0	0	429	30	
10557	0	0	0	554	54	
9227	0	0	0	521	41	
9529	0	0	0	660	35	
9247	0	0	0	483	39	
8919	0	0	0	786	42	
8364	0	0	0	628	35	
10684	0	0	0	570	50	
9747	0	0	0	514	31	
7351	0	0	0	436	39	
8419	0	0	0	1057	38	
11044	0	0	0	587	55	
7789	0	0	0	860	33	
10020	0	0	0	654	38	
11118	0	0	0	549	60	
10122	0	0	0	526	53	
9383	0	0	0	549	32	
9681	0	0	0	471	41	
11195	0	0	0	547	40	
8123	0	0	0	396	37	
9822	0	0	0	608	34	
7680	0	0	0	707	34	
8773	0	0	0	545	35	
9292	0	0	0	692	45	
10660	0	0	0	557	42	
9719	0	0	0	498	36	
11049	0	0	0	571	50	
10872	0	0	0	556	43	
10382	0	0	0	544	35	
10377	0	0	0	541	49	
10378	0	0	0	541	32	
10153	0	0	0	533	27	
9435	0	0	0	516	30	
10387	0	0	0	547	29	
11254	0	0	0	584	23	
10936	0	0	0	568	34	
8602	0	0	0	511	35	
9268	0	0	0	519	39	
9943	0	0	0	670	36	
10279	0	0	0	506	44	
8150	0	0	0	433	20	
10084	0	0	0	647	29	
10263	0	0	0	778	26	
10324	0	0	0	522	40	
10324	0	0	0	502	29	
10347	0	0	0	501	31	
10631	0	0	0	521	52	
8053	0	0	0	516	30	
9217	0	0	0	597	19	
10408	0	0	0	531	25	
10857	0	0	0	615	44	
8493	0	0	0	471	23	
10251	0	0	0	530	43	
10205	0	0	0	530	31	
10803	0	0	0	570	20	
8711	0	0	0	8	27	
9818	0	0	0	297	42	
8900	0	0	0	605	22	
11316	0	0	0	595	34	
10223	0	0	0	530	41	
9375	0	0	0	486	26	
10418	0	0	0	542	25	
10387	0	0	0	556	28	
10400	0	0	0	551	30	
10985	0	0	0	583	41	
11305	0	0	0	596	18	
11101	0	0	0	567	23	
10349	0	0	0	501	27	
9426	0	0	0	507	22	
9064	0	0	0	560	33	
9737	0	0	0	525	38	
8517	0	0	0	516	15	
10921	0	0	0	546	43	
9352	0	0	0	631	22	
8809	0	0	0	519	25	
8302	0	0	0	530	18	
9433	0	0	0	498	26	
10812	0	0	0	560	19	
11072	0	0	0	591	14	
10265	0	0	0	529	25	
10110	0	0	0	522	22	
10936	0	0	0	562	15	
10417	0	0	0	536	29	
9278	0	0	0	502	27	
9798	0	0	0	530	19	
10389	0	0	0	531	19	
10750	0	0	0	555	18	
11082	0	0	0	566	20	
10780	0	0	0	562	25	
8547	0	0	0	475	14	
8757	0	0	0	465	10	
10021	0	0	0	530	20	
7586	0	0	0	416	14	
10343	0	0	0	530	20	
9219	0	0	0	481	20	
11137	0	0	0	572	19	
10635	0	0	0	540	14	
10643	0	0	0	538	13	
8548	0	0	0	449	24	
10537	0	0	0	510	21	
10011	0	0	0	489	17	
8182	0	0	0	523	18	
11647	0	0	0	626	12	
10722	0	0	0	545	27	
10394	0	0	0	539	17	
10688	0	0	0	556	28	
10328	0	0	0	586	14	
9490	0	0	0	502	13	
7727	0	0	0	410	12	
10586	0	0	0	556	10	
8772	0	0	0	449	8	
10987	0	0	0	580	21	
8267	0	0	0	440	4	
10032	0	0	0	517	10	
9972	0	0	0	516	11	
10090	0	0	0	516	13	
8277	0	0	0	538	14	
11523	0	0	0	609	12	
11396	0	0	0	605	21	
10222	0	0	0	548	21	
9780	0	0	0	503	18	
10014	0	0	0	503	16	
11049	0	0	0	555	15	
10639	0	0	0	537	21	
10323	0	0	0	525	20	
7635	0	0	0	388	14	
9895	0	0	0	502	12	
9558	0	0	0	531	10	
8562	0	0	0	448	15	
10295	0	0	0	540	13	
9997	0	0	0	516	14	
9440	0	0	0	492	8	
10189	0	0	0	552	13	
10843	0	0	0	577	16	
9019	0	0	0	588	10	
8449	0	0	0	488	11	
9630	0	0	0	504	20	
8213	0	0	0	438	14	
8041	0	0	0	444	19	
9406	0	0	0	513	8	
10664	0	0	0	555	19	
9295	0	0	0	482	15	
10275	0	0	0	555	8	
7917	0	0	0	500	8	
10240	0	0	0	554	21	
10564	0	0	0	564	13	
10401	0	0	0	554	20	
9702	0	0	0	510	7	
9424	0	0	0	511	13	
9436	0	0	0	477	5	
10327	0	0	0	534	12	
9191	0	0	0	501	3	
10391	0	0	0	513	18	
10433	0	0	0	509	11	
10464	0	0	0	501	11	
11305	0	0	0	553	11	
10762	0	0	0	553	14	
11098	0	0	0	565	6	
10185	0	0	0	533	6	
9938	0	0	0	512	10	
9806	0	0	0	540	9	
10353	0	0	0	548	12	
10561	0	0	0	547	15	
11177	0	0	0	581	13	
10725	0	0	0	560	14	
11071	0	0	0	591	10	
8171	0	0	0	421	4	
7826	0	0	0	424	6	
10235	0	0	0	537	11	
9032	0	0	0	531	7	
8674	0	0	0	463	6	
9428	0	0	0	539	9	
9020	0	0	0	611	8	
10769	0	0	0	572	9	
10369	0	0	0	545	8	
10201	0	0	0	533	11	
8801	0	0	0	433	8	
10105	0	0	0	526	7	
10895	0	0	0	530	11	
8083	0	0	0	414	8	
8960	0	0	0	464	7	
10886	0	0	0	532	12	
7763	0	0	0	550	7	
7833	0	0	0	397	7	
8453	0	0	0	474	8	
10934	0	0	0	562	11	
10138	0	0	0	525	8	
11154	0	0	0	580	3	
11193	0	0	0	575	13	
8443	0	0	0	556	5	
8475	0	0	0	513	7	
10148	0	0	0	524	9	
10541	0	0	0	566	7	
8608	0	0	0	505	3	
8591	0	0	0	559	6	
9052	0	0	0	470	2	
9018	0	0	0	597	9	
10527	0	0	0	547	9	
7778	0	0	0	472	3	
8591	0	0	0	492	2	
10234	0	0	0	542	9	
9991	0	0	0	552	5	
8732	0	0	0	515	4	
8050	0	0	0	528	2	
11037	0	0	0	566	8	
8576	0	0	0	490	3	
10471	0	0	0	533	14	
7416	0	0	0	404	4	
9830	0	0	0	606	2	
8388	0	0	0	450	7	
9155	0	0	0	443	2	
10307	0	0	0	505	5	
11062	0	0	0	541	11	
10689	0	0	0	559	5	
8860	0	0	0	505	4	
10139	0	0	0	520	5	
9105	0	0	0	529	8	
11054	0	0	0	593	11	
8162	0	0	0	469	3	
10718	0	0	0	562	8	
8390	0	0	0	504	3	
10645	0	0	0	563	5	
9665	0	0	0	503	10	
9626	0	0	0	505	5	
10775	0	0	0	555	7	
11087	0	0	0	568	3	
10286	0	0	0	523	8	
7753	0	0	0	478	2	
7667	0	0	0	497	13	
8700	0	0	0	505	2	
7761	0	0	0	398	8	
9554	0	0	0	497	3	
10353	0	0	0	542	5	
11573	0	0	0	612	4	
4580	0	0	0	362	3	
10842	0	0	0	531	7	
10142	0	0	0	527	2	
10841	0	0	0	533	4	
10300	0	0	0	496	2	
9170	0	0	0	467	3	
10663	0	0	0	525	3	
11586	0	0	0	619	6	
10653	0	0	0	538	7	
9241	0	0	0	462	5	
10443	0	0	0	553	7	
10137	0	0	0	526	5	
10083	0	0	0	524	15	
7489	0	0	0	373	4	
10569	0	0	0	549	6	
9743	0	0	0	517	4	
8178	0	0	0	448	2	
8516	0	0	0	542	9	
10219	0	0	0	548	11	
8869	0	0	0	492	4	
8037	0	0	0	493	3	
8972	0	0	0	516	7	
10749	0	0	0	584	6	
6997	0	0	0	398	5	
7461	0	0	0	432	3	
10919	0	0	0	581	5	
10109	0	0	0	532	2	
10830	0	0	0	540	4	
7398	0	0	0	386	2	
10524	0	0	0	556	5	
9796	0	0	0	494	5	
5815	0	0	0	288	1	
8210	0	0	0	428	1	
9876	0	0	0	493	9	
7532	0	0	0	541	1	
10384	0	0	0	544	7	
8318	0	0	0	461	2	
8443	0	0	0	555	1	
8500	0	0	0	541	1	
10524	0	0	0	540	6	
10497	0	0	0	542	5	
8650	0	0	0	493	4	
11016	0	0	0	575	5	
10541	0	0	0	558	2	
7670	0	0	0	441	5	
7736	0	0	0	417	2	
11233	0	0	0	592	6	
10642	0	0	0	553	5	
10251	0	0	0	535	3	
10612	0	0	0	561	7	
8292	0	0	0	601	2	
8695	0	0	0	472	2	
10625	0	0	0	547	5	
10549	0	0	0	549	3	
10048	0	0	0	535	2	
9089	0	0	0	477	1	
9971	0	0	0	526	5	
8416	0	0	0	482	3	
9467	0	0	0	520	3	
9115	0	0	0	513	3	
10154	0	0	0	491	3	
11305	0	0	0	547	3	
10930	0	0	0	561	3	
6673	0	0	0	509	0	
7251	0	0	0	389	0	
8838	0	0	0	482	0	
10330	0	0	0	550	1	
8757	0	0	0	478	3	
11099	0	0	0	585	7	
8179	0	0	0	562	1	
12244	0	0	0	630	2	
8839	0	0	0	466	2	
8321	0	0	0	460	2	
9856	0	0	0	588	1	
8392	0	0	0	521	6	
8772	0	0	0	471	4	
8561	0	0	0	450	0	
8808	0	0	0	575	1	
11621	0	0	0	601	2	
11973	0	0	0	616	3	
9258	0	0	0	526	0	
9203	0	0	0	537	4	
11935	0	0	0	635	5	
11337	0	0	0	581	4	
11012	0	0	0	559	0	
11447	0	0	0	551	4	
11244	0	0	0	598	6	
11232	0	0	0	552	3	
9265	0	0	0	503	1	
7544	0	0	0	406	0	
9550	0	0	0	473	3	
9941	0	0	0	530	3	
8354	0	0	0	522	2	
8764	0	0	0	458	3	
11125	0	0	0	564	0	
9285	0	0	0	471	2	
7529	0	0	0	438	1	
10410	0	0	0	564	1	
8001	0	0	0	513	2	
9832	0	0	0	570	4	
9181	0	0	0	523	1	
9008	0	0	0	471	4	
11191	0	0	0	583	3	
10003	0	0	0	517	1	
8221	0	0	0	450	2	
10320	0	0	0	545	1	
8604	0	0	0	479	3	
11256	0	0	0	613	3	
11130	0	0	0	584	0	
10925	0	0	0	569	2	
10666	0	0	0	556	3	
9885	0	0	0	504	1	
10266	0	0	0	515	3	
10578	0	0	0	531	1	
10912	0	0	0	562	1	
10932	0	0	0	523	3	
10428	0	0	0	504	3	
10469	0	0	0	503	3	
11083	0	0	0	539	3	
7727	0	0	0	531	2	
9850	0	0	0	620	4	
6592	0	0	0	370	0	
10458	0	0	0	538	1	
10520	0	0	0	562	4	
8296	0	0	0	435	5	
10271	0	0	0	564	1	
10212	0	0	0	531	2	
9375	0	0	0	513	3	
8725	0	0	0	489	1	
10153	0	0	0	530	2	
10353	0	0	0	537	2	
7882	0	0	0	432	3	
9200	0	0	0	528	2	
8774	0	0	0	524	0	
10049	0	0	0	520	1	
10121	0	0	0	525	4	
10195	0	0	0	535	1	
8874	0	0	0	476	0	
9551	0	0	0	520	1	
10419	0	0	0	526	0	
9389	0	0	0	486	2	
11838	0	0	0	572	1	
8899	0	0	0	600	1	
9492	0	0	0	531	2	
10290	0	0	0	509	5	
9349	0	0	0	489	5	
9666	0	0	0	509	0	
10193	0	0	0	520	3	
8660	0	0	0	483	2	
9096	0	0	0	502	0	
10306	0	0	0	544	1	
9044	0	0	0	510	1	
10293	0	0	0	531	1	
8252	0	0	0	419	1	
10356	0	0	0	554	1	
10694	0	0	0	551	1	
7663	0	0	0	431	1	
11031	0	0	0	572	3	
11488	0	0	0	612	1	
10789	0	0	0	556	0	
8772	0	0	0	527	2	
10375	0	0	0	548	3	
8419	0	0	0	453	3	
10786	0	0	0	573	0	
8450	0	0	0	505	3	
11219	0	0	0	597	2	
11517	0	0	0	584	0	
8043	0	0	0	445	0	
10944	0	0	0	566	1	
8082	0	0	0	444	0	
9119	0	0	0	499	1	
10870	0	0	0	530	3	
9882	0	0	0	479	0	
10852	0	0	0	526	3	
10306	0	0	0	513	2	
8110	0	0	0	496	2	
9205	0	0	0	481	3	
8634	0	0	0	439	0	
10319	0	0	0	528	0	
8889	0	0	0	464	1	
8853	0	0	0	495	2	
8027	0	0	0	487	2	
10938	0	0	0	575	2	
9240	0	0	0	482	0	
9263	0	0	0	475	1	
5878	0	0	0	377	2	
9647	0	0	0	529	2	
9438	0	0	0	529	1	
8667	0	0	0	529	0	
10818	0	0	0	563	1	
10664	0	0	0	547	0	
10210	0	0	0	535	3	
9627	0	0	0	512	2	
11048	0	0	0	588	0	
11529	0	0	0	601	0	
11222	0	0	0	561	2	
11354	0	0	0	596	1	
11616	0	0	0	566	0	
12279	0	0	0	591	2	
10868	0	0	0	537	0	
11198	0	0	0	561	1	
10849	0	0	0	533	1	
10107	0	0	0	526	1	
10536	0	0	0	541	1	
11040	0	0	0	560	0	
10692	0	0	0	566	2	
7679	0	0	0	400	1	
7667	0	0	0	474	0	
9792	0	0	0	507	0	
10027	0	0	0	517	2	
8300	0	0	0	437	0	
11087	0	0	0	589	0	
10695	0	0	0	553	1	
11284	0	0	0	585	1	
8346	0	0	0	443	0	
9544	0	0	0	506	0	
8556	0	0	0	473	1	
10256	0	0	0	537	2	
8538	0	0	0	455	2	
10041	0	0	0	534	0	
10915	0	0	0	575	1	
8574	0	0	0	516	2	
11328	0	0	0	568	2	
10291	0	0	0	542	0	
8418	0	0	0	539	0	
5149	0	0	0	409	1	
11007	0	0	0	537	0	
8052	0	0	0	454	0	
9231	0	0	0	518	0	
11282	0	0	0	549	0	
11131	0	0	0	591	2	
6874	0	0	0	509	0	
8677	0	0	0	519	0	
8837	0	0	0	515	0	
9728	0	0	0	498	1	
10564	0	0	0	538	1	
8431	0	0	0	477	0	
10358	0	0	0	558	2	
8846	0	0	0	554	0	
9851	0	0	0	505	1	
9868	0	0	0	508	0	
10151	0	0	0	521	2	
9931	0	0	0	518	0	
10509	0	0	0	559	0	
8226	0	0	0	461	0	
7242	0	0	0	372	0	
11087	0	0	0	587	2	
10522	0	0	0	550	0	
10094	0	0	0	532	0	
10546	0	0	0	555	0	
10869	0	0	0	565	1	
10150	0	0	0	504	1	
10585	0	0	0	552	2	
11293	0	0	0	564	0	
10465	0	0	0	512	0	
9685	0	0	0	480	1	
9729	0	0	0	474	0	
9933	0	0	0	499	1	
9848	0	0	0	523	1	
9808	0	0	0	518	1	
10586	0	0	0	551	0	
10359	0	0	0	544	0	
10807	0	0	0	562	0	
10330	0	0	0	551	0	
9961	0	0	0	513	0	
7463	0	0	0	396	0	
9909	0	0	0	509	1	
8215	0	0	0	554	0	
10282	0	0	0	533	0	
9248	0	0	0	641	0	
11433	0	0	0	593	2	
10307	0	0	0	536	0	
9309	0	0	0	511	0	
8724	0	0	0	542	0	
10716	0	0	0	578	0	
10947	0	0	0	574	0	
9465	0	0	0	573	0	
11085	0	0	0	583	1	
10730	0	0	0	515	0	
10225	0	0	0	529	0	
9496	0	0	0	509	1	
10890	0	0	0	554	0	
10679	0	0	0	527	0	
9497	0	0	0	523	0	
10518	0	0	0	512	0	
7910	0	0	0	563	0	
8569	0	0	0	445	0	
9828	0	0	0	505	0	
10051	0	0	0	515	0	
10555	0	0	0	553	0	
8573	0	0	0	504	1	
10260	0	0	0	530	1	
8753	0	0	0	515	0	
9721	0	0	0	570	0	
10316	0	0	0	538	0	
9399	0	0	0	487	3	
10608	0	0	0	556	1	
11078	0	0	0	587	0	
9890	0	0	0	528	1	
8290	0	0	0	527	0	
10229	0	0	0	618	0	
10184	0	0	0	607	1	
10376	0	0	0	540	0	
8808	0	0	0	527	0	
10141	0	0	0	517	1	
11315	0	0	0	598	0	
10910	0	0	0	532	0	
10952	0	0	0	553	0	
10293	0	0	0	516	0	
8211	0	0	0	438	0	
10055	0	0	0	508	0	
10717	0	0	0	544	1	
10493	0	0	0	532	1	
10745	0	0	0	182	0	
10167	0	0	0	27	1	
10619	0	0	0	28	0	
9577	0	0	0	23	0	
11761	0	0	0	27	0	
10527	0	0	0	26	0	
10541	0	0	0	26	0	
10386	0	0	0	25	0	
10959	0	0	0	25	0	
9630	0	0	0	26	0	
10292	0	0	0	24	0	
11109	0	0	0	9	1	
11623	0	0	0	262	0	
10756	0	0	0	558	1	
10221	0	0	0	529	0	
10294	0	0	0	555	0	
10585	0	0	0	597	0	
7046	0	0	0	438	0	
9604	0	0	0	596	0	
10949	0	0	0	557	0	
10075	0	0	0	518	0	
6514	0	0	0	471	0	
10807	0	0	0	526	1	
10181	0	0	0	492	1	
10668	0	0	0	515	0	
9875	0	0	0	484	0	
10328	0	0	0	542	1	
11023	0	0	0	558	0	
11455	0	0	0	588	0	
10159	0	0	0	515	0	
8515	0	0	0	500	0	
8155	0	0	0	529	0	
8455	0	0	0	452	0	
9431	0	0	0	497	0	
10415	0	0	0	543	0	
9161	0	0	0	619	0	
10863	0	0	0	572	0	
10445	0	0	0	540	0	
9559	0	0	0	484	0	
10375	0	0	0	538	0	
9000	0	0	0	506	0	
7994	0	0	0	453	0	
9235	0	0	0	546	0	
9936	0	0	0	528	0	
10350	0	0	0	658	1	
10675	0	0	0	564	1	
10579	0	0	0	517	1	
9974	0	0	0	516	0	
7723	0	0	0	406	0	
7897	0	0	0	403	0	
9732	0	0	0	483	1	
9779	0	0	0	474	0	
10760	0	0	0	521	1	
9494	0	0	0	544	2	
8075	0	0	0	514	0	
10273	0	0	0	532	0	
7319	0	0	0	394	1	
10832	0	0	0	548	1	
8718	0	0	0	469	0	
10851	0	0	0	560	2	
10081	0	0	0	523	0	
10385	0	0	0	538	0	
10275	0	0	0	538	0	
8752	0	0	0	502	0	
8628	0	0	0	495	0	
9805	0	0	0	520	1	
10843	0	0	0	559	1	
9899	0	0	0	604	0	
10830	0	0	0	575	0	
9785	0	0	0	517	0	
9719	0	0	0	513	0	
8256	0	0	0	519	0	
11142	0	0	0	591	0	
9274	0	0	0	508	0	
10031	0	0	0	516	0	
9949	0	0	0	552	0	
7949	0	0	0	433	0	
9470	0	0	0	479	0	
10369	0	0	0	508	0	
10899	0	0	0	531	2	
10703	0	0	0	527	0	
7546	0	0	0	508	0	
11058	0	0	0	576	0	
6665	0	0	0	464	0	
10311	0	0	0	552	0	
8622	0	0	0	510	0	
10568	0	0	0	550	0	
9936	0	0	0	535	0	
10629	0	0	0	587	0	
10875	0	0	0	562	0	
8800	0	0	0	451	0	
9913	0	0	0	519	0	
10467	0	0	0	604	0	
9779	0	0	0	519	0	
10202	0	0	0	530	1	
10776	0	0	0	561	0	
10987	0	0	0	575	0	
11341	0	0	0	607	0	
10628	0	0	0	564	0	
9683	0	0	0	519	0	
10009	0	0	0	527	0	
10877	0	0	0	554	0	
8135	0	0	0	460	0	
8299	0	0	0	448	0	
10355	0	0	0	508	0	
10738	0	0	0	521	0	
9738	0	0	0	470	0	
10478	0	0	0	524	0	
10363	0	0	0	598	0	
9515	0	0	0	518	0	
9806	0	0	0	517	1	
10790	0	0	0	565	0	
8478	0	0	0	475	0	
10922	0	0	0	564	0	
11049	0	0	0	605	1	
8727	0	0	0	491	0	
10070	0	0	0	534	0	
10785	0	0	0	555	0	
10451	0	0	0	539	0	
10725	0	0	0	572	0	
11501	0	0	0	615	0	
10933	0	0	0	575	0	
11057	0	0	0	583	0	
10457	0	0	0	547	1	
10427	0	0	0	547	0	
10149	0	0	0	532	0	
9505	0	0	0	504	0	
11121	0	0	0	572	0	
11310	0	0	0	571	0	
10634	0	0	0	542	0	
10689	0	0	0	524	0	
10404	0	0	0	506	0	
8294	0	0	0	514	0	
7292	0	0	0	559	0	
8597	0	0	0	451	0	
9882	0	0	0	510	0	
11107	0	0	0	576	0	
10714	0	0	0	540	0	
7758	0	0	0	422	0	
10612	0	0	0	564	0	
10634	0	0	0	559	0	
9791	0	0	0	511	0	
10567	0	0	0	551	0	
10009	0	0	0	525	0	
11130	0	0	0	595	0	
10783	0	0	0	561	0	
10817	0	0	0	556	0	
10371	0	0	0	540	1	
8031	0	0	0	426	0	
10428	0	0	0	551	0	
9764	0	0	0	512	0	
8743	0	0	0	539	1	
10183	0	0	0	552	0	
9499	0	0	0	594	0	
8410	0	0	0	564	0	
11034	0	0	0	550	0	
10188	0	0	0	526	0	
10495	0	0	0	516	0	
10091	0	0	0	532	0	
10925	0	0	0	541	0	
10708	0	0	0	539	0	
10626	0	0	0	527	0	
10886	0	0	0	549	0	
11255	0	0	0	584	2	
10248	0	0	0	528	0	
8512	0	0	0	457	0	
9922	0	0	0	515	0	
10477	0	0	0	542	0	
10477	0	0	0	546	0	
10854	0	0	0	578	0	
10806	0	0	0	589	0	
11810	0	0	0	637	0	
10206	0	0	0	552	0	
9952	0	0	0	515	0	
10055	0	0	0	515	0	
10505	0	0	0	547	0	
10155	0	0	0	522	0	
10337	0	0	0	549	0	
10749	0	0	0	557	0	
10821	0	0	0	575	0	
6919	0	0	0	390	0	
8585	0	0	0	522	0	
10023	0	0	0	604	0	
9836	0	0	0	545	0	
9549	0	0	0	500	0	
9110	0	0	0	453	0	
9223	0	0	0	449	0	
9186	0	0	0	457	0	
9138	0	0	0	540	0	
8468	0	0	0	466	0	
9042	0	0	0	477	0	
10223	0	0	0	531	0	
9039	0	0	0	499	0	
10416	0	0	0	544	0	
7964	0	0	0	569	0	
9248	0	0	0	528	0	
8295	0	0	0	544	0	
10231	0	0	0	548	0	
10677	0	0	0	553	0	
10170	0	0	0	558	1	
8257	0	0	0	457	0	
10186	0	0	0	541	0	
10566	0	0	0	565	0	
10527	0	0	0	542	0	
11785	0	0	0	620	0	
11437	0	0	0	605	0	
10428	0	0	0	585	0	
11543	0	0	0	610	0	
11491	0	0	0	578	0	
11936	0	0	0	611	0	
11179	0	0	0	554	0	
9473	0	0	0	475	0	
10898	0	0	0	568	0	
11743	0	0	0	571	0	
12383	0	0	0	596	0	
11875	0	0	0	579	0	
11590	0	0	0	575	0	
11751	0	0	0	607	0	
11625	0	0	0	580	0	
11681	0	0	0	592	0	
12127	0	0	0	624	0	
11645	0	0	0	612	0	
11510	0	0	0	597	0	
11017	0	0	0	572	0	
11254	0	0	0	589	0	
11823	0	0	0	631	0	
8461	0	0	0	467	0	
10436	0	0	0	668	0	
11322	0	0	0	588	0	
6989	0	0	0	481	0	
10722	0	0	0	568	0	
11159	0	0	0	583	0	
8636	0	0	0	549	0	
8882	0	0	0	494	0	
11346	0	0	0	558	0	
12176	0	0	0	628	0	
7981	0	0	0	541	0	
10850	0	0	0	604	0	
11915	0	0	0	602	0	
10055	0	0	0	586	0	
9938	0	0	0	504	0	
11122	0	0	0	563	1	
11031	0	0	0	578	0	
9763	0	0	0	526	0	
9448	0	0	0	605	1	
11549	0	0	0	596	0	
11556	0	0	0	593	0	
9192	0	0	0	546	0	
8864	0	0	0	526	0	
9757	0	0	0	633	0	
10334	0	0	0	777	0	
11549	0	0	0	599	0	
10665	0	0	0	549	0	
11169	0	0	0	573	0	
10984	0	0	0	561	0	
11436	0	0	0	602	0	
10986	0	0	0	576	0	
11506	0	0	0	606	0	
11259	0	0	0	597	0	
12172	0	0	0	592	0	
10627	0	0	0	532	0	
11487	0	0	0	567	0	
6986	0	0	0	379	0	
11457	0	0	0	555	0	
10343	0	0	0	504	0	
10755	0	0	0	540	0	
11056	0	0	0	580	0	
7534	0	0	0	458	0	
11015	0	0	0	561	0	
9707	0	0	0	516	0	
11387	0	0	0	587	0	
11160	0	0	0	573	0	
10346	0	0	0	540	0	
10972	0	0	0	569	0	
11837	0	0	0	630	0	
8111	0	0	0	436	0	
9068	0	0	0	523	0	
9443	0	0	0	482	0	
12189	0	0	0	635	0	
11845	0	0	0	605	0	
9604	0	0	0	536	0	
9091	0	0	0	499	0	
11933	0	0	0	638	0	
11185	0	0	0	586	0	
8775	0	0	0	485	0	
10914	0	0	0	555	0	
11532	0	0	0	564	0	
9990	0	0	0	523	0	
11526	0	0	0	557	0	
8564	0	0	0	447	0	
11130	0	0	0	539	0	
11360	0	0	0	593	0	
9524	0	0	0	509	0	
10287	0	0	0	523	0	
11142	0	0	0	578	0	
10726	0	0	0	543	0	
10394	0	0	0	532	0	
10601	0	0	0	549	0	
11583	0	0	0	610	0	
11398	0	0	0	594	0	
10838	0	0	0	573	0	
10374	0	0	0	534	0	
8611	0	0	0	550	0	
11600	0	0	0	603	0	
11318	0	0	0	565	0	
10971	0	0	0	566	0	
11377	0	0	0	594	0	
8412	0	0	0	463	0	
8168	0	0	0	436	0	
10599	0	0	0	557	0	
11132	0	0	0	557	0	
11646	0	0	0	624	0	
11669	0	0	0	564	0	
10340	0	0	0	524	0	
10508	0	0	0	531	0	
11113	0	0	0	537	1	
10693	0	0	0	524	0	
11037	0	0	0	540	0	
11488	0	0	0	576	0	
11569	0	0	0	597	0	
10843	0	0	0	567	0	
10888	0	0	0	561	0	
10112	0	0	0	572	0	
9580	0	0	0	540	0	
10029	0	0	0	521	0	
8046	0	0	0	487	0	
11453	0	0	0	605	0	
11003	0	0	0	569	0	
11069	0	0	0	576	0	
10686	0	0	0	552	0	
10837	0	0	0	577	0	
11153	0	0	0	585	1	
10835	0	0	0	579	0	
10257	0	0	0	549	0	
10388	0	0	0	559	0	
11264	0	0	0	604	0	
11037	0	0	0	542	0	
10496	0	0	0	553	0	
11107	0	0	0	561	0	
10685	0	0	0	524	0	
6604	0	0	0	409	0	
9910	0	0	0	489	0	
9640	0	0	0	493	0	
11308	0	0	0	603	0	
8740	0	0	0	528	0	
11272	0	0	0	577	0	
6890	0	0	0	391	0	
10663	0	0	0	569	1	
8845	0	0	0	464	0	
9106	0	0	0	478	0	
10295	0	0	0	539	0	
9346	0	0	0	545	0	
11068	0	0	0	586	0	
10248	0	0	0	533	0	
10811	0	0	0	564	0	
10032	0	0	0	519	0	
9768	0	0	0	515	0	
8635	0	0	0	516	0	
10207	0	0	0	532	0	
8893	0	0	0	579	0	
10692	0	0	0	589	0	
10868	0	0	0	567	0	
10597	0	0	0	549	0	
8380	0	0	0	466	0	
10426	0	0	0	540	0	
10836	0	0	0	537	0	
11258	0	0	0	571	0	
10216	0	0	0	511	0	
10885	0	0	0	522	0	
9319	0	0	0	472	0	
8148	0	0	0	546	0	
10675	0	0	0	526	0	
9387	0	0	0	491	0	
9702	0	0	0	502	0	
10484	0	0	0	543	0	
10273	0	0	0	538	0	
7641	0	0	0	512	0	
10873	0	0	0	586	0	
8542	0	0	0	551	0	
10801	0	0	0	558	0	
10359	0	0	0	531	0	
10423	0	0	0	545	0	
10542	0	0	0	561	0	
8314	0	0	0	632	0	
9945	0	0	0	529	0	
8637	0	0	0	445	0	
10754	0	0	0	568	0	
9090	0	0	0	489	0	
9450	0	0	0	490	0	
10543	0	0	0	569	0	
11222	0	0	0	577	0	
8889	0	0	0	519	0	
10405	0	0	0	517	0	
11170	0	0	0	589	0	
11098	0	0	0	549	0	
10771	0	0	0	527	0	
7877	0	0	0	479	0	
9937	0	0	0	497	0	
9859	0	0	0	519	0	
9392	0	0	0	539	0	
10906	0	0	0	578	0	
11219	0	0	0	569	0	
10868	0	0	0	590	0	
10705	0	0	0	557	0	
10741	0	0	0	568	0	
11331	0	0	0	592	0	
11829	0	0	0	615	0	
10892	0	0	0	565	0	
8870	0	0	0	497	0	
7706	0	0	0	431	0	
10661	0	0	0	555	0	
10619	0	0	0	554	0	
7502	0	0	0	450	0	
10375	1	0	0	540	0	
12121	0	0	0	591	0	
11444	0	0	0	560	0	
6776	0	0	0	397	0	
11557	0	0	0	564	0	
11575	0	0	0	550	0	
11649	0	0	0	561	0	
11612	0	0	0	567	0	
11414	0	0	0	621	0	
11730	0	0	0	571	0	
10069	0	0	0	522	0	
8902	0	0	0	428	0	
11802	0	0	0	568	0	
11202	0	0	0	536	0	
10892	0	0	0	525	0	
10814	0	0	0	523	0	
10857	0	0	0	540	0	
8551	0	0	0	1071	0	
4293	0	0	0	1520	0	
11056	0	0	0	542	0	
11177	0	0	0	542	0	
11526	0	0	0	545	0	
11494	0	0	0	549	0	
10266	0	0	0	504	0	
10858	0	0	0	532	0	
10029	0	0	0	481	0	
7209	0	0	0	357	0	
10046	0	0	0	492	0	
11792	0	0	0	573	0	
11769	0	0	0	576	0	
11027	0	0	0	533	0	
11135	0	0	0	556	0	
10977	0	0	0	538	0	
11450	0	0	0	561	0	
10659	0	0	0	525	0	
11022	0	0	0	535	0	
11688	0	0	0	569	0	
9975	0	0	0	595	0	
10477	0	5	0	114	0	
9241	0	6	0	122	0	
11956	0	8	0	21	0	
8879	0	7	0	82	0	
8937	0	7	0	13	0	
6412	0	4	0	71	0	
10265	0	7	0	32	0	
10213	0	7	0	48	0	
11005	0	8	0	8	0	
11052	0	7	0	8	0	
11797	0	8	0	20	0	
11236	0	7	0	48	0	
10716	0	7	0	32	0	
11520	0	7	0	60	0	
11943	0	6	0	52	0	
9527	0	6	0	34	0	
11171	0	7	0	82	0	
11506	0	6	0	65	0	
10535	0	7	0	60	0	
11231	0	6	0	74	0	
10957	0	7	0	73	0	
11557	0	7	0	64	0	
10838	0	6	0	65	0	
10965	0	7	0	60	0	
10546	0	7	0	38	0	
8100	0	6	0	34	0	
11783	0	7	0	41	0	
9724	0	7	0	83	0	
10770	0	7	0	73	0	
11050	0	6	0	70	0	
8887	0	6	0	82	0	
9790	0	7	0	61	0	
11026	0	6	0	43	0	
12001	0	7	0	66	0	
12013	0	7	0	82	0	
11447	0	6	0	75	0	
10781	0	7	0	58	0	
11354	0	7	0	59	0	
11655	0	6	0	56	0	
11678	0	7	0	58	0	
11378	0	7	0	41	0	
11177	0	7	0	34	0	
11448	0	7	0	77	0	
12264	0	7	0	45	0	
12177	0	6	0	83	0	
11505	0	7	0	79	0	
11334	0	6	0	88	0	
10831	0	6	0	93	0	
10904	0	7	0	62	0	
11477	0	7	0	84	0	
10206	0	6	0	78	0	
10246	0	6	0	82	0	
6412	0	7	0	56	0	
11032	0	7	0	66	0	
11992	0	6	0	65	0	
11672	0	7	0	60	0	
11380	0	7	0	46	0	
11469	0	7	0	43	0	
11438	0	7	0	37	0	
10050	0	7	0	23	0	
10855	0	7	0	46	0	
11459	0	7	0	51	0	
11754	0	7	0	8	0	
11957	0	8	0	33	0	
11962	0	7	0	18	0	
11054	0	7	0	39	0	
8446	0	5	0	159	0	
8305	0	7	0	123	0	
11010	0	6	0	72	0	
11436	0	7	0	77	0	
9690	0	8	0	83	0	
9519	0	6	0	100	0	
10017	0	7	0	55	0	
10948	0	6	0	121	0	
8399	0	5	0	150	0	
11050	0	7	0	72	0	
10722	0	7	0	47	0	
7644	0	6	0	160	0	
10306	0	7	0	23	0	
11599	0	7	0	8	0	
9916	0	7	0	7	0	
11842	0	8	0	16	0	
12360	0	7	0	40	0	
11654	0	7	0	11	0	
11550	0	7	0	41	0	
11629	0	7	0	91	0	
12600	0	6	0	73	0	
10834	0	7	0	47	0	
10805	0	7	0	79	0	
11108	0	6	0	60	0	
11946	0	7	0	79	0	
11301	0	6	0	86	0	
11072	0	7	0	92	0	
11495	0	6	0	82	0	
12117	0	7	0	79	0	
11346	0	6	0	78	0	
9473	0	7	0	92	0	
10214	0	6	0	97	0	
10154	0	6	0	154	0	
10665	0	7	0	80	0	
10714	0	6	0	89	0	
9298	0	6	0	106	0	
11030	0	6	0	88	0	
10698	0	6	0	87	0	
11018	0	7	0	71	0	
11110	0	6	0	66	0	
11666	0	7	0	79	0	
11005	0	7	0	71	0	
10990	0	6	0	51	0	
11292	0	7	0	93	0	
8394	0	6	0	113	0	
9265	0	7	0	11	0	
10338	0	7	0	28	0	
11770	0	7	0	32	0	
10596	0	8	0	40	0	
12037	0	7	0	29	0	
9117	0	8	0	29	0	
11992	0	7	0	50	0	
12374	0	6	0	60	0	
11675	0	7	0	71	0	
11833	0	7	0	56	0	
11704	0	7	0	49	0	
12082	0	7	0	24	0	
10829	0	7	0	34	0	
11171	0	8	0	23	0	
11686	0	7	0	37	0	
11432	0	6	0	62	0	
11258	0	7	0	79	0	
10492	0	6	0	62	0	
11259	0	7	0	74	0	
9815	0	7	0	123	0	
10008	0	7	0	142	0	
8778	0	6	0	117	0	
10647	0	6	0	75	0	
11563	0	7	0	35	0	
10469	0	7	0	42	0	
8676	0	7	0	41	0	
11282	0	8	0	27	0	
10060	0	6	0	101	0	
10035	0	5	0	126	0	
11245	0	7	0	87	0	
11582	0	6	0	76	0	
11463	0	7	0	76	0	
10779	0	6	0	62	0	
8957	0	7	0	53	0	
10059	0	6	0	117	0	
12261	0	7	0	83	0	
10875	0	6	0	52	0	
11013	0	7	0	65	0	
10347	0	6	0	52	0	
10762	0	7	0	93	0	
10799	0	6	0	65	0	
11230	0	7	0	87	0	
11011	0	6	0	77	0	
12085	0	7	0	61	0	
8830	0	7	0	78	0	
11226	0	6	0	88	0	
11460	0	6	0	104	0	
10825	0	7	0	97	0	
10723	0	7	0	9	0	
11076	0	7	0	51	0	
11487	0	7	0	24	0	
11830	0	7	0	23	0	
11482	0	7	0	52	0	
9319	0	7	0	69	0	
9638	0	6	0	78	0	
11195	0	7	0	36	0	
11574	0	8	0	8	0	
10601	0	7	0	12	0	
11125	0	7	0	64	0	
11739	0	7	0	45	0	
11747	0	7	0	56	0	
11116	0	7	0	55	0	
9178	0	7	0	34	0	
11826	0	7	0	59	0	
11705	0	6	0	78	0	
11819	0	7	0	82	0	
11658	0	6	0	76	0	
12209	0	7	0	80	0	
11913	0	6	0	60	0	
11960	0	7	0	86	0	
11224	0	7	0	61	0	
10472	0	5	0	102	0	
9532	0	7	0	80	0	
10339	0	7	0	95	0	
11438	0	6	0	61	0	
12027	0	7	0	76	0	
8916	0	6	0	97	0	
8206	0	7	0	112	0	
11132	0	6	0	65	0	
11624	0	7	0	95	0	
9519	0	6	0	81	0	
9697	0	7	0	63	0	
8834	0	6	0	18	0	
10016	0	7	0	93	0	
7213	0	7	0	32	0	
11894	0	7	0	7	0	
11124	0	7	0	59	0	
7939	0	7	0	67	0	
10083	0	7	0	59	0	
10585	0	6	0	77	0	
11037	0	6	0	81	0	
10897	0	7	0	70	0	
11058	0	7	0	66	0	
8391	0	6	0	129	0	
11447	0	6	0	96	0	
11411	0	7	0	76	0	
10279	0	6	0	63	0	
10460	0	7	0	70	0	
10719	0	6	0	65	0	
11157	0	7	0	43	0	
10831	0	7	0	38	0	
11010	0	7	0	45	0	
11027	0	7	0	76	0	
11037	0	6	0	76	0	
8410	0	7	0	57	0	
8851	0	7	0	189	0	
11289	0	6	0	107	0	
10792	0	6	0	76	0	
11207	0	6	0	102	0	
11731	0	7	0	74	0	
11599	0	6	0	76	0	
9527	0	6	0	41	0	
9897	0	7	0	14	0	
11009	0	7	0	86	0	
8499	0	5	0	98	0	
11146	0	7	0	84	0	
10125	0	7	0	51	0	
10739	0	6	0	64	0	
9212	0	7	0	48	0	
11776	0	7	0	52	0	
9113	0	7	0	62	0	
11108	0	6	0	71	0	
11641	0	7	0	68	0	
11889	0	4	0	301	0	
11104	0	6	0	80	0	
11114	0	7	0	78	0	
9779	0	6	0	89	0	
9319	0	6	0	61	0	
9408	0	7	0	112	0	
11309	0	3	0	254	0	
11588	0	4	0	272	0	
9134	0	4	0	197	0	
11633	0	4	0	303	0	
11431	0	4	0	270	0	
11482	0	4	0	261	0	
11260	0	4	0	244	0	
10128	0	4	0	224	0	
9215	0	4	0	188	0	
12289	0	3	0	280	0	
11407	0	4	0	282	0	
11083	0	4	0	258	0	
11093	0	4	0	262	0	
12383	0	4	0	284	0	
10106	0	3	0	202	0	
11241	0	5	0	248	0	
10936	0	4	0	233	0	
11918	0	4	0	267	0	
11440	0	4	0	266	0	
11402	0	3	0	259	0	
11069	0	4	0	266	0	
11073	0	4	0	272	0	
10651	0	4	0	261	0	
11075	0	4	0	247	0	
11208	0	4	0	241	0	
11330	0	4	0	251	0	
11285	0	3	0	85	0	
7626	0	4	0	10	0	
9170	0	4	0	9	0	
10705	0	4	0	12	0	
7679	0	3	0	7	0	
11472	0	4	0	12	0	
9946	0	4	0	12	0	
10401	0	4	0	11	0	
8782	0	4	0	10	0	
11270	0	3	0	13	0	
11037	0	4	0	13	0	
10402	0	4	0	13	0	
10963	0	4	0	13	0	
10457	0	4	0	12	0	
10763	0	4	0	12	0	
10523	0	3	0	13	0	
10853	0	4	0	13	0	
11378	0	4	0	13	0	
11533	0	4	0	13	0	
12551	0	4	0	13	0	
11252	0	4	0	12	0	
10399	0	4	0	12	0	
9888	0	4	0	12	0	
10698	0	4	0	12	0	
9128	0	3	0	13	0	
6475	0	3	0	10	0	
11182	0	4	0	13	0	
9746	0	3	0	9	0	
11082	0	4	0	14	0	
12198	0	5	0	11	0	
10318	0	4	0	12	0	
10264	0	4	0	13	0	
11457	0	4	0	12	0	
10227	0	4	0	12	0	
9933	0	3	0	14	0	
10090	0	4	0	9	0	
11527	0	4	0	13	0	
11321	0	4	0	12	0	
9207	0	4	0	10	0	
11323	0	4	0	12	0	
8771	0	3	0	10	0	
11386	0	4	0	12	0	
10235	0	4	0	7	0	
9351	0	4	0	17	0	
8945	0	4	0	306	0	
11110	0	4	0	242	0	
12266	0	4	0	277	0	
10705	0	4	0	256	0	
11073	0	3	0	274	0	
11712	0	4	0	269	0	
11475	0	4	0	277	0	
10704	0	4	0	274	0	
11279	0	4	0	278	0	
12182	0	4	0	277	0	
12066	0	4	0	271	0	
12075	0	4	0	261	0	
11418	0	4	0	263	0	
12106	0	3	0	275	0	
11646	0	4	0	267	0	
12091	0	4	0	280	0	
11420	0	4	0	269	0	
11500	0	4	0	259	0	
6744	0	2	0	317	0	
11576	0	5	0	200	0	
8745	0	3	0	274	0	
9289	0	4	0	292	0	
11387	0	4	0	278	0	
9401	0	4	0	221	0	
10899	0	4	0	245	0	
11386	0	4	0	251	0	
9343	0	3	0	250	0	
12040	0	5	0	249	0	
11569	0	4	0	258	0	
11081	0	4	0	250	0	
11758	0	4	0	258	0	
12485	0	4	0	272	0	
11533	0	4	0	257	0	
12058	0	3	0	276	0	
11276	0	4	0	260	0	
10980	0	5	0	285	0	
9585	0	4	0	227	0	
10919	0	4	0	263	0	
9185	0	3	0	162	0	
12059	0	4	0	292	0	
11163	0	4	0	272	0	
10959	0	4	0	327	0	
11617	0	3	0	323	0	
11229	0	2	0	400	0	
11837	0	2	0	417	0	
9750	0	2	0	367	0	
10044	0	2	0	372	0	
11875	0	3	0	347	0	
9792	0	2	0	371	0	
10545	0	2	0	373	0	
11621	0	3	0	318	0	
11392	0	2	0	407	0	
8724	0	2	0	423	0	
9918	0	2	0	330	0	
11383	0	2	0	361	0	
11545	0	3	0	390	0	
9463	0	2	0	425	0	
11601	0	2	0	404	0	
11720	0	2	0	344	0	
11505	0	3	0	392	0	
8956	0	2	0	384	0	
11047	0	2	0	356	0	
11780	0	3	0	373	0	
12083	0	2	0	385	0	
11401	0	3	0	347	0	
9007	0	2	0	319	0	
10671	0	2	0	378	0	
8045	0	2	0	281	0	
11005	0	3	0	336	0	
11284	0	2	0	411	0	
11291	0	2	0	324	0	
11018	0	3	0	366	0	
11220	0	3	0	315	0	
11351	0	2	0	398	0	
11500	0	3	0	322	0	
11840	0	2	0	420	0	
11704	0	2	0	362	0	
11238	0	3	0	350	0	
10679	0	2	0	330	0	
12079	0	3	0	392	0	
8890	0	2	0	299	0	
10897	0	2	0	344	0	
12080	0	3	0	390	0	
11606	0	2	0	339	0	
8683	0	2	0	305	0	
11019	0	3	0	376	0	
12093	0	2	0	436	0	
7895	0	2	0	328	0	
11561	0	2	0	421	0	
11188	0	3	0	328	0	
8865	0	2	0	375	0	
11184	0	2	0	376	0	
9283	0	2	0	317	0	
11884	0	3	0	360	0	
10631	0	2	0	443	0	
11421	0	2	0	428	0	
9430	0	2	0	334	0	
9797	0	2	0	355	0	
11338	0	3	0	407	0	
11701	0	2	0	393	0	
9854	0	3	0	373	0	
10634	0	2	0	365	0	
10169	0	2	0	380	0	
8797	0	2	0	322	0	
10862	0	3	0	318	0	
11325	0	2	0	399	0	
11084	0	3	0	381	0	
10816	0	2	0	425	0	
11155	0	2	0	321	0	
10067	0	3	0	328	0	
9520	0	2	0	362	0	
10403	0	2	0	318	0	
8617	0	3	0	278	0	
10963	0	2	0	479	0	
11832	0	2	0	393	0	
9907	0	3	0	297	0	
8782	0	2	0	297	0	
11862	0	2	0	399	0	
11922	0	3	0	356	0	
9059	0	2	0	348	0	
11662	0	2	0	391	0	
11731	0	3	0	376	0	
11860	0	2	0	407	0	
10943	0	3	0	316	0	
10948	0	2	0	368	0	
11407	0	3	0	315	0	
11448	0	2	0	358	0	
12067	0	3	0	400	0	
11726	0	2	0	379	0	
9222	0	2	0	318	0	
10293	0	3	0	339	0	
9389	0	2	0	337	0	
11368	0	2	0	392	0	
12125	0	2	0	358	0	
9569	0	3	0	405	0	
11385	0	2	0	417	0	
12075	0	2	0	431	0	
8267	0	2	0	398	0	
11734	0	2	0	406	0	
9058	0	2	0	340	0	
9263	0	2	0	330	0	
10367	0	3	0	348	0	
9714	0	2	0	331	0	
11193	0	2	0	342	0	
11473	0	3	0	389	0	
11829	0	3	0	352	0	
7875	0	1	0	373	0	
9717	0	3	0	287	0	
8739	0	2	0	412	0	
10705	0	2	0	406	0	
9002	0	2	0	300	0	
11465	0	3	0	351	0	
11679	0	2	0	415	0	
9357	0	2	0	341	0	
11438	0	2	0	373	0	
10123	0	2	0	332	0	
9758	0	3	0	357	0	
11471	0	2	0	413	0	
9600	0	2	0	400	0	
11221	0	3	0	330	0	
11469	0	2	0	406	0	
11890	0	2	0	437	0	
11047	0	2	0	380	0	
8008	0	3	0	306	0	
10778	0	2	0	376	0	
11061	0	3	0	338	0	
12038	0	2	0	412	0	
11600	0	3	0	359	0	
11674	0	2	0	365	0	
12065	0	3	0	394	0	
11798	0	3	0	335	0	
8878	0	2	0	331	0	
10885	0	3	0	337	0	
12136	0	3	0	382	0	
11923	0	3	0	367	0	
11415	0	3	0	325	0	
9888	0	3	0	308	0	
9002	0	2	0	298	0	
12092	0	3	0	374	0	
11800	0	3	0	334	0	
11081	0	3	0	324	0	
10636	0	2	0	290	0	
10301	0	3	0	372	0	
11196	0	3	0	343	0	
10687	0	3	0	314	0	
11581	0	2	0	337	0	
10318	0	3	0	340	0	
11074	0	3	0	334	0	
9638	0	3	0	283	0	
10576	0	2	0	329	0	
12160	0	3	0	378	0	
7806	0	3	0	271	0	
6244	0	3	0	317	0	
10230	0	3	0	336	0	
12040	0	3	0	345	0	
10992	0	3	0	300	0	
10435	0	2	0	336	0	
11673	0	3	0	356	0	
11180	0	3	0	337	0	
10911	0	2	0	315	0	
11272	0	3	0	357	0	
11625	0	3	0	365	0	
11578	0	3	0	344	0	
11777	0	3	0	334	0	
11056	0	3	0	310	0	
12015	0	2	0	394	0	
12037	0	3	0	368	0	
10670	0	3	0	305	0	
8606	0	2	0	300	0	
8252	0	3	0	385	0	
10474	0	3	0	323	0	
9132	0	3	0	257	0	
10094	0	2	0	289	0	
9500	0	4	0	405	0	
11399	0	2	0	353	0	
11681	0	3	0	357	0	
11860	0	3	0	342	0	
12211	0	3	0	357	0	
12094	0	2	0	396	0	
11207	0	3	0	345	0	
11026	0	3	0	325	0	
11801	0	3	0	337	0	
11474	0	3	0	330	0	
11112	0	2	0	360	0	
11527	0	3	0	361	0	
11575	0	3	0	354	0	
11130	0	3	0	321	0	
9909	0	3	0	290	0	
11539	0	3	0	341	0	
11920	0	2	0	371	0	
9759	0	3	0	276	0	
6641	0	3	0	354	0	
11744	0	3	0	328	0	
12205	0	3	0	349	0	
11940	0	2	0	376	0	
11995	0	3	0	395	0	
11606	0	3	0	343	0	
11949	0	3	0	349	0	
9191	0	2	0	308	0	
11211	0	3	0	318	0	
10742	0	3	0	304	0	
11619	0	2	0	328	0	
11292	0	3	0	356	0	
10316	0	3	0	329	0	
11360	0	3	0	335	0	
11793	0	3	0	333	0	
10862	0	2	0	333	0	
11907	0	3	0	371	0	
12040	0	3	0	363	0	
9457	0	3	0	370	0	
11754	0	3	0	329	0	
10355	0	2	0	309	0	
8933	0	3	0	366	0	
10056	0	3	0	337	0	
8960	0	3	0	395	0	
11113	0	3	0	322	0	
7651	0	2	0	239	0	
10508	0	3	0	437	0	
9193	0	3	0	263	0	
11767	0	3	0	326	0	
11167	0	2	0	326	0	
9483	0	3	0	394	0	
12061	0	3	0	341	0	
11337	0	3	0	327	0	
9475	0	2	0	341	0	
9259	0	3	0	357	0	
11195	0	3	0	316	0	
11127	0	3	0	310	0	
11618	0	2	0	345	0	
12097	0	3	0	413	0	
11788	0	3	0	345	0	
11224	0	3	0	319	0	
11963	0	3	0	349	0	
7706	0	2	0	313	0	
10878	0	3	0	330	0	
10697	0	3	0	307	0	
11779	0	3	0	323	0	
9528	0	2	0	387	0	
10350	0	3	0	318	0	
9940	0	3	0	281	0	
10841	0	3	0	306	0	
10695	0	2	0	304	0	
10798	0	3	0	358	0	
8287	0	3	0	219	0	
11398	0	3	0	323	0	
11897	0	3	0	333	0	
11927	0	3	0	345	0	
10783	0	2	0	336	0	
10732	0	3	0	349	0	
12048	0	3	0	357	0	
10903	0	3	0	306	0	
11260	0	3	0	366	0	
11383	0	3	0	349	0	
11795	0	3	0	339	0	
10994	0	3	0	314	0	
10802	0	3	0	299	0	
11218	0	3	0	322	0	
11732	0	3	0	339	0	
10694	0	3	0	299	0	
11228	0	3	0	329	0	
12493	0	3	0	359	0	
12951	0	3	0	353	0	
12243	0	3	0	324	0	
8820	0	4	0	320	0	
10046	0	3	0	298	0	
10672	0	3	0	308	0	
10902	0	3	0	323	0	
9505	0	3	0	241	0	
10620	0	3	0	311	0	
11495	0	3	0	337	0	
10561	0	3	0	296	0	
10514	0	3	0	296	0	
12584	0	3	0	338	0	
12183	0	4	0	347	0	
11484	0	3	0	324	0	
11106	0	3	0	321	0	
11950	0	3	0	349	0	
12121	0	3	0	359	0	
11271	0	3	0	313	0	
11682	0	3	0	340	0	
11743	0	3	0	335	0	
11636	0	3	0	323	0	
8506	0	3	0	251	0	
11117	0	3	0	313	0	
8250	0	3	0	282	0	
12252	0	3	0	355	0	
10728	0	3	0	323	0	
12012	0	4	0	336	0	
12107	0	3	0	339	0	
11788	0	3	0	326	0	
11641	0	3	0	332	0	
12026	0	3	0	352	0	
11341	0	3	0	343	0	
11892	0	3	0	332	0	
11493	0	3	0	331	0	
11178	0	3	0	326	0	
12476	0	3	0	340	0	
12047	0	3	0	345	0	
10434	0	3	0	288	0	
11416	0	3	0	318	0	
8852	0	3	0	384	0	
10410	0	4	0	339	0	
9947	0	2	0	290	0	
9314	0	3	0	288	0	
11174	0	3	0	321	0	
12364	0	3	0	338	0	
11541	0	3	0	322	0	
11472	0	4	0	326	0	
12074	0	3	0	339	0	
11468	0	3	0	322	0	
11459	0	3	0	336	0	
11148	0	3	0	325	0	
11992	0	3	0	352	0	
12139	0	3	0	357	0	
11697	0	3	0	340	0	
11927	0	3	0	321	0	
11136	0	3	0	312	0	
11345	0	3	0	307	0	
10648	0	3	0	295	0	
11404	0	3	0	326	0	
11440	0	4	0	328	0	
8294	0	2	0	402	0	
10911	0	3	0	314	0	
11666	0	3	0	313	0	
10507	0	4	0	289	0	
11527	0	3	0	340	0	
11300	0	3	0	315	0	
11471	0	3	0	323	0	
11087	0	3	0	320	0	
11851	0	3	0	341	0	
12049	0	3	0	347	0	
11133	0	3	0	329	0	
11194	0	3	0	299	0	
11639	0	3	0	316	0	
10993	0	3	0	297	0	
11890	0	3	0	316	0	
11025	0	3	0	314	0	
10737	0	3	0	315	0	
7727	0	3	0	223	0	
8215	0	3	0	292	0	
11026	0	3	0	322	0	
11601	0	3	0	318	0	
10893	0	4	0	309	0	
11520	0	3	0	332	0	
12074	0	3	0	347	0	
11226	0	3	0	317	0	
11790	0	3	0	339	0	
11173	0	3	0	321	0	
11354	0	3	0	325	0	
11998	0	3	0	349	0	
11842	0	3	0	337	0	
11830	0	3	0	317	0	
9630	0	3	0	314	0	
12213	0	3	0	335	0	
11634	0	3	0	333	0	
11282	0	3	0	318	0	
11812	0	3	0	337	0	
11426	0	4	0	325	0	
11497	0	3	0	336	0	
11367	0	3	0	324	0	
12080	0	3	0	344	0	
12362	0	3	0	351	0	
10716	0	3	0	314	0	
9932	0	3	0	300	0	
6912	0	2	0	227	0	
12160	0	3	0	342	0	
11261	0	3	0	314	0	
11446	0	3	0	323	0	
8515	0	3	0	236	0	
11765	0	4	0	329	0	
11411	0	3	0	326	0	
11232	0	3	0	321	0	
11072	0	3	0	313	0	
11674	0	3	0	335	0	
11132	0	3	0	319	0	
11123	0	3	0	322	0	
11947	0	3	0	349	0	
11914	0	3	0	333	0	
11306	0	3	0	305	0	
11637	0	3	0	322	0	
11357	0	3	0	305	0	
11650	0	4	0	335	0	
10677	0	3	0	317	0	
11976	0	3	0	351	0	
11558	0	3	0	341	0	
8098	0	3	0	255	0	
11464	0	3	0	338	0	
10622	0	3	0	296	0	
8470	0	3	0	250	0	
11443	0	3	0	308	0	
10991	0	3	0	304	0	
11443	0	3	0	325	0	
11961	0	3	0	332	0	
11685	0	4	0	334	0	
10877	0	3	0	315	0	
10756	0	3	0	301	0	
10966	0	3	0	312	0	
11917	0	3	0	337	0	
12174	0	3	0	354	0	
12133	0	3	0	355	0	
10424	0	3	0	304	0	
11760	0	3	0	329	0	
11491	0	3	0	323	0	
11551	0	3	0	369	0	
11169	0	4	0	314	0	
12238	0	3	0	357	0	
12249	0	3	0	352	0	
11826	0	3	0	335	0	
11713	0	3	0	336	0	
11242	0	3	0	312	0	
11452	0	3	0	326	0	
11773	0	3	0	343	0	
11631	0	3	0	332	0	
11500	0	3	0	309	0	
11347	0	3	0	313	0	
11457	0	3	0	320	0	
11627	0	4	0	308	0	
11145	0	3	0	329	0	
8642	0	3	0	353	0	
11293	0	2	0	363	0	
11794	0	3	0	330	0	
12605	0	4	0	356	0	
11746	0	3	0	354	0	
8517	0	3	0	274	0	
10848	0	3	0	309	0	
11321	0	3	0	331	0	
11355	0	3	0	324	0	
11194	0	3	0	319	0	
12006	0	3	0	345	0	
12162	0	3	0	338	0	
10625	0	3	0	299	0	
11817	0	3	0	331	0	
11595	0	3	0	324	0	
11838	0	3	0	333	0	
12080	0	4	0	325	0	
11535	0	3	0	327	0	
11749	0	3	0	342	0	
8544	0	3	0	294	0	
11625	0	3	0	339	0	
11373	0	3	0	326	0	
11024	0	3	0	311	0	
10934	0	3	0	315	0	
10759	0	3	0	300	0	
11401	0	3	0	312	0	
11675	0	3	0	327	0	
11042	0	3	0	292	0	
11061	0	3	0	308	0	
8265	0	4	0	266	0	
11159	0	3	0	336	0	
11277	0	3	0	343	0	
11370	0	3	0	344	0	
9153	0	3	0	289	0	
11640	0	3	0	344	0	
11725	0	3	0	329	0	
11253	0	3	0	304	0	
10914	0	3	0	316	0	
11023	0	3	0	309	0	
11428	0	3	0	317	0	
10706	0	3	0	316	0	
11187	0	3	0	325	0	
11358	0	3	0	317	0	
12470	0	3	0	345	0	
11774	0	4	0	347	0	
11721	0	3	0	319	0	
12026	0	3	0	355	0	
12038	0	3	0	354	0	
8108	0	3	0	258	0	
11321	0	3	0	339	0	
11834	0	4	0	408	0	
11873	0	3	0	333	0	
11984	0	3	0	346	0	
11868	0	3	0	331	0	
12356	0	3	0	350	0	
11442	0	3	0	333	0	
10668	0	3	0	324	0	
11518	0	3	0	344	0	
11980	0	3	0	358	0	
11795	0	3	0	337	0	
10742	0	3	0	318	0	
11384	0	4	0	420	0	
12086	0	3	0	337	0	
10459	0	3	0	299	0	
11220	0	3	0	312	0	
11292	0	3	0	311	0	
11342	0	3	0	319	0	
11458	0	4	0	324	0	
8732	0	2	0	335	0	
11779	0	3	0	327	0	
11718	0	3	0	317	0	
11239	0	3	0	310	0	
11885	0	3	0	315	0	
12152	0	4	0	342	0	
11907	0	3	0	346	0	
10858	0	3	0	313	0	
10806	0	3	0	313	0	
11461	0	3	0	333	0	
8156	0	3	0	339	0	
11270	0	3	0	324	0	
11134	0	3	0	318	0	
11786	0	3	0	326	0	
12161	0	3	0	338	0	
10402	0	3	0	298	0	
11108	0	3	0	322	0	
11449	0	3	0	333	0	
8984	0	3	0	286	0	
10707	0	4	0	300	0	
11768	0	3	0	337	0	
11573	0	3	0	346	0	
11830	0	3	0	346	0	
10950	0	3	0	310	0	
11529	0	3	0	336	0	
12192	0	3	0	341	0	
11487	0	3	0	319	0	
7814	0	3	0	284	0	
11152	0	3	0	309	0	
11808	0	3	0	324	0	
11659	0	4	0	324	0	
11508	0	3	0	321	0	
11370	0	3	0	323	0	
11618	0	3	0	328	0	
11481	0	3	0	329	0	
11759	0	3	0	338	0	
10294	0	4	0	344	0	
10359	0	3	0	318	0	
11671	0	3	0	336	0	
10498	0	3	0	306	0	
11349	0	3	0	311	0	
11617	0	3	0	327	0	
11171	0	3	0	336	0	
10089	0	3	0	288	0	
11424	0	3	0	334	0	
12086	0	3	0	340	0	
11535	0	4	0	335	0	
11148	0	3	0	320	0	
11431	0	3	0	326	0	
11761	0	3	0	332	0	
11602	0	3	0	324	0	
10692	0	3	0	310	0	
11083	0	3	0	336	0	
10923	0	3	0	320	0	
10459	0	3	0	304	0	
10125	0	3	0	299	0	
10577	0	3	0	306	0	
9027	0	3	0	269	0	
9856	0	3	0	343	0	
11746	0	4	0	351	0	
11667	0	3	0	337	0	
12223	0	3	0	352	0	
12218	0	3	0	354	0	
12061	0	3	0	353	0	
11633	0	3	0	345	0	
11346	0	3	0	316	0	
11498	0	3	0	326	0	
11258	0	3	0	323	0	
11410	0	3	0	321	0	
11514	0	3	0	313	0	
11813	0	3	0	335	0	
11243	0	3	0	317	0	
11244	0	3	0	331	0	
11383	0	4	0	322	0	
11893	0	3	0	340	0	
9157	0	3	0	295	0	
11606	0	3	0	332	0	
11508	0	3	0	326	0	
11616	0	3	0	328	0	
11261	0	3	0	313	0	
7692	0	3	0	318	0	
11150	0	3	0	334	0	
11011	0	3	0	315	0	
10605	0	3	0	305	0	
11492	0	3	0	319	0	
12827	0	3	0	346	0	
12045	0	3	0	330	0	
10990	0	3	0	292	0	
10697	0	3	0	301	0	
11509	0	4	0	324	0	
12312	0	3	0	359	0	
8499	0	2	0	400	0	
10580	0	3	0	308	0	
10536	0	3	0	313	0	
11226	0	3	0	316	0	
11227	0	3	0	305	0	
10664	0	3	0	285	0	
11097	0	3	0	308	0	
10883	0	3	0	306	0	
10427	0	4	0	303	0	
9948	0	3	0	289	0	
10274	0	3	0	301	0	
11298	0	3	0	341	0	
10875	0	3	0	313	0	
10752	0	3	0	319	0	
5830	0	3	0	294	0	
11457	0	3	0	329	0	
10057	0	3	0	299	0	
9894	0	3	0	284	0	
9990	0	3	0	290	0	
10155	0	3	0	307	0	
10514	0	3	0	319	0	
10401	0	3	0	296	0	
11466	0	3	0	318	0	
11492	0	3	0	317	0	
10589	0	4	0	309	0	
10799	0	3	0	317	0	
10156	0	3	0	302	0	
10285	0	3	0	303	0	
10000	0	3	0	293	0	
10411	0	3	0	304	0	
9848	0	3	0	286	0	
11037	0	4	0	305	0	
10943	0	3	0	323	0	
10758	0	3	0	307	0	
11402	0	3	0	332	0	
10804	0	3	0	320	0	
9694	0	3	0	294	0	
10831	0	3	0	321	0	
8306	0	3	0	223	0	
10412	0	3	0	280	0	
11212	0	3	0	311	0	
11369	0	3	0	310	0	
11250	0	3	0	310	0	
10017	0	3	0	267	0	
10667	0	4	0	309	0	
10219	0	3	0	291	0	
10967	0	3	0	326	0	
8675	0	3	0	275	0	
10741	0	3	0	306	0	
10683	0	3	0	311	0	
10913	0	3	0	323	0	
11554	0	3	0	319	0	
11355	0	3	0	313	0	
10237	0	3	0	284	0	
10262	0	3	0	280	0	
11003	0	3	0	308	0	
10001	0	3	0	281	0	
7799	0	3	0	241	0	
11252	0	3	0	327	0	
10797	0	3	0	307	0	
10528	0	3	0	296	0	
10843	0	3	0	309	0	
8666	0	3	0	284	0	
10451	0	3	0	301	0	
10333	0	3	0	306	0	
9904	0	3	0	286	0	
10571	0	3	0	299	0	
10974	0	3	0	320	0	
11048	0	4	1	304	0	
10708	0	0	0	575	0	
11083	0	0	0	598	0	
10730	0	0	0	582	0	
10011	0	0	0	533	0	
10508	0	0	0	563	0	
9644	0	0	0	575	0	
10921	0	0	0	574	0	
11287	0	0	0	606	0	
10378	0	0	0	556	0	
11332	0	0	0	617	0	
11047	0	0	0	598	0	
9937	0	0	0	536	0	
9479	0	0	0	515	0	
10084	0	0	0	553	0	
10152	0	0	0	555	0	
10095	0	0	0	539	0	
11013	0	0	0	590	0	
9251	0	0	0	520	0	
11155	0	0	0	586	0	
11109	0	0	0	592	0	
11100	0	0	0	590	0	
10192	0	0	0	536	0	
10364	0	0	0	550	0	
10070	0	0	0	537	0	
7788	0	0	0	454	0	
11084	0	0	0	595	0	
10604	0	0	0	566	0	
10195	0	0	0	554	0	
9204	0	0	0	595	0	
10737	0	0	0	582	0	
10543	0	0	0	574	0	
8104	0	0	0	454	0	
9924	0	0	0	536	0	
10058	0	0	0	543	0	
9032	0	0	0	519	0	
11565	0	0	0	619	0	
11344	0	0	0	597	0	
8967	0	0	0	475	0	
11053	0	0	0	590	0	
10619	0	0	0	564	0	
8868	0	0	0	490	0	
10202	0	0	0	551	0	
10075	0	0	0	551	0	
10635	0	0	0	566	0	
10524	0	0	0	563	0	
10772	0	0	0	579	0	
10997	0	0	0	596	0	
10582	0	0	0	570	0	
9707	0	0	0	517	0	
11225	0	0	0	612	0	
10496	0	0	0	572	0	
10020	0	0	0	551	0	
7770	0	0	0	447	0	
11717	0	0	0	631	0	
8886	0	0	0	537	0	
10650	0	0	0	588	0	
11427	0	0	0	628	0	
10721	0	0	0	573	0	
10502	0	0	0	571	0	
10710	0	0	0	580	0	
10581	0	0	0	571	0	
10548	0	0	0	569	0	
11335	0	0	0	616	0	
10578	0	0	0	564	0	
11270	0	0	0	613	0	
11357	0	0	0	613	0	
9826	0	0	0	519	0	
9955	0	0	0	528	0	
10334	0	0	0	556	0	
10173	0	0	0	536	0	
10447	0	0	0	549	0	
9119	0	0	0	506	0	
10825	0	0	0	563	0	
10800	0	0	0	579	0	
11023	0	0	0	589	0	
10469	0	0	0	559	0	
9542	0	0	0	509	0	
10287	0	0	0	561	0	
8449	0	0	0	439	0	
9393	0	0	0	497	0	
9877	0	0	0	517	0	
11706	0	0	0	619	0	
10075	0	0	0	533	0	
10814	0	0	0	580	0	
10243	0	0	0	534	0	
10805	0	0	0	574	0	
10041	0	0	0	543	0	
8041	0	0	0	421	0	
9978	0	0	0	528	0	
9999	0	0	0	534	0	
10916	0	0	0	579	0	
10103	0	0	0	527	0	
10228	0	0	0	535	0	
11100	0	0	0	217	0	
10161	0	0	0	16	0	
9252	0	0	0	21	0	
10055	0	0	0	25	0	
10832	0	0	0	25	0	
10388	0	0	0	26	0	
10497	0	0	0	25	0	
10852	0	0	0	26	0	
5665	0	0	0	24	0	
8727	0	0	0	26	0	
10765	0	0	0	25	0	
10911	0	0	0	25	0	
11046	0	0	0	25	0	
8786	0	0	0	21	0	
7687	0	0	0	19	0	
10089	0	0	0	23	0	
9720	0	0	0	23	0	
10801	0	0	0	26	0	
8655	0	0	0	20	0	
8526	0	0	0	17	0	
10517	0	0	0	25	0	
10557	0	0	0	26	0	
9801	0	0	0	25	0	
9815	0	0	0	24	0	
8888	0	0	0	20	0	
11315	0	0	0	25	0	
10537	0	0	0	24	0	
10522	0	0	0	26	0	
11274	0	0	0	24	0	
9886	0	0	0	22	0	
9005	0	0	0	20	0	
9028	0	0	0	20	0	
11236	0	0	0	26	0	
8558	0	0	0	21	0	
11744	0	0	0	14	0	
8939	0	0	0	0	0	
12072	0	0	0	584	0	
10296	0	0	0	544	0	
8538	0	0	0	614	0	
11130	0	0	0	605	0	
11503	0	0	0	619	0	
10969	0	0	0	593	0	
10862	0	0	0	570	0	
11526	0	0	0	597	0	
12296	0	0	0	643	0	
10877	0	0	0	582	0	
11717	0	0	0	652	0	
11710	0	0	0	631	0	
12061	0	0	0	648	0	
9276	0	0	0	525	0	
11509	0	0	0	604	0	
11402	0	0	0	597	0	
8642	0	0	0	492	0	
9993	0	0	0	536	0	
9864	0	0	0	537	0	
11137	0	0	0	593	0	
11420	0	0	0	615	0	
10260	0	0	0	548	0	
10754	0	0	0	574	0	
12395	0	0	0	653	0	
12005	0	0	0	640	0	
11258	0	0	0	587	0	
11796	0	0	0	638	0	
11190	0	0	0	623	0	
11388	0	0	0	619	0	
11166	0	0	0	603	0	
11044	0	0	0	594	0	
10039	0	0	0	560	0	
11029	0	0	0	571	0	
11286	0	0	0	592	0	
9766	0	0	0	520	0	
12014	0	0	0	645	0	
11552	0	0	0	610	0	
10497	0	0	0	546	0	
10538	0	0	0	576	0	
11182	0	0	0	601	0	
11213	0	0	0	586	0	
10981	0	0	0	579	0	
11680	0	0	0	631	0	
11526	0	0	0	613	0	
12082	0	0	0	653	0	
10937	0	0	0	590	0	
10987	0	0	0	611	0	
11108	0	0	0	629	0	
10900	0	0	0	589	0	
8686	0	0	0	498	0	
11782	0	0	0	610	0	
11437	0	0	0	606	0	
12056	0	0	0	640	0	
10841	0	0	0	583	0	
11660	0	0	0	624	0	
10760	0	0	0	576	0	
12379	0	0	0	658	0	
11055	0	0	0	596	0	
11386	0	0	0	606	0	
11339	0	0	0	609	0	
11902	0	0	0	625	0	
10531	0	0	0	571	0	
11182	0	0	0	606	0	
10488	0	0	0	566	0	
10931	0	0	0	613	0	
11302	0	0	0	615	0	
11413	0	0	0	611	0	
8846	0	0	0	500	0	
11601	0	0	0	613	0	
10380	0	0	0	546	0	
11280	0	0	0	612	0	
11478	0	0	0	613	0	
8468	0	0	0	457	0	
10033	0	0	0	529	0	
10759	0	0	0	579	0	
12014	0	0	0	630	0	
12090	0	0	0	640	0	
10982	0	0	0	568	0	
11455	0	0	0	607	0	
11296	0	0	0	604	0	
12105	0	0	0	652	0	
9407	0	0	0	522	0	
10475	0	0	0	571	0	
11847	0	0	0	649	0	
12684	0	0	0	672	0	
11277	0	0	0	589	0	
11431	0	0	0	607	0	
10987	0	0	0	589	0	
11029	0	0	0	593	0	
7957	0	0	0	444	0	
11857	0	0	0	658	0	
12186	0	0	0	668	0	
11851	0	0	0	617	0	
11470	0	0	0	608	0	
10942	0	0	0	582	0	
11742	0	0	0	630	0	
11605	0	0	0	626	0	
10962	0	0	0	587	0	
11073	0	0	0	596	0	
9341	0	0	0	514	0	
11686	0	0	0	642	0	
10843	0	0	0	578	0	
10424	0	0	0	547	0	
11057	0	0	0	590	0	
12208	0	0	0	649	0	
11717	0	0	0	627	0	
9301	0	0	0	503	0	
12007	0	0	0	654	0	
11876	0	0	0	647	0	
11537	0	0	0	617	0	
11179	0	0	0	588	0	
11537	0	0	0	610	0	
12058	0	0	0	633	0	
11675	0	0	0	633	0	
11325	0	0	0	622	0	
9106	0	0	0	574	0	
10507	0	0	0	571	0	
10035	0	0	0	533	0	
11444	0	0	0	617	0	
11381	0	0	0	610	0	
11475	0	0	0	603	0	
10426	0	0	0	534	0	
10615	0	0	0	584	0	
11120	0	0	0	614	0	
11494	0	0	0	615	0	
10990	0	0	0	597	0	
11138	0	0	0	596	0	
10290	0	0	0	543	0	
12053	0	0	0	630	0	
9479	0	0	0	504	0	
11889	0	0	0	626	0	
11937	0	0	0	643	0	
12035	0	0	0	643	0	
10743	0	0	0	588	0	
11420	0	0	0	624	0	
11223	0	0	0	602	0	
11877	0	0	0	635	0	
11363	0	0	0	604	0	
11588	0	0	0	628	0	
11439	0	0	0	610	0	
10582	0	0	0	571	0	
10206	0	0	0	553	0	
11111	0	0	0	598	0	
11608	0	0	0	620	0	
11906	0	0	0	636	0	
11643	0	0	0	625	0	
9894	0	0	0	642	0	
9432	0	0	0	535	0	
11144	0	0	0	592	0	
10094	0	0	0	538	0	
10808	0	0	0	580	0	
11293	0	0	0	603	0	
11347	0	0	0	610	0	
10976	0	0	0	598	0	
10833	0	0	0	568	0	
11512	0	0	0	602	0	
12024	0	0	0	632	0	
11187	0	0	0	593	0	
11276	0	0	0	615	0	
11054	0	0	0	593	0	
11325	0	0	0	604	0	
10450	0	0	0	563	0	
10911	0	0	0	590	0	
8425	0	0	0	491	0	
9168	0	0	0	540	0	
10996	0	0	0	578	0	
11505	0	0	0	610	0	
11729	0	0	0	632	0	
11696	0	0	0	637	0	
11029	0	0	0	604	0	
10981	0	0	0	589	0	
11272	0	0	0	610	0	
11917	0	0	0	629	0	
10862	0	0	0	568	0	
11058	0	0	0	582	0	
11472	0	0	0	605	0	
11183	0	0	0	600	0	
9837	0	0	0	524	0	
10846	0	0	0	588	0	
11558	0	0	0	619	0	
11148	0	0	0	605	0	
11949	0	0	0	619	0	
11837	0	0	0	637	0	
8714	0	0	0	465	0	
12381	0	0	0	672	0	
11619	0	0	0	631	0	
11014	0	0	0	592	0	
11053	0	0	0	598	0	
11838	0	0	0	638	0	
11442	0	0	0	611	0	
11919	0	0	0	631	0	
11975	0	0	0	626	0	
11824	0	0	0	614	0	
11436	0	0	0	615	0	
11314	0	0	0	618	0	
11597	0	0	0	629	0	
12359	0	0	0	671	0	
12201	0	0	0	670	0	
11393	0	0	0	603	0	
11362	0	0	0	595	0	
9184	0	0	0	547	0	
11738	0	0	0	617	0	
8967	0	0	0	561	0	
11374	0	0	0	615	0	
12066	0	0	0	657	0	
11221	0	0	0	607	0	
10829	0	0	0	578	0	
11375	0	0	0	600	0	
11301	0	0	0	592	0	
10981	0	0	0	577	0	
11065	0	0	0	575	0	
11235	0	0	0	598	0	
10852	0	0	0	584	0	
10560	0	0	0	573	0	
11330	0	0	0	615	0	
9271	0	0	0	525	0	
12271	0	0	0	645	0	
11724	0	0	0	619	0	
11250	0	0	0	588	0	
12011	0	0	0	621	0	
11719	0	0	0	632	0	
10791	0	0	0	579	0	
10902	0	0	0	588	0	
10938	0	0	0	595	0	
11789	0	0	0	650	0	
4142	0	0	0	301	0	
10854	0	0	0	579	0	
11643	0	0	0	621	0	
11015	0	0	0	586	0	
11153	0	0	0	593	0	
10886	0	0	0	589	0	
10296	0	0	0	649	0	
10591	0	0	0	579	0	
9867	0	0	0	538	0	
10103	0	0	0	538	0	
10903	0	0	0	589	0	
10769	0	0	0	569	0	
10501	0	0	0	546	0	
10038	0	0	0	527	0	
11466	0	0	0	617	0	
11342	0	0	0	609	0	
10792	0	0	0	578	0	
10929	0	0	0	586	0	
11474	0	0	0	602	0	
10950	0	0	0	572	0	
11140	0	0	0	674	0	
11052	0	0	0	596	0	
11247	0	0	0	622	0	
10112	0	0	0	549	0	
10513	0	0	0	566	0	
11165	0	0	0	622	0	
11670	0	0	0	632	0	
8780	0	0	0	474	0	
10879	0	0	0	578	0	
11610	0	0	0	600	0	
11512	0	0	0	601	0	
11068	0	0	0	589	0	
10899	0	0	0	589	0	
11011	0	0	0	603	0	
11844	0	0	0	639	0	
10462	0	0	0	561	0	
11316	0	0	0	597	0	
12110	0	0	0	638	0	
11557	0	0	0	606	0	
9127	0	0	0	499	0	
11509	0	0	0	619	0	
11177	0	0	0	607	0	
11062	0	0	0	620	0	
10806	0	0	0	589	0	
11430	0	0	0	626	0	
9009	0	0	0	501	0	
11381	0	0	0	598	0	
10669	0	0	0	563	0	
12106	0	0	0	640	0	
11217	0	0	0	605	0	
11649	0	0	0	619	0	
10732	0	0	0	567	0	
10560	0	0	0	565	0	
10917	0	0	0	590	0	
11211	0	0	0	594	0	
11407	0	0	0	598	0	
11312	0	0	0	599	0	
11715	0	0	0	610	0	
11647	0	0	0	626	0	
10876	0	0	0	584	0	
9327	0	0	0	520	0	
10804	0	0	0	577	0	
11679	0	0	0	629	0	
8087	0	0	0	429	0	
11454	0	0	0	607	0	
11109	0	0	0	592	0	
11288	0	0	0	604	0	
10956	0	0	0	602	0	
11151	0	0	0	603	0	
10971	0	0	0	592	0	
11890	0	0	0	645	0	
9647	0	0	0	512	0	
10780	0	0	0	573	0	
11654	0	0	0	612	0	
11347	0	0	0	590	0	
11020	0	0	0	574	0	
11324	0	0	0	601	0	
10757	0	0	0	574	0	
11089	0	0	0	594	0	
9038	0	0	0	509	0	
9805	0	0	0	574	0	
11041	0	0	0	581	0	
11478	0	0	0	603	0	
10183	0	0	0	530	0	
10835	0	0	0	562	0	
11160	0	0	0	602	0	
11254	0	0	0	605	0	
10748	0	0	0	578	0	
11069	0	0	0	600	0	
11478	0	0	0	650	0	
12123	0	0	0	652	0	
11384	0	0	0	612	0	
11499	0	0	0	612	0	
10943	0	0	0	580	0	
11230	0	0	0	606	0	
11273	0	0	0	608	0	
11154	0	0	0	607	0	
10720	0	0	0	576	0	
11142	0	0	0	602	0	
9563	0	0	0	533	0	
11566	0	0	0	602	0	
11154	0	0	0	585	0	
11362	0	0	0	597	0	
11319	0	0	0	617	0	
10814	0	0	0	581	0	
10935	0	0	0	583	0	
11138	0	0	0	610	0	
9989	0	0	0	561	0	
10493	0	0	0	556	0	
11703	0	0	0	619	0	
11097	0	0	0	588	0	
10512	0	0	0	561	0	
10419	0	0	0	563	0	
11317	0	0	0	614	0	
11645	0	0	0	633	0	
10921	0	0	0	588	0	
8120	0	0	0	450	0	
9583	0	0	0	572	0	
11569	0	0	0	605	0	
10568	0	0	0	554	0	
11584	0	0	0	608	0	
11978	0	0	0	653	0	
10768	0	0	0	575	0	
10234	0	0	0	551	0	
11208	0	0	0	607	0	
11349	0	0	0	605	0	
11116	0	0	0	586	0	
10818	0	0	0	582	0	
10954	0	0	0	578	0	
10763	0	0	0	576	0	
10097	0	0	0	539	0	
10214	0	0	0	557	0	
11116	0	0	0	607	0	
8483	0	0	0	470	0	
11792	0	0	0	627	0	
10800	0	0	0	566	0	
8094	0	0	0	448	0	
10649	0	0	0	562	0	
10609	0	0	0	569	0	
11460	0	0	0	620	0	
11389	0	0	0	608	0	
10989	0	0	0	609	0	
10477	0	0	0	607	0	
11594	0	0	0	627	0	
11085	0	0	0	577	0	
11512	0	0	0	602	0	
12295	0	0	0	651	0	
10683	0	0	0	564	0	
10960	0	0	0	595	0	
11347	0	0	0	614	0	
10926	0	0	0	581	0	
11302	0	0	0	612	0	
8734	0	0	0	464	0	
11520	0	0	0	610	0	
10094	0	0	0	536	0	
11929	0	0	0	622	0	
11428	0	0	0	599	0	
11119	0	0	0	603	0	
11096	0	0	0	589	0	
11136	0	0	0	597	0	
11077	0	0	0	597	0	
11394	0	0	0	615	0	
11177	0	0	0	596	0	
11806	0	0	0	616	0	
11217	0	0	0	598	0	
11112	0	0	0	572	0	
11441	0	0	0	597	0	
10710	0	0	0	572	0	
8677	0	0	0	497	0	
11560	0	0	0	626	0	
11602	0	0	0	619	0	
10840	0	0	0	568	0	
11563	0	0	0	614	0	
11715	0	0	0	626	0	
11224	0	0	0	603	0	
7804	0	0	0	425	0	
10584	0	0	0	573	0	
11502	0	0	0	626	0	
10914	0	0	0	610	0	
10585	0	0	0	572	0	
11097	0	0	0	579	0	
11579	0	0	0	607	0	
11129	0	0	0	584	0	
8321	0	0	0	466	0	
9818	0	0	0	521	0	
10468	0	0	0	558	0	
11853	0	0	0	641	0	
11247	0	0	0	612	0	
11158	0	0	0	609	0	
11520	0	0	0	604	0	
12321	0	0	0	651	0	
10418	0	0	0	535	0	
10983	0	0	0	582	0	
10571	0	0	0	608	0	
12320	0	0	0	664	0	
11388	0	0	0	645	0	
11232	0	0	0	610	0	
11540	0	0	0	619	0	
11432	0	0	0	597	0	
10385	0	0	0	540	0	
11704	0	0	0	621	0	
8623	0	0	0	457	0	
10424	0	0	0	549	0	
10853	0	0	0	584	0	
11047	0	0	0	606	0	
11694	0	0	0	638	0	
11073	0	0	0	588	0	
10341	0	0	0	541	0	
11101	0	0	0	580	0	
11656	0	0	0	610	0	
11115	0	0	0	599	0	
8074	0	0	0	476	0	
10843	0	0	0	582	0	
11193	0	0	0	609	0	
10503	0	0	0	588	0	
10178	0	0	0	545	0	
11839	0	0	0	624	0	
12281	0	0	0	646	0	
8247	0	0	0	494	0	
10999	0	0	0	575	0	
10799	0	0	0	579	0	
11579	0	0	0	625	0	
10828	0	0	0	579	0	
10377	0	0	0	559	0	
11173	0	0	0	592	0	
12247	0	0	0	645	0	
12122	0	0	0	645	0	
11623	0	0	0	604	0	
11295	0	0	0	606	0	
11840	0	0	0	642	0	
11312	0	0	0	609	0	
8221	0	0	0	442	0	
10686	0	0	0	587	0	
8421	0	0	0	456	0	
11578	0	0	0	612	0	
10709	0	0	0	567	0	
10986	0	0	0	571	0	
11262	0	0	0	590	0	
10801	0	0	0	585	0	
10286	0	0	0	551	0	
11053	0	0	0	596	0	
9917	0	0	0	534	0	
10575	0	0	0	577	0	
10723	0	0	0	700	0	
0	0	0	0	2392	0	
0	0	0	0	2558	0	
0	0	0	0	2525	0	
0	0	0	0	2124	0	
0	0	0	0	2117	0	
0	0	0	0	405	0	
0	0	0	0	15	0	
0	0	0	0	4	0	
0	0	0	0	0	0	
