0.00 0.00 0.00
37.52 0.00 0.00
26.52 0.00 0.00
0.00 0.00 0.00
0.00 0.00 0.00
0.00 15.50 0.00
44.54 16.50 0.00
52.03 0.00 0.00
60.53 0.00 0.00
73.04 0.00 0.00
75.04 0.00 0.43
76.54 0.00 0.00
74.04 0.00 0.00
78.54 0.00 0.00
89.04 0.00 0.00
91.04 0.00 0.00
71.05 16.00 11.31
43.04 0.00 0.00
43.04 16.00 15.98
42.04 16.00 15.99
45.04 0.00 0.00
45.54 16.00 16.02
44.54 16.00 16.01
42.04 0.00 13.51
41.04 16.00 2.49
44.04 16.00 16.01
45.04 1.00 16.00
44.54 15.00 0.00
43.54 16.00 15.96
45.04 15.50 15.92
44.04 0.50 0.00
45.04 16.00 15.99
43.04 16.00 15.90
46.04 0.00 0.00
42.04 16.00 15.88
44.04 16.00 16.01
44.54 0.00 0.00
45.04 16.00 15.97
42.54 16.00 15.97
43.04 0.00 3.50
45.04 16.00 12.51
44.54 16.00 15.93
42.54 3.00 15.96
46.54 13.00 0.00
42.54 16.00 15.97
44.04 14.00 15.93
45.04 2.00 0.02
44.54 16.00 15.97
44.54 16.00 15.97
44.04 0.00 0.00
44.54 16.00 16.01
42.54 16.00 16.01
46.04 0.00 3.00
43.04 16.00 13.00
43.54 16.00 15.86
43.54 0.00 12.01
45.54 16.00 3.97
40.54 16.00 16.00
44.04 1.00 15.99
44.04 15.00 0.00
44.54 16.00 15.99
46.55 16.00 15.97
46.04 0.00 0.00
43.54 16.00 15.99
43.54 16.00 15.99
45.54 0.00 0.00
45.04 16.00 16.01
44.54 16.00 16.00
44.04 0.00 15.92
44.04 16.00 0.00
45.54 16.00 15.99
45.05 16.00 16.00
43.54 0.00 0.00
43.04 16.00 16.01
44.04 16.00 16.01
45.04 0.00 0.00
45.04 16.00 16.00
45.04 16.00 15.97
45.54 0.00 3.00
42.54 16.00 13.01
46.04 16.00 15.99
44.04 6.00 15.98
44.54 10.00 0.00
44.55 16.00 16.01
42.04 16.00 15.97
42.04 0.00 0.00
45.54 16.00 15.97
43.54 16.00 15.97
46.04 0.00 0.00
43.54 16.00 15.96
44.55 16.00 16.01
44.04 0.00 0.00
44.04 16.00 16.01
43.54 16.00 16.00
44.55 0.00 10.51
46.54 16.00 5.30
44.54 16.00 15.85
45.04 12.50 15.96
46.04 3.50 0.00
42.04 16.00 15.94
45.54 16.00 15.97
45.04 0.00 0.00
45.55 16.00 15.82
42.54 16.00 15.73
44.55 0.00 4.50
45.54 16.00 11.15
45.55 16.00 15.91
44.04 11.00 16.01
45.54 5.00 0.00
41.54 16.00 15.99
45.04 16.00 15.99
46.05 0.00 0.00
44.04 16.00 16.01
45.04 16.00 15.93
45.04 0.00 0.00
45.04 16.00 15.97
45.04 16.00 16.00
43.54 2.50 16.01
45.55 13.50 0.00
43.04 16.00 16.01
43.04 14.50 15.97
46.54 1.50 0.00
44.55 16.00 15.90
44.04 16.00 15.95
45.04 0.00 0.00
44.04 16.00 16.01
43.04 16.00 16.01
44.04 0.00 0.00
44.04 16.00 15.93
44.04 16.00 16.00
46.05 6.50 15.97
45.04 9.50 0.00
45.04 16.00 15.97
43.04 16.00 15.96
45.04 0.00 0.00
39.04 16.00 15.96
43.04 15.00 15.97
43.04 1.00 0.02
41.54 16.00 15.91
45.05 16.00 15.93
43.54 0.00 0.00
43.04 16.00 15.96
43.04 16.00 15.63
42.54 0.00 0.00
43.55 16.00 15.79
43.04 16.00 15.93
43.54 0.00 0.00
43.04 16.00 16.01
44.54 16.00 16.01
47.04 0.00 0.00
44.54 16.00 15.54
44.54 16.00 15.88
44.60 5.45 15.84
46.04 10.50 0.00
43.04 16.00 15.95
43.04 16.00 16.01
44.04 0.00 0.00
43.04 16.00 15.92
45.54 16.00 15.70
45.04 0.00 0.00
43.04 16.00 15.98
43.54 16.00 15.89
45.04 0.00 0.00
44.04 16.00 16.00
43.54 16.00 15.89
42.04 0.00 0.50
44.54 16.00 15.48
45.04 16.00 15.93
44.04 5.50 16.02
44.04 10.50 0.00
44.04 16.00 15.96
42.54 11.00 16.01
45.54 5.00 0.00
42.54 16.00 16.01
43.54 16.00 16.01
44.04 0.00 0.00
43.04 16.00 16.01
45.04 16.00 15.96
45.04 0.00 0.00
47.04 16.00 15.99
42.04 16.00 15.98
44.04 0.00 7.00
44.54 16.00 8.98
43.55 16.00 16.01
46.04 9.50 15.95
41.04 6.50 0.00
45.04 16.00 16.01
45.04 14.00 16.01
45.04 2.00 0.00
46.04 16.00 16.00
41.04 16.00 15.97
45.04 0.00 0.00
44.04 16.00 16.00
44.04 16.00 15.94
44.54 0.00 1.00
43.54 16.00 14.97
46.04 16.00 15.97
45.54 7.00 16.01
46.55 9.00 0.02
45.04 16.00 16.01
42.04 16.00 16.00
46.04 0.00 0.00
42.54 16.00 15.97
46.05 16.00 15.97
45.04 0.00 1.00
43.55 16.00 14.96
46.04 16.00 16.00
43.04 3.50 16.00
44.54 12.50 0.00
42.54 16.00 16.00
42.54 7.00 15.83
43.54 9.00 0.00
45.04 16.00 16.01
43.04 16.00 15.99
44.54 0.00 0.00
44.55 16.00 15.81
42.54 16.00 15.96
44.55 0.00 0.00
44.04 16.00 15.73
44.04 16.00 16.01
44.04 0.00 0.00
44.54 16.00 15.97
43.55 16.00 15.98
45.04 0.00 11.51
46.05 16.00 4.48
44.54 16.00 16.00
43.04 14.50 15.95
45.04 1.50 0.00
44.04 16.00 16.00
42.54 16.00 15.98
44.04 0.00 0.00
43.04 16.00 15.70
46.04 16.00 15.99
44.54 0.00 0.00
46.05 16.00 15.96
45.04 16.00 15.87
44.54 2.00 15.86
45.04 14.00 0.00
43.54 16.00 16.01
43.54 10.50 16.00
44.04 5.50 0.00
42.54 16.00 15.99
44.54 16.00 15.94
48.05 0.00 0.00
46.04 16.00 16.00
42.54 16.00 16.00
44.54 0.00 2.00
45.04 16.00 13.92
43.04 16.00 16.01
44.54 3.00 15.98
43.04 13.00 0.00
45.54 16.00 16.01
45.04 15.50 15.96
45.54 0.50 0.00
44.54 16.00 15.96
43.04 16.00 15.99
45.04 0.00 0.00
44.54 16.00 15.53
44.04 16.00 15.97
44.54 0.00 6.52
44.04 16.00 9.51
46.04 16.00 16.00
44.54 12.00 15.96
45.55 4.00 0.00
44.54 16.00 16.00
43.04 16.00 15.96
45.54 0.00 0.00
45.04 16.00 16.01
44.04 16.00 15.98
45.04 0.00 0.00
43.54 16.00 15.99
45.55 16.00 16.01
44.04 4.50 16.01
44.04 11.50 0.00
46.04 16.00 16.01
44.04 16.00 15.77
44.04 0.00 0.00
44.04 16.00 15.99
45.04 16.00 15.80
45.04 0.00 0.00
44.04 16.00 15.95
44.04 16.00 15.97
45.04 0.00 11.51
46.54 16.00 4.47
44.04 16.00 15.97
43.54 11.50 16.00
45.04 4.50 0.00
42.04 16.00 15.99
44.04 16.00 15.97
43.04 0.00 0.02
41.54 16.00 15.99
45.04 16.00 15.97
44.55 0.00 0.00
43.54 16.00 16.01
43.55 16.00 16.01
43.04 0.00 0.00
44.04 16.00 16.00
44.04 16.00 15.96
44.04 0.00 0.00
44.04 16.00 16.00
44.04 16.00 16.01
44.04 0.00 16.01
46.04 16.00 0.00
44.04 16.00 16.01
45.04 15.50 15.90
44.04 0.50 0.00
44.04 16.00 16.00
42.04 16.00 15.61
43.04 0.00 0.00
45.04 16.00 15.97
42.54 16.00 15.89
45.54 0.00 0.00
43.04 16.00 16.01
45.04 16.00 15.89
43.04 0.00 0.00
44.04 16.00 15.86
44.04 16.00 16.00
42.04 0.00 8.01
45.04 16.00 7.94
44.04 16.00 15.90
44.04 7.00 16.00
45.04 9.00 0.00
44.04 16.00 16.01
45.04 16.00 15.92
45.04 0.00 0.00
43.04 16.00 16.01
44.54 16.00 16.00
44.55 0.00 0.00
45.04 16.00 16.01
44.04 16.00 15.70
43.04 0.00 9.51
46.04 16.00 6.29
47.04 16.00 15.96
42.12 13.86 15.79
44.55 2.00 0.00
42.54 16.00 15.07
45.55 16.00 15.95
46.04 0.00 0.00
44.04 16.00 15.96
44.54 16.00 15.99
45.55 0.00 6.50
43.04 16.00 9.43
44.04 16.00 15.68
44.54 3.50 15.99
45.04 12.50 0.00
44.55 16.00 15.87
45.04 16.00 15.98
44.04 0.00 0.00
43.04 16.00 15.35
45.04 16.00 16.00
43.04 0.00 0.02
44.04 16.00 15.95
45.04 16.00 15.98
45.04 0.00 3.00
48.05 16.00 12.98
42.04 16.00 15.98
45.04 11.50 16.00
46.05 4.50 0.00
45.04 16.00 15.98
42.04 16.00 16.00
43.54 0.00 0.00
43.04 16.00 15.93
45.54 16.00 15.96
46.04 0.00 0.00
45.04 16.00 15.83
40.04 16.00 15.85
46.04 0.00 6.00
44.04 16.00 9.91
44.04 16.00 15.65
44.04 4.50 15.91
42.04 11.50 0.00
45.54 16.00 15.59
44.55 14.50 15.96
45.04 1.50 0.00
44.04 16.00 15.83
43.04 16.00 15.96
46.04 0.00 0.00
44.04 16.00 15.95
44.04 16.00 15.58
45.04 0.00 2.00
41.54 16.00 13.99
42.55 16.00 16.02
44.04 0.00 2.00
45.54 16.00 13.80
45.54 16.00 16.01
45.04 10.00 15.99
44.04 6.00 0.00
44.04 16.00 15.96
46.04 16.00 16.01
44.04 0.00 0.00
42.04 16.00 16.01
45.04 16.00 15.93
46.04 0.00 0.00
45.04 16.00 15.65
44.04 16.00 16.01
43.04 0.00 15.97
44.54 16.00 0.00
44.04 16.00 15.71
43.55 10.50 16.01
43.54 5.50 0.00
43.54 16.00 15.98
44.04 16.00 15.92
48.04 0.00 0.00
44.54 16.00 16.00
46.55 16.00 15.93
42.04 0.00 0.00
45.04 16.00 15.98
43.04 16.00 16.01
44.04 1.50 16.01
45.04 14.50 0.00
42.54 16.00 16.01
44.54 10.50 15.98
46.04 5.50 0.00
45.04 16.00 16.01
44.54 16.00 16.00
43.54 0.00 0.00
42.54 16.00 15.97
43.55 16.00 15.84
44.04 0.00 0.00
44.54 16.00 16.00
43.55 16.00 15.93
44.54 0.00 5.00
44.54 16.00 11.00
44.04 16.00 15.93
44.04 6.50 16.00
43.04 9.50 0.00
45.04 16.00 15.89
43.04 12.50 15.97
46.04 3.50 0.00
44.04 16.00 15.89
43.04 16.00 15.99
45.04 0.00 0.00
44.04 16.00 15.96
44.04 16.00 16.00
45.54 0.00 0.00
42.54 16.00 15.99
43.04 16.00 15.97
46.04 0.00 16.00
48.05 16.00 0.00
43.04 16.00 16.00
42.04 12.00 15.93
45.04 4.00 0.02
45.04 16.00 15.96
42.04 16.00 15.71
42.54 0.00 0.00
42.54 16.00 16.00
44.54 16.00 15.99
47.55 0.00 0.00
44.04 16.00 16.00
43.04 16.00 15.98
41.04 0.00 0.00
43.04 16.00 15.93
43.54 16.00 16.00
43.54 0.00 0.00
44.04 16.00 15.98
42.54 16.00 15.97
44.54 0.00 11.01
45.54 16.00 4.39
44.04 16.00 15.99
45.55 11.00 15.97
43.04 5.00 0.00
43.54 16.00 15.97
43.54 16.00 16.00
45.54 0.00 0.00
44.04 16.00 15.90
42.04 16.00 15.95
46.55 0.00 0.00
44.04 16.00 15.90
44.04 16.00 16.00
44.04 0.00 6.00
43.54 16.00 9.98
44.55 16.00 15.94
44.04 6.00 16.03
46.04 10.00 0.00
44.04 16.00 16.00
44.04 16.00 16.01
46.04 0.00 0.00
43.04 16.00 16.00
45.04 16.00 16.01
44.54 0.00 0.00
42.04 16.00 15.82
44.55 16.00 16.00
44.04 0.00 3.00
44.04 16.00 12.97
46.04 16.00 15.94
42.54 3.50 15.96
44.04 12.50 0.00
45.55 16.00 16.01
43.04 16.00 16.01
45.04 0.00 0.00
42.04 16.00 15.86
44.54 16.00 15.99
45.54 0.00 0.00
44.04 16.00 15.95
44.04 16.00 16.00
45.04 0.00 0.00
44.04 16.00 15.94
46.04 16.00 16.00
44.04 6.00 15.99
45.04 10.00 0.00
41.54 16.00 15.99
44.55 14.50 15.95
45.04 1.50 0.02
44.04 16.00 15.96
45.04 16.00 16.00
43.54 0.00 0.00
45.04 16.00 16.00
43.04 16.00 15.92
45.55 0.00 0.00
43.54 16.00 16.00
43.55 16.00 15.98
44.54 0.00 13.01
45.54 16.00 2.93
44.04 16.00 15.98
43.61 12.38 15.85
44.04 3.50 0.00
42.04 16.00 15.87
42.04 16.00 15.97
45.04 0.00 0.00
44.04 16.00 15.96
43.04 16.00 15.92
45.95 0.00 0.00
46.63 16.00 15.97
43.54 16.00 16.00
43.04 0.00 0.00
43.04 16.00 15.86
41.04 16.00 16.00
44.04 0.00 0.00
43.04 16.00 15.95
46.04 16.00 15.96
45.04 3.50 15.94
45.04 12.50 0.00
45.04 16.00 15.99
43.04 16.00 15.92
45.04 0.00 0.00
44.04 16.00 16.01
44.04 16.00 16.00
45.04 0.00 0.00
44.04 16.00 16.01
45.04 16.00 15.91
43.54 0.00 4.50
44.04 16.00 11.44
45.55 16.00 16.01
44.04 8.50 15.96
44.04 7.50 0.00
41.04 16.00 15.96
44.04 10.50 15.97
44.04 5.50 0.00
46.04 16.00 16.01
44.05 16.00 15.93
43.04 0.00 0.00
44.04 16.00 15.94
44.54 16.00 16.01
44.54 0.00 0.00
42.54 16.00 15.99
42.54 16.00 15.99
45.04 0.00 0.00
45.04 16.00 15.80
45.04 16.00 15.98
46.04 8.50 15.98
42.54 7.50 0.00
44.54 16.00 15.98
44.04 16.00 16.01
44.54 0.00 0.02
42.54 16.00 15.82
44.54 16.00 15.96
46.55 0.00 0.00
47.04 16.00 15.99
43.04 16.00 15.98
43.04 0.00 7.00
43.04 16.00 8.95
43.54 16.00 15.91
44.55 2.00 15.93
44.04 14.00 0.00
46.54 16.00 16.01
44.54 16.00 16.00
46.54 0.00 0.00
44.54 16.00 15.99
44.04 16.00 15.86
45.04 0.00 0.00
43.04 16.00 16.01
43.04 16.00 15.69
44.04 0.00 8.00
45.04 16.00 8.00
48.54 16.00 15.98
43.04 15.50 15.99
44.54 0.50 0.00
44.04 16.00 15.96
42.04 16.00 15.97
44.04 0.00 0.00
41.04 16.00 15.97
43.04 16.00 15.79
46.54 0.00 0.00
47.55 16.00 15.99
45.54 16.00 15.99
42.54 0.00 14.01
44.04 16.00 1.91
43.04 16.00 15.96
43.04 3.00 15.90
44.04 13.00 0.00
42.04 16.00 15.93
45.04 9.00 16.01
47.05 7.00 0.00
45.04 16.00 16.01
45.54 16.00 15.86
41.04 0.00 0.00
42.54 16.00 15.98
43.04 16.00 15.97
43.04 0.00 0.00
43.04 16.00 15.98
43.04 16.00 16.01
46.04 0.00 0.00
47.04 16.00 15.99
45.04 16.00 16.00
43.04 4.00 16.00
42.04 12.00 0.00
43.04 16.00 16.00
43.54 6.00 16.01
45.54 10.00 0.00
45.54 16.00 15.90
45.55 16.00 15.95
46.04 0.00 0.00
44.54 16.00 16.00
43.55 16.00 15.93
43.04 0.00 0.02
43.04 16.00 15.98
43.04 16.00 15.98
43.54 0.00 4.50
46.04 16.00 11.47
47.55 16.00 16.00
44.54 16.00 15.98
45.55 0.00 0.00
44.04 16.00 15.49
43.54 16.00 16.01
44.55 0.00 0.00
41.04 16.00 15.61
43.04 16.00 15.98
47.04 0.00 0.00
46.04 16.00 15.94
45.54 16.00 15.96
44.04 8.50 15.91
44.04 7.50 0.00
43.54 16.00 16.01
43.54 16.00 15.96
43.54 0.00 0.00
42.04 16.00 16.00
43.04 16.00 15.97
47.05 0.00 0.00
47.05 16.00 15.98
47.05 16.00 16.00
44.04 0.00 16.00
43.04 16.00 0.00
44.04 16.00 16.00
44.04 8.50 15.98
44.04 7.50 0.00
44.04 16.00 16.00
45.04 16.00 15.77
46.04 0.00 0.00
45.04 16.00 15.97
45.04 16.00 15.85
41.04 0.00 0.00
42.04 16.00 15.72
42.04 16.00 15.98
46.04 0.00 0.00
44.04 16.00 15.88
43.04 16.00 15.89
48.05 3.50 15.94
44.04 12.50 0.00
43.04 16.00 16.01
44.04 12.00 15.99
42.54 4.00 0.00
43.54 16.00 16.01
43.04 16.00 14.96
43.04 0.00 0.00
45.04 16.00 15.92
45.04 16.00 16.01
44.04 0.00 0.00
45.04 16.00 16.00
44.04 16.00 15.99
45.04 0.00 0.50
41.54 16.00 15.48
43.54 16.00 16.00
43.04 0.00 3.50
46.04 16.00 12.43
46.05 16.00 15.96
42.54 8.00 16.03
45.55 8.00 0.00
44.04 16.00 15.99
43.04 16.00 15.97
42.54 0.00 0.00
41.54 16.00 15.94
45.04 16.00 15.90
45.59 0.00 0.00
46.04 16.00 16.00
44.04 16.00 15.92
45.04 0.00 6.50
43.54 16.00 9.51
44.04 16.00 15.97
44.54 4.50 16.01
44.04 11.50 0.00
45.04 16.00 16.00
46.04 16.00 15.97
45.54 0.00 0.00
46.55 16.00 15.97
44.04 16.00 15.91
43.04 0.00 0.00
43.04 16.00 15.85
44.04 16.00 16.00
44.04 0.00 11.01
46.05 16.00 4.93
45.54 16.00 16.00
46.04 16.00 16.01
45.04 0.00 0.00
45.55 16.00 15.99
43.04 16.00 15.97
42.04 0.00 0.02
43.04 16.00 16.01
45.04 16.00 15.99
46.05 0.00 7.00
49.05 16.00 8.98
43.04 16.00 16.00
46.54 16.00 16.00
44.04 0.00 0.00
42.54 16.00 16.00
43.04 16.00 16.00
44.04 0.00 0.00
45.04 16.00 15.99
45.54 16.00 16.01
45.55 0.00 9.01
45.04 16.00 6.92
43.04 16.00 15.98
43.04 3.00 16.01
43.04 13.00 0.00
45.04 16.00 16.01
44.54 11.50 16.00
46.55 4.50 0.00
46.04 16.00 15.91
45.04 16.00 16.00
43.04 0.00 0.00
45.04 16.00 15.97
42.04 16.00 15.85
42.04 0.00 0.00
45.04 16.00 16.01
43.04 16.00 15.61
45.04 0.00 14.01
45.54 16.00 1.96
44.55 16.00 16.01
42.04 12.50 16.00
44.04 3.50 0.00
43.04 16.00 15.89
42.04 13.50 15.96
43.04 2.50 0.00
45.04 16.00 15.99
46.04 16.00 15.84
45.04 0.00 0.00
44.04 16.00 15.95
44.04 16.00 16.01
43.04 0.00 0.00
43.04 16.00 15.97
44.04 16.00 15.89
43.04 0.00 2.00
44.04 16.00 13.98
47.05 16.00 15.98
44.04 10.00 15.90
45.04 6.00 0.00
42.04 16.00 15.99
43.04 16.00 15.97
43.54 0.00 0.00
42.04 16.00 15.96
44.04 16.00 15.88
43.54 0.00 0.00
46.04 16.00 15.93
47.54 16.00 15.94
45.04 0.00 5.50
43.55 16.00 10.50
43.04 16.00 15.93
44.04 0.00 15.21
43.54 16.00 0.00
46.55 16.00 16.00
44.04 12.00 15.97
45.04 4.00 0.00
46.54 16.00 15.96
43.55 16.00 15.89
44.54 0.00 0.00
42.54 16.00 15.95
41.54 16.00 15.99
43.54 0.00 0.00
45.04 16.00 15.95
46.04 16.00 16.00
44.04 1.00 15.98
46.05 15.00 0.00
46.04 16.00 15.96
45.04 16.00 16.00
43.04 0.00 0.00
43.54 16.00 15.98
42.54 16.00 15.96
46.04 0.00 0.00
45.04 16.00 16.01
45.04 16.00 15.98
45.04 0.00 13.01
46.04 16.00 3.00
43.04 16.00 15.91
45.54 12.00 16.00
43.54 4.00 0.00
46.04 16.00 15.54
45.04 16.00 16.00
45.04 0.00 0.02
44.04 16.00 16.00
45.54 16.00 16.01
45.54 0.00 15.51
43.04 16.00 0.37
42.04 16.00 15.98
43.04 0.00 16.01
44.04 16.00 0.00
45.04 16.00 16.00
42.04 6.00 15.98
45.04 10.00 0.00
44.04 16.00 15.99
44.04 16.00 16.00
44.54 0.00 0.00
43.04 16.00 15.98
43.04 16.00 15.97
44.04 0.00 0.00
43.54 16.00 15.57
43.04 16.00 16.01
44.54 0.00 0.00
42.54 16.00 16.00
42.04 16.00 15.99
45.04 0.00 0.00
44.04 16.00 15.91
41.04 16.00 16.00
43.54 0.00 0.00
44.54 16.00 15.92
45.04 16.00 15.96
43.04 0.50 15.98
45.04 15.50 0.00
44.04 16.00 15.96
45.54 15.50 15.85
44.54 0.50 0.00
44.54 16.00 16.01
40.54 16.00 15.95
43.04 0.00 0.00
45.04 16.00 15.78
44.04 16.00 15.99
46.04 0.00 0.00
45.54 16.00 15.96
43.54 16.00 15.93
45.04 0.00 14.01
44.04 16.00 1.87
44.04 16.00 16.01
42.54 4.50 15.98
44.54 11.50 0.00
45.04 16.00 15.99
44.04 16.00 15.93
48.05 0.00 0.00
42.54 16.00 15.97
45.54 16.00 16.01
44.04 0.00 0.00
44.04 16.00 15.94
45.04 16.00 16.00
41.04 0.00 8.51
44.04 16.00 7.44
44.04 16.00 15.96
47.05 14.00 16.01
49.05 2.00 0.00
42.04 16.00 15.92
44.04 16.00 15.98
44.54 0.00 0.02
45.55 16.00 15.94
43.61 15.84 15.78
42.04 0.00 0.00
46.04 16.00 15.98
44.54 16.00 15.98
47.55 15.00 16.00
48.05 1.00 0.00
43.04 16.00 16.00
45.05 16.00 16.00
45.04 0.00 0.00
44.04 16.00 16.00
45.04 16.00 15.94
43.04 0.00 13.51
46.04 16.00 2.49
44.54 16.00 16.01
47.05 16.00 16.01
46.55 0.00 0.00
41.04 16.00 16.01
46.05 16.00 15.98
45.04 0.00 0.00
45.04 16.00 15.68
44.04 16.00 16.00
44.54 2.00 16.00
45.55 14.00 0.00
43.04 16.00 16.00
44.04 13.00 15.99
44.04 3.00 0.00
42.54 16.00 15.87
45.55 16.00 15.71
45.04 0.00 0.00
46.04 16.00 15.98
44.04 16.00 15.99
44.04 0.00 0.00
45.04 16.00 15.92
43.04 16.00 15.96
43.04 0.00 10.01
43.54 16.00 5.93
45.04 16.00 15.96
45.55 9.50 16.01
45.04 6.50 0.00
45.04 16.00 16.00
44.04 16.00 15.91
45.04 0.00 0.00
42.54 16.00 16.01
44.54 16.00 15.97
44.04 0.00 0.00
45.04 16.00 15.96
46.04 16.00 15.97
45.04 6.00 16.01
45.04 10.00 0.00
47.05 16.00 15.98
42.04 16.00 15.87
45.04 0.00 0.00
43.04 16.00 16.00
43.04 16.00 15.93
46.04 0.00 0.00
46.04 16.00 15.71
45.04 16.00 16.00
44.54 3.50 16.00
46.54 12.50 0.00
45.04 16.00 16.00
43.04 16.00 15.98
44.04 0.00 0.00
44.04 16.00 15.93
44.04 16.00 16.00
45.04 0.00 0.00
46.05 16.00 15.80
43.04 16.00 15.98
44.04 0.00 7.50
45.04 16.00 8.48
43.04 16.00 15.99
44.04 7.00 15.72
44.04 9.00 0.00
43.04 16.00 15.98
46.04 15.50 16.00
45.04 0.50 0.00
45.04 16.00 16.01
43.54 16.00 16.00
43.55 0.00 0.00
45.04 16.00 15.92
43.54 16.00 16.01
45.55 0.00 6.00
43.54 16.00 9.99
46.55 16.00 16.00
47.05 14.50 15.73
46.04 1.50 0.00
44.54 16.00 15.79
43.04 16.00 15.99
44.55 0.00 0.00
44.04 16.00 15.96
45.04 16.00 15.93
44.54 0.00 8.01
42.54 16.00 8.00
46.05 16.00 15.95
46.04 12.00 15.98
43.04 4.00 0.00
44.04 16.00 15.97
40.54 11.00 15.98
45.55 5.00 0.00
43.54 16.00 16.00
45.55 16.00 15.97
46.04 0.00 0.00
43.04 16.00 15.98
46.04 16.00 15.79
42.04 0.00 0.00
44.04 16.00 15.60
44.54 16.00 15.91
40.54 0.00 4.00
44.04 16.00 11.85
46.04 16.00 15.99
45.04 9.00 16.00
45.04 7.00 0.00
43.04 16.00 16.00
44.04 16.00 16.01
43.04 0.00 0.00
45.04 16.00 15.99
43.04 16.00 15.99
45.04 0.00 0.00
45.54 16.00 16.00
45.55 16.00 15.98
44.04 0.00 12.53
45.04 16.00 3.46
44.04 16.00 15.95
43.54 9.50 16.00
45.55 6.50 0.00
46.04 16.00 16.00
44.04 16.00 16.01
44.54 0.00 0.00
44.54 16.00 15.28
45.04 16.00 16.00
44.54 0.00 4.00
44.04 16.00 12.00
44.55 16.00 15.94
45.54 7.50 15.98
46.55 8.50 0.00
45.54 16.00 16.00
43.54 16.00 15.90
45.04 0.00 0.00
44.04 16.00 15.96
46.04 16.00 16.01
43.54 0.00 5.00
43.54 16.00 10.98
43.54 16.00 15.95
43.55 0.00 15.51
47.05 16.00 0.49
44.54 16.00 15.96
44.55 16.00 15.98
43.54 0.00 0.00
42.54 16.00 16.01
46.04 16.00 15.92
45.04 0.00 0.02
45.04 16.00 16.01
44.04 16.00 15.96
46.04 0.00 14.01
45.04 16.00 1.96
42.54 16.00 16.00
42.54 6.00 16.00
43.54 10.00 0.00
42.54 16.00 15.93
45.04 13.50 15.93
45.54 2.50 0.00
45.04 16.00 16.01
43.54 16.00 15.98
46.04 0.00 0.00
44.04 16.00 15.96
45.04 16.00 16.00
44.04 0.00 7.50
41.04 16.00 7.55
45.04 16.00 16.00
44.04 0.00 15.99
45.04 16.00 0.00
44.04 16.00 15.96
41.04 5.50 15.97
44.54 10.50 0.00
44.04 16.00 16.01
43.04 14.00 16.00
44.04 2.00 0.00
44.54 16.00 15.90
42.54 16.00 15.78
45.10 0.00 0.00
45.04 16.00 15.43
44.04 16.00 16.01
43.04 0.00 0.00
43.04 16.00 16.00
43.04 16.00 15.99
44.04 0.00 0.00
43.54 16.00 15.97
44.55 16.00 16.01
44.04 1.00 16.00
44.04 15.00 0.00
44.04 16.00 16.00
45.04 11.00 15.93
44.04 5.00 0.00
42.04 16.00 15.95
44.04 16.00 15.96
47.05 0.00 0.00
45.04 16.00 15.99
43.04 16.00 15.97
45.04 0.00 0.00
45.04 16.00 15.92
43.54 16.00 16.01
43.04 0.00 9.51
43.54 16.00 6.42
43.04 16.00 16.00
44.04 2.50 16.00
45.04 13.50 0.00
43.54 16.00 16.01
43.54 12.50 16.01
46.04 3.50 0.00
45.04 16.00 15.90
45.04 16.00 15.36
45.04 0.00 0.02
42.04 16.00 15.72
43.04 16.00 15.96
46.04 0.00 1.50
45.54 16.00 14.46
45.54 16.00 16.00
43.54 8.00 16.00
44.55 8.00 0.00
43.54 16.00 16.00
45.55 16.00 15.96
43.04 0.00 0.00
44.04 16.00 15.75
44.04 16.00 16.01
45.04 0.00 0.00
43.54 16.00 16.01
45.55 16.00 15.89
42.04 0.00 0.00
45.04 16.00 15.99
43.54 16.00 16.01
44.04 0.00 15.99
44.55 16.00 0.00
45.04 16.00 15.92
44.54 16.00 16.01
47.55 0.00 0.00
44.04 16.00 16.00
46.04 16.00 16.00
42.04 0.00 0.00
43.04 16.00 16.00
45.04 16.00 16.00
45.04 0.00 12.01
46.04 10.78 3.95
43.54 0.00 10.53
48.55 0.00 16.01
46.04 0.00 0.00
62.05 0.00 16.01
46.04 0.00 0.00
61.05 0.00 16.01
60.04 0.00 0.00
48.05 0.00 16.01
63.05 0.00 16.01
46.04 0.00 0.00
64.04 0.00 16.01
59.04 0.00 8.01
48.05 0.00 8.00
62.05 0.00 16.01
49.04 0.00 0.00
56.04 0.00 16.01
60.55 0.00 11.51
46.54 0.00 4.50
61.54 0.00 16.01
45.55 0.00 0.00
61.05 0.00 16.01
58.54 0.00 0.00
46.55 0.00 16.01
63.05 0.00 16.01
44.04 0.00 0.00
59.04 0.00 16.01
53.04 0.00 0.00
55.05 0.00 16.01
60.54 0.00 16.01
46.55 0.00 0.00
60.04 0.00 16.03
45.54 0.00 0.00
62.05 0.00 16.01
59.55 0.00 2.50
46.54 0.00 13.51
58.54 0.00 16.01
45.54 0.00 0.00
61.55 0.00 16.01
55.05 0.00 0.00
51.04 0.00 16.01
58.04 0.00 16.01
45.54 0.00 0.00
58.55 0.00 16.01
47.04 0.00 0.00
59.04 0.00 16.01
59.04 0.00 0.00
47.04 0.00 16.01
58.04 0.00 16.01
46.04 0.00 0.00
59.04 0.00 16.01
51.04 0.00 0.00
54.04 0.00 16.01
59.54 0.00 16.01
46.04 0.00 0.00
57.54 0.00 16.01
46.04 0.00 0.00
58.04 0.00 16.01
61.05 0.00 0.50
45.04 0.00 15.51
60.05 0.00 16.01
45.04 0.00 0.02
57.54 0.00 16.01
55.04 0.00 0.00
49.54 0.00 16.01
58.54 0.00 16.01
44.54 0.00 0.00
56.54 0.00 16.01
45.55 0.00 0.00
57.54 0.00 16.01
54.55 0.00 0.00
49.04 0.00 16.01
59.54 0.00 16.01
45.04 0.00 0.00
58.54 0.00 16.01
46.04 0.00 0.00
57.04 0.00 16.01
58.54 0.00 0.00
44.55 0.00 16.01
60.05 0.00 16.01
45.04 0.00 0.00
58.04 0.00 16.01
50.54 0.00 0.00
52.54 0.00 16.01
59.03 0.00 14.51
44.04 0.00 1.50
57.54 0.00 16.01
44.54 0.00 0.00
57.04 0.00 16.01
52.04 0.00 0.00
51.04 0.00 16.01
59.04 0.00 16.01
43.04 0.00 0.02
58.54 0.00 16.01
44.54 0.00 0.00
58.04 0.00 16.01
50.54 0.00 0.00
51.04 0.00 16.01
60.55 0.00 16.01
43.04 0.00 0.00
59.54 0.00 16.01
43.54 0.00 0.00
59.04 0.00 16.01
56.54 0.00 0.00
46.54 0.00 16.01
61.05 0.00 16.01
43.04 0.00 0.00
60.05 0.00 16.01
47.04 0.00 0.00
58.54 0.00 16.01
61.05 0.00 12.51
40.54 0.00 3.50
58.04 0.00 16.01
43.04 0.00 0.00
60.05 0.00 16.01
46.04 0.00 0.00
52.52 0.00 15.85
58.04 0.00 0.00
43.04 0.00 16.01
59.54 0.00 16.01
43.54 0.00 0.00
57.04 0.00 16.01
45.04 0.00 0.00
57.04 0.00 16.03
55.54 0.00 0.00
45.54 0.00 16.01
60.05 0.00 16.01
44.04 0.00 0.00
58.04 0.00 16.01
44.04 0.00 0.00
58.04 0.00 16.01
58.54 0.00 0.00
44.54 0.00 16.01
59.04 0.00 16.01
43.04 0.00 0.00
58.54 0.00 16.01
46.54 0.00 0.00
54.04 0.00 16.01
60.04 0.00 11.51
44.04 0.00 4.50
58.04 0.00 16.01
42.04 0.00 0.00
57.04 0.00 16.01
48.04 0.00 0.00
53.04 0.00 16.01
59.04 0.00 11.01
42.04 0.00 5.00
57.04 0.00 16.01
44.04 0.00 0.00
58.04 0.00 16.01
44.04 0.00 0.00
56.04 0.00 16.01
56.54 0.00 0.00
44.54 0.00 16.01
34.03 0.00 7.68
0.00 0.00 0.02
0.00 0.00 0.00
