# xct_end restore_begin restore_segment restore_end page_write page_read
0	0	0	0	0	1992	
0	0	0	0	0	4190	
0	0	0	0	0	4189	
0	0	0	0	0	4413	
0	0	0	0	0	4136	
0	0	0	0	0	4224	
0	0	0	0	0	4387	
0	0	0	0	0	4145	
0	0	0	0	0	4177	
0	0	0	0	0	4298	
0	0	0	0	0	4108	
0	0	0	0	0	4361	
0	0	0	0	0	4299	
0	0	0	0	0	4267	
0	0	0	0	0	4263	
0	0	0	0	0	4132	
0	0	0	0	0	3606	
0	0	0	0	0	3104	
0	0	0	0	0	3226	
0	0	0	0	0	3245	
0	0	0	0	0	3267	
0	0	0	0	0	3267	
0	0	0	0	0	3298	
0	0	0	0	0	3270	
0	0	0	0	0	3212	
0	0	0	0	0	3129	
0	0	0	0	0	3188	
0	0	0	0	0	3379	
0	0	0	0	0	3336	
0	0	0	0	0	3325	
0	0	0	0	0	3486	
0	0	0	0	0	3515	
0	0	0	0	0	3496	
0	0	0	0	0	3509	
0	0	0	0	0	3333	
0	0	0	0	0	3266	
0	0	0	0	0	3276	
0	0	0	0	0	3282	
0	0	0	0	0	3309	
0	0	0	0	0	3310	
0	0	0	0	0	3268	
0	0	0	0	0	3315	
0	0	0	0	0	3302	
0	0	0	0	0	3325	
0	0	0	0	0	3303	
0	0	0	0	0	3306	
0	0	0	0	0	3280	
0	0	0	0	0	3302	
0	0	0	0	0	3310	
0	0	0	0	0	3301	
0	0	0	0	0	3300	
0	0	0	0	0	3281	
0	0	0	0	0	3311	
0	0	0	0	0	3389	
0	0	0	0	0	3491	
0	0	0	0	0	3473	
0	0	0	0	0	3497	
0	0	0	0	0	3467	
0	0	0	0	0	3478	
0	0	0	0	0	3486	
0	0	0	0	0	3486	
0	0	0	0	0	3472	
0	0	0	0	0	3416	
0	0	0	0	0	3490	
0	0	0	0	0	3496	
0	0	0	0	0	3504	
0	0	0	0	0	3461	
0	0	0	0	0	3374	
0	0	0	0	0	3465	
0	0	0	0	0	3493	
0	0	0	0	0	3496	
0	0	0	0	0	3459	
0	0	0	0	0	3462	
0	0	0	0	0	3458	
0	0	0	0	0	3491	
0	0	0	0	0	3479	
0	0	0	0	0	3563	
0	0	0	0	0	3489	
0	0	0	0	0	3396	
0	0	0	0	0	3425	
0	0	0	0	0	3396	
0	0	0	0	0	3408	
0	0	0	0	0	3413	
0	0	0	0	0	3368	
0	0	0	0	0	3401	
0	0	0	0	0	3393	
0	0	0	0	0	3420	
0	0	0	0	0	3414	
0	0	0	0	0	3383	
0	0	0	0	0	3404	
0	0	0	0	0	3439	
0	0	0	0	0	3388	
0	0	0	0	0	3360	
0	0	0	0	0	3418	
0	0	0	0	0	3432	
0	0	0	0	0	3389	
0	0	0	0	0	3448	
0	0	0	0	0	3423	
0	0	0	0	0	3421	
0	0	0	0	0	3454	
0	0	0	0	0	3428	
0	0	0	0	0	3417	
0	0	0	0	0	3452	
0	0	0	0	0	3437	
0	0	0	0	0	3464	
0	0	0	0	0	3392	
0	0	0	0	0	3421	
0	0	0	0	0	3434	
0	0	0	0	0	3424	
0	0	0	0	0	3420	
0	0	0	0	0	3414	
0	0	0	0	0	3449	
0	0	0	0	0	3406	
0	0	0	0	0	3427	
0	0	0	0	0	3439	
0	0	0	0	0	3420	
0	0	0	0	0	3403	
0	0	0	0	0	3449	
0	0	0	0	0	3421	
0	0	0	0	0	3431	
0	0	0	0	0	3420	
0	0	0	0	0	3408	
0	0	0	0	0	3454	
0	0	0	0	0	3416	
0	0	0	0	0	3410	
0	0	0	0	0	3452	
0	0	0	0	0	3400	
0	0	0	0	0	3432	
0	0	0	0	0	3446	
0	0	0	0	0	3485	
0	0	0	0	0	3594	
0	0	0	0	0	3448	
0	0	0	0	0	3415	
0	0	0	0	0	3467	
0	0	0	0	0	3437	
0	0	0	0	0	3456	
0	0	0	0	0	3411	
0	0	0	0	0	3403	
0	0	0	0	0	3402	
0	0	0	0	0	3430	
0	0	0	0	0	3440	
0	0	0	0	0	3384	
0	0	0	0	0	3427	
0	0	0	0	0	3409	
0	0	0	0	0	3445	
0	0	0	0	0	3409	
0	0	0	0	0	3429	
0	0	0	0	0	3387	
0	0	0	0	0	3453	
0	0	0	0	0	3439	
0	0	0	0	0	3421	
0	0	0	0	0	3421	
0	0	0	0	0	3417	
0	0	0	0	0	3392	
0	0	0	0	0	3444	
0	0	0	0	0	3419	
0	0	0	0	0	3439	
0	0	0	0	0	3422	
0	0	0	0	0	3414	
0	0	0	0	0	3396	
0	0	0	0	0	3444	
0	0	0	0	0	3412	
0	0	0	0	0	3459	
0	0	0	0	0	3406	
0	0	0	0	0	3412	
0	0	0	0	0	3396	
0	0	0	0	0	3410	
0	0	0	0	0	3455	
0	0	0	0	0	3420	
0	0	0	0	0	3382	
0	0	0	0	0	3425	
0	0	0	0	0	3442	
0	0	0	0	0	3404	
0	0	0	0	0	3445	
0	0	0	0	0	3422	
0	0	0	0	0	3420	
0	0	0	0	0	3425	
0	0	0	0	0	3427	
0	0	0	0	0	3449	
0	0	0	0	0	3440	
0	0	0	0	0	3409	
0	0	0	0	0	3448	
0	0	0	0	0	3429	
0	0	0	0	0	3428	
0	0	0	0	0	3432	
0	0	0	0	0	3443	
0	0	0	0	0	3440	
0	0	0	0	0	3438	
0	0	0	0	0	3441	
0	0	0	0	0	3464	
0	0	0	0	0	3423	
0	0	0	0	0	3408	
0	0	0	0	0	3458	
0	0	0	0	0	3473	
0	0	0	0	0	3459	
0	0	0	0	0	3454	
0	0	0	0	0	3424	
0	0	0	0	0	3448	
0	0	0	0	0	3429	
0	0	0	0	0	3451	
0	0	0	0	0	3416	
0	0	0	0	0	3423	
0	0	0	0	0	3419	
0	0	0	0	0	3387	
0	0	0	0	0	3416	
0	0	0	0	0	3409	
0	0	0	0	0	3403	
0	0	0	0	0	3372	
0	0	0	0	0	3435	
0	0	0	0	0	3406	
0	0	0	0	0	3440	
0	0	0	0	0	3438	
0	0	0	0	0	3396	
0	0	0	0	0	3438	
0	0	0	0	0	3416	
0	0	0	0	0	3418	
0	0	0	0	0	3426	
0	0	0	0	0	3428	
0	0	0	0	0	3394	
0	0	0	0	0	3409	
0	0	0	0	0	3463	
0	0	0	0	0	3419	
0	0	0	0	0	3432	
0	0	0	0	0	3387	
0	0	0	0	0	3438	
0	0	0	0	0	3414	
0	0	0	0	0	3447	
0	0	0	0	0	3419	
0	0	0	0	0	3396	
0	0	0	0	0	3418	
0	0	0	0	0	3432	
0	0	0	0	0	3400	
0	0	0	0	0	3450	
0	0	0	0	0	3394	
0	0	0	0	0	3410	
0	0	0	0	0	3388	
0	0	0	0	0	3435	
0	0	0	0	0	3458	
0	0	0	0	0	3426	
0	0	0	0	0	3424	
0	0	0	0	0	3474	
0	0	0	0	0	3435	
0	0	0	0	0	3447	
0	0	0	0	0	3437	
0	0	0	0	0	3423	
0	0	0	0	0	3406	
0	0	0	0	0	3448	
0	0	0	0	0	3453	
0	0	0	0	0	3444	
0	0	0	0	0	3471	
0	0	0	0	0	3421	
0	0	0	0	0	3441	
0	0	0	0	0	3454	
0	0	0	0	0	3443	
0	0	0	0	0	3442	
0	0	0	0	0	3411	
0	0	0	0	0	3468	
0	0	0	0	0	3458	
0	0	0	0	0	3439	
0	0	0	0	0	3446	
0	0	0	0	0	3442	
0	0	0	0	0	3428	
0	0	0	0	0	3438	
0	0	0	0	0	3454	
0	0	0	0	0	3436	
0	0	0	0	0	3449	
0	0	0	0	0	3448	
0	0	0	0	0	3444	
0	0	0	0	0	3437	
0	0	0	0	0	3407	
0	0	0	0	0	3395	
0	0	0	0	0	3414	
0	0	0	0	0	3403	
0	0	0	0	0	3412	
0	0	0	0	0	3435	
0	0	0	0	0	3409	
0	0	0	0	0	3442	
0	0	0	0	0	3403	
0	0	0	0	0	3429	
0	0	0	0	0	3447	
0	0	0	0	0	3425	
0	0	0	0	0	3422	
0	0	0	0	0	3408	
0	0	0	0	0	3427	
0	0	0	0	0	3459	
0	0	0	0	0	3454	
0	0	0	0	0	3435	
0	0	0	0	0	3462	
0	0	0	0	0	3399	
0	0	0	0	0	3449	
0	0	0	0	0	3466	
0	0	0	0	0	3453	
0	0	0	0	0	3482	
0	0	0	0	0	3420	
0	0	0	0	0	3430	
0	0	0	0	0	3443	
0	0	0	0	0	3414	
0	0	0	0	0	3447	
0	0	0	0	0	3428	
0	0	0	0	0	3428	
0	0	0	0	0	3444	
0	0	0	0	0	3425	
0	0	0	0	0	3462	
0	0	0	0	0	3456	
0	0	0	0	0	3409	
0	0	0	0	0	3456	
0	0	0	0	0	3481	
0	0	0	0	0	3435	
0	0	0	0	0	3468	
0	0	0	0	0	3398	
0	0	0	0	0	3473	
0	0	0	0	0	3429	
0	0	0	0	0	3434	
0	0	0	0	0	3467	
0	0	0	0	0	3428	
0	0	0	0	0	3474	
0	0	0	0	0	3440	
0	0	0	0	0	3438	
0	0	0	0	0	3433	
0	0	0	0	0	3440	
0	0	0	0	0	3414	
0	0	0	0	0	3439	
0	0	0	0	0	3464	
0	0	0	0	0	3451	
0	0	0	0	0	3460	
0	0	0	0	0	3431	
0	0	0	0	0	3572	
0	0	0	0	0	3444	
0	0	0	0	0	3422	
0	0	0	0	0	3479	
0	0	0	0	0	3441	
0	0	0	0	0	3448	
0	0	0	0	0	3465	
0	0	0	0	0	3446	
0	0	0	0	0	3434	
0	0	0	0	0	3413	
0	0	0	0	0	3399	
0	0	0	0	0	3445	
0	0	0	0	0	3404	
0	0	0	0	0	3451	
0	0	0	0	0	3445	
0	0	0	0	0	3417	
0	0	0	0	0	3485	
0	0	0	0	0	3377	
0	0	0	0	0	3472	
0	0	0	0	0	3438	
0	0	0	0	0	3441	
0	0	0	0	0	3433	
0	0	0	0	0	3442	
0	0	0	0	0	3408	
0	0	0	0	0	3424	
0	0	0	0	0	3472	
0	0	0	0	0	3433	
0	0	0	0	0	3431	
0	0	0	0	0	3450	
0	0	0	0	0	3444	
0	0	0	0	0	3431	
0	0	0	0	0	3409	
0	0	0	0	0	3441	
0	0	0	0	0	3478	
0	0	0	0	0	3439	
0	0	0	0	0	3453	
0	0	0	0	0	3473	
0	0	0	0	0	3406	
0	0	0	0	0	3424	
0	0	0	0	0	3443	
0	0	0	0	0	3437	
0	0	0	0	0	3438	
0	0	0	0	0	3416	
0	0	0	0	0	3418	
0	0	0	0	0	3453	
0	0	0	0	0	3463	
0	0	0	0	0	3411	
0	0	0	0	0	3435	
0	0	0	0	0	3454	
0	0	0	0	0	3403	
0	0	0	0	0	3425	
0	0	0	0	0	3432	
0	0	0	0	0	3486	
0	0	0	0	0	3417	
0	0	0	0	0	3427	
0	0	0	0	0	3453	
0	0	0	0	0	3431	
0	0	0	0	0	3438	
0	0	0	0	0	3383	
0	0	0	0	0	3450	
0	0	0	0	0	3446	
0	0	0	0	0	3416	
0	0	0	0	0	3436	
0	0	0	0	0	3424	
0	0	0	0	0	3462	
0	0	0	0	0	3448	
0	0	0	0	0	3482	
0	0	0	0	0	3451	
0	0	0	0	0	3453	
0	0	0	0	0	3436	
0	0	0	0	0	3482	
0	0	0	0	0	3472	
0	0	0	0	0	3452	
0	0	0	0	0	3440	
0	0	0	0	0	3411	
0	0	0	0	0	3458	
0	0	0	0	0	3456	
0	0	0	0	0	3434	
0	0	0	0	0	3453	
0	0	0	0	0	3402	
0	0	0	0	0	3462	
0	0	0	0	0	3452	
0	0	0	0	0	3461	
0	0	0	0	0	3447	
0	0	0	0	0	3428	
0	0	0	0	0	3428	
0	0	0	0	0	3457	
0	0	0	0	0	3410	
0	0	0	0	0	3420	
0	0	0	0	0	3435	
0	0	0	0	0	3424	
0	0	0	0	0	3426	
0	0	0	0	0	3433	
0	0	0	0	0	3452	
0	0	0	0	0	3438	
0	0	0	0	0	3435	
0	0	0	0	0	3427	
0	0	0	0	0	3457	
0	0	0	0	0	3455	
0	0	0	0	0	3428	
0	0	0	0	0	3450	
0	0	0	0	0	3422	
0	0	0	0	0	3430	
0	0	0	0	0	3452	
0	0	0	0	0	3443	
0	0	0	0	0	3472	
0	0	0	0	0	3443	
0	0	0	0	0	3455	
0	0	0	0	0	3429	
0	0	0	0	0	3445	
0	0	0	0	0	3460	
0	0	0	0	0	3424	
0	0	0	0	0	3421	
0	0	0	0	0	3464	
0	0	0	0	0	3455	
0	0	0	0	0	3401	
0	0	0	0	0	3435	
0	0	0	0	0	3413	
0	0	0	0	0	3419	
0	0	0	0	0	3446	
0	0	0	0	0	3426	
0	0	0	0	0	3450	
0	0	0	0	0	3426	
0	0	0	0	0	3457	
0	0	0	0	0	3462	
0	0	0	0	0	3450	
0	0	0	0	0	3455	
0	0	0	0	0	3460	
0	0	0	0	0	3410	
0	0	0	0	0	3475	
0	0	0	0	0	3432	
0	0	0	0	0	3439	
0	0	0	0	0	3454	
0	0	0	0	0	3410	
0	0	0	0	0	3452	
0	0	0	0	0	3444	
0	0	0	0	0	3426	
0	0	0	0	0	3459	
0	0	0	0	0	3392	
0	0	0	0	0	3452	
0	0	0	0	0	3369	
0	0	0	0	0	3410	
0	0	0	0	0	3391	
0	0	0	0	0	3472	
0	0	0	0	0	3382	
0	0	0	0	0	3443	
0	0	0	0	0	3427	
0	0	0	0	0	3429	
0	0	0	0	0	3425	
0	0	0	0	0	3420	
0	0	0	0	0	3396	
0	0	0	0	0	3438	
0	0	0	0	0	3428	
0	0	0	0	0	3463	
0	0	0	0	0	3425	
0	0	0	0	0	3461	
0	0	0	0	0	3427	
0	0	0	0	0	3436	
0	0	0	0	0	3440	
0	0	0	0	0	3426	
0	0	0	0	0	3412	
0	0	0	0	0	3422	
0	0	0	0	0	3459	
0	0	0	0	0	3469	
0	0	0	0	0	3545	
0	0	0	0	0	3700	
0	0	0	0	0	3455	
0	0	0	0	0	3472	
0	0	0	0	0	3481	
0	0	0	0	0	3420	
0	0	0	0	0	3456	
0	0	0	0	0	3466	
0	0	0	0	0	3486	
0	0	0	0	0	3508	
0	0	0	0	0	3660	
0	0	0	0	0	3574	
0	0	0	0	0	3454	
0	0	0	0	0	3434	
0	0	0	0	0	3402	
0	0	0	0	0	3431	
0	0	0	0	0	3427	
0	0	0	0	0	3404	
0	0	0	0	0	3448	
0	0	0	0	0	3454	
0	0	0	0	0	3445	
0	0	0	0	0	3452	
0	0	0	0	0	3425	
0	0	0	0	0	3455	
0	0	0	0	0	3446	
0	0	0	0	0	3458	
0	0	0	0	0	3561	
0	0	0	0	0	3588	
0	0	0	0	0	3448	
0	0	0	0	0	3434	
0	0	0	0	0	3480	
0	0	0	0	0	3586	
0	0	0	0	0	3454	
0	0	0	0	0	3644	
0	0	0	0	0	3463	
0	0	0	0	0	3695	
0	0	0	0	0	3632	
0	0	0	0	0	3637	
0	0	0	0	0	3459	
0	0	0	0	0	3429	
0	0	0	0	0	3635	
0	0	0	0	0	3457	
0	0	0	0	0	3525	
0	0	0	0	0	3825	
0	0	0	0	0	3461	
0	0	0	0	0	3548	
0	0	0	0	0	3535	
0	0	0	0	0	3461	
0	0	0	0	0	3632	
0	0	0	0	0	3418	
0	0	0	0	0	3397	
0	0	0	0	0	3417	
0	0	0	0	0	3422	
0	0	0	0	0	3443	
0	0	0	0	0	3402	
0	0	0	0	0	3416	
0	0	0	0	0	3441	
0	0	0	0	0	3439	
0	0	0	0	0	3455	
0	0	0	0	0	3414	
0	0	0	0	0	3422	
0	0	0	0	0	3442	
0	0	0	0	0	3442	
0	0	0	0	0	3461	
0	0	0	0	0	3435	
0	0	0	0	0	3380	
0	0	0	0	0	3455	
0	0	0	0	0	3496	
0	0	0	0	0	3432	
0	0	0	0	0	3435	
0	0	0	0	0	3415	
0	0	0	0	0	3455	
0	0	0	0	0	3426	
0	0	0	0	0	3451	
0	0	0	0	0	3444	
0	0	0	0	0	3440	
0	0	0	0	0	3443	
0	0	0	0	0	3444	
0	0	0	0	0	3437	
0	0	0	0	0	3458	
0	0	0	0	0	3448	
0	0	0	0	0	3459	
0	0	0	0	0	3520	
0	0	0	0	0	3511	
0	0	0	0	0	3517	
0	0	0	0	0	3485	
0	0	0	0	0	3465	
0	0	0	0	0	3493	
0	0	0	0	0	3498	
0	0	0	0	0	3475	
0	0	0	0	0	3411	
0	0	0	0	0	3607	
0	0	0	0	0	3492	
0	0	0	0	0	3500	
0	0	0	0	0	3508	
0	0	0	0	0	3503	
0	0	0	0	0	3480	
0	0	0	0	0	3515	
0	0	0	0	0	3518	
0	0	0	0	0	3507	
0	0	0	0	0	3447	
0	0	0	0	0	3435	
0	0	0	0	0	3387	
0	0	0	0	0	3417	
0	0	0	0	0	3427	
0	0	0	0	0	3415	
0	0	0	0	0	3441	
0	0	0	0	0	3409	
0	0	0	0	0	3423	
0	0	0	0	0	3446	
0	0	0	0	0	3452	
0	0	0	0	0	3427	
0	0	0	0	0	3413	
0	0	0	0	0	3457	
0	0	0	0	0	3424	
0	0	0	0	0	3433	
0	0	0	0	0	3427	
0	0	0	0	0	3446	
0	0	0	0	0	3406	
0	0	0	0	0	3417	
0	0	0	0	0	3459	
0	0	0	0	0	3431	
0	0	0	0	0	3438	
0	0	0	0	0	3408	
0	0	0	0	0	3440	
0	0	0	0	0	3451	
0	0	0	0	0	3428	
0	0	0	0	0	3449	
0	0	0	0	0	3449	
0	0	0	0	0	3394	
0	0	0	0	0	3428	
0	0	0	0	0	3447	
0	0	0	0	0	3464	
0	0	0	0	0	3460	
0	0	0	0	0	3435	
0	0	0	0	0	3445	
0	0	0	0	0	3429	
0	0	0	0	0	3430	
0	0	0	0	0	3439	
0	0	0	0	0	3416	
0	0	0	0	0	3430	
0	0	0	0	0	3446	
0	0	0	0	0	3417	
0	0	0	0	0	3419	
0	0	0	0	0	3455	
0	0	0	0	0	3404	
0	0	0	0	0	3429	
0	0	0	0	0	3420	
0	0	0	0	0	3420	
0	0	0	0	0	3396	
0	0	0	0	0	3367	
0	0	0	0	0	3455	
0	0	0	0	0	3446	
0	0	0	0	0	3672	
0	0	0	0	0	3580	
0	0	0	0	0	3577	
0	0	0	0	0	3455	
0	0	0	0	0	3443	
0	0	0	0	0	3482	
0	0	0	0	0	3402	
0	0	0	0	0	3390	
0	0	0	0	0	3425	
0	0	0	0	0	3418	
0	0	0	0	0	3435	
0	0	0	0	0	3431	
0	0	0	0	0	3421	
0	0	0	0	0	3416	
0	0	0	0	0	3418	
0	0	0	0	0	3440	
0	0	0	0	0	3412	
0	0	0	0	0	3434	
0	0	0	0	0	3368	
0	0	0	0	0	3454	
0	0	0	0	0	3410	
0	0	0	0	0	3420	
0	0	0	0	0	3422	
0	0	0	0	0	3421	
0	0	0	0	0	3416	
0	0	0	0	0	3444	
0	0	0	0	0	3410	
0	0	0	0	0	3443	
0	0	0	0	0	3429	
0	0	0	0	0	3397	
0	0	0	0	0	3461	
0	0	0	0	0	3422	
0	0	0	0	0	3446	
0	0	0	0	0	3442	
0	0	0	0	0	3450	
0	0	0	0	0	3446	
0	0	0	0	0	3443	
0	0	0	0	0	3443	
0	0	0	0	0	3441	
0	0	0	0	0	3446	
0	0	0	0	0	3422	
0	0	0	0	0	3452	
0	0	0	0	0	3415	
0	0	0	0	0	3432	
0	0	0	0	0	3437	
0	0	0	0	0	3439	
0	0	0	0	0	3457	
0	0	0	0	0	3431	
0	0	0	0	0	3468	
0	0	0	0	0	3441	
0	0	0	0	0	3423	
0	0	0	0	0	3437	
0	0	0	0	0	3429	
0	0	0	0	0	3447	
0	0	0	0	0	3432	
0	0	0	0	0	3461	
0	0	0	0	0	3402	
0	0	0	0	0	3454	
0	0	0	0	0	3420	
0	0	0	0	0	3455	
0	0	0	0	0	3468	
0	0	0	0	0	3457	
0	0	0	0	0	3463	
0	0	0	0	0	3442	
0	0	0	0	0	3451	
0	0	0	0	0	3457	
0	0	0	0	0	3457	
0	0	0	0	0	3431	
0	0	0	0	0	3683	
0	0	0	0	0	3438	
0	0	0	0	0	3457	
0	0	0	0	0	3446	
0	0	0	0	0	3409	
0	0	0	0	0	3446	
0	0	0	0	0	3427	
0	0	0	0	0	3451	
0	0	0	0	0	3448	
0	0	0	0	0	3418	
0	0	0	0	0	3422	
0	0	0	0	0	3455	
0	0	0	0	0	3431	
0	0	0	0	0	3411	
0	0	0	0	0	3430	
0	0	0	0	0	3384	
0	0	0	0	0	3438	
0	0	0	0	0	3445	
0	0	0	0	0	3455	
0	0	0	0	0	3446	
0	0	0	0	0	3420	
0	0	0	0	0	3454	
0	0	0	0	0	3518	
0	0	0	0	0	3458	
0	0	0	0	0	3415	
0	0	0	0	0	3401	
0	0	0	0	0	3462	
0	0	0	0	0	3447	
0	0	0	0	0	3413	
0	0	0	0	0	3431	
0	0	0	0	0	3425	
0	0	0	0	0	3752	
0	0	0	0	0	3496	
0	0	0	0	0	3558	
0	0	0	0	0	3743	
0	0	0	0	0	3479	
0	0	0	0	0	3555	
0	0	0	0	0	3421	
0	0	0	0	0	3427	
0	0	0	0	0	3432	
0	0	0	0	0	3442	
0	0	0	0	0	3399	
0	0	0	0	0	3431	
0	0	0	0	0	3436	
0	0	0	0	0	3445	
0	0	0	0	0	3418	
0	0	0	0	0	3430	
0	0	0	0	0	3405	
0	0	0	0	0	3420	
0	0	0	0	0	3431	
0	0	0	0	0	3432	
0	0	0	0	0	3425	
0	0	0	0	0	3432	
0	0	0	0	0	3431	
0	0	0	0	0	3442	
0	0	0	0	0	3415	
0	0	0	0	0	3448	
0	0	0	0	0	3391	
0	0	0	0	0	3419	
0	0	0	0	0	3415	
0	0	0	0	0	3442	
0	0	0	0	0	3427	
0	0	0	0	0	3446	
0	0	0	0	0	3381	
0	0	0	0	0	3410	
0	0	0	0	0	3427	
0	0	0	0	0	3418	
0	0	0	0	0	3432	
0	0	0	0	0	3380	
0	0	0	0	0	3430	
0	0	0	0	0	3460	
0	0	0	0	0	3422	
0	0	0	0	0	3430	
0	0	0	0	0	3423	
0	0	0	0	0	3402	
0	0	0	0	0	3429	
0	0	0	0	0	3409	
0	0	0	0	0	3407	
0	0	0	0	0	3395	
0	0	0	0	0	3414	
0	0	0	0	0	3406	
0	0	0	0	0	3414	
0	0	0	0	0	3424	
0	0	0	0	0	3422	
0	0	0	0	0	3394	
0	0	0	0	0	3396	
0	0	0	0	0	3420	
0	0	0	0	0	3393	
0	0	0	0	0	3366	
0	0	0	0	0	3442	
0	0	0	0	0	3379	
0	0	0	0	0	3366	
0	0	0	0	0	3390	
0	0	0	0	0	3376	
0	0	0	0	0	3402	
0	0	0	0	0	3377	
0	0	0	0	0	3389	
0	0	0	0	0	3413	
0	0	0	0	0	3420	
0	0	0	0	0	3483	
0	0	0	0	0	3438	
0	0	0	0	0	3404	
0	0	0	0	0	3430	
0	0	0	0	0	3426	
0	0	0	0	0	3426	
0	0	0	0	0	3429	
0	0	0	0	0	3391	
0	0	0	0	0	3426	
0	0	0	0	0	3419	
0	0	0	0	0	3415	
0	0	0	0	0	3399	
0	0	0	0	0	3408	
0	0	0	0	0	3402	
0	0	0	0	0	3408	
0	0	0	0	0	3382	
0	0	0	0	0	3391	
0	0	0	0	0	3394	
0	0	0	0	0	3382	
0	0	0	0	0	3413	
0	0	0	0	0	3415	
0	0	0	0	0	3377	
0	0	0	0	0	3408	
0	0	0	0	0	3393	
0	0	0	0	0	3372	
0	0	0	0	0	3358	
0	0	0	0	0	3412	
0	0	0	0	0	3424	
0	0	0	0	0	3447	
0	0	0	0	0	3432	
0	0	0	0	0	3394	
0	0	0	0	0	3446	
0	0	0	0	0	3445	
0	0	0	0	0	3463	
0	0	0	0	0	3419	
0	0	0	0	0	3505	
0	0	0	0	0	3514	
0	0	0	0	0	3509	
0	0	0	0	0	3816	
0	0	0	0	0	3494	
0	0	0	0	0	3514	
0	0	0	0	0	3505	
0	0	0	0	0	3514	
0	0	0	0	0	3510	
0	0	0	0	0	3494	
0	0	0	0	0	3517	
0	0	0	0	0	3531	
0	0	0	0	0	3527	
0	0	0	0	0	3534	
0	0	0	0	0	3514	
0	0	0	0	0	3463	
0	0	0	0	0	3485	
0	0	0	0	0	3488	
0	0	0	0	0	3517	
0	0	0	0	0	3489	
0	0	0	0	0	3465	
0	0	0	0	0	3512	
0	0	0	0	0	3500	
0	0	0	0	0	3440	
0	0	0	0	0	3378	
0	0	0	0	0	3423	
0	0	0	0	0	3410	
0	0	0	0	0	3456	
0	0	0	0	0	3413	
0	0	0	0	0	3453	
0	0	0	0	0	3431	
0	0	0	0	0	3422	
0	0	0	0	0	3437	
0	0	0	0	0	3317	
0	0	0	0	0	3397	
0	0	0	0	0	3430	
0	0	0	0	0	3417	
0	0	0	0	0	3430	
0	0	0	0	0	3414	
0	0	0	0	0	3437	
0	0	0	0	0	3441	
0	0	0	0	0	3417	
0	0	0	0	0	3394	
0	0	0	0	0	3417	
0	0	0	0	0	3451	
0	0	0	0	0	3474	
0	0	0	0	0	3478	
0	0	0	0	0	3374	
0	0	0	0	0	3503	
0	0	0	0	0	3442	
0	0	0	0	0	3481	
0	0	0	0	0	3599	
0	0	0	0	0	3467	
0	0	0	0	0	3441	
0	0	0	0	0	3542	
0	0	0	0	0	3497	
0	0	0	0	0	3593	
0	0	0	0	0	3355	
0	0	0	0	0	3460	
0	0	0	0	0	3441	
0	0	0	0	0	3403	
0	0	0	0	0	3380	
0	0	0	0	0	3499	
0	0	0	0	0	3519	
0	0	0	0	0	3448	
0	0	0	0	0	3465	
0	0	0	0	0	3342	
0	0	0	0	0	3450	
0	0	0	0	0	3412	
0	0	0	0	0	3928	
0	0	0	0	0	4658	
0	0	0	0	0	4633	
0	0	0	0	0	4498	
0	0	0	0	0	4647	
0	0	0	0	0	4773	
0	0	0	0	0	4609	
0	0	0	0	0	4612	
0	0	0	0	0	4694	
0	0	0	0	0	4648	
0	0	0	0	0	4624	
0	0	0	0	0	4783	
0	0	0	0	0	3842	
0	0	0	0	0	3450	
0	0	0	0	0	3381	
0	0	0	0	0	3387	
0	0	0	0	0	3413	
0	0	0	0	0	3459	
0	0	0	0	0	3444	
0	0	0	0	0	3382	
0	0	0	0	0	3450	
0	0	0	0	0	3392	
0	0	0	0	0	3430	
0	0	0	0	0	3470	
0	0	0	0	0	3618	
0	0	0	0	0	3468	
0	0	0	0	0	3408	
0	0	0	0	0	3583	
0	0	0	0	0	3403	
0	0	0	0	0	3448	
0	0	0	0	0	3465	
0	0	0	0	0	3388	
0	0	0	0	0	3810	
0	0	0	0	0	3961	
0	0	0	0	0	3430	
0	0	0	0	0	3743	
0	0	0	0	0	3602	
0	0	0	0	0	3448	
0	0	0	0	0	3416	
0	0	0	0	0	3474	
0	0	0	0	0	3574	
0	0	0	0	0	3587	
0	0	0	0	0	3592	
0	0	0	0	0	3410	
0	0	0	0	0	3471	
0	0	0	0	0	3467	
0	0	0	0	0	3556	
0	0	0	0	0	3416	
0	0	0	0	0	3455	
0	0	0	0	0	3461	
0	0	0	0	0	3469	
0	0	0	0	0	4430	
0	0	0	0	0	4688	
0	0	0	0	0	4598	
0	0	0	0	0	4751	
0	0	0	0	0	4973	
0	0	0	0	0	4997	
0	0	0	0	0	5036	
0	0	0	0	0	5067	
0	0	0	0	0	4691	
0	0	0	0	0	4889	
0	0	0	0	0	4950	
0	0	0	0	0	3961	
0	0	0	0	0	3530	
0	0	0	0	0	3505	
0	0	0	0	0	3402	
0	0	0	0	0	3572	
0	0	0	0	0	3885	
0	0	0	0	0	4612	
0	0	0	0	0	4703	
0	0	0	0	0	4679	
0	0	0	0	0	4934	
0	0	0	0	0	3795	
0	0	0	0	0	3347	
0	0	0	0	0	3171	
0	0	0	0	0	3267	
0	0	0	0	0	4605	
0	0	0	0	0	4703	
0	0	0	0	0	4818	
0	0	0	0	0	4828	
0	0	0	0	0	4746	
0	0	0	0	0	4750	
0	0	0	0	0	3743	
0	0	0	0	0	3537	
0	0	0	0	0	3719	
0	0	0	0	0	4640	
0	0	0	0	0	4550	
0	0	0	0	0	4580	
0	0	0	0	0	5054	
0	0	0	0	0	4840	
0	0	0	0	0	4594	
0	0	0	0	0	4588	
0	0	0	0	0	4847	
0	0	0	0	0	4636	
0	0	0	0	0	4647	
0	0	0	0	0	4665	
0	0	0	0	0	4656	
0	0	0	0	0	4667	
0	0	0	0	0	4678	
0	0	0	0	0	4713	
0	0	0	0	0	4766	
0	0	0	0	0	4681	
0	0	0	0	0	4624	
0	0	0	0	0	4611	
0	0	0	0	0	4814	
0	0	0	0	0	4726	
0	0	0	0	0	4678	
0	0	0	0	0	4419	
0	0	0	0	0	3583	
0	0	0	0	0	3749	
0	0	0	0	0	3541	
0	0	0	0	0	3509	
0	0	0	0	0	4310	
0	0	0	0	0	4829	
0	0	0	0	0	4875	
0	0	0	0	0	4908	
0	0	0	0	0	4978	
0	0	0	0	0	4831	
0	0	0	0	0	4827	
0	0	0	0	0	4619	
0	0	0	0	0	4903	
0	0	0	0	0	4862	
0	0	0	0	0	3851	
0	0	0	0	0	3520	
0	0	0	0	0	3517	
0	0	0	0	0	3547	
0	0	0	0	0	3502	
0	0	0	0	0	4333	
0	0	0	0	0	4516	
0	0	0	0	0	4563	
0	0	0	0	0	4636	
0	0	0	0	0	4750	
0	0	0	0	0	4698	
0	0	0	0	0	4637	
0	0	0	0	0	4709	
0	0	0	0	0	4753	
0	0	0	0	0	4669	
0	0	0	0	0	4927	
0	0	0	0	0	4826	
0	0	0	0	0	4990	
0	0	0	0	0	4642	
0	0	0	0	0	5136	
0	0	0	0	0	3831	
0	0	0	0	0	3360	
0	0	0	0	0	3342	
0	0	0	0	0	3423	
0	0	0	0	0	3415	
0	0	0	0	0	3362	
0	0	0	0	0	3400	
0	0	0	0	0	3397	
0	0	0	0	0	3319	
0	0	0	0	0	3342	
0	0	0	0	0	3345	
0	0	0	0	0	3350	
0	0	0	0	0	3389	
0	0	0	0	0	3343	
0	0	0	0	0	3397	
0	0	0	0	0	3423	
0	0	0	0	0	3315	
0	0	0	0	0	3365	
0	0	0	0	0	3390	
0	0	0	0	0	3348	
0	0	0	0	0	3387	
0	0	0	0	0	3344	
0	0	0	0	0	3388	
0	0	0	0	0	3351	
0	0	0	0	0	3371	
0	0	0	0	0	3399	
0	0	0	0	0	3405	
0	0	0	0	0	3350	
0	0	0	0	0	3392	
0	0	0	0	0	3351	
0	0	0	0	0	3426	
0	0	0	0	0	3359	
0	0	0	0	0	3387	
0	0	0	0	0	3393	
0	0	0	0	0	3395	
0	0	0	0	0	3367	
0	0	0	0	0	3403	
0	0	0	0	0	3416	
0	0	0	0	0	3376	
0	0	0	0	0	3350	
0	0	0	0	0	3355	
0	0	0	0	0	3433	
0	0	0	0	0	3373	
0	0	0	0	0	3392	
0	0	0	0	0	3377	
0	0	0	0	0	3412	
0	0	0	0	0	3309	
0	0	0	0	0	3367	
0	0	0	0	0	3347	
0	0	0	0	0	3425	
0	0	0	0	0	3361	
0	0	0	0	0	3383	
0	0	0	0	0	3389	
0	0	0	0	0	3368	
0	0	0	0	0	3380	
0	0	0	0	0	3462	
0	0	0	0	0	3433	
0	0	0	0	0	3400	
0	0	0	0	0	3406	
0	0	0	0	0	3403	
0	0	0	0	0	3379	
0	0	0	0	0	3408	
0	0	0	0	0	3394	
0	0	0	0	0	3410	
0	0	0	0	0	3419	
0	0	0	0	0	3390	
0	0	0	0	0	3391	
0	0	0	0	0	3371	
0	0	0	0	0	3348	
0	0	0	0	0	3404	
0	0	0	0	0	3395	
0	0	0	0	0	3415	
0	0	0	0	0	3367	
0	0	0	0	0	3377	
0	0	0	0	0	3397	
0	0	0	0	0	3370	
0	0	0	0	0	3355	
0	0	0	0	0	3643	
0	0	0	0	0	3414	
0	0	0	0	0	3433	
0	0	0	0	0	3494	
0	0	0	0	0	3501	
0	0	0	0	0	3483	
0	0	0	0	0	3431	
0	0	0	0	0	3370	
0	0	0	0	0	3430	
0	0	0	0	0	3455	
0	0	0	0	0	3448	
0	0	0	0	0	3453	
0	0	0	0	0	3333	
0	0	0	0	0	3387	
0	0	0	0	0	3404	
0	0	0	0	0	3412	
0	0	0	0	0	3435	
0	0	0	0	0	3851	
0	0	0	0	0	4865	
0	0	0	0	0	4763	
0	0	0	0	0	4746	
0	0	0	0	0	4885	
0	0	0	0	0	5040	
0	0	0	0	0	4936	
0	0	0	0	0	4993	
0	0	0	0	0	4068	
0	0	0	0	0	4219	
0	0	0	0	0	4902	
0	0	0	0	0	4941	
0	0	0	0	0	4802	
0	0	0	0	0	4923	
0	0	0	0	0	4712	
0	0	0	0	0	4808	
0	0	0	0	0	4330	
0	0	0	0	0	4655	
0	0	0	0	0	4640	
0	0	0	0	0	4624	
0	0	0	0	0	4645	
0	0	0	0	0	4707	
0	0	0	0	0	4701	
0	0	0	0	0	4630	
0	0	0	0	0	4694	
0	0	0	0	0	4670	
0	0	0	0	0	3726	
0	0	0	0	0	3586	
0	0	0	0	0	4860	
0	0	0	0	0	4801	
0	0	0	0	0	4852	
0	0	0	0	0	4790	
0	0	0	0	0	4370	
0	0	0	0	0	3364	
0	0	0	0	0	3332	
0	0	0	0	0	3362	
0	0	0	0	0	3351	
0	0	0	0	0	3448	
0	0	0	0	0	3459	
0	0	0	0	0	4829	
0	0	0	0	0	4872	
0	0	0	0	0	4814	
0	0	0	0	0	4827	
0	0	0	0	0	4791	
0	0	0	0	0	4076	
0	0	0	0	0	3311	
0	0	0	0	0	3352	
0	0	0	0	0	4238	
0	0	0	0	0	4965	
0	0	0	0	0	4815	
0	0	0	0	0	4824	
0	0	0	0	0	4942	
0	0	0	0	0	4886	
0	0	0	0	0	4848	
0	0	0	0	0	4118	
0	0	0	0	0	3455	
0	0	0	0	0	4295	
0	0	0	0	0	4606	
0	0	0	0	0	4639	
0	0	0	0	0	4619	
0	0	0	0	0	4610	
0	0	0	0	0	4733	
0	0	0	0	0	4637	
0	0	0	0	0	4332	
0	0	0	0	0	3651	
0	0	0	0	0	3561	
0	0	0	0	0	3670	
0	0	0	0	0	3539	
0	0	0	0	0	3505	
0	0	0	0	0	3719	
0	0	0	0	0	3573	
0	0	0	0	0	3434	
0	0	0	0	0	3502	
0	0	0	0	0	3534	
0	0	0	0	0	3521	
0	0	0	0	0	3699	
0	0	0	0	0	4572	
0	0	0	0	0	4618	
0	0	0	0	0	4626	
0	0	0	0	0	4602	
0	0	0	0	0	4657	
0	0	0	0	0	4583	
0	0	0	0	0	4602	
0	0	0	0	0	4690	
0	0	0	0	0	4626	
0	0	0	0	0	4579	
0	0	0	0	0	4485	
0	0	0	0	0	3592	
0	0	0	0	0	3575	
0	0	0	0	0	4274	
0	0	0	0	0	4601	
0	0	0	0	0	4618	
0	0	0	0	0	4652	
0	0	0	0	0	4810	
0	0	0	0	0	4765	
0	0	0	0	0	4665	
0	0	0	0	0	3992	
0	0	0	0	0	3469	
0	0	0	0	0	3279	
0	0	0	0	0	3364	
0	0	0	0	0	3406	
0	0	0	0	0	3941	
0	0	0	0	0	4945	
0	0	0	0	0	4932	
0	0	0	0	0	4931	
0	0	0	0	0	4924	
0	0	0	0	0	4803	
0	0	0	0	0	4475	
0	0	0	0	0	4945	
0	0	0	0	0	4921	
0	0	0	0	0	4897	
0	0	0	0	0	4944	
0	0	0	0	0	4779	
0	0	0	0	0	4945	
0	0	0	0	0	4812	
0	0	0	0	0	4837	
0	0	0	0	0	3887	
0	0	0	0	0	3737	
0	0	0	0	0	3965	
0	0	0	0	0	4633	
0	0	0	0	0	4606	
0	0	0	0	0	4684	
0	0	0	0	0	4558	
0	0	0	0	0	4699	
0	0	0	0	0	4665	
0	0	0	0	0	4705	
0	0	0	0	0	3695	
0	0	0	0	0	3375	
0	0	0	0	0	3374	
0	0	0	0	0	3362	
0	0	0	0	0	3365	
0	0	0	0	0	3303	
0	0	0	0	0	3339	
0	0	0	0	0	3374	
0	0	0	0	0	3394	
0	0	0	0	0	3422	
0	0	0	0	0	3380	
0	0	0	0	0	3357	
0	0	0	0	0	3394	
0	0	0	0	0	3294	
0	0	0	0	0	3357	
0	0	0	0	0	3390	
0	0	0	0	0	3433	
0	0	0	0	0	3409	
0	0	0	0	0	3443	
0	0	0	0	0	3457	
0	0	0	0	0	3425	
0	0	0	0	0	3403	
0	0	0	0	0	3382	
0	0	0	0	0	3431	
0	0	0	0	0	3410	
0	0	0	0	0	3427	
0	0	0	0	0	3363	
0	0	0	0	0	3390	
0	0	0	0	0	3374	
0	0	0	0	0	3434	
0	0	0	0	0	3347	
0	0	0	0	0	3433	
0	0	0	0	0	3463	
0	0	0	0	0	3435	
0	0	0	0	0	3323	
0	0	0	0	0	3437	
0	0	0	0	0	3447	
0	0	0	0	0	3451	
0	0	0	0	0	3358	
0	0	0	0	0	3407	
0	0	0	0	0	3451	
0	0	0	0	0	3455	
0	0	0	0	0	3374	
0	0	0	0	0	3447	
0	0	0	0	0	3391	
0	0	0	0	0	3438	
0	0	0	0	0	3357	
0	0	0	0	0	3457	
0	0	0	0	0	3442	
0	0	0	0	0	3408	
0	0	0	0	0	3356	
0	0	0	0	0	3465	
0	0	0	0	0	3452	
0	0	0	0	0	3425	
0	0	0	0	0	3356	
0	0	0	0	0	3373	
0	0	0	0	0	3390	
0	0	0	0	0	3449	
0	0	0	0	0	3341	
0	0	0	0	0	3382	
0	0	0	0	0	3418	
0	0	0	0	0	3454	
0	0	0	0	0	3337	
0	0	0	0	0	3414	
0	0	0	0	0	3453	
0	0	0	0	0	3460	
0	0	0	0	0	3437	
0	0	0	0	0	3337	
0	0	0	0	0	3423	
0	0	0	0	0	3453	
0	0	0	0	0	3462	
0	0	0	0	0	3299	
0	0	0	0	0	3472	
0	0	0	0	0	3421	
0	0	0	0	0	3305	
0	0	0	0	0	3447	
0	0	0	0	0	3404	
0	0	0	0	0	3459	
0	0	0	0	0	3333	
0	0	0	0	0	3449	
0	0	0	0	0	3440	
0	0	0	0	0	3448	
0	0	0	0	0	3312	
0	0	0	0	0	3431	
0	0	0	0	0	3449	
0	0	0	0	0	3449	
0	0	0	0	0	3453	
0	0	0	0	0	3296	
0	0	0	0	0	3432	
0	0	0	0	0	3524	
0	0	0	0	0	3750	
0	0	0	0	0	3627	
0	0	0	0	0	3550	
0	0	0	0	0	3466	
0	0	0	0	0	3481	
0	0	0	0	0	3438	
0	0	0	0	0	3582	
0	0	0	0	0	3582	
0	0	0	0	0	3416	
0	0	0	0	0	3326	
0	0	0	0	0	3451	
0	0	0	0	0	4789	
0	0	0	0	0	4764	
0	0	0	0	0	4532	
0	0	0	0	0	3522	
0	0	0	0	0	3567	
0	0	0	0	0	3523	
0	0	0	0	0	3293	
0	0	0	0	0	3412	
0	0	0	0	0	3395	
0	0	0	0	0	3425	
0	0	0	0	0	3293	
0	0	0	0	0	3423	
0	0	0	0	0	3400	
0	0	0	0	0	3409	
0	0	0	0	0	3435	
0	0	0	0	0	3549	
0	0	0	0	0	3461	
0	0	0	0	0	3293	
0	0	0	0	0	3408	
0	0	0	0	0	3443	
0	0	0	0	0	3663	
0	0	0	0	0	3459	
0	0	0	0	0	3405	
0	0	0	0	0	3443	
0	0	0	0	0	3443	
0	0	0	0	0	3270	
13	0	0	0	0	3195	
2180	0	0	0	0	25284	
3510	0	0	0	0	25392	
5972	0	0	0	0	27692	
6773	0	0	0	0	27668	
7784	0	0	0	0	26962	
8527	0	0	0	0	25571	
9093	0	0	0	0	22487	
9250	0	0	0	0	19392	
10433	0	0	0	0	17858	
9729	0	0	0	0	13235	
0	0	0	0	0	0	
0	0	0	0	0	0	
0	0	0	0	0	0	
0	0	0	0	0	0	
412	0	0	0	0	527	
11530	0	0	0	0	12795	
11851	0	0	0	0	10911	
10516	0	0	0	0	7650	
12625	0	0	0	0	7924	
12394	0	0	0	0	5703	
11774	0	0	0	0	4611	
10732	0	0	0	0	3527	
11371	0	0	0	0	3243	
12485	0	0	0	0	2881	
12130	0	0	0	0	2328	
12244	0	0	0	0	1869	
12606	0	0	0	0	1692	
12884	0	0	0	0	1569	
12256	0	0	0	0	1239	
12381	0	0	0	0	1188	
12264	0	0	0	0	945	
12761	0	0	0	0	825	
12539	0	0	0	0	775	
10968	0	0	0	0	601	
12707	0	0	0	0	660	
12407	0	0	0	0	508	
12734	0	0	0	0	484	
12150	0	0	0	0	444	
13187	0	0	0	0	457	
12631	0	0	0	0	433	
12364	0	0	0	0	376	
12389	0	0	0	0	332	
12254	0	0	0	0	330	
10753	0	0	0	0	294	
12908	0	0	0	0	315	
12918	0	0	0	0	307	
12916	0	0	0	0	272	
12449	0	0	0	0	273	
12856	0	0	0	0	264	
12430	0	0	0	0	237	
11290	0	0	0	0	206	
12588	0	0	0	0	268	
12517	0	0	0	0	260	
12796	0	0	0	0	232	
12620	0	0	0	0	234	
12183	0	0	0	0	203	
13135	0	0	0	0	241	
11166	0	0	0	0	153	
11367	0	0	0	0	191	
12435	0	0	0	0	227	
12092	0	0	0	0	195	
12807	0	0	0	0	225	
12106	0	0	0	0	165	
12712	0	0	0	0	194	
12580	0	0	0	0	191	
11131	0	0	0	0	170	
12269	0	0	0	0	174	
12213	0	0	0	0	171	
12503	0	0	0	0	188	
12408	0	0	0	0	190	
12280	0	0	0	0	159	
12071	0	0	0	0	141	
10724	0	0	0	0	127	
12779	0	0	0	0	167	
13120	0	0	0	0	170	
12877	0	0	0	0	152	
12238	0	0	0	0	122	
11997	0	0	0	0	141	
11753	0	0	0	0	152	
10784	0	0	0	0	127	
11064	0	0	0	0	131	
10982	0	0	0	0	130	
11780	0	0	0	0	155	
12109	0	0	0	0	152	
11510	0	0	0	0	135	
12055	0	0	0	0	133	
11494	0	0	0	0	117	
10864	0	0	0	0	133	
11361	0	0	0	0	141	
11469	0	0	0	0	136	
11475	0	0	0	0	137	
11594	0	0	0	0	123	
11864	0	0	0	0	116	
11666	0	0	0	0	131	
10760	0	0	0	0	113	
11606	0	0	0	0	122	
11248	0	0	0	0	124	
11874	0	0	0	0	117	
11965	0	0	0	0	120	
11524	0	0	0	0	107	
11528	0	0	0	0	111	
11124	0	0	0	0	88	
10271	0	0	0	0	101	
11639	0	0	0	0	85	
11239	0	0	0	0	70	
11263	0	0	0	0	97	
11298	0	0	0	0	113	
12296	0	0	0	0	103	
11412	0	0	0	0	97	
10467	0	0	0	0	82	
11620	0	0	0	0	99	
11516	0	0	0	0	79	
11660	0	0	0	0	110	
11312	0	0	0	0	91	
11533	0	0	0	0	97	
11567	0	0	0	0	99	
11188	0	0	0	0	122	
11444	0	0	0	0	82	
11717	0	0	0	0	90	
11888	0	0	0	0	88	
11480	0	0	0	0	83	
11120	0	0	0	0	80	
11599	0	0	0	0	86	
10669	0	0	0	0	112	
12964	0	0	0	0	99	
11265	0	0	0	0	87	
11301	0	0	0	0	84	
11203	0	0	0	0	75	
11650	0	0	0	0	82	
11987	0	0	0	0	92	
11728	0	0	0	0	91	
10367	0	0	0	0	79	
11872	0	0	0	0	87	
11594	0	0	0	0	71	
11332	0	0	0	0	77	
11542	0	0	0	0	76	
11397	0	0	0	0	85	
8791	0	0	0	0	64	
8404	0	0	0	0	63	
9983	0	0	0	0	52	
11949	0	0	0	0	96	
9310	0	0	0	0	78	
11235	0	0	0	0	93	
11561	0	0	0	0	62	
11178	0	0	0	0	68	
11624	0	0	0	0	67	
11261	0	0	0	0	82	
12001	0	0	0	0	85	
8914	0	0	0	0	51	
11319	0	0	0	0	54	
11395	0	0	0	0	70	
11398	0	0	0	0	83	
11689	0	0	0	0	90	
7897	0	0	0	0	29	
11982	0	0	0	0	58	
11907	0	0	0	0	64	
9053	0	0	0	0	52	
11183	0	0	0	0	62	
11815	0	0	0	0	81	
11554	0	0	0	0	62	
11354	0	0	0	0	68	
10905	0	0	0	0	46	
11206	0	0	0	0	70	
10993	0	0	0	0	53	
11442	0	0	0	0	67	
11257	0	0	0	0	65	
11983	0	0	0	0	71	
11301	0	0	0	0	70	
10579	0	0	0	0	71	
11470	0	0	0	0	58	
11221	0	0	0	0	47	
11441	0	0	0	0	65	
11502	0	0	0	0	49	
11285	0	0	0	0	40	
9232	0	0	0	0	55	
11825	0	0	0	0	58	
10702	0	0	0	0	53	
9457	0	0	0	0	54	
11858	0	0	0	0	54	
11366	0	0	0	0	54	
11470	0	0	0	0	69	
11347	0	0	0	0	47	
11521	0	0	0	0	52	
11231	0	0	0	0	52	
10450	0	0	0	0	57	
11550	0	0	0	0	54	
11315	0	0	0	0	57	
11395	0	0	0	0	52	
10961	0	0	0	0	53	
11487	0	0	0	0	46	
11510	0	0	0	0	52	
10725	0	0	0	0	55	
11497	0	0	0	0	71	
11189	0	0	0	0	50	
11567	0	0	0	0	44	
11280	0	0	0	0	52	
11265	0	0	0	0	46	
12719	0	0	0	0	51	
13039	0	0	0	0	43	
11543	0	0	0	0	53	
7994	0	0	0	0	33	
11879	0	0	0	0	46	
11740	0	0	0	0	54	
11176	0	0	0	0	45	
11322	0	0	0	0	47	
11361	0	0	0	0	45	
11198	0	0	0	0	32	
11685	0	0	0	0	53	
8130	0	0	0	0	27	
11378	0	0	0	0	36	
11335	0	0	0	0	38	
11546	0	0	0	0	36	
11911	0	0	0	0	45	
11302	0	0	0	0	45	
11554	0	0	0	0	55	
11414	0	0	0	0	37	
10562	0	0	0	0	27	
11392	0	0	0	0	42	
11290	0	0	0	0	30	
10914	0	0	0	0	33	
11396	0	0	0	0	28	
11351	0	0	0	0	48	
11930	0	0	0	0	41	
11929	0	0	0	0	57	
10130	0	0	0	0	23	
11345	0	0	0	0	29	
12055	0	0	0	0	39	
11561	0	0	0	0	52	
11681	0	0	0	0	52	
11326	0	0	0	0	47	
11499	0	0	0	0	37	
9934	0	0	0	0	23	
11336	0	0	0	0	33	
11297	0	0	0	0	43	
7724	0	0	0	0	22	
11769	0	0	0	0	20	
11847	0	0	0	0	21	
11677	0	0	0	0	38	
11516	0	0	0	0	30	
10079	0	0	0	0	31	
11706	0	0	0	0	38	
11446	0	0	0	0	28	
11897	0	0	0	0	45	
11704	0	0	0	0	29	
11480	0	0	0	0	24	
8729	0	0	0	0	27	
11431	0	0	0	0	39	
10020	0	0	0	0	35	
11721	0	0	0	0	38	
11862	0	0	0	0	30	
11578	0	0	0	0	26	
11446	0	0	0	0	35	
11619	0	0	0	0	21	
11200	0	0	0	0	40	
11100	0	0	0	0	29	
11080	0	0	0	0	21	
11462	0	0	0	0	27	
11673	0	0	0	0	26	
11717	0	0	0	0	25	
11292	0	0	0	0	20	
11463	0	0	0	0	27	
9101	0	0	0	0	30	
10224	0	0	0	0	13	
11080	0	0	0	0	21	
11975	0	0	0	0	25	
11419	0	0	0	0	19	
12337	0	0	0	0	24	
11460	0	0	0	0	26	
12011	0	0	0	0	37	
12557	0	0	0	0	28	
9873	0	0	0	0	27	
11813	0	0	0	0	34	
11365	0	0	0	0	31	
11308	0	0	0	0	32	
10271	0	0	0	0	19	
11691	0	0	0	0	24	
11409	0	0	0	0	38	
11345	0	0	0	0	45	
11578	0	0	0	0	27	
9343	0	0	0	0	22	
10826	0	0	0	0	22	
10078	0	0	0	0	28	
8640	0	0	0	0	15	
10689	0	0	0	0	32	
10652	0	0	0	0	25	
10951	0	0	0	0	28	
11504	0	0	0	0	25	
11219	0	0	0	0	20	
11226	0	0	0	0	16	
9718	0	0	0	0	20	
10540	0	0	0	0	33	
11142	0	0	0	0	26	
11344	0	0	0	0	22	
11669	0	0	0	0	20	
11862	0	0	0	0	30	
11611	0	0	0	0	27	
9784	0	0	0	0	18	
8287	0	0	0	0	23	
11088	0	0	0	0	18	
8607	0	0	0	0	12	
11471	0	0	0	0	21	
9936	0	0	0	0	17	
11795	0	0	0	0	24	
11254	0	0	0	0	21	
11275	0	0	0	0	30	
11243	0	0	0	0	19	
9122	0	0	0	0	12	
11647	0	0	0	0	17	
11186	0	0	0	0	22	
11610	0	0	0	0	21	
11321	0	0	0	0	29	
11642	0	0	0	0	18	
11305	0	0	0	0	17	
11746	0	0	0	0	13	
11003	1	0	0	0	9	
7594	0	0	0	0	0	
6025	0	0	0	0	0	
7699	0	0	0	0	0	
7661	0	0	0	0	0	
7255	0	0	0	0	0	
7583	0	2	0	2	2	
6302	0	2	0	2	3	
8083	0	2	0	2	2	
7750	0	1	0	1	1	
8150	0	2	0	2	2	
6832	0	2	0	2	2	
8046	0	3	0	3	3	
6097	0	2	0	2	2	
7984	0	2	0	2	2	
6590	0	2	0	2	2	
8334	0	2	0	2	3	
6658	0	2	0	2	2	
8191	0	2	0	2	3	
8085	0	2	0	2	2	
7555	0	2	0	2	3	
8576	0	2	0	2	3	
6488	0	1	0	1	1	
8692	0	2	0	2	2	
7930	0	1	0	1	1	
7904	0	2	0	2	2	
8201	0	1	0	1	1	
7661	0	2	0	2	2	
8311	0	1	0	1	1	
7743	0	2	0	2	5	
6434	0	2	0	2	3	
6223	0	2	0	2	2	
6520	0	2	0	2	3	
7633	0	2	0	2	3	
8005	0	2	0	2	4	
8352	0	2	0	2	2	
6496	0	2	0	2	2	
8244	0	1	0	1	2	
7180	0	2	0	2	2	
7841	0	1	0	1	2	
8545	0	2	0	2	2	
6095	0	2	0	2	2	
6495	0	1	0	1	1	
8485	0	2	0	2	2	
8233	0	2	0	2	2	
1125	0	2	0	2	2	
0	0	2	0	2	2	
0	0	2	0	2	2	
0	0	2	0	2	2	
0	0	3	0	3	3	
0	0	2	0	2	1	
7542	0	3	0	3	1	
9006	0	2	0	2	3	
7881	0	2	0	2	2	
7986	0	2	0	2	3	
7853	0	1	0	1	1	
8131	0	2	0	2	2	
8018	0	1	0	1	1	
7638	0	2	0	2	2	
6228	0	2	0	2	2	
8014	0	2	0	2	2	
8141	0	1	0	1	1	
8055	0	1	0	1	1	
8409	0	2	0	2	6	
7908	0	1	0	1	3	
6038	0	1	0	1	1	
7530	0	2	0	2	6	
6941	0	2	0	2	2	
8597	0	2	0	2	2	
5783	0	1	0	1	1	
6370	0	2	0	2	3	
8223	0	1	0	1	2	
7419	0	2	0	2	3	
6502	0	1	0	1	1	
5362	0	3	0	3	4	
6436	0	2	0	2	2	
8708	0	1	0	1	2	
7867	0	2	0	2	2	
8000	0	1	0	1	1	
7766	0	1	0	1	2	
7465	0	1	0	1	3	
4631	0	1	0	1	3	
6322	0	2	0	2	5	
6648	0	2	0	2	3	
7792	0	2	0	2	4	
7949	0	1	0	1	2	
7060	0	2	0	2	3	
7903	0	1	0	1	1	
6529	0	2	0	2	4	
7676	0	1	0	1	4	
8073	0	2	0	2	2	
7974	0	2	0	2	2	
8113	0	2	0	2	3	
8441	0	2	0	2	5	
6032	0	2	0	2	2	
5747	0	1	0	1	6	
8309	0	2	0	2	2	
7818	0	1	0	1	1	
7469	0	1	0	1	2	
8428	0	2	0	2	2	
8600	0	1	0	1	2	
7756	0	1	0	1	1	
7645	0	1	0	1	1	
9032	0	2	0	2	9	
8585	0	1	0	1	1	
6326	0	2	0	2	5	
7494	0	2	0	2	3	
7127	0	2	0	2	2	
8011	0	1	0	1	1	
7582	0	2	0	2	4	
6361	0	1	0	1	2	
8252	0	2	0	2	4	
8153	0	1	0	1	1	
6186	0	2	0	2	2	
8485	0	2	0	2	2	
9130	0	2	0	2	5	
5235	0	1	0	1	1	
9150	0	0	0	0	1	
8179	0	1	0	1	9	
8470	0	2	0	2	7	
6404	0	2	0	2	5	
8137	0	2	0	2	5	
8076	0	1	0	1	3	
8297	0	1	0	1	2	
7940	0	2	0	2	3	
7487	0	2	0	2	2	
7025	0	2	0	2	4	
8962	0	1	0	1	6	
8514	0	2	0	2	8	
6719	0	1	0	1	6	
8329	0	2	0	2	6	
7334	0	1	0	1	3	
7529	0	2	0	2	4	
8007	0	1	0	1	1	
8605	0	1	0	1	5	
8737	0	2	0	2	7	
6900	0	2	0	2	9	
7841	0	1	0	1	2	
9185	0	2	0	2	4	
8106	0	2	0	2	5	
8023	0	1	0	1	3	
7735	0	2	0	2	3	
8893	0	2	0	2	3	
9146	0	1	0	1	1	
10032	0	2	0	2	4	
9759	0	2	0	2	6	
7920	0	1	0	1	9	
10008	0	1	0	1	8	
8432	0	2	0	2	7	
8923	0	0	0	0	6	
7750	0	2	0	2	3	
8923	0	1	0	1	1	
2	0	2	0	2	3	
3	0	2	0	2	2	
0	0	1	0	1	1	
1	0	2	0	2	3	
1	0	2	0	2	2	
0	0	2	0	2	2	
5404	0	3	0	3	10	
11196	0	1	0	1	9	
10027	0	2	0	2	10	
8131	0	1	0	1	8	
7388	0	2	0	2	7	
9268	0	1	0	1	7	
8996	0	2	0	2	5	
7223	0	2	0	2	3	
8180	0	1	0	1	3	
6833	0	1	0	1	2	
8419	0	1	0	1	5	
8900	0	1	0	1	5	
9027	0	2	0	2	4	
9846	0	1	0	1	4	
8328	0	1	0	1	5	
8793	0	2	0	2	9	
9412	0	2	0	2	7	
9621	0	1	0	1	7	
8489	0	1	0	1	4	
7698	0	2	0	2	10	
9049	0	2	0	2	8	
7706	0	1	0	1	4	
6832	0	1	0	1	3	
8431	0	2	0	2	8	
4841	0	2	0	2	2	
8603	0	1	0	1	7	
8927	0	1	0	1	5	
10060	0	1	0	1	7	
9263	0	2	0	2	8	
8301	0	1	0	1	5	
8372	0	2	0	2	5	
9116	0	1	0	1	5	
7307	0	1	0	1	6	
7907	0	2	0	2	7	
6481	0	1	0	1	5	
9007	0	2	0	2	8	
8342	0	1	0	1	7	
7254	0	1	0	1	1	
7811	0	2	0	2	6	
7212	0	1	0	1	2	
8612	0	2	0	2	13	
8589	0	1	0	1	1	
9278	0	1	0	1	4	
7856	0	1	0	1	2	
7988	0	2	0	2	5	
5173	0	1	0	1	1	
7770	0	1	0	1	1	
6433	0	2	0	2	9	
9735	0	1	0	1	3	
9275	0	1	0	1	7	
8101	0	2	0	2	7	
8633	0	1	0	1	6	
6717	0	1	0	1	2	
9015	0	2	0	2	7	
8544	0	2	0	2	11	
6684	0	2	0	2	5	
8954	0	1	0	1	7	
8846	0	1	0	1	2	
8205	0	2	0	2	4	
7076	0	0	0	0	1	
8091	0	1	0	1	6	
7070	0	1	0	1	3	
8919	0	1	0	1	5	
7249	0	2	0	2	5	
8473	0	1	0	1	3	
10177	0	2	0	2	14	
8293	0	2	0	2	5	
7201	0	1	0	1	7	
7148	0	1	0	1	8	
8488	0	2	0	2	6	
8827	0	2	0	2	2	
8718	0	2	0	2	3	
8750	0	1	0	1	2	
8913	0	2	0	2	7	
7274	0	1	0	1	9	
9376	0	1	0	1	5	
7761	0	1	0	1	4	
8296	0	1	0	1	7	
8918	0	2	0	2	17	
8536	0	2	0	2	7	
9446	0	2	0	2	12	
9492	0	1	0	1	5	
10609	0	1	0	1	7	
8999	0	2	0	2	10	
10035	0	1	0	1	9	
139	0	2	0	2	2	
1	0	2	0	2	2	
1	0	2	0	2	2	
0	0	3	0	3	2	
0	0	4	0	4	1	
0	0	3	0	3	1	
6402	0	3	0	3	7	
8550	0	2	0	2	12	
9226	0	1	0	1	10	
9779	0	2	0	2	15	
11244	0	1	0	1	7	
9508	0	1	0	1	8	
10237	0	1	0	1	13	
9716	0	1	0	1	6	
9476	0	2	0	2	19	
9523	0	1	0	1	8	
9708	0	2	0	2	6	
9573	0	1	0	1	2	
8993	0	2	0	2	7	
10431	0	1	0	1	10	
10144	0	2	0	2	5	
8105	0	1	0	1	14	
7969	0	1	0	1	15	
9589	0	1	0	1	7	
7723	0	2	0	2	6	
9371	0	1	0	1	7	
9681	0	1	0	1	9	
7322	0	1	0	1	3	
8038	0	2	0	2	8	
10464	0	1	0	1	5	
8868	0	1	0	1	5	
9610	0	2	0	2	14	
8791	0	1	0	1	6	
8755	0	2	0	2	12	
9506	0	2	0	2	9	
8554	0	1	0	1	8	
9699	0	2	0	2	4	
9209	0	1	0	1	6	
8839	0	1	0	1	5	
7661	0	1	0	1	7	
10055	0	1	0	1	8	
6891	0	1	0	1	2	
7332	0	1	0	1	6	
10095	0	2	0	2	7	
8159	0	1	0	1	5	
8996	0	1	0	1	4	
10305	0	2	0	2	11	
10489	0	1	0	1	6	
8190	0	2	0	2	9	
11097	0	1	0	1	19	
10926	0	2	0	2	11	
9323	0	1	0	1	10	
10118	0	1	0	1	16	
10715	0	1	0	1	11	
10157	0	1	0	1	3	
5708	0	1	0	1	7	
8528	0	1	0	1	5	
9016	0	2	0	2	6	
369	0	1	0	1	1	
0	0	2	0	2	2	
0	0	2	0	2	2	
0	0	1	0	1	1	
1648	0	2	0	2	5	
8119	0	4	0	4	7	
10778	0	1	0	1	11	
9063	0	2	0	2	10	
10643	0	1	0	1	9	
10217	0	1	0	1	8	
9117	0	4	0	4	10	
10267	0	0	0	0	7	
7780	0	0	0	0	5	
9426	0	0	0	0	10	
9913	0	0	0	0	4	
8957	0	0	0	0	8	
8526	0	0	0	0	0	
9269	0	0	0	0	1	
8453	0	0	0	0	0	
8309	0	0	0	0	0	
7809	0	0	0	0	0	
8014	0	0	0	0	0	
7885	0	0	0	0	0	
6484	0	0	0	0	0	
6548	0	0	0	0	0	
8639	0	0	0	0	0	
7250	0	0	0	0	0	
7609	0	0	0	0	0	
7796	0	0	0	0	0	
7001	0	0	0	0	0	
7836	0	0	0	0	0	
7729	0	0	0	0	0	
7291	0	0	0	0	0	
8384	0	0	0	0	0	
7543	0	0	0	0	0	
7768	0	0	0	0	0	
7986	0	0	0	0	0	
7929	0	0	0	0	0	
5564	0	0	0	0	0	
8062	0	0	0	0	0	
9268	0	0	0	0	0	
8360	0	0	0	0	0	
8220	0	0	0	0	0	
7919	0	0	0	0	0	
6343	0	0	0	0	0	
9292	0	0	0	0	0	
9495	0	0	0	0	0	
8408	0	0	0	0	0	
6768	0	0	0	0	0	
8633	0	0	0	0	0	
7996	0	0	0	0	0	
8673	0	0	0	0	0	
8414	0	0	0	0	0	
8288	0	0	0	0	0	
8150	0	2	0	2	1	
8643	0	1	0	1	2	
9371	0	1	0	1	6	
7369	0	2	0	2	7	
7768	0	1	0	1	9	
3022	0	2	0	2	2	
2	0	1	0	1	2	
1	0	2	0	2	2	
0	0	1	0	1	1	
0	0	4	0	4	2	
0	0	2	0	2	1	
0	0	3	0	3	1	
16	0	3	0	3	2	
10917	0	2	0	2	16	
11643	0	1	0	1	12	
11822	0	2	0	2	12	
11400	0	1	0	1	8	
10551	0	2	0	2	12	
11140	0	1	0	1	11	
11413	0	1	0	1	5	
10529	0	2	0	2	9	
11139	0	1	0	1	19	
10963	0	2	0	2	10	
11579	0	2	0	2	10	
11209	0	1	0	1	12	
11786	0	2	0	2	13	
11192	0	1	0	1	6	
10853	0	1	0	1	8	
10164	0	2	0	2	9	
11363	0	1	0	1	8	
8781	0	1	0	1	9	
0	0	1	0	1	1	
0	0	2	0	2	2	
0	0	3	0	3	1	
8525	0	3	0	3	7	
11306	0	2	0	2	10	
10216	0	2	0	2	10	
10524	0	2	0	2	9	
11238	0	1	0	1	6	
11236	0	1	0	1	13	
10697	0	2	0	2	9	
11253	0	2	0	2	12	
10977	0	1	0	1	6	
11303	0	1	0	1	5	
8070	0	1	0	1	6	
10523	0	2	0	2	9	
11404	0	1	0	1	10	
9130	0	1	0	1	4	
9320	0	1	0	1	7	
3197	0	1	0	1	3	
0	0	2	0	2	1	
0	0	2	0	2	1	
0	0	2	0	2	1	
9456	0	2	0	2	12	
9988	0	2	0	2	4	
11225	0	3	0	3	9	
8979	0	2	0	2	9	
10454	0	2	0	2	6	
9878	0	3	0	3	11	
11335	0	1	0	1	7	
11509	0	2	0	2	8	
8791	0	2	0	2	8	
11065	0	1	0	1	7	
8629	0	1	0	1	6	
10722	0	2	0	2	5	
11337	0	2	0	2	9	
11310	0	4	0	4	9	
9488	0	1	0	1	4	
10559	0	1	0	1	3	
8519	0	2	0	2	11	
10478	0	0	0	0	7	
9452	0	1	0	1	6	
11439	0	1	0	1	15	
8719	0	2	0	2	9	
7563	0	2	0	2	2	
10001	0	1	0	1	7	
8900	0	1	0	1	5	
10243	0	2	0	2	7	
11551	0	1	0	1	9	
11192	0	1	0	1	4	
11515	0	2	0	2	11	
10396	0	1	0	1	5	
11773	0	2	0	2	8	
9485	0	1	0	1	1	
11332	0	1	0	1	15	
9485	0	1	0	1	6	
11869	0	2	0	2	5	
11864	0	0	0	0	11	
9905	0	1	0	1	8	
9413	0	1	0	1	11	
10408	0	2	0	2	8	
7133	0	1	0	1	9	
10469	0	1	0	1	11	
9782	0	1	0	1	5	
9453	0	2	0	2	7	
11292	0	1	0	1	5	
10883	0	2	0	2	10	
11928	0	1	0	1	8	
9646	0	2	0	2	3	
8192	0	2	0	2	7	
10509	0	1	0	1	5	
11025	0	1	0	1	8	
11892	0	3	0	3	5	
11493	0	1	0	1	6	
8909	0	3	0	3	9	
10149	0	2	0	2	5	
9845	0	1	0	1	11	
11422	0	2	0	2	3	
11528	0	2	0	2	2	
11701	0	3	0	3	15	
11471	0	2	0	2	5	
11418	0	1	0	1	5	
11565	0	1	0	1	3	
8805	0	1	0	1	5	
8288	0	1	0	1	5	
9079	0	2	0	2	5	
7512	0	1	0	1	3	
8758	0	1	0	1	5	
8908	0	1	0	1	7	
10904	0	1	0	1	9	
8898	0	2	0	2	10	
9881	0	1	0	1	4	
10976	0	2	0	2	7	
9921	0	1	0	1	5	
9393	0	1	0	1	8	
11548	0	4	0	4	5	
9718	0	0	0	0	4	
11197	0	1	0	1	4	
10771	0	3	0	3	9	
11574	0	2	0	2	8	
9507	0	1	0	1	2	
5177	0	1	0	1	1	
1425	0	2	0	2	6	
10118	0	3	0	3	7	
11240	0	1	0	1	4	
11430	0	2	0	2	8	
10417	0	0	0	0	7	
9591	0	2	0	2	8	
11341	0	0	0	0	7	
10811	0	1	0	1	3	
11052	0	1	0	1	3	
10192	0	1	0	1	4	
12340	0	1	0	1	5	
11260	0	3	0	3	6	
12015	0	2	0	2	3	
11425	0	2	0	2	3	
11680	0	1	0	1	6	
11772	0	1	0	1	6	
10389	0	2	0	2	9	
11168	0	0	0	0	11	
10418	0	1	0	1	2	
11607	0	1	0	1	4	
11388	0	1	0	1	7	
11566	0	2	0	2	2	
9604	0	1	0	2	3	
11260	0	3	0	2	4	
9791	0	2	0	2	5	
11808	0	2	0	2	8	
11963	0	3	0	3	10	
11333	0	1	0	1	5	
11412	0	1	0	1	5	
11011	0	1	0	1	7	
2	0	1	0	1	1	
0	0	2	0	2	1	
6230	0	2	0	2	5	
11313	0	2	0	2	7	
11392	0	4	0	4	8	
12357	0	2	0	2	4	
11348	0	2	0	2	3	
11494	0	3	0	3	5	
10647	0	3	0	3	3	
10466	0	2	0	2	7	
11490	0	3	0	3	7	
10335	0	1	0	1	5	
11567	0	2	0	2	6	
8596	0	1	0	1	3	
9783	0	1	0	1	4	
11273	0	1	0	1	3	
10971	0	1	0	1	7	
7635	0	2	0	2	3	
2301	0	3	0	3	2	
11906	0	5	0	5	3	
10272	0	5	0	5	8	
9279	0	5	0	5	3	
11849	0	3	0	3	7	
8980	0	1	0	1	3	
9835	0	3	0	3	9	
12173	0	1	0	1	6	
12001	0	3	0	3	7	
7367	0	2	0	2	5	
10123	0	2	0	2	5	
10580	0	2	0	2	8	
11141	0	1	0	1	3	
9700	0	1	0	1	3	
10244	0	2	0	2	4	
10414	0	1	0	1	3	
11593	0	3	0	3	4	
8808	0	1	0	1	1	
11363	0	1	0	1	5	
5797	0	2	0	2	6	
0	0	1	0	1	1	
3603	0	3	0	3	1	
11564	0	2	0	2	4	
11549	0	1	0	1	7	
11894	0	3	0	3	12	
11364	0	1	0	1	6	
11754	0	3	0	3	6	
11171	0	1	0	1	2	
7023	0	1	0	1	4	
9248	0	1	0	1	2	
11570	0	1	0	1	3	
10851	0	2	0	2	10	
9751	0	1	0	1	9	
11552	0	2	0	2	4	
12164	0	3	0	3	4	
11596	0	1	0	1	10	
10896	0	0	0	0	7	
11565	0	1	0	1	8	
9471	0	2	0	2	4	
11611	0	2	0	2	4	
10138	0	3	0	3	3	
1443	0	2	0	2	1	
9949	0	6	0	6	2	
11715	0	5	0	5	6	
12408	0	6	0	6	3	
9831	0	3	0	3	4	
10331	0	2	0	2	4	
11684	0	1	0	1	6	
10941	0	1	0	1	4	
11589	0	1	0	1	3	
11580	0	2	0	2	5	
11884	0	1	0	1	6	
8867	0	3	0	3	7	
10433	0	2	0	2	5	
10954	0	1	0	1	5	
11046	0	1	0	1	1	
11363	0	2	0	2	8	
11818	0	2	0	2	3	
12351	0	3	0	3	6	
11123	0	2	0	2	4	
10242	0	2	0	2	3	
10044	0	2	0	2	1	
11792	0	1	0	1	6	
11618	0	1	0	1	5	
11947	0	3	0	3	4	
10842	0	2	0	2	3	
12237	0	2	0	2	2	
11820	0	1	0	1	3	
10653	0	1	0	1	4	
11435	0	2	0	2	2	
11943	0	2	0	2	5	
11809	0	2	0	2	5	
11161	0	3	0	3	4	
11423	0	1	0	1	4	
11356	0	1	0	1	5	
7694	0	1	0	1	4	
10408	0	1	0	1	7	
9112	0	1	0	1	7	
11779	0	2	0	2	5	
11513	0	1	0	1	1	
11732	0	2	0	2	7	
11227	0	1	0	1	2	
8602	0	1	0	1	7	
11471	0	2	0	2	6	
9084	0	2	0	2	3	
12032	0	2	0	2	3	
12016	0	2	0	2	3	
12183	0	2	0	2	3	
10252	0	2	0	2	3	
12046	0	1	0	1	4	
11951	0	2	0	2	8	
10392	0	2	0	2	6	
11507	0	3	0	3	0	
8271	0	2	0	2	5	
10256	0	2	0	2	0	
11690	0	2	0	2	7	
11765	0	1	0	1	7	
9156	0	1	0	1	3	
11544	0	0	0	0	5	
7559	0	1	0	1	10	
11183	0	2	0	2	5	
11323	0	1	0	1	2	
11260	0	3	0	3	8	
10610	0	2	0	2	3	
11146	0	1	0	1	3	
11690	0	1	0	1	3	
10293	0	2	0	2	4	
10790	0	2	0	2	3	
11839	0	2	0	2	3	
11235	0	2	0	2	3	
10662	0	2	0	2	6	
11609	0	3	0	3	0	
8792	0	2	0	2	0	
11472	0	2	0	2	5	
11850	0	3	0	3	6	
10081	0	2	0	2	4	
11792	0	2	0	2	2	
12101	0	3	0	3	5	
11907	0	1	0	1	2	
11670	0	2	0	2	7	
9461	0	2	0	2	2	
11555	0	2	0	2	6	
11353	0	1	0	1	1	
10564	0	1	0	1	2	
8882	0	1	0	1	2	
11312	0	1	0	1	9	
11235	0	1	0	1	4	
10747	0	3	0	3	5	
9418	0	1	0	1	3	
11562	0	3	0	3	10	
12158	0	3	0	3	3	
11183	0	1	0	1	1	
8248	0	1	0	1	0	
10006	0	1	0	1	5	
11898	0	2	0	2	4	
9967	0	3	0	3	3	
11533	0	3	0	3	5	
10240	0	2	0	2	3	
11930	0	1	0	1	7	
10971	0	2	0	2	3	
10224	0	3	0	3	3	
11597	0	2	0	2	4	
11336	0	1	0	1	4	
11923	0	1	0	1	3	
12155	0	2	0	2	4	
10852	0	2	0	2	2	
12170	0	2	0	2	6	
10471	0	2	0	2	2	
11404	0	2	0	2	2	
11912	0	2	0	2	3	
9317	0	3	0	3	1	
11670	0	2	0	2	4	
11989	0	3	0	3	5	
11365	0	2	0	2	4	
12260	0	2	0	2	4	
9059	0	2	0	2	1	
10658	0	2	0	2	6	
11360	0	3	0	3	4	
11339	0	0	0	0	2	
11022	0	1	0	1	5	
11787	0	3	0	3	1	
11656	0	3	0	3	5	
10344	0	1	0	1	6	
11975	0	1	0	1	3	
11888	0	2	0	2	2	
11913	0	3	0	3	3	
12112	0	2	0	2	5	
11893	0	2	0	2	4	
9348	0	2	0	2	0	
9914	0	0	0	0	2	
9505	0	1	0	1	4	
11202	0	1	0	1	3	
11581	0	3	0	3	3	
11637	0	3	0	3	1	
11905	0	1	0	1	3	
11682	0	4	0	4	5	
11762	0	2	0	2	4	
11027	0	2	0	2	4	
9968	0	1	0	1	3	
11091	0	3	0	3	4	
11238	0	1	0	1	2	
11231	0	1	0	1	5	
11216	0	2	0	2	2	
11022	0	1	0	1	1	
11445	0	2	0	2	5	
10099	0	1	0	1	6	
10128	0	2	0	2	3	
11423	0	2	0	2	2	
11357	0	2	0	2	1	
11600	0	1	0	1	2	
11883	0	1	0	1	1	
11416	0	1	0	1	2	
8977	0	1	0	1	0	
8581	0	1	0	1	3	
11196	0	2	0	2	3	
11740	0	1	0	1	2	
11798	0	3	0	3	2	
11893	0	2	0	2	4	
11804	0	2	0	2	2	
9697	0	2	0	2	1	
11758	0	3	0	3	5	
10035	0	1	0	1	1	
11711	0	1	0	1	4	
11517	0	1	0	1	2	
11467	0	2	0	2	2	
11566	0	2	0	2	8	
9403	0	2	0	2	3	
1507	0	2	0	2	0	
0	0	3	0	3	1	
0	0	2	0	2	1	
0	0	3	0	3	3	
8172	0	4	0	4	4	
11617	0	5	0	5	2	
10571	0	5	0	5	3	
10136	0	5	0	5	1	
10553	0	4	0	4	4	
11777	0	2	0	2	1	
12240	0	2	0	2	3	
12010	0	3	0	3	4	
11840	0	1	0	1	1	
8877	0	1	0	1	1	
3102	0	3	0	3	3	
6252	0	0	0	0	1	
6907	0	3	0	3	1	
6519	0	3	0	3	0	
5271	0	1	0	1	1	
9074	0	3	0	3	1	
7724	0	3	0	3	2	
7311	0	2	0	2	0	
6304	0	3	0	3	1	
6782	0	2	0	2	1	
9140	0	2	0	2	0	
5756	0	2	0	2	1	
6394	0	3	0	3	3	
10910	0	2	0	2	1	
10599	0	2	0	2	0	
7794	0	2	0	2	2	
8668	0	2	0	2	2	
7709	0	3	0	3	1	
6184	0	2	0	2	0	
8343	0	2	0	2	3	
7470	0	3	0	3	1	
4770	0	2	0	2	4	
8490	0	3	0	3	3	
7503	0	2	0	2	2	
7206	0	2	0	2	1	
9607	0	1	0	1	4	
7565	0	2	0	2	4	
6817	0	2	0	2	0	
6859	0	3	0	3	2	
5903	0	2	0	2	2	
6017	0	2	0	2	0	
9276	0	2	0	2	2	
7955	0	1	0	1	3	
6714	0	2	0	2	2	
5388	0	3	0	3	1	
7661	0	1	0	1	1	
9234	0	3	0	3	2	
10561	0	3	0	3	0	
11796	0	2	0	2	4	
11435	0	2	0	2	3	
6334	0	1	0	1	2	
5711	0	3	0	3	0	
4738	0	2	0	2	1	
6678	0	2	0	2	0	
8045	0	2	0	2	0	
6374	0	2	0	2	3	
6654	0	2	0	2	1	
8090	0	2	0	2	5	
6960	0	2	0	2	1	
8906	0	2	0	2	0	
8484	0	2	0	2	1	
5947	0	2	0	2	0	
8203	0	2	0	2	2	
10923	0	2	0	2	2	
9403	0	3	0	3	2	
11648	0	2	0	2	2	
10830	0	2	0	2	2	
11973	0	2	0	2	0	
8749	0	1	0	1	4	
12526	0	3	0	3	3	
7647	0	2	0	2	2	
6056	0	2	0	2	5	
5206	0	2	0	2	2	
7607	0	2	0	2	1	
5928	0	2	0	2	1	
7429	0	2	0	2	2	
2802	0	2	0	2	1	
6822	0	2	0	2	0	
9792	0	3	0	3	3	
9650	0	2	0	2	4	
11351	0	2	0	2	3	
8140	0	1	0	1	1	
11908	0	2	0	2	1	
11492	0	3	0	3	1	
8112	0	2	0	2	0	
5474	0	2	0	2	1	
2957	0	3	0	3	0	
6143	0	2	0	2	0	
6433	0	2	0	2	1	
9355	0	3	0	3	3	
9941	0	2	0	2	3	
10567	0	2	0	2	0	
10357	0	2	0	2	2	
9908	0	1	0	1	1	
0	0	1	0	1	1	
0	0	1	0	1	1	
0	0	1	0	1	0	
9718	0	5	0	5	5	
10485	0	5	0	5	3	
4741	0	5	0	5	1	
5314	0	5	0	5	0	
6942	0	4	0	4	2	
5484	0	2	0	2	1	
7423	0	3	0	3	3	
8398	0	3	0	3	0	
5715	0	2	0	2	1	
5541	0	2	0	2	1	
8242	0	4	0	4	1	
10382	0	2	0	2	1	
10886	0	1	0	1	3	
10086	0	2	0	2	2	
11503	0	1	0	1	2	
11684	0	2	0	2	1	
11631	0	2	0	2	3	
11224	0	1	0	1	3	
9260	0	1	0	1	2	
6434	0	1	0	1	3	
6253	0	3	0	3	3	
5136	0	2	0	2	2	
6966	0	3	0	3	0	
6314	0	3	0	3	0	
5985	0	2	0	2	0	
7440	0	1	0	1	1	
6232	0	2	0	2	0	
5777	0	2	0	2	0	
6810	0	3	0	3	3	
9275	0	1	0	1	1	
4895	0	3	0	3	0	
5696	0	2	0	2	0	
7877	0	2	0	2	2	
6595	0	3	0	3	0	
11248	0	2	0	2	3	
10363	0	1	0	1	4	
11762	0	1	0	1	2	
12113	0	3	0	3	4	
9263	0	1	0	1	0	
11498	0	3	0	3	0	
11862	0	2	0	2	2	
10749	0	2	0	2	2	
11056	0	1	0	1	2	
10118	0	1	0	1	2	
8952	0	1	0	1	0	
11626	0	0	0	0	2	
6102	0	1	0	1	2	
5903	0	1	0	1	1	
6683	0	2	0	2	2	
5200	0	2	0	2	1	
8235	0	3	0	3	3	
7754	0	2	0	2	1	
7509	0	3	0	3	0	
7426	0	2	0	2	1	
3207	0	2	0	2	0	
8096	0	3	0	3	0	
6223	0	2	0	2	2	
9626	0	2	0	2	4	
9141	0	2	0	2	0	
9583	0	2	0	2	1	
9648	0	2	0	2	1	
10880	0	1	0	1	0	
8812	0	2	0	2	4	
10810	0	1	0	1	4	
6288	0	3	0	3	0	
10376	0	2	0	2	0	
7385	0	2	0	2	0	
9898	0	2	0	2	1	
7227	0	2	0	2	0	
6918	0	2	0	2	0	
5948	0	2	0	2	1	
6279	0	3	0	3	2	
7000	0	1	0	1	3	
4755	0	1	0	1	1	
6802	0	2	0	2	3	
6841	0	2	0	2	0	
4522	0	2	0	2	0	
7854	0	2	0	2	0	
8710	0	2	0	2	0	
9380	0	2	0	2	0	
9082	0	2	0	2	1	
10738	0	3	0	3	1	
10768	0	2	0	2	0	
9263	0	2	0	2	1	
216	0	1	0	1	2	
0	0	3	0	3	1	
10080	0	2	0	2	2	
9899	0	2	0	2	3	
10333	0	2	0	2	1	
7933	0	3	0	3	0	
5358	0	3	0	3	0	
9222	0	1	0	1	3	
6771	0	2	0	2	1	
7025	0	2	0	2	0	
6392	0	2	0	2	1	
8492	0	2	0	2	2	
5597	0	2	0	2	2	
7441	0	2	0	2	2	
9352	0	2	0	2	1	
7732	0	2	0	2	0	
10880	0	1	0	1	1	
6761	0	2	0	2	1	
6919	0	3	0	3	1	
6783	0	2	0	2	1	
9287	0	2	0	2	1	
8482	0	2	0	2	2	
3063	0	3	0	3	0	
0	0	3	0	3	1	
2895	0	1	0	1	1	
7163	0	2	0	2	0	
7792	0	3	0	3	0	
8386	0	2	0	2	4	
10526	0	2	0	2	2	
6145	0	2	0	2	1	
10374	0	2	0	2	1	
10238	0	2	0	2	0	
9433	0	2	0	2	3	
11313	0	2	0	2	1	
11292	0	3	0	3	1	
9247	0	2	0	2	1	
9482	0	2	0	2	0	
8147	0	2	0	2	3	
7040	0	1	0	1	0	
6208	0	3	0	3	4	
8014	0	3	0	3	0	
8169	0	1	0	1	1	
8884	0	2	0	2	0	
8273	0	1	0	1	1	
6976	0	3	0	3	4	
5957	0	1	0	1	0	
6835	0	1	0	1	2	
6832	0	2	0	2	0	
6791	0	2	0	2	0	
10023	0	2	0	2	1	
7166	0	3	0	3	1	
6793	0	2	0	2	2	
6248	0	2	0	2	0	
9227	0	2	0	2	0	
6111	0	2	0	2	2	
6533	0	3	0	3	1	
7302	0	2	0	2	0	
5484	0	3	0	3	1	
9433	0	2	0	2	3	
8704	0	3	0	3	4	
7065	0	0	0	0	2	
7336	0	2	0	2	1	
11058	0	0	0	0	0	
11685	0	2	0	2	1	
11557	0	1	0	1	2	
11726	0	3	0	3	4	
9890	0	3	0	3	1	
5706	0	1	0	1	2	
8154	0	2	0	2	0	
8419	0	3	0	3	1	
7434	0	2	0	2	1	
5262	0	3	0	3	1	
9371	0	3	0	3	1	
5495	0	2	0	2	0	
5660	0	2	0	2	1	
8189	0	2	0	2	1	
4764	0	3	0	3	1	
7240	0	1	0	1	2	
7445	0	2	0	2	1	
6243	0	2	0	2	3	
8145	0	3	0	3	0	
7191	0	1	0	1	1	
6006	0	3	0	3	1	
7068	0	2	0	2	1	
7739	0	1	0	1	0	
11597	0	3	0	3	2	
11806	0	1	0	1	2	
11399	0	4	0	4	1	
9528	0	2	0	2	3	
9942	0	2	0	2	2	
11143	0	2	0	2	0	
8770	0	2	0	2	1	
9740	0	1	0	1	2	
11575	0	1	0	1	1	
7147	0	1	0	1	0	
6332	0	1	0	1	1	
7370	0	0	0	0	3	
5041	0	2	0	2	0	
7609	0	3	0	3	0	
5934	0	2	0	2	0	
1884	0	2	0	2	0	
10422	0	2	0	2	1	
7014	0	2	0	2	1	
7041	0	3	0	3	1	
5856	0	2	0	2	1	
6373	0	2	0	2	0	
8912	0	2	0	2	1	
7281	0	2	0	2	0	
8724	0	2	0	2	0	
9411	0	2	0	2	0	
10616	0	2	0	2	1	
7717	0	2	0	2	0	
6684	0	1	0	1	0	
7195	0	2	0	2	0	
7312	0	2	0	2	0	
8318	0	2	0	2	4	
8387	0	2	0	2	1	
6401	0	2	0	2	3	
11357	0	2	0	2	1	
4637	0	2	0	2	1	
8389	0	3	0	3	1	
5954	0	2	0	2	0	
6442	0	3	0	3	2	
11611	0	2	0	2	2	
11362	0	2	0	2	1	
10719	0	3	0	3	1	
9232	0	1	0	1	0	
5670	0	2	0	2	2	
8297	0	2	0	2	0	
6286	0	3	0	3	0	
6396	0	2	0	2	1	
8529	0	3	0	3	0	
5058	0	2	0	2	0	
9533	0	2	0	2	2	
9193	0	2	0	2	0	
8931	0	2	0	2	2	
6718	0	1	0	1	1	
8157	0	2	0	2	2	
6295	0	2	0	2	0	
9032	0	2	0	2	3	
8578	0	1	0	1	1	
9485	0	2	0	2	2	
10926	0	1	0	1	0	
9011	0	2	0	2	0	
8282	0	2	0	2	1	
4750	0	2	0	2	0	
6583	0	2	0	2	1	
5525	0	2	0	2	0	
5193	0	3	0	3	1	
6441	0	2	0	2	1	
5609	0	2	0	2	1	
10176	0	3	0	3	5	
7675	0	3	0	3	1	
7274	0	2	0	2	2	
5290	0	1	0	1	1	
4165	0	3	0	3	0	
8717	0	2	0	2	3	
8197	0	2	0	2	1	
9908	0	2	0	2	1	
9413	0	2	0	2	1	
12126	0	2	0	2	0	
9673	0	1	0	1	2	
11157	0	2	0	2	5	
9629	0	0	0	0	0	
8889	0	2	0	2	2	
10433	0	1	0	1	2	
5048	0	2	0	2	0	
7212	0	3	0	3	1	
5034	0	2	0	2	1	
5823	0	2	0	2	0	
7042	0	2	0	2	0	
7070	0	2	0	2	0	
6288	0	2	0	2	1	
7744	0	2	0	2	1	
6419	0	3	0	3	0	
5781	0	1	0	1	1	
7319	0	2	0	2	0	
8161	0	2	0	2	3	
8752	0	2	0	2	6	
7511	0	1	0	1	0	
7231	0	2	0	2	1	
5859	0	2	0	2	0	
7932	0	3	0	3	0	
10538	0	1	0	1	1	
11513	0	2	0	2	1	
10978	0	3	0	3	0	
9411	0	2	0	2	1	
9455	0	2	0	2	1	
6418	0	2	0	2	1	
5015	0	1	0	1	2	
7658	0	1	0	1	2	
9882	0	2	0	2	1	
10840	0	2	0	2	1	
5093	0	1	0	1	1	
5576	0	3	0	3	0	
4848	0	1	0	1	0	
6318	0	3	0	3	0	
6887	0	2	0	2	0	
7609	0	1	0	1	3	
6828	0	2	0	2	0	
9904	0	2	0	2	0	
9966	0	2	0	2	2	
10495	0	3	0	3	0	
9305	0	2	0	2	1	
10077	0	2	0	2	3	
4671	0	3	0	3	0	
3791	0	2	0	2	0	
4916	0	2	0	2	1	
0	0	1	0	1	0	
4781	0	4	0	4	4	
6742	0	5	0	5	0	
5407	0	2	0	2	1	
5273	0	2	0	2	1	
6269	0	2	0	2	0	
7317	0	3	0	3	0	
8444	0	2	0	2	3	
10673	0	3	0	3	1	
11234	0	1	0	1	0	
9266	0	1	0	1	2	
9592	0	0	0	0	2	
11883	0	3	0	3	1	
11586	0	1	0	1	1	
8113	0	1	0	1	1	
11814	0	1	0	1	1	
8331	0	3	0	3	0	
5423	0	2	0	2	0	
8837	0	0	0	0	0	
5075	0	3	0	3	0	
5410	0	1	0	1	0	
4964	0	1	0	1	0	
5580	0	3	0	3	0	
5534	0	2	0	2	1	
6280	0	2	0	2	1	
6798	0	2	0	2	0	
7579	0	2	0	2	0	
11199	0	2	0	2	1	
10888	0	4	0	4	0	
11051	0	1	0	1	1	
11918	0	2	0	2	1	
11958	0	1	0	1	2	
11759	0	2	0	2	3	
7688	0	0	0	0	3	
5901	0	3	0	3	1	
7602	0	1	0	1	0	
6171	0	2	0	2	0	
4819	0	2	0	2	0	
6773	0	0	0	0	1	
5878	0	3	0	3	0	
4989	0	3	0	3	0	
7759	0	1	0	1	1	
5941	0	1	0	1	1	
8246	0	3	0	3	0	
9123	0	2	0	2	1	
8006	0	2	0	2	0	
5726	0	3	0	3	0	
6558	0	1	0	1	0	
7232	0	2	0	2	2	
7845	0	3	0	3	2	
7807	0	2	0	2	1	
4550	0	3	0	3	0	
5587	0	2	0	2	0	
7448	0	2	0	2	0	
11254	0	1	0	1	0	
11820	0	1	0	1	0	
11164	0	2	0	2	1	
11071	0	1	0	1	0	
9184	0	5	0	5	1	
9703	0	4	0	4	2	
5444	0	2	0	2	1	
5995	0	2	0	2	0	
6347	0	2	0	2	0	
6606	0	1	0	1	0	
2824	0	1	0	1	0	
0	0	1	0	1	0	
0	0	2	0	2	2	
2980	0	3	0	3	1	
6779	0	1	0	1	0	
8032	0	2	0	2	1	
6727	0	2	0	2	0	
7831	0	2	0	2	0	
9385	0	1	0	1	0	
7398	0	0	0	0	1	
3855	0	2	0	2	0	
4901	0	2	0	2	0	
7329	0	2	0	2	3	
6206	0	2	0	2	2	
9510	0	3	0	3	1	
9841	0	1	0	1	1	
7979	0	2	0	2	1	
11488	0	1	0	1	0	
11728	0	2	0	2	0	
8993	0	1	0	1	2	
9181	0	2	0	2	0	
8473	0	1	0	1	1	
7507	0	3	0	3	0	
5692	0	0	0	0	1	
6420	0	2	0	2	0	
6217	0	0	0	0	3	
7103	0	2	0	2	0	
7025	0	1	0	1	0	
6316	0	0	0	0	0	
6077	0	3	0	3	0	
6695	0	2	0	2	1	
9965	0	2	0	2	0	
8566	0	1	0	1	0	
10530	0	1	0	1	0	
8832	0	3	0	3	1	
10437	0	1	0	1	0	
7622	0	1	0	1	0	
5868	0	3	0	3	1	
8284	0	1	0	1	2	
6893	0	1	0	1	2	
7182	0	1	0	1	2	
6662	0	2	0	2	1	
7623	0	0	0	0	2	
4391	0	3	0	3	0	
5305	0	1	0	1	0	
8444	0	3	0	3	0	
8003	0	1	0	1	1	
7430	0	3	0	3	0	
9290	0	3	0	3	2	
8629	0	1	0	1	1	
6180	0	2	0	2	1	
8612	0	2	0	2	2	
8025	0	0	0	0	0	
7704	0	3	0	3	0	
7678	0	3	0	3	2	
8411	0	1	0	1	3	
5539	0	2	0	2	1	
10035	0	1	0	1	0	
9339	0	1	0	1	1	
10495	0	1	0	1	0	
9115	0	0	0	0	1	
7654	0	3	0	3	1	
6989	0	1	0	1	0	
3576	0	2	0	2	0	
6013	0	1	0	1	0	
7893	0	2	0	2	2	
8334	0	3	0	3	0	
6063	0	1	0	1	4	
2202	0	3	0	3	0	
7687	0	1	0	1	0	
7502	0	1	0	1	0	
10268	0	1	0	1	2	
7183	0	3	0	3	0	
7790	0	1	0	1	0	
8307	0	2	0	2	0	
7170	0	1	0	1	1	
6530	0	1	0	1	0	
7263	0	2	0	2	1	
6601	0	2	0	2	2	
8760	0	2	0	2	0	
11687	0	1	0	1	0	
8924	0	1	0	1	1	
11573	0	1	0	1	2	
11284	0	2	0	2	2	
8784	0	3	0	3	1	
5953	0	0	0	0	0	
1576	0	3	0	3	0	
4481	0	4	0	4	2	
5749	0	4	0	5	0	
5907	0	6	0	5	0	
6985	0	4	0	4	0	
10042	0	1	0	1	4	
7111	0	1	0	1	1	
8129	0	2	0	2	0	
6992	0	2	0	2	0	
7533	0	2	0	2	0	
6145	0	0	0	0	1	
8085	0	3	0	3	1	
7190	0	1	0	1	1	
8254	0	3	0	3	1	
9328	0	2	0	2	0	
8087	0	1	0	1	2	
6989	0	2	0	2	0	
5682	0	3	0	3	1	
7419	0	1	0	1	0	
6013	0	2	0	2	0	
7817	0	1	0	1	1	
6778	0	1	0	1	2	
6937	0	1	0	1	1	
8255	0	3	0	3	1	
5888	0	2	0	2	1	
7582	0	1	0	1	0	
8695	0	2	0	2	1	
7739	0	1	0	1	0	
7570	0	3	0	3	1	
5274	0	1	0	1	0	
7988	0	1	0	1	4	
6825	0	1	0	1	0	
6498	0	3	0	3	0	
6969	0	1	0	1	1	
7798	0	1	0	1	0	
6902	0	1	0	1	0	
5727	0	3	0	3	0	
8983	0	3	0	3	2	
9607	0	0	0	0	0	
10434	0	1	0	1	2	
10768	0	3	0	3	0	
9897	0	0	0	0	1	
7219	0	1	0	1	0	
7456	0	0	0	0	0	
7392	0	3	0	3	1	
6943	0	2	0	2	1	
3532	0	1	0	1	0	
8515	0	3	0	3	0	
7304	0	1	0	1	0	
7729	0	3	0	3	2	
7924	0	2	0	2	2	
7870	0	0	0	0	1	
10443	0	2	0	2	0	
10420	0	2	0	2	0	
8106	0	1	0	1	1	
11869	0	1	0	1	0	
4080	0	1	0	1	0	
6266	0	2	0	2	0	
7072	0	2	0	2	1	
5912	0	1	0	1	1	
4807	0	1	0	1	0	
6300	0	1	0	1	2	
6230	0	0	0	0	0	
8010	0	1	0	1	1	
8721	0	1	0	1	0	
6975	0	3	0	3	0	
9748	0	3	0	3	1	
5636	0	2	0	2	0	
6439	0	3	0	3	0	
5790	0	2	0	2	2	
7290	0	0	0	0	1	
7467	0	3	0	3	1	
4942	0	1	0	1	0	
6542	0	2	0	2	0	
6635	0	2	0	2	0	
7704	0	2	0	2	1	
8535	0	0	0	0	0	
5640	0	1	0	1	0	
8408	0	1	0	1	1	
6608	0	0	0	0	2	
5448	0	3	0	3	0	
7168	0	1	0	1	0	
6743	0	1	0	1	0	
5680	0	1	0	1	0	
7158	0	1	0	1	0	
6977	0	1	0	1	0	
5601	0	1	0	1	1	
5004	0	1	0	1	0	
7248	0	1	0	1	0	
11055	0	2	0	2	0	
9129	0	0	0	0	1	
9325	0	1	0	1	0	
9256	0	2	0	2	0	
9717	0	1	0	1	0	
11602	0	0	0	0	2	
9777	0	1	0	1	0	
8163	0	1	0	1	1	
7686	0	0	0	0	0	
8256	0	1	0	1	0	
7041	0	1	0	1	0	
7409	0	3	0	3	0	
5460	0	1	0	1	0	
7738	0	2	0	2	0	
7896	0	1	0	1	1	
9544	0	1	0	1	1	
7004	0	2	0	2	3	
7767	0	2	0	2	0	
6107	0	1	0	1	0	
8521	0	2	0	2	0	
9172	0	0	0	0	0	
7638	0	1	0	1	0	
7914	0	1	0	1	0	
7235	0	1	0	1	1	
8440	0	0	0	0	0	
7781	0	1	0	1	1	
4321	0	1	0	1	1	
8482	0	1	0	1	0	
6764	0	1	0	1	1	
6468	0	2	0	2	2	
6346	0	3	0	3	0	
6407	0	1	0	1	0	
8694	0	1	0	1	0	
7083	0	1	0	1	0	
6713	0	0	0	0	0	
6930	0	4	0	4	1	
10066	0	1	0	1	0	
5977	0	1	0	1	0	
7856	0	3	0	3	0	
9290	0	0	0	0	0	
9749	0	1	0	1	0	
7687	0	1	0	1	0	
7890	0	1	0	1	1	
10409	0	0	0	0	0	
7480	0	1	0	1	0	
6182	0	2	0	2	1	
6351	0	1	0	1	0	
11038	0	1	0	1	0	
8492	0	2	0	2	2	
7170	0	1	0	1	0	
7355	0	1	0	1	1	
6590	0	1	0	1	1	
6061	0	1	0	1	2	
7567	0	1	0	1	0	
8535	0	1	0	1	1	
5730	0	1	0	1	1	
11639	0	1	0	1	1	
11566	0	2	0	2	2	
11564	0	3	0	3	0	
11957	0	1	0	1	0	
6651	0	1	0	1	0	
4858	0	0	0	0	1	
7447	0	2	0	2	4	
7444	0	4	0	4	0	
8937	0	5	0	5	0	
5533	0	1	0	1	1	
8680	0	0	0	0	0	
1443	0	1	0	1	1	
0	0	1	0	1	0	
5526	0	5	0	5	1	
8977	0	5	0	5	0	
5617	0	5	0	5	0	
5284	0	3	0	3	0	
9204	0	5	0	5	1	
5694	0	6	0	6	0	
4259	0	5	0	5	1	
5477	0	5	0	5	0	
7393	0	5	0	5	1	
6600	0	2	0	2	1	
5034	0	4	0	4	0	
9882	0	3	0	3	1	
10141	0	1	0	1	1	
12079	0	3	0	3	1	
11726	0	6	0	6	1	
11629	0	5	0	5	0	
9908	0	6	0	6	1	
8343	0	5	0	5	0	
6444	0	6	0	6	0	
5785	0	5	0	5	0	
7276	0	6	0	6	0	
6131	0	5	0	5	0	
6948	0	6	0	6	0	
11909	0	5	0	5	1	
9159	0	5	0	5	1	
6521	0	4	0	4	0	
4351	0	5	0	5	0	
4645	0	5	0	5	0	
5324	0	6	0	6	1	
5308	0	1	0	1	0	
7944	0	3	0	3	1	
10957	0	5	0	5	0	
10250	0	5	0	5	0	
9935	0	6	0	6	0	
11488	0	6	0	6	0	
8790	0	5	0	5	1	
9297	0	6	0	6	0	
5506	0	6	0	6	0	
3244	0	6	0	6	1	
8083	0	6	0	6	0	
6859	0	5	0	5	0	
7177	0	6	0	6	1	
7119	0	5	0	5	5	
6573	0	4	0	4	1	
5418	0	6	0	6	0	
6868	0	6	0	6	0	
8083	0	3	0	3	0	
8035	0	0	0	0	0	
8959	0	5	0	5	2	
8407	0	5	0	5	1	
6248	0	5	0	5	0	
5710	0	6	0	6	0	
6750	0	6	0	6	0	
8033	0	5	0	5	0	
9594	0	6	0	6	0	
12015	0	6	0	6	0	
9605	0	6	0	6	0	
8715	0	5	0	5	3	
10374	0	2	0	2	0	
7367	0	6	0	6	0	
6414	0	5	0	5	0	
4840	0	6	0	6	0	
8342	0	5	0	5	0	
8308	0	5	0	5	2	
7543	0	5	0	5	0	
9048	0	5	0	5	0	
5014	0	5	0	5	0	
7321	0	5	0	5	0	
8236	0	4	0	4	0	
7225	0	5	0	5	1	
7548	0	5	0	5	0	
6440	0	5	0	5	1	
7067	0	5	0	5	0	
5792	0	5	0	5	0	
6917	0	4	0	4	1	
9444	0	5	0	5	1	
8665	0	5	0	5	0	
5754	0	5	0	5	0	
5235	0	5	0	5	1	
9476	0	3	0	3	1	
9833	0	1	0	1	0	
9598	0	5	0	5	0	
6751	0	6	0	6	0	
5366	0	5	0	5	0	
8068	0	5	0	5	0	
5661	0	6	0	6	0	
10905	0	6	0	6	1	
12206	0	6	0	6	0	
10970	0	5	0	5	1	
8428	0	6	0	6	0	
5510	0	6	0	6	0	
8253	0	6	0	6	0	
9816	0	6	0	6	1	
4404	0	5	0	5	0	
11266	0	5	0	5	2	
6887	0	5	0	5	0	
6679	0	3	0	3	1	
5442	0	6	0	6	0	
8827	0	5	0	5	0	
6745	0	5	0	5	0	
5123	0	5	0	5	0	
9452	0	5	0	5	1	
11122	0	5	0	5	0	
9035	0	5	0	5	1	
10899	0	5	0	5	0	
10551	0	5	0	6	0	
10324	0	6	0	5	0	
6273	0	6	0	6	1	
7590	0	5	0	5	0	
5266	0	6	0	6	0	
7955	0	6	0	6	1	
7454	0	6	0	6	1	
7275	0	5	0	5	0	
6745	0	5	0	5	0	
7602	0	6	0	6	0	
4578	0	5	0	5	0	
7170	0	5	0	5	2	
7334	0	6	0	6	0	
7010	0	6	0	6	0	
9549	0	6	0	6	1	
7108	0	4	0	4	0	
6773	0	2	0	2	0	
10321	0	1	0	1	1	
10410	0	0	0	0	0	
8055	0	5	0	5	0	
8314	0	6	0	6	0	
3429	0	5	0	5	0	
8590	0	6	0	6	0	
8799	0	5	0	5	1	
8066	0	5	0	5	0	
6283	0	5	0	5	1	
6557	0	5	0	5	0	
6723	0	6	0	6	0	
6160	0	5	0	5	0	
5971	0	5	0	5	0	
6959	0	6	0	6	1	
7464	0	5	0	5	0	
7508	0	6	0	6	0	
6219	0	4	0	4	0	
7699	0	1	0	1	1	
8214	0	1	0	1	2	
5464	0	1	0	1	0	
10102	0	0	0	0	1	
7388	0	1	0	1	0	
7266	0	1	0	1	0	
8751	0	0	0	0	0	
9217	0	1	0	1	0	
11633	0	5	0	5	0	
10582	0	6	0	6	1	
6928	0	2	0	2	0	
11092	0	4	0	4	0	
7647	0	5	0	5	0	
7615	0	6	0	6	0	
5362	0	5	0	5	0	
7517	0	5	0	5	2	
7680	0	3	0	3	0	
8533	0	1	0	1	1	
8124	0	0	0	0	0	
5741	0	3	0	3	2	
5638	0	5	0	5	0	
6072	0	6	0	6	0	
5695	0	5	0	5	0	
9236	0	6	0	6	0	
5595	0	5	0	5	0	
6666	0	5	0	5	0	
8516	0	6	0	6	0	
8444	0	5	0	5	0	
7449	0	6	0	6	0	
5323	0	5	0	5	1	
6328	0	3	0	3	0	
10710	0	6	0	6	2	
7879	0	5	0	5	0	
11194	0	5	0	5	0	
9987	0	6	0	6	0	
9187	0	3	0	3	1	
7885	0	6	0	6	0	
8306	0	5	0	5	2	
8104	0	5	0	5	0	
5675	0	2	0	2	0	
8867	0	1	0	1	0	
7074	0	1	0	1	0	
6107	0	2	0	2	0	
6299	0	0	0	0	0	
9619	0	1	0	1	1	
9454	0	1	0	1	1	
8955	0	0	0	0	1	
8790	0	1	0	1	0	
5134	0	0	0	0	1	
7932	0	1	0	1	0	
7305	0	1	0	1	0	
8273	0	0	0	0	2	
7620	0	1	0	1	2	
5041	0	0	0	0	0	
6002	0	1	0	1	0	
6550	0	0	0	0	1	
7372	0	1	0	1	2	
8204	0	0	0	0	0	
7305	0	1	0	1	0	
8101	0	1	0	1	0	
7975	0	1	0	1	0	
7516	0	1	0	1	0	
5275	0	1	0	1	0	
8063	0	0	0	0	0	
9109	0	1	0	1	2	
10095	0	1	0	1	0	
11278	0	3	0	3	0	
11139	0	2	0	2	1	
7366	0	2	0	2	0	
6600	0	1	0	1	0	
5574	0	2	0	2	0	
5527	0	2	0	2	0	
8521	0	2	0	2	0	
7707	0	1	0	1	0	
9621	0	2	0	2	2	
6134	0	2	0	2	0	
5861	0	2	0	2	0	
8680	0	2	0	2	0	
10781	0	2	0	2	0	
9678	0	2	0	2	0	
9653	0	2	0	2	0	
10175	0	2	0	2	1	
9317	0	2	0	2	0	
5689	0	2	0	2	0	
7538	0	2	0	2	0	
5097	0	2	0	2	0	
5319	0	2	0	2	0	
4652	0	2	0	2	0	
6856	0	2	0	2	1	
5592	0	1	0	1	0	
5866	0	2	0	2	0	
4757	0	1	0	1	0	
5677	0	2	0	2	0	
8587	0	2	0	2	0	
8057	0	2	0	2	0	
8208	0	2	0	2	0	
9907	0	2	0	2	0	
11255	0	2	0	2	0	
10281	0	2	0	2	0	
8363	0	2	0	2	0	
6155	0	2	0	2	0	
6649	0	2	0	2	0	
8252	0	2	0	2	1	
6403	0	2	0	2	0	
8960	0	2	0	2	0	
5318	0	1	0	1	1	
8534	0	2	0	2	2	
8049	0	2	0	2	0	
7496	0	2	0	2	1	
8171	0	2	0	2	0	
6350	0	1	0	1	0	
4868	0	2	0	2	0	
6697	0	2	0	2	0	
6697	0	0	1	0	0	
