13 0 0 0 0 0 3195 0
1096.5 0 0 0 0 0 25284 0
1901 0 0 0 0 0 25392 0
2918.75 0 0 0 0 0 27692 0
3689.6 0 0 0 0 0 27668 0
4372 0 0 0 0 0 26962 0
4965.57 0 0 0 0 0 25571 0
5481.5 0 0 0 0 0 22487 0
5900.22 0 0 0 0 0 19392 0
6353.5 0 0 0 0 0 17858 0
6660.36 0 0 0 0 0 13235 0
6139.67 0 0 0 0 0 527 0
6554.31 0 0 0 0 0 12795 0
6932.64 0 0 0 0 0 10911 0
7171.53 0 0 0 0 0 7650 0
7512.38 0 0 0 0 0 7924 0
7799.53 0 0 0 0 0 5703 0
8020.33 0 0 0 0 0 4611 0
8163.05 0 0 0 0 0 3527 0
8323.45 0 0 0 0 0 3243 0
8947.05 0 0 0 0 0 2881 0
9444.55 0 0 0 0 0 2328 0
9881.25 0 0 0 0 0 1869 0
10213 0 0 0 0 0 1692 0
10518.5 0 0 0 0 0 1569 0
10742.1 0 0 0 0 0 1239 0
10934.8 0 0 0 0 0 1188 0
11093.4 0 0 0 0 0 945 0
11268.9 0 0 0 0 0 825 0
11374.2 0 0 0 0 0 775 0
11436.1 0 0 0 0 0 601 0
12050.9 0 0 0 0 0 660 0
12094.8 0 0 0 0 0 508 0
12138.9 0 0 0 0 0 484 0
12220.6 0 0 0 0 0 444 0
12248.7 0 0 0 0 0 457 0
12260.5 0 0 0 0 0 433 0
12290 0 0 0 0 0 376 0
12372.9 0 0 0 0 0 332 0
12417 0 0 0 0 0 330 0
12330.5 0 0 0 0 0 294 0
12369.4 0 0 0 0 0 315 0
12403 0 0 0 0 0 307 0
12418.5 0 0 0 0 0 272 0
12396.8 0 0 0 0 0 273 0
12426.8 0 0 0 0 0 264 0
12429.2 0 0 0 0 0 237 0
12380.5 0 0 0 0 0 206 0
12371.9 0 0 0 0 0 268 0
12370.8 0 0 0 0 0 260 0
12462.2 0 0 0 0 0 232 0
12457.9 0 0 0 0 0 234 0
12446.6 0 0 0 0 0 203 0
12466.7 0 0 0 0 0 241 0
12417.5 0 0 0 0 0 153 0
12326.5 0 0 0 0 0 191 0
12316.7 0 0 0 0 0 227 0
12303.1 0 0 0 0 0 195 0
12324 0 0 0 0 0 225 0
12316.6 0 0 0 0 0 165 0
12414.5 0 0 0 0 0 194 0
12398.1 0 0 0 0 0 191 0
12308.8 0 0 0 0 0 170 0
12276.5 0 0 0 0 0 174 0
12264.6 0 0 0 0 0 171 0
12247 0 0 0 0 0 188 0
12245.9 0 0 0 0 0 190 0
12295.4 0 0 0 0 0 159 0
12269.5 0 0 0 0 0 141 0
12179.9 0 0 0 0 0 127 0
12179 0 0 0 0 0 167 0
12204 0 0 0 0 0 170 0
12238.8 0 0 0 0 0 152 0
12193.9 0 0 0 0 0 122 0
12235.5 0 0 0 0 0 141 0
12254.8 0 0 0 0 0 152 0
12172.2 0 0 0 0 0 127 0
12120.8 0 0 0 0 0 131 0
12029.5 0 0 0 0 0 130 0
12013.2 0 0 0 0 0 155 0
11983.1 0 0 0 0 0 152 0
11929.6 0 0 0 0 0 135 0
11975.8 0 0 0 0 0 133 0
11937 0 0 0 0 0 117 0
11869.6 0 0 0 0 0 133 0
11812.5 0 0 0 0 0 141 0
11765.5 0 0 0 0 0 136 0
11725.3 0 0 0 0 0 137 0
11701.5 0 0 0 0 0 123 0
11758.5 0 0 0 0 0 116 0
11702.8 0 0 0 0 0 131 0
11584.8 0 0 0 0 0 113 0
11521.2 0 0 0 0 0 122 0
11471.8 0 0 0 0 0 124 0
11465.6 0 0 0 0 0 117 0
11476.2 0 0 0 0 0 120 0
11513.2 0 0 0 0 0 107 0
11536.4 0 0 0 0 0 111 0
11543.5 0 0 0 0 0 88 0
11468 0 0 0 0 0 101 0
11444.5 0 0 0 0 0 85 0
11431 0 0 0 0 0 70 0
11391.4 0 0 0 0 0 97 0
11381.6 0 0 0 0 0 113 0
11453.2 0 0 0 0 0 103 0
11455.8 0 0 0 0 0 97 0
11405.6 0 0 0 0 0 82 0
11412.9 0 0 0 0 0 99 0
11409 0 0 0 0 0 79 0
11398.8 0 0 0 0 0 110 0
11381.1 0 0 0 0 0 91 0
11419.8 0 0 0 0 0 97 0
11417.8 0 0 0 0 0 99 0
11414.8 0 0 0 0 0 122 0
11393.3 0 0 0 0 0 82 0
11380.9 0 0 0 0 0 90 0
11399.1 0 0 0 0 0 88 0
11396.7 0 0 0 0 0 83 0
11396.5 0 0 0 0 0 80 0
11462.9 0 0 0 0 0 86 0
11414.4 0 0 0 0 0 112 0
11500.6 0 0 0 0 0 99 0
11500.8 0 0 0 0 0 87 0
11500.9 0 0 0 0 0 84 0
11446.2 0 0 0 0 0 75 0
11458.1 0 0 0 0 0 82 0
11534.1 0 0 0 0 0 92 0
11539.5 0 0 0 0 0 91 0
11482.1 0 0 0 0 0 79 0
11492.7 0 0 0 0 0 87 0
11506.8 0 0 0 0 0 71 0
11496.8 0 0 0 0 0 77 0
11495.5 0 0 0 0 0 76 0
11506 0 0 0 0 0 85 0
11373.3 0 0 0 0 0 64 0
11207.6 0 0 0 0 0 63 0
11112.4 0 0 0 0 0 52 0
11135.9 0 0 0 0 0 96 0
11045.4 0 0 0 0 0 78 0
11027.1 0 0 0 0 0 93 0
11071.8 0 0 0 0 0 62 0
10982.5 0 0 0 0 0 68 0
11000.4 0 0 0 0 0 67 0
10998.4 0 0 0 0 0 82 0
11038.3 0 0 0 0 0 85 0
10901.5 0 0 0 0 0 51 0
10868.1 0 0 0 0 0 54 0
10851.5 0 0 0 0 0 70 0
10903 0 0 0 0 0 83 0
10893.9 0 0 0 0 0 90 0
10709 0 0 0 0 0 29 0
10741.5 0 0 0 0 0 58 0
10759.8 0 0 0 0 0 64 0
10642.5 0 0 0 0 0 52 0
10762.1 0 0 0 0 0 62 0
10932.7 0 0 0 0 0 81 0
11011.2 0 0 0 0 0 62 0
10981.5 0 0 0 0 0 68 0
11061.2 0 0 0 0 0 46 0
11059.8 0 0 0 0 0 70 0
11031.4 0 0 0 0 0 53 0
11044.6 0 0 0 0 0 67 0
11026.2 0 0 0 0 0 65 0
11062.4 0 0 0 0 0 71 0
11027.4 0 0 0 0 0 70 0
11110.6 0 0 0 0 0 71 0
11118.1 0 0 0 0 0 58 0
11109.5 0 0 0 0 0 47 0
11111.6 0 0 0 0 0 65 0
11102.2 0 0 0 0 0 49 0
11271.6 0 0 0 0 0 40 0
11134.1 0 0 0 0 0 55 0
11130 0 0 0 0 0 58 0
11212.5 0 0 0 0 0 53 0
11126.2 0 0 0 0 0 54 0
11128.4 0 0 0 0 0 54 0
11119 0 0 0 0 0 54 0
11124.8 0 0 0 0 0 69 0
11146.9 0 0 0 0 0 47 0
11162.6 0 0 0 0 0 52 0
11174.5 0 0 0 0 0 52 0
11124.9 0 0 0 0 0 57 0
11139.5 0 0 0 0 0 54 0
11106.1 0 0 0 0 0 57 0
11110.9 0 0 0 0 0 52 0
11130 0 0 0 0 0 53 0
11130.8 0 0 0 0 0 46 0
11145.2 0 0 0 0 0 52 0
11109.5 0 0 0 0 0 55 0
11109.2 0 0 0 0 0 71 0
11104.4 0 0 0 0 0 50 0
11221.1 0 0 0 0 0 44 0
11193.9 0 0 0 0 0 52 0
11222 0 0 0 0 0 46 0
11385.1 0 0 0 0 0 51 0
11444.2 0 0 0 0 0 43 0
11453 0 0 0 0 0 53 0
11279.2 0 0 0 0 0 33 0
11305.9 0 0 0 0 0 46 0
11316.8 0 0 0 0 0 54 0
11314 0 0 0 0 0 45 0
11357.6 0 0 0 0 0 47 0
11348.2 0 0 0 0 0 45 0
11342.4 0 0 0 0 0 32 0
11356.9 0 0 0 0 0 53 0
11215.3 0 0 0 0 0 27 0
11209.9 0 0 0 0 0 36 0
11201.1 0 0 0 0 0 38 0
11242.1 0 0 0 0 0 36 0
11262.9 0 0 0 0 0 45 0
11268.5 0 0 0 0 0 45 0
11267.9 0 0 0 0 0 55 0
11274.5 0 0 0 0 0 37 0
11239.4 0 0 0 0 0 27 0
11173 0 0 0 0 0 42 0
11085.6 0 0 0 0 0 30 0
11054.1 0 0 0 0 0 33 0
11224.2 0 0 0 0 0 28 0
11197.9 0 0 0 0 0 48 0
11207.4 0 0 0 0 0 41 0
11245 0 0 0 0 0 57 0
11185.4 0 0 0 0 0 23 0
11184.6 0 0 0 0 0 29 0
11227.5 0 0 0 0 0 39 0
11221.2 0 0 0 0 0 52 0
11398.8 0 0 0 0 0 52 0
11396.2 0 0 0 0 0 47 0
11404.4 0 0 0 0 0 37 0
11323.8 0 0 0 0 0 23 0
11295 0 0 0 0 0 33 0
11294.8 0 0 0 0 0 43 0
11103.3 0 0 0 0 0 22 0
11121 0 0 0 0 0 20 0
11185.3 0 0 0 0 0 21 0
11199.5 0 0 0 0 0 38 0
11210.9 0 0 0 0 0 30 0
11169.1 0 0 0 0 0 31 0
11184.6 0 0 0 0 0 38 0
11189.4 0 0 0 0 0 28 0
11187.7 0 0 0 0 0 45 0
11176.5 0 0 0 0 0 29 0
11244 0 0 0 0 0 24 0
11113.1 0 0 0 0 0 27 0
11082 0 0 0 0 0 39 0
11004.9 0 0 0 0 0 35 0
11006.9 0 0 0 0 0 38 0
11033.7 0 0 0 0 0 30 0
11037.6 0 0 0 0 0 26 0
11113.2 0 0 0 0 0 35 0
11127.4 0 0 0 0 0 21 0
11122.5 0 0 0 0 0 40 0
11291.4 0 0 0 0 0 29 0
11256.9 0 0 0 0 0 21 0
11237.6 0 0 0 0 0 27 0
11237.5 0 0 0 0 0 26 0
11247.5 0 0 0 0 0 25 0
11308.1 0 0 0 0 0 20 0
11296 0 0 0 0 0 27 0
11178.8 0 0 0 0 0 30 0
11095.1 0 0 0 0 0 13 0
11063.9 0 0 0 0 0 21 0
11088.6 0 0 0 0 0 25 0
11223.1 0 0 0 0 0 19 0
11268.5 0 0 0 0 0 24 0
11340.5 0 0 0 0 0 26 0
11355 0 0 0 0 0 37 0
11389.7 0 0 0 0 0 28 0
11304.5 0 0 0 0 0 27 0
11322.8 0 0 0 0 0 34 0
11310.1 0 0 0 0 0 31 0
11315.5 0 0 0 0 0 32 0
11274 0 0 0 0 0 19 0
11304.6 0 0 0 0 0 24 0
11302 0 0 0 0 0 38 0
11285.5 0 0 0 0 0 45 0
11278.6 0 0 0 0 0 27 0
11181.1 0 0 0 0 0 22 0
11149.3 0 0 0 0 0 22 0
11198.1 0 0 0 0 0 28 0
11119 0 0 0 0 0 15 0
11099.4 0 0 0 0 0 32 0
11033.2 0 0 0 0 0 25 0
11009.9 0 0 0 0 0 28 0
10968.2 0 0 0 0 0 25 0
10956.1 0 0 0 0 0 20 0
10916.9 0 0 0 0 0 16 0
10775 0 0 0 0 0 20 0
10808.3 0 0 0 0 0 33 0
10774.8 0 0 0 0 0 26 0
10773.7 0 0 0 0 0 22 0
10791.8 0 0 0 0 0 20 0
10871.3 0 0 0 0 0 30 0
10867.3 0 0 0 0 0 27 0
10786 0 0 0 0 0 18 0
10633.1 0 0 0 0 0 23 0
10608.6 0 0 0 0 0 18 0
10571.9 0 0 0 0 0 12 0
10604.1 0 0 0 0 0 21 0
10597 0 0 0 0 0 17 0
10754.8 0 0 0 0 0 24 0
10783 0 0 0 0 0 21 0
10814.1 0 0 0 0 0 30 0
10828.8 0 0 0 0 0 19 0
10709.6 0 0 0 0 0 12 0
10731 0 0 0 0 0 17 0
10729 0 0 0 0 0 22 0
10823.6 0 0 0 0 0 21 0
10862.7 0 0 0 0 0 29 0
10887.7 0 0 0 0 0 18 0
10885.8 0 0 0 0 0 17 0
10889.6 0 0 0 0 0 13 0
10846.6 1 0 0 0 0 9 0
10645.8 0 0 0 10997.3 0 0 3403.33
10457.9 0 0 0 10997.3 0 0 4972.33
10428.5 0 0 0 10997.3 0 0 3298.33
10257.1 0 0 0 10997.3 0 0 3336.33
10189.5 0 0 0 10997.3 0 0 3742.33
9995.1 0 2 0 10997.3 0.1 2 3414.33
9813.4 0 2 0 10997.3 0.2 3 4695.33
9627.8 0 2 0 10997.3 0.3 2 2914.33
9452.6 0 1 0 10997.3 0.35 1 3247.33
9296.35 0 2 0 10997.3 0.45 2 2847.33
9075.8 0 2 0 10997.3 0.55 2 4165.33
9022 0 3 0 10997.3 0.7 3 2951.33
8744.5 0 2 0 10997.3 0.8 2 4900.33
8584.4 0 2 0 10997.3 0.9 2 3013.33
8333.4 0 2 0 10997.3 1 2 4407.33
8184.05 0 2 0 10997.3 1.1 3 2663.33
7934.85 0 2 0 10997.3 1.2 2 4339.33
7779.15 0 2 0 10997.3 1.3 3 2806.33
7596.1 0 2 0 10997.3 1.4 2 2912.33
7423.7 0 2 0 10997.3 1.5 3 3442.33
7472.8 0 2 0 10997.3 1.6 3 2421.33
7495.95 0 1 0 10997.3 1.65 1 4509.33
7545.6 0 2 0 10997.3 1.75 2 2305.33
7559.05 0 1 0 10997.3 1.8 1 3067.33
7591.5 0 2 0 10997.3 1.9 2 3093.33
7622.4 0 1 0 10997.3 1.85 1 2796.33
7690.35 0 2 0 10997.3 1.85 2 3336.33
7701.75 0 1 0 10997.3 1.8 1 2686.33
7701.4 0 2 0 10997.3 1.85 5 3254.33
7615.6 0 2 0 10997.3 1.85 3 4563.33
7585.15 0 2 0 10997.3 1.85 2 4774.33
7508.85 0 2 0 10997.3 1.8 3 4477.33
7585.65 0 2 0 10997.3 1.8 3 3364.33
7586.7 0 2 0 10997.3 1.8 4 2992.33
7674.8 0 2 0 10997.3 1.8 2 2645.33
7582.9 0 2 0 10997.3 1.8 2 4501.33
7662.2 0 1 0 10997.3 1.75 2 2753.33
7611.65 0 2 0 10997.3 1.75 2 3817.33
7599.45 0 1 0 10997.3 1.7 2 3156.33
7648.95 0 2 0 10997.3 1.7 2 2452.33
7524.9 0 2 0 10997.3 1.7 2 4902.33
7525.25 0 1 0 10997.3 1.7 1 4502.33
7514.9 0 2 0 10997.3 1.7 2 2512.33
7530.05 0 2 0 10997.3 1.75 2 2764.33
7191.1 0 2 0 10997.3 1.75 2 9872.33
6781.05 0 2 0 10997.3 1.8 2 10997.3
6398 0 2 0 10997.3 1.8 2 10997.3
5982.45 0 2 0 10997.3 1.85 2 10997.3
5595.3 0 3 0 10997.3 1.9 3 10997.3
5273.6 0 2 0 10997.3 1.9 1 10997.3
5339.55 0 3 0 10997.3 1.95 1 3455.33
5463.85 0 2 0 10997.3 1.95 3 1991.33
5476.25 0 2 0 10997.3 1.95 2 3116.33
5475.3 0 2 0 10997.3 1.95 3 3011.33
5450.35 0 1 0 10997.3 1.9 1 3144.33
5532.1 0 2 0 10997.3 1.9 2 2866.33
5520.8 0 1 0 10997.3 1.9 1 2979.33
5543.7 0 2 0 10997.3 1.9 2 3359.33
5463.05 0 2 0 10997.3 1.95 2 4769.33
5436.5 0 2 0 10997.3 1.95 2 2983.33
5538.8 0 1 0 10997.3 1.9 1 2856.33
5616.8 0 1 0 10997.3 1.9 1 2942.33
5613 0 2 0 10997.3 1.9 6 2588.33
5596.75 0 1 0 10997.3 1.85 3 3089.33
5842.4 0 1 0 10997.3 1.8 1 4959.33
6218.9 0 2 0 10997.3 1.8 6 3467.33
6565.95 0 2 0 10997.3 1.8 2 4056.33
6995.8 0 2 0 10997.3 1.8 2 2400.33
7284.95 0 1 0 10997.3 1.7 1 5214.33
7603.45 0 2 0 10997.3 1.7 3 4627.33
7637.5 0 1 0 10997.3 1.6 2 2774.33
7558.15 0 2 0 10997.3 1.6 3 3578.33
7489.2 0 1 0 10997.3 1.55 1 4495.33
7358 0 3 0 10997.3 1.6 4 5635.33
7287.15 0 2 0 10997.3 1.65 2 4561.33
7316 0 1 0 10997.3 1.6 2 2289.33
7308.45 0 2 0 10997.3 1.65 2 3130.33
7326.55 0 1 0 10997.3 1.6 1 2997.33
7403.45 0 1 0 10997.3 1.55 2 3231.33
7376 0 1 0 10997.3 1.5 3 3532.33
7200.5 0 1 0 10997.3 1.5 3 6366.33
7113.85 0 2 0 10997.3 1.55 5 4675.33
7025.8 0 2 0 10997.3 1.55 3 4349.33
7020 0 2 0 10997.3 1.6 4 3205.33
7115.55 0 1 0 10997.3 1.6 2 3048.33
7092.05 0 2 0 10997.3 1.6 3 3937.33
7140.15 0 1 0 10997.3 1.55 1 3094.33
7036.75 0 2 0 10997.3 1.55 4 4468.33
7131.4 0 1 0 10997.3 1.55 4 3321.33
7216.55 0 2 0 10997.3 1.55 2 2924.33
7204.1 0 2 0 10997.3 1.6 2 3023.33
7238.8 0 2 0 10997.3 1.6 3 2884.33
7335.75 0 2 0 10997.3 1.65 5 2556.33
7369.25 0 2 0 10997.3 1.6 2 4965.33
7334.8 0 1 0 10997.3 1.55 6 5250.33
7314.85 0 2 0 10997.3 1.6 2 2688.33
7312.4 0 1 0 10997.3 1.55 1 3179.33
7285.85 0 1 0 10997.3 1.55 2 3528.33
7318.95 0 2 0 10997.3 1.6 2 2569.33
7375.7 0 1 0 10997.3 1.6 2 2397.33
7531.95 0 1 0 10997.3 1.6 1 3241.33
7598.1 0 1 0 10997.3 1.55 1 3352.33
7717.3 0 2 0 10997.3 1.55 9 1965.33
7756.95 0 1 0 10997.3 1.5 1 2412.33
7675.8 0 2 0 10997.3 1.55 5 4671.33
7697.5 0 2 0 10997.3 1.55 3 3503.33
7658.7 0 2 0 10997.3 1.6 2 3870.33
7732.8 0 1 0 10997.3 1.55 1 2986.33
7728.1 0 2 0 10997.3 1.6 4 3415.33
7642.5 0 1 0 10997.3 1.55 2 4636.33
7656.4 0 2 0 10997.3 1.55 4 2745.33
7658.4 0 1 0 10997.3 1.5 1 2844.33
7545.65 0 2 0 10997.3 1.5 2 4811.33
7668.3 0 2 0 10997.3 1.5 2 2512.33
7837.45 0 2 0 10997.3 1.55 5 1867.33
7683.75 0 1 0 10997.3 1.5 1 5762.33
7750.35 0 0 0 10997.3 1.45 1 1847.33
7785.85 0 1 0 10997.3 1.45 9 2818.33
7787.95 0 2 0 10997.3 1.45 7 2527.33
7678.15 0 2 0 10997.3 1.5 5 4593.33
7697.2 0 2 0 10997.3 1.55 5 2860.33
7718.75 0 1 0 10997.3 1.55 3 2921.33
7682 0 1 0 10997.3 1.5 2 2700.33
7649.75 0 2 0 10997.3 1.55 3 3057.33
7707.8 0 2 0 10997.3 1.55 2 3510.33
7684.35 0 2 0 10997.3 1.55 4 3972.33
7776.1 0 1 0 10997.3 1.5 6 2035.33
7801.25 0 2 0 10997.3 1.55 8 2483.33
7758.1 0 1 0 10997.3 1.5 6 4278.33
7856.5 0 2 0 10997.3 1.55 6 2668.33
7810.6 0 1 0 10997.3 1.5 3 3663.33
7779.4 0 2 0 10997.3 1.55 4 3468.33
7870.45 0 1 0 10997.3 1.5 1 2990.33
7876.45 0 1 0 10997.3 1.45 5 2392.33
7856.8 0 2 0 10997.3 1.45 7 2260.33
7940.05 0 2 0 10997.3 1.5 9 4097.33
7874.6 0 1 0 10997.3 1.55 2 3156.33
7924.9 0 2 0 10997.3 1.6 4 1812.33
7906.7 0 2 0 10997.3 1.6 5 2891.33
7987.65 0 1 0 10997.3 1.55 3 2974.33
7967.55 0 2 0 10997.3 1.55 3 3262.33
8008.4 0 2 0 10997.3 1.6 3 2104.33
8050.85 0 1 0 10997.3 1.6 1 1851.33
8155.45 0 2 0 10997.3 1.6 4 965.333
8269.05 0 2 0 10997.3 1.6 6 1238.33
8313.8 0 1 0 10997.3 1.55 9 3077.33
8366.1 0 1 0 10997.3 1.55 8 989.333
8362 0 2 0 10997.3 1.55 7 2565.33
8472.2 0 0 0 10997.3 1.5 6 2074.33
8443.25 0 2 0 10997.3 1.5 3 3247.33
8522.7 0 1 0 10997.3 1.5 1 2074.33
8146.35 0 2 0 10997.3 1.5 3 10995.3
7746.15 0 2 0 10997.3 1.55 2 10994.3
7315.9 0 1 0 10997.3 1.55 1 10997.3
6879.1 0 2 0 10997.3 1.55 3 10996.3
6534.15 0 2 0 10997.3 1.55 2 10996.3
6142.1 0 2 0 10997.3 1.6 2 10997.3
5953.05 0 3 0 10997.3 1.65 10 5593.33
6107.55 0 1 0 10997.3 1.6 9 -198.667
6207.75 0 2 0 10997.3 1.65 10 970.333
6227.55 0 1 0 10997.3 1.6 8 2866.33
6152.3 0 2 0 10997.3 1.6 7 3609.33
6158.4 0 1 0 10997.3 1.6 7 1729.33
6106.6 0 2 0 10997.3 1.6 5 2001.33
5979.8 0 2 0 10997.3 1.6 3 3774.33
5992.8 0 1 0 10997.3 1.6 3 2817.33
5834.05 0 1 0 10997.3 1.6 2 4164.33
5833.4 0 1 0 10997.3 1.55 5 2578.33
5832.25 0 1 0 10997.3 1.6 5 2097.33
5896.1 0 2 0 10997.3 1.6 4 1970.33
5942.25 0 1 0 10997.3 1.6 4 1151.33
6358.55 0 1 0 10997.3 1.55 5 2669.33
6798.05 0 2 0 10997.3 1.55 9 2204.33
7268.65 0 2 0 10997.3 1.6 7 1585.33
7749.65 0 1 0 10997.3 1.55 7 1376.33
8174.05 0 1 0 10997.3 1.5 4 2508.33
8558.95 0 2 0 10997.3 1.5 10 3299.33
8741.2 0 2 0 10997.3 1.45 8 1948.33
8566.7 0 1 0 10997.3 1.45 4 3291.33
8406.95 0 1 0 10997.3 1.4 3 4165.33
8421.95 0 2 0 10997.3 1.45 8 2566.33
8294.6 0 2 0 10997.3 1.45 2 6156.33
8261.35 0 1 0 10997.3 1.45 7 2394.33
8257.9 0 1 0 10997.3 1.4 5 2070.33
8399.75 0 1 0 10997.3 1.35 7 937.333
8453.9 0 2 0 10997.3 1.4 8 1734.33
8527.3 0 1 0 10997.3 1.4 5 2696.33
8524.95 0 2 0 10997.3 1.45 5 2625.33
8535.75 0 1 0 10997.3 1.45 5 1881.33
8449.75 0 1 0 10997.3 1.4 6 3690.33
8352.8 0 2 0 10997.3 1.45 7 3090.33
8260.45 0 1 0 10997.3 1.45 5 4516.33
8271.15 0 2 0 10997.3 1.45 8 1990.33
8217.65 0 1 0 10997.3 1.4 7 2655.33
8099.3 0 1 0 10997.3 1.4 1 3743.33
8065.4 0 2 0 10997.3 1.45 6 3186.33
8041.1 0 1 0 10997.3 1.4 2 3785.33
8019.25 0 2 0 10997.3 1.4 13 2385.33
8063.4 0 1 0 10997.3 1.4 1 2408.33
8185.7 0 1 0 10997.3 1.4 4 1719.33
8156.95 0 1 0 10997.3 1.35 2 3141.33
8314.3 0 2 0 10997.3 1.35 5 3009.33
8142.8 0 1 0 10997.3 1.35 1 5824.33
8084.95 0 1 0 10997.3 1.35 1 3227.33
7903.6 0 2 0 10997.3 1.4 9 4564.33
7927.2 0 1 0 10997.3 1.35 3 1262.33
7975.9 0 1 0 10997.3 1.35 7 1722.33
7962.35 0 2 0 10997.3 1.35 7 2896.33
7938.2 0 1 0 10997.3 1.35 6 2364.33
7908.7 0 1 0 10997.3 1.35 2 4280.33
7964.1 0 2 0 10997.3 1.35 7 1982.33
8067.25 0 2 0 10997.3 1.4 11 2453.33
7951.1 0 2 0 10997.3 1.4 5 4313.33
7981.7 0 1 0 10997.3 1.4 7 2043.33
8061.3 0 1 0 10997.3 1.4 2 2151.33
8081 0 2 0 10997.3 1.4 4 2792.33
8074.2 0 0 0 10997.3 1.35 1 3921.33
8048.15 0 1 0 10997.3 1.3 6 2906.33
7972.2 0 1 0 10997.3 1.3 3 3927.33
7954.25 0 1 0 10997.3 1.3 5 2078.33
7923.9 0 2 0 10997.3 1.35 5 3748.33
7948.15 0 1 0 10997.3 1.3 3 2524.33
8198.35 0 2 0 10997.3 1.35 14 820.333
8224.5 0 2 0 10997.3 1.4 5 2704.33
8262.9 0 1 0 10997.3 1.35 7 3796.33
8133.55 0 1 0 10997.3 1.35 8 3849.33
8094.2 0 2 0 10997.3 1.4 6 2509.33
8130.5 0 2 0 10997.3 1.4 2 2170.33
8134.75 0 2 0 10997.3 1.45 3 2279.33
8236.4 0 1 0 10997.3 1.45 2 2247.33
8231.3 0 2 0 10997.3 1.45 7 2084.33
8167.8 0 1 0 10997.3 1.4 9 3723.33
8302.4 0 1 0 10997.3 1.35 5 1621.33
8242.75 0 1 0 10997.3 1.35 4 3236.33
8215.25 0 1 0 10997.3 1.35 7 2701.33
8250.9 0 2 0 10997.3 1.35 17 2079.33
8323.9 0 2 0 10997.3 1.45 7 2461.33
8391.65 0 2 0 10997.3 1.5 12 1551.33
8512.75 0 1 0 10997.3 1.5 5 1505.33
8597.25 0 1 0 10997.3 1.5 7 388.333
8684.75 0 2 0 10997.3 1.5 10 1998.33
8762.85 0 1 0 10997.3 1.5 9 962.333
8260.95 0 2 0 10997.3 1.5 2 10858.3
7846.35 0 2 0 10997.3 1.5 2 10996.3
7486.35 0 2 0 10997.3 1.55 2 10996.3
7128.95 0 3 0 10997.3 1.65 2 10997.3
6704.55 0 4 0 10997.3 1.75 1 10997.3
6263.2 0 3 0 10997.3 1.8 1 10997.3
6147.4 0 3 0 10997.3 1.85 7 4595.33
6137.4 0 2 0 10997.3 1.9 12 2447.33
6153.05 0 1 0 10997.3 1.85 10 1771.33
6278.3 0 2 0 10997.3 1.9 15 1218.33
6371.7 0 1 0 10997.3 1.9 7 -246.667
6459.05 0 1 0 10997.3 1.9 8 1489.33
6556.1 0 1 0 10997.3 1.9 13 760.333
6596 0 1 0 10997.3 1.85 6 1281.33
6643 0 2 0 10997.3 1.85 19 1521.33
6646.85 0 1 0 10997.3 1.8 8 1474.33
6657.65 0 2 0 10997.3 1.85 6 1289.33
6605.85 0 1 0 10997.3 1.85 2 1424.33
6605.55 0 2 0 10997.3 1.85 7 2004.33
6625.35 0 1 0 10997.3 1.85 10 566.333
7125.6 0 2 0 10997.3 1.85 5 853.333
7530.8 0 1 0 10997.3 1.8 14 2892.33
7929.2 0 1 0 10997.3 1.75 15 3028.33
8408.65 0 1 0 10997.3 1.65 7 1408.33
8794.8 0 2 0 10997.3 1.55 6 3274.33
9263.35 0 1 0 10997.3 1.45 7 1626.33
9427.3 0 1 0 10997.3 1.35 9 1316.33
9365.9 0 1 0 10997.3 1.3 3 3675.33
9306.5 0 2 0 10997.3 1.35 8 2959.33
9340.75 0 1 0 10997.3 1.3 5 533.333
9221.95 0 1 0 10997.3 1.3 5 2129.33
9227.05 0 2 0 10997.3 1.35 14 1387.33
9154.75 0 1 0 10997.3 1.35 6 2206.33
9106.7 0 2 0 10997.3 1.4 12 2242.33
9108.2 0 2 0 10997.3 1.4 9 1491.33
9059.75 0 1 0 10997.3 1.4 8 2443.33
9059.3 0 2 0 10997.3 1.4 4 1298.33
9041.1 0 1 0 10997.3 1.4 6 1788.33
9033.4 0 1 0 10997.3 1.35 5 2158.33
8894.9 0 1 0 10997.3 1.35 7 3336.33
8890.45 0 1 0 10997.3 1.3 8 942.333
8829.75 0 1 0 10997.3 1.3 2 4106.33
8797.9 0 1 0 10997.3 1.3 6 3665.33
8823.2 0 2 0 10997.3 1.35 7 902.333
8845 0 1 0 10997.3 1.3 5 2838.33
8826.25 0 1 0 10997.3 1.3 4 2001.33
8857.45 0 2 0 10997.3 1.35 11 692.333
9015.8 0 1 0 10997.3 1.35 6 508.333
9023.4 0 2 0 10997.3 1.35 9 2807.33
9055.05 0 1 0 10997.3 1.35 19 -99.6667
9157.95 0 2 0 10997.3 1.4 11 71.3333
9143.6 0 1 0 10997.3 1.35 10 1674.33
9209.95 0 1 0 10997.3 1.35 16 879.333
9307.95 0 1 0 10997.3 1.3 11 282.333
9340.5 0 1 0 10997.3 1.25 3 840.333
9198.2 0 1 0 10997.3 1.25 7 5289.33
9139.65 0 1 0 10997.3 1.2 5 2469.33
9130 0 2 0 10997.3 1.25 6 1981.33
8706.5 0 1 0 10997.3 1.25 1 10628.3
8323.45 0 2 0 10997.3 1.3 2 10997.3
7820.7 0 2 0 10997.3 1.35 2 10997.3
7476.15 0 1 0 10997.3 1.35 1 10997.3
7191.95 0 2 0 10997.3 1.4 5 9349.33
7093.15 0 4 0 10997.3 1.5 7 2878.33
7224.1 0 1 0 10997.3 1.5 11 219.333
7227.45 0 2 0 10997.3 1.55 10 1934.33
7244.35 0 1 0 10997.3 1.5 9 354.333
7230.75 0 1 0 10997.3 1.5 8 780.333
7277.1 0 4 0 10997.3 1.6 10 1880.33
7235.6 0 0 0 10997.3 1.55 7 730.333
7078.3 0 0 0 10997.3 1.45 5 3217.33
7083.45 0 0 0 10997.3 1.4 10 1571.33
7073.2 0 0 0 10997.3 1.35 4 1084.33
6985.3 0 0 0 10997.3 1.3 8 2040.33
6903.75 0 0 0 10997.3 1.25 0 2471.33
7081.8 0 0 0 10997.3 1.2 1 1728.33
7078.05 0 0 0 10997.3 1.15 0 2544.33
7042.7 0 0 0 10997.3 1.05 0 2688.33
7414.7 0 0 0 10997.3 1 0 3188.33
7815.4 0 0 0 10997.3 0.9 0 2983.33
8209.65 0 0 0 10997.3 0.8 0 3112.33
8533.85 0 0 0 10997.3 0.75 0 4513.33
8778.85 0 0 0 10997.3 0.65 0 4449.33
8804.85 0 0 0 10997.3 0.45 0 2358.33
8628.45 0 0 0 10997.3 0.4 0 3747.33
8555.75 0 0 0 10997.3 0.3 0 3388.33
8413.4 0 0 0 10997.3 0.25 0 3201.33
8252.6 0 0 0 10997.3 0.2 0 3996.33
8188.55 0 0 0 10997.3 0 0 3161.33
8061.65 0 0 0 10997.3 0 0 3268.33
8037.2 0 0 0 10997.3 0 0 3706.33
7985.1 0 0 0 10997.3 0 0 2613.33
7866.6 0 0 0 10997.3 0 0 3454.33
7807.15 0 0 0 10997.3 0 0 3229.33
7780.15 0 0 0 10997.3 0 0 3011.33
7713.15 0 0 0 10997.3 0 0 3068.33
7568.7 0 0 0 10997.3 0 0 5433.33
7556.35 0 0 0 10997.3 0 0 2935.33
7629.3 0 0 0 10997.3 0 0 1729.33
7646.6 0 0 0 10997.3 0 0 2637.33
7663.35 0 0 0 10997.3 0 0 2777.33
7735.1 0 0 0 10997.3 0 0 3078.33
7724.85 0 0 0 10997.3 0 0 4654.33
7757.5 0 0 0 10997.3 0 0 1705.33
7869.75 0 0 0 10997.3 0 0 1502.33
7909.7 0 0 0 10997.3 0 0 2589.33
7858.3 0 0 0 10997.3 0 0 4229.33
7939.9 0 0 0 10997.3 0 0 2364.33
7947.9 0 0 0 10997.3 0 0 3001.33
7995.1 0 0 0 10997.3 0 0 2324.33
8051.25 0 0 0 10997.3 0 0 2583.33
8046.45 0 0 0 10997.3 0 0 2709.33
8076.8 0 2 0 10997.3 0.1 1 2847.33
8120.55 0 1 0 10997.3 0.15 2 2354.33
8189.8 0 1 0 10997.3 0.2 6 1626.33
8161.8 0 2 0 10997.3 0.3 7 3628.33
8272 0 1 0 10997.3 0.35 9 3229.33
8020 0 2 0 10997.3 0.45 2 7975.33
7556.7 0 1 0 10997.3 0.5 2 10995.3
7138.75 0 2 0 10997.3 0.6 2 10996.3
6727.75 0 1 0 10997.3 0.65 1 10997.3
6331.8 0 4 0 10997.3 0.85 2 10997.3
6014.65 0 2 0 10997.3 0.95 1 10997.3
5550.05 0 3 0 10997.3 1.1 1 10997.3
5076.1 0 3 0 10997.3 1.25 2 10981.3
5201.55 0 2 0 10997.3 1.35 16 80.3333
5445.3 0 1 0 10997.3 1.4 12 -645.667
5604.75 0 2 0 10997.3 1.5 12 -824.667
5774.95 0 1 0 10997.3 1.55 8 -402.667
5868.85 0 2 0 10997.3 1.65 12 446.333
6005.15 0 1 0 10997.3 1.7 11 -142.667
6161.4 0 1 0 10997.3 1.75 5 -415.667
6280.35 0 2 0 10997.3 1.75 9 468.333
6405.15 0 1 0 10997.3 1.75 19 -141.667
6484.75 0 2 0 10997.3 1.8 10 34.3333
6695.25 0 2 0 10997.3 1.8 10 -581.667
6867.3 0 1 0 10997.3 1.8 12 -211.667
7305.5 0 2 0 10997.3 1.8 13 -788.667
7865 0 1 0 10997.3 1.8 6 -194.667
8407.6 0 1 0 10997.3 1.75 8 144.333
8915.8 0 2 0 10997.3 1.8 9 833.333
9483.95 0 1 0 10997.3 1.65 8 -365.667
9923 0 1 0 10997.3 1.6 9 2216.33
9923 0 1 0 10997.3 1.5 1 10997.3
9922.2 0 2 0 10997.3 1.45 2 10997.3
9376.35 0 3 0 10997.3 1.5 1 10997.3
9220.45 0 3 0 10997.3 1.6 7 2472.33
9194.65 0 2 0 10997.3 1.6 10 -308.667
9135.45 0 2 0 10997.3 1.65 10 781.333
9134.1 0 2 0 10997.3 1.65 9 473.333
9139 0 1 0 10997.3 1.65 6 -240.667
9130.15 0 1 0 10997.3 1.65 13 -238.667
9138.55 0 2 0 10997.3 1.65 9 300.333
9144.25 0 2 0 10997.3 1.7 12 -255.667
9144.95 0 1 0 10997.3 1.65 6 20.3333
9131.15 0 1 0 10997.3 1.6 5 -305.667
8974.2 0 1 0 10997.3 1.6 6 2927.33
8911.05 0 2 0 10997.3 1.6 9 474.333
8921.65 0 1 0 10997.3 1.6 10 -406.667
8835.5 0 1 0 10997.3 1.6 4 1867.33
8793.3 0 1 0 10997.3 1.55 7 1677.33
8385 0 1 0 10997.3 1.55 3 7800.33
7945.95 0 2 0 10997.3 1.6 1 10997.3
7945.95 0 2 0 10997.3 1.65 1 10997.3
7945.95 0 2 0 10997.3 1.65 1 10997.3
8418.75 0 2 0 10997.3 1.6 12 1541.33
8491.9 0 2 0 10997.3 1.55 4 1009.33
8487.85 0 3 0 10997.3 1.6 9 -227.667
8426 0 2 0 10997.3 1.6 9 2018.33
8422.5 0 2 0 10997.3 1.6 6 543.333
8354.5 0 3 0 10997.3 1.7 11 1119.33
8359.45 0 1 0 10997.3 1.7 7 -337.667
8400.05 0 2 0 10997.3 1.7 8 -511.667
8276.95 0 2 0 10997.3 1.7 8 2206.33
8281.35 0 1 0 10997.3 1.7 7 -67.6667
8147.65 0 1 0 10997.3 1.7 6 2368.33
8280.25 0 2 0 10997.3 1.75 5 275.333
8320.95 0 2 0 10997.3 1.75 9 -339.667
8316.25 0 4 0 10997.3 1.9 9 -312.667
8334.15 0 1 0 10997.3 1.9 4 1509.33
8396.1 0 1 0 10997.3 1.9 3 438.333
8662.2 0 2 0 10997.3 1.95 11 2478.33
9186.1 0 0 0 10997.3 1.85 7 519.333
9658.7 0 1 0 10997.3 1.8 6 1545.33
10230.6 0 1 0 10997.3 1.75 15 -441.667
10193.8 0 2 0 10997.3 1.75 9 2278.33
10072.5 0 2 0 10997.3 1.75 2 3434.33
10011.4 0 1 0 10997.3 1.65 7 996.333
10007.4 0 1 0 10997.3 1.6 5 2097.33
9996.85 0 2 0 10997.3 1.6 7 754.333
10080.5 0 1 0 10997.3 1.5 9 -553.667
10073.4 0 1 0 10997.3 1.5 4 -194.667
10073.6 0 2 0 10997.3 1.5 11 -517.667
10153.9 0 1 0 10997.3 1.45 5 601.333
10189.3 0 2 0 10997.3 1.5 8 -775.667
10232.1 0 1 0 10997.3 1.5 1 1512.33
10262.6 0 1 0 10997.3 1.45 15 -334.667
10170 0 1 0 10997.3 1.4 6 1512.33
10198 0 2 0 10997.3 1.3 5 -871.667
10316.8 0 0 0 10997.3 1.25 11 -866.667
10284 0 1 0 10997.3 1.25 8 1092.33
10328.8 0 1 0 10997.3 1.2 11 1584.33
10325.2 0 2 0 10997.3 1.3 8 589.333
10209.3 0 1 0 10997.3 1.3 9 3864.33
10160.8 0 1 0 10997.3 1.3 11 528.333
10214 0 1 0 10997.3 1.25 5 1215.33
10308.5 0 2 0 10997.3 1.25 7 1544.33
10373 0 1 0 10997.3 1.25 5 -294.667
10472.1 0 2 0 10997.3 1.3 10 114.333
10556.4 0 1 0 10997.3 1.25 8 -930.667
10461.1 0 2 0 10997.3 1.3 3 1351.33
10311.1 0 2 0 10997.3 1.35 7 2805.33
10260.9 0 1 0 10997.3 1.3 5 488.333
10292.3 0 1 0 10997.3 1.3 8 -27.6667
10298.2 0 3 0 10997.3 1.35 5 -894.667
10398.6 0 1 0 10997.3 1.35 6 -495.667
10277.5 0 3 0 10997.3 1.45 9 2088.33
10310.7 0 2 0 10997.3 1.5 5 848.333
10209.5 0 1 0 10997.3 1.45 11 1152.33
10187.4 0 2 0 10997.3 1.55 3 -424.667
10268.5 0 2 0 10997.3 1.6 2 -530.667
10383 0 3 0 10997.3 1.7 15 -703.667
10436.1 0 2 0 10997.3 1.7 5 -473.667
10650.4 0 1 0 10997.3 1.7 5 -420.667
10705.1 0 1 0 10997.3 1.7 3 -567.667
10656.3 0 1 0 10997.3 1.7 5 2192.33
10598 0 1 0 10997.3 1.65 5 2709.33
10487.4 0 2 0 10997.3 1.7 5 1918.33
10318.9 0 1 0 10997.3 1.65 3 3485.33
10160.4 0 1 0 10997.3 1.65 5 2239.33
10123.5 0 1 0 10997.3 1.6 7 2089.33
10259 0 1 0 10997.3 1.55 9 93.3333
10178.5 0 2 0 10997.3 1.6 10 2099.33
10121.3 0 1 0 10997.3 1.6 4 1116.33
10075.5 0 2 0 10997.3 1.55 7 21.3333
9996.9 0 1 0 10997.3 1.55 5 1076.33
10021.1 0 1 0 10997.3 1.45 8 1604.33
10091 0 4 0 10997.3 1.55 5 -550.667
10084.7 0 0 0 10997.3 1.5 4 1279.33
10073.5 0 1 0 10997.3 1.45 4 -199.667
10035.6 0 3 0 10997.3 1.5 9 226.333
10029.2 0 2 0 10997.3 1.45 8 -576.667
9931.05 0 1 0 10997.3 1.4 2 1490.33
9619 0 1 0 10997.3 1.4 1 5820.33
9112 0 2 0 10997.3 1.45 6 9572.33
9177.65 0 3 0 10997.3 1.55 7 879.333
9325.25 0 1 0 10997.3 1.55 4 -242.667
9442.8 0 2 0 10997.3 1.55 8 -432.667
9588.05 0 0 0 10997.3 1.5 7 580.333
9629.7 0 2 0 10997.3 1.55 8 1406.33
9751.35 0 0 0 10997.3 1.5 7 -343.667
9746.7 0 1 0 10997.3 1.5 3 186.333
9854.4 0 1 0 10997.3 1.45 3 -54.6667
9869.95 0 1 0 10997.3 1.45 4 805.333
9938.15 0 1 0 10997.3 1.4 5 -1342.67
10005.1 0 3 0 10997.3 1.5 6 -262.667
10136.2 0 2 0 10997.3 1.55 3 -1017.67
10130 0 2 0 10997.3 1.45 3 -427.667
10228.1 0 1 0 10997.3 1.5 6 -682.667
10256.9 0 1 0 10997.3 1.5 6 -774.667
10237.8 0 2 0 10997.3 1.45 9 608.333
10217.5 0 0 0 10997.3 1.35 11 -170.667
10263 0 1 0 10997.3 1.35 2 579.333
10584.5 0 1 0 10997.3 1.35 4 -609.667
11082.7 0 1 0 10997.3 1.3 7 -390.667
11155.1 0 2 0 10997.3 1.25 2 -568.667
11073.3 0 1 0 10997.3 1.3 3 1393.33
11064.8 0 3 0 10997.3 1.3 4 -262.667
11033.5 0 2 0 10997.3 1.4 5 1206.33
11144.4 0 2 0 10997.3 1.4 8 -810.667
11175.5 0 3 0 10997.3 1.55 10 -965.667
11201.5 0 1 0 10997.3 1.55 5 -335.667
11219.5 0 1 0 10997.3 1.55 5 -414.667
11260.5 0 1 0 10997.3 1.55 7 -13.6667
10643.6 0 1 0 10997.3 1.55 1 10995.3
10080.6 0 2 0 10997.3 1.5 1 10997.3
9791.35 0 2 0 10997.3 1.5 5 4767.33
9785.75 0 2 0 10997.3 1.5 7 -315.667
9771.35 0 4 0 10997.3 1.65 8 -394.667
9800.6 0 2 0 10997.3 1.7 4 -1359.67
9848.55 0 2 0 10997.3 1.7 3 -350.667
9864.85 0 3 0 10997.3 1.85 5 -496.667
9876.3 0 3 0 10997.3 1.95 3 350.333
9819.25 0 2 0 10997.3 2 7 531.333
9824.35 0 3 0 10997.3 2.1 7 -492.667
9762.8 0 1 0 10997.3 2.05 5 662.333
9860.95 0 2 0 10997.3 2.05 6 -569.667
9727.75 0 1 0 10997.3 2 3 2401.33
9727.35 0 1 0 10997.3 1.95 4 1214.33
9700.6 0 1 0 10997.3 1.9 3 -275.667
9651 0 1 0 10997.3 1.8 7 26.3333
9466.1 0 2 0 10997.3 1.85 3 3362.33
9010.55 0 3 0 10997.3 1.95 2 8696.33
9055.3 0 5 0 10997.3 2.15 3 -908.667
9568.8 0 5 0 10997.3 2.35 8 725.333
10032.8 0 5 0 10997.3 2.5 3 1718.33
10313.7 0 3 0 10997.3 2.55 7 -851.667
10197 0 1 0 10997.3 2.5 3 2017.33
10119.2 0 3 0 10997.3 2.45 9 1162.33
10110 0 1 0 10997.3 2.4 6 -1175.67
10142.6 0 3 0 10997.3 2.45 7 -1003.67
9936.3 0 2 0 10997.3 2.4 5 3630.33
9910.1 0 2 0 10997.3 2.35 5 874.333
9915.8 0 2 0 10997.3 2.35 8 417.333
9898.35 0 1 0 10997.3 2.25 3 -143.667
9866.6 0 1 0 10997.3 2.25 3 1297.33
9800.45 0 2 0 10997.3 2.25 4 753.333
9891.35 0 1 0 10997.3 2.25 3 583.333
9981.85 0 3 0 10997.3 2.35 4 -595.667
9858.6 0 1 0 10997.3 2.35 1 2189.33
9878.2 0 1 0 10997.3 2.35 5 -365.667
9786.3 0 2 0 10997.3 2.35 6 5200.33
9671.25 0 1 0 10997.3 2.25 1 10997.3
9256.1 0 3 0 10997.3 2.15 1 7394.33
9320.7 0 2 0 10997.3 2 4 -566.667
9434.2 0 1 0 10997.3 1.8 7 -551.667
9436.45 0 3 0 10997.3 1.8 12 -896.667
9555.65 0 1 0 10997.3 1.8 6 -366.667
9651.6 0 3 0 10997.3 1.8 6 -756.667
9601.5 0 1 0 10997.3 1.8 2 -173.667
9352.6 0 1 0 10997.3 1.7 4 3974.33
9446.65 0 1 0 10997.3 1.65 2 1749.33
9519 0 1 0 10997.3 1.6 3 -572.667
9532.55 0 2 0 10997.3 1.6 10 146.333
9463.05 0 1 0 10997.3 1.6 9 1246.33
9555.65 0 2 0 10997.3 1.65 4 -554.667
9651.65 0 3 0 10997.3 1.7 4 -1166.67
9710.75 0 1 0 10997.3 1.7 10 -598.667
9675.9 0 0 0 10997.3 1.55 7 101.333
9813.75 0 1 0 10997.3 1.55 8 -567.667
9719.15 0 2 0 10997.3 1.6 4 1526.33
10009.9 0 2 0 10997.3 1.6 4 -613.667
10516.8 0 3 0 10997.3 1.7 3 859.333
10408.8 0 2 0 10997.3 1.65 1 9554.33
10328 0 6 0 10997.3 1.85 2 1048.33
10336.3 0 5 0 10997.3 2.05 6 -717.667
10362 0 6 0 10997.3 2.2 3 -1410.67
10285.4 0 3 0 10997.3 2.3 4 1166.33
10214.2 0 2 0 10997.3 2.25 4 666.333
10239.9 0 1 0 10997.3 2.25 6 -686.667
10435.8 0 1 0 10997.3 2.25 4 56.3333
10552.8 0 1 0 10997.3 2.25 3 -591.667
10553.3 0 2 0 10997.3 2.3 5 -582.667
10605 0 1 0 10997.3 2.25 6 -886.667
10560.8 0 3 0 10997.3 2.35 7 2130.33
10504.8 0 2 0 10997.3 2.35 5 564.333
10444.3 0 1 0 10997.3 2.25 5 43.3333
10416.8 0 1 0 10997.3 2.25 1 -48.6667
10440.1 0 2 0 10997.3 2.35 8 -365.667
10452.8 0 2 0 10997.3 2.4 3 -820.667
10596.8 0 3 0 10997.3 2.45 6 -1353.67
10572.4 0 2 0 10997.3 2.45 4 -125.667
10577.6 0 2 0 10997.3 2.4 3 755.333
11007.6 0 2 0 10997.3 2.4 1 953.333
11099.8 0 1 0 10997.3 2.15 6 -794.667
11095 0 1 0 10997.3 1.95 5 -620.667
11071.9 0 3 0 10997.3 1.8 4 -949.667
11122.5 0 2 0 10997.3 1.75 3 155.333
11217.8 0 2 0 10997.3 1.75 2 -1239.67
11224.5 0 1 0 10997.3 1.75 3 -822.667
11210.1 0 1 0 10997.3 1.75 4 344.333
11202.5 0 2 0 10997.3 1.8 2 -437.667
11220.6 0 2 0 10997.3 1.8 5 -945.667
11216.9 0 2 0 10997.3 1.85 5 -811.667
11331.5 0 3 0 10997.3 1.85 4 -163.667
11381 0 1 0 10997.3 1.8 4 -425.667
11401.1 0 1 0 10997.3 1.8 5 -358.667
11233.5 0 1 0 10997.3 1.8 4 3303.33
11185.8 0 1 0 10997.3 1.75 7 589.333
11050.5 0 1 0 10997.3 1.7 7 1885.33
11021.9 0 2 0 10997.3 1.65 5 -781.667
11041.4 0 1 0 10997.3 1.6 1 -515.667
11115.9 0 2 0 10997.3 1.6 7 -734.667
11175 0 1 0 10997.3 1.55 2 -229.667
11015.5 0 1 0 10997.3 1.55 7 2395.33
11008.2 0 2 0 10997.3 1.6 6 -473.667
10865 0 2 0 10997.3 1.55 3 1913.33
10924.5 0 2 0 10997.3 1.55 3 -1034.67
10913.5 0 2 0 10997.3 1.55 3 -1018.67
10931.6 0 2 0 10997.3 1.6 3 -1185.67
10911.6 0 2 0 10997.3 1.65 3 745.333
10942.1 0 1 0 10997.3 1.6 4 -1048.67
10942.5 0 2 0 10997.3 1.6 8 -953.667
10871.7 0 2 0 10997.3 1.6 6 605.333
10889 0 3 0 10997.3 1.6 0 -509.667
10731.4 0 2 0 10997.3 1.65 5 2726.33
10676.4 0 2 0 10997.3 1.7 0 741.333
10876.2 0 2 0 10997.3 1.75 7 -692.667
10944 0 1 0 10997.3 1.75 7 -767.667
10946.2 0 1 0 10997.3 1.75 3 1841.33
10934.5 0 0 0 10997.3 1.65 5 -546.667
10736.8 0 1 0 10997.3 1.65 10 3438.33
10709.4 0 2 0 10997.3 1.65 5 -185.667
10714.1 0 1 0 10997.3 1.65 2 -325.667
10847 0 3 0 10997.3 1.75 8 -262.667
10804 0 2 0 10997.3 1.75 3 387.333
10907.1 0 1 0 10997.3 1.7 3 -148.667
10890 0 1 0 10997.3 1.65 3 -692.667
10803.9 0 2 0 10997.3 1.65 4 704.333
10734.2 0 2 0 10997.3 1.65 3 207.333
10813.5 0 2 0 10997.3 1.65 3 -841.667
10773 0 2 0 10997.3 1.7 3 -237.667
10708.5 0 2 0 10997.3 1.7 6 335.333
10769.4 0 3 0 10997.3 1.75 0 -611.667
10633.6 0 2 0 10997.3 1.7 0 2205.33
10793.7 0 2 0 10997.3 1.7 5 -474.667
10873.4 0 3 0 10997.3 1.75 6 -852.667
10793 0 2 0 10997.3 1.75 4 916.333
10794.3 0 2 0 10997.3 1.8 2 -794.667
10941.5 0 3 0 10997.3 1.9 5 -1103.67
10959.7 0 1 0 10997.3 1.95 2 -909.667
11165.2 0 2 0 10997.3 2 7 -672.667
11079.1 0 2 0 10997.3 2 2 1536.33
11090.8 0 2 0 10997.3 2.05 6 -557.667
11095.4 0 1 0 10997.3 1.95 1 -355.667
11093.1 0 1 0 10997.3 1.9 2 433.333
10979.9 0 1 0 10997.3 1.9 2 2115.33
10961 0 1 0 10997.3 1.9 9 -314.667
11008.1 0 1 0 10997.3 1.85 4 -237.667
11006 0 3 0 10997.3 1.9 5 250.333
10884.9 0 1 0 10997.3 1.85 3 1579.33
10901.2 0 3 0 10997.3 1.9 10 -564.667
10976 0 3 0 10997.3 1.95 3 -1160.67
10954.8 0 1 0 10997.3 1.85 1 -185.667
10927.5 0 1 0 10997.3 1.8 0 2749.33
10854.2 0 1 0 10997.3 1.75 5 991.333
10856.6 0 2 0 10997.3 1.7 4 -900.667
10851 0 3 0 10997.3 1.75 3 1030.33
10838 0 3 0 10997.3 1.8 5 -535.667
10745 0 2 0 10997.3 1.75 3 757.333
10746.1 0 1 0 10997.3 1.75 7 -932.667
10711.1 0 2 0 10997.3 1.75 3 26.3333
10749.3 0 3 0 10997.3 1.8 3 773.333
10751.4 0 2 0 10997.3 1.8 4 -599.667
10750.5 0 1 0 10997.3 1.8 4 -338.667
10818.5 0 1 0 10997.3 1.8 3 -925.667
10982.1 0 2 0 10997.3 1.85 4 -1157.67
10959.1 0 2 0 10997.3 1.9 2 145.333
11005.9 0 2 0 10997.3 1.95 6 -1172.67
10992.1 0 2 0 10997.3 1.9 2 526.333
11091.4 0 2 0 10997.3 1.95 2 -406.667
11108.9 0 2 0 10997.3 1.9 3 -914.667
10966.9 0 3 0 10997.3 1.9 1 1680.33
10991.2 0 2 0 10997.3 1.95 4 -672.667
11178.2 0 3 0 10997.3 2.05 5 -991.667
11246.2 0 2 0 10997.3 2.1 4 -367.667
11264.3 0 2 0 10997.3 2.1 4 -1262.67
11218.9 0 2 0 10997.3 2.05 1 1938.33
11175.1 0 2 0 10997.3 2 6 339.333
11231.1 0 3 0 10997.3 2.05 4 -362.667
11201.6 0 0 0 10997.3 2 2 -341.667
11204.1 0 1 0 10997.3 1.95 5 -24.6667
11282.3 0 3 0 10997.3 1.95 1 -789.667
11285.2 0 3 0 10997.3 2 5 -658.667
11235.6 0 1 0 10997.3 2 6 653.333
11238.2 0 1 0 10997.3 2 3 -977.667
11224.9 0 2 0 10997.3 2 2 -890.667
11278 0 3 0 10997.3 2.05 3 -915.667
11275 0 2 0 10997.3 2.05 5 -1114.67
11346.1 0 2 0 10997.3 2.05 4 -895.667
11243.4 0 2 0 10997.3 2.05 0 1649.33
11143.5 0 0 0 10997.3 1.95 2 1083.33
11152.9 0 1 0 10997.3 1.85 4 1492.33
11129.5 0 1 0 10997.3 1.8 3 -204.667
11109 0 3 0 10997.3 1.8 3 -583.667
11122.6 0 3 0 10997.3 1.85 1 -639.667
11104.9 0 1 0 10997.3 1.8 3 -907.667
11236 0 4 0 10997.3 1.9 5 -684.667
11291.2 0 2 0 10997.3 1.9 4 -764.667
11274.6 0 2 0 10997.3 1.85 4 -29.6667
11206 0 1 0 10997.3 1.9 3 1029.33
11209.5 0 3 0 10997.3 2 4 -93.6667
11182 0 1 0 10997.3 1.9 2 -240.667
11160.8 0 1 0 10997.3 1.8 5 -233.667
11204.4 0 2 0 10997.3 1.85 2 -218.667
11156.8 0 1 0 10997.3 1.85 1 -24.6667
11134.6 0 2 0 10997.3 1.85 5 -447.667
11043.9 0 1 0 10997.3 1.75 6 898.333
10944.7 0 2 0 10997.3 1.75 3 869.333
10921.2 0 2 0 10997.3 1.75 2 -425.667
11021.6 0 2 0 10997.3 1.75 1 -359.667
11106 0 1 0 10997.3 1.8 2 -602.667
11224.9 0 1 0 10997.3 1.8 1 -885.667
11235.5 0 1 0 10997.3 1.8 2 -418.667
11105.4 0 1 0 10997.3 1.7 0 2020.33
10952.5 0 1 0 10997.3 1.6 3 2416.33
10917.1 0 2 0 10997.3 1.65 3 -198.667
10920 0 1 0 10997.3 1.5 2 -742.667
10921.8 0 3 0 10997.3 1.55 2 -800.667
10965.1 0 2 0 10997.3 1.55 4 -895.667
11056.9 0 2 0 10997.3 1.6 2 -806.667
10987.2 0 2 0 10997.3 1.55 1 1300.33
11013.2 0 3 0 10997.3 1.65 5 -760.667
10953.4 0 1 0 10997.3 1.65 1 962.333
10978.1 0 1 0 10997.3 1.6 4 -713.667
11002.9 0 1 0 10997.3 1.6 2 -519.667
11004 0 2 0 10997.3 1.6 2 -469.667
11077.4 0 2 0 10997.3 1.65 8 -568.667
11041.1 0 2 0 10997.3 1.65 3 1594.33
10545.3 0 2 0 10997.3 1.65 0 9490.33
9977.45 0 3 0 10997.3 1.7 1 10997.3
9397.45 0 2 0 10997.3 1.75 1 10997.3
8803.3 0 3 0 10997.3 1.85 3 10997.3
8641.1 0 4 0 10997.3 2 4 2825.33
8773.1 0 5 0 10997.3 2.2 2 -619.667
8872.6 0 5 0 10997.3 2.4 3 426.333
8819.6 0 5 0 10997.3 2.55 1 861.333
8760.25 0 4 0 10997.3 2.7 4 444.333
8759.2 0 2 0 10997.3 2.65 1 -779.667
8776.55 0 2 0 10997.3 2.65 3 -1242.67
8786.85 0 3 0 10997.3 2.7 4 -1012.67
8894 0 1 0 10997.3 2.65 1 -842.667
8749.95 0 1 0 10997.3 2.55 1 2120.33
8403.3 0 3 0 10997.3 2.65 3 7895.33
8130.35 0 0 0 10997.3 2.6 1 4745.33
7899.85 0 3 0 10997.3 2.7 1 4090.33
7652.45 0 3 0 10997.3 2.75 0 4478.33
7337.7 0 1 0 10997.3 2.7 1 5726.33
7321.25 0 3 0 10997.3 2.75 1 1923.33
7632.1 0 3 0 10997.3 2.8 2 3273.33
7997.65 0 2 0 10997.3 2.75 0 3686.33
8312.85 0 3 0 10997.3 2.8 1 4693.33
8651.95 0 2 0 10997.3 2.75 1 4215.33
8700.35 0 2 0 10997.3 2.65 0 1857.33
8407.3 0 2 0 10997.3 2.5 1 5241.33
8198.45 0 3 0 10997.3 2.4 3 4603.33
8237.15 0 2 0 10997.3 2.25 1 87.3333
8239.45 0 2 0 10997.3 2.15 0 398.333
8040.3 0 2 0 10997.3 2.15 2 3203.33
7861.7 0 2 0 10997.3 2.15 2 2329.33
7646.65 0 3 0 10997.3 2.15 1 3288.33
7363.85 0 2 0 10997.3 2.2 0 4813.33
7337.15 0 2 0 10997.3 2.25 3 2654.33
7555.55 0 3 0 10997.3 2.25 1 3527.33
7481.45 0 2 0 10997.3 2.35 4 6227.33
7560.6 0 3 0 10997.3 2.35 3 2507.33
7609.8 0 2 0 10997.3 2.3 2 3494.33
7706.55 0 2 0 10997.3 2.35 1 3791.33
7733.2 0 1 0 10997.3 2.25 4 1390.33
7725.25 0 2 0 10997.3 2.2 4 3432.33
7700.55 0 2 0 10997.3 2.2 0 4180.33
7728.3 0 3 0 10997.3 2.2 2 4138.33
7684.35 0 2 0 10997.3 2.2 2 5094.33
7528.2 0 2 0 10997.3 2.2 0 4980.33
7704.2 0 2 0 10997.3 2.2 2 1721.33
7782.25 0 1 0 10997.3 2.1 3 3042.33
7572.45 0 2 0 10997.3 2.1 2 4283.33
7311.9 0 3 0 10997.3 2.15 1 5609.33
7305.25 0 1 0 10997.3 2.1 1 3336.33
7333.55 0 3 0 10997.3 2.15 2 1763.33
7476.15 0 3 0 10997.3 2.15 0 436.333
7756.75 0 2 0 10997.3 2.15 4 -798.667
7911.35 0 2 0 10997.3 2.15 3 -437.667
7854.55 0 1 0 10997.3 2.05 2 4663.33
7901.6 0 3 0 10997.3 2.1 0 5286.33
7714 0 2 0 10997.3 2.05 1 6259.33
7672.75 0 2 0 10997.3 2.05 0 4319.33
7714.7 0 2 0 10997.3 2.05 0 2952.33
7553.05 0 2 0 10997.3 2.1 3 4623.33
7507.5 0 2 0 10997.3 2.1 1 4343.33
7571.15 0 2 0 10997.3 2.1 5 2907.33
7576.2 0 2 0 10997.3 2.05 1 4037.33
7726.35 0 2 0 10997.3 2.05 0 2091.33
7849.7 0 2 0 10997.3 2.05 1 2513.33
7683.25 0 2 0 10997.3 2.05 0 5050.33
7695.65 0 2 0 10997.3 2.1 2 2794.33
7906.1 0 2 0 10997.3 2.1 2 74.3333
8106.85 0 3 0 10997.3 2.1 2 1594.33
8306.2 0 2 0 10997.3 2.15 2 -650.667
8386 0 2 0 10997.3 2.1 2 167.333
8456.6 0 2 0 10997.3 2.05 0 -975.667
8304.25 0 1 0 10997.3 2 4 2248.33
8358.8 0 3 0 10997.3 2.05 3 -1528.67
8424.45 0 2 0 10997.3 2.1 2 3350.33
8441.7 0 2 0 10997.3 2.05 5 4941.33
8465.1 0 2 0 10997.3 2.05 2 5791.33
8511.55 0 2 0 10997.3 2.05 1 3390.33
8405.7 0 2 0 10997.3 2.05 1 5069.33
8458.45 0 2 0 10997.3 2.05 2 3568.33
8265.85 0 2 0 10997.3 2.05 1 8195.33
8202.45 0 2 0 10997.3 2.05 0 4175.33
8344.05 0 3 0 10997.3 2.1 3 1205.33
8381.25 0 2 0 10997.3 2.1 4 1347.33
8524.6 0 2 0 10997.3 2.1 3 -353.667
8634.25 0 1 0 10997.3 2.05 1 2857.33
8819.5 0 2 0 10997.3 2.05 1 -910.667
8847.95 0 3 0 10997.3 2.1 1 -494.667
8783.4 0 2 0 10997.3 2.05 0 2885.33
8474.7 0 2 0 10997.3 2.05 1 5523.33
8081.05 0 3 0 10997.3 2.1 0 8040.33
7789.55 0 2 0 10997.3 2.1 0 4854.33
7673.75 0 2 0 10997.3 2.15 1 4564.33
7515.2 0 3 0 10997.3 2.15 3 1642.33
7629.9 0 2 0 10997.3 2.15 3 1056.33
7855.45 0 2 0 10997.3 2.15 0 430.333
8113 0 2 0 10997.3 2.15 2 640.333
8228.05 0 1 0 10997.3 2.1 1 1089.33
7931.65 0 1 0 10997.3 2.05 1 10997.3
7560.2 0 1 0 10997.3 2 1 10997.3
7420.1 0 1 0 10997.3 1.95 0 10997.3
7564.9 0 5 0 10997.3 2.1 5 1279.33
7599.55 0 5 0 10997.3 2.2 3 512.333
7354.1 0 5 0 10997.3 2.35 1 6256.33
7052.25 0 5 0 10997.3 2.5 0 5683.33
6992.35 0 4 0 10997.3 2.65 2 4055.33
6671.15 0 2 0 10997.3 2.65 1 5513.33
6467.7 0 3 0 10997.3 2.65 3 3574.33
6482 0 3 0 10997.3 2.7 0 2599.33
6494.05 0 2 0 10997.3 2.7 1 5282.33
6623.25 0 2 0 10997.3 2.65 1 5456.33
6728.2 0 4 0 10997.3 2.75 1 2755.33
6925.65 0 2 0 10997.3 2.75 1 615.333
7002.2 0 1 0 10997.3 2.65 3 111.333
7009.45 0 2 0 10997.3 2.65 2 911.333
7056.25 0 1 0 10997.3 2.6 2 -505.667
7122.6 0 2 0 10997.3 2.6 1 -686.667
7208.75 0 2 0 10997.3 2.65 3 -633.667
7769.95 0 1 0 10997.3 2.65 3 -226.667
8232.95 0 1 0 10997.3 2.65 2 1737.33
8554.65 0 1 0 10997.3 2.65 3 4563.33
8381.4 0 3 0 10997.3 2.55 3 4744.33
8113.95 0 2 0 10997.3 2.4 2 5861.33
8225.2 0 3 0 10997.3 2.3 0 4031.33
8275.2 0 3 0 10997.3 2.2 0 4683.33
8227.35 0 2 0 10997.3 2.1 0 5012.33
8325.15 0 1 0 10997.3 2.05 1 3557.33
8265.6 0 2 0 10997.3 2 0 4765.33
8134.55 0 2 0 10997.3 1.95 0 5220.33
8189.3 0 3 0 10997.3 2 3 4187.33
8376 0 1 0 10997.3 1.95 1 1722.33
8208.65 0 3 0 10997.3 1.9 0 6102.33
7974.35 0 2 0 10997.3 1.9 0 5301.33
7823.9 0 2 0 10997.3 1.95 2 3120.33
7649.35 0 3 0 10997.3 2 0 4402.33
7636.6 0 2 0 10997.3 2.05 3 -250.667
7570.55 0 1 0 10997.3 2 4 634.333
7577.1 0 1 0 10997.3 1.95 2 -764.667
7621.55 0 3 0 10997.3 2.05 4 -1115.67
7621.7 0 1 0 10997.3 2.05 0 1734.33
7874.9 0 3 0 10997.3 2.15 0 -500.667
8155.35 0 2 0 10997.3 2.1 2 -864.667
8436 0 2 0 10997.3 2.1 2 248.333
8640.5 0 1 0 10997.3 2 2 -58.6667
8830.7 0 1 0 10997.3 1.9 2 879.333
8979.05 0 1 0 10997.3 1.85 0 2045.33
9188.35 0 0 0 10997.3 1.8 2 -628.667
9181.85 0 1 0 10997.3 1.75 2 4895.33
9188.15 0 1 0 10997.3 1.7 1 5094.33
9181.8 0 2 0 10997.3 1.65 2 4314.33
8978.05 0 2 0 10997.3 1.7 1 5797.33
9145.05 0 3 0 10997.3 1.7 3 2762.33
9247.95 0 2 0 10997.3 1.7 1 3243.33
9229.55 0 3 0 10997.3 1.75 0 3488.33
9271.1 0 2 0 10997.3 1.7 1 3571.33
8869.05 0 2 0 10997.3 1.7 0 7790.33
8755.7 0 3 0 10997.3 1.8 0 2901.33
8478.75 0 2 0 10997.3 1.85 2 4774.33
8354.4 0 2 0 10997.3 1.8 4 1371.33
8348.3 0 2 0 10997.3 1.85 0 1856.33
8252.55 0 2 0 10997.3 1.8 1 1414.33
8141.85 0 2 0 10997.3 1.8 1 1349.33
8148.4 0 1 0 10997.3 1.75 0 117.333
8036.2 0 2 0 10997.3 1.8 4 2185.33
8070.8 0 1 0 10997.3 1.8 4 187.333
7937.6 0 3 0 10997.3 1.9 0 4709.33
7875.1 0 2 0 10997.3 2 0 621.333
7939.25 0 2 0 10997.3 2.05 0 3612.33
8139 0 2 0 10997.3 2.1 1 1099.33
8166.2 0 2 0 10997.3 2.1 0 3770.33
8252.1 0 2 0 10997.3 2.1 0 4079.33
8137.75 0 2 0 10997.3 2.05 1 5049.33
8064 0 3 0 10997.3 2.1 2 4718.33
8038.55 0 1 0 10997.3 2 3 3997.33
7905 0 1 0 10997.3 1.95 1 6242.33
8084.75 0 2 0 10997.3 1.95 3 4195.33
8022 0 2 0 10997.3 1.9 0 4156.33
7936.95 0 2 0 10997.3 1.9 0 6475.33
7848.35 0 2 0 10997.3 1.9 0 3143.33
7826.8 0 2 0 10997.3 1.9 0 2287.33
7816.65 0 2 0 10997.3 1.9 0 1617.33
7788.35 0 2 0 10997.3 1.9 1 1915.33
7781.25 0 3 0 10997.3 2 1 259.333
7879.05 0 2 0 10997.3 2 0 229.333
7801.7 0 2 0 10997.3 2.05 1 1734.33
7498.1 0 1 0 10997.3 1.95 2 10781.3
6979.3 0 3 0 10997.3 2 1 10997.3
7114.05 0 2 0 10997.3 2 2 917.333
7114.1 0 2 0 10997.3 2 3 1098.33
7269.4 0 2 0 10997.3 2 1 664.333
7320.15 0 3 0 10997.3 2.05 0 3064.33
7290.65 0 3 0 10997.3 2.1 0 5639.33
7437.8 0 1 0 10997.3 2 3 1775.33
7426.35 0 2 0 10997.3 2.05 1 4226.33
7539.85 0 2 0 10997.3 2.1 0 3972.33
7519.35 0 2 0 10997.3 2.1 1 4605.33
7601.9 0 2 0 10997.3 2.1 2 2505.33
7655.65 0 2 0 10997.3 2.1 2 5400.33
7635 0 2 0 10997.3 2.1 2 3556.33
7667.1 0 2 0 10997.3 2.1 1 1645.33
7584.7 0 2 0 10997.3 2.1 0 3265.33
7674.6 0 1 0 10997.3 2.05 1 117.333
7475.75 0 2 0 10997.3 2 1 4236.33
7283.3 0 3 0 10997.3 2.05 1 4078.33
7159.3 0 2 0 10997.3 2.05 1 4214.33
7612.85 0 2 0 10997.3 2.1 1 1710.33
8036.95 0 2 0 10997.3 2.05 2 2515.33
7686.1 0 3 0 10997.3 2.1 0 7934.33
7191.15 0 3 0 10997.3 2.15 1 10997.3
6819.25 0 1 0 10997.3 2.1 1 8102.33
6780.75 0 2 0 10997.3 2.05 0 3834.33
6902.45 0 3 0 10997.3 2.05 0 3205.33
6860.65 0 2 0 10997.3 2.1 4 2611.33
7048.4 0 2 0 10997.3 2.1 2 471.333
7004.4 0 2 0 10997.3 2.1 1 4852.33
7203.5 0 2 0 10997.3 2.1 1 623.333
7290.8 0 2 0 10997.3 2.1 0 759.333
7482.6 0 2 0 10997.3 2.1 3 1564.33
7676.2 0 2 0 10997.3 2.1 1 -315.667
7773.2 0 3 0 10997.3 2.15 1 -294.667
7848.95 0 2 0 10997.3 2.15 1 1750.33
7779.05 0 2 0 10997.3 2.2 0 1515.33
7848.35 0 2 0 10997.3 2.2 3 2850.33
7854.4 0 1 0 10997.3 2.1 0 3957.33
7825.65 0 3 0 10997.3 2.15 4 4789.33
7762 0 3 0 10997.3 2.2 0 2983.33
7746.35 0 1 0 10997.3 2.15 1 2828.33
8037.4 0 2 0 10997.3 2.1 0 2113.33
8451.05 0 1 0 10997.3 2 1 2724.33
8655.1 0 3 0 10997.3 2.1 4 4021.33
8594.8 0 1 0 10997.3 2.05 0 5040.33
8546.95 0 1 0 10997.3 1.95 2 4162.33
8469.25 0 2 0 10997.3 1.95 0 4165.33
8282.5 0 2 0 10997.3 1.95 0 4206.33
8476.4 0 2 0 10997.3 1.95 1 974.333
8316 0 3 0 10997.3 2 1 3831.33
8143.75 0 2 0 10997.3 2 2 4204.33
7984.5 0 2 0 10997.3 2 0 4749.33
7880.2 0 2 0 10997.3 2 0 1770.33
7621.15 0 2 0 10997.3 1.95 2 4886.33
7485.45 0 3 0 10997.3 2 1 4464.33
7376.45 0 2 0 10997.3 2 0 3695.33
7243.3 0 3 0 10997.3 2.05 1 5513.33
7362.95 0 2 0 10997.3 2.1 3 1564.33
7487.75 0 3 0 10997.3 2.1 4 2293.33
7440.3 0 0 0 10997.3 1.95 2 3932.33
7398.65 0 2 0 10997.3 2 1 3661.33
7507.35 0 0 0 10997.3 1.9 0 -60.6667
7677.95 0 2 0 10997.3 1.95 1 -687.667
7907 0 1 0 10997.3 1.85 2 -559.667
8195.45 0 3 0 10997.3 1.95 4 -728.667
8348.2 0 3 0 10997.3 2.05 1 1107.33
8291.9 0 1 0 10997.3 2 2 5291.33
8360.05 0 2 0 10997.3 2 0 2843.33
8279.85 0 3 0 10997.3 2.05 1 2578.33
8293.25 0 2 0 10997.3 2 1 3563.33
8216.7 0 3 0 10997.3 2.05 1 5735.33
8372.85 0 3 0 10997.3 2.1 1 1626.33
8186.25 0 2 0 10997.3 2.1 0 5502.33
8163.7 0 2 0 10997.3 2.1 1 5337.33
8246.5 0 2 0 10997.3 2.05 1 2808.33
8119.6 0 3 0 10997.3 2.1 1 6233.33
8207.4 0 1 0 10997.3 2 2 3757.33
8108 0 2 0 10997.3 2 1 3552.33
7984.95 0 2 0 10997.3 1.95 3 4754.33
8038.95 0 3 0 10997.3 2.1 0 2852.33
8031.7 0 1 0 10997.3 2.05 1 3806.33
7779.1 0 3 0 10997.3 2.2 1 4991.33
7548.25 0 2 0 10997.3 2.2 1 3929.33
7357.35 0 1 0 10997.3 2.2 0 3258.33
7350.9 0 3 0 10997.3 2.2 2 -599.667
7446.7 0 1 0 10997.3 2.1 2 -808.667
7731.35 0 4 0 10997.3 2.25 1 -401.667
7800.05 0 2 0 10997.3 2.25 3 1469.33
7876.2 0 2 0 10997.3 2.2 2 1055.33
8061.65 0 2 0 10997.3 2.2 0 -145.667
8237.05 0 2 0 10997.3 2.15 1 2227.33
8255.5 0 1 0 10997.3 2.05 2 1257.33
8559.5 0 1 0 10997.3 2 1 -577.667
8633.85 0 1 0 10997.3 1.95 0 3850.33
8541 0 1 0 10997.3 1.9 1 4665.33
8671.3 0 0 0 10997.3 1.75 3 3627.33
8561.35 0 2 0 10997.3 1.8 0 5956.33
8569.55 0 3 0 10997.3 1.85 0 3388.33
8554.1 0 2 0 10997.3 1.85 0 5063.33
8241.05 0 2 0 10997.3 1.8 0 9113.33
8402.6 0 2 0 10997.3 1.85 1 575.333
8453 0 2 0 10997.3 1.8 1 3983.33
8451.65 0 3 0 10997.3 1.85 1 3956.33
8357.5 0 2 0 10997.3 1.9 1 5141.33
8096.3 0 2 0 10997.3 1.85 0 4624.33
7951.6 0 2 0 10997.3 1.9 1 2085.33
7745.7 0 2 0 10997.3 1.8 0 3716.33
7705.5 0 2 0 10997.3 1.8 0 2273.33
7678.95 0 2 0 10997.3 1.8 0 1586.33
7652.6 0 2 0 10997.3 1.8 1 381.333
7599.95 0 2 0 10997.3 1.8 0 3280.33
7447.15 0 1 0 10997.3 1.8 0 4313.33
7228.15 0 2 0 10997.3 1.85 0 3802.33
7236.4 0 2 0 10997.3 1.9 0 3685.33
7335.7 0 2 0 10997.3 1.95 4 2679.33
7386.55 0 2 0 10997.3 2.05 1 2610.33
7454.55 0 2 0 10997.3 2.05 3 4596.33
7641.95 0 2 0 10997.3 2 1 -359.667
7577.1 0 2 0 10997.3 2 1 6360.33
7902.35 0 3 0 10997.3 2.05 1 2608.33
7678.95 0 2 0 10997.3 2.05 0 5043.33
7650.35 0 3 0 10997.3 2.1 2 4555.33
7878.85 0 2 0 10997.3 2.05 2 -613.667
8154.15 0 2 0 10997.3 2.05 1 -364.667
8371.45 0 3 0 10997.3 2.1 1 278.333
8387.45 0 1 0 10997.3 2.05 0 1765.33
8306.9 0 2 0 10997.3 2.05 2 5327.33
8285.55 0 2 0 10997.3 2.05 0 2700.33
8129.3 0 3 0 10997.3 2.1 0 4711.33
7918.3 0 2 0 10997.3 2.1 1 4601.33
7958.9 0 3 0 10997.3 2.15 0 2468.33
7877.6 0 2 0 10997.3 2.2 0 5939.33
7994.5 0 2 0 10997.3 2.2 2 1464.33
8088.55 0 2 0 10997.3 2.2 0 1804.33
8119.2 0 2 0 10997.3 2.2 2 2066.33
8035.75 0 1 0 10997.3 2.15 1 4279.33
8123.55 0 2 0 10997.3 2.15 2 2840.33
7870.45 0 2 0 10997.3 2.15 0 4702.33
8090.2 0 2 0 10997.3 2.15 3 1965.33
8099.65 0 1 0 10997.3 2.05 1 2419.33
8276.2 0 2 0 10997.3 2.05 2 1512.33
8500.4 0 1 0 10997.3 1.95 0 71.3333
8370.4 0 2 0 10997.3 1.95 0 1986.33
8216.4 0 2 0 10997.3 1.95 1 2715.33
7917.95 0 2 0 10997.3 1.9 0 6247.33
7785.5 0 2 0 10997.3 1.95 1 4414.33
7778.25 0 2 0 10997.3 1.95 0 5472.33
7623.05 0 3 0 10997.3 2 1 5804.33
7630.8 0 2 0 10997.3 1.95 1 4556.33
7591.45 0 2 0 10997.3 1.95 1 5388.33
7673.8 0 3 0 10997.3 1.95 5 821.333
7804.65 0 3 0 10997.3 2 1 3322.33
7691.7 0 2 0 10997.3 2 2 3723.33
7496.55 0 1 0 10997.3 1.95 1 5707.33
7258.25 0 3 0 10997.3 2 0 6832.33
7358.2 0 2 0 10997.3 2.05 3 2280.33
7360.2 0 2 0 10997.3 2.05 1 2800.33
7540.85 0 2 0 10997.3 2.05 1 1089.33
7559.9 0 2 0 10997.3 2.05 1 1584.33
7737.3 0 2 0 10997.3 2.1 0 -1128.67
7746.7 0 1 0 10997.3 2.05 2 1324.33
7758.25 0 2 0 10997.3 2.1 5 -159.667
7789.15 0 0 0 10997.3 2 0 1368.33
7819.5 0 2 0 10997.3 2 2 2108.33
8103.65 0 1 0 10997.3 1.95 2 564.333
8026.9 0 2 0 10997.3 1.95 0 5949.33
8111.25 0 3 0 10997.3 2 1 3785.33
8103.3 0 2 0 10997.3 1.95 1 5963.33
8072.4 0 2 0 10997.3 1.95 0 5174.33
8144.05 0 2 0 10997.3 1.95 0 3955.33
7988.75 0 2 0 10997.3 1.9 0 3927.33
7919.4 0 2 0 10997.3 1.85 1 4709.33
7942.9 0 2 0 10997.3 1.85 1 3253.33
7999.35 0 3 0 10997.3 1.95 0 4578.33
8080.15 0 1 0 10997.3 1.85 1 5216.33
8010.25 0 2 0 10997.3 1.85 0 3678.33
8008.45 0 2 0 10997.3 1.85 3 2836.33
7950.65 0 2 0 10997.3 1.85 6 2245.33
7855.55 0 1 0 10997.3 1.8 0 3486.33
7610.8 0 2 0 10997.3 1.8 1 3766.33
7420.1 0 2 0 10997.3 1.85 0 5138.33
7258.85 0 3 0 10997.3 1.9 0 3065.33
7304.3 0 1 0 10997.3 1.95 1 459.333
7435.5 0 2 0 10997.3 1.95 1 -515.667
7462.75 0 3 0 10997.3 2.05 0 19.3333
7680.9 0 2 0 10997.3 2.05 1 1586.33
7793.05 0 2 0 10997.3 2 1 1542.33
7862.25 0 2 0 10997.3 2 1 4579.33
7821.85 0 1 0 10997.3 1.95 2 5982.33
7852.65 0 1 0 10997.3 1.9 2 3339.33
7993.25 0 2 0 10997.3 1.9 1 1115.33
8220.85 0 2 0 10997.3 1.9 1 157.333
8088.3 0 1 0 10997.3 1.85 1 5904.33
8046.15 0 3 0 10997.3 1.85 0 5421.33
7999.5 0 1 0 10997.3 1.85 0 6149.33
7949.45 0 3 0 10997.3 1.9 0 4679.33
7885.75 0 2 0 10997.3 1.9 0 4110.33
7828.6 0 1 0 10997.3 1.85 3 3388.33
7794.45 0 2 0 10997.3 1.9 0 4169.33
7928.1 0 2 0 10997.3 1.9 0 1093.33
8133.45 0 2 0 10997.3 1.9 2 1031.33
8261.6 0 3 0 10997.3 1.9 0 502.333
8199.95 0 2 0 10997.3 1.95 1 1692.33
8128.15 0 2 0 10997.3 1.95 3 920.333
7812.8 0 3 0 10997.3 1.95 0 6326.33
7531.8 0 2 0 10997.3 1.95 0 7206.33
7304.85 0 2 0 10997.3 1.95 1 6081.33
6983.95 0 1 0 10997.3 1.9 0 10997.3
6972.25 0 4 0 10997.3 2.05 4 6216.33
6926.45 0 5 0 10997.3 2.25 0 4255.33
6702.7 0 2 0 10997.3 2.25 1 5590.33
6424.35 0 2 0 10997.3 2.25 1 5724.33
6483.15 0 2 0 10997.3 2.3 0 4728.33
6570.2 0 3 0 10997.3 2.3 0 3680.33
6750 0 2 0 10997.3 2.35 3 2553.33
6967.75 0 3 0 10997.3 2.35 1 324.333
7185.1 0 1 0 10997.3 2.3 0 -236.667
7267.95 0 1 0 10997.3 2.3 2 1731.33
7406.15 0 0 0 10997.3 2.2 2 1405.33
7505.1 0 3 0 10997.3 2.25 1 -885.667
7586.1 0 1 0 10997.3 2.2 1 -588.667
7467 0 1 0 10997.3 2.1 1 2884.33
7592.45 0 1 0 10997.3 2.05 1 -816.667
7505.15 0 3 0 10997.3 2.1 0 2666.33
7542.75 0 2 0 10997.3 2.05 0 5574.33
7795.05 0 0 0 10997.3 1.95 0 2160.33
7803 0 3 0 10997.3 2 0 5922.33
8073.5 0 1 0 10997.3 2 0 5587.33
8082.65 0 1 0 10997.3 1.85 0 6033.33
8024.55 0 3 0 10997.3 1.75 0 5417.33
8030.9 0 2 0 10997.3 1.75 1 5463.33
8081.25 0 2 0 10997.3 1.75 1 4717.33
8107.7 0 2 0 10997.3 1.75 0 4199.33
8120.8 0 2 0 10997.3 1.7 0 3418.33
8258.55 0 2 0 10997.3 1.7 1 -201.667
8269.3 0 4 0 10997.3 1.75 0 109.333
8260.15 0 1 0 10997.3 1.75 1 -53.6667
8392.75 0 2 0 10997.3 1.8 1 -920.667
8511.05 0 1 0 10997.3 1.85 2 -960.667
8504.85 0 2 0 10997.3 1.8 3 -761.667
8309.95 0 0 0 10997.3 1.75 3 3309.33
8199.35 0 3 0 10997.3 1.85 1 5096.33
7988.75 0 1 0 10997.3 1.85 0 3395.33
7880.75 0 2 0 10997.3 1.8 0 4826.33
7850.55 0 2 0 10997.3 1.8 0 6178.33
7747.35 0 0 0 10997.3 1.8 1 4224.33
7787.5 0 3 0 10997.3 1.8 0 5119.33
7766.45 0 3 0 10997.3 1.9 0 6008.33
7906.2 0 1 0 10997.3 1.9 1 3238.33
7924.25 0 1 0 10997.3 1.8 1 5056.33
8059.85 0 3 0 10997.3 1.85 0 2751.33
8202 0 2 0 10997.3 1.85 1 1874.33
8262.4 0 2 0 10997.3 1.85 0 2991.33
8169.75 0 3 0 10997.3 1.9 0 5271.33
7937.7 0 1 0 10997.3 1.85 0 4439.33
7754.9 0 2 0 10997.3 1.75 2 3765.33
7594.6 0 3 0 10997.3 1.85 2 3152.33
7389.05 0 2 0 10997.3 1.85 1 3190.33
7018.65 0 3 0 10997.3 1.95 0 6447.33
6710.05 0 2 0 10997.3 1.95 0 5410.33
6698.05 0 2 0 10997.3 2.05 0 3549.33
6965.7 0 1 0 10997.3 1.95 0 -256.667
7176.6 0 1 0 10997.3 1.95 0 -822.667
7426.25 0 2 0 10997.3 1.95 1 -166.667
7738.85 0 1 0 10997.3 1.9 0 -73.6667
7859.4 0 5 0 10997.3 2.15 1 1813.33
8050.65 0 4 0 10997.3 2.2 2 1294.33
8073.4 0 2 0 10997.3 2.15 1 5553.33
7985.2 0 2 0 10997.3 2.2 0 5002.33
8005.5 0 2 0 10997.3 2.25 0 4650.33
7923.5 0 1 0 10997.3 2.15 0 4391.33
7608.55 0 1 0 10997.3 2.1 0 8173.33
7208.25 0 1 0 10997.3 2.05 0 10997.3
6921.95 0 2 0 10997.3 2 2 10997.3
6743.05 0 3 0 10997.3 2.1 1 8017.33
6720.4 0 1 0 10997.3 2.05 0 4218.33
6729.75 0 2 0 10997.3 2 1 2965.33
6675.75 0 2 0 10997.3 2 0 4270.33
6839.8 0 2 0 10997.3 1.95 0 3166.33
7029.7 0 1 0 10997.3 1.9 0 1612.33
7027.2 0 0 0 10997.3 1.8 1 3599.33
6657.25 0 2 0 10997.3 1.85 0 7142.33
6311.3 0 2 0 10997.3 1.9 0 6096.33
6119.55 0 2 0 10997.3 1.9 3 3668.33
5876.3 0 2 0 10997.3 1.95 2 4791.33
5892.6 0 3 0 10997.3 1.85 1 1487.33
5899.5 0 1 0 10997.3 1.7 1 1156.33
6026.25 0 2 0 10997.3 1.7 1 3018.33
6300.9 0 1 0 10997.3 1.65 0 -490.667
6569.95 0 2 0 10997.3 1.65 0 -730.667
6689.3 0 1 0 10997.3 1.65 2 2004.33
7007.15 0 2 0 10997.3 1.7 0 1816.33
7430.8 0 1 0 10997.3 1.7 1 2524.33
7806.15 0 3 0 10997.3 1.75 0 3490.33
7941.75 0 0 0 10997.3 1.6 1 5305.33
7923.8 0 2 0 10997.3 1.65 0 4577.33
7833.05 0 0 0 10997.3 1.55 3 4780.33
7851.85 0 2 0 10997.3 1.55 0 3894.33
7811.55 0 1 0 10997.3 1.5 0 3972.33
7658.1 0 0 0 10997.3 1.45 0 4681.33
7592.05 0 3 0 10997.3 1.6 0 4920.33
7734.05 0 2 0 10997.3 1.6 1 4302.33
7987.25 0 2 0 10997.3 1.6 0 1032.33
8049.1 0 1 0 10997.3 1.55 0 2431.33
8265.3 0 1 0 10997.3 1.5 0 467.333
8231.4 0 3 0 10997.3 1.5 1 2165.33
8261.2 0 1 0 10997.3 1.5 0 560.333
8243.35 0 1 0 10997.3 1.45 0 3375.33
7962.35 0 3 0 10997.3 1.55 1 5129.33
7790.15 0 1 0 10997.3 1.5 2 2713.33
7685.15 0 1 0 10997.3 1.5 2 4104.33
7585.2 0 1 0 10997.3 1.45 2 3815.33
7494.65 0 2 0 10997.3 1.5 1 4335.33
7500.45 0 0 0 10997.3 1.35 2 3374.33
7435.4 0 3 0 10997.3 1.5 0 6606.33
7379.65 0 1 0 10997.3 1.45 0 5692.33
7491 0 3 0 10997.3 1.6 0 2553.33
7536 0 1 0 10997.3 1.55 1 2994.33
7556.25 0 3 0 10997.3 1.65 0 3567.33
7704.95 0 3 0 10997.3 1.8 2 1707.33
7832.55 0 1 0 10997.3 1.7 1 2368.33
7806.8 0 2 0 10997.3 1.7 1 4817.33
7739.15 0 2 0 10997.3 1.7 2 2385.33
7712.1 0 0 0 10997.3 1.65 0 2972.33
7570.8 0 3 0 10997.3 1.75 0 3293.33
7513.1 0 3 0 10997.3 1.75 2 3319.33
7411.8 0 1 0 10997.3 1.75 3 2586.33
7307.65 0 2 0 10997.3 1.8 1 5458.33
7516 0 1 0 10997.3 1.7 0 962.333
7568.75 0 1 0 10997.3 1.7 1 1658.33
7748.85 0 1 0 10997.3 1.7 0 502.333
7845.5 0 0 0 10997.3 1.65 1 1882.33
7895.1 0 3 0 10997.3 1.7 1 3343.33
7863.4 0 1 0 10997.3 1.75 0 4008.33
7822.65 0 2 0 10997.3 1.7 0 7421.33
7858.05 0 1 0 10997.3 1.7 0 4984.33
7830.5 0 2 0 10997.3 1.65 2 3104.33
7847.05 0 3 0 10997.3 1.75 0 2663.33
7778.7 0 1 0 10997.3 1.65 4 4934.33
7424.3 0 3 0 10997.3 1.65 0 8795.33
7377.2 0 1 0 10997.3 1.65 0 3310.33
7443.3 0 1 0 10997.3 1.6 0 3495.33
7526.1 0 1 0 10997.3 1.55 2 729.333
7484 0 3 0 10997.3 1.7 0 3814.33
7488.3 0 1 0 10997.3 1.6 0 3207.33
7519.75 0 2 0 10997.3 1.55 0 2690.33
7457.7 0 1 0 10997.3 1.55 1 3827.33
7507.25 0 1 0 10997.3 1.5 0 4467.33
7368.65 0 2 0 10997.3 1.55 1 3734.33
7231.75 0 2 0 10997.3 1.6 2 4396.33
7145 0 2 0 10997.3 1.65 0 2237.33
7273.6 0 1 0 10997.3 1.7 0 -689.667
7337.1 0 1 0 10997.3 1.6 1 2073.33
7566.3 0 1 0 10997.3 1.6 2 -575.667
7951.7 0 2 0 10997.3 1.6 2 -286.667
8090.25 0 3 0 10997.3 1.7 1 2213.33
7993.25 0 0 0 10997.3 1.6 0 5044.33
7655.35 0 3 0 10997.3 1.6 0 9421.33
7576.25 0 4 0 10997.3 1.75 2 6516.33
7753.6 0 4 0 10997.3 1.85 0 5248.33
7664.6 0 6 0 10997.3 2.05 0 5090.33
7638.75 0 4 0 10997.3 2.2 0 4012.33
7627.45 0 1 0 10997.3 2.2 4 955.333
7623.85 0 1 0 10997.3 2.1 1 3886.33
7640.8 0 2 0 10997.3 2.15 0 2868.33
7575.05 0 2 0 10997.3 2.15 0 4005.33
7593.2 0 2 0 10997.3 2.2 0 3464.33
7573.95 0 0 0 10997.3 2.15 1 4852.33
7615.05 0 3 0 10997.3 2.2 1 2912.33
7644.5 0 1 0 10997.3 2.15 1 3807.33
7619.2 0 3 0 10997.3 2.2 1 2743.33
7501.25 0 2 0 10997.3 2.25 0 1669.33
7459.4 0 1 0 10997.3 2.25 2 2910.33
7230.2 0 2 0 10997.3 2.3 0 4008.33
6950.1 0 3 0 10997.3 2.35 1 5315.33
6881.85 0 1 0 10997.3 2.25 0 3578.33
6884.85 0 2 0 10997.3 2.35 0 4984.33
7196.9 0 1 0 10997.3 2.25 1 3180.33
7311.75 0 1 0 10997.3 2.1 2 4219.33
7371.15 0 1 0 10997.3 1.9 1 4060.33
7488.55 0 3 0 10997.3 1.8 1 2742.33
7433.7 0 2 0 10997.3 1.7 1 5109.33
7310.7 0 1 0 10997.3 1.7 0 3415.33
7389.9 0 2 0 10997.3 1.75 1 2302.33
7370.4 0 1 0 10997.3 1.7 0 3258.33
7399.3 0 3 0 10997.3 1.75 1 3427.33
7286.35 0 1 0 10997.3 1.7 0 5723.33
7378.5 0 1 0 10997.3 1.75 4 3009.33
7315.5 0 1 0 10997.3 1.65 0 4172.33
7280.9 0 3 0 10997.3 1.75 0 4499.33
7216.65 0 1 0 10997.3 1.65 1 4028.33
7140.15 0 1 0 10997.3 1.6 0 3199.33
7080.9 0 1 0 10997.3 1.6 0 4095.33
7017.8 0 3 0 10997.3 1.65 0 5270.33
7182.85 0 3 0 10997.3 1.65 2 2014.33
7292.25 0 0 0 10997.3 1.6 0 1390.33
7513.3 0 1 0 10997.3 1.55 2 563.333
7660.85 0 3 0 10997.3 1.65 0 229.333
7816.8 0 0 0 10997.3 1.6 1 1100.33
7830.9 0 1 0 10997.3 1.6 0 3778.33
7790.95 0 0 0 10997.3 1.45 0 3541.33
7866.15 0 3 0 10997.3 1.5 1 3605.33
7834.2 0 2 0 10997.3 1.55 1 4054.33
7576.05 0 1 0 10997.3 1.5 0 7465.33
7614.85 0 3 0 10997.3 1.6 0 2482.33
7601.55 0 1 0 10997.3 1.5 0 3693.33
7724.3 0 3 0 10997.3 1.6 2 3268.33
7721.1 0 2 0 10997.3 1.65 2 3073.33
7773.35 0 0 0 10997.3 1.6 1 3127.33
7970.6 0 2 0 10997.3 1.55 0 554.333
8143.15 0 2 0 10997.3 1.6 0 577.333
8158.55 0 1 0 10997.3 1.6 1 2891.33
8406.9 0 1 0 10997.3 1.6 0 -871.667
8324.55 0 1 0 10997.3 1.5 0 6917.33
8188.7 0 2 0 10997.3 1.45 0 4731.33
8061.95 0 2 0 10997.3 1.55 1 3925.33
7835.85 0 1 0 10997.3 1.55 1 5085.33
7537.8 0 1 0 10997.3 1.45 0 6190.33
7357.95 0 1 0 10997.3 1.5 2 4697.33
7308.5 0 0 0 10997.3 1.45 0 4767.33
7336.2 0 1 0 10997.3 1.5 1 2987.33
7402.65 0 1 0 10997.3 1.4 0 2276.33
7404.25 0 3 0 10997.3 1.45 0 4022.33
7715.05 0 3 0 10997.3 1.55 1 1249.33
7571.1 0 2 0 10997.3 1.5 0 5361.33
7527.85 0 3 0 10997.3 1.6 0 4558.33
7430.9 0 2 0 10997.3 1.55 2 5207.33
7399.2 0 0 0 10997.3 1.45 1 3707.33
7379.05 0 3 0 10997.3 1.6 1 3530.33
7104 0 1 0 10997.3 1.55 0 6055.33
6910.1 0 2 0 10997.3 1.55 0 4455.33
6836.55 0 2 0 10997.3 1.6 0 4362.33
6628.3 0 2 0 10997.3 1.65 1 3293.33
6851.05 0 0 0 10997.3 1.6 0 2462.33
6819.75 0 1 0 10997.3 1.55 0 5357.33
6886.55 0 1 0 10997.3 1.5 1 2589.33
6921.35 0 0 0 10997.3 1.45 2 4389.33
6953.4 0 3 0 10997.3 1.55 0 5549.33
6996.8 0 1 0 10997.3 1.55 0 3829.33
7022.45 0 1 0 10997.3 1.6 0 4254.33
6905.95 0 1 0 10997.3 1.6 0 5317.33
6827.8 0 1 0 10997.3 1.6 0 3839.33
6827.9 0 1 0 10997.3 1.5 0 4020.33
6620.55 0 1 0 10997.3 1.4 1 5396.33
6588.95 0 1 0 10997.3 1.35 0 5993.33
6629.4 0 1 0 10997.3 1.25 0 3749.33
6892.65 0 2 0 10997.3 1.25 0 -57.6667
6984.6 0 0 0 10997.3 1.25 1 1868.33
7077.5 0 1 0 10997.3 1.15 0 1672.33
7293.2 0 2 0 10997.3 1.2 0 1741.33
7451.95 0 1 0 10997.3 1.15 0 1280.33
7700.3 0 0 0 10997.3 1.05 2 -604.667
7803.95 0 1 0 10997.3 1 0 1220.33
7785.35 0 1 0 10997.3 1.05 1 2834.33
7887.65 0 0 0 10997.3 1 0 3311.33
7880.05 0 1 0 10997.3 1 0 2741.33
7901.7 0 1 0 10997.3 1.05 0 3956.33
7999.75 0 3 0 10997.3 1.05 0 3588.33
7914.35 0 1 0 10997.3 1.05 0 5537.33
7964.1 0 2 0 10997.3 1.1 0 3259.33
8074.9 0 1 0 10997.3 1.1 1 3101.33
8194.2 0 1 0 10997.3 1.1 1 1453.33
8195.55 0 2 0 10997.3 1.15 3 3993.33
8303.85 0 2 0 10997.3 1.2 0 3230.33
8359 0 1 0 10997.3 1.2 0 4890.33
8422.65 0 2 0 10997.3 1.25 0 2476.33
8328.5 0 0 0 10997.3 1.15 0 1825.33
8253.95 0 1 0 10997.3 1.2 0 3359.33
8183.4 0 1 0 10997.3 1.2 0 3083.33
8082.35 0 1 0 10997.3 1.15 1 3762.33
8018.5 0 0 0 10997.3 1.1 0 2557.33
7827.45 0 1 0 10997.3 1.15 1 3216.33
7554.65 0 1 0 10997.3 1.15 1 6676.33
7570.6 0 1 0 10997.3 1.15 0 2515.33
7524.5 0 1 0 10997.3 1.2 1 4233.33
7435.1 0 2 0 10997.3 1.25 2 4529.33
7400.35 0 3 0 10997.3 1.35 0 4651.33
7350.25 0 1 0 10997.3 1.25 0 4590.33
7511.95 0 1 0 10997.3 1.25 0 2303.33
7479.2 0 1 0 10997.3 1.2 0 3914.33
7420.05 0 0 0 10997.3 1.15 0 4284.33
7289.35 0 4 0 10997.3 1.3 1 4067.33
7442.45 0 1 0 10997.3 1.25 0 931.333
7352.95 0 1 0 10997.3 1.2 0 5020.33
7440.4 0 3 0 10997.3 1.3 0 3141.33
7478.85 0 0 0 10997.3 1.2 0 1707.33
7507.7 0 1 0 10997.3 1.25 0 1248.33
7510.15 0 1 0 10997.3 1.25 0 3310.33
7508.95 0 1 0 10997.3 1.25 1 3107.33
7667.65 0 0 0 10997.3 1.2 0 588.333
7619.65 0 1 0 10997.3 1.25 0 3517.33
7539.7 0 2 0 10997.3 1.3 1 4815.33
7641.2 0 1 0 10997.3 1.3 0 4646.33
7769 0 1 0 10997.3 1.3 0 -40.6667
7855.4 0 2 0 10997.3 1.35 2 2505.33
7890.5 0 1 0 10997.3 1.3 0 3827.33
7940.95 0 1 0 10997.3 1.2 1 3642.33
7950.1 0 1 0 10997.3 1.2 1 4407.33
7818.45 0 1 0 10997.3 1.2 2 4936.33
7842.65 0 1 0 10997.3 1.2 0 3430.33
7933.75 0 1 0 10997.3 1.25 1 2462.33
7873.75 0 1 0 10997.3 1.1 1 5267.33
7952.4 0 1 0 10997.3 1.1 1 -641.667
8231.85 0 2 0 10997.3 1.15 2 -568.667
8417.25 0 3 0 10997.3 1.15 0 -566.667
8550.6 0 1 0 10997.3 1.2 0 -959.667
8395.7 0 1 0 10997.3 1.2 0 4346.33
8254.25 0 0 0 10997.3 1.15 1 6139.33
8232.1 0 2 0 10997.3 1.2 4 3550.33
8083.85 0 4 0 10997.3 1.4 0 3553.33
8156.7 0 5 0 10997.3 1.6 0 2060.33
8124.25 0 1 0 10997.3 1.55 1 5464.33
8240.7 0 0 0 10997.3 1.5 0 2317.33
7760.95 0 1 0 10997.3 1.5 1 9554.33
7336.35 0 1 0 10997.3 1.45 0 10997.3
7254.15 0 5 0 10997.3 1.65 1 5471.33
7335.25 0 5 0 10997.3 1.85 0 2020.33
7286.6 0 5 0 10997.3 2.05 0 5380.33
7247.75 0 3 0 10997.3 2.15 0 5713.33
7329.6 0 5 0 10997.3 2.35 1 1793.33
7187.55 0 6 0 10997.3 2.6 0 5303.33
7114 0 5 0 10997.3 2.8 1 6738.33
6805.9 0 5 0 10997.3 3 0 5520.33
6597.25 0 5 0 10997.3 3.15 1 3604.33
6349.05 0 2 0 10997.3 3.1 1 4397.33
6002.9 0 4 0 10997.3 3.25 0 5963.33
6164.45 0 3 0 10997.3 3.35 1 1115.33
6428.6 0 1 0 10997.3 3.4 1 856.333
6660.2 0 3 0 10997.3 3.45 1 -1081.67
6874.3 0 6 0 10997.3 3.55 1 -728.667
7008.9 0 5 0 10997.3 3.55 0 -631.667
7227.65 0 6 0 10997.3 3.8 1 1089.33
7210.8 0 5 0 10997.3 4.05 0 2654.33
7460.85 0 6 0 10997.3 4.3 0 4553.33
7750.1 0 5 0 10997.3 4.5 0 5212.33
7837.6 0 6 0 10997.3 4.55 0 3721.33
7695.3 0 5 0 10997.3 4.55 0 4866.33
7761.85 0 6 0 10997.3 4.6 0 4049.33
8093.1 0 5 0 10997.3 4.7 1 -911.667
8090.85 0 5 0 10997.3 4.7 1 1838.33
8132.2 0 4 0 10997.3 4.6 0 4476.33
8136.8 0 5 0 10997.3 4.6 0 6646.33
8095.2 0 5 0 10997.3 4.6 0 6352.33
7991.75 0 6 0 10997.3 4.65 1 5673.33
7927.15 0 1 0 10997.3 4.6 0 5689.33
8072.65 0 3 0 10997.3 4.55 1 3053.33
8126.4 0 5 0 10997.3 4.65 0 40.3333
8131.85 0 5 0 10997.3 4.85 0 747.333
8024.65 0 6 0 10997.3 5 0 1062.33
8012.75 0 6 0 10997.3 5 0 -490.667
7870.8 0 5 0 10997.3 5 1 2207.33
7840.25 0 6 0 10997.3 5 0 1700.33
7698.4 0 6 0 10997.3 5.05 0 5491.33
7538.4 0 6 0 10997.3 5.05 1 7753.33
7653.3 0 6 0 10997.3 5.1 0 2914.33
7632.45 0 5 0 10997.3 5.05 0 4138.33
7684.75 0 6 0 10997.3 5.1 1 3820.33
7693.3 0 5 0 10997.3 5.05 5 3878.33
7426.5 0 4 0 10997.3 5 1 4424.33
7239.45 0 6 0 10997.3 5.05 0 5579.33
7256.8 0 6 0 10997.3 5.15 0 4129.33
7443.4 0 3 0 10997.3 5.05 0 2914.33
7612.9 0 0 0 10997.3 4.8 0 2962.33
7794.65 0 5 0 10997.3 4.75 2 2038.33
7949.6 0 5 0 10997.3 4.95 1 2590.33
7864.8 0 5 0 10997.3 5.05 0 4749.33
7602.45 0 6 0 10997.3 5.1 0 5287.33
7427.45 0 6 0 10997.3 5.15 0 4247.33
7332.35 0 5 0 10997.3 5.1 0 2964.33
7237.65 0 6 0 10997.3 5.1 0 1403.33
7398.9 0 6 0 10997.3 5.15 0 -1017.67
7414.3 0 6 0 10997.3 5.15 0 1392.33
7574.75 0 5 0 10997.3 5.1 3 2282.33
7931.25 0 2 0 10997.3 4.9 0 623.333
7895.45 0 6 0 10997.3 4.9 0 3630.33
7873.2 0 5 0 10997.3 4.9 0 4583.33
7756.35 0 6 0 10997.3 4.9 0 6157.33
7817.5 0 5 0 10997.3 4.9 0 2655.33
7904.25 0 5 0 10997.3 4.95 2 2689.33
8010.5 0 5 0 10997.3 4.9 0 3454.33
8119.5 0 5 0 10997.3 4.85 0 1949.33
7966.05 0 5 0 10997.3 4.95 0 5983.33
7930.35 0 5 0 10997.3 5.2 0 3676.33
7894.2 0 4 0 10997.3 5.15 0 2761.33
7835.1 0 5 0 10997.3 5.15 1 3772.33
7900.1 0 5 0 10997.3 5.15 0 3449.33
7936.6 0 5 0 10997.3 5.1 1 4557.33
7952.45 0 5 0 10997.3 5.05 0 3930.33
7840.4 0 5 0 10997.3 5.05 0 5205.33
7706.55 0 4 0 10997.3 4.95 1 4080.33
7578 0 5 0 10997.3 4.9 1 1553.33
7531 0 5 0 10997.3 4.85 0 2332.33
7382.95 0 5 0 10997.3 4.85 0 5243.33
7126 0 5 0 10997.3 5 1 5762.33
7231.45 0 3 0 10997.3 4.85 1 1521.33
7402.4 0 1 0 10997.3 4.65 0 1164.33
7640.3 0 5 0 10997.3 4.6 0 1399.33
7560.75 0 6 0 10997.3 4.65 0 4246.33
7413.65 0 5 0 10997.3 4.65 0 5631.33
7439.9 0 5 0 10997.3 4.65 0 2929.33
7270.55 0 6 0 10997.3 4.7 0 5336.33
7565.1 0 6 0 10997.3 4.75 1 92.3333
7809.35 0 6 0 10997.3 4.8 0 -1208.67
7946.05 0 5 0 10997.3 4.85 1 27.3333
8006.2 0 6 0 10997.3 4.9 0 2569.33
7904.3 0 6 0 10997.3 4.95 0 5487.33
7994.95 0 6 0 10997.3 5 0 2744.33
8132.4 0 6 0 10997.3 5.05 1 1181.33
8063 0 5 0 10997.3 5.05 0 6593.33
8280.45 0 5 0 10997.3 5.1 2 -268.667
8152.6 0 5 0 10997.3 5.1 0 4110.33
8053.3 0 3 0 10997.3 5 1 4318.33
8037.7 0 6 0 10997.3 5.05 0 5555.33
8217.3 0 5 0 10997.3 5.05 0 2170.33
8080.75 0 5 0 10997.3 5.15 0 4252.33
7845.25 0 5 0 10997.3 5.35 0 5874.33
7837.95 0 5 0 10997.3 5.35 1 1545.33
8056.5 0 5 0 10997.3 5.3 0 -124.667
8239.95 0 5 0 10997.3 5.3 1 1962.33
8381.5 0 5 0 10997.3 5.3 0 98.3333
8626 0 5 0 10997.3 5.3 0 446.333
8596.95 0 6 0 10997.3 5.25 0 673.333
8300.3 0 6 0 10997.3 5.25 1 4724.33
8131.3 0 5 0 10997.3 5.25 0 3407.33
7973.2 0 6 0 10997.3 5.25 0 5731.33
8095.45 0 6 0 10997.3 5.25 1 3042.33
8055.5 0 6 0 10997.3 5.25 1 3543.33
7928.45 0 5 0 10997.3 5.2 0 3722.33
8045.5 0 5 0 10997.3 5.2 0 4252.33
7862.3 0 6 0 10997.3 5.25 0 3395.33
7746.85 0 5 0 10997.3 5.25 0 6419.33
7771.4 0 5 0 10997.3 5.35 2 3827.33
7866 0 6 0 10997.3 5.35 0 3663.33
7775.15 0 6 0 10997.3 5.4 0 3987.33
7915.35 0 6 0 10997.3 5.45 1 1448.33
8014.6 0 4 0 10997.3 5.4 0 3889.33
7880.65 0 2 0 10997.3 5.25 0 4224.33
7840.6 0 1 0 10997.3 5.05 1 676.333
7909.35 0 0 0 10997.3 4.8 0 587.333
7767.15 0 5 0 10997.3 4.8 0 2942.33
7655.3 0 6 0 10997.3 4.8 0 2683.33
7310.55 0 5 0 10997.3 4.8 0 7568.33
7426.4 0 6 0 10997.3 4.8 0 2407.33
7486.85 0 5 0 10997.3 4.8 1 2198.33
7626.85 0 5 0 10997.3 4.75 0 2931.33
7543.25 0 5 0 10997.3 4.7 1 4714.33
7498.4 0 5 0 10997.3 4.65 0 4440.33
7470.8 0 6 0 10997.3 4.7 0 4274.33
7441.55 0 5 0 10997.3 4.7 0 4837.33
7360 0 5 0 10997.3 4.65 0 5026.33
7479.05 0 6 0 10997.3 4.7 1 4038.33
7493.75 0 5 0 10997.3 4.7 0 3533.33
7502.45 0 6 0 10997.3 4.7 0 3489.33
7462.9 0 4 0 10997.3 4.6 0 4778.33
7370.4 0 1 0 10997.3 4.35 1 3298.33
7425.7 0 1 0 10997.3 4.2 2 2783.33
7360.25 0 1 0 10997.3 4.15 0 5533.33
7349.3 0 0 0 10997.3 4.1 1 895.333
7198.2 0 1 0 10997.3 4.15 0 3609.33
7158.75 0 1 0 10997.3 3.95 0 3731.33
7180.6 0 0 0 10997.3 3.65 0 2246.33
7470 0 1 0 10997.3 3.45 0 1780.33
7622.15 0 5 0 10997.3 3.4 0 -635.667
7711.3 0 6 0 10997.3 3.45 1 415.333
7654.4 0 2 0 10997.3 3.3 0 4069.33
7894.85 0 4 0 10997.3 3.25 0 -94.6667
7949.35 0 5 0 10997.3 3.25 0 3350.33
7993.95 0 6 0 10997.3 3.25 0 3382.33
7954.05 0 5 0 10997.3 3.25 0 5635.33
8031.35 0 5 0 10997.3 3.25 2 3480.33
8067.4 0 3 0 10997.3 3.1 0 3317.33
8120.85 0 1 0 10997.3 2.9 1 2464.33
8151.65 0 0 0 10997.3 2.6 0 2873.33
8127.75 0 3 0 10997.3 2.55 2 5256.33
8024.7 0 5 0 10997.3 2.75 0 5359.33
7917.6 0 6 0 10997.3 3 0 4925.33
7929.15 0 5 0 10997.3 3.2 0 5302.33
7885.85 0 6 0 10997.3 3.5 0 1761.33
7796.2 0 5 0 10997.3 3.7 0 5402.33
7766.2 0 5 0 10997.3 3.9 0 4331.33
7754.45 0 6 0 10997.3 4.2 0 2481.33
7715.8 0 5 0 10997.3 4.4 0 2553.33
7506.6 0 6 0 10997.3 4.45 0 3548.33
7243.65 0 5 0 10997.3 4.4 1 5674.33
7213.65 0 3 0 10997.3 4.45 0 4669.33
7194.55 0 6 0 10997.3 4.55 2 287.333
7206.15 0 5 0 10997.3 4.55 0 3118.33
7385.1 0 5 0 10997.3 4.5 0 -196.667
7616.35 0 6 0 10997.3 4.55 0 1010.33
7699.85 0 3 0 10997.3 4.45 1 1810.33
7710.1 0 6 0 10997.3 4.6 0 3112.33
7698.75 0 5 0 10997.3 4.8 2 2691.33
7697.75 0 5 0 10997.3 5.05 0 2893.33
7694.45 0 2 0 10997.3 5 0 5322.33
7855.9 0 1 0 10997.3 4.8 0 2130.33
7906 0 1 0 10997.3 4.55 0 3923.33
7926.6 0 2 0 10997.3 4.4 0 4890.33
7779.75 0 0 0 10997.3 4.1 0 4698.33
7980.95 0 1 0 10997.3 3.9 1 1378.33
8120.35 0 1 0 10997.3 3.7 1 1543.33
8142.3 0 0 0 10997.3 3.4 1 2042.33
8159.6 0 1 0 10997.3 3.2 0 2207.33
8043.85 0 0 0 10997.3 2.9 1 5863.33
8174.3 0 1 0 10997.3 2.7 0 3065.33
8223.15 0 1 0 10997.3 2.6 0 3692.33
8101.3 0 0 0 10997.3 2.3 2 2724.33
8088.35 0 1 0 10997.3 2.1 2 3377.33
7780.7 0 0 0 10997.3 1.85 0 5956.33
7581.45 0 1 0 10997.3 1.6 0 4995.33
7449.6 0 0 0 10997.3 1.45 1 4447.33
7423.95 0 1 0 10997.3 1.2 2 3625.33
7418.85 0 0 0 10997.3 0.95 0 2793.33
7378.9 0 1 0 10997.3 0.75 0 3692.33
7500.2 0 1 0 10997.3 0.7 0 2896.33
7455.6 0 1 0 10997.3 0.7 0 3022.33
7477.7 0 1 0 10997.3 0.7 0 3481.33
7436.1 0 1 0 10997.3 0.65 0 5722.33
7524.3 0 0 0 10997.3 0.65 0 2934.33
7498.8 0 1 0 10997.3 0.65 2 1888.33
7530.85 0 1 0 10997.3 0.65 0 902.333
7647 0 3 0 10997.3 0.8 0 -280.667
7764.45 0 2 0 10997.3 0.85 1 -141.667
7876.05 0 2 0 10997.3 0.95 0 3631.33
7809.45 0 1 0 10997.3 0.95 0 4397.33
7722.9 0 2 0 10997.3 1 0 5423.33
7585.6 0 2 0 10997.3 1.1 0 5470.33
7630.65 0 2 0 10997.3 1.15 0 2476.33
7763.95 0 1 0 10997.3 1.2 0 3290.33
7944.9 0 2 0 10997.3 1.25 2 1376.33
7924.1 0 2 0 10997.3 1.35 0 4863.33
7848.55 0 2 0 10997.3 1.4 0 5136.33
7872.35 0 2 0 10997.3 1.5 0 2317.33
8046.15 0 2 0 10997.3 1.55 0 216.333
8125 0 2 0 10997.3 1.6 0 1319.33
8208.9 0 2 0 10997.3 1.65 0 1344.33
8341.85 0 2 0 10997.3 1.7 1 822.333
8543.95 0 2 0 10997.3 1.75 0 1680.33
8425.25 0 2 0 10997.3 1.85 0 5308.33
8346.7 0 2 0 10997.3 1.9 0 3459.33
8096.8 0 2 0 10997.3 1.95 0 5900.33
7798.85 0 2 0 10997.3 1.9 0 5678.33
7474.5 0 2 0 10997.3 1.9 0 6345.33
7449 0 2 0 10997.3 1.9 1 4141.33
7398.6 0 1 0 10997.3 1.9 0 5405.33
7413.2 0 2 0 10997.3 1.9 0 5131.33
7374.7 0 1 0 10997.3 1.85 0 6240.33
7232.5 0 2 0 10997.3 1.85 0 5320.33
7276.5 0 2 0 10997.3 1.9 0 2410.33
7198.3 0 2 0 10997.3 1.9 0 2940.33
7302 0 2 0 10997.3 1.9 0 2789.33
7504.3 0 2 0 10997.3 1.9 0 1090.33
7633.05 0 2 0 10997.3 1.9 0 -257.667
7608.05 0 2 0 10997.3 1.9 0 716.333
7542.3 0 2 0 10997.3 1.9 0 2634.33
7367.4 0 2 0 10997.3 1.9 0 4842.33
7191.1 0 2 0 10997.3 1.9 0 4348.33
7137.85 0 2 0 10997.3 1.9 1 2745.33
7173.55 0 2 0 10997.3 1.9 0 4594.33
7244.65 0 2 0 10997.3 1.9 0 2037.33
7255.7 0 1 0 10997.3 1.85 1 5679.33
7416.45 0 2 0 10997.3 1.85 2 2463.33
7586.3 0 2 0 10997.3 1.85 0 2948.33
7618.3 0 2 0 10997.3 1.85 1 3501.33
7747.25 0 2 0 10997.3 1.9 0 2826.33
7771.45 0 1 0 10997.3 1.85 0 4647.33
7777 0 2 0 10997.3 1.9 0 6129.33
7828 0 2 0 10997.3 1.9 0 4300.33
7733.5 0 0 1 10997.3 1.8 0 0
