638 0 0 0 0 0 11716 0
1001.5 0 0 0 0 451 15058 0
1230 0 0 0 0 875 14693.3 0
1485 0 0 0 0 900 14789.8 0
1798.2 0 0 0 0 773 15051.8 0
2039.67 0 0 0 0 643 15096.5 0
2258.57 0 0 0 0 557 15022.6 0
2495 0 0 0 0 538 15018.2 0
2676.89 0 0 0 0 502 14807.9 0
2867.8 0 0 0 0 484 14661.7 0
3166.73 0 0 0 0 611 14751.8 0
3521.58 0 0 0 0 695 14870 0
3846.77 0 0 0 0 483 14871.2 0
4144.86 0 0 0 0 2 14725.9 0
4414.33 0 0 0 0 597 14531.5 0
4697.56 0 0 0 0 646 14340.7 0
5010.35 0 0 0 0 656 14151.6 0
5241.22 0 0 0 0 579 13894.8 0
5494.47 0 0 0 0 630 13634.5 0
5729.7 0 0 0 0 628 13375.8 0
6237.9 0 0 0 0 662 13192.9 0
6673.65 0 0 0 0 595 12597 0
7140.2 0 0 0 0 653 12228.5 0
7567.75 0 0 0 0 621 11779 0
7988.5 0 0 0 0 621 11254.5 0
8345.25 0 0 0 0 576 10720.3 0
8713.05 0 0 0 0 616 10225.8 0
9050.25 0 0 0 0 604 9689.25 0
9425.9 0 0 0 0 637 9235.55 0
9700.65 0 0 0 0 551 8716.6 0
9559.1 1 0 0 0 1841 7981.05 0
9187.85 0 0 0 3766.93 2688 7172.55 3766.93
8800.4 0 0 0 3766.93 2395 6428.25 3766.93
8399.4 0 0 0 3766.93 1981 5786.4 3766.93
7990.05 0 0 0 3766.93 1962 5195.95 3766.93
7542.75 0 0 0 3766.93 1941 4622 3766.93
7042 0 0 0 3766.93 2144 4065.65 3766.93
6583.7 0 0 0 3766.93 2049 3589.2 3766.93
6081.05 0 0 0 3766.93 1958 3141.75 3766.93
5571.1 0 0 0 3766.93 1892 2718.75 3766.93
5031 0 0 0 3766.93 1788 2315.85 3766.93
4527 0 0.4 0 3766.93 30 1991.75 3766.93
3976.1 0 0.75 0 3766.93 7 1662.1 3766.93
3436.05 0 1.15 0 3766.93 8 1357.55 3766.93
2862.75 0 1.5 0 3766.93 7 1077.05 3766.93
2343.65 0 1.9 0 3766.93 8 845.3 3766.93
1797.25 0 2.25 0 3766.93 7 610.85 3766.93
1252.55 0 2.65 0 3766.93 8 398 3766.93
670.3 0 3 0 3766.93 7 195.45 3766.93
166.25 0 3.4 0 3766.93 8 47.1 3766.93
0 0 3.75 0 3766.93 7 0 3766.93
0 0 4.15 0 3766.93 8 0 3766.93
0 0 4.5 0 3766.93 7 0 3766.93
0 0 4.9 0 3766.93 8 0 3766.93
0 0 5.25 0 3766.93 7 0 3766.93
0 0 5.65 0 3766.93 8 0 3766.93
0 0 6 0 3766.93 7 0 3766.93
0 0 6.4 0 3766.93 8 0 3766.93
0 0 6.75 0 3766.93 7 0 3766.93
0 0 7.15 0 3766.93 8 0 3766.93
0 0 7.5 0 3766.93 7 0 3766.93
0 0 7.5 0 3766.93 8 0 3766.93
0 0 7.55 0 3766.93 8 0 3766.93
0 0 7.5 0 3766.93 7 0 3766.93
0 0 7.55 0 3766.93 8 0 3766.93
0 0 7.5 0 3766.93 7 0 3766.93
0 0 7.55 0 3766.93 8 0 3766.93
0 0 7.5 0 3766.93 7 0 3766.93
0 0 7.55 0 3766.93 8 0 3766.93
0 0 7.5 0 3766.93 7 0 3766.93
0 0 7.55 0 3766.93 8 0 3766.93
0 0 7.5 0 3766.93 7 0 3766.93
0 0 7.55 0 3766.93 8 0 3766.93
0 0 7.5 0 3766.93 7 0 3766.93
0 0 7.55 0 3766.93 8 0 3766.93
0 0 7.5 0 3766.93 7 0 3766.93
0 0 7.55 0 3766.93 8 0 3766.93
0 0 7.5 0 3766.93 7 0 3766.93
0 0 7.55 0 3766.93 8 0 3766.93
0 0 7.5 0 3766.93 7 0 3766.93
0 0 7.55 0 3766.93 8 0 3766.93
0 0 7.5 0 3766.93 7 0 3766.93
0 0 7.5 0 3766.93 8 0 3766.93
0 0 7.55 0 3766.93 8 0 3766.93
0 0 7.5 0 3766.93 7 0 3766.93
0 0 7.55 0 3766.93 8 0 3766.93
0 0 7.5 0 3766.93 7 0 3766.93
0 0 7.55 0 3766.93 8 0 3766.93
0 0 7.5 0 3766.93 7 0 3766.93
0 0 7.55 0 3766.93 8 0 3766.93
0 0 7.5 0 3766.93 7 0 3766.93
0 0 7.55 0 3766.93 8 0 3766.93
0 0 7.5 0 3766.93 7 0 3766.93
0 0 7.55 0 3766.93 8 0 3766.93
0 0 7.5 0 3766.93 7 0 3766.93
0 0 7.55 0 3766.93 8 0 3766.93
0 0 7.5 0 3766.93 7 0 3766.93
0 0 7.55 0 3766.93 8 0 3766.93
0 0 7.5 0 3766.93 7 0 3766.93
0 0 7.55 0 3766.93 8 0 3766.93
0 0 7.55 0 3766.93 8 0 3766.93
0 0 7.55 0 3766.93 7 0 3766.93
0 0 7.55 0 3766.93 8 0 3766.93
0 0 7.5 0 3766.93 7 0 3766.93
0 0 7.55 0 3766.93 8 0 3766.93
0 0 7.5 0 3766.93 7 0 3766.93
0 0 7.55 0 3766.93 8 0 3766.93
0 0 7.5 0 3766.93 7 0 3766.93
0 0 7.55 0 3766.93 8 0 3766.93
0 0 7.5 0 3766.93 7 0 3766.93
0 0 7.55 0 3766.93 8 0 3766.93
0 0 7.5 0 3766.93 7 0 3766.93
0 0 7.55 0 3766.93 8 0 3766.93
0 0 7.5 0 3766.93 7 0 3766.93
0 0 7.55 0 3766.93 8 0 3766.93
0 0 7.55 0 3766.93 8 0 3766.93
0 0 7.55 0 3766.93 7 0 3766.93
0 0 7.55 0 3766.93 8 0 3766.93
0 0 7.55 0 3766.93 7 0 3766.93
0 0 7.55 0 3766.93 8 0 3766.93
0 0 7.5 0 3766.93 7 0 3766.93
0 0 7.55 0 3766.93 8 0 3766.93
0 0 7.5 0 3766.93 7 0 3766.93
0 0 7.55 0 3766.93 8 0 3766.93
0 0 7.5 0 3766.93 7 0 3766.93
0 0 7.55 0 3766.93 8 0 3766.93
0 0 7.5 0 3766.93 7 0 3766.93
0 0 7.55 0 3766.93 8 0 3766.93
0 0 7.5 0 3766.93 7 0 3766.93
0 0 7.55 0 3766.93 8 0 3766.93
0 0 7.5 0 3766.93 7 0 3766.93
0 0 7.55 0 3766.93 8 0 3766.93
0 0 7.55 0 3766.93 8 0 3766.93
0 0 7.55 0 3766.93 7 0 3766.93
0 0 7.55 0 3766.93 9 0 3766.93
0 0 7.5 0 3766.93 7 0 3766.93
0 0 7.55 0 3766.93 8 0 3766.93
0 0 7.5 0 3766.93 7 0 3766.93
0 0 7.55 0 3766.93 8 0 3766.93
0 0 7.5 0 3766.93 7 0 3766.93
0 0 7.55 0 3766.93 8 0 3766.93
0 0 7.5 0 3766.93 7 0 3766.93
0 0 7.55 0 3766.93 8 0 3766.93
0 0 7.5 0 3766.93 7 0 3766.93
0 0 7.55 0 3766.93 8 0 3766.93
0 0 7.5 0 3766.93 7 0 3766.93
0 0 7.55 0 3766.93 8 0 3766.93
0 0 7.5 0 3766.93 7 0 3766.93
0 0 7.55 0 3766.93 8 0 3766.93
0 0 7.55 0 3766.93 7 0 3766.93
0 0 7.55 0 3766.93 8 0 3766.93
0 0 7.55 0 3766.93 8 0 3766.93
0 0 7.5 0 3766.93 7 0 3766.93
0 0 7.55 0 3766.93 8 0 3766.93
0 0 7.5 0 3766.93 7 0 3766.93
0 0 7.55 0 3766.93 8 0 3766.93
0 0 7.5 0 3766.93 7 0 3766.93
0 0 7.55 0 3766.93 8 0 3766.93
0 0 7.5 0 3766.93 7 0 3766.93
0 0 7.55 0 3766.93 8 0 3766.93
0 0 7.5 0 3766.93 7 0 3766.93
0 0 7.55 0 3766.93 8 0 3766.93
0 0 7.5 0 3766.93 7 0 3766.93
0 0 7.55 0 3766.93 8 0 3766.93
0 0 7.55 0 3766.93 8 0 3766.93
0 0 7.55 0 3766.93 7 0 3766.93
0 0 7.55 0 3766.93 8 0 3766.93
0 0 7.55 0 3766.93 7 0 3766.93
0 0 7.55 0 3766.93 8 0 3766.93
0 0 7.5 0 3766.93 7 0 3766.93
0 0 7.55 0 3766.93 8 0 3766.93
0 0 7.5 0 3766.93 7 0 3766.93
0 0 7.55 0 3766.93 8 0 3766.93
0 0 7.5 0 3766.93 7 0 3766.93
0 0 7.55 0 3766.93 8 0 3766.93
0 0 7.5 0 3766.93 7 0 3766.93
0 0 7.55 0 3766.93 8 0 3766.93
0 0 7.5 0 3766.93 7 0 3766.93
0 0 7.55 0 3766.93 8 0 3766.93
0 0 7.55 0 3766.93 8 0 3766.93
0 0 7.55 0 3766.93 7 0 3766.93
0 0 7.55 0 3766.93 8 0 3766.93
0 0 7.55 0 3766.93 7 0 3766.93
0 0 7.55 0 3766.93 9 0 3766.93
0 0 7.5 0 3766.93 7 0 3766.93
0 0 7.55 0 3766.93 8 0 3766.93
0 0 7.5 0 3766.93 7 0 3766.93
0 0 7.55 0 3766.93 8 0 3766.93
0 0 7.5 0 3766.93 7 0 3766.93
0 0 7.55 0 3766.93 8 0 3766.93
0 0 7.5 0 3766.93 7 0 3766.93
0 0 7.55 0 3766.93 8 0 3766.93
0 0 7.5 0 3766.93 7 0 3766.93
0 0 7.55 0 3766.93 8 0 3766.93
0 0 7.5 0 3766.93 7 0 3766.93
0 0 7.55 0 3766.93 8 0 3766.93
0 0 7.55 0 3766.93 8 0 3766.93
0 0 7.55 0 3766.93 7 0 3766.93
0 0 7.55 0 3766.93 8 0 3766.93
0 0 7.5 0 3766.93 7 0 3766.93
0 0 7.55 0 3766.93 8 0 3766.93
0 0 7.5 0 3766.93 7 0 3766.93
0 0 7.55 0 3766.93 8 0 3766.93
0 0 7.5 0 3766.93 7 0 3766.93
0 0 7.55 0 3766.93 8 0 3766.93
0 0 7.5 0 3766.93 8 0 3766.93
0 0 7.55 0 3766.93 8 0 3766.93
0 0 7.5 0 3766.93 7 0 3766.93
0 0 7.55 0 3766.93 8 0 3766.93
0 0 7.5 0 3766.93 7 0 3766.93
0 0 7.55 0 3766.93 9 0 3766.93
0 0 7.55 0 3766.93 8 0 3766.93
0 0 7.55 0 3766.93 7 0 3766.93
0 0 7.55 0 3766.93 8 0 3766.93
0 0 7.55 0 3766.93 7 0 3766.93
0 0 7.55 0 3766.93 8 0 3766.93
0 0 7.5 0 3766.93 7 0 3766.93
0 0 7.55 0 3766.93 8 0 3766.93
0 0 7.5 0 3766.93 7 0 3766.93
0 0 7.55 0 3766.93 8 0 3766.93
0 0 7.5 0 3766.93 7 0 3766.93
0 0 7.55 0 3766.93 8 0 3766.93
0 0 7.5 0 3766.93 7 0 3766.93
0 0 7.55 0 3766.93 8 0 3766.93
0 0 7.5 0 3766.93 7 0 3766.93
0 0 7.55 0 3766.93 8 0 3766.93
0 0 7.55 0 3766.93 7 0 3766.93
0 0 7.55 0 3766.93 8 0 3766.93
0 0 7.55 0 3766.93 8 0 3766.93
0 0 7.55 0 3766.93 7 0 3766.93
0 0 7.55 0 3766.93 8 0 3766.93
0 0 7.5 0 3766.93 7 0 3766.93
0 0 7.55 0 3766.93 8 0 3766.93
0 0 7.5 0 3766.93 7 0 3766.93
0 0 7.55 0 3766.93 8 0 3766.93
0 0 7.5 0 3766.93 7 0 3766.93
0 0 7.5 0 3766.93 7 0 3766.93
0 0 7.45 0 3766.93 7 0 3766.93
0 0 7.5 0 3766.93 8 0 3766.93
0 0 7.45 0 3766.93 7 0 3766.93
0 0 7.5 0 3766.93 8 0 3766.93
0 0 7.45 0 3766.93 7 0 3766.93
0 0 7.5 0 3766.93 8 0 3766.93
0 0 7.45 0 3766.93 7 0 3766.93
0 0 7.5 0 3766.93 8 0 3766.93
0 0 7.45 0 3766.93 7 0 3766.93
0 0 7.45 0 3766.93 8 0 3766.93
0 0 7.45 0 3766.93 7 0 3766.93
0 0 7.45 0 3766.93 8 0 3766.93
0 0 7.45 0 3766.93 7 0 3766.93
0 0 7.45 0 3766.93 8 0 3766.93
0 0 7.45 0 3766.93 7 0 3766.93
0 0 7.45 0 3766.93 8 0 3766.93
0 0 7.45 0 3766.93 7 0 3766.93
0 0 7.45 0 3766.93 8 0 3766.93
0 0 7.45 0 3766.93 7 0 3766.93
0 0 7.5 0 3766.93 8 0 3766.93
0 0 7.5 0 3766.93 7 0 3766.93
0 0 7.5 0 3766.93 8 0 3766.93
0 0 7.5 0 3766.93 7 0 3766.93
0 0 7.5 0 3766.93 8 0 3766.93
0 0 7.5 0 3766.93 7 0 3766.93
0 0 7.45 0 3766.93 7 0 3766.93
0 0 7.5 0 3766.93 8 0 3766.93
0 0 7.45 0 3766.93 7 0 3766.93
0 0 7.5 0 3766.93 8 0 3766.93
0 0 7.45 0 3766.93 7 0 3766.93
0 0 7.5 0 3766.93 8 0 3766.93
0 0 7.45 0 3766.93 7 0 3766.93
0 0 7.45 0 3766.93 7 0 3766.93
0 0 7.45 0 3766.93 8 0 3766.93
0 0 7.45 0 3766.93 7 0 3766.93
0 0 7.45 0 3766.93 8 0 3766.93
0 0 7.45 0 3766.93 7 0 3766.93
0 0 7.45 0 3766.93 8 0 3766.93
0 0 7.45 0 3766.93 7 0 3766.93
0 0 7.45 0 3766.93 8 0 3766.93
0 0 7.45 0 3766.93 7 0 3766.93
0 0 7.45 0 3766.93 8 0 3766.93
0 0 7.45 0 3766.93 7 0 3766.93
0 0 7.45 0 3766.93 8 0 3766.93
0 0 7.45 0 3766.93 7 0 3766.93
0 0 7.45 0 3766.93 7 0 3766.93
0 0 7.45 0 3766.93 8 0 3766.93
0 0 7.45 0 3766.93 7 0 3766.93
0 0 7.45 0 3766.93 8 0 3766.93
0 0 7.45 0 3766.93 7 0 3766.93
0 0 7.4 0 3766.93 7 0 3766.93
0 0 7.45 0 3766.93 8 0 3766.93
0 0 7.45 0 3766.93 7 0 3766.93
0 0 7.45 0 3766.93 8 0 3766.93
0 0 7.45 0 3766.93 7 0 3766.93
0 0 7.45 0 3766.93 9 0 3766.93
0 0 7.45 0 3766.93 7 0 3766.93
0 0 7.45 0 3766.93 8 0 3766.93
0 0 7.45 0 3766.93 7 0 3766.93
0 0 7.45 0 3766.93 8 0 3766.93
0 0 7.45 0 3766.93 7 0 3766.93
0 0 7.4 0 3766.93 7 0 3766.93
0 0 7.45 0 3766.93 8 0 3766.93
0 0 7.4 0 3766.93 7 0 3766.93
0 0 7.45 0 3766.93 8 0 3766.93
0 0 7.45 0 3766.93 7 0 3766.93
0 0 7.45 0 3766.93 8 0 3766.93
0 0 7.45 0 3766.93 7 0 3766.93
0 0 7.45 0 3766.93 8 0 3766.93
0 0 7.45 0 3766.93 7 0 3766.93
0 0 7.45 0 3766.93 7 0 3766.93
0 0 7.45 0 3766.93 8 0 3766.93
0 0 7.45 0 3766.93 7 0 3766.93
0 0 7.4 0 3766.93 7 0 3766.93
0 0 7.45 0 3766.93 8 0 3766.93
0 0 7.4 0 3766.93 7 0 3766.93
0 0 7.45 0 3766.93 8 0 3766.93
0 0 7.4 0 3766.93 7 0 3766.93
0 0 7.45 0 3766.93 8 0 3766.93
0 0 7.4 0 3766.93 7 0 3766.93
0 0 7.4 0 3766.93 7 0 3766.93
0 0 7.45 0 3766.93 8 0 3766.93
0 0 7.4 0 3766.93 7 0 3766.93
0 0 7.45 0 3766.93 8 0 3766.93
0 0 7.4 0 3766.93 8 0 3766.93
0 0 7.4 0 3766.93 7 0 3766.93
0 0 7.4 0 3766.93 8 0 3766.93
0 0 7.4 0 3766.93 7 0 3766.93
0 0 7.35 0 3766.93 7 0 3766.93
0 0 7.4 0 3766.93 8 0 3766.93
0 0 7.4 0 3766.93 7 0 3766.93
0 0 7.4 0 3766.93 8 0 3766.93
0 0 7.4 0 3766.93 7 0 3766.93
0 0 7.45 0 3766.93 8 0 3766.93
0 0 7.4 0 3766.93 7 0 3766.93
0 0 7.4 0 3766.93 7 0 3766.93
0 0 7.4 0 3766.93 8 0 3766.93
0 0 7.4 0 3766.93 7 0 3766.93
0 0 7.4 0 3766.93 8 0 3766.93
0 0 7.4 0 3766.93 7 0 3766.93
0 0 7.4 0 3766.93 7 0 3766.93
0 0 7.4 0 3766.93 8 0 3766.93
0 0 7.4 0 3766.93 7 0 3766.93
0 0 7.4 0 3766.93 8 0 3766.93
0 0 7.4 0 3766.93 7 0 3766.93
0 0 7.45 0 3766.93 8 0 3766.93
0 0 7.4 0 3766.93 7 0 3766.93
0 0 7.45 0 3766.93 8 0 3766.93
0 0 7.45 0 3766.93 7 0 3766.93
0 0 7.4 0 3766.93 7 0 3766.93
0 0 7.45 0 3766.93 8 0 3766.93
0 0 7.4 0 3766.93 7 0 3766.93
0 0 7.45 0 3766.93 8 0 3766.93
0 0 7.4 0 3766.93 7 0 3766.93
0 0 7.45 0 3766.93 8 0 3766.93
0 0 7.45 0 3766.93 7 0 3766.93
0 0 7.45 0 3766.93 8 0 3766.93
0 0 7.45 0 3766.93 7 0 3766.93
0 0 7.4 0 3766.93 7 0 3766.93
0 0 7.45 0 3766.93 8 0 3766.93
0 0 7.45 0 3766.93 7 0 3766.93
0 0 7.45 0 3766.93 8 0 3766.93
0 0 7.45 0 3766.93 7 0 3766.93
0 0 7.45 0 3766.93 8 0 3766.93
0 0 7.45 0 3766.93 7 0 3766.93
0 0 7.45 0 3766.93 8 0 3766.93
0 0 7.45 0 3766.93 7 0 3766.93
0 0 7.4 0 3766.93 7 0 3766.93
0 0 7.45 0 3766.93 8 0 3766.93
0 0 7.45 0 3766.93 7 0 3766.93
0 0 7.45 0 3766.93 8 0 3766.93
0 0 7.45 0 3766.93 7 0 3766.93
0 0 7.45 0 3766.93 8 0 3766.93
0 0 7.45 0 3766.93 7 0 3766.93
0 0 7.45 0 3766.93 8 0 3766.93
0 0 7.45 0 3766.93 7 0 3766.93
0 0 7.4 0 3766.93 7 0 3766.93
0 0 7.45 0 3766.93 8 0 3766.93
0 0 7.45 0 3766.93 7 0 3766.93
0 0 7.45 0 3766.93 8 0 3766.93
0 0 7.45 0 3766.93 7 0 3766.93
0 0 7.45 0 3766.93 8 0 3766.93
0 0 7.45 0 3766.93 7 0 3766.93
0 0 7.45 0 3766.93 8 0 3766.93
0 0 7.45 0 3766.93 7 0 3766.93
0 0 7.4 0 3766.93 7 0 3766.93
0 0 7.45 0 3766.93 8 0 3766.93
0 0 7.45 0 3766.93 7 0 3766.93
0 0 7.45 0 3766.93 8 0 3766.93
0 0 7.45 0 3766.93 7 0 3766.93
0 0 7.45 0 3766.93 8 0 3766.93
0 0 7.45 0 3766.93 7 0 3766.93
0 0 7.45 0 3766.93 8 0 3766.93
0 0 7.45 0 3766.93 7 0 3766.93
0 0 7.45 0 3766.93 8 0 3766.93
0 0 7.45 0 3766.93 7 0 3766.93
0 0 7.45 0 3766.93 7 0 3766.93
0 0 7.45 0 3766.93 8 0 3766.93
0 0 7.45 0 3766.93 7 0 3766.93
0 0 7.45 0 3766.93 8 0 3766.93
0 0 7.45 0 3766.93 7 0 3766.93
0 0 7.45 0 3766.93 8 0 3766.93
0 0 7.45 0 3766.93 7 0 3766.93
0 0 7.45 0 3766.93 8 0 3766.93
0 0 7.45 0 3766.93 7 0 3766.93
0 0 7.45 0 3766.93 7 0 3766.93
0 0 7.45 0 3766.93 8 0 3766.93
0 0 7.45 0 3766.93 7 0 3766.93
0 0 7.45 0 3766.93 8 0 3766.93
0 0 7.45 0 3766.93 7 0 3766.93
0 0 7.45 0 3766.93 8 0 3766.93
0 0 7.45 0 3766.93 7 0 3766.93
0 0 7.45 0 3766.93 8 0 3766.93
0 0 7.45 0 3766.93 7 0 3766.93
0 0 7.45 0 3766.93 8 0 3766.93
0 0 7.45 0 3766.93 7 0 3766.93
0 0 7.45 0 3766.93 7 0 3766.93
0 0 7.45 0 3766.93 8 0 3766.93
0 0 7.45 0 3766.93 7 0 3766.93
0 0 7.45 0 3766.93 8 0 3766.93
0 0 7.45 0 3766.93 7 0 3766.93
0 0 7.45 0 3766.93 8 0 3766.93
0 0 7.45 0 3766.93 7 0 3766.93
0 0 7.4 0 3766.93 7 0 3766.93
0 0 7.45 0 3766.93 8 0 3766.93
0 0 7.45 0 3766.93 7 0 3766.93
0 0 7.45 0 3766.93 8 0 3766.93
0 0 7.45 0 3766.93 7 0 3766.93
0 0 7.45 0 3766.93 8 0 3766.93
0 0 7.45 0 3766.93 7 0 3766.93
0 0 7.45 0 3766.93 8 0 3766.93
0 0 7.45 0 3766.93 7 0 3766.93
0 0 7.4 0 3766.93 7 0 3766.93
0 0 7.45 0 3766.93 8 0 3766.93
0 0 7.4 0 3766.93 7 0 3766.93
0 0 7.45 0 3766.93 8 0 3766.93
0 0 7.45 0 3766.93 7 0 3766.93
0 0 7.45 0 3766.93 8 0 3766.93
0 0 7.45 0 3766.93 7 0 3766.93
0 0 7.45 0 3766.93 8 0 3766.93
0 0 7.45 0 3766.93 7 0 3766.93
0 0 7.4 0 3766.93 7 0 3766.93
0 0 7.45 0 3766.93 8 0 3766.93
0 0 7.45 0 3766.93 7 0 3766.93
0 0 7.45 0 3766.93 8 0 3766.93
0 0 7.45 0 3766.93 7 0 3766.93
0 0 7.4 0 3766.93 7 0 3766.93
0 0 7.45 0 3766.93 9 0 3766.93
0 0 7.4 0 3766.93 7 0 3766.93
0 0 7.45 0 3766.93 8 0 3766.93
0 0 7.4 0 3766.93 7 0 3766.93
0 0 7.45 0 3766.93 8 0 3766.93
0 0 7.45 0 3766.93 7 0 3766.93
0 0 7.4 0 3766.93 7 0 3766.93
0 0 7.45 0 3766.93 8 0 3766.93
0 0 7.4 0 3766.93 7 0 3766.93
0 0 7.45 0 3766.93 8 0 3766.93
0 0 7.4 0 3766.93 7 0 3766.93
0 0 7.45 0 3766.93 8 0 3766.93
0 0 7.4 0 3766.93 7 0 3766.93
0 0 7.4 0 3766.93 7 0 3766.93
0 0 7.45 0 3766.93 8 0 3766.93
0 0 7.4 0 3766.93 7 0 3766.93
0 0 7.45 0 3766.93 8 0 3766.93
0 0 7.4 0 3766.93 7 0 3766.93
0 0 7.4 0 3766.93 7 0 3766.93
0 0 7.45 0 3766.93 8 0 3766.93
0 0 7.4 0 3766.93 7 0 3766.93
0 0 7.45 0 3766.93 8 0 3766.93
0 0 7.4 0 3766.93 7 0 3766.93
0 0 7.45 0 3766.93 8 0 3766.93
0 0 7.4 0 3766.93 7 0 3766.93
0 0 7.4 0 3766.93 7 0 3766.93
0 0 7.45 0 3766.93 8 0 3766.93
0 0 7.4 0 3766.93 7 0 3766.93
0 0 7.45 0 3766.93 8 0 3766.93
0 0 7.4 0 3766.93 7 0 3766.93
0 0 7.4 0 3766.93 7 0 3766.93
0 0 7.4 0 3766.93 8 0 3766.93
0 0 7.4 0 3766.93 7 0 3766.93
0 0 7.45 0 3766.93 8 0 3766.93
0 0 7.4 0 3766.93 7 0 3766.93
0 0 7.45 0 3766.93 8 0 3766.93
0 0 7.4 0 3766.93 7 0 3766.93
0 0 7.4 0 3766.93 7 0 3766.93
0 0 7.45 0 3766.93 8 0 3766.93
0 0 7.4 0 3766.93 7 0 3766.93
0 0 7.45 0 3766.93 9 0 3766.93
0 0 7.4 0 3766.93 7 0 3766.93
0 0 7.4 0 3766.93 7 0 3766.93
0 0 7.4 0 3766.93 8 0 3766.93
0 0 7.4 0 3766.93 7 0 3766.93
0 0 7.45 0 3766.93 8 0 3766.93
0 0 7.4 0 3766.93 8 0 3766.93
0 0 7.4 0 3766.93 7 0 3766.93
0 0 7.4 0 3766.93 8 0 3766.93
0 0 7.4 0 3766.93 7 0 3766.93
0 0 7.4 0 3766.93 7 0 3766.93
0 0 7.4 0 3766.93 8 0 3766.93
0 0 7.4 0 3766.93 7 0 3766.93
0 0 7.35 0 3766.93 7 0 3766.93
0 0 7.35 0 3766.93 7 0 3766.93
0 0 7.35 0 3766.93 8 0 3766.93
0 0 7.35 0 3766.93 7 0 3766.93
0 0 7.35 0 3766.93 7 0 3766.93
0 0 7.3 0 3766.93 7 0 3766.93
0 0 7.35 0 3766.93 8 0 3766.93
0 0 7.3 0 3766.93 7 0 3766.93
0 0 7.3 0 3766.93 7 0 3766.93
0 0 7.3 0 3766.93 7 0 3766.93
0 0 7.3 0 3766.93 8 0 3766.93
0 0 7.3 0 3766.93 7 0 3766.93
0 0 7.25 0 3766.93 7 0 3766.93
0 0 7.3 0 3766.93 8 0 3766.93
0 0 7.3 0 3766.93 7 0 3766.93
0 0 7.25 0 3766.93 7 0 3766.93
0 0 7.25 0 3766.93 8 0 3766.93
0 0 7.3 0 3766.93 8 0 3766.93
0 0 7.25 0 3766.93 7 0 3766.93
0 0 7.25 0 3766.93 7 0 3766.93
0 0 7.25 0 3766.93 7 0 3766.93
0 0 7.3 0 3766.93 8 0 3766.93
0 0 7.3 0 3766.93 8 0 3766.93
114.35 0 7.2 1 3766.93 330 34.85 0
627.75 0 6.85 0 3766.93 558 176.1 0
1130.65 0 6.5 0 3766.93 560 299.85 0
1600.7 0 6.1 0 3766.93 505 414.55 0
2082.8 0 5.75 0 3766.93 518 524.15 0
2586.4 0 5.4 0 3766.93 536 630.7 0
3077.55 0 5.05 0 3766.93 518 724.85 0
3559.6 0 4.65 0 3766.93 545 813.85 0
4108.65 0 4.3 0 3766.93 587 907.95 0
4640.05 0 3.95 0 3766.93 576 989.3 0
5107.35 0 3.55 0 3766.93 510 1058.15 0
5595.2 0 3.2 0 3766.93 526 1124.65 0
6117.45 0 2.85 0 3766.93 555 1191.05 0
6615.45 0 2.5 0 3766.93 524 1252.45 0
7116.6 0 2.1 0 3766.93 531 1309 0
7683.45 0 1.75 0 3766.93 611 1373.2 0
8228.3 0 1.4 0 3766.93 582 1426.75 0
8719.2 0 1.05 0 3766.93 597 1475.7 0
9205.75 0 0.65 0 3766.93 539 1517.35 0
9695.25 0 0.25 0 3766.93 553 1559.25 0
10079.4 0 0 0 3766.93 540 1565.85 0
10085.7 0 0 0 3766.93 558 1465.35 0
10111.5 0 0 0 3766.93 569 1382.35 0
10126.3 0 0 0 3766.93 574 1302.6 0
10203.1 0 0 0 3766.93 594 1228.9 0
10207.6 0 0 0 3766.93 538 1152.6 0
10179.5 0 0 0 3766.93 492 1085.1 0
10184.4 0 0 0 3766.93 522 1024.45 0
10136.9 0 0 0 3766.93 540 957.8 0
10086.5 0 0 0 3766.93 737 901.7 0
10052.1 0 0 0 3766.93 971 855.9 0
9564.25 0 0 0 3766.93 2660 789.4 0
9042 0 0 0 3766.93 102 723 0
