# xct_end restore_begin restore_segment restore_end page_write page_read
0	0	0	0	0	0	
0	0	0	0	0	0	
0	0	0	0	0	0	
0	0	0	0	0	0	
0	0	0	0	0	0	
0	0	0	0	0	0	
0	0	0	0	0	0	
0	0	0	0	0	0	
0	0	0	0	0	0	
0	0	0	0	0	0	
0	0	0	0	0	0	
0	0	0	0	0	0	
0	0	0	0	0	0	
0	0	0	0	0	0	
0	0	0	0	0	0	
0	0	0	0	0	0	
0	0	0	0	0	0	
638	0	0	0	0	11716	
1365	0	0	0	451	18400	
1687	0	0	0	875	13964	
2250	0	0	0	900	15079	
3051	0	0	0	773	16100	
3247	0	0	0	643	15320	
3572	0	0	0	557	14579	
4150	0	0	0	538	14988	
4132	0	0	0	502	13125	
4586	0	0	0	484	13346	
6156	0	0	0	611	15653	
7425	0	0	0	695	16170	
7749	0	0	0	483	14886	
8020	0	0	0	2	12837	
8187	0	0	0	597	11809	
8946	0	0	0	646	11479	
10015	0	0	0	656	11127	
9166	0	0	0	579	9529	
10053	0	0	0	630	8949	
10199	0	0	0	628	8460	
10802	0	0	0	662	8058	
10080	0	0	0	595	6482	
11018	0	0	0	653	6593	
10801	0	0	0	621	6091	
11466	0	0	0	621	5610	
10382	0	0	0	576	4635	
10928	0	0	0	616	4689	
10894	0	0	0	604	4257	
11645	0	0	0	637	4051	
10081	0	0	0	551	2967	
3325	1	0	0	1841	942	
0	0	0	0	2688	0	
0	0	0	0	2395	0	
0	0	0	0	1981	0	
0	0	0	0	1962	0	
0	0	0	0	1941	0	
0	0	0	0	2144	0	
0	0	0	0	2049	0	
0	0	0	0	1958	0	
0	0	0	0	1892	0	
0	0	0	0	1788	0	
0	0	8	0	30	0	
0	0	7	0	7	0	
0	0	8	0	8	0	
0	0	7	0	7	0	
0	0	8	0	8	0	
0	0	7	0	7	0	
0	0	8	0	8	0	
0	0	7	0	7	0	
0	0	8	0	8	0	
0	0	7	0	7	0	
0	0	8	0	8	0	
0	0	7	0	7	0	
0	0	8	0	8	0	
0	0	7	0	7	0	
0	0	8	0	8	0	
0	0	7	0	7	0	
0	0	8	0	8	0	
0	0	7	0	7	0	
0	0	8	0	8	0	
0	0	7	0	7	0	
0	0	8	0	8	0	
0	0	8	0	8	0	
0	0	7	0	7	0	
0	0	8	0	8	0	
0	0	7	0	7	0	
0	0	8	0	8	0	
0	0	7	0	7	0	
0	0	8	0	8	0	
0	0	7	0	7	0	
0	0	8	0	8	0	
0	0	7	0	7	0	
0	0	8	0	8	0	
0	0	7	0	7	0	
0	0	8	0	8	0	
0	0	7	0	7	0	
0	0	8	0	8	0	
0	0	7	0	7	0	
0	0	8	0	8	0	
0	0	7	0	7	0	
0	0	8	0	8	0	
0	0	7	0	7	0	
0	0	8	0	8	0	
0	0	8	0	8	0	
0	0	7	0	7	0	
0	0	8	0	8	0	
0	0	7	0	7	0	
0	0	8	0	8	0	
0	0	7	0	7	0	
0	0	8	0	8	0	
0	0	7	0	7	0	
0	0	8	0	8	0	
0	0	7	0	7	0	
0	0	8	0	8	0	
0	0	7	0	7	0	
0	0	8	0	8	0	
0	0	7	0	7	0	
0	0	8	0	8	0	
0	0	7	0	7	0	
0	0	8	0	8	0	
0	0	8	0	8	0	
0	0	7	0	7	0	
0	0	8	0	8	0	
0	0	7	0	7	0	
0	0	8	0	8	0	
0	0	7	0	7	0	
0	0	8	0	8	0	
0	0	7	0	7	0	
0	0	8	0	8	0	
0	0	7	0	7	0	
0	0	8	0	8	0	
0	0	7	0	7	0	
0	0	8	0	8	0	
0	0	7	0	7	0	
0	0	8	0	8	0	
0	0	8	0	8	0	
0	0	7	0	7	0	
0	0	8	0	8	0	
0	0	7	0	7	0	
0	0	8	0	8	0	
0	0	7	0	7	0	
0	0	8	0	8	0	
0	0	7	0	7	0	
0	0	8	0	8	0	
0	0	7	0	7	0	
0	0	8	0	8	0	
0	0	7	0	7	0	
0	0	8	0	8	0	
0	0	7	0	7	0	
0	0	8	0	8	0	
0	0	7	0	7	0	
0	0	8	0	8	0	
0	0	8	0	8	0	
0	0	7	0	7	0	
0	0	8	0	9	0	
0	0	7	0	7	0	
0	0	8	0	8	0	
0	0	7	0	7	0	
0	0	8	0	8	0	
0	0	7	0	7	0	
0	0	8	0	8	0	
0	0	7	0	7	0	
0	0	8	0	8	0	
0	0	7	0	7	0	
0	0	8	0	8	0	
0	0	7	0	7	0	
0	0	8	0	8	0	
0	0	7	0	7	0	
0	0	8	0	8	0	
0	0	8	0	7	0	
0	0	7	0	8	0	
0	0	8	0	8	0	
0	0	7	0	7	0	
0	0	8	0	8	0	
0	0	7	0	7	0	
0	0	8	0	8	0	
0	0	7	0	7	0	
0	0	8	0	8	0	
0	0	7	0	7	0	
0	0	8	0	8	0	
0	0	7	0	7	0	
0	0	8	0	8	0	
0	0	7	0	7	0	
0	0	8	0	8	0	
0	0	8	0	8	0	
0	0	7	0	7	0	
0	0	8	0	8	0	
0	0	7	0	7	0	
0	0	8	0	8	0	
0	0	7	0	7	0	
0	0	8	0	8	0	
0	0	7	0	7	0	
0	0	8	0	8	0	
0	0	7	0	7	0	
0	0	8	0	8	0	
0	0	7	0	7	0	
0	0	8	0	8	0	
0	0	7	0	7	0	
0	0	8	0	8	0	
0	0	8	0	8	0	
0	0	7	0	7	0	
0	0	8	0	8	0	
0	0	7	0	7	0	
0	0	8	0	9	0	
0	0	7	0	7	0	
0	0	8	0	8	0	
0	0	7	0	7	0	
0	0	8	0	8	0	
0	0	7	0	7	0	
0	0	8	0	8	0	
0	0	7	0	7	0	
0	0	8	0	8	0	
0	0	7	0	7	0	
0	0	8	0	8	0	
0	0	7	0	7	0	
0	0	8	0	8	0	
0	0	8	0	8	0	
0	0	7	0	7	0	
0	0	8	0	8	0	
0	0	7	0	7	0	
0	0	8	0	8	0	
0	0	7	0	7	0	
0	0	8	0	8	0	
0	0	7	0	7	0	
0	0	8	0	8	0	
0	0	7	0	8	0	
0	0	8	0	8	0	
0	0	7	0	7	0	
0	0	8	0	8	0	
0	0	7	0	7	0	
0	0	8	0	9	0	
0	0	8	0	8	0	
0	0	7	0	7	0	
0	0	8	0	8	0	
0	0	7	0	7	0	
0	0	8	0	8	0	
0	0	7	0	7	0	
0	0	8	0	8	0	
0	0	7	0	7	0	
0	0	8	0	8	0	
0	0	7	0	7	0	
0	0	8	0	8	0	
0	0	7	0	7	0	
0	0	8	0	8	0	
0	0	7	0	7	0	
0	0	8	0	8	0	
0	0	8	0	7	0	
0	0	7	0	8	0	
0	0	8	0	8	0	
0	0	7	0	7	0	
0	0	8	0	8	0	
0	0	7	0	7	0	
0	0	8	0	8	0	
0	0	7	0	7	0	
0	0	8	0	8	0	
0	0	7	0	7	0	
0	0	7	0	7	0	
0	0	7	0	7	0	
0	0	8	0	8	0	
0	0	7	0	7	0	
0	0	8	0	8	0	
0	0	7	0	7	0	
0	0	8	0	8	0	
0	0	7	0	7	0	
0	0	8	0	8	0	
0	0	7	0	7	0	
0	0	8	0	8	0	
0	0	7	0	7	0	
0	0	8	0	8	0	
0	0	7	0	7	0	
0	0	8	0	8	0	
0	0	7	0	7	0	
0	0	8	0	8	0	
0	0	7	0	7	0	
0	0	8	0	8	0	
0	0	7	0	7	0	
0	0	8	0	8	0	
0	0	7	0	7	0	
0	0	8	0	8	0	
0	0	7	0	7	0	
0	0	8	0	8	0	
0	0	7	0	7	0	
0	0	7	0	7	0	
0	0	8	0	8	0	
0	0	7	0	7	0	
0	0	8	0	8	0	
0	0	7	0	7	0	
0	0	8	0	8	0	
0	0	7	0	7	0	
0	0	7	0	7	0	
0	0	8	0	8	0	
0	0	7	0	7	0	
0	0	8	0	8	0	
0	0	7	0	7	0	
0	0	8	0	8	0	
0	0	7	0	7	0	
0	0	8	0	8	0	
0	0	7	0	7	0	
0	0	8	0	8	0	
0	0	7	0	7	0	
0	0	8	0	8	0	
0	0	7	0	7	0	
0	0	7	0	7	0	
0	0	8	0	8	0	
0	0	7	0	7	0	
0	0	8	0	8	0	
0	0	7	0	7	0	
0	0	7	0	7	0	
0	0	8	0	8	0	
0	0	7	0	7	0	
0	0	8	0	8	0	
0	0	7	0	7	0	
0	0	8	0	9	0	
0	0	7	0	7	0	
0	0	8	0	8	0	
0	0	7	0	7	0	
0	0	8	0	8	0	
0	0	7	0	7	0	
0	0	7	0	7	0	
0	0	8	0	8	0	
0	0	7	0	7	0	
0	0	8	0	8	0	
0	0	7	0	7	0	
0	0	8	0	8	0	
0	0	7	0	7	0	
0	0	8	0	8	0	
0	0	7	0	7	0	
0	0	7	0	7	0	
0	0	8	0	8	0	
0	0	7	0	7	0	
0	0	7	0	7	0	
0	0	8	0	8	0	
0	0	7	0	7	0	
0	0	8	0	8	0	
0	0	7	0	7	0	
0	0	8	0	8	0	
0	0	7	0	7	0	
0	0	7	0	7	0	
0	0	8	0	8	0	
0	0	7	0	7	0	
0	0	8	0	8	0	
0	0	7	0	8	0	
0	0	7	0	7	0	
0	0	8	0	8	0	
0	0	7	0	7	0	
0	0	7	0	7	0	
0	0	8	0	8	0	
0	0	7	0	7	0	
0	0	8	0	8	0	
0	0	7	0	7	0	
0	0	8	0	8	0	
0	0	7	0	7	0	
0	0	7	0	7	0	
0	0	8	0	8	0	
0	0	7	0	7	0	
0	0	8	0	8	0	
0	0	7	0	7	0	
0	0	7	0	7	0	
0	0	8	0	8	0	
0	0	7	0	7	0	
0	0	8	0	8	0	
0	0	7	0	7	0	
0	0	8	0	8	0	
0	0	7	0	7	0	
0	0	8	0	8	0	
0	0	7	0	7	0	
0	0	7	0	7	0	
0	0	8	0	8	0	
0	0	7	0	7	0	
0	0	8	0	8	0	
0	0	7	0	7	0	
0	0	8	0	8	0	
0	0	7	0	7	0	
0	0	8	0	8	0	
0	0	7	0	7	0	
0	0	7	0	7	0	
0	0	8	0	8	0	
0	0	7	0	7	0	
0	0	8	0	8	0	
0	0	7	0	7	0	
0	0	8	0	8	0	
0	0	7	0	7	0	
0	0	8	0	8	0	
0	0	7	0	7	0	
0	0	7	0	7	0	
0	0	8	0	8	0	
0	0	7	0	7	0	
0	0	8	0	8	0	
0	0	7	0	7	0	
0	0	8	0	8	0	
0	0	7	0	7	0	
0	0	8	0	8	0	
0	0	7	0	7	0	
0	0	7	0	7	0	
0	0	8	0	8	0	
0	0	7	0	7	0	
0	0	8	0	8	0	
0	0	7	0	7	0	
0	0	8	0	8	0	
0	0	7	0	7	0	
0	0	8	0	8	0	
0	0	7	0	7	0	
0	0	7	0	7	0	
0	0	8	0	8	0	
0	0	7	0	7	0	
0	0	8	0	8	0	
0	0	7	0	7	0	
0	0	8	0	8	0	
0	0	7	0	7	0	
0	0	8	0	8	0	
0	0	7	0	7	0	
0	0	8	0	8	0	
0	0	7	0	7	0	
0	0	7	0	7	0	
0	0	8	0	8	0	
0	0	7	0	7	0	
0	0	8	0	8	0	
0	0	7	0	7	0	
0	0	8	0	8	0	
0	0	7	0	7	0	
0	0	8	0	8	0	
0	0	7	0	7	0	
0	0	7	0	7	0	
0	0	8	0	8	0	
0	0	7	0	7	0	
0	0	8	0	8	0	
0	0	7	0	7	0	
0	0	8	0	8	0	
0	0	7	0	7	0	
0	0	8	0	8	0	
0	0	7	0	7	0	
0	0	8	0	8	0	
0	0	7	0	7	0	
0	0	7	0	7	0	
0	0	8	0	8	0	
0	0	7	0	7	0	
0	0	8	0	8	0	
0	0	7	0	7	0	
0	0	8	0	8	0	
0	0	7	0	7	0	
0	0	7	0	7	0	
0	0	8	0	8	0	
0	0	7	0	7	0	
0	0	8	0	8	0	
0	0	7	0	7	0	
0	0	8	0	8	0	
0	0	7	0	7	0	
0	0	8	0	8	0	
0	0	7	0	7	0	
0	0	7	0	7	0	
0	0	8	0	8	0	
0	0	7	0	7	0	
0	0	8	0	8	0	
0	0	7	0	7	0	
0	0	8	0	8	0	
0	0	7	0	7	0	
0	0	8	0	8	0	
0	0	7	0	7	0	
0	0	7	0	7	0	
0	0	8	0	8	0	
0	0	7	0	7	0	
0	0	8	0	8	0	
0	0	7	0	7	0	
0	0	7	0	7	0	
0	0	8	0	9	0	
0	0	7	0	7	0	
0	0	8	0	8	0	
0	0	7	0	7	0	
0	0	8	0	8	0	
0	0	7	0	7	0	
0	0	7	0	7	0	
0	0	8	0	8	0	
0	0	7	0	7	0	
0	0	8	0	8	0	
0	0	7	0	7	0	
0	0	8	0	8	0	
0	0	7	0	7	0	
0	0	7	0	7	0	
0	0	8	0	8	0	
0	0	7	0	7	0	
0	0	8	0	8	0	
0	0	7	0	7	0	
0	0	7	0	7	0	
0	0	8	0	8	0	
0	0	7	0	7	0	
0	0	8	0	8	0	
0	0	7	0	7	0	
0	0	8	0	8	0	
0	0	7	0	7	0	
0	0	7	0	7	0	
0	0	8	0	8	0	
0	0	7	0	7	0	
0	0	8	0	8	0	
0	0	7	0	7	0	
0	0	7	0	7	0	
0	0	8	0	8	0	
0	0	7	0	7	0	
0	0	8	0	8	0	
0	0	7	0	7	0	
0	0	8	0	8	0	
0	0	7	0	7	0	
0	0	7	0	7	0	
0	0	8	0	8	0	
0	0	7	0	7	0	
0	0	8	0	9	0	
0	0	7	0	7	0	
0	0	7	0	7	0	
0	0	8	0	8	0	
0	0	7	0	7	0	
0	0	8	0	8	0	
0	0	7	0	8	0	
0	0	7	0	7	0	
0	0	8	0	8	0	
0	0	7	0	7	0	
0	0	7	0	7	0	
0	0	8	0	8	0	
0	0	7	0	7	0	
0	0	7	0	7	0	
0	0	7	0	7	0	
0	0	8	0	8	0	
0	0	7	0	7	0	
0	0	7	0	7	0	
0	0	7	0	7	0	
0	0	8	0	8	0	
0	0	7	0	7	0	
0	0	7	0	7	0	
0	0	7	0	7	0	
0	0	8	0	8	0	
0	0	7	0	7	0	
0	0	7	0	7	0	
0	0	8	0	8	0	
0	0	7	0	7	0	
0	0	7	0	7	0	
0	0	7	0	8	0	
0	0	8	0	8	0	
0	0	7	0	7	0	
0	0	7	0	7	0	
0	0	7	0	7	0	
0	0	8	0	8	0	
0	0	8	0	8	0	
2287	0	5	1	330	697	
10268	0	0	0	558	2825	
10058	0	0	0	560	2475	
9401	0	0	0	505	2294	
9642	0	0	0	518	2192	
10072	0	0	0	536	2131	
9823	0	0	0	518	1883	
9641	0	0	0	545	1780	
10981	0	0	0	587	1882	
10628	0	0	0	576	1627	
9346	0	0	0	510	1377	
9757	0	0	0	526	1330	
10445	0	0	0	555	1328	
9960	0	0	0	524	1228	
10023	0	0	0	531	1131	
11337	0	0	0	611	1284	
10897	0	0	0	582	1071	
9818	0	0	0	597	979	
9731	0	0	0	539	833	
9790	0	0	0	553	838	
9969	0	0	0	540	829	
10395	0	0	0	558	815	
10575	0	0	0	569	815	
9696	0	0	0	574	699	
11179	0	0	0	594	718	
10161	0	0	0	538	605	
9262	0	0	0	492	533	
9738	0	0	0	522	567	
10031	0	0	0	540	549	
9620	0	0	0	737	505	
8658	0	0	0	971	461	
0	0	0	0	2660	0	
0	0	0	0	102	0	
