3612 0
3612 1
3612 2
3612 3
3612 4
3613 5
3613 6
3613 7
3613 8
3614 9
3614 10
3614 11
3614 12
3615 13
3615 14
3615 15
3615 16
3616 17
3616 18
3616 19
3616 20
3616 21
3617 22
3617 23
3617 24
3617 25
3618 26
3618 27
3618 28
3618 29
3619 30
3619 31
3619 32
3619 33
3620 34
3620 35
3620 36
3620 37
3620 38
3621 39
3621 40
3621 41
3621 42
3622 43
3622 44
3622 45
3622 46
3623 47
3623 48
3623 49
3623 50
3624 51
3624 52
3624 53
3624 54
3624 55
3625 56
3625 57
3625 58
3625 59
3626 60
3626 61
3626 62
3626 63
3627 64
3627 65
3627 66
3627 67
3628 68
3628 69
3628 70
3628 71
3628 72
3629 73
3629 74
3629 75
3629 76
3630 77
3630 78
3630 79
3630 80
3631 81
3631 82
3631 83
3631 84
3631 85
3632 86
3632 87
3632 88
3632 89
3633 90
3633 91
3633 92
3633 93
3634 94
3634 95
3634 96
3634 97
3634 98
3635 99
3635 100
3635 101
3635 102
3636 103
3636 104
3636 105
3636 106
3637 107
3637 108
3637 109
3637 110
3638 111
3638 112
3638 113
3638 114
3639 115
3639 116
3639 117
3639 118
3639 119
3640 120
3640 121
3640 122
3640 123
3641 124
3641 125
3641 126
3641 127
3642 128
3642 129
3642 130
3642 131
3642 132
3643 133
3643 134
3643 135
3643 136
3644 137
3644 138
3644 139
3644 140
3645 141
3645 142
3645 143
3645 144
3645 145
3646 146
3646 147
3646 148
3646 149
3647 150
3647 151
3647 152
3647 153
3648 154
3648 155
3648 156
3648 157
3649 158
3649 159
3649 160
3649 161
3649 162
3650 163
3650 164
3650 165
3651 166
3651 167
3651 168
3651 169
3652 170
3652 171
3652 172
3653 173
3653 174
3653 175
3653 176
3653 177
3654 178
3654 179
3654 180
3654 181
3655 182
3655 183
3655 184
3655 185
3656 186
3656 187
3656 188
3656 189
3657 190
3657 191
3657 192
3657 193
3658 194
3658 195
3658 196
3658 197
3659 198
3659 199
3659 200
3659 201
3660 202
3660 203
3660 204
3660 205
3661 206
3661 207
3661 208
3661 209
3661 210
3662 211
3662 212
3662 213
3662 214
3663 215
3663 216
3663 217
3663 218
3664 219
3664 220
3664 221
3664 222
3664 223
3665 224
3665 225
3665 226
3665 227
3666 228
3666 229
3666 230
3666 231
3667 232
3667 233
3667 234
3667 235
3667 236
3668 237
3668 238
3668 239
3668 240
3669 241
3669 242
3669 243
3669 244
3670 245
3670 246
3670 247
3670 248
3670 249
3671 250
3671 251
3671 252
3671 253
3672 254
3672 255
3672 256
3672 257
3673 258
3673 259
3673 260
3674 261
3674 262
3674 263
3674 264
3674 265
3675 266
3675 267
3675 268
3675 269
3676 270
3676 271
3676 272
3676 273
3676 274
3677 275
3677 276
3677 277
3677 278
3678 279
3678 280
3678 281
3678 282
3679 283
3679 284
3679 285
3679 286
3679 287
3680 288
3680 289
3680 290
3680 291
3681 292
3681 293
3681 294
3681 295
3682 296
3682 297
3682 298
3682 299
3682 300
3683 301
3683 302
3683 303
3683 304
3684 305
3684 306
3684 307
3684 308
3685 309
3685 310
3685 311
3685 312
3685 313
3686 314
3686 315
3686 316
3686 317
3687 318
3687 319
3687 320
3687 321
3688 322
3688 323
3688 324
3688 325
3689 326
3689 327
3689 328
3689 329
3690 330
3690 331
3690 332
3690 333
3691 334
3691 335
3691 336
3691 337
3691 338
3692 339
3692 340
3692 341
3692 342
3693 343
3693 344
3693 345
3693 346
3694 347
3694 348
3694 349
3694 350
3694 351
3695 352
3695 353
3695 354
3695 355
3696 356
3696 357
3696 358
3696 359
3697 360
3697 361
3697 362
3697 363
3698 364
3698 365
3698 366
3698 367
3699 368
3699 369
3699 370
3699 371
3700 372
3700 373
3700 374
3700 375
3700 376
3701 377
3701 378
3701 379
3701 380
3702 381
3702 382
3702 383
3702 384
3703 385
3703 386
3703 387
3703 388
3704 389
3704 390
3704 391
3704 392
3704 393
3705 394
3705 395
3705 396
3705 397
3706 398
3706 399
3706 400
3706 401
3707 402
3707 403
3707 404
3707 405
3708 406
3708 407
3708 408
3708 409
3709 410
3709 411
3709 412
3709 413
3710 414
3710 415
3710 416
3710 417
3711 418
3711 419
3711 420
3711 421
3712 422
3712 423
3712 424
3712 425
3713 426
3713 427
3713 428
3713 429
3713 430
3714 431
3714 432
3714 433
3715 434
3715 435
3715 436
3715 437
3716 438
3716 439
3716 440
3716 441
3717 442
3717 443
3717 444
3717 445
3717 446
3718 447
3718 448
3718 449
3718 450
3719 451
3719 452
3719 453
3719 454
3720 455
3720 456
3720 457
3720 458
3720 459
3721 460
3721 461
3721 462
3721 463
3722 464
3722 465
3722 466
3722 467
3723 468
3723 469
3723 470
3723 471
3724 472
3724 473
3724 474
3724 475
3725 476
3725 477
3725 478
3725 479
3725 480
3726 481
3726 482
3726 483
3726 484
3727 485
3727 486
3727 487
3727 488
3728 489
3728 490
3728 491
3728 492
3728 493
3729 494
3729 495
3729 496
3729 497
3730 498
3730 499
3730 500
3730 501
3730 502
3731 503
3731 504
3731 505
3731 506
3732 507
3732 508
3732 509
3732 510
3733 511
3733 512
3733 513
3733 514
3734 515
3734 516
3734 517
3734 518
3735 519
3735 520
3735 521
3735 522
3735 523
3736 524
3736 525
3736 526
3737 527
3737 528
3737 529
3737 530
3737 531
3738 532
3738 533
3738 534
3739 535
3739 536
3739 537
3739 538
3740 539
3740 540
3740 541
3740 542
3740 543
3741 544
3741 545
3741 546
3741 547
3742 548
3742 549
3742 550
3742 551
3743 552
3743 553
3743 554
3743 555
3743 556
3744 557
3744 558
3744 559
3744 560
3745 561
3745 562
3745 563
3745 564
3746 565
3746 566
3746 567
3746 568
3746 569
3747 570
3747 571
3747 572
3747 573
3748 574
3748 575
3748 576
3748 577
3749 578
3749 579
3749 580
3749 581
3749 582
3750 583
3750 584
3750 585
3750 586
3751 587
3751 588
3751 589
3751 590
3751 591
3752 592
3752 593
3752 594
3752 595
3753 596
3753 597
3753 598
3753 599
3754 600
3754 601
3754 602
3754 603
3754 604
3755 605
3755 606
3755 607
3755 608
3756 609
3756 610
3756 611
3756 612
3757 613
3757 614
3757 615
3757 616
3758 617
3758 618
3758 619
3758 620
3759 621
3759 622
3759 623
3759 624
3760 625
3760 626
3760 627
3760 628
3761 629
3761 630
3761 631
3761 632
3762 633
3762 634
3762 635
3762 636
3763 637
3763 638
3763 639
3763 640
3763 641
3764 642
3764 643
3764 644
3764 645
3765 646
3765 647
3765 648
3765 649
3766 650
3766 651
3766 652
3766 653
3766 654
3767 655
3767 656
3767 657
3767 658
3768 659
3768 660
3768 661
3768 662
3769 663
3769 664
3769 665
3769 666
3770 667
3770 668
3770 669
3770 670
3770 671
3771 672
3771 673
3771 674
3771 675
3772 676
3772 677
3772 678
3772 679
3773 680
3773 681
3773 682
3773 683
3774 684
3774 685
3774 686
3774 687
3774 688
3775 689
3775 690
3775 691
3775 692
3776 693
3776 694
3776 695
3776 696
3777 697
3777 698
3777 699
3777 700
3777 701
3778 702
3778 703
3778 704
3778 705
3779 706
3779 707
3779 708
3779 709
3780 710
3780 711
3780 712
3780 713
3781 714
3781 715
3781 716
3781 717
3782 718
3782 719
3782 720
3782 721
3783 722
3783 723
3783 724
3783 725
3783 726
3784 727
3784 728
3784 729
3784 730
3785 731
3785 732
3785 733
3785 734
3786 735
3786 736
3786 737
3786 738
3786 739
3787 740
3787 741
3787 742
3787 743
3788 744
3788 745
3788 746
3788 747
3789 748
3789 749
3789 750
3789 751
3789 752
3790 753
3790 754
3790 755
3790 756
3791 757
3791 758
3791 759
3791 760
3792 761
3792 762
3792 763
3792 764
3793 765
3793 766
3793 767
3793 768
3793 769
3794 770
3794 771
3794 772
3794 773
3795 774
3795 775
3795 776
3795 777
3796 778
3796 779
3796 780
3796 781
3797 782
3797 783
3797 784
3797 785
3798 786
3798 787
3798 788
3798 789
3799 790
3799 791
3799 792
3799 793
3799 794
3800 795
3800 796
3800 797
3800 798
3801 799
3801 800
3801 801
3801 802
3802 803
3802 804
3802 805
3802 806
3803 807
3803 808
3803 809
3803 810
3803 811
3804 812
3804 813
3804 814
3804 815
3805 816
3805 817
3805 818
3805 819
3806 820
3806 821
3806 822
3806 823
3806 824
3807 825
3807 826
3807 827
3807 828
3808 829
3808 830
3808 831
3808 832
3809 833
3809 834
3809 835
3809 836
3810 837
3810 838
3810 839
3810 840
3811 841
3811 842
3811 843
3811 844
3811 845
3812 846
3812 847
3812 848
3812 849
3813 850
3813 851
3813 852
3813 853
3814 854
3814 855
3814 856
3814 857
3814 858
3815 859
3815 860
3815 861
3815 862
3816 863
3816 864
3816 865
3817 866
3817 867
3817 868
3817 869
3818 870
3818 871
3818 872
3818 873
3819 874
3819 875
3819 876
3819 877
3820 878
3820 879
3820 880
3820 881
3821 882
3821 883
3821 884
3821 885
3822 886
3822 887
3822 888
3822 889
3823 890
3823 891
3823 892
3823 893
3824 894
3824 895
3824 896
3824 897
3825 898
3825 899
3825 900
3825 901
3825 902
3826 903
3826 904
3826 905
3826 906
3827 907
3827 908
3827 909
3827 910
3828 911
3828 912
3828 913
3828 914
3828 915
3829 916
3829 917
3829 918
3829 919
3830 920
3830 921
3830 922
3830 923
3830 924
3831 925
3831 926
3831 927
3832 928
3832 929
3832 930
3832 931
3833 932
3833 933
3833 934
3833 935
3834 936
3834 937
3834 938
3834 939
3834 940
3835 941
3835 942
3835 943
3835 944
3836 945
3836 946
3836 947
3836 948
3836 949
3837 950
3837 951
3837 952
3837 953
3838 954
3838 955
3838 956
3838 957
3839 958
3839 959
3839 960
3839 961
3840 962
3840 963
3840 964
3840 965
3841 966
3841 967
3841 968
3841 969
3841 970
3842 971
3842 972
3842 973
3842 974
3843 975
3843 976
3843 977
3843 978
3844 979
3844 980
3844 981
3844 982
3844 983
3845 984
3845 985
3845 986
3846 987
3846 988
3846 989
3846 990
3847 991
3847 992
3847 993
3847 994
3848 995
3848 996
3848 997
3848 998
3848 999
3849 1000
3849 1001
3849 1002
3849 1003
3850 1004
3850 1005
3850 1006
3850 1007
3850 1008
3851 1009
3851 1010
3851 1011
3851 1012
3852 1013
3852 1014
3852 1015
3852 1016
3853 1017
3853 1018
3853 1019
3853 1020
3854 1021
3854 1022
3854 1023
3854 1024
3854 1025
3855 1026
3855 1027
3855 1028
3855 1029
3856 1030
3856 1031
3856 1032
3856 1033
3856 1034
3857 1035
3857 1036
3857 1037
3857 1038
3858 1039
3858 1040
3858 1041
3858 1042
3858 1043
3859 1044
3859 1045
3859 1046
3859 1047
3860 1048
3860 1049
3860 1050
3860 1051
3861 1052
3861 1053
3861 1054
3861 1055
3861 1056
3862 1057
3862 1058
3862 1059
3862 1060
3863 1061
3863 1062
3863 1063
3863 1064
3864 1065
3864 1066
3864 1067
3864 1068
3864 1069
3865 1070
3865 1071
3865 1072
3865 1073
3866 1074
3866 1075
3866 1076
3866 1077
3867 1078
3867 1079
3867 1080
3867 1081
3867 1082
3868 1083
3868 1084
3868 1085
3868 1086
3869 1087
3869 1088
3869 1089
3869 1090
3869 1091
3870 1092
3870 1093
3870 1094
3871 1095
3871 1096
3871 1097
3871 1098
3871 1099
3872 1100
3872 1101
3872 1102
3872 1103
3873 1104
3873 1105
3873 1106
3874 1107
3874 1108
3874 1109
3874 1110
3874 1111
3875 1112
3875 1113
3875 1114
3875 1115
3876 1116
3876 1117
3876 1118
3876 1119
3876 1120
3877 1121
3877 1122
3877 1123
3877 1124
3878 1125
3878 1126
3878 1127
3878 1128
3879 1129
3879 1130
3879 1131
3879 1132
3879 1133
3880 1134
3880 1135
3880 1136
3880 1137
3881 1138
3881 1139
3881 1140
3881 1141
3882 1142
3882 1143
3882 1144
3882 1145
3882 1146
3883 1147
3883 1148
3883 1149
3883 1150
3884 1151
3884 1152
3884 1153
3884 1154
3884 1155
3885 1156
3885 1157
3885 1158
3885 1159
3886 1160
3886 1161
3886 1162
3886 1163
3887 1164
3887 1165
3887 1166
3887 1167
3888 1168
3888 1169
3888 1170
3888 1171
3889 1172
3889 1173
3889 1174
3889 1175
3890 1176
3890 1177
3890 1178
3890 1179
3891 1180
3891 1181
3891 1182
3891 1183
3891 1184
3892 1185
3892 1186
3892 1187
3892 1188
3893 1189
3893 1190
3893 1191
3893 1192
3894 1193
3894 1194
3894 1195
3894 1196
3895 1197
3895 1198
3895 1199
3895 1200
3895 1201
3896 1202
3896 1203
3896 1204
3896 1205
3897 1206
3897 1207
3897 1208
3897 1209
3898 1210
3898 1211
3898 1212
3898 1213
3898 1214
3899 1215
3899 1216
3899 1217
3899 1218
3900 1219
3900 1220
3900 1221
3900 1222
3901 1223
3901 1224
3901 1225
3901 1226
3901 1227
3902 1228
3902 1229
3902 1230
3902 1231
3903 1232
3903 1233
3903 1234
3903 1235
3904 1236
3904 1237
3904 1238
3904 1239
3904 1240
3905 1241
3905 1242
3905 1243
3905 1244
3906 1245
3906 1246
3906 1247
3906 1248
3906 1249
3907 1250
3907 1251
3907 1252
3908 1253
3908 1254
3908 1255
3908 1256
3908 1257
3909 1258
3909 1259
3909 1260
3909 1261
3910 1262
3910 1263
3910 1264
3910 1265
3910 1266
3911 1267
3911 1268
3911 1269
3911 1270
3912 1271
3912 1272
3912 1273
3912 1274
3913 1275
3913 1276
3913 1277
3913 1278
3913 1279
3914 1280
3914 1281
3914 1282
3914 1283
3915 1284
3915 1285
3915 1286
3915 1287
3916 1288
3916 1289
3916 1290
3916 1291
3916 1292
3917 1293
3917 1294
3917 1295
3917 1296
3918 1297
3918 1298
3918 1299
3918 1300
3919 1301
3919 1302
3919 1303
3919 1304
3919 1305
3920 1306
3920 1307
3920 1308
3920 1309
3920 1310
3921 1311
3921 1312
3921 1313
3921 1314
3922 1315
3922 1316
3922 1317
3923 1318
3923 1319
3923 1320
3923 1321
3923 1322
3924 1323
3924 1324
3924 1325
3925 1326
3925 1327
3925 1328
3925 1329
3925 1330
3926 1331
3926 1332
3926 1333
3926 1334
3926 1335
3927 1336
3927 1337
3927 1338
3927 1339
3928 1340
3928 1341
3928 1342
3928 1343
3929 1344
3929 1345
3929 1346
3929 1347
3930 1348
3930 1349
3930 1350
3930 1351
3931 1352
3931 1353
3931 1354
3931 1355
3931 1356
3932 1357
3932 1358
3932 1359
3932 1360
3933 1361
3933 1362
3933 1363
3933 1364
3933 1365
3934 1366
3934 1367
3934 1368
3934 1369
3935 1370
3935 1371
3935 1372
3935 1373
3936 1374
3936 1375
3936 1376
3936 1377
3936 1378
3937 1379
3937 1380
3937 1381
3937 1382
3938 1383
3938 1384
3938 1385
3938 1386
3939 1387
3939 1388
3939 1389
3939 1390
3940 1391
3940 1392
3940 1393
3940 1394
3940 1395
3941 1396
3941 1397
3941 1398
3942 1399
3942 1400
3942 1401
3942 1402
3943 1403
3943 1404
3943 1405
3943 1406
3944 1407
3944 1408
3944 1409
3944 1410
3945 1411
3945 1412
3945 1413
3945 1414
3946 1415
3946 1416
3946 1417
3946 1418
3946 1419
3947 1420
3947 1421
3947 1422
3947 1423
3948 1424
3948 1425
3948 1426
3948 1427
3949 1428
3949 1429
3949 1430
3949 1431
3949 1432
3950 1433
3950 1434
3950 1435
3950 1436
3951 1437
3951 1438
3951 1439
3951 1440
3952 1441
3952 1442
3952 1443
3952 1444
3952 1445
3953 1446
3953 1447
3953 1448
3953 1449
3954 1450
3954 1451
3954 1452
3954 1453
3955 1454
3955 1455
3955 1456
3955 1457
3955 1458
3956 1459
3956 1460
3956 1461
3956 1462
3957 1463
3957 1464
3957 1465
3957 1466
3958 1467
3958 1468
3958 1469
3958 1470
3958 1471
3959 1472
3959 1473
3959 1474
3959 1475
3960 1476
3960 1477
3960 1478
3960 1479
3961 1480
3961 1481
3961 1482
3961 1483
3962 1484
3962 1485
3962 1486
3962 1487
3963 1488
3963 1489
3963 1490
3963 1491
3964 1492
3964 1493
3964 1494
3964 1495
3964 1496
3965 1497
3965 1498
3965 1499
3965 1500
3966 1501
3966 1502
3966 1503
3966 1504
3966 1505
3967 1506
3967 1507
3967 1508
3967 1509
3968 1510
3968 1511
3968 1512
3968 1513
3969 1514
3969 1515
3969 1516
3969 1517
3969 1518
3970 1519
3970 1520
3970 1521
3971 1522
3971 1523
3971 1524
3971 1525
3971 1526
3972 1527
3972 1528
3972 1529
3972 1530
3973 1531
3973 1532
3973 1533
3973 1534
3974 1535
3974 1536
3974 1537
3974 1538
3974 1539
3975 1540
3975 1541
3975 1542
3975 1543
3976 1544
3976 1545
3976 1546
3976 1547
3976 1548
3977 1549
3977 1550
3977 1551
3977 1552
3978 1553
3978 1554
3978 1555
3978 1556
3979 1557
3979 1558
3979 1559
3979 1560
3980 1561
3980 1562
3980 1563
3980 1564
3980 1565
3981 1566
3981 1567
3981 1568
3981 1569
3982 1570
3982 1571
3982 1572
3982 1573
3983 1574
3983 1575
3983 1576
3983 1577
3984 1578
3984 1579
3984 1580
3984 1581
3985 1582
3985 1583
3985 1584
3985 1585
3985 1586
3986 1587
3986 1588
3986 1589
3986 1590
3987 1591
3987 1592
3987 1593
3987 1594
3988 1595
3988 1596
3988 1597
3988 1598
3988 1599
3989 1600
3989 1601
3989 1602
3989 1603
3990 1604
3990 1605
3990 1606
3990 1607
3990 1608
3991 1609
3991 1610
3991 1611
3991 1612
3992 1613
3992 1614
3992 1615
3992 1616
3993 1617
3993 1618
3993 1619
3993 1620
3994 1621
3994 1622
3994 1623
3995 1624
3995 1625
3995 1626
3995 1627
3996 1628
3996 1629
3996 1630
3996 1631
3996 1632
3997 1633
3997 1634
3997 1635
3997 1636
3998 1637
3998 1638
3998 1639
3998 1640
3998 1641
3999 1642
3999 1643
3999 1644
3999 1645
4000 1646
4000 1647
4000 1648
4000 1649
4001 1650
4001 1651
4001 1652
4001 1653
4001 1654
4002 1655
4002 1656
4002 1657
4002 1658
4003 1659
4003 1660
4003 1661
4003 1662
4004 1663
4004 1664
4004 1665
4004 1666
4004 1667
4005 1668
4005 1669
4005 1670
4005 1671
4006 1672
4006 1673
4006 1674
4006 1675
4007 1676
4007 1677
4007 1678
4007 1679
4008 1680
4008 1681
4008 1682
4008 1683
4009 1684
4009 1685
4009 1686
4009 1687
4009 1688
4010 1689
4010 1690
4010 1691
4010 1692
4011 1693
4011 1694
4011 1695
4011 1696
4011 1697
4012 1698
4012 1699
4012 1700
4012 1701
4013 1702
4013 1703
4013 1704
4013 1705
4013 1706
4014 1707
4014 1708
4014 1709
4014 1710
4014 1711
4015 1712
4015 1713
4015 1714
4015 1715
4016 1716
4016 1717
4016 1718
4016 1719
4016 1720
4017 1721
4017 1722
4017 1723
4017 1724
4017 1725
4018 1726
4018 1727
4018 1728
4019 1729
4019 1730
4019 1731
4019 1732
4019 1733
4020 1734
4020 1735
4020 1736
4020 1737
4021 1738
4021 1739
4021 1740
4021 1741
4021 1742
4022 1743
4022 1744
4022 1745
4022 1746
4022 1747
4023 1748
4023 1749
4023 1750
4023 1751
4023 1752
4024 1753
4024 1754
4024 1755
4024 1756
4025 1757
4025 1758
4025 1759
4025 1760
4025 1761
4026 1762
4026 1763
4026 1764
4026 1765
4026 1766
4027 1767
4027 1768
4027 1769
4027 1770
4028 1771
4028 1772
4028 1773
4028 1774
4028 1775
4029 1776
4029 1777
4029 1778
4029 1779
4030 1780
4030 1781
4030 1782
4030 1783
4030 1784
4031 1785
4031 1786
4031 1787
4031 1788
4031 1789
4032 1790
4032 1791
4032 1792
4032 1793
4032 1794
4033 1795
4033 1796
4033 1797
4033 1798
4034 1799
4034 1800
4034 1801
4034 1802
4034 1803
4035 1804
4035 1805
4035 1806
4035 1807
4035 1808
4036 1809
4036 1810
4036 1811
4036 1812
4037 1813
4037 1814
4037 1815
4037 1816
4038 1817
4038 1818
4038 1819
4038 1820
4038 1821
4039 1822
4039 1823
4039 1824
4039 1825
4040 1826
4040 1827
4040 1828
4040 1829
4040 1830
4041 1831
4041 1832
4041 1833
4041 1834
4041 1835
4042 1836
4042 1837
4042 1838
4042 1839
4043 1840
4043 1841
4043 1842
4043 1843
4043 1844
4044 1845
4044 1846
4044 1847
4044 1848
4045 1849
4045 1850
4045 1851
4045 1852
4045 1853
4046 1854
4046 1855
4046 1856
4046 1857
4046 1858
4047 1859
4047 1860
4047 1861
4047 1862
4048 1863
4048 1864
4048 1865
4048 1866
4048 1867
4049 1868
4049 1869
4049 1870
4049 1871
4050 1872
4050 1873
4050 1874
4050 1875
4050 1876
4051 1877
4051 1878
4051 1879
4051 1880
4052 1881
4052 1882
4052 1883
4052 1884
4052 1885
4053 1886
4053 1887
4053 1888
4053 1889
4054 1890
4054 1891
4054 1892
4054 1893
4054 1894
4055 1895
4055 1896
4055 1897
4055 1898
4056 1899
4056 1900
4056 1901
4056 1902
4056 1903
4057 1904
4057 1905
4057 1906
4057 1907
4058 1908
4058 1909
4058 1910
4058 1911
4058 1912
4059 1913
4059 1914
4059 1915
4059 1916
4059 1917
4060 1918
4060 1919
4060 1920
4060 1921
4061 1922
4061 1923
4061 1924
4061 1925
4061 1926
4062 1927
4062 1928
4062 1929
4062 1930
4062 1931
4063 1932
4063 1933
4063 1934
4063 1935
4064 1936
4064 1937
4064 1938
4064 1939
4064 1940
4065 1941
4065 1942
4065 1943
4065 1944
4066 1945
4066 1946
4066 1947
4066 1948
4066 1949
4067 1950
4067 1951
4067 1952
4067 1953
4067 1954
4068 1955
4068 1956
4068 1957
4068 1958
4069 1959
4069 1960
4069 1961
4069 1962
4070 1963
4070 1964
4070 1965
4070 1966
4070 1967
4071 1968
4071 1969
4071 1970
4071 1971
4071 1972
4072 1973
4072 1974
4072 1975
4072 1976
4073 1977
4073 1978
4073 1979
4073 1980
4073 1981
4074 1982
4074 1983
4074 1984
4074 1985
4074 1986
4075 1987
4075 1988
4075 1989
4075 1990
4076 1991
4076 1992
4076 1993
4076 1994
4076 1995
4077 1996
4077 1997
4077 1998
4077 1999
4077 2000
4078 2001
4078 2002
4078 2003
4078 2004
4079 2005
4079 2006
4079 2007
4079 2008
4079 2009
4080 2010
4080 2011
4080 2012
4080 2013
4080 2014
4081 2015
4081 2016
4081 2017
4081 2018
4081 2019
4082 2020
4082 2021
4082 2022
4082 2023
4083 2024
4083 2025
4083 2026
4083 2027
4083 2028
4084 2029
4084 2030
4084 2031
4084 2032
4085 2033
4085 2034
4085 2035
4085 2036
4086 2037
4086 2038
4086 2039
4086 2040
4086 2041
4087 2042
4087 2043
4087 2044
4087 2045
4088 2046
4088 2047
4088 2048
4088 2049
4089 2050
4089 2051
4089 2052
4089 2053
4089 2054
4090 2055
4090 2056
4090 2057
4090 2058
4090 2059
4091 2060
4091 2061
4091 2062
4091 2063
4092 2064
4092 2065
4092 2066
4092 2067
4092 2068
4093 2069
4093 2070
4093 2071
4093 2072
4093 2073
4094 2074
4094 2075
4094 2076
4094 2077
4095 2078
4095 2079
4095 2080
4095 2081
4095 2082
4096 2083
4096 2084
4096 2085
4096 2086
4096 2087
4097 2088
4097 2089
4097 2090
4097 2091
4098 2092
4098 2093
4098 2094
4098 2095
4099 2096
4099 2097
4099 2098
4099 2099
4099 2100
4100 2101
4100 2102
4100 2103
4100 2104
4100 2105
4101 2106
4101 2107
4101 2108
4101 2109
4102 2110
4102 2111
4102 2112
4102 2113
4102 2114
4103 2115
4103 2116
4103 2117
4103 2118
4104 2119
4104 2120
4104 2121
4104 2122
4104 2123
4105 2124
4105 2125
4105 2126
4105 2127
4106 2128
4106 2129
4106 2130
4106 2131
4106 2132
4107 2133
4107 2134
4107 2135
4107 2136
4107 2137
4108 2138
4108 2139
4108 2140
4108 2141
4109 2142
4109 2143
4109 2144
4109 2145
4109 2146
4110 2147
4110 2148
4110 2149
4110 2150
4110 2151
4111 2152
4111 2153
4111 2154
4111 2155
4112 2156
4112 2157
4112 2158
4112 2159
4112 2160
4113 2161
4113 2162
4113 2163
4113 2164
4114 2165
4114 2166
4114 2167
4114 2168
4114 2169
4115 2170
4115 2171
4115 2172
4115 2173
4116 2174
4116 2175
4116 2176
4116 2177
4116 2178
4117 2179
4117 2180
4117 2181
4117 2182
4117 2183
4118 2184
4118 2185
4118 2186
4118 2187
4119 2188
4119 2189
4119 2190
4119 2191
4119 2192
4120 2193
4120 2194
4120 2195
4120 2196
4121 2197
4121 2198
4121 2199
4121 2200
4121 2201
4122 2202
4122 2203
4122 2204
4122 2205
4123 2206
4123 2207
4123 2208
4123 2209
4123 2210
4124 2211
4124 2212
4124 2213
4124 2214
4125 2215
4125 2216
4125 2217
4125 2218
4125 2219
4126 2220
4126 2221
4126 2222
4126 2223
4127 2224
4127 2225
4127 2226
4127 2227
4127 2228
4128 2229
4128 2230
4128 2231
4128 2232
4128 2233
4129 2234
4129 2235
4129 2236
4129 2237
4130 2238
4130 2239
4130 2240
4130 2241
4130 2242
4131 2243
4131 2244
4131 2245
4131 2246
4131 2247
4132 2248
4132 2249
4132 2250
4132 2251
4132 2252
4133 2253
4133 2254
4133 2255
4134 2256
4134 2257
4134 2258
4134 2259
4134 2260
4135 2261
4135 2262
4135 2263
4135 2264
4135 2265
4136 2266
4136 2267
4136 2268
4136 2269
4137 2270
4137 2271
4137 2272
4137 2273
4137 2274
4138 2275
4138 2276
4138 2277
4138 2278
4139 2279
4139 2280
4139 2281
4139 2282
4140 2283
4140 2284
4140 2285
4140 2286
4140 2287
4141 2288
4141 2289
4141 2290
4141 2291
4141 2292
4142 2293
4142 2294
4142 2295
4142 2296
4143 2297
4143 2298
4143 2299
4143 2300
4143 2301
4144 2302
4144 2303
4144 2304
4144 2305
4144 2306
4145 2307
4145 2308
4145 2309
4145 2310
4146 2311
4146 2312
4146 2313
4146 2314
4146 2315
4147 2316
4147 2317
4147 2318
4147 2319
4147 2320
4148 2321
4148 2322
4148 2323
4148 2324
4149 2325
4149 2326
4149 2327
4149 2328
4149 2329
4150 2330
4150 2331
4150 2332
4150 2333
4150 2334
4151 2335
4151 2336
4151 2337
4151 2338
4152 2339
4152 2340
4152 2341
4152 2342
4153 2343
4153 2344
4153 2345
4153 2346
4154 2347
4154 2348
4154 2349
4154 2350
4154 2351
4155 2352
4155 2353
4155 2354
4155 2355
4156 2356
4156 2357
4156 2358
4156 2359
4156 2360
4157 2361
4157 2362
4157 2363
4157 2364
4157 2365
4158 2366
4158 2367
4158 2368
4158 2369
4159 2370
4159 2371
4159 2372
4159 2373
4159 2374
4160 2375
4160 2376
4160 2377
4160 2378
4160 2379
4161 2380
4161 2381
4161 2382
4161 2383
4162 2384
4162 2385
4162 2386
4162 2387
4162 2388
4163 2389
4163 2390
4163 2391
4163 2392
4163 2393
4164 2394
4164 2395
4164 2396
4164 2397
4165 2398
4165 2399
4165 2400
4165 2401
4165 2402
4166 2403
4166 2404
4166 2405
4167 2406
4167 2407
4167 2408
4167 2409
4167 2410
4168 2411
4168 2412
4168 2413
4168 2414
4168 2415
4169 2416
4169 2417
4169 2418
4169 2419
4169 2420
4170 2421
4170 2422
4170 2423
4170 2424
4171 2425
4171 2426
4171 2427
4171 2428
4171 2429
4172 2430
4172 2431
4172 2432
4172 2433
4172 2434
4173 2435
4173 2436
4173 2437
4173 2438
4174 2439
4174 2440
4174 2441
4174 2442
4174 2443
4175 2444
4175 2445
4175 2446
4175 2447
4175 2448
4176 2449
4176 2450
4176 2451
4176 2452
4177 2453
4177 2454
4177 2455
4177 2456
4177 2457
4178 2458
4178 2459
4178 2460
4178 2461
4178 2462
4179 2463
4179 2464
4179 2465
4179 2466
4180 2467
4180 2468
4180 2469
4180 2470
4181 2471
4181 2472
4181 2473
4181 2474
4181 2475
4182 2476
4182 2477
4182 2478
4182 2479
4182 2480
4183 2481
4183 2482
4183 2483
4183 2484
4184 2485
4184 2486
4184 2487
4184 2488
4184 2489
4185 2490
4185 2491
4185 2492
4185 2493
4185 2494
4186 2495
4186 2496
4186 2497
4186 2498
4187 2499
4187 2500
4187 2501
4187 2502
4187 2503
4188 2504
4188 2505
4188 2506
4188 2507
4188 2508
4189 2509
4189 2510
4189 2511
4189 2512
4190 2513
4190 2514
4190 2515
4190 2516
4191 2517
4191 2518
4191 2519
4191 2520
4191 2521
4192 2522
4192 2523
4192 2524
4192 2525
4192 2526
4193 2527
4193 2528
4193 2529
4193 2530
4193 2531
4194 2532
4194 2533
4194 2534
4194 2535
4195 2536
4195 2537
4195 2538
4195 2539
4196 2540
4196 2541
4196 2542
4196 2543
4196 2544
4197 2545
4197 2546
4197 2547
4197 2548
4197 2549
4198 2550
4198 2551
4198 2552
4198 2553
4199 2554
4199 2555
4199 2556
4199 2557
4199 2558
4200 2559
4200 2560
4200 2561
4200 2562
4200 2563
4201 2564
4201 2565
4201 2566
4201 2567
4201 2568
4202 2569
4202 2570
4202 2571
4202 2572
4203 2573
4203 2574
4203 2575
4203 2576
4203 2577
4204 2578
4204 2579
4204 2580
4204 2581
4204 2582
4205 2583
4205 2584
4205 2585
4205 2586
4206 2587
4206 2588
4206 2589
4206 2590
4206 2591
4207 2592
4207 2593
4207 2594
4207 2595
4207 2596
4208 2597
4208 2598
4208 2599
4208 2600
4209 2601
4209 2602
4209 2603
4209 2604
4210 2605
4210 2606
4210 2607
4210 2608
4210 2609
4211 2610
4211 2611
4211 2612
4211 2613
4212 2614
4212 2615
4212 2616
4212 2617
4212 2618
4213 2619
4213 2620
4213 2621
4213 2622
4213 2623
4214 2624
4214 2625
4214 2626
4214 2627
4215 2628
4215 2629
4215 2630
4215 2631
4215 2632
4216 2633
4216 2634
4216 2635
4216 2636
4216 2637
4217 2638
4217 2639
4217 2640
4217 2641
4218 2642
4218 2643
4218 2644
4218 2645
4218 2646
4219 2647
4219 2648
4219 2649
4219 2650
4219 2651
4220 2652
4220 2653
4220 2654
4220 2655
4221 2656
4221 2657
4221 2658
4221 2659
4221 2660
4222 2661
4222 2662
4222 2663
4222 2664
4222 2665
4223 2666
4223 2667
4223 2668
4223 2669
4224 2670
4224 2671
4224 2672
4224 2673
4225 2674
4225 2675
4225 2676
4225 2677
4225 2678
4226 2679
4226 2680
4226 2681
4226 2682
4226 2683
4227 2684
4227 2685
4227 2686
4227 2687
4228 2688
4228 2689
4228 2690
4228 2691
4228 2692
4229 2693
4229 2694
4229 2695
4229 2696
4229 2697
4230 2698
4230 2699
4230 2700
4230 2701
4231 2702
4231 2703
4231 2704
4231 2705
4231 2706
4232 2707
4232 2708
4232 2709
4232 2710
4232 2711
4233 2712
4233 2713
4233 2714
4233 2715
4234 2716
4234 2717
4234 2718
4234 2719
4234 2720
4235 2721
4235 2722
4235 2723
4236 2724
4236 2725
4236 2726
4236 2727
4236 2728
4237 2729
4237 2730
4237 2731
4237 2732
4238 2733
4238 2734
4238 2735
4238 2736
4238 2737
4239 2738
4239 2739
4239 2740
4239 2741
4240 2742
4240 2743
4240 2744
4240 2745
4240 2746
4241 2747
4241 2748
4241 2749
4241 2750
4241 2751
4242 2752
4242 2753
4242 2754
4242 2755
4243 2756
4243 2757
4243 2758
4243 2759
4243 2760
4244 2761
4244 2762
4244 2763
4244 2764
4244 2765
4245 2766
4245 2767
4245 2768
4245 2769
4246 2770
4246 2771
4246 2772
4246 2773
4246 2774
4247 2775
4247 2776
4247 2777
4247 2778
4247 2779
4248 2780
4248 2781
4248 2782
4248 2783
4248 2784
4249 2785
4249 2786
4249 2787
4249 2788
4250 2789
4250 2790
4250 2791
4250 2792
4251 2793
4251 2794
4251 2795
4251 2796
4251 2797
4252 2798
4252 2799
4252 2800
4252 2801
4253 2802
4253 2803
4253 2804
4253 2805
4253 2806
4254 2807
4254 2808
4254 2809
4254 2810
4254 2811
4255 2812
4255 2813
4255 2814
4255 2815
4255 2816
4256 2817
4256 2818
4256 2819
4256 2820
4256 2821
4257 2822
4257 2823
4257 2824
4257 2825
4258 2826
4258 2827
4258 2828
4258 2829
4258 2830
4259 2831
4259 2832
4259 2833
4259 2834
4259 2835
4260 2836
4260 2837
4260 2838
4260 2839
4261 2840
4261 2841
4261 2842
4261 2843
4262 2844
4262 2845
4262 2846
4262 2847
4262 2848
4263 2849
4263 2850
4263 2851
4263 2852
4264 2853
4264 2854
4264 2855
4264 2856
4264 2857
4265 2858
4265 2859
4265 2860
4265 2861
4265 2862
4266 2863
4266 2864
4266 2865
4266 2866
4267 2867
4267 2868
4267 2869
4267 2870
4267 2871
4268 2872
4268 2873
4268 2874
4268 2875
4268 2876
4269 2877
4269 2878
4269 2879
4269 2880
4270 2881
4270 2882
4270 2883
4270 2884
4270 2885
4271 2886
4271 2887
4271 2888
4271 2889
4271 2890
4272 2891
4272 2892
4272 2893
4272 2894
4273 2895
4273 2896
4273 2897
4273 2898
4273 2899
4274 2900
4274 2901
4274 2902
4274 2903
4275 2904
4275 2905
4275 2906
4275 2907
4275 2908
4276 2909
4276 2910
4276 2911
4276 2912
4277 2913
4277 2914
4277 2915
4277 2916
4277 2917
4278 2918
4278 2919
4278 2920
4278 2921
4279 2922
4279 2923
4279 2924
4279 2925
4279 2926
4280 2927
4280 2928
4280 2929
4280 2930
4281 2931
4281 2932
4281 2933
4281 2934
4281 2935
4282 2936
4282 2937
4282 2938
4282 2939
4282 2940
4283 2941
4283 2942
4283 2943
4283 2944
4284 2945
4284 2946
4284 2947
4284 2948
4285 2949
4285 2950
4285 2951
4285 2952
4285 2953
4286 2954
4286 2955
4286 2956
4286 2957
4286 2958
4287 2959
4287 2960
4287 2961
4287 2962
4288 2963
4288 2964
4288 2965
4288 2966
4288 2967
4289 2968
4289 2969
4289 2970
4289 2971
4289 2972
4290 2973
4290 2974
4290 2975
4290 2976
4291 2977
4291 2978
4291 2979
4291 2980
4291 2981
4292 2982
4292 2983
4292 2984
4292 2985
4292 2986
4293 2987
4293 2988
4293 2989
4293 2990
4294 2991
4294 2992
4294 2993
4294 2994
4294 2995
4295 2996
4295 2997
4295 2998
4295 2999
4296 3000
4296 3001
4296 3002
4296 3003
4296 3004
4297 3005
4297 3006
4297 3007
4297 3008
4297 3009
4298 3010
4298 3011
4298 3012
4299 3013
4299 3014
4299 3015
4299 3016
4299 3017
4300 3018
4300 3019
4300 3020
4300 3021
4300 3022
4301 3023
4301 3024
4301 3025
4301 3026
4301 3027
4302 3028
4302 3029
4302 3030
4302 3031
4303 3032
4303 3033
4303 3034
4303 3035
4303 3036
4304 3037
4304 3038
4304 3039
4304 3040
4304 3041
4305 3042
4305 3043
4305 3044
4305 3045
4306 3046
4306 3047
4306 3048
4306 3049
4306 3050
4307 3051
4307 3052
4307 3053
4307 3054
4307 3055
4308 3056
4308 3057
4308 3058
4308 3059
4309 3060
4309 3061
4309 3062
4309 3063
4309 3064
4310 3065
4310 3066
4310 3067
4310 3068
4310 3069
4311 3070
4311 3071
4311 3072
4311 3073
4312 3074
4312 3075
4312 3076
4312 3077
4313 3078
4313 3079
4313 3080
4313 3081
4313 3082
4314 3083
4314 3084
4314 3085
4314 3086
4315 3087
4315 3088
4315 3089
4315 3090
4315 3091
4316 3092
4316 3093
4316 3094
4316 3095
4317 3096
4317 3097
4317 3098
4317 3099
4317 3100
4318 3101
4318 3102
4318 3103
4318 3104
4318 3105
4319 3106
4319 3107
4319 3108
4319 3109
4320 3110
4320 3111
4320 3112
4320 3113
4320 3114
4321 3115
4321 3116
4321 3117
4321 3118
4321 3119
4322 3120
4322 3121
4322 3122
4322 3123
4323 3124
4323 3125
4323 3126
4323 3127
4323 3128
4324 3129
4324 3130
4324 3131
4324 3132
4324 3133
4325 3134
4325 3135
4325 3136
4325 3137
4326 3138
4326 3139
4326 3140
4326 3141
4326 3142
4327 3143
4327 3144
4327 3145
4327 3146
4327 3147
4328 3148
4328 3149
4328 3150
4328 3151
4329 3152
4329 3153
4329 3154
4329 3155
4329 3156
4330 3157
4330 3158
4330 3159
4330 3160
4331 3161
4331 3162
4331 3163
4331 3164
4332 3165
4332 3166
4332 3167
4332 3168
4332 3169
4333 3170
4333 3171
4333 3172
4333 3173
4334 3174
4334 3175
4334 3176
4334 3177
4334 3178
4335 3179
4335 3180
4335 3181
4335 3182
4336 3183
4336 3184
4336 3185
4336 3186
4336 3187
4337 3188
4337 3189
4337 3190
4337 3191
4338 3192
4338 3193
4338 3194
4338 3195
4339 3196
4339 3197
4339 3198
4339 3199
4339 3200
4340 3201
4340 3202
4340 3203
4340 3204
4341 3205
4341 3206
4341 3207
4341 3208
4341 3209
4342 3210
4342 3211
4342 3212
4342 3213
4343 3214
4343 3215
4343 3216
4343 3217
4344 3218
4344 3219
4344 3220
4344 3221
4345 3222
4345 3223
4345 3224
4345 3225
4346 3226
4346 3227
4346 3228
4346 3229
4346 3230
4347 3231
4347 3232
4347 3233
4347 3234
4348 3235
4348 3236
4348 3237
4348 3238
4348 3239
4349 3240
4349 3241
4349 3242
4350 3243
4350 3244
4350 3245
4350 3246
4350 3247
4351 3248
4351 3249
4351 3250
4351 3251
4352 3252
4352 3253
4352 3254
4352 3255
4352 3256
4353 3257
4353 3258
4353 3259
4353 3260
4354 3261
4354 3262
4354 3263
4354 3264
4355 3265
4355 3266
4355 3267
4355 3268
4355 3269
4356 3270
4356 3271
4356 3272
4356 3273
4357 3274
4357 3275
4357 3276
4357 3277
4357 3278
4358 3279
4358 3280
4358 3281
4358 3282
4359 3283
4359 3284
4359 3285
4359 3286
4360 3287
4360 3288
4360 3289
4360 3290
4361 3291
4361 3292
4361 3293
4361 3294
4362 3295
4362 3296
4362 3297
4362 3298
4363 3299
4363 3300
4363 3301
4363 3302
4363 3303
4364 3304
4364 3305
4364 3306
4364 3307
4365 3308
4365 3309
4365 3310
4365 3311
4366 3312
4366 3313
4366 3314
4366 3315
4366 3316
4367 3317
4367 3318
4367 3319
4367 3320
4368 3321
4368 3322
4368 3323
4368 3324
4369 3325
4369 3326
4369 3327
4369 3328
4370 3329
4370 3330
4370 3331
4370 3332
4370 3333
4371 3334
4371 3335
4371 3336
4371 3337
4372 3338
4372 3339
4372 3340
4372 3341
4372 3342
4373 3343
4373 3344
4373 3345
4373 3346
4374 3347
4374 3348
4374 3349
4374 3350
4375 3351
4375 3352
4375 3353
4375 3354
4376 3355
4376 3356
4376 3357
4376 3358
4376 3359
4377 3360
4377 3361
4377 3362
4377 3363
4378 3364
4378 3365
4378 3366
4378 3367
4378 3368
4379 3369
4379 3370
4379 3371
4379 3372
4380 3373
4380 3374
4380 3375
4380 3376
4380 3377
4381 3378
4381 3379
4381 3380
4381 3381
4382 3382
4382 3383
4382 3384
4382 3385
4382 3386
4383 3387
4383 3388
4383 3389
4383 3390
4384 3391
4384 3392
4384 3393
4384 3394
4384 3395
4385 3396
4385 3397
4385 3398
4385 3399
4386 3400
4386 3401
4386 3402
4386 3403
4386 3404
4387 3405
4387 3406
4387 3407
4387 3408
4388 3409
4388 3410
4388 3411
4388 3412
4389 3413
4389 3414
4389 3415
4389 3416
4390 3417
4390 3418
4390 3419
4390 3420
4391 3421
4391 3422
4391 3423
4391 3424
4392 3425
4392 3426
4392 3427
4392 3428
4392 3429
4393 3430
4393 3431
4393 3432
4393 3433
4394 3434
4394 3435
4394 3436
4394 3437
4395 3438
4395 3439
4395 3440
4395 3441
4395 3442
4396 3443
4396 3444
4396 3445
4396 3446
4397 3447
4397 3448
4397 3449
4397 3450
4398 3451
4398 3452
4398 3453
4398 3454
4399 3455
4399 3456
4399 3457
4399 3458
4399 3459
4400 3460
4400 3461
4400 3462
4400 3463
4401 3464
4401 3465
4401 3466
4402 3467
4402 3468
4402 3469
4402 3470
4403 3471
4403 3472
4403 3473
4403 3474
4403 3475
4404 3476
4404 3477
4404 3478
4404 3479
4405 3480
4405 3481
4405 3482
4405 3483
4406 3484
4406 3485
4406 3486
4406 3487
4406 3488
4407 3489
4407 3490
4407 3491
4407 3492
4408 3493
4408 3494
4408 3495
4408 3496
4409 3497
4409 3498
4409 3499
4409 3500
4409 3501
4410 3502
4410 3503
4410 3504
4410 3505
4411 3506
4411 3507
4411 3508
4411 3509
4412 3510
4412 3511
4412 3512
4412 3513
4413 3514
4413 3515
4413 3516
4413 3517
4413 3518
4414 3519
4414 3520
4414 3521
4414 3522
4415 3523
4415 3524
4415 3525
4415 3526
4416 3527
4416 3528
4416 3529
4416 3530
4417 3531
4417 3532
4417 3533
4417 3534
4418 3535
4418 3536
4418 3537
4418 3538
4418 3539
4419 3540
4419 3541
4419 3542
4419 3543
4420 3544
4420 3545
4420 3546
4420 3547
4421 3548
4421 3549
4421 3550
4421 3551
4421 3552
4422 3553
4422 3554
4422 3555
4422 3556
4423 3557
4423 3558
4423 3559
4423 3560
4424 3561
4424 3562
4424 3563
4424 3564
4424 3565
4425 3566
4425 3567
4425 3568
4425 3569
4426 3570
4426 3571
4426 3572
4426 3573
4427 3574
4427 3575
4427 3576
4427 3577
4427 3578
4428 3579
4428 3580
4428 3581
4429 3582
4429 3583
4429 3584
4429 3585
4430 3586
4430 3587
4430 3588
4430 3589
4431 3590
4431 3591
4431 3592
4432 3593
4432 3594
4432 3595
4432 3596
4432 3597
4433 3598
4433 3599
4433 3600
4433 3601
4434 3602
4434 3603
4434 3604
4434 3605
4434 3606
4435 3607
4435 3608
4435 3609
4435 3610
4436 3611
4436 3612
4436 3613
4436 3614
4437 3615
4437 3616
4437 3617
4437 3618
4437 3619
4438 3620
4438 3621
4438 3622
4438 3623
4439 3624
4440 3625
4440 3626
4441 3627
4441 3628
4442 3629
4443 3630
4443 3631
4444 3632
4445 3633
4445 3634
4446 3635
4447 3636
4447 3637
4448 3638
4448 3639
4449 3640
4450 3641
4450 3642
4451 3643
4452 3644
4452 3645
4453 3646
4453 3647
4454 3648
4455 3649
4455 3650
4456 3651
4456 3652
4457 3653
4458 3654
4458 3655
4459 3656
4460 3657
4460 3658
4461 3659
4462 3660
4462 3661
4463 3662
4464 3663
4464 3664
4465 3665
4466 3666
4466 3667
4467 3668
4467 3669
4468 3670
4469 3671
4469 3672
4470 3673
4470 3674
4471 3675
4472 3676
4472 3677
4473 3678
4473 3679
4474 3680
4475 3681
4475 3682
4476 3683
4477 3684
4477 3685
4478 3686
4479 3687
4480 3688
4480 3689
4481 3690
4481 3691
4482 3692
4483 3693
4483 3694
4484 3695
4484 3696
4485 3697
4486 3698
4486 3699
4487 3700
4487 3701
4488 3702
4489 3703
4489 3704
4490 3705
4490 3706
4491 3707
4492 3708
4492 3709
4493 3710
4494 3711
4495 3712
4495 3713
4496 3714
4496 3715
4497 3716
4498 3717
4498 3718
4499 3719
4500 3720
4500 3721
4501 3722
4501 3723
4502 3724
4503 3725
4503 3726
4504 3727
4504 3728
4505 3729
4506 3730
4506 3731
4507 3732
4507 3733
4508 3734
4509 3735
4509 3736
4510 3737
4510 3738
4511 3739
4512 3740
4512 3741
4513 3742
4513 3743
4514 3744
4515 3745
4515 3746
4516 3747
4516 3748
4517 3749
4518 3750
4518 3751
4519 3752
4519 3753
4520 3754
4521 3755
4521 3756
4522 3757
4522 3758
4523 3759
4524 3760
4524 3761
4525 3762
4526 3763
4526 3764
4527 3765
4527 3766
4528 3767
4529 3768
4529 3769
4530 3770
4531 3771
4531 3772
4532 3773
4532 3774
4533 3775
4534 3776
4534 3777
4535 3778
4536 3779
4536 3780
4537 3781
4537 3782
4538 3783
4539 3784
4539 3785
4540 3786
4541 3787
4541 3788
4542 3789
4543 3790
4543 3791
4544 3792
4544 3793
4545 3794
4546 3795
4546 3796
4547 3797
4547 3798
4548 3799
4549 3800
4549 3801
4550 3802
4551 3803
4551 3804
4552 3805
4552 3806
4553 3807
4554 3808
4554 3809
4555 3810
4555 3811
4556 3812
4557 3813
4557 3814
4558 3815
4559 3816
4559 3817
4560 3818
4560 3819
4561 3820
4561 3821
4562 3822
4563 3823
4563 3824
4564 3825
4564 3826
4565 3827
4565 3828
4566 3829
4567 3830
4567 3831
4568 3832
4568 3833
4569 3834
4570 3835
4570 3836
4571 3837
4572 3838
4572 3839
4573 3840
4573 3841
4574 3842
4575 3843
4575 3844
4576 3845
4577 3846
4577 3847
4578 3848
4578 3849
4579 3850
4579 3851
4580 3852
4581 3853
4581 3854
4582 3855
4582 3856
4583 3857
4584 3858
4584 3859
4585 3860
4585 3861
4586 3862
4587 3863
4587 3864
4588 3865
4589 3866
4589 3867
4590 3868
4590 3869
4591 3870
4592 3871
4592 3872
4593 3873
4593 3874
4594 3875
4594 3876
4595 3877
4596 3878
4596 3879
4597 3880
4597 3881
4598 3882
4598 3883
4599 3884
4600 3885
4600 3886
4601 3887
4602 3888
4602 3889
4603 3890
4603 3891
4604 3892
4604 3893
4605 3894
4606 3895
4606 3896
4607 3897
4607 3898
4608 3899
4608 3900
4609 3901
4610 3902
4610 3903
4611 3904
4611 3905
4612 3906
4613 3907
4613 3908
4614 3909
4614 3910
4615 3911
4615 3912
4616 3913
4616 3914
4617 3915
4618 3916
4618 3917
4619 3918
4619 3919
4620 3920
4620 3921
4621 3922
4622 3923
4622 3924
4623 3925
4623 3926
4624 3927
4624 3928
4625 3929
4626 3930
4626 3931
4627 3932
4627 3933
4628 3934
4629 3935
4629 3936
4630 3937
4630 3938
4631 3939
4631 3940
4632 3941
4633 3942
4633 3943
4634 3944
4634 3945
4635 3946
4635 3947
4636 3948
4636 3949
4637 3950
4638 3951
4638 3952
