59 GB
0.731063
1.56691
3.77694
4.66203
5.09879
5.36
5.7217
5.97236
6.18757
6.35514
6.54253
6.69385
6.87977
7.01966
7.1496
7.30534
7.47931
7.58402
7.71121
7.81782
7.23372
6.52767
4.40616
3.67364
3.33435
3.18727
2.92711
2.7085
2.52286
2.3899
2.2317
2.10821
1.94892
1.83845
1.73825
1.61289
1.4679
1.3914
1.29286
1.21601
1.1003
0.998399
0.936948
0.815556
0.745157
0.659417
0.586349
0.582333
0.587505
0.582127
0.580939
0.58066
0.581983
0.58048
0.579003
0.577429
0.576539
0.580229
0.578732
0.577518
0.574125
0.578337
174.636
174.697
174.772
174.828
174.891
174.949
175
175.07
175.133
175.192
175.253
175.319
175.377
175.432
175.486
175.544
175.605
175.655
175.706
175.757
1.76071
1.74714
1.74187
1.73989
1.74989
1.77215
1.77809
1.76353
1.75461
1.74753
1.7513
