Linux 3.13.0-68-generic (ds-server2) 	10/12/2016 	_x86_64_	(24 CPU)

07:20:31 PM  CPU    %usr   %nice    %sys %iowait    %irq   %soft  %steal  %guest  %gnice   %idle
07:20:32 PM  all    0.71    0.00    2.58    1.46    0.00    0.00    0.00    0.00    0.00   95.25
07:20:33 PM  all    0.75    0.00    4.05    0.13    0.00    0.00    0.00    0.00    0.00   95.08
07:20:34 PM  all    3.61    0.00    4.71   11.58    0.00    0.08    0.00    0.00    0.00   80.02
07:20:35 PM  all   11.83    0.00    8.48   27.24    0.00    0.13    0.00    0.00    0.00   52.32
07:20:36 PM  all    8.51    0.00    6.84   19.52    0.00    0.09    0.00    0.00    0.00   65.05
07:20:37 PM  all    5.07    0.00    8.04   20.37    0.00    0.17    0.00    0.00    0.00   66.35
07:20:38 PM  all    9.70    0.00    8.68   22.93    0.00    0.13    0.00    0.00    0.00   58.57
07:20:39 PM  all   15.35    0.00    7.08   20.11    0.00    0.21    0.00    0.00    0.00   57.25
07:20:40 PM  all   19.24    0.00    7.82   18.78    0.00    0.34    0.00    0.00    0.00   53.82
07:20:41 PM  all   17.15    0.00    8.20   19.87    0.00    0.13    0.00    0.00    0.00   54.65
07:20:42 PM  all   23.06    0.00    5.65   18.74    0.00    0.21    0.00    0.00    0.00   52.33
07:20:43 PM  all   27.01    0.00    5.32   16.84    0.00    0.13    0.00    0.00    0.00   50.70
07:20:44 PM  all   15.91    0.00    6.94   20.02    0.00    0.13    0.00    0.00    0.00   57.00
07:20:45 PM  all   11.66    0.00    8.02   20.02    0.00    0.26    0.00    0.00    0.00   60.05
07:20:46 PM  all    8.82    0.00    7.61   18.89    0.00    0.30    0.00    0.00    0.00   64.39
07:20:47 PM  all   14.52    0.00    5.90   13.40    0.00    0.22    0.00    0.00    0.00   65.96
07:20:48 PM  all   13.85    0.00    6.65   13.94    0.00    0.30    0.00    0.00    0.00   65.26
07:20:49 PM  all   11.27    0.00    7.23   13.90    0.00    0.17    0.00    0.00    0.00   67.43
07:20:50 PM  all   10.21    0.00    7.15   13.57    0.00    0.17    0.00    0.00    0.00   68.89
07:20:51 PM  all   16.87    0.00    6.24   11.92    0.00    0.17    0.00    0.00    0.00   64.80
07:20:52 PM  all   13.76    0.00    6.48   10.56    0.00    0.17    0.00    0.00    0.00   69.02
07:20:53 PM  all   11.88    0.00    5.64   10.68    0.00    0.09    0.00    0.00    0.00   71.71
07:20:54 PM  all   11.38    0.00    5.54    9.32    0.00    0.13    0.00    0.00    0.00   73.64
07:20:55 PM  all   11.93    0.00    4.43    8.52    0.00    0.13    0.00    0.00    0.00   74.99
07:20:56 PM  all   12.67    0.00    5.09    8.73    0.00    0.17    0.00    0.00    0.00   73.34
07:20:57 PM  all   11.82    0.00    5.40    7.58    0.00    0.21    0.00    0.00    0.00   74.99
07:20:58 PM  all   13.35    0.00    5.74    6.76    0.00    0.09    0.00    0.00    0.00   74.06
07:20:59 PM  all   13.29    0.00    5.56    5.90    0.00    0.04    0.00    0.00    0.00   75.20
07:21:00 PM  all   11.05    0.00    4.84    5.78    0.00    0.17    0.00    0.00    0.00   78.16
07:21:01 PM  all   11.14    0.00    4.02    5.83    0.00    0.13    0.00    0.00    0.00   78.89
07:21:02 PM  all   12.20    0.00    4.29    5.23    0.00    0.04    0.00    0.00    0.00   78.23
07:21:03 PM  all   12.98    0.00    3.79    4.64    0.00    0.08    0.00    0.00    0.00   78.51
07:21:04 PM  all    9.27    0.00    2.66    2.99    0.00    0.04    0.00    0.00    0.00   85.03
07:21:05 PM  all    7.02    0.00    2.77    1.72    0.00    0.00    0.00    0.00    0.00   88.48
07:21:06 PM  all    7.78    0.00    2.86    2.44    0.00    0.00    0.00    0.00    0.00   86.93
07:21:07 PM  all    6.38    0.00    2.06    5.20    0.00    0.00    0.00    0.00    0.00   86.36
07:21:08 PM  all    5.99    0.00    2.05    5.07    0.00    0.00    0.00    0.00    0.00   86.88
07:21:09 PM  all    5.79    0.00    2.14    4.41    0.00    0.13    0.00    0.00    0.00   87.54
07:21:10 PM  all    6.08    0.00    2.31    4.99    0.00    0.13    0.00    0.00    0.00   86.50
07:21:11 PM  all    5.96    0.00    2.02    5.04    0.00    0.00    0.00    0.00    0.00   86.98
07:21:12 PM  all    7.28    0.00    1.94    5.05    0.00    0.00    0.00    0.00    0.00   85.74
07:21:13 PM  all    7.52    0.00    1.85    5.42    0.00    0.00    0.00    0.00    0.00   85.20
07:21:14 PM  all    5.97    0.00    1.64    5.30    0.00    0.00    0.00    0.00    0.00   87.09
07:21:15 PM  all    0.71    0.00    0.71    6.58    0.00    0.04    0.00    0.00    0.00   91.95
07:21:16 PM  all    0.46    0.00    0.50    5.36    0.00    0.00    0.00    0.00    0.00   93.68
07:21:17 PM  all    0.59    0.00    0.50    8.09    0.00    0.00    0.00    0.00    0.00   90.82
07:21:18 PM  all    0.42    0.00    0.54    7.95    0.00    0.00    0.00    0.00    0.00   91.09
07:21:19 PM  all    0.46    0.00    0.59    7.15    0.00    0.00    0.00    0.00    0.00   91.81
07:21:20 PM  all    0.46    0.00    0.42    7.75    0.00    0.04    0.00    0.00    0.00   91.33
07:21:21 PM  all    0.38    0.00    0.46    7.41    0.00    0.00    0.00    0.00    0.00   91.76
07:21:22 PM  all    0.63    0.00    0.67    7.75    0.00    0.00    0.00    0.00    0.00   90.95
07:21:23 PM  all    0.38    0.00    0.54    6.86    0.00    0.00    0.00    0.00    0.00   92.21
07:21:24 PM  all    0.29    0.00    0.42    6.83    0.00    0.00    0.00    0.00    0.00   92.45
07:21:25 PM  all    0.34    0.00    0.46    7.63    0.00    0.00    0.00    0.00    0.00   91.58
07:21:26 PM  all    0.54    0.00    0.59    7.08    0.00    0.08    0.00    0.00    0.00   91.71
07:21:27 PM  all    0.67    0.00    0.63    4.60    0.00    0.00    0.00    0.00    0.00   94.10
07:21:28 PM  all    0.42    0.00    0.50    6.95    0.00    0.04    0.00    0.00    0.00   92.09
07:21:29 PM  all    0.33    0.00    0.59    5.73    0.00    0.00    0.00    0.00    0.00   93.34
07:21:30 PM  all    0.38    0.00    0.46    7.08    0.00    0.00    0.00    0.00    0.00   92.08
07:21:31 PM  all    0.29    0.00    0.54    7.88    0.00    0.00    0.00    0.00    0.00   91.29
07:21:32 PM  all    0.92    0.00    0.54    7.78    0.00    0.04    0.00    0.00    0.00   90.72
07:21:33 PM  all    0.54    0.00    0.80    8.46    0.00    0.00    0.00    0.00    0.00   90.20
07:21:34 PM  all    0.42    0.00    0.54    7.99    0.00    0.00    0.00    0.00    0.00   91.05
07:21:35 PM  all    0.29    0.00    0.50    5.53    0.00    0.00    0.00    0.00    0.00   93.68
07:21:36 PM  all    0.29    0.00    0.50    7.15    0.00    0.00    0.00    0.00    0.00   92.05
07:21:37 PM  all    0.71    0.00    0.42    6.04    0.00    0.04    0.00    0.00    0.00   92.79
07:21:38 PM  all    0.29    0.00    0.54    5.74    0.00    0.00    0.00    0.00    0.00   93.43
07:21:39 PM  all    0.33    0.00    0.71    5.98    0.00    0.00    0.00    0.00    0.00   92.97
07:21:40 PM  all    0.29    0.00    0.54    6.53    0.00    0.00    0.00    0.00    0.00   92.63
07:21:41 PM  all    0.25    0.00    0.38    7.76    0.00    0.00    0.00    0.00    0.00   91.61
07:21:42 PM  all    0.67    0.00    0.50    7.53    0.00    0.04    0.00    0.00    0.00   91.25
07:21:43 PM  all    0.29    0.00    0.42    8.04    0.00    0.00    0.00    0.00    0.00   91.24
07:21:44 PM  all    0.29    0.00    0.34    8.01    0.00    0.00    0.00    0.00    0.00   91.37
07:21:45 PM  all    0.38    0.00    0.50    8.07    0.00    0.00    0.00    0.00    0.00   91.05
07:21:46 PM  all    0.29    0.00    0.46    6.54    0.00    0.04    0.00    0.00    0.00   92.67
07:21:47 PM  all    0.75    0.00    0.59    6.74    0.00    0.00    0.00    0.00    0.00   91.92
07:21:48 PM  all    0.25    0.00    0.59    6.56    0.00    0.00    0.00    0.00    0.00   92.60
07:21:49 PM  all    0.38    0.00    0.59    7.86    0.00    0.00    0.00    0.00    0.00   91.18
07:21:50 PM  all    0.29    0.00    0.38    7.42    0.00    0.00    0.00    0.00    0.00   91.90
07:21:51 PM  all    0.25    0.00    0.54    6.62    0.00    0.00    0.00    0.00    0.00   92.59
07:21:52 PM  all    0.79    0.00    0.59    6.86    0.00    0.00    0.00    0.00    0.00   91.76
07:21:53 PM  all    0.29    0.00    0.50    8.08    0.00    0.00    0.00    0.00    0.00   91.13
07:21:54 PM  all    0.25    0.00    0.42    8.08    0.00    0.04    0.00    0.00    0.00   91.21
07:21:55 PM  all    0.25    0.00    0.46    8.04    0.00    0.00    0.00    0.00    0.00   91.24
07:21:56 PM  all    0.33    0.00    0.50    8.07    0.00    0.04    0.00    0.00    0.00   91.05
07:21:57 PM  all    0.25    0.00    0.46    8.12    0.00    0.04    0.00    0.00    0.00   91.12
07:21:58 PM  all    0.59    0.00    0.50    8.08    0.00    0.00    0.00    0.00    0.00   90.83
07:21:59 PM  all    0.29    0.00    0.54    5.77    0.00    0.00    0.00    0.00    0.00   93.39
07:22:00 PM  all    0.34    0.00    0.46    3.69    0.00    0.00    0.00    0.00    0.00   95.52
07:22:01 PM  all    0.42    0.00    0.54    5.68    0.00    0.04    0.00    0.00    0.00   93.32
07:22:02 PM  all    0.38    0.00    0.59    4.60    0.00    0.00    0.00    0.00    0.00   94.44
07:22:03 PM  all    0.59    0.00    0.46    4.02    0.00    0.00    0.00    0.00    0.00   94.93
07:22:04 PM  all    0.25    0.00    0.34    4.03    0.00    0.00    0.00    0.00    0.00   95.38
07:22:05 PM  all    0.33    0.00    0.46    4.89    0.00    0.04    0.00    0.00    0.00   94.27
07:22:06 PM  all    0.42    0.00    0.42    3.98    0.00    0.00    0.00    0.00    0.00   95.18
07:22:07 PM  all    0.29    0.00    0.50    4.02    0.00    0.00    0.00    0.00    0.00   95.19
07:22:08 PM  all    0.67    0.00    0.50    3.94    0.00    0.00    0.00    0.00    0.00   94.89
07:22:09 PM  all    0.25    0.00    0.46    6.74    0.00    0.04    0.00    0.00    0.00   92.51
07:22:10 PM  all    0.17    0.00    0.46    8.05    0.00    0.00    0.00    0.00    0.00   91.32
07:22:11 PM  all    0.29    0.00    0.38    8.13    0.00    0.00    0.00    0.00    0.00   91.20
07:22:12 PM  all    0.25    0.00    0.29    8.10    0.00    0.00    0.00    0.00    0.00   91.36
07:22:13 PM  all    0.67    0.00    0.46    8.13    0.00    0.00    0.00    0.00    0.00   90.74
07:22:14 PM  all    0.25    0.00    0.42    8.09    0.00    0.00    0.00    0.00    0.00   91.24
07:22:15 PM  all    0.33    0.00    0.54    7.99    0.00    0.00    0.00    0.00    0.00   91.13
07:22:16 PM  all    0.21    0.00    0.50    8.17    0.00    0.00    0.00    0.00    0.00   91.12
07:22:17 PM  all    0.29    0.00    0.42    8.09    0.00    0.00    0.00    0.00    0.00   91.20
07:22:18 PM  all    0.71    0.00    0.50    6.87    0.00    0.00    0.00    0.00    0.00   91.92
07:22:19 PM  all    0.29    0.00    0.50    8.12    0.00    0.00    0.00    0.00    0.00   91.09
07:22:20 PM  all    0.42    0.00    0.46    8.04    0.00    0.00    0.00    0.00    0.00   91.08
07:22:21 PM  all    0.25    0.00    0.50    8.12    0.00    0.00    0.00    0.00    0.00   91.13
07:22:22 PM  all    0.33    0.00    0.50    7.57    0.00    0.00    0.00    0.00    0.00   91.59
07:22:23 PM  all    0.75    0.00    0.50    8.08    0.00    0.00    0.00    0.00    0.00   90.66
07:22:24 PM  all    0.21    0.00    0.46    8.09    0.00    0.00    0.00    0.00    0.00   91.24
07:22:25 PM  all    0.34    0.00    0.46    8.04    0.00    0.00    0.00    0.00    0.00   91.16
07:22:26 PM  all    0.42    0.00    0.71    8.54    0.00    0.00    0.00    0.00    0.00   90.33
07:22:27 PM  all    0.21    0.00    0.42    8.05    0.00    0.04    0.00    0.00    0.00   91.28
07:22:28 PM  all    0.75    0.00    0.54    8.04    0.00    0.00    0.00    0.00    0.00   90.67
07:22:29 PM  all    0.33    0.00    0.42    8.11    0.00    0.00    0.00    0.00    0.00   91.13
07:22:30 PM  all    0.34    0.00    0.42    8.09    0.00    0.00    0.00    0.00    0.00   91.16
07:22:31 PM  all    0.25    0.00    0.59    8.03    0.00    0.00    0.00    0.00    0.00   91.13
07:22:32 PM  all    0.21    0.00    0.59    8.12    0.00    0.00    0.00    0.00    0.00   91.08
07:22:33 PM  all    0.80    0.00    0.67    8.06    0.00    0.00    0.00    0.00    0.00   90.47
07:22:34 PM  all    0.25    0.00    0.42    8.09    0.00    0.04    0.00    0.00    0.00   91.20
07:22:35 PM  all    0.25    0.00    0.38    8.09    0.00    0.00    0.00    0.00    0.00   91.29
07:22:36 PM  all    0.34    0.00    0.38    8.05    0.00    0.04    0.00    0.00    0.00   91.20
07:22:37 PM  all    0.21    0.00    0.42    8.09    0.00    0.00    0.00    0.00    0.00   91.28
07:22:38 PM  all    0.59    0.00    0.46    8.13    0.00    0.00    0.00    0.00    0.00   90.82
07:22:39 PM  all    0.34    0.00    0.38    8.04    0.00    0.04    0.00    0.00    0.00   91.21
07:22:40 PM  all    0.17    0.00    0.38    8.05    0.00    0.00    0.00    0.00    0.00   91.40
07:22:41 PM  all    0.21    0.00    0.46    8.13    0.00    0.00    0.00    0.00    0.00   91.20
07:22:42 PM  all    0.25    0.00    0.42    8.04    0.00    0.04    0.00    0.00    0.00   91.25
07:22:43 PM  all    0.63    0.00    0.54    6.20    0.00    0.00    0.00    0.00    0.00   92.63
07:22:44 PM  all    0.33    0.00    0.50    4.14    0.00    0.00    0.00    0.00    0.00   95.02
07:22:45 PM  all    0.29    0.00    0.54    6.24    0.00    0.00    0.00    0.00    0.00   92.93
07:22:46 PM  all    0.25    0.00    0.54    7.78    0.00    0.00    0.00    0.00    0.00   91.43
07:22:47 PM  all    0.34    0.00    0.42    7.84    0.00    0.00    0.00    0.00    0.00   91.40
07:22:48 PM  all    0.33    0.00    0.54    7.53    0.00    0.00    0.00    0.00    0.00   91.59
07:22:49 PM  all    0.67    0.00    0.75    7.19    0.00    0.00    0.00    0.00    0.00   91.38
07:22:50 PM  all    0.29    0.00    0.46    6.49    0.00    0.00    0.00    0.00    0.00   92.76
07:22:51 PM  all    0.38    0.00    0.58    7.39    0.00    0.00    0.00    0.00    0.00   91.65
07:22:52 PM  all    0.17    0.00    0.50    6.70    0.00    0.04    0.00    0.00    0.00   92.58
07:22:53 PM  all    0.25    0.00    0.59    6.15    0.00    0.00    0.00    0.00    0.00   93.02
07:22:54 PM  all    0.67    0.00    0.38    6.54    0.00    0.00    0.00    0.00    0.00   92.41
07:22:55 PM  all    0.25    0.00    0.54    7.99    0.00    0.00    0.00    0.00    0.00   91.21
07:22:56 PM  all    0.29    0.00    0.42    8.16    0.00    0.04    0.00    0.00    0.00   91.08
07:22:57 PM  all    0.38    0.00    0.54    8.03    0.00    0.00    0.00    0.00    0.00   91.05
07:22:58 PM  all    0.25    0.00    0.38    8.04    0.00    0.00    0.00    0.00    0.00   91.33
07:22:59 PM  all    0.63    0.00    0.50    8.00    0.00    0.00    0.00    0.00    0.00   90.87
07:23:00 PM  all    0.25    0.00    0.34    8.04    0.00    0.04    0.00    0.00    0.00   91.33
07:23:01 PM  all    0.29    0.00    0.42    8.17    0.00    0.00    0.00    0.00    0.00   91.12
07:23:02 PM  all    0.33    0.00    0.54    8.11    0.00    0.00    0.00    0.00    0.00   91.02
07:23:03 PM  all    0.29    0.00    0.54    5.90    0.00    0.00    0.00    0.00    0.00   93.27
07:23:04 PM  all    0.59    0.00    0.50    8.04    0.00    0.00    0.00    0.00    0.00   90.87
07:23:05 PM  all    0.21    0.00    0.46    7.58    0.00    0.00    0.00    0.00    0.00   91.75
07:23:06 PM  all    0.29    0.00    0.59    8.19    0.00    0.00    0.00    0.00    0.00   90.93
07:23:07 PM  all    0.29    0.00    0.54    8.08    0.00    0.00    0.00    0.00    0.00   91.09
07:23:08 PM  all    0.21    0.00    0.46    7.50    0.00    0.00    0.00    0.00    0.00   91.83
07:23:09 PM  all    0.63    0.00    0.63    6.27    0.00    0.00    0.00    0.00    0.00   92.47
07:23:10 PM  all    0.21    0.00    0.46    3.98    0.00    0.00    0.00    0.00    0.00   95.35
07:23:11 PM  all    0.21    0.00    0.50    5.02    0.00    0.00    0.00    0.00    0.00   94.27
07:23:12 PM  all    0.29    0.00    0.46    3.93    0.00    0.00    0.00    0.00    0.00   95.32
07:23:13 PM  all    0.25    0.00    0.50    4.85    0.00    0.00    0.00    0.00    0.00   94.39
07:23:14 PM  all    0.54    0.00    0.59    4.78    0.00    0.00    0.00    0.00    0.00   94.09
07:23:15 PM  all    0.25    0.00    0.50    4.98    0.00    0.00    0.00    0.00    0.00   94.27
07:23:16 PM  all    0.21    0.00    0.25    4.53    0.00    0.00    0.00    0.00    0.00   95.01
07:23:17 PM  all    0.17    0.00    0.34    3.98    0.00    0.00    0.00    0.00    0.00   95.51
07:23:18 PM  all    0.29    0.00    0.46    4.27    0.00    0.00    0.00    0.00    0.00   94.98
07:23:19 PM  all    0.75    0.00    0.46    5.47    0.00    0.04    0.00    0.00    0.00   93.27
07:23:20 PM  all    0.29    0.00    0.54    4.76    0.00    0.00    0.00    0.00    0.00   94.40
07:23:21 PM  all    0.21    0.00    0.50    5.02    0.00    0.00    0.00    0.00    0.00   94.27
07:23:22 PM  all    0.33    0.00    0.46    4.93    0.00    0.00    0.00    0.00    0.00   94.27
07:23:23 PM  all    0.25    0.00    0.46    4.81    0.00    0.00    0.00    0.00    0.00   94.48
07:23:24 PM  all    0.59    0.00    0.38    4.02    0.00    0.00    0.00    0.00    0.00   95.01
07:23:25 PM  all    0.17    0.00    0.42    4.44    0.00    0.04    0.00    0.00    0.00   94.93
07:23:26 PM  all    0.34    0.00    0.46    5.66    0.00    0.00    0.00    0.00    0.00   93.54
07:23:27 PM  all    0.17    0.00    0.50    4.40    0.00    0.00    0.00    0.00    0.00   94.93
07:23:28 PM  all    0.25    0.00    0.38    4.10    0.00    0.00    0.00    0.00    0.00   95.27
07:23:29 PM  all    0.67    0.00    0.46    4.73    0.00    0.00    0.00    0.00    0.00   94.14
07:23:30 PM  all    0.25    0.00    0.46    8.09    0.00    0.00    0.00    0.00    0.00   91.20
07:23:31 PM  all    0.25    0.00    0.42    7.12    0.00    0.00    0.00    0.00    0.00   92.21
07:23:32 PM  all    0.29    0.00    0.50    8.04    0.00    0.00    0.00    0.00    0.00   91.16
07:23:33 PM  all    0.38    0.00    0.71    8.04    0.00    0.00    0.00    0.00    0.00   90.87
07:23:34 PM  all    0.67    0.00    0.59    8.03    0.00    0.00    0.00    0.00    0.00   90.71
07:23:35 PM  all    0.25    0.00    0.42    8.08    0.00    0.00    0.00    0.00    0.00   91.25
07:23:36 PM  all    0.17    0.00    0.46    8.17    0.00    0.00    0.00    0.00    0.00   91.20
07:23:37 PM  all    0.25    0.00    0.54    8.08    0.00    0.00    0.00    0.00    0.00   91.13
07:23:38 PM  all    0.21    0.00    0.42    8.04    0.00    0.00    0.00    0.00    0.00   91.33
07:23:39 PM  all    0.34    0.00    0.46    8.04    0.00    0.00    0.00    0.00    0.00   91.16
07:23:40 PM  all    0.63    0.00    0.50    8.04    0.00    0.00    0.00    0.00    0.00   90.83
07:23:41 PM  all    0.25    0.00    0.42    8.25    0.00    0.00    0.00    0.00    0.00   91.08
07:23:42 PM  all    0.21    0.00    0.50    8.03    0.00    0.04    0.00    0.00    0.00   91.21
07:23:43 PM  all    0.21    0.00    0.42    8.12    0.00    0.04    0.00    0.00    0.00   91.21
07:23:44 PM  all    0.21    0.00    0.42    8.09    0.00    0.00    0.00    0.00    0.00   91.29
07:23:45 PM  all    0.54    0.00    0.59    8.04    0.00    0.00    0.00    0.00    0.00   90.83
07:23:46 PM  all    0.21    0.00    0.50    8.17    0.00    0.00    0.00    0.00    0.00   91.12
07:23:47 PM  all    0.17    0.00    0.42    8.13    0.00    0.00    0.00    0.00    0.00   91.28
07:23:48 PM  all    0.21    0.00    0.50    8.12    0.00    0.00    0.00    0.00    0.00   91.17
07:23:49 PM  all    0.25    0.00    0.50    8.04    0.00    0.00    0.00    0.00    0.00   91.21
07:23:50 PM  all    0.67    0.00    0.50    8.03    0.00    0.00    0.00    0.00    0.00   90.79
07:23:51 PM  all    0.29    0.00    0.42    7.16    0.00    0.00    0.00    0.00    0.00   92.12
07:23:52 PM  all    0.29    0.00    0.38    8.09    0.00    0.00    0.00    0.00    0.00   91.24
07:23:53 PM  all    0.25    0.00    0.46    8.08    0.00    0.04    0.00    0.00    0.00   91.17
07:23:54 PM  all    0.29    0.00    0.46    8.08    0.00    0.00    0.00    0.00    0.00   91.17
07:23:55 PM  all    0.63    0.00    0.42    8.08    0.00    0.04    0.00    0.00    0.00   90.83
07:23:56 PM  all    0.34    0.00    0.34    8.01    0.00    0.00    0.00    0.00    0.00   91.32
07:23:57 PM  all    0.25    0.00    0.46    7.99    0.00    0.00    0.00    0.00    0.00   91.29
07:23:58 PM  all    0.34    0.00    0.38    8.00    0.00    0.00    0.00    0.00    0.00   91.29
07:23:59 PM  all    0.34    0.00    0.42    7.91    0.00    0.00    0.00    0.00    0.00   91.33
07:24:00 PM  all    0.67    0.00    0.42    8.00    0.00    0.00    0.00    0.00    0.00   90.91
07:24:01 PM  all    0.25    0.00    0.46    8.08    0.00    0.04    0.00    0.00    0.00   91.17
07:24:02 PM  all    0.33    0.00    0.42    7.95    0.00    0.00    0.00    0.00    0.00   91.29
07:24:03 PM  all    0.25    0.00    0.50    7.99    0.00    0.00    0.00    0.00    0.00   91.25
07:24:04 PM  all    0.33    0.00    0.38    8.04    0.00    0.00    0.00    0.00    0.00   91.25
07:24:05 PM  all    0.59    0.00    0.46    8.01    0.00    0.00    0.00    0.00    0.00   90.94
07:24:06 PM  all    0.38    0.00    0.42    7.74    0.00    0.00    0.00    0.00    0.00   91.46
07:24:07 PM  all    0.25    0.00    0.54    8.03    0.00    0.00    0.00    0.00    0.00   91.18
07:24:08 PM  all    0.21    0.00    0.54    7.96    0.00    0.00    0.00    0.00    0.00   91.29
07:24:09 PM  all    0.29    0.00    0.38    7.96    0.00    0.00    0.00    0.00    0.00   91.37
07:24:10 PM  all    0.67    0.00    0.42    7.96    0.00    0.00    0.00    0.00    0.00   90.95
07:24:11 PM  all    0.29    0.00    0.50    8.12    0.00    0.00    0.00    0.00    0.00   91.09
07:24:12 PM  all    0.17    0.00    0.63    6.99    0.00    0.00    0.00    0.00    0.00   92.22
07:24:13 PM  all    0.25    0.00    0.50    6.82    0.00    0.00    0.00    0.00    0.00   92.42
07:24:14 PM  all    0.25    0.00    0.46    5.99    0.00    0.00    0.00    0.00    0.00   93.30
07:24:15 PM  all    0.54    0.00    0.50    7.63    0.00    0.00    0.00    0.00    0.00   91.32
07:24:16 PM  all    0.17    0.00    0.46    7.46    0.00    0.00    0.00    0.00    0.00   91.91
07:24:17 PM  all    0.17    0.00    0.46    7.46    0.00    0.00    0.00    0.00    0.00   91.91
07:24:18 PM  all    0.21    0.00    0.42    5.41    0.00    0.00    0.00    0.00    0.00   93.96
07:24:19 PM  all    0.25    0.00    0.54    6.95    0.00    0.00    0.00    0.00    0.00   92.26
07:24:20 PM  all    0.67    0.00    0.50    7.70    0.00    0.04    0.00    0.00    0.00   91.09
07:24:21 PM  all    0.17    0.00    0.50    8.12    0.00    0.00    0.00    0.00    0.00   91.21
07:24:22 PM  all    0.21    0.00    0.42    8.09    0.00    0.00    0.00    0.00    0.00   91.29
07:24:23 PM  all    0.33    0.00    0.46    8.03    0.00    0.00    0.00    0.00    0.00   91.17
07:24:24 PM  all    0.21    0.00    0.34    8.10    0.00    0.00    0.00    0.00    0.00   91.36
07:24:25 PM  all    0.59    0.00    0.50    8.04    0.00    0.00    0.00    0.00    0.00   90.87
07:24:26 PM  all    0.33    0.00    0.46    6.03    0.00    0.04    0.00    0.00    0.00   93.14
07:24:27 PM  all    0.33    0.00    0.67    8.87    0.00    0.00    0.00    0.00    0.00   90.12
07:24:28 PM  all    0.21    0.00    0.50    7.96    0.00    0.04    0.00    0.00    0.00   91.29
07:24:29 PM  all    0.25    0.00    0.63    6.74    0.00    0.04    0.00    0.00    0.00   92.34
07:24:30 PM  all    0.29    0.00    0.71    7.91    0.00    0.04    0.00    0.00    0.00   91.05
07:24:31 PM  all    0.59    0.00    0.67    7.99    0.00    0.00    0.00    0.00    0.00   90.75
07:24:32 PM  all    0.33    0.00    0.71    8.03    0.00    0.00    0.00    0.00    0.00   90.92
07:24:33 PM  all    0.46    0.00    0.71    7.92    0.00    0.04    0.00    0.00    0.00   90.86
07:24:34 PM  all    0.29    0.00    0.63    8.06    0.00    0.00    0.00    0.00    0.00   91.02
07:24:35 PM  all    0.25    0.00    0.42    8.08    0.00    0.00    0.00    0.00    0.00   91.25
07:24:36 PM  all    0.54    0.00    0.63    8.12    0.00    0.00    0.00    0.00    0.00   90.71
07:24:37 PM  all    0.21    0.00    0.50    8.01    0.00    0.00    0.00    0.00    0.00   91.28
07:24:38 PM  all    0.21    0.00    0.46    4.86    0.00    0.00    0.00    0.00    0.00   94.47
07:24:39 PM  all    0.29    0.00    0.46    8.08    0.00    0.04    0.00    0.00    0.00   91.13
07:24:40 PM  all    0.29    0.00    0.50    8.11    0.00    0.00    0.00    0.00    0.00   91.09
07:24:41 PM  all    0.71    0.00    0.54    6.32    0.00    0.00    0.00    0.00    0.00   92.43
07:24:42 PM  all    0.25    0.00    0.50    5.98    0.00    0.04    0.00    0.00    0.00   93.22
07:24:43 PM  all    0.34    0.00    0.38    8.04    0.00    0.04    0.00    0.00    0.00   91.21
07:24:44 PM  all    0.21    0.00    0.46    8.04    0.00    0.04    0.00    0.00    0.00   91.25
07:24:45 PM  all    0.29    0.00    0.46    8.04    0.00    0.04    0.00    0.00    0.00   91.16
07:24:46 PM  all    0.59    0.00    0.42    8.17    0.00    0.00    0.00    0.00    0.00   90.82
07:24:47 PM  all    0.29    0.00    0.46    5.10    0.00    0.04    0.00    0.00    0.00   94.11
07:24:48 PM  all    0.25    0.00    0.46    7.42    0.00    0.00    0.00    0.00    0.00   91.87
07:24:49 PM  all    0.21    0.00    0.46    7.50    0.00    0.00    0.00    0.00    0.00   91.83
07:24:50 PM  all    0.29    0.00    0.50    8.07    0.00    0.04    0.00    0.00    0.00   91.10
07:24:51 PM  all    0.59    0.00    0.54    8.04    0.00    0.04    0.00    0.00    0.00   90.79
07:24:52 PM  all    0.25    0.00    0.42    7.92    0.00    0.04    0.00    0.00    0.00   91.37
07:24:53 PM  all    0.21    0.00    0.50    7.88    0.00    0.00    0.00    0.00    0.00   91.41
07:24:54 PM  all    0.25    0.00    0.50    7.91    0.00    0.04    0.00    0.00    0.00   91.29
07:24:55 PM  all    0.29    0.00    0.59    7.87    0.00    0.04    0.00    0.00    0.00   91.21
07:24:56 PM  all    0.67    0.00    0.46    8.09    0.00    0.04    0.00    0.00    0.00   90.74
07:24:57 PM  all    0.29    0.00    0.63    7.94    0.00    0.00    0.00    0.00    0.00   91.14
07:24:58 PM  all    0.25    0.00    0.54    7.99    0.00    0.00    0.00    0.00    0.00   91.21
07:24:59 PM  all    0.25    0.00    0.54    7.98    0.00    0.04    0.00    0.00    0.00   91.18
07:25:00 PM  all    0.25    0.00    0.59    8.04    0.00    0.00    0.00    0.00    0.00   91.13
07:25:01 PM  all    0.67    0.00    0.50    8.16    0.00    0.04    0.00    0.00    0.00   90.63
07:25:02 PM  all    0.25    0.00    0.50    7.95    0.00    0.04    0.00    0.00    0.00   91.25
07:25:03 PM  all    0.17    0.00    0.50    7.96    0.00    0.00    0.00    0.00    0.00   91.37
07:25:04 PM  all    0.21    0.00    0.59    7.95    0.00    0.00    0.00    0.00    0.00   91.25
07:25:05 PM  all    0.21    0.00    0.50    8.08    0.00    0.00    0.00    0.00    0.00   91.21
07:25:06 PM  all    0.50    0.00    0.63    6.87    0.00    0.00    0.00    0.00    0.00   92.00
07:25:07 PM  all    0.25    0.00    0.42    8.04    0.00    0.04    0.00    0.00    0.00   91.25
07:25:08 PM  all    0.25    0.00    0.59    7.99    0.00    0.04    0.00    0.00    0.00   91.13
07:25:09 PM  all    0.25    0.00    0.46    8.00    0.00    0.00    0.00    0.00    0.00   91.29
07:25:10 PM  all    0.29    0.00    0.50    7.99    0.00    0.00    0.00    0.00    0.00   91.21
07:25:11 PM  all    0.67    0.00    0.50    8.00    0.00    0.00    0.00    0.00    0.00   90.83
07:25:12 PM  all    0.25    0.00    0.42    8.04    0.00    0.00    0.00    0.00    0.00   91.29
07:25:13 PM  all    0.29    0.00    0.54    8.04    0.00    0.00    0.00    0.00    0.00   91.13
07:25:14 PM  all    0.34    0.00    0.50    8.00    0.00    0.00    0.00    0.00    0.00   91.16
07:25:15 PM  all    0.21    0.00    0.54    7.99    0.00    0.04    0.00    0.00    0.00   91.21
07:25:16 PM  all    0.67    0.00    0.59    8.04    0.00    0.00    0.00    0.00    0.00   90.70
07:25:17 PM  all    0.21    0.00    0.63    7.90    0.00    0.04    0.00    0.00    0.00   91.22
07:25:18 PM  all    0.25    0.00    0.54    8.03    0.00    0.00    0.00    0.00    0.00   91.17
07:25:19 PM  all    0.25    0.00    0.54    8.03    0.00    0.04    0.00    0.00    0.00   91.13
07:25:20 PM  all    0.29    0.00    0.46    8.00    0.00    0.04    0.00    0.00    0.00   91.21
07:25:21 PM  all    0.29    0.00    0.59    8.08    0.00    0.00    0.00    0.00    0.00   91.04
07:25:22 PM  all    0.50    0.00    0.50    8.00    0.00    0.00    0.00    0.00    0.00   90.99
07:25:23 PM  all    0.21    0.00    0.59    8.08    0.00    0.00    0.00    0.00    0.00   91.13
07:25:24 PM  all    0.33    0.00    0.59    8.03    0.00    0.04    0.00    0.00    0.00   91.01
07:25:25 PM  all    0.25    0.00    0.59    7.96    0.00    0.00    0.00    0.00    0.00   91.20
07:25:26 PM  all    0.17    0.00    0.38    8.01    0.00    0.04    0.00    0.00    0.00   91.40
07:25:27 PM  all    0.80    0.00    0.71    8.62    0.00    0.00    0.00    0.00    0.00   89.87
07:25:28 PM  all    0.21    0.00    0.54    8.04    0.00    0.00    0.00    0.00    0.00   91.21
07:25:29 PM  all    0.38    0.00    0.46    8.04    0.00    0.00    0.00    0.00    0.00   91.12
07:25:30 PM  all    0.13    0.00    0.42    8.04    0.00    0.04    0.00    0.00    0.00   91.37
07:25:31 PM  all    0.21    0.00    0.50    8.08    0.00    0.00    0.00    0.00    0.00   91.21
07:25:32 PM  all    0.67    0.00    0.63    7.99    0.00    0.08    0.00    0.00    0.00   90.62
07:25:33 PM  all    0.38    0.00    0.88    8.28    0.00    0.04    0.00    0.00    0.00   90.42
07:25:34 PM  all    0.25    0.00    0.42    8.01    0.00    0.00    0.00    0.00    0.00   91.32
07:25:35 PM  all    0.21    0.00    0.42    8.08    0.00    0.04    0.00    0.00    0.00   91.25
07:25:36 PM  all    0.34    0.00    0.34    7.97    0.00    0.00    0.00    0.00    0.00   91.36
07:25:37 PM  all    0.54    0.00    0.59    8.04    0.00    0.00    0.00    0.00    0.00   90.83
07:25:38 PM  all    0.29    0.00    0.50    7.99    0.00    0.04    0.00    0.00    0.00   91.17
07:25:39 PM  all    0.21    0.00    0.67    7.41    0.00    0.00    0.00    0.00    0.00   91.72
07:25:40 PM  all    0.38    0.00    0.59    7.91    0.00    0.00    0.00    0.00    0.00   91.12
07:25:41 PM  all    0.25    0.00    0.67    8.03    0.00    0.00    0.00    0.00    0.00   91.05
07:25:42 PM  all    0.59    0.00    0.59    7.99    0.00    0.00    0.00    0.00    0.00   90.83
07:25:43 PM  all    0.33    0.00    0.54    7.99    0.00    0.00    0.00    0.00    0.00   91.13
07:25:44 PM  all    0.21    0.00    0.50    8.08    0.00    0.04    0.00    0.00    0.00   91.16
07:25:45 PM  all    0.25    0.00    0.38    8.08    0.00    0.04    0.00    0.00    0.00   91.25
07:25:46 PM  all    0.21    0.00    0.55    8.05    0.00    0.00    0.00    0.00    0.00   91.19
07:25:47 PM  all    0.71    0.00    0.42    7.99    0.00    0.00    0.00    0.00    0.00   90.87
07:25:48 PM  all    0.38    0.00    0.50    8.04    0.00    0.04    0.00    0.00    0.00   91.04
07:25:49 PM  all    0.29    0.00    0.63    7.98    0.00    0.04    0.00    0.00    0.00   91.06
07:25:50 PM  all    0.21    0.00    0.50    8.00    0.00    0.00    0.00    0.00    0.00   91.29
07:25:51 PM  all    0.29    0.00    0.54    8.00    0.00    0.00    0.00    0.00    0.00   91.16
07:25:52 PM  all    0.63    0.00    0.59    7.95    0.00    0.04    0.00    0.00    0.00   90.79
07:25:53 PM  all    0.21    0.00    0.54    7.96    0.00    0.04    0.00    0.00    0.00   91.25
07:25:54 PM  all    0.33    0.00    0.46    8.03    0.00    0.00    0.00    0.00    0.00   91.17
07:25:55 PM  all    0.33    0.00    0.50    7.99    0.00    0.04    0.00    0.00    0.00   91.13
07:25:56 PM  all    0.34    0.00    0.46    8.04    0.00    0.00    0.00    0.00    0.00   91.16
07:25:57 PM  all    0.59    0.00    0.59    8.00    0.00    0.00    0.00    0.00    0.00   90.83
07:25:58 PM  all    0.25    0.00    0.54    7.96    0.00    0.04    0.00    0.00    0.00   91.21
07:25:59 PM  all    0.21    0.00    0.63    7.87    0.00    0.04    0.00    0.00    0.00   91.25
07:26:00 PM  all    0.25    0.00    0.63    7.95    0.00    0.00    0.00    0.00    0.00   91.17
07:26:01 PM  all    0.25    0.00    0.54    8.04    0.00    0.00    0.00    0.00    0.00   91.16
07:26:02 PM  all    0.67    0.00    0.50    8.12    0.00    0.00    0.00    0.00    0.00   90.71
07:26:03 PM  all    0.29    0.00    0.67    7.91    0.00    0.04    0.00    0.00    0.00   91.09
07:26:04 PM  all    0.21    0.00    0.46    8.04    0.00    0.00    0.00    0.00    0.00   91.29
07:26:05 PM  all    0.17    0.00    0.54    8.04    0.00    0.00    0.00    0.00    0.00   91.25
07:26:06 PM  all    0.29    0.00    0.59    8.08    0.00    0.00    0.00    0.00    0.00   91.04
07:26:07 PM  all    0.63    0.00    0.59    8.04    0.00    0.00    0.00    0.00    0.00   90.75
07:26:08 PM  all    0.17    0.00    0.59    7.96    0.00    0.04    0.00    0.00    0.00   91.25
07:26:09 PM  all    0.25    0.00    0.50    7.99    0.00    0.04    0.00    0.00    0.00   91.21
07:26:10 PM  all    0.21    0.00    0.67    7.96    0.00    0.00    0.00    0.00    0.00   91.16
07:26:11 PM  all    0.21    0.00    0.42    8.13    0.00    0.00    0.00    0.00    0.00   91.24
07:26:12 PM  all    0.29    0.00    0.50    8.04    0.00    0.04    0.00    0.00    0.00   91.13
07:26:13 PM  all    0.63    0.00    0.63    7.95    0.00    0.00    0.00    0.00    0.00   90.79
07:26:14 PM  all    0.25    0.00    0.50    8.03    0.00    0.00    0.00    0.00    0.00   91.21
07:26:15 PM  all    0.29    0.00    0.59    7.96    0.00    0.00    0.00    0.00    0.00   91.16
07:26:16 PM  all    0.17    0.00    0.59    8.08    0.00    0.00    0.00    0.00    0.00   91.16
07:26:17 PM  all    0.29    0.00    0.50    8.00    0.00    0.00    0.00    0.00    0.00   91.21
07:26:18 PM  all    0.54    0.00    0.50    8.04    0.00    0.04    0.00    0.00    0.00   90.87
07:26:19 PM  all    0.13    0.00    0.54    7.96    0.00    0.00    0.00    0.00    0.00   91.37
07:26:20 PM  all    0.25    0.00    0.42    8.01    0.00    0.00    0.00    0.00    0.00   91.32
07:26:21 PM  all    0.25    0.00    0.59    8.16    0.00    0.04    0.00    0.00    0.00   90.96
07:26:22 PM  all    0.33    0.00    0.59    7.91    0.00    0.00    0.00    0.00    0.00   91.17
07:26:23 PM  all    0.63    0.00    0.59    8.07    0.00    0.00    0.00    0.00    0.00   90.72
07:26:24 PM  all    0.21    0.00    0.38    8.01    0.00    0.04    0.00    0.00    0.00   91.36
07:26:25 PM  all    0.21    0.00    0.38    8.09    0.00    0.00    0.00    0.00    0.00   91.33
07:26:26 PM  all    0.25    0.00    0.46    8.05    0.00    0.00    0.00    0.00    0.00   91.24
07:26:27 PM  all    0.38    0.00    0.59    8.46    0.00    0.04    0.00    0.00    0.00   90.54
07:26:28 PM  all    0.67    0.00    0.42    8.01    0.00    0.00    0.00    0.00    0.00   90.90
07:26:29 PM  all    0.21    0.00    0.46    8.05    0.00    0.04    0.00    0.00    0.00   91.24
07:26:30 PM  all    0.21    0.00    0.34    8.09    0.00    0.04    0.00    0.00    0.00   91.33
07:26:31 PM  all    0.25    0.00    0.63    8.03    0.00    0.00    0.00    0.00    0.00   91.09
07:26:32 PM  all    0.29    0.00    0.67    7.49    0.00    0.00    0.00    0.00    0.00   91.55
07:26:33 PM  all    0.75    0.00    0.92    8.29    0.00    0.04    0.00    0.00    0.00   89.99
07:26:34 PM  all    0.17    0.00    0.54    8.08    0.00    0.04    0.00    0.00    0.00   91.17
07:26:35 PM  all    0.25    0.00    0.50    8.00    0.00    0.04    0.00    0.00    0.00   91.21
07:26:36 PM  all    0.17    0.00    0.59    8.12    0.00    0.00    0.00    0.00    0.00   91.13
07:26:37 PM  all    0.29    0.00    0.46    8.04    0.00    0.00    0.00    0.00    0.00   91.20
07:26:38 PM  all    0.63    0.00    0.54    7.92    0.00    0.00    0.00    0.00    0.00   90.91
07:26:39 PM  all    0.21    0.00    0.50    6.57    0.00    0.00    0.00    0.00    0.00   92.71
07:26:40 PM  all    0.29    0.00    0.63    7.94    0.00    0.08    0.00    0.00    0.00   91.06
07:26:41 PM  all    0.21    0.00    0.46    8.04    0.00    0.00    0.00    0.00    0.00   91.29
07:26:42 PM  all    0.25    0.00    0.59    7.95    0.00    0.04    0.00    0.00    0.00   91.17
07:26:43 PM  all    0.50    0.00    0.59    8.01    0.00    0.00    0.00    0.00    0.00   90.91
07:26:44 PM  all    0.29    0.00    0.42    8.01    0.00    0.00    0.00    0.00    0.00   91.28
07:26:45 PM  all    0.29    0.00    0.59    8.07    0.00    0.00    0.00    0.00    0.00   91.05
07:26:46 PM  all    0.25    0.00    0.46    8.17    0.00    0.00    0.00    0.00    0.00   91.12
07:26:47 PM  all    0.25    0.00    0.54    7.99    0.00    0.04    0.00    0.00    0.00   91.17
07:26:48 PM  all    0.67    0.00    0.54    8.12    0.00    0.00    0.00    0.00    0.00   90.67
07:26:49 PM  all    0.25    0.00    0.67    7.99    0.00    0.00    0.00    0.00    0.00   91.09
07:26:50 PM  all    0.25    0.00    0.46    8.00    0.00    0.00    0.00    0.00    0.00   91.29
07:26:51 PM  all    0.25    0.00    0.59    8.07    0.00    0.04    0.00    0.00    0.00   91.05
07:26:52 PM  all    0.25    0.00    0.50    7.96    0.00    0.00    0.00    0.00    0.00   91.29
07:26:53 PM  all    0.63    0.00    0.59    7.99    0.00    0.04    0.00    0.00    0.00   90.75
07:26:54 PM  all    0.29    0.00    0.38    8.08    0.00    0.00    0.00    0.00    0.00   91.25
07:26:55 PM  all    0.25    0.00    0.54    7.99    0.00    0.00    0.00    0.00    0.00   91.21
07:26:56 PM  all    0.13    0.00    0.54    8.09    0.00    0.00    0.00    0.00    0.00   91.24
07:26:57 PM  all    0.25    0.00    0.46    8.00    0.00    0.04    0.00    0.00    0.00   91.25
07:26:58 PM  all    0.67    0.00    0.42    7.96    0.00    0.04    0.00    0.00    0.00   90.91
07:26:59 PM  all    0.34    0.00    0.38    7.96    0.00    0.00    0.00    0.00    0.00   91.32
07:27:00 PM  all    0.34    0.00    0.46    7.96    0.00    0.00    0.00    0.00    0.00   91.25
07:27:01 PM  all    0.25    0.00    0.50    8.08    0.00    0.00    0.00    0.00    0.00   91.16
07:27:02 PM  all    0.25    0.00    0.42    8.05    0.00    0.00    0.00    0.00    0.00   91.28
07:27:03 PM  all    0.21    0.00    0.50    8.01    0.00    0.00    0.00    0.00    0.00   91.28
07:27:04 PM  all    0.67    0.00    0.46    8.01    0.00    0.00    0.00    0.00    0.00   90.86
07:27:05 PM  all    0.25    0.00    0.67    8.06    0.00    0.04    0.00    0.00    0.00   90.98
07:27:06 PM  all    0.17    0.00    0.59    8.12    0.00    0.00    0.00    0.00    0.00   91.13
07:27:07 PM  all    0.21    0.00    0.42    8.04    0.00    0.00    0.00    0.00    0.00   91.33
07:27:08 PM  all    0.17    0.00    0.46    8.01    0.00    0.04    0.00    0.00    0.00   91.32
07:27:09 PM  all    0.55    0.00    0.42    7.97    0.00    0.00    0.00    0.00    0.00   91.06
07:27:10 PM  all    0.17    0.00    0.46    8.04    0.00    0.00    0.00    0.00    0.00   91.33
07:27:11 PM  all    0.17    0.00    0.59    8.12    0.00    0.04    0.00    0.00    0.00   91.09
07:27:12 PM  all    0.17    0.00    0.38    7.98    0.00    0.00    0.00    0.00    0.00   91.48
07:27:13 PM  all    0.21    0.00    0.34    8.01    0.00    0.00    0.00    0.00    0.00   91.45
07:27:14 PM  all    0.67    0.00    0.54    8.04    0.00    0.00    0.00    0.00    0.00   90.75
07:27:15 PM  all    0.25    0.00    0.42    8.00    0.00    0.00    0.00    0.00    0.00   91.33
07:27:16 PM  all    0.29    0.00    0.54    8.03    0.00    0.00    0.00    0.00    0.00   91.13
07:27:17 PM  all    0.29    0.00    0.50    8.03    0.00    0.04    0.00    0.00    0.00   91.13
07:27:18 PM  all    0.29    0.00    0.54    7.99    0.00    0.00    0.00    0.00    0.00   91.17
07:27:19 PM  all    0.59    0.00    0.63    8.03    0.00    0.00    0.00    0.00    0.00   90.76
07:27:20 PM  all    0.25    0.00    0.54    7.99    0.00    0.04    0.00    0.00    0.00   91.17
07:27:21 PM  all    0.25    0.00    0.38    6.45    0.00    0.00    0.00    0.00    0.00   92.92
07:27:22 PM  all    0.21    0.00    0.50    7.96    0.00    0.04    0.00    0.00    0.00   91.29
07:27:23 PM  all    0.25    0.00    0.42    8.04    0.00    0.04    0.00    0.00    0.00   91.25
07:27:24 PM  all    0.59    0.00    0.59    8.03    0.00    0.04    0.00    0.00    0.00   90.75
07:27:25 PM  all    0.17    0.00    0.54    7.95    0.00    0.04    0.00    0.00    0.00   91.29
07:27:26 PM  all    0.17    0.00    0.46    8.09    0.00    0.00    0.00    0.00    0.00   91.29
07:27:27 PM  all    0.25    0.00    0.75    8.79    0.00    0.04    0.00    0.00    0.00   90.16
07:27:28 PM  all    0.29    0.00    0.54    7.99    0.00    0.00    0.00    0.00    0.00   91.17
07:27:29 PM  all    0.59    0.00    0.63    7.95    0.00    0.00    0.00    0.00    0.00   90.83
07:27:30 PM  all    0.25    0.00    0.50    8.03    0.00    0.04    0.00    0.00    0.00   91.18
07:27:31 PM  all    0.25    0.00    0.42    7.54    0.00    0.00    0.00    0.00    0.00   91.79
07:27:32 PM  all    0.25    0.00    0.50    7.59    0.00    0.00    0.00    0.00    0.00   91.66
07:27:33 PM  all    0.33    0.00    0.84    7.99    0.00    0.04    0.00    0.00    0.00   90.79
07:27:34 PM  all    0.63    0.00    0.63    7.99    0.00    0.00    0.00    0.00    0.00   90.75
07:27:35 PM  all    0.21    0.00    0.46    8.01    0.00    0.00    0.00    0.00    0.00   91.32
07:27:36 PM  all    0.25    0.00    0.50    8.13    0.00    0.00    0.00    0.00    0.00   91.12
07:27:37 PM  all    0.33    0.00    0.54    7.98    0.00    0.08    0.00    0.00    0.00   91.06
07:27:38 PM  all    0.25    0.00    0.54    8.03    0.00    0.04    0.00    0.00    0.00   91.13
07:27:39 PM  all    0.63    0.00    0.54    8.00    0.00    0.00    0.00    0.00    0.00   90.83
07:27:40 PM  all    0.29    0.00    0.46    8.08    0.00    0.04    0.00    0.00    0.00   91.12
07:27:41 PM  all    0.21    0.00    0.54    8.13    0.00    0.00    0.00    0.00    0.00   91.12
07:27:42 PM  all    0.21    0.00    0.46    8.04    0.00    0.00    0.00    0.00    0.00   91.29
07:27:43 PM  all    0.29    0.00    0.42    8.01    0.00    0.04    0.00    0.00    0.00   91.24
07:27:44 PM  all    0.63    0.00    0.46    8.09    0.00    0.00    0.00    0.00    0.00   90.83
07:27:45 PM  all    0.25    0.00    0.46    8.04    0.00    0.04    0.00    0.00    0.00   91.20
07:27:46 PM  all    0.29    0.00    0.42    8.08    0.00    0.04    0.00    0.00    0.00   91.16
07:27:47 PM  all    0.21    0.00    0.54    7.96    0.00    0.00    0.00    0.00    0.00   91.28
07:27:48 PM  all    0.25    0.00    0.50    8.08    0.00    0.04    0.00    0.00    0.00   91.12
07:27:49 PM  all    0.67    0.00    0.54    7.99    0.00    0.04    0.00    0.00    0.00   90.76
07:27:50 PM  all    0.25    0.00    0.54    8.00    0.00    0.00    0.00    0.00    0.00   91.20
07:27:51 PM  all    0.21    0.00    0.38    8.13    0.00    0.00    0.00    0.00    0.00   91.28
07:27:52 PM  all    0.17    0.00    0.42    8.05    0.00    0.00    0.00    0.00    0.00   91.37
07:27:53 PM  all    0.29    0.00    0.42    8.00    0.00    0.04    0.00    0.00    0.00   91.25
07:27:54 PM  all    0.33    0.00    0.59    7.95    0.00    0.00    0.00    0.00    0.00   91.13
07:27:55 PM  all    0.42    0.00    0.46    8.01    0.00    0.04    0.00    0.00    0.00   91.07
07:27:56 PM  all    0.21    0.00    0.50    8.12    0.00    0.04    0.00    0.00    0.00   91.12
07:27:57 PM  all    0.21    0.00    0.54    7.99    0.00    0.04    0.00    0.00    0.00   91.21
07:27:58 PM  all    0.29    0.00    0.34    8.00    0.00    0.04    0.00    0.00    0.00   91.33
07:27:59 PM  all    0.25    0.00    0.54    8.03    0.00    0.04    0.00    0.00    0.00   91.13
07:28:00 PM  all    0.54    0.00    0.59    7.99    0.00    0.04    0.00    0.00    0.00   90.83
07:28:01 PM  all    0.21    0.00    0.38    8.09    0.00    0.04    0.00    0.00    0.00   91.28
07:28:02 PM  all    0.13    0.00    0.50    7.99    0.00    0.13    0.00    0.00    0.00   91.25
07:28:03 PM  all    0.33    0.00    0.59    8.03    0.00    0.00    0.00    0.00    0.00   91.05
07:28:04 PM  all    0.13    0.00    0.54    8.04    0.00    0.00    0.00    0.00    0.00   91.29
07:28:05 PM  all    0.63    0.00    0.50    5.40    0.00    0.00    0.00    0.00    0.00   93.47
07:28:06 PM  all    0.25    0.00    0.50    7.38    0.00    0.00    0.00    0.00    0.00   91.87
07:28:07 PM  all    0.21    0.00    0.46    8.04    0.00    0.04    0.00    0.00    0.00   91.25
07:28:08 PM  all    0.34    0.00    0.38    8.04    0.00    0.04    0.00    0.00    0.00   91.20
07:28:09 PM  all    0.17    0.00    0.50    8.04    0.00    0.00    0.00    0.00    0.00   91.29
07:28:10 PM  all    0.54    0.00    0.54    7.96    0.00    0.04    0.00    0.00    0.00   90.91
07:28:11 PM  all    0.21    0.00    0.67    8.16    0.00    0.00    0.00    0.00    0.00   90.96
07:28:12 PM  all    0.21    0.00    0.50    8.00    0.00    0.00    0.00    0.00    0.00   91.29
07:28:13 PM  all    0.29    0.00    0.50    7.95    0.00    0.00    0.00    0.00    0.00   91.25
07:28:14 PM  all    0.25    0.00    0.46    8.00    0.00    0.04    0.00    0.00    0.00   91.24
07:28:15 PM  all    0.59    0.00    0.54    8.04    0.00    0.00    0.00    0.00    0.00   90.83
07:28:16 PM  all    0.21    0.00    0.67    8.03    0.00    0.00    0.00    0.00    0.00   91.09
07:28:17 PM  all    0.21    0.00    0.42    8.05    0.00    0.00    0.00    0.00    0.00   91.32
07:28:18 PM  all    0.38    0.00    0.63    8.01    0.00    0.00    0.00    0.00    0.00   90.98
07:28:19 PM  all    0.25    0.00    0.50    7.96    0.00    0.00    0.00    0.00    0.00   91.29
07:28:20 PM  all    0.67    0.00    0.67    8.02    0.00    0.00    0.00    0.00    0.00   90.64
07:28:21 PM  all    0.29    0.00    0.38    7.97    0.00    0.00    0.00    0.00    0.00   91.36
07:28:22 PM  all    0.21    0.00    0.54    7.99    0.00    0.04    0.00    0.00    0.00   91.22
07:28:23 PM  all    0.25    0.00    0.63    7.99    0.00    0.00    0.00    0.00    0.00   91.13
07:28:24 PM  all    0.25    0.00    0.67    7.98    0.00    0.04    0.00    0.00    0.00   91.06
07:28:25 PM  all    0.67    0.00    0.54    7.99    0.00    0.00    0.00    0.00    0.00   90.79
07:28:26 PM  all    0.25    0.00    0.59    8.07    0.00    0.04    0.00    0.00    0.00   91.05
07:28:27 PM  all    0.42    0.00    0.79    8.45    0.00    0.04    0.00    0.00    0.00   90.30
07:28:28 PM  all    0.13    0.00    0.50    8.01    0.00    0.00    0.00    0.00    0.00   91.36
07:28:29 PM  all    0.21    0.00    0.34    8.09    0.00    0.04    0.00    0.00    0.00   91.32
07:28:30 PM  all    0.67    0.00    0.67    7.95    0.00    0.04    0.00    0.00    0.00   90.67
07:28:31 PM  all    0.29    0.00    0.50    8.12    0.00    0.00    0.00    0.00    0.00   91.08
07:28:32 PM  all    0.25    0.00    0.67    8.12    0.00    0.00    0.00    0.00    0.00   90.96
07:28:33 PM  all    0.42    0.00    0.71    7.96    0.00    0.00    0.00    0.00    0.00   90.91
07:28:34 PM  all    0.25    0.00    0.63    7.90    0.00    0.00    0.00    0.00    0.00   91.22
07:28:35 PM  all    0.50    0.00    0.50    8.04    0.00    0.04    0.00    0.00    0.00   90.91
07:28:36 PM  all    0.21    0.00    0.34    8.10    0.00    0.04    0.00    0.00    0.00   91.32
07:28:37 PM  all    0.25    0.00    0.46    8.00    0.00    0.04    0.00    0.00    0.00   91.25
07:28:38 PM  all    0.33    0.00    0.59    7.99    0.00    0.04    0.00    0.00    0.00   91.04
07:28:39 PM  all    0.25    0.00    0.54    8.00    0.00    0.00    0.00    0.00    0.00   91.21
07:28:40 PM  all    0.67    0.00    0.59    8.00    0.00    0.04    0.00    0.00    0.00   90.70
07:28:41 PM  all    0.21    0.00    0.46    8.21    0.00    0.04    0.00    0.00    0.00   91.08
07:28:42 PM  all    0.17    0.00    0.54    8.04    0.00    0.04    0.00    0.00    0.00   91.21
07:28:43 PM  all    0.29    0.00    0.46    8.08    0.00    0.04    0.00    0.00    0.00   91.13
07:28:44 PM  all    0.17    0.00    0.46    8.00    0.00    0.00    0.00    0.00    0.00   91.37
07:28:45 PM  all    0.38    0.00    0.63    7.95    0.00    0.04    0.00    0.00    0.00   91.01
07:28:46 PM  all    0.59    0.00    0.50    8.01    0.00    0.04    0.00    0.00    0.00   90.86
07:28:47 PM  all    0.21    0.00    0.67    7.96    0.00    0.00    0.00    0.00    0.00   91.16
07:28:48 PM  all    0.25    0.00    0.84    7.99    0.00    0.00    0.00    0.00    0.00   90.92
07:28:49 PM  all    0.33    0.00    0.71    7.87    0.00    0.00    0.00    0.00    0.00   91.08
07:28:50 PM  all    0.17    0.00    0.67    7.91    0.00    0.00    0.00    0.00    0.00   91.26
07:28:51 PM  all    0.67    0.00    0.67    8.07    0.00    0.04    0.00    0.00    0.00   90.55
07:28:52 PM  all    0.38    0.00    0.67    7.87    0.00    0.04    0.00    0.00    0.00   91.05
07:28:53 PM  all    0.54    0.00    0.54    8.50    0.00    0.00    0.00    0.00    0.00   90.41
07:28:54 PM  all    0.38    0.00    0.59    7.95    0.00    0.04    0.00    0.00    0.00   91.05
07:28:55 PM  all    0.75    0.00    0.63    8.41    0.00    0.00    0.00    0.00    0.00   90.21
07:28:56 PM  all    0.63    0.00    0.59    8.08    0.00    0.04    0.00    0.00    0.00   90.67
07:28:57 PM  all    0.29    0.00    0.46    7.84    0.00    0.08    0.00    0.00    0.00   91.32
07:28:58 PM  all    0.21    0.00    0.63    7.95    0.00    0.04    0.00    0.00    0.00   91.17
07:28:59 PM  all    0.34    0.00    0.54    7.75    0.00    0.04    0.00    0.00    0.00   91.33
07:29:00 PM  all    0.29    0.00    0.54    7.91    0.00    0.00    0.00    0.00    0.00   91.25
07:29:01 PM  all    1.13    0.00    0.63    8.95    0.00    0.08    0.00    0.00    0.00   89.21
07:29:02 PM  all    0.29    0.00    0.71    7.91    0.00    0.00    0.00    0.00    0.00   91.09
07:29:03 PM  all    0.33    0.00    0.63    7.87    0.00    0.04    0.00    0.00    0.00   91.13
07:29:04 PM  all    0.21    0.00    0.50    7.92    0.00    0.04    0.00    0.00    0.00   91.32
07:29:05 PM  all    0.33    0.00    0.54    7.91    0.00    0.00    0.00    0.00    0.00   91.21
07:29:06 PM  all    0.67    0.00    0.67    7.95    0.00    0.04    0.00    0.00    0.00   90.67
07:29:07 PM  all    0.79    0.00    0.67    8.44    0.00    0.00    0.00    0.00    0.00   90.09
07:29:08 PM  all    0.38    0.00    0.75    7.89    0.00    0.04    0.00    0.00    0.00   90.94
07:29:09 PM  all    0.75    0.00    0.67    8.90    0.00    0.00    0.00    0.00    0.00   89.67
07:29:10 PM  all    0.42    0.00    0.71    7.89    0.00    0.04    0.00    0.00    0.00   90.94
07:29:11 PM  all    0.92    0.00    0.59    8.38    0.00    0.04    0.00    0.00    0.00   90.08
07:29:12 PM  all    0.50    0.00    0.54    8.46    0.00    0.00    0.00    0.00    0.00   90.50
07:29:13 PM  all    0.34    0.00    0.50    7.63    0.00    0.04    0.00    0.00    0.00   91.48
07:29:14 PM  all    4.58    0.00    3.77    7.88    0.00    0.13    0.00    0.00    0.00   83.64
07:29:15 PM  all   10.95    0.00    3.74    4.64    0.00    0.04    0.00    0.00    0.00   80.63
07:29:16 PM  all   11.66    0.00    5.87    4.52    0.00    0.00    0.00    0.00    0.00   77.96
07:29:17 PM  all   10.93    0.00    2.94    4.18    0.00    0.04    0.00    0.00    0.00   81.90
07:29:18 PM  all   11.08    0.00    2.76    4.14    0.00    0.09    0.00    0.00    0.00   81.93
07:29:19 PM  all   10.54    0.00    2.89    3.99    0.00    0.08    0.00    0.00    0.00   82.50
07:29:20 PM  all   10.89    0.00    2.55    3.79    0.00    0.04    0.00    0.00    0.00   82.73
07:29:21 PM  all   10.56    0.00    4.28    3.73    0.00    0.04    0.00    0.00    0.00   81.39
07:29:22 PM  all   12.84    0.00    4.52    3.80    0.00    0.00    0.00    0.00    0.00   78.85
07:29:23 PM  all   12.28    0.00    4.95    3.67    0.00    0.04    0.00    0.00    0.00   79.06
07:29:24 PM  all   10.95    0.00    3.41    3.53    0.00    0.00    0.00    0.00    0.00   82.11
07:29:25 PM  all   10.33    0.00    3.08    3.21    0.00    0.09    0.00    0.00    0.00   83.29
07:29:26 PM  all   11.33    0.00    4.61    3.25    0.00    0.00    0.00    0.00    0.00   80.81
07:29:27 PM  all   10.04    0.00    3.12    3.89    0.00    0.04    0.00    0.00    0.00   82.91
07:29:28 PM  all   11.38    0.00    3.33    3.08    0.00    0.08    0.00    0.00    0.00   82.13
07:29:29 PM  all   14.71    0.00    4.71    3.32    0.00    0.08    0.00    0.00    0.00   77.18
07:29:30 PM  all   14.29    0.00    4.19    3.38    0.00    0.08    0.00    0.00    0.00   78.05
07:29:31 PM  all   11.74    0.00    4.98    3.29    0.00    0.00    0.00    0.00    0.00   79.98
07:29:32 PM  all   10.19    0.00    4.06    3.13    0.00    0.00    0.00    0.00    0.00   82.61
07:29:33 PM  all   12.06    0.00    3.60    3.13    0.00    0.04    0.00    0.00    0.00   81.17
07:29:34 PM  all   11.01    0.00    3.44    2.89    0.00    0.04    0.00    0.00    0.00   82.62
07:29:35 PM  all   11.67    0.00    2.85    2.98    0.00    0.04    0.00    0.00    0.00   82.45
07:29:36 PM  all   13.83    0.00    4.03    3.31    0.00    0.04    0.00    0.00    0.00   78.79
07:29:37 PM  all   13.37    0.00    5.23    3.04    0.00    0.00    0.00    0.00    0.00   78.36
07:29:38 PM  all   12.37    0.00    3.91    2.97    0.00    0.00    0.00    0.00    0.00   80.75
07:29:39 PM  all   11.61    0.00    2.99    2.94    0.00    0.04    0.00    0.00    0.00   82.41
07:29:40 PM  all    9.65    0.00    2.73    2.82    0.00    0.04    0.00    0.00    0.00   84.76
07:29:41 PM  all   10.53    0.00    2.74    2.95    0.00    0.09    0.00    0.00    0.00   83.70
07:29:42 PM  all   11.31    0.00    2.85    2.72    0.00    0.00    0.00    0.00    0.00   83.11
07:29:43 PM  all   11.96    0.00    4.68    2.91    0.00    0.00    0.00    0.00    0.00   80.45
07:29:44 PM  all   11.84    0.00    4.29    2.93    0.00    0.04    0.00    0.00    0.00   80.90
07:29:45 PM  all    3.34    0.00    2.76    1.92    0.00    0.13    0.00    0.00    0.00   91.85
07:29:46 PM  all    0.38    0.00    1.42    0.58    0.00    0.00    0.00    0.00    0.00   97.62
