3579 1
3579 514
3579 2
3580 3009
3580 515
3580 3
3580 3178
3580 3179
3580 516
3581 4
3581 3180
3581 3181
3581 517
3581 3182
3581 5
3582 518
3582 3183
3582 6
3582 3184
3582 3187
3582 519
3583 3188
3583 7
3583 3189
3583 520
3583 3190
3583 8
3583 521
3583 3191
3584 9
3584 3192
3584 522
3584 3193
3584 10
3584 523
3585 3194
3585 3195
3585 11
3585 524
3585 3196
3585 12
3586 3197
3586 3198
3586 525
3586 13
3586 3199
3587 3200
3587 526
3587 3201
3587 14
3587 527
3587 3202
3588 15
3588 3203
3588 3204
3588 528
3588 16
3588 3205
3589 529
3589 3206
3589 17
3589 3207
3589 530
3590 18
3590 3208
3590 3209
3590 531
3590 3210
3590 19
3591 3211
3591 532
3591 3212
3591 20
3591 3213
3591 533
3592 3214
3592 21
3592 3215
3592 534
3592 3216
3592 22
3593 3217
3593 535
3593 23
3593 536
3593 3218
3593 24
3594 3219
3594 537
3594 3220
3594 25
3594 3221
3594 538
3595 3222
3595 26
3595 539
3595 3223
3595 27
3595 3224
3595 540
3596 3225
3596 28
3596 3226
3596 541
3596 3227
3596 29
3596 3228
3597 542
3597 30
3597 3229
3597 3230
3597 543
3597 3231
3598 31
3598 3232
3598 544
3598 3233
3598 32
3598 545
3598 3234
3599 33
3599 3235
3599 546
3599 3236
3599 34
3599 3237
3599 547
3600 3238
3600 35
3600 3239
3600 548
3600 3240
3600 36
3600 3241
3601 549
3601 3242
3601 37
3601 3243
3601 550
3601 3244
3601 38
3602 551
3602 3245
3602 39
3602 3246
3602 552
3602 3247
3603 40
3603 3248
3603 553
3603 41
3603 3249
3603 554
3603 3250
3603 42
3604 3251
3604 555
3604 3252
3604 43
3604 3253
3605 556
3605 3254
3605 44
3605 3255
3605 557
3605 3256
3605 45
3606 3257
3606 558
3606 3258
3606 46
3606 3259
3606 559
3606 47
3607 3260
3607 3261
3607 48
3607 560
3607 3262
3608 49
3608 3263
3608 561
3608 3264
3608 50
3608 3265
3608 562
3609 3266
3609 51
3609 563
3609 3267
3610 52
3610 3268
3610 564
3610 3269
3610 53
3610 3270
3610 565
3611 3271
3611 54
3611 3272
3611 566
3611 3273
3611 55
3611 3274
3612 567
3612 3275
3612 56
3612 3276
3612 568
3612 3277
3613 57
3613 3278
3613 569
3613 58
3613 3279
3613 3280
3614 570
3614 59
3614 3281
3614 571
3614 3282
3614 60
3615 3283
3615 572
3615 61
3615 3284
3615 3285
3616 573
3616 62
3616 3286
3616 3287
3616 574
3616 63
3616 3288
3617 3289
3617 575
3617 64
3617 3290
3617 3291
3618 576
3618 65
3618 3292
3618 577
3618 3293
3618 66
3619 3294
3619 578
3619 67
3619 3295
3619 579
3619 3296
3620 68
3620 3297
3620 580
3620 3298
3620 69
3620 0
3621 581
3621 3299
3621 70
3621 3300
3621 1822
3621 582
3621 71
3621 3301
3622 2099
3622 3302
3622 72
3622 583
3622 872
3622 3303
3622 73
3623 584
3623 3304
3623 873
3623 74
3623 3305
3623 585
3624 3306
3624 874
3624 75
3624 586
3624 875
3624 3307
3624 76
3624 587
3624 3308
3625 876
3625 77
3625 3309
3625 588
3625 877
3625 3310
3625 78
3626 589
3626 3311
3626 878
3626 79
3626 3312
3626 590
3626 879
3626 80
3627 3313
3627 591
3627 3314
3627 880
3627 81
3627 592
3627 3315
3628 881
3628 82
3628 3316
3628 593
3628 882
3628 83
3628 3317
3628 594
3629 883
3629 84
3629 3318
3629 595
3629 884
3629 3319
3630 85
3630 596
3630 3320
3630 885
3630 86
3630 3321
3630 597
3631 3322
3631 886
3631 87
3631 598
3631 3323
3631 887
3631 88
3631 3324
3632 599
3632 888
3632 3325
3632 89
3632 600
3632 3326
3632 889
3633 90
3633 3327
3633 890
3633 601
3633 91
3633 3328
3633 891
3634 602
3634 3329
3634 92
3634 892
3634 3330
3634 603
3634 93
3635 893
3635 3331
3635 604
3635 94
3635 3332
3635 894
3635 605
3635 3333
3636 95
3636 895
3636 3334
3636 606
3636 96
3636 896
3636 3335
3637 607
3637 97
3637 897
3637 3336
3637 608
3637 98
3637 3337
3638 898
3638 609
3638 99
3638 3338
3638 899
3638 610
3638 3339
3638 100
3639 900
3639 611
3639 3340
3639 101
3639 901
3639 3341
3639 612
3639 102
3640 3342
3640 902
3640 613
3640 3343
3640 103
3640 903
3640 3344
3641 614
3641 104
3641 904
3641 3345
3641 615
3641 105
3641 3346
3641 905
3642 616
3642 3347
3642 106
3642 906
3642 3348
3642 617
3642 107
3643 907
3643 3349
3643 618
3643 108
3643 3350
3643 908
3643 619
3644 109
3644 3351
3644 909
3644 620
3644 3352
3644 110
3644 910
3644 3353
3645 111
3645 621
3645 3354
3645 911
3645 112
3645 3355
3645 622
3646 3356
3646 912
3646 113
3646 623
3646 3357
3646 913
3646 114
3647 3358
3647 624
3647 3359
3647 115
3647 914
3647 625
3647 3360
3647 116
3648 915
3648 3361
3648 626
3648 117
3648 916
3648 3362
3648 627
3649 118
3649 3363
3649 917
3649 628
3649 3364
3649 119
3649 918
3649 3365
3650 629
3650 120
3650 3366
3650 919
3650 630
3650 3367
3650 121
3651 3368
3651 920
3651 631
3651 3369
3651 122
3651 921
3651 3370
3652 632
3652 123
3652 3371
3652 922
3652 633
3652 3372
3652 124
3652 923
3653 3373
3653 634
3653 125
3653 924
3653 3374
3653 635
3653 126
3654 925
3654 3375
3654 636
3654 127
3654 3376
3654 926
3654 637
3654 3377
3655 128
3655 927
3655 3378
3655 638
3655 129
3655 3379
3655 928
3655 639
3656 3380
3656 130
3656 929
3656 3381
3656 640
3656 131
3656 930
3657 3382
3657 641
3657 132
3657 3383
3657 931
3657 642
3657 3384
3658 133
3658 932
3658 3385
3658 643
3658 134
3658 933
3658 3386
3658 644
3659 135
3659 3387
3659 934
3659 645
3659 3388
3659 136
3659 935
3660 3389
3660 646
3660 137
3660 3390
3660 936
3660 647
3660 3391
3660 138
3661 3392
3661 937
3661 139
3661 648
3661 3393
3661 938
3662 140
3662 3394
3662 649
3662 939
3662 141
3662 3395
3662 650
3662 940
3663 3396
3663 142
3663 651
3663 3397
3663 941
3663 143
3663 3398
3663 652
3664 942
3664 3399
3664 144
3664 653
3664 3400
3664 943
3664 145
3664 654
3665 944
3665 3401
3665 146
3665 655
3665 3402
3665 945
3665 147
3666 3403
3666 656
3666 946
3666 3404
3666 148
3666 657
3666 947
3667 3405
3667 149
3667 658
3667 3406
3667 948
3667 150
3667 3407
3667 659
3668 949
3668 151
3668 3408
3668 660
3668 3409
3668 950
3669 152
3669 661
3669 3410
3669 951
3669 153
3669 3411
3669 662
3669 952
3670 3412
3670 154
3670 663
3670 953
3670 3413
3670 155
3670 664
3671 3414
3671 954
3671 156
3671 3415
3671 665
3671 955
3671 157
3671 3416
3672 666
3672 956
3672 3417
3672 158
3672 667
3672 957
3672 3418
3673 159
3673 668
3673 3419
3673 958
3673 160
3673 669
3673 3420
3673 959
3674 161
3674 3421
3674 670
3674 960
3674 3422
3674 162
3674 671
3674 3423
3675 961
3675 163
3675 672
3675 3424
3675 962
3675 164
3676 3425
3676 673
3676 963
3676 165
3676 3426
3676 964
3676 674
3677 3427
3677 166
3677 965
3677 3428
3677 675
3677 167
3677 966
3677 3429
3678 676
3678 168
3678 3430
3678 967
3678 677
3678 3431
3678 169
3679 968
3679 3432
3679 678
3679 170
3679 3433
3679 969
3679 679
3679 3434
3680 171
3680 970
3680 680
3680 3435
3680 172
3680 971
3680 681
3681 3436
3681 173
3681 972
3681 3437
3681 682
3681 174
3681 3438
3681 973
3682 683
3682 3439
3682 175
3682 974
3682 684
3682 3440
3682 176
3683 975
3683 3441
3683 685
3683 177
3683 3442
3683 976
3683 686
3683 3443
3684 178
3684 977
3684 687
3684 3444
3684 179
3684 978
3684 3445
3684 688
3685 180
3685 3446
3685 979
3685 689
3685 3447
3685 181
3685 980
3686 690
3686 3448
3686 182
3686 981
3686 3449
3686 691
3686 183
3686 3450
3687 982
3687 692
3687 184
3687 3451
3687 983
3687 693
3688 3452
3688 185
3688 984
3688 3453
3688 694
3688 186
3689 985
3689 3454
3689 695
3689 187
3689 3455
3689 986
3689 696
3689 3456
3689 188
3690 987
3690 3457
3690 697
3690 189
3690 3458
3690 988
3690 698
3690 190
3691 989
3691 3459
3691 699
3691 3460
3691 990
3691 191
3692 700
3692 3461
3692 192
3692 991
3692 3462
3692 701
3692 193
3693 3463
3693 992
3693 702
3693 3464
3693 194
3693 993
3693 703
3693 3465
3694 195
3694 994
3694 704
3694 3466
3694 196
3694 995
3694 3467
3695 705
3695 197
3695 3468
3695 996
3695 706
3695 3469
3695 198
3695 997
3696 707
3696 3470
3696 199
3696 998
3696 3471
3696 708
3696 200
3697 999
3697 3472
3697 709
3697 201
3697 3473
3697 1000
3697 710
3697 3474
3698 202
3698 1001
3698 3475
3698 711
3698 203
3698 1002
3698 3476
3699 712
3699 204
3699 3477
3699 1003
3699 713
3699 3478
3699 205
3699 1004
3700 3479
3700 714
3700 206
3700 1005
3700 3480
3700 715
3700 207
3701 1006
3701 3481
3701 716
3701 208
3701 1007
3701 3482
3701 717
3701 209
3702 1008
3702 3483
3702 718
3702 210
3702 1009
3702 3484
3702 719
3702 211
3703 3485
3703 1010
3703 720
3703 3486
3703 212
3703 1011
3703 721
3704 3487
3704 213
3704 1012
3704 3488
3704 722
3704 214
3704 3489
3704 1013
3705 723
3705 215
3705 3490
3705 1014
3705 724
3705 216
3705 3491
3706 1015
3706 725
3706 217
3706 3492
3706 726
3706 1016
3706 3493
3706 218
3707 727
3707 3494
3707 1017
3707 219
3707 3495
3707 728
3707 1018
3708 220
3708 3496
3708 729
3708 1019
3708 3497
3708 221
3708 730
3709 3498
3709 222
3709 1020
3709 731
3709 3499
3709 223
3709 1021
3709 3500
3710 732
3710 224
3710 3501
3710 1022
3710 733
3710 3502
3710 225
3711 1023
3711 3503
3711 734
3711 226
3711 1024
3711 3504
3711 735
3711 227
3712 3505
3712 1025
3712 736
3712 228
3712 3506
3712 1026
3712 737
3713 3507
3713 229
3713 1027
3713 3508
3713 738
3713 3509
3714 1028
3714 230
3714 739
3714 3510
3714 1029
3714 231
3714 3511
3714 740
3715 1030
3715 3512
3715 232
3715 741
3715 3513
3715 1031
3715 233
3715 3514
3716 742
3716 1032
3716 234
3716 3515
3716 743
3716 3516
3716 1033
3716 235
3717 744
3717 1034
3717 3517
3717 236
3717 745
3717 1035
3718 3518
3718 237
3718 746
3718 3519
3718 1036
3718 238
3718 3520
3719 747
3719 1037
3719 239
3719 3521
3719 748
3719 1038
3719 240
3719 3522
3720 749
3720 1039
3720 3523
3720 241
3720 750
3720 1040
3721 3524
3721 242
3721 751
3721 1041
3721 3525
3721 243
3721 752
3721 3526
3722 1042
3722 244
3722 3527
3722 753
3722 1043
3722 3528
3722 245
3723 754
3723 3529
3723 1044
3723 246
3723 3530
3723 755
3723 1045
3723 3531
3724 247
3724 756
3724 3532
3724 1046
3724 248
3724 3533
3724 757
3725 1047
3725 249
3725 3534
3725 758
3725 1048
3725 3535
3725 250
3725 759
3726 1049
3726 3536
3726 251
3726 760
3726 3537
3726 1050
3726 252
3727 761
3727 3538
3727 1051
3727 253
3727 3539
3727 762
3727 1052
3727 3540
3728 254
3728 763
3728 1053
3728 3541
3728 255
3728 764
3728 3542
3728 1054
3729 256
3729 765
3729 3543
3729 1055
3729 257
3729 766
3729 3544
3730 1056
3730 258
3730 3545
3730 767
3730 1057
3730 259
3730 3546
3730 768
3731 1058
3731 260
3731 3547
3731 769
3731 1059
3731 3548
3731 261
3732 770
3732 3549
3732 1060
3732 262
3732 3550
3732 771
3732 1061
3732 3551
3733 263
3733 772
3733 3552
3733 1062
3733 264
3733 3553
3733 773
3734 3554
3734 1063
3734 265
3734 774
3734 3555
3734 1064
3734 266
3735 3556
3735 775
3735 1065
3735 3557
3735 267
3735 776
3735 3558
3736 1066
3736 268
3736 3559
3736 777
3736 1067
3736 269
3736 3560
3736 778
3737 1068
3737 3561
3737 270
3737 779
3737 3562
3737 1069
3737 271
3738 3563
3738 780
3738 1070
3738 3564
3738 272
3738 781
3738 3565
3738 1071
3739 273
3739 782
3739 3566
3739 274
3739 1072
3739 783
3739 3567
3740 275
3740 1073
3740 3568
3740 784
3740 276
3740 3569
3740 1074
3741 785
3741 3570
3741 277
3741 1075
3741 786
3741 3571
3741 278
3742 1076
3742 3572
3742 787
3742 279
3742 1077
3742 3573
3742 788
3742 280
3743 3574
3743 1078
3743 789
3743 3575
3743 281
3743 1079
3743 3576
3743 790
3744 282
3744 3577
3744 1080
3744 791
3744 283
3744 3578
3744 1081
3745 792
3745 3579
3745 284
3745 1082
3745 793
3745 3580
3745 285
3745 1083
3746 794
3746 3581
3746 286
3746 1084
3746 795
3746 3582
3746 287
3747 1085
3747 3583
3747 796
3747 288
3747 3584
3747 1086
3747 797
3747 289
3748 3585
3748 1087
3748 798
3748 290
3748 3586
3748 1088
3748 799
3749 3587
3749 291
3749 1089
3749 3588
3749 800
3749 292
3749 3589
3749 1090
3750 801
3750 3590
3750 293
3750 1091
3750 3591
3750 802
3751 294
3751 1092
3751 3592
3751 803
3751 295
3751 3593
3751 1093
3751 804
3751 3594
3752 296
3752 1094
3752 3595
3752 805
3752 297
3752 3596
3752 1095
3753 806
3753 3597
3753 298
3753 1096
3753 3598
3753 807
3753 299
3753 3599
3754 1097
3754 808
3754 3600
3754 300
3754 1098
3754 3601
3754 809
3755 301
3755 3602
3755 1099
3755 810
3755 3603
3755 302
3755 1100
3755 3604
3756 811
3756 303
3756 3605
3756 1101
3756 812
3756 3606
3756 304
3757 1102
3757 3607
3757 813
3757 305
3757 3608
3757 1103
3757 814
3757 3609
3758 306
3758 1104
3758 815
3758 3610
3758 307
3758 1105
3758 816
3759 308
3759 3611
3759 1106
3759 817
3759 3612
3759 309
3759 1107
3759 818
3760 3613
3760 310
3760 1108
3760 3614
3760 819
3760 311
3760 3615
3761 1109
3761 820
3761 3616
3761 312
3761 1110
3761 821
3761 3617
3761 313
3762 1111
3762 822
3762 3618
3762 314
3762 1112
3762 3619
3762 823
3763 315
3763 3620
3763 1113
3763 824
3763 3621
3763 316
3763 1114
3763 3622
3764 825
3764 317
3764 1115
3764 3623
3764 826
3764 318
3764 1116
3765 827
3765 3624
3765 319
3765 1117
3765 828
3765 320
3766 3625
3766 1118
3766 829
3766 321
3766 1119
3766 3626
3767 830
3767 322
3767 1120
3767 831
3767 3627
3767 323
3767 1121
3768 832
3768 324
3768 3628
3768 1122
3768 833
3768 325
3769 3629
3769 834
3769 1123
3769 326
3769 1124
3770 3630
3770 835
3770 327
3770 1125
3770 836
3770 3631
3770 328
3771 1126
3771 837
3771 3632
3771 329
3771 1127
3771 838
3772 3633
3772 330
3772 1128
3772 839
3772 331
3772 3634
3773 1129
3773 840
3773 332
3773 3635
3773 1130
3773 841
3773 333
3774 3636
3774 1131
3774 842
3774 334
3774 3637
3774 1132
3775 843
3775 335
3775 1133
3775 3638
3775 844
3775 336
3776 1134
3776 845
3776 3639
3776 337
3776 1135
3776 846
3777 3640
3777 338
3777 1136
3777 847
3777 3641
3777 339
3777 1137
3778 848
3778 340
3778 3642
3778 1138
3778 849
3778 341
3779 1139
3779 3643
3779 850
3779 342
3779 1140
3779 851
3780 3644
3780 343
3780 1141
3780 852
3780 3645
3780 344
3780 1142
3781 853
3781 3646
3781 345
3781 1143
3781 854
3781 3647
3782 346
3782 1144
3782 855
3782 3648
3782 347
3782 1145
3783 856
3783 348
3783 3649
3783 1146
3783 857
3784 349
3784 3650
3784 1147
3784 858
3784 350
3784 1148
3784 3651
3785 859
3785 351
3785 1149
3785 3652
3785 860
3785 352
3786 1150
3786 3653
3786 861
3786 353
3786 1151
3786 862
3787 3654
3787 354
3787 1152
3787 863
3787 3655
3787 355
3788 1153
3788 864
3788 3656
3788 1154
3788 865
3788 356
3789 3657
3789 1155
3789 866
3789 357
3789 1156
3790 3658
3790 867
3790 358
3790 1157
3790 868
3790 3659
3790 359
3791 1158
3791 869
3791 3660
3791 360
3791 1159
3791 870
3792 361
3792 1160
3792 3661
3792 871
3792 362
3792 1161
3793 3662
3793 363
3793 1162
3793 2692
3793 364
3793 3663
3794 1163
3794 365
3794 1164
3794 3664
3795 366
3795 3721
3795 1165
3795 367
3795 3665
3795 1166
3795 3722
3796 368
3796 1167
3796 3666
3796 369
3796 3723
3796 1168
3797 370
3797 3667
3797 1169
3797 3724
3797 371
3798 3668
3798 1170
3798 372
3798 3725
3798 3669
3799 1171
3799 373
3799 3726
3799 1172
3799 3670
3799 374
3800 3727
3800 1173
3800 375
3800 3671
3800 3728
3800 1174
3801 376
3801 3672
3801 3729
3801 1175
3801 377
3802 3730
3802 3673
3802 1176
3802 378
3802 3731
3803 1177
3803 3674
3803 379
3803 3732
3803 1178
3803 3675
3804 380
3804 1179
3804 3733
3804 381
3804 3676
3804 1180
3805 3734
3805 382
3805 1181
3805 3677
3806 3735
3806 383
3806 1182
3806 3678
3806 384
3806 3736
3806 1183
3807 385
3807 3679
3807 1184
3807 3737
3807 386
3808 1185
3808 3680
3808 387
3808 3738
3808 1186
3809 3681
3809 388
3809 1187
3809 3739
3809 3682
3809 389
3809 1188
3810 3740
3810 390
3810 3683
3810 1189
3810 391
3811 3741
3811 1190
3811 3684
3811 392
3811 3742
3812 1191
3812 3685
3812 393
3812 3743
3812 1192
3813 394
3813 3686
3813 1193
3813 3744
3813 395
3813 1194
3814 3687
3814 3745
3814 396
3814 1195
3814 397
3815 3688
3815 1196
3815 3746
3815 398
3815 3689
3815 1197
3816 399
3816 3747
3816 1198
3816 3690
3816 400
3816 3748
3817 1199
3817 401
3817 3691
3817 3749
3818 1200
3818 402
3818 3692
3818 3750
3818 1201
3818 403
3819 3693
3819 1202
3819 3751
3819 404
3819 3694
3819 1203
3820 405
3820 3752
3820 1204
3820 406
3820 3695
3821 1205
3821 3753
3821 407
3821 1206
3821 3696
3821 408
3822 3754
3822 1207
3822 3697
3822 409
3822 1208
3822 3755
3823 410
3823 3698
3823 1209
3823 3756
3823 411
3824 1210
3824 3699
3824 412
3824 3757
3824 1211
3825 3700
3825 413
3825 1212
3825 3758
3825 414
3825 3701
3826 1213
3826 3759
3826 415
3826 1214
3826 3702
3826 416
3827 3760
3827 1215
3827 417
3827 3703
3827 1216
3827 3761
3828 418
3828 3704
3828 1217
3828 419
3828 3762
3829 3705
3829 1218
3829 420
3829 3763
3829 1219
3830 3706
3830 421
3830 1220
3830 3764
3830 422
3830 3707
3831 1221
3831 3765
3831 423
3831 1222
3831 3708
3832 424
3832 3766
3832 1223
3832 3709
3832 425
3832 1224
3832 3767
3833 426
3833 3710
3833 1225
3833 3768
3833 427
3834 1226
3834 3711
3834 428
3834 3769
3834 1227
3835 3712
3835 429
3835 1228
3835 3770
3835 3713
3835 430
3836 1229
3836 3771
3836 3714
3836 431
3836 1230
3837 3772
3837 3715
3837 432
3837 1231
3837 3773
3838 3716
3838 433
3838 1232
3838 3774
3838 434
3838 3717
3839 1233
3839 3775
3839 435
3839 3718
3839 1234
3840 436
3840 3776
3840 3719
3840 1235
3840 437
3841 3777
3841 1236
3841 438
3841 1237
3841 3720
3841 3778
3841 439
3842 1238
3842 3779
3842 440
3842 1505
3843 1239
3843 441
3843 3780
3843 1240
3843 1506
3843 442
3844 1241
3844 1507
3844 3781
3844 443
3844 1242
3845 1508
3845 444
3845 1243
3845 3782
3845 1509
3845 445
3845 1244
3846 1510
3846 3783
3846 446
3846 1245
3846 1511
3846 3784
3847 447
3847 1246
3847 1512
3847 448
3847 1247
3847 1513
3847 3785
3848 449
3848 1248
3848 1514
3848 450
3848 3786
3848 1249
3849 1515
3849 451
3849 1516
3849 1250
3849 3787
3849 452
3850 1517
3850 1251
3850 453
3850 3788
3850 1252
3850 1518
3850 454
3851 3789
3851 1519
3851 1253
3851 455
3851 3790
3851 1520
3852 1254
3852 456
3852 3791
3852 1521
3852 1255
3852 457
3853 1522
3853 3792
3853 1256
3853 458
3853 1523
3853 1257
3854 3793
3854 459
3854 1524
3854 1258
3854 3794
3854 460
3854 1525
3855 1259
3855 3795
3855 461
3855 1260
3855 1526
3855 462
3856 3796
3856 1261
3856 1527
3856 463
3856 1262
3856 3797
3856 1528
3857 464
3857 1263
3857 3798
3857 1529
3857 465
3857 1264
3858 3799
3858 1530
3858 466
3858 1265
3858 1531
3858 3800
3858 467
3859 1266
3859 1532
3859 468
3859 3801
3859 1267
3860 1533
3860 469
3860 3802
3860 1268
3860 1534
3860 470
3861 1269
3861 3803
3861 471
3861 1535
3861 1270
3861 3804
3862 472
3862 1536
3862 1271
3862 1537
3862 3805
3862 473
3862 1272
3863 1538
3863 3806
3863 474
3863 1273
3863 1539
3863 3807
3864 475
3864 1540
3864 1274
3864 476
3864 3808
3864 1275
3865 1541
3865 477
3865 3809
3865 1276
3865 1542
3865 478
3866 3810
3866 1277
3866 1543
3866 479
3866 1278
3866 3811
3866 1544
3867 480
3867 1279
3867 3812
3867 1545
3867 481
3867 1280
3868 1546
3868 3813
3868 482
3868 1281
3868 1547
3868 3814
3868 483
3869 1282
3869 1548
3869 3815
3869 484
3869 1549
3869 1283
3870 485
3870 1550
3870 3816
3870 1284
3870 486
3870 1551
3870 3817
3871 1285
3871 487
3871 1552
3871 1286
3871 3818
3871 488
3871 1553
3871 1287
3871 489
3872 1554
3872 3819
3872 1288
3872 490
3872 1555
3872 1289
3873 3820
3873 491
3873 1556
3873 1290
3873 492
3873 1557
3874 3821
3874 1291
3874 493
3874 1558
3874 1292
3874 3822
3874 494
3875 1559
3875 1293
3875 495
3875 3823
3875 1560
3875 1294
3875 496
3876 3824
3876 1561
3876 1295
3876 497
3876 3825
3877 1562
3877 1296
3877 498
3877 1563
3877 3826
3877 1297
3877 499
3878 1564
3878 1298
3878 3827
3878 500
3878 1565
3878 1299
3879 501
3879 3828
3879 1566
3879 1300
3879 502
3879 3829
3879 1567
3880 1301
3880 503
3880 3830
3880 1568
3880 1302
3880 504
3881 1569
3881 3831
3881 1303
3881 505
3881 1570
3881 1304
3881 3832
3882 506
3882 1305
3882 1571
3882 3833
3882 507
3882 1572
3882 1306
3883 3834
3883 508
3883 1573
3883 1307
3883 3835
3884 509
3884 1574
3884 1308
3884 510
3884 3836
3884 1575
3884 1309
3885 511
3885 3837
3885 1576
3885 1310
3885 512
3885 3838
3886 1577
3886 1311
3886 513
3886 1578
3886 3839
3886 1312
3886 1313
3887 1579
3887 3840
3887 2689
3887 1314
3887 1580
3888 3841
3888 1315
3888 1393
3888 1581
3888 3842
3888 1316
3889 1582
3889 1394
3889 1317
3889 1583
3889 3843
3890 1395
3890 1318
3890 1584
3890 1396
3890 1319
3890 3844
3890 1585
3891 1397
3891 1320
3891 1398
3891 1586
3891 3845
3891 1321
3892 1399
3892 1587
3892 1322
3892 3846
3892 1588
3893 1400
3893 1323
3893 1401
3893 3847
3893 1589
3893 1324
3894 1402
3894 1590
3894 1325
3894 3848
3894 1403
3895 1591
3895 1326
3895 3849
3895 1404
3895 1592
3895 1327
3895 1405
3896 3850
3896 1593
3896 1328
3896 1406
3896 3851
3897 1594
3897 1329
3897 1407
3897 3852
3897 1595
3897 1330
3898 1408
3898 1596
3898 1331
3898 3853
3898 1409
3898 1597
3898 1332
3899 1410
3899 3854
3899 1598
3899 1333
3899 1411
3899 1599
3900 3855
3900 1334
3900 1412
3900 1600
3900 1413
3900 3856
3901 1335
3901 1601
3901 1414
3901 1336
3901 3857
3901 1602
3901 1415
3902 1337
3902 1416
3902 3858
3902 1603
3902 1338
3902 1417
3903 1339
3903 3859
3903 1604
3903 1418
3903 1340
3903 1605
3904 1419
3904 3860
3904 1341
3904 1606
3904 1420
3905 1342
3905 3861
3905 1607
3905 1421
3905 1343
3905 1422
3906 1608
3906 3862
3906 1344
3906 1423
3906 1609
3906 1345
3906 3863
3907 1424
3907 1610
3907 1346
3907 1425
3907 3864
3907 1611
3907 1347
3908 1426
3908 3865
3908 1612
3908 1348
3908 1427
3909 3866
3909 1613
3909 1428
3909 1349
3909 3867
3909 1614
3909 1429
3910 1350
3910 3868
3910 1615
3910 1430
3910 1351
3910 1616
3910 3869
3911 1431
3911 1352
3911 1617
3911 3870
3911 1432
3911 1353
3912 1618
3912 3871
3912 1433
3912 1354
3912 1619
3912 1434
3912 3872
3913 1355
3913 1620
3913 1356
3913 1435
3913 3873
3913 1621
3914 1357
3914 1436
3914 1622
3914 1358
3914 3874
3914 1437
3914 1623
3915 1359
3915 3875
3915 1438
3915 1624
3915 1360
3916 1439
3916 3876
3916 1625
3916 1361
3916 1440
3916 1626
3916 3877
3917 1362
3917 1441
3917 1627
3917 3878
3917 1363
3917 1442
3917 1628
3918 3879
3918 1364
3918 1443
3918 1629
3918 1365
3919 1444
3919 1630
3919 3880
3919 1366
3919 1445
3919 1631
3919 3881
3920 1367
3920 1446
3920 1632
3920 3882
3920 1368
3920 1447
3921 1633
3921 1448
3921 3883
3921 1369
3921 1634
3921 1449
3922 1370
3922 3884
3922 1635
3922 1450
3922 1371
3923 3885
3923 1636
3923 1372
3923 1451
3923 1373
3923 1637
3923 3886
3924 1452
3924 1374
3924 1638
3924 3887
3924 1453
3924 1375
3925 1639
3925 1454
3925 1376
3925 3888
3925 1640
3925 1455
3925 1377
3926 1641
3926 3889
3926 1456
3926 1378
3926 1642
3926 3890
3927 1457
3927 1379
3927 1643
3927 3891
3927 1458
3928 1380
3928 1644
3928 3892
3928 1459
3928 1381
3928 1645
3929 1460
3929 3893
3929 1382
3929 1646
3929 1461
3929 1383
3929 3894
3930 1647
3930 1462
3930 1384
3930 3895
3930 1648
3930 1463
3931 1385
3931 1649
3931 3896
3931 1464
3931 1386
3931 1650
3932 3897
3932 1465
3932 1387
3932 1651
3932 1466
3932 3898
3932 1388
3933 1652
3933 1467
3933 1389
3933 3899
3933 1653
3933 1468
3934 1390
3934 1469
3934 1654
3934 3900
3934 1391
3935 1470
3935 1655
3935 1392
3935 3901
3935 1471
3935 1656
3936 3902
3936 1472
3936 1657
3936 2790
3937 3903
3937 1658
3937 1473
3937 3138
3937 1474
3937 3904
3937 1659
3938 2417
3938 1475
3938 1660
3938 3905
3938 2517
3938 1476
3939 1661
3939 1477
3939 3906
3939 2939
3939 1662
3940 1478
3940 3907
3940 1663
3940 1696
3940 1479
3941 1724
3941 3908
3941 1664
3941 1480
3941 3113
3941 1665
3942 3909
3942 1481
3942 1666
3942 2119
3942 3910
3942 1482
3943 1667
3943 1483
3943 2293
3943 3911
3943 1668
3943 1484
3944 3039
3944 1669
3944 3912
3944 1485
3945 3958
3945 1670
3945 1486
3945 3913
3945 2367
3945 1671
3946 1487
3946 1672
3946 3914
3946 2069
3946 1488
3947 1673
3947 3915
3947 1489
3947 1674
3947 1490
3948 3933
3948 3916
3948 1675
3948 1491
3948 3934
3949 3917
3949 1676
3949 1492
3949 3935
3949 3918
3949 1677
3950 1493
3950 3936
3950 3919
3950 1678
3950 1494
3951 3937
3951 1679
3951 3920
3951 1495
3951 3938
3951 1680
3952 1496
3952 3921
3952 1681
3952 3939
3952 1497
3952 3922
3953 1682
3953 3940
3953 1498
3953 1683
3953 3923
3954 1499
3954 3941
3954 1684
3954 3924
3954 1500
3954 1685
3955 3942
3955 1501
3955 3925
3955 1686
3955 1502
3955 3943
3956 1687
3956 3926
3956 1503
3956 3944
3956 1688
3957 3927
3957 1504
3957 1689
3957 3945
3957 3928
3958 1690
3958 3165
3958 3946
3958 3929
3958 1691
3959 1692
3959 1849
3959 3947
3959 3930
3959 1693
3960 1694
3960 3119
3960 3948
3960 3931
3960 1695
3961 3949
3961 2306
3961 3932
3961 1697
3961 3950
3962 2783
3962 2240
3962 1698
3962 3951
3962 2309
3963 2512
3963 1699
3963 3952
3963 2061
3963 2806
3964 1700
3964 1836
3964 3953
3964 1701
3964 2829
3965 3954
3965 2875
3965 1702
3965 2424
3965 3955
3966 2808
3966 1703
3966 2290
3966 3956
3966 1906
3967 1704
3967 1862
3967 3957
3967 2831
3967 1705
3968 2562
3968 1706
3968 2314
3969 2900
3969 2742
3969 1707
3969 1820
3969 1978
3969 1730
3970 1708
3970 3126
3970 2226
3970 2383
3970 1709
3971 2497
3971 2856
3971 3036
3971 1710
3971 2632
3972 2317
3972 2924
3972 1711
3972 2768
3972 2363
3973 2116
3973 1712
3973 2049
3973 2993
3973 1780
3974 1713
3974 2903
3974 2836
3974 2971
3974 1714
3975 3128
3975 2074
3975 2186
3975 1715
3975 2007
3976 1917
3976 2321
3976 1716
3976 1717
3976 2636
3976 1761
3977 2256
3977 1718
3977 2122
3977 2435
3977 3174
3978 1719
3978 2055
3978 2570
3978 2593
3978 1720
3979 2839
3979 2034
3979 3041
3979 1721
3979 2974
3980 2035
3980 2639
3980 1722
3980 2036
3980 2997
3981 2281
3981 1723
3981 2819
3981 2752
3981 1992
3982 1725
3982 2172
3982 2440
3982 3132
3982 1726
3983 1994
3983 3177
3983 3110
3983 1727
3983 2285
3983 2798
3984 2598
3984 1728
3984 2174
3984 1773
3984 2687
3985 1729
3985 2042
3985 2643
3985 2019
3985 1731
3985 1932
3986 2088
3986 1887
3986 1732
3986 2534
3986 2289
3987 2022
3987 1733
3987 2735
3987 2201
3987 2779
3988 1734
3988 2869
3988 3069
3988 2757
3989 1735
3989 3136
3989 2714
3989 2380
3989 1736
3989 2936
3990 2870
3990 1959
3990 1737
3990 2648
3990 3026
3991 2715
3991 1738
3991 2915
3991 2760
3991 1872
3992 1739
3992 2827
3992 2183
3992 2938
3992 1740
3992 2051
3993 2739
3993 2206
3993 1741
3993 2429
3993 2872
3994 2717
3994 1742
3994 2784
3994 2540
3994 2208
3995 1743
3995 2076
3995 3139
3995 3117
3995 1744
3996 1745
3996 2453
3996 2674
3996 1746
3996 2189
3997 1946
3997 1923
3997 1747
3997 3140
3997 2212
3998 1924
3998 1748
3998 2610
3998 2345
3998 2677
3998 1749
3999 2368
3999 2169
3999 1772
3999 1750
3999 2170
4000 2280
4000 2038
4000 1751
4000 2634
4001 3076
4001 2127
4001 1752
4001 2083
4001 2304
4001 2260
4002 1753
4002 1974
4002 2239
4002 3143
4002 1754
4003 1865
4003 3077
4003 2460
4003 1755
4003 1998
4004 2923
4004 2967
4004 1756
4004 3056
4004 2483
4005 2065
4005 1757
4005 2110
4005 2990
4005 2044
4006 1758
4006 2902
4006 2704
4006 2330
4006 1759
4007 2573
4007 2617
4007 2749
4007 1760
4007 2815
4007 2618
4008 2376
4008 1762
4008 1916
4008 2575
4008 2311
4009 1763
4009 2883
4009 2773
4009 2466
4009 1764
4010 2774
4010 2905
4010 2642
4010 1765
4010 3103
4011 2094
4011 2511
4011 1766
4011 2950
4011 2906
4012 1788
4012 1767
4012 2359
4012 3170
4012 2972
4013 1768
4013 2338
4013 2294
4013 2776
4013 1769
4014 1813
4014 2120
4014 2733
4014 1770
4014 2142
4015 1771
4015 2864
4015 1774
4015 1949
4015 2124
4016 1775
4016 1776
4016 3064
4016 2911
4016 1907
4017 1777
4017 2955
4017 2628
4017 2235
4017 1778
4018 2607
4018 3152
4018 2956
4018 1779
4018 2390
4019 2586
4019 2455
4019 1781
4019 1782
4019 1999
4019 2913
4020 1783
4020 2262
4020 1892
4020 1936
4021 1784
4021 2132
4021 2415
4021 1893
4021 1785
4022 2828
4022 2785
4022 2763
4022 1786
4022 2112
4023 2395
4023 3046
4023 1787
4023 2504
4023 1896
4024 2960
4024 1789
4024 1790
4024 1833
4024 2614
4025 1791
4025 2853
4025 3048
4025 2962
4025 1792
4026 1857
4026 2052
4026 2204
4026 1793
4027 2551
4027 3114
4027 2053
4027 1794
4027 2985
4027 2357
4028 2335
4028 1795
4028 2315
4028 2769
4028 2358
4029 1796
4029 2250
4029 2986
4029 1797
4029 1798
4030 2166
4030 3094
4030 2727
4030 1799
4030 1972
4031 2059
4031 1843
4031 1800
4031 1973
4031 2858
4032 2340
4032 1801
4032 2578
4032 2880
4032 1866
4033 1802
4033 2298
4033 2277
4033 3010
4034 1803
4034 2601
4034 2278
4034 2299
4034 1804
4035 2149
4035 1891
4035 2063
4035 1805
4035 1827
4036 2882
4036 1913
4036 1806
4036 2753
4036 2925
4037 2818
4037 1807
4037 2775
4037 2238
4037 2173
4038 1808
4038 2604
4038 2346
4038 2066
4038 1809
4039 2948
4039 2153
4039 2927
4039 1810
4039 2025
4040 2605
4040 2713
4040 1811
4040 2520
4040 3057
4041 1812
4041 2649
4041 3121
4041 2585
4041 2672
4041 1814
4042 2329
4042 1986
4042 2822
4043 1815
4043 2437
4043 2030
4043 2265
4044 1816
4044 2952
4044 2331
4044 2373
4044 1817
4045 2631
4045 1989
4045 2802
4045 1818
4045 2867
4046 1819
4046 2375
4046 1821
4046 2719
4046 2185
4046 3125
4047 1823
4047 1952
4047 2571
4047 2443
4048 1824
4048 2529
4048 3169
4048 1910
4049 1825
4049 1911
4049 2145
4049 1953
4049 1826
4050 2935
4050 2296
4050 2253
4050 1828
4050 2382
4051 2638
4051 2254
4051 1829
4051 2319
4051 2766
4052 2830
4052 1830
4052 2767
4052 1894
4052 2937
4053 1831
4053 1895
4053 3086
4053 2533
4053 1832
4054 2980
4054 2747
4054 2683
4054 1834
4054 2493
4055 2833
4055 2981
4055 1835
4055 2175
4055 2154
4055 1920
4056 1837
4056 2559
4056 2071
4056 2028
4057 1838
4057 2941
4057 1881
4057 2241
4057 1839
4058 2560
4058 1967
4058 2136
4058 1840
4059 2645
4059 3090
4059 2179
4059 1841
4059 1884
4060 1990
4060 2921
4060 1842
4060 3112
4060 2943
4061 2879
4061 3071
4061 1844
4061 2965
4061 3007
4062 1845
4062 3134
4062 3050
4062 3092
4063 1846
4063 2163
4063 2945
4063 2522
4064 1847
4064 2354
4064 2650
4064 3008
4064 1848
4065 2861
4065 2418
4065 2439
4065 1850
4066 2968
4066 3115
4066 2146
4066 1851
4066 2378
4067 1852
4067 2420
4067 1853
4067 2106
4067 2738
4067 2780
4068 1854
4068 2486
4068 2549
4068 1960
4069 1855
4069 3054
4069 2886
4069 2276
4069 1856
4070 2193
4070 1962
4070 2844
4070 1858
4070 2656
4071 2740
4071 2720
4071 1859
4071 2510
4072 1985
4072 2216
4072 1860
4072 2951
4072 2427
4073 3098
4073 1861
4073 2679
4073 2973
4073 3078
4074 1863
4074 2576
4074 2010
4074 2199
4074 1864
4075 2744
4075 3037
4075 2890
4075 1867
4076 2097
4076 2662
4076 2118
4076 1868
4076 2015
4077 2161
4077 2370
4077 1869
4077 2684
4078 3185
4078 2621
4078 1870
4078 2017
4078 2914
4079 1871
4079 2873
4079 2811
4079 2498
4079 1873
4080 2165
4080 2103
4080 2040
4080 1874
4081 2729
4081 2291
4081 2270
4081 1875
4081 2584
4082 2792
4082 3084
4082 1876
4082 3105
4082 2772
4083 2647
4083 1877
4083 2668
4083 2190
4083 2710
4084 1878
4084 1879
4084 2877
4084 2669
4084 1880
4084 2629
4085 2691
4085 2566
4085 1882
4085 2484
4086 2526
4086 1883
4086 1885
4086 2673
4086 2963
4086 2590
4087 1886
4087 2487
4087 2425
4087 2135
4088 1888
4088 1971
4088 2841
4088 2675
4088 1889
4088 2200
4089 2489
4089 2552
4089 1890
4089 2366
4090 2842
4090 2759
4090 1897
4090 2495
4090 2268
4090 2660
4091 1898
4091 2846
4091 2722
4091 2001
4092 1899
4092 2805
4092 3135
4092 2167
4092 1900
4093 1921
4093 2477
4093 3012
4093 1901
4093 2807
4094 2457
4094 2128
4094 1902
4094 2581
4094 2992
4095 3013
4095 1903
4095 2397
4095 2150
4095 2232
4096 1904
4096 3137
4096 2705
4096 2130
4097 1905
4097 3096
4097 2624
4097 2665
4097 1908
4098 3097
4098 2031
4098 2482
4098 1909
4098 2258
4099 2893
4099 2463
4099 1912
4099 2404
4100 2895
4100 2158
4100 1914
4100 2344
4100 1915
4101 3079
4101 1918
4101 2184
4101 2959
4101 3000
4102 1919
4102 2144
4102 2490
4102 2409
4103 1922
4103 1963
4103 2126
4103 2655
4103 1925
4104 2637
4104 2230
4104 2515
4104 1926
4105 2272
4105 2374
4105 2821
4105 1927
4105 2496
4106 2456
4106 2273
4106 1928
4106 3004
4107 2781
4107 2355
4107 1929
4107 2356
4107 2700
4108 3106
4108 1930
4108 2640
4108 2316
4108 1951
4108 1931
4109 2702
4109 2600
4109 2195
4109 1933
4109 2622
4110 2095
4110 3088
4110 1934
4110 2926
4110 2501
4111 2177
4111 1935
4111 2198
4111 2461
4111 2178
4112 1937
4112 2342
4112 2402
4112 2079
4112 1938
4113 2322
4113 2181
4113 2100
4113 1939
4113 2020
4114 2222
4114 2384
4114 1940
4114 2748
4115 3151
4115 2041
4115 1941
4115 2002
4115 2143
4115 2426
4116 1942
4116 2386
4116 2406
4116 1943
4116 1944
4117 2851
4117 2770
4117 3173
4117 1945
4117 2469
4117 2348
4118 3073
4118 1947
4118 2712
4118 2852
4119 2209
4119 1948
4119 3034
4119 2109
4119 2994
4119 1950
4120 2412
4120 2874
4120 2513
4120 1954
4120 2556
4121 1955
4121 2896
4121 1956
4121 3017
4121 2597
4122 2217
4122 1957
4122 2758
4122 2058
4123 2878
4123 1958
4123 2538
4123 2658
4123 3158
4124 1961
4124 3040
4124 2361
4124 3120
4124 1964
4125 3081
4125 2244
4125 2164
4125 1965
4126 3002
4126 2444
4126 3101
4126 1966
4126 2245
4127 3142
4127 3082
4127 1968
4127 2944
4127 2048
4128 2008
4128 1969
4128 2308
4128 2685
4128 2725
4129 1970
4129 3123
4129 3024
4129 2090
4129 1975
4130 2194
4130 3066
4130 2213
4130 1976
4130 2908
4131 2849
4131 3067
4131 1977
4131 2215
4131 2889
4131 2255
4132 1979
4132 3167
4132 2098
4132 2910
4133 1980
4133 2732
4133 2594
4133 2297
4133 1981
4133 1982
4134 2318
4134 2377
4134 1983
4134 2615
4134 2912
4135 2003
4135 1984
4135 2300
4135 2202
4135 2695
4136 1987
4136 3091
4136 2027
4136 2047
4136 1988
4137 3072
4137 2323
4137 1991
4137 2954
4137 2641
4138 2916
4138 1993
4138 2328
4138 2996
4138 2583
4139 1995
4139 2820
4139 2506
4139 2349
4139 1996
4140 2644
4140 2350
4140 2310
4140 1997
4140 2801
4141 2056
4141 2625
4141 2000
4141 3175
4141 2138
4142 3058
4142 2004
4142 2630
4142 2005
4142 2688
4143 2006
4143 2221
4143 2085
4143 2436
4143 2009
4144 2555
4144 2458
4144 2516
4144 2011
4144 2596
4144 2907
4145 2362
4145 2012
4145 2577
4145 3063
4145 3083
4146 2013
4146 2111
4146 2539
4146 2558
4146 2014
4147 2423
4147 2734
4147 2462
4147 2016
4147 2657
4148 2754
4148 3065
4148 2891
4148 2018
4148 2814
4149 2542
4149 2021
4149 2680
4149 2603
4150 2060
4150 2023
4150 2817
4150 2333
4150 2043
4151 2024
4151 2237
4151 2160
4151 3107
4151 2026
4152 2761
4152 3108
4152 3166
4152 2029
4152 2782
4153 3129
4153 2550
4153 2032
4153 2341
4153 2707
4154 2398
4154 2033
4154 2823
4154 2168
4155 2765
4155 2037
4155 2210
4155 2979
4155 2287
4155 2039
4156 2442
4156 2884
4156 2711
4156 2045
4157 2887
4157 2619
4157 3155
4157 2046
4157 3022
4157 2448
4158 2372
4158 2050
4158 2756
4158 2547
4158 2508
4159 2054
4159 2530
4159 2588
4159 3102
4159 2057
4160 2989
4160 2723
4160 2837
4160 2062
4160 2840
4161 3162
4161 3124
4161 2064
4161 2633
4161 3163
4162 3049
4162 2067
4162 2219
4162 2446
4162 2521
4163 2068
4163 3051
4163 2824
4163 2862
4163 2070
4164 2977
4164 3109
4164 2958
4164 2072
4164 2563
4165 2940
4165 2073
4165 2075
4165 3130
4165 2471
4166 2546
4166 2077
4166 2623
4166 2961
4166 2548
4166 2078
4167 2473
4167 2360
4167 2567
4167 2080
4167 2832
4168 2419
4168 2888
4168 2081
4168 2795
4168 2532
4169 2157
4169 2082
4169 2514
4169 2251
4169 2476
4170 2084
4170 2834
4170 2459
4170 2946
4170 2086
4171 2854
4171 2087
4171 2929
4171 2089
4171 2351
4171 2220
4172 2445
4172 2091
4172 2129
4172 2502
4172 2876
4173 2092
4173 3100
4173 2857
4173 2279
4173 2093
4174 2131
4174 2541
4174 2709
4174 2096
4174 2227
4175 2171
4175 2432
4175 2101
4175 2789
4175 2863
4176 2751
4176 2102
4176 2845
4176 2399
4176 2678
4177 2104
4177 3161
4177 2494
4177 2661
4177 2105
4178 2976
4178 2365
4178 2865
4178 2107
4178 2422
4179 2718
4179 2885
4179 2108
4179 2922
4179 2904
4179 3070
4180 2113
4180 2796
4180 2667
4180 2741
4181 2114
4181 2778
4181 2207
4181 2151
4181 2115
4182 2613
4182 2134
4182 2152
4182 2117
4182 2302
4182 2835
4183 2228
4183 2121
4183 2728
4183 2452
4183 2470
4184 2123
4184 2527
4184 2234
4184 2454
4184 2125
4185 2162
4185 3005
4185 2474
4185 2133
4185 2699
4185 2535
4186 2480
4186 2137
4186 2465
4186 3030
4186 2392
4187 2139
4187 2467
4187 2794
4187 3176
4187 2140
4188 2777
4188 2231
4188 3122
4188 2141
4188 3104
4189 2450
4189 2147
4189 2396
4189 2492
4189 2745
4190 2148
4190 2909
4190 3053
4190 2764
4190 2155
4191 2336
4191 2786
4191 2408
4191 2156
4191 2589
4192 2301
4192 2391
4192 2159
4192 3131
4192 3023
4193 2933
4193 2176
4193 3014
4193 2337
4193 3157
4194 2180
4194 2518
4194 2394
4194 2269
4194 2182
4195 2413
4195 2431
4195 2325
4195 2187
4195 2400
4196 2595
4196 2701
4196 2188
4196 2843
4196 3038
4196 2259
4197 2191
4197 2580
4197 3146
4197 2969
4197 2192
4198 3075
4198 2793
4198 3093
4198 2196
4198 3148
4199 2866
4199 3025
4199 2197
4199 2726
4199 2303
4199 3060
4200 2203
4200 2730
4200 3028
4200 2572
4200 2205
4201 3029
4201 2731
4201 3099
4201 2211
4201 3085
4202 2246
4202 2736
4202 2214
4202 2860
4202 2371
4203 2982
4203 2218
4203 3001
4203 2949
4203 2288
4204 2223
4204 2414
4204 2848
4204 3074
4204 2224
4205 2225
4205 2953
4205 2762
4205 2229
4205 3042
4206 2696
4206 2264
4206 2233
4206 3061
4206 2682
4207 2561
4207 2236
4207 3080
4207 2478
4207 2942
4207 2242
4208 2809
4208 3186
4208 3032
4208 2243
4208 2569
4209 3015
4209 2295
4209 2247
4209 2898
4209 3171
4210 2248
4210 2249
4210 2574
4210 2899
4210 3018
4211 2252
4211 2491
4211 2525
4211 2611
4211 2257
4212 2411
4212 2428
4212 2275
4212 2261
4212 2652
4213 2686
4213 3144
4213 2263
4213 2721
4213 2975
4213 2653
4214 2266
4214 3045
4214 2791
4214 3062
4214 2267
4215 2978
4215 2995
4215 2825
4215 2271
4215 2305
4216 2693
4216 2609
4216 2274
4216 3133
4216 2881
4217 3116
4217 2282
4217 3020
4217 2283
4217 3003
4218 2284
4218 3021
4218 2803
4218 2536
4218 2286
4219 2855
4219 2671
4219 2320
4219 2292
4219 2509
4219 3059
4220 2592
4220 2307
4220 3149
4220 2918
4220 2737
4221 2312
4221 2313
4221 2708
4221 2724
4221 2324
4222 2553
4222 2537
4222 3043
4222 2326
4222 2800
4223 2343
4223 2327
4223 2332
4223 2983
4223 2430
4224 2999
4224 2334
4224 2676
4224 2838
4224 2464
4224 2339
4225 2582
4225 2485
4225 3068
4225 2347
4225 2557
4226 3153
4226 2799
4226 2352
4226 2706
4226 2931
4227 2481
4227 2353
4227 2787
4227 3044
4228 2364
4228 2626
4228 2970
4228 2620
4228 3164
4228 2369
4229 2703
4229 2401
4229 2894
4229 2379
4229 3011
4230 2616
4230 2964
4230 2381
4230 2697
4230 3154
4231 2602
4231 2385
4231 2810
4231 3172
4231 2920
4231 2387
4232 2388
4232 2403
4232 2670
4232 2389
4232 2750
4233 2468
4233 3127
4233 2393
4233 2816
4233 3145
4234 3019
4234 2405
4234 2871
4234 2499
4234 3027
4235 2407
4235 2826
4235 2919
4235 2966
4235 2410
4236 2488
4236 2859
4236 2565
4236 2416
4236 2694
4236 2987
4237 2524
4237 2421
4237 2698
4237 2544
4237 2591
4238 2433
4238 2998
4238 2434
4238 2479
4238 2438
4239 2651
4239 3016
4239 2666
4239 2441
4239 2897
4240 3033
4240 2654
4240 2447
4240 2659
4240 2568
4241 2523
4241 2449
4241 2812
4241 3159
4241 2797
4241 2451
4242 2934
4242 2587
4242 3160
4242 2472
4242 3052
4243 2755
4243 3156
4243 2475
4243 2579
4243 2564
4244 2505
4244 2500
4244 2850
4244 2646
4244 2690
4245 2503
4245 2984
4245 2664
4245 2928
4245 2507
4246 2957
4246 2635
4246 2519
4247 2606
4247 3095
4247 2663
4247 2528
4247 2543
4247 2743
4248 2746
4248 2531
4248 2788
4248 3031
4248 2988
4249 2545
4249 3111
4249 2681
4249 2554
4250 2627
4250 3089
4250 2599
4251 2892
4251 2608
4251 2716
4251 2932
4252 2612
4252 2868
4252 2771
4253 3035
4253 2804
4253 3047
4254 2917
4254 3168
4254 2813
4255 3147
4255 2947
4255 2847
4255 2901
4256 2930
4256 2991
4257 3006
4257 3055
4258 3087
4258 3118
4259 3141
4259 3150
