# xct_end restore_begin restore_segment restore_end page_write page_read
0	0	0	0	0	1543	
0	0	0	0	0	3515	
0	0	0	0	0	3493	
0	0	0	0	0	3494	
0	0	0	0	0	3630	
0	0	0	0	0	3510	
0	0	0	0	0	3491	
0	0	0	0	0	3501	
0	0	0	0	0	3545	
0	0	0	0	0	3447	
0	0	0	0	0	2821	
0	0	0	0	0	3516	
0	0	0	0	0	3509	
0	0	0	0	0	3533	
0	0	0	0	0	3539	
0	0	0	0	0	3549	
0	0	0	0	0	3568	
0	0	0	0	0	3535	
0	0	0	0	0	3500	
0	0	0	0	0	3531	
0	0	0	0	0	3526	
0	0	0	0	0	3499	
0	0	0	0	0	3569	
0	0	0	0	0	3565	
0	0	0	0	0	3592	
0	0	0	0	0	3522	
0	0	0	0	0	3496	
0	0	0	0	0	3490	
0	0	0	0	0	3394	
0	0	0	0	0	3538	
0	0	0	0	0	3556	
0	0	0	0	0	3589	
0	0	0	0	0	3626	
0	0	0	0	0	3694	
0	0	0	0	0	3708	
0	0	0	0	0	3684	
0	0	0	0	0	3723	
0	0	0	0	0	3945	
0	0	0	0	0	3717	
0	0	0	0	0	3707	
0	0	0	0	0	3724	
0	0	0	0	0	3713	
0	0	0	0	0	3715	
0	0	0	0	0	3727	
0	0	0	0	0	3740	
0	0	0	0	0	3769	
0	0	0	0	0	3819	
0	0	0	0	0	3873	
0	0	0	0	0	3701	
0	0	0	0	0	3799	
0	0	0	0	0	3806	
0	0	0	0	0	3685	
0	0	0	0	0	3742	
0	0	0	0	0	3733	
0	0	0	0	0	3794	
0	0	0	0	0	3709	
0	0	0	0	0	3686	
0	0	0	0	0	3718	
0	0	0	0	0	3727	
0	0	0	0	0	3708	
0	0	0	0	0	3706	
0	0	0	0	0	3669	
0	0	0	0	0	3703	
0	0	0	0	0	3720	
0	0	0	0	0	3713	
0	0	0	0	0	3667	
0	0	0	0	0	3607	
0	0	0	0	0	3687	
0	0	0	0	0	3706	
0	0	0	0	0	3700	
0	0	0	0	0	3703	
0	0	0	0	0	3695	
0	0	0	0	0	3730	
0	0	0	0	0	3674	
0	0	0	0	0	3710	
0	0	0	0	0	3713	
0	0	0	0	0	3695	
0	0	0	0	0	3725	
0	0	0	0	0	3708	
0	0	0	0	0	3712	
0	0	0	0	0	3706	
0	0	0	0	0	3706	
0	0	0	0	0	3753	
0	0	0	0	0	3734	
0	0	0	0	0	3739	
0	0	0	0	0	3732	
0	0	0	0	0	3718	
0	0	0	0	0	3735	
0	0	0	0	0	3743	
0	0	0	0	0	3745	
0	0	0	0	0	3727	
0	0	0	0	0	3908	
0	0	0	0	0	3730	
0	0	0	0	0	3719	
0	0	0	0	0	3719	
0	0	0	0	0	3729	
0	0	0	0	0	3688	
0	0	0	0	0	3724	
0	0	0	0	0	3724	
0	0	0	0	0	3724	
0	0	0	0	0	3723	
0	0	0	0	0	3698	
0	0	0	0	0	3713	
0	0	0	0	0	3728	
0	0	0	0	0	3730	
0	0	0	0	0	3769	
0	0	0	0	0	3696	
0	0	0	0	0	3733	
0	0	0	0	0	3725	
0	0	0	0	0	3725	
0	0	0	0	0	3727	
0	0	0	0	0	3730	
0	0	0	0	0	3774	
0	0	0	0	0	3717	
0	0	0	0	0	3719	
0	0	0	0	0	3723	
0	0	0	0	0	3714	
0	0	0	0	0	3719	
0	0	0	0	0	3706	
0	0	0	0	0	3795	
0	0	0	0	0	3715	
0	0	0	0	0	3677	
0	0	0	0	0	3877	
0	0	0	0	0	3835	
0	0	0	0	0	3876	
0	0	0	0	0	3725	
0	0	0	0	0	3767	
0	0	0	0	0	3772	
0	0	0	0	0	3723	
0	0	0	0	0	3787	
0	0	0	0	0	3664	
0	0	0	0	0	3739	
0	0	0	0	0	3782	
0	0	0	0	0	3741	
0	0	0	0	0	3720	
0	0	0	0	0	3689	
0	0	0	0	0	3831	
0	0	0	0	0	3730	
0	0	0	0	0	3732	
0	0	0	0	0	3717	
0	0	0	0	0	3899	
0	0	0	0	0	3751	
0	0	0	0	0	3917	
0	0	0	0	0	3717	
0	0	0	0	0	3801	
0	0	0	0	0	3697	
0	0	0	0	0	3762	
0	0	0	0	0	3732	
0	0	0	0	0	3744	
0	0	0	0	0	3720	
0	0	0	0	0	3689	
0	0	0	0	0	3741	
0	0	0	0	0	3735	
0	0	0	0	0	3710	
0	0	0	0	0	3730	
0	0	0	0	0	3699	
0	0	0	0	0	3869	
0	0	0	0	0	3713	
0	0	0	0	0	3730	
0	0	0	0	0	3716	
0	0	0	0	0	4516	
0	0	0	0	0	4920	
0	0	0	0	0	4980	
0	0	0	0	0	5073	
0	0	0	0	0	3773	
0	0	0	0	0	3635	
0	0	0	0	0	3894	
0	0	0	0	0	3720	
0	0	0	0	0	3729	
0	0	0	0	0	3705	
0	0	0	0	0	3748	
0	0	0	0	0	3715	
0	0	0	0	0	3679	
0	0	0	0	0	3992	
0	0	0	0	0	3731	
0	0	0	0	0	3713	
0	0	0	0	0	3723	
0	0	0	0	0	3712	
0	0	0	0	0	3685	
0	0	0	0	0	3775	
0	0	0	0	0	3724	
0	0	0	0	0	3714	
0	0	0	0	0	3718	
0	0	0	0	0	3689	
0	0	0	0	0	3727	
0	0	0	0	0	3667	
0	0	0	0	0	3676	
0	0	0	0	0	3739	
0	0	0	0	0	3690	
0	0	0	0	0	3727	
0	0	0	0	0	3706	
0	0	0	0	0	3726	
0	0	0	0	0	3731	
0	0	0	0	0	3702	
0	0	0	0	0	3740	
0	0	0	0	0	4035	
0	0	0	0	0	3723	
0	0	0	0	0	4009	
0	0	0	0	0	3754	
0	0	0	0	0	4266	
0	0	0	0	0	4976	
0	0	0	0	0	5014	
0	0	0	0	0	4969	
0	0	0	0	0	4996	
0	0	0	0	0	4962	
0	0	0	0	0	4965	
0	0	0	0	0	4919	
0	0	0	0	0	4996	
0	0	0	0	0	4979	
0	0	0	0	0	4939	
0	0	0	0	0	5009	
0	0	0	0	0	4978	
0	0	0	0	0	5011	
0	0	0	0	0	4930	
0	0	0	0	0	4981	
0	0	0	0	0	4969	
0	0	0	0	0	4945	
0	0	0	0	0	3571	
0	0	0	0	0	4125	
0	0	0	0	0	5089	
0	0	0	0	0	4976	
0	0	0	0	0	4933	
0	0	0	0	0	5010	
0	0	0	0	0	4954	
0	0	0	0	0	5003	
0	0	0	0	0	4937	
0	0	0	0	0	4937	
0	0	0	0	0	3834	
0	0	0	0	0	3723	
0	0	0	0	0	3679	
0	0	0	0	0	4222	
0	0	0	0	0	3709	
0	0	0	0	0	3709	
0	0	0	0	0	3719	
0	0	0	0	0	3730	
0	0	0	0	0	3796	
0	0	0	0	0	3698	
0	0	0	0	0	3782	
0	0	0	0	0	3775	
0	0	0	0	0	3734	
0	0	0	0	0	3763	
0	0	0	0	0	3691	
0	0	0	0	0	3705	
0	0	0	0	0	3723	
0	0	0	0	0	3703	
0	0	0	0	0	3659	
0	0	0	0	0	3722	
0	0	0	0	0	3725	
0	0	0	0	0	3728	
0	0	0	0	0	3701	
0	0	0	0	0	3720	
0	0	0	0	0	3694	
0	0	0	0	0	3857	
0	0	0	0	0	3766	
0	0	0	0	0	3951	
0	0	0	0	0	3755	
0	0	0	0	0	3733	
0	0	0	0	0	3731	
0	0	0	0	0	3700	
0	0	0	0	0	3747	
0	0	0	0	0	3729	
0	0	0	0	0	3712	
0	0	0	0	0	3707	
0	0	0	0	0	3683	
0	0	0	0	0	3742	
0	0	0	0	0	3744	
0	0	0	0	0	3708	
0	0	0	0	0	3713	
0	0	0	0	0	3920	
0	0	0	0	0	3737	
0	0	0	0	0	4031	
0	0	0	0	0	3888	
0	0	0	0	0	3714	
0	0	0	0	0	3697	
0	0	0	0	0	3733	
0	0	0	0	0	3692	
0	0	0	0	0	3739	
0	0	0	0	0	3720	
0	0	0	0	0	3696	
0	0	0	0	0	3728	
0	0	0	0	0	3741	
0	0	0	0	0	3658	
0	0	0	0	0	3718	
0	0	0	0	0	3698	
0	0	0	0	0	3727	
0	0	0	0	0	3716	
0	0	0	0	0	3751	
0	0	0	0	0	3720	
0	0	0	0	0	3686	
0	0	0	0	0	3834	
0	0	0	0	0	4963	
0	0	0	0	0	4978	
0	0	0	0	0	4952	
0	0	0	0	0	4987	
0	0	0	0	0	4979	
0	0	0	0	0	5000	
0	0	0	0	0	4883	
0	0	0	0	0	5078	
0	0	0	0	0	5241	
0	0	0	0	0	5230	
0	0	0	0	0	5236	
0	0	0	0	0	5245	
0	0	0	0	0	5072	
0	0	0	0	0	5110	
0	0	0	0	0	4918	
0	0	0	0	0	4968	
0	0	0	0	0	3749	
0	0	0	0	0	3815	
0	0	0	0	0	3809	
0	0	0	0	0	3886	
0	0	0	0	0	3910	
0	0	0	0	0	3611	
0	0	0	0	0	3647	
0	0	0	0	0	5201	
0	0	0	0	0	5282	
0	0	0	0	0	5175	
0	0	0	0	0	5204	
0	0	0	0	0	4971	
0	0	0	0	0	5139	
0	0	0	0	0	4226	
0	0	0	0	0	3581	
0	0	0	0	0	3628	
0	0	0	0	0	3704	
0	0	0	0	0	3606	
0	0	0	0	0	3947	
0	0	0	0	0	3653	
0	0	0	0	0	3842	
0	0	0	0	0	3733	
0	0	0	0	0	3978	
0	0	0	0	0	3719	
0	0	0	0	0	3591	
0	0	0	0	0	3619	
0	0	0	0	0	3611	
0	0	0	0	0	3694	
0	0	0	0	0	3545	
0	0	0	0	0	3569	
0	0	0	0	0	3832	
0	0	0	0	0	3982	
0	0	0	0	0	3748	
0	0	0	0	0	3572	
0	0	0	0	0	3714	
0	0	0	0	0	3793	
0	0	0	0	0	4198	
0	0	0	0	0	5275	
0	0	0	0	0	5034	
0	0	0	0	0	5074	
0	0	0	0	0	5041	
0	0	0	0	0	3692	
0	0	0	0	0	3849	
0	0	0	0	0	5000	
0	0	0	0	0	4978	
0	0	0	0	0	4899	
0	0	0	0	0	5001	
0	0	0	0	0	4976	
0	0	0	0	0	4981	
0	0	0	0	0	4955	
0	0	0	0	0	4916	
0	0	0	0	0	3799	
0	0	0	0	0	3971	
0	0	0	0	0	3853	
0	0	0	0	0	5124	
0	0	0	0	0	5223	
0	0	0	0	0	5111	
0	0	0	0	0	5104	
0	0	0	0	0	5231	
0	0	0	0	0	5167	
0	0	0	0	0	5095	
0	0	0	0	0	3664	
0	0	0	0	0	3678	
0	0	0	0	0	4486	
0	0	0	0	0	4959	
0	0	0	0	0	4965	
0	0	0	0	0	4961	
0	0	0	0	0	5012	
0	0	0	0	0	4983	
0	0	0	0	0	4948	
0	0	0	0	0	4814	
0	0	0	0	0	3977	
0	0	0	0	0	3811	
0	0	0	0	0	3667	
0	0	0	0	0	3633	
0	0	0	0	0	3934	
0	0	0	0	0	3847	
0	0	0	0	0	3739	
0	0	0	0	0	3602	
0	0	0	0	0	3756	
0	0	0	0	0	3995	
0	0	0	0	0	3849	
0	0	0	0	0	3577	
0	0	0	0	0	3685	
0	0	0	0	0	3801	
0	0	0	0	0	4007	
0	0	0	0	0	4010	
0	0	0	0	0	3856	
0	0	0	0	0	3558	
0	0	0	0	0	3681	
0	0	0	0	0	3866	
0	0	0	0	0	3724	
0	0	0	0	0	4073	
0	0	0	0	0	3910	
0	0	0	0	0	3690	
0	0	0	0	0	3764	
0	0	0	0	0	4051	
0	0	0	0	0	3797	
0	0	0	0	0	3738	
0	0	0	0	0	3755	
0	0	0	0	0	3872	
0	0	0	0	0	4165	
0	0	0	0	0	4071	
0	0	0	0	0	3857	
0	0	0	0	0	4155	
0	0	0	0	0	3599	
0	0	0	0	0	3852	
0	0	0	0	0	3772	
0	0	0	0	0	3628	
0	0	0	0	0	3743	
0	0	0	0	0	3595	
0	0	0	0	0	3703	
0	0	0	0	0	4003	
0	0	0	0	0	3611	
0	0	0	0	0	3878	
0	0	0	0	0	4126	
0	0	0	0	0	4119	
0	0	0	0	0	3863	
0	0	0	0	0	3854	
0	0	0	0	0	3595	
0	0	0	0	0	3585	
0	0	0	0	0	3559	
0	0	0	0	0	3656	
0	0	0	0	0	3603	
0	0	0	0	0	4228	
0	0	0	0	0	4096	
0	0	0	0	0	3789	
0	0	0	0	0	3626	
0	0	0	0	0	3723	
0	0	0	0	0	4005	
0	0	0	0	0	4026	
0	0	0	0	0	3552	
0	0	0	0	0	4122	
0	0	0	0	0	3926	
0	0	0	0	0	3631	
0	0	0	0	0	3724	
0	0	0	0	0	3597	
0	0	0	0	0	3594	
0	0	0	0	0	3880	
0	0	0	0	0	3637	
0	0	0	0	0	3600	
0	0	0	0	0	3666	
0	0	0	0	0	3599	
0	0	0	0	0	3594	
0	0	0	0	0	3593	
0	0	0	0	0	3610	
0	0	0	0	0	3766	
0	0	0	0	0	3905	
0	0	0	0	0	4176	
0	0	0	0	0	4045	
0	0	0	0	0	4159	
0	0	0	0	0	4199	
0	0	0	0	0	4198	
0	0	0	0	0	3951	
0	0	0	0	0	3903	
0	0	0	0	0	3541	
0	0	0	0	0	3776	
0	0	0	0	0	3673	
0	0	0	0	0	4026	
0	0	0	0	0	3844	
0	0	0	0	0	3660	
0	0	0	0	0	3735	
0	0	0	0	0	3973	
0	0	0	0	0	4004	
0	0	0	0	0	3602	
0	0	0	0	0	3875	
0	0	0	0	0	3802	
0	0	0	0	0	3744	
0	0	0	0	0	4116	
0	0	0	0	0	3744	
0	0	0	0	0	3579	
0	0	0	0	0	3637	
0	0	0	0	0	3625	
0	0	0	0	0	3968	
0	0	0	0	0	3914	
0	0	0	0	0	3862	
0	0	0	0	0	3717	
0	0	0	0	0	4124	
0	0	0	0	0	3702	
0	0	0	0	0	3724	
0	0	0	0	0	3684	
0	0	0	0	0	3602	
0	0	0	0	0	3588	
0	0	0	0	0	4238	
0	0	0	0	0	3775	
0	0	0	0	0	3575	
0	0	0	0	0	3791	
0	0	0	0	0	4167	
0	0	0	0	0	3661	
0	0	0	0	0	3535	
0	0	0	0	0	3597	
0	0	0	0	0	3671	
0	0	0	0	0	3768	
0	0	0	0	0	4074	
0	0	0	0	0	3535	
0	0	0	0	0	3763	
0	0	0	0	0	3573	
0	0	0	0	0	3649	
0	0	0	0	0	3669	
0	0	0	0	0	3555	
0	0	0	0	0	3921	
0	0	0	0	0	3782	
0	0	0	0	0	3597	
0	0	0	0	0	3578	
0	0	0	0	0	3967	
0	0	0	0	0	3672	
0	0	0	0	0	4176	
0	0	0	0	0	3971	
0	0	0	0	0	3698	
0	0	0	0	0	4044	
0	0	0	0	0	3771	
0	0	0	0	0	3586	
0	0	0	0	0	3586	
0	0	0	0	0	4070	
0	0	0	0	0	3539	
0	0	0	0	0	3591	
0	0	0	0	0	3755	
0	0	0	0	0	3625	
0	0	0	0	0	3594	
0	0	0	0	0	3550	
0	0	0	0	0	3585	
0	0	0	0	0	3626	
0	0	0	0	0	3584	
0	0	0	0	0	3896	
0	0	0	0	0	3588	
0	0	0	0	0	3873	
0	0	0	0	0	3764	
0	0	0	0	0	4109	
0	0	0	0	0	3628	
0	0	0	0	0	3537	
0	0	0	0	0	3631	
0	0	0	0	0	3972	
0	0	0	0	0	4105	
0	0	0	0	0	4122	
0	0	0	0	0	3813	
0	0	0	0	0	3672	
0	0	0	0	0	3593	
0	0	0	0	0	3722	
0	0	0	0	0	3797	
0	0	0	0	0	3851	
0	0	0	0	0	4121	
0	0	0	0	0	3985	
0	0	0	0	0	3596	
0	0	0	0	0	3700	
0	0	0	0	0	3880	
0	0	0	0	0	4162	
0	0	0	0	0	3894	
0	0	0	0	0	4138	
0	0	0	0	0	3724	
0	0	0	0	0	3576	
0	0	0	0	0	3627	
0	0	0	0	0	3742	
0	0	0	0	0	3589	
0	0	0	0	0	4120	
0	0	0	0	0	4062	
0	0	0	0	0	3754	
0	0	0	0	0	3627	
0	0	0	0	0	4363	
0	0	0	0	0	5202	
0	0	0	0	0	5084	
0	0	0	0	0	5159	
0	0	0	0	0	5036	
0	0	0	0	0	5292	
0	0	0	0	0	5097	
0	0	0	0	0	5187	
0	0	0	0	0	3968	
0	0	0	0	0	3747	
0	0	0	0	0	3869	
0	0	0	0	0	3735	
0	0	0	0	0	3859	
0	0	0	0	0	3587	
0	0	0	0	0	3775	
0	0	0	0	0	4148	
0	0	0	0	0	4521	
0	0	0	0	0	4501	
0	0	0	0	0	3567	
0	0	0	0	0	3684	
0	0	0	0	0	3569	
0	0	0	0	0	3906	
0	0	0	0	0	3637	
0	0	0	0	0	3728	
0	0	0	0	0	3797	
0	0	0	0	0	3840	
0	0	0	0	0	4110	
0	0	0	0	0	3658	
0	0	0	0	0	3600	
0	0	0	0	0	3674	
0	0	0	0	0	4081	
0	0	0	0	0	3807	
0	0	0	0	0	3625	
0	0	0	0	0	3892	
0	0	0	0	0	3721	
0	0	0	0	0	4170	
0	0	0	0	0	3865	
0	0	0	0	0	3656	
0	0	0	0	0	3958	
0	0	0	0	0	3758	
0	0	0	0	0	3664	
0	0	0	0	0	3547	
0	0	0	0	0	3584	
0	0	0	0	0	3586	
0	0	0	0	0	3579	
0	0	0	0	0	3818	
0	0	0	0	0	5233	
0	0	0	0	0	5287	
0	0	0	0	0	5236	
0	0	0	0	0	5252	
0	0	0	0	0	5016	
0	0	0	0	0	4084	
0	0	0	0	0	3879	
0	0	0	0	0	4051	
0	0	0	0	0	4915	
0	0	0	0	0	4982	
0	0	0	0	0	4973	
0	0	0	0	0	4968	
0	0	0	0	0	4961	
0	0	0	0	0	4953	
0	0	0	0	0	4980	
0	0	0	0	0	4952	
0	0	0	0	0	4967	
0	0	0	0	0	4853	
0	0	0	0	0	3709	
0	0	0	0	0	3693	
0	0	0	0	0	3605	
0	0	0	0	0	3777	
0	0	0	0	0	3749	
0	0	0	0	0	4058	
0	0	0	0	0	3903	
0	0	0	0	0	3836	
0	0	0	0	0	3594	
0	0	0	0	0	3848	
0	0	0	0	0	3750	
0	0	0	0	0	3712	
0	0	0	0	0	3855	
0	0	0	0	0	3952	
0	0	0	0	0	4181	
0	0	0	0	0	4018	
0	0	0	0	0	3619	
0	0	0	0	0	3685	
0	0	0	0	0	3713	
0	0	0	0	0	3677	
0	0	0	0	0	4062	
0	0	0	0	0	3560	
0	0	0	0	0	3771	
0	0	0	0	0	3581	
0	0	0	0	0	3578	
0	0	0	0	0	3576	
0	0	0	0	0	3592	
0	0	0	0	0	3907	
0	0	0	0	0	3754	
0	0	0	0	0	3581	
0	0	0	0	0	3600	
0	0	0	0	0	3546	
0	0	0	0	0	3575	
0	0	0	0	0	3579	
0	0	0	0	0	3589	
0	0	0	0	0	3881	
0	0	0	0	0	3628	
0	0	0	0	0	3585	
0	0	0	0	0	3566	
0	0	0	0	0	3588	
0	0	0	0	0	3572	
0	0	0	0	0	3556	
0	0	0	0	0	3582	
0	0	0	0	0	3563	
0	0	0	0	0	3558	
0	0	0	0	0	3560	
0	0	0	0	0	3541	
0	0	0	0	0	3579	
0	0	0	0	0	3564	
0	0	0	0	0	3571	
0	0	0	0	0	3822	
0	0	0	0	0	3532	
0	0	0	0	0	3581	
0	0	0	0	0	3904	
0	0	0	0	0	3551	
0	0	0	0	0	3565	
0	0	0	0	0	3518	
0	0	0	0	0	3582	
0	0	0	0	0	3840	
0	0	0	0	0	3573	
0	0	0	0	0	3567	
0	0	0	0	0	3559	
0	0	0	0	0	3583	
0	0	0	0	0	3594	
0	0	0	0	0	3575	
0	0	0	0	0	3573	
0	0	0	0	0	3571	
0	0	0	0	0	3548	
0	0	0	0	0	3548	
0	0	0	0	0	3799	
0	0	0	0	0	3644	
0	0	0	0	0	3720	
0	0	0	0	0	3538	
0	0	0	0	0	3574	
0	0	0	0	0	3628	
0	0	0	0	0	3566	
0	0	0	0	0	3709	
0	0	0	0	0	3535	
0	0	0	0	0	3568	
0	0	0	0	0	3559	
0	0	0	0	0	3968	
0	0	0	0	0	3571	
0	0	0	0	0	3546	
0	0	0	0	0	3661	
0	0	0	0	0	3638	
0	0	0	0	0	3941	
0	0	0	0	0	3650	
0	0	0	0	0	3643	
0	0	0	0	0	3631	
0	0	0	0	0	3689	
0	0	0	0	0	3932	
0	0	0	0	0	3593	
0	0	0	0	0	4070	
0	0	0	0	0	3802	
0	0	0	0	0	3906	
0	0	0	0	0	3907	
0	0	0	0	0	3764	
0	0	0	0	0	3572	
0	0	0	0	0	3575	
0	0	0	0	0	3893	
0	0	0	0	0	3727	
0	0	0	0	0	3993	
0	0	0	0	0	3630	
0	0	0	0	0	3574	
0	0	0	0	0	3700	
0	0	0	0	0	4057	
0	0	0	0	0	4160	
0	0	0	0	0	3574	
0	0	0	0	0	4253	
0	0	0	0	0	3725	
0	0	0	0	0	3876	
0	0	0	0	0	3664	
0	0	0	0	0	3568	
0	0	0	0	0	3673	
0	0	0	0	0	3605	
0	0	0	0	0	3608	
0	0	0	0	0	3572	
0	0	0	0	0	3578	
0	0	0	0	0	3588	
0	0	0	0	0	3646	
0	0	0	0	0	3774	
0	0	0	0	0	4176	
0	0	0	0	0	5188	
0	0	0	0	0	5017	
0	0	0	0	0	5167	
0	0	0	0	0	5100	
0	0	0	0	0	5166	
0	0	0	0	0	5131	
0	0	0	0	0	5177	
0	0	0	0	0	5155	
0	0	0	0	0	5125	
0	0	0	0	0	4961	
0	0	0	0	0	5182	
0	0	0	0	0	5265	
0	0	0	0	0	5193	
0	0	0	0	0	5181	
0	0	0	0	0	5045	
0	0	0	0	0	5128	
0	0	0	0	0	5012	
0	0	0	0	0	5176	
0	0	0	0	0	5190	
0	0	0	0	0	5192	
0	0	0	0	0	5141	
0	0	0	0	0	5218	
0	0	0	0	0	5044	
0	0	0	0	0	5008	
0	0	0	0	0	5060	
0	0	0	0	0	5110	
0	0	0	0	0	5155	
0	0	0	0	0	5302	
0	0	0	0	0	5219	
0	0	0	0	0	5100	
0	0	0	0	0	5191	
0	0	0	0	0	5200	
0	0	0	0	0	5191	
0	0	0	0	0	5147	
0	0	0	0	0	5147	
0	0	0	0	0	5269	
0	0	0	0	0	5167	
0	0	0	0	0	4908	
0	0	0	0	0	3714	
0	0	0	0	0	3664	
0	0	0	0	0	3717	
0	0	0	0	0	3704	
0	0	0	0	0	3701	
0	0	0	0	0	3709	
0	0	0	0	0	3667	
0	0	0	0	0	3727	
0	0	0	0	0	3715	
0	0	0	0	0	3702	
0	0	0	0	0	3707	
0	0	0	0	0	3682	
0	0	0	0	0	3725	
0	0	0	0	0	3723	
0	0	0	0	0	3721	
0	0	0	0	0	3709	
0	0	0	0	0	3684	
0	0	0	0	0	3710	
0	0	0	0	0	3706	
0	0	0	0	0	3706	
0	0	0	0	0	3707	
0	0	0	0	0	3664	
0	0	0	0	0	3723	
0	0	0	0	0	3684	
0	0	0	0	0	3718	
0	0	0	0	0	3707	
0	0	0	0	0	3690	
0	0	0	0	0	3693	
0	0	0	0	0	3722	
0	0	0	0	0	3721	
0	0	0	0	0	3693	
0	0	0	0	0	3688	
0	0	0	0	0	3705	
0	0	0	0	0	3721	
0	0	0	0	0	3697	
0	0	0	0	0	3709	
0	0	0	0	0	3675	
0	0	0	0	0	3694	
0	0	0	0	0	3674	
0	0	0	0	0	3747	
0	0	0	0	0	3720	
0	0	0	0	0	3688	
0	0	0	0	0	3714	
0	0	0	0	0	3703	
0	0	0	0	0	3723	
0	0	0	0	0	3722	
0	0	0	0	0	3675	
0	0	0	0	0	3707	
0	0	0	0	0	3701	
0	0	0	0	0	3711	
0	0	0	0	0	3717	
0	0	0	0	0	3684	
0	0	0	0	0	3714	
0	0	0	0	0	3718	
0	0	0	0	0	3711	
0	0	0	0	0	3699	
0	0	0	0	0	3795	
0	0	0	0	0	3691	
0	0	0	0	0	3687	
0	0	0	0	0	3715	
0	0	0	0	0	3705	
0	0	0	0	0	3673	
0	0	0	0	0	3782	
0	0	0	0	0	3698	
0	0	0	0	0	3812	
0	0	0	0	0	3677	
0	0	0	0	0	3667	
0	0	0	0	0	3719	
0	0	0	0	0	3716	
0	0	0	0	0	3704	
0	0	0	0	0	3717	
0	0	0	0	0	3742	
0	0	0	0	0	3715	
0	0	0	0	0	3796	
0	0	0	0	0	3700	
0	0	0	0	0	3973	
0	0	0	0	0	3682	
0	0	0	0	0	3718	
0	0	0	0	0	3702	
0	0	0	0	0	3794	
0	0	0	0	0	3700	
0	0	0	0	0	3703	
0	0	0	0	0	3670	
0	0	0	0	0	3712	
0	0	0	0	0	3705	
0	0	0	0	0	3718	
0	0	0	0	0	3409	
0	0	0	0	0	3480	
0	0	0	0	0	3664	
0	0	0	0	0	3832	
0	0	0	0	0	4929	
0	0	0	0	0	4987	
0	0	0	0	0	5083	
0	0	0	0	0	5072	
0	0	0	0	0	5012	
0	0	0	0	0	4990	
0	0	0	0	0	4966	
0	0	0	0	0	5045	
0	0	0	0	0	5155	
0	0	0	0	0	4943	
0	0	0	0	0	3698	
0	0	0	0	0	3684	
0	0	0	0	0	3954	
0	0	0	0	0	3686	
0	0	0	0	0	3696	
0	0	0	0	0	3706	
0	0	0	0	0	3651	
0	0	0	0	0	3649	
0	0	0	0	0	3709	
0	0	0	0	0	3716	
0	0	0	0	0	3921	
0	0	0	0	0	3791	
0	0	0	0	0	3667	
0	0	0	0	0	3873	
0	0	0	0	0	3756	
0	0	0	0	0	3771	
0	0	0	0	0	3737	
0	0	0	0	0	3710	
0	0	0	0	0	3709	
0	0	0	0	0	3920	
0	0	0	0	0	3834	
0	0	0	0	0	3697	
0	0	0	0	0	3720	
0	0	0	0	0	3703	
0	0	0	0	0	3707	
0	0	0	0	0	3704	
0	0	0	0	0	4641	
0	0	0	0	0	5019	
0	0	0	0	0	5049	
0	0	0	0	0	4281	
0	0	0	0	0	5083	
0	0	0	0	0	5139	
0	0	0	0	0	4927	
0	0	0	0	0	5166	
0	0	0	0	0	5069	
0	0	0	0	0	4999	
0	0	0	0	0	5187	
0	0	0	0	0	3579	
0	0	0	0	0	4499	
0	0	0	0	0	4925	
0	0	0	0	0	3699	
0	0	0	0	0	3708	
0	0	0	0	0	3650	
0	0	0	0	0	3701	
0	0	0	0	0	3681	
0	0	0	0	0	3716	
0	0	0	0	0	3693	
0	0	0	0	0	3699	
0	0	0	0	0	3698	
0	0	0	0	0	3742	
0	0	0	0	0	3900	
0	0	0	0	0	3697	
0	0	0	0	0	3668	
0	0	0	0	0	3713	
0	0	0	0	0	3773	
0	0	0	0	0	3701	
0	0	0	0	0	3686	
0	0	0	0	0	3676	
0	0	0	0	0	3708	
0	0	0	0	0	3709	
0	0	0	0	0	3679	
0	0	0	0	0	3843	
0	0	0	0	0	3643	
0	0	0	0	0	3714	
0	0	0	0	0	3709	
0	0	0	0	0	3684	
0	0	0	0	0	3758	
0	0	0	0	0	3820	
0	0	0	0	0	3705	
0	0	0	0	0	3926	
0	0	0	0	0	5066	
0	0	0	0	0	4896	
0	0	0	0	0	4438	
0	0	0	0	0	3798	
0	0	0	0	0	3708	
0	0	0	0	0	3699	
0	0	0	0	0	3732	
0	0	0	0	0	3707	
0	0	0	0	0	3696	
0	0	0	0	0	3680	
0	0	0	0	0	3698	
0	0	0	0	0	3819	
0	0	0	0	0	3684	
0	0	0	0	0	3894	
0	0	0	0	0	4934	
0	0	0	0	0	4911	
0	0	0	0	0	4980	
0	0	0	0	0	4961	
0	0	0	0	0	4955	
0	0	0	0	0	3850	
0	0	0	0	0	5071	
0	0	0	0	0	5147	
0	0	0	0	0	5219	
0	0	0	0	0	5108	
0	0	0	0	0	5003	
0	0	0	0	0	5052	
0	0	0	0	0	4930	
0	0	0	0	0	3518	
0	0	0	0	0	4797	
0	0	0	0	0	3769	
0	0	0	0	0	4994	
0	0	0	0	0	4918	
0	0	0	0	0	4467	
0	0	0	0	0	3609	
0	0	0	0	0	3695	
0	0	0	0	0	3648	
0	0	0	0	0	3711	
0	0	0	0	0	3733	
0	0	0	0	0	3704	
0	0	0	0	0	3901	
0	0	0	0	0	4984	
0	0	0	0	0	5049	
0	0	0	0	0	5061	
0	0	0	0	0	5028	
0	0	0	0	0	5015	
0	0	0	0	0	4925	
0	0	0	0	0	4114	
0	0	0	0	0	3656	
0	0	0	0	0	4596	
0	0	0	0	0	5222	
0	0	0	0	0	5107	
0	0	0	0	0	5080	
0	0	0	0	0	5001	
0	0	0	0	0	5242	
0	0	0	0	0	5001	
0	0	0	0	0	4970	
0	0	0	0	0	5250	
0	0	0	0	0	5219	
0	0	0	0	0	5138	
0	0	0	0	0	5127	
0	0	0	0	0	5173	
0	0	0	0	0	4677	
0	0	0	0	0	4289	
0	0	0	0	0	5047	
0	0	0	0	0	5067	
0	0	0	0	0	4944	
0	0	0	0	0	4965	
0	0	0	0	0	5012	
0	0	0	0	0	4987	
0	0	0	0	0	4802	
0	0	0	0	0	3675	
0	0	0	0	0	3805	
0	0	0	0	0	4502	
0	0	0	0	0	3684	
0	0	0	0	0	3691	
0	0	0	0	0	3742	
0	0	0	0	0	4968	
0	0	0	0	0	5005	
0	0	0	0	0	4971	
0	0	0	0	0	4925	
0	0	0	0	0	4951	
0	0	0	0	0	4977	
0	0	0	0	0	4209	
0	0	0	0	0	3653	
0	0	0	0	0	3904	
0	0	0	0	0	3682	
0	0	0	0	0	4612	
0	0	0	0	0	4907	
0	0	0	0	0	4918	
0	0	0	0	0	4690	
0	0	0	0	0	3735	
0	0	0	0	0	3540	
0	0	0	0	0	3543	
0	0	0	0	0	4051	
0	0	0	0	0	3593	
0	0	0	0	0	3596	
0	0	0	0	0	3730	
0	0	0	0	0	3573	
0	0	0	0	0	3739	
0	0	0	0	0	3711	
0	0	0	0	0	3693	
0	0	0	0	0	3561	
0	0	0	0	0	4034	
0	0	0	0	0	4939	
0	0	0	0	0	3581	
0	0	0	0	0	3818	
0	0	0	0	0	3682	
0	0	0	0	0	3907	
0	0	0	0	0	3863	
0	0	0	0	0	3922	
0	0	0	0	0	3583	
0	0	0	0	0	4428	
0	0	0	0	0	4596	
0	0	0	0	0	3562	
0	0	0	0	0	3559	
0	0	0	0	0	3567	
0	0	0	0	0	3582	
0	0	0	0	0	3753	
0	0	0	0	0	3624	
0	0	0	0	0	3574	
0	0	0	0	0	3570	
0	0	0	0	0	3547	
0	0	0	0	0	4037	
0	0	0	0	0	5025	
0	0	0	0	0	5136	
0	0	0	0	0	4941	
0	0	0	0	0	5034	
0	0	0	0	0	5058	
0	0	0	0	0	5030	
0	0	0	0	0	4881	
0	0	0	0	0	5002	
0	0	0	0	0	5204	
0	0	0	0	0	5012	
0	0	0	0	0	5095	
0	0	0	0	0	5177	
0	0	0	0	0	5133	
0	0	0	0	0	4949	
0	0	0	0	0	5025	
0	0	0	0	0	3670	
0	0	0	0	0	3870	
0	0	0	0	0	3539	
0	0	0	0	0	4630	
0	0	0	0	0	5158	
0	0	0	0	0	4497	
0	0	0	0	0	4532	
0	0	0	0	0	5047	
0	0	0	0	0	5141	
0	0	0	0	0	5065	
0	0	0	0	0	4955	
0	0	0	0	0	4935	
0	0	0	0	0	3739	
0	0	0	0	0	3700	
0	0	0	0	0	3663	
0	0	0	0	0	3710	
0	0	0	0	0	3706	
0	0	0	0	0	3717	
0	0	0	0	0	3689	
0	0	0	0	0	3668	
0	0	0	0	0	3721	
0	0	0	0	0	4921	
0	0	0	0	0	5241	
0	0	0	0	0	3953	
0	0	0	0	0	4048	
0	0	0	0	0	4964	
0	0	0	0	0	5180	
0	0	0	0	0	4964	
0	0	0	0	0	5131	
0	0	0	0	0	4981	
0	0	0	0	0	5181	
0	0	0	0	0	4984	
0	0	0	0	0	3712	
0	0	0	0	0	3712	
0	0	0	0	0	3857	
0	0	0	0	0	3740	
0	0	0	0	0	3796	
0	0	0	0	0	3933	
0	0	0	0	0	3767	
0	0	0	0	0	4175	
0	0	0	0	0	3854	
0	0	0	0	0	4911	
0	0	0	0	0	4967	
0	0	0	0	0	4978	
0	0	0	0	0	4538	
0	0	0	0	0	3692	
0	0	0	0	0	3697	
0	0	0	0	0	3693	
0	0	0	0	0	3868	
0	0	0	0	0	3821	
0	0	0	0	0	3809	
0	0	0	0	0	4062	
0	0	0	0	0	5135	
0	0	0	0	0	5083	
0	0	0	0	0	4965	
0	0	0	0	0	5228	
0	0	0	0	0	5058	
0	0	0	0	0	5212	
0	0	0	0	0	5028	
0	0	0	0	0	5255	
0	0	0	0	0	4940	
0	0	0	0	0	5209	
0	0	0	0	0	5234	
0	0	0	0	0	5190	
0	0	0	0	0	5129	
0	0	0	0	0	5098	
0	0	0	0	0	5271	
0	0	0	0	0	5212	
0	0	0	0	0	5046	
0	0	0	0	0	4992	
0	0	0	0	0	5012	
0	0	0	0	0	4765	
0	0	0	0	0	3704	
0	0	0	0	0	3710	
0	0	0	0	0	3665	
0	0	0	0	0	3698	
0	0	0	0	0	3671	
0	0	0	0	0	3707	
0	0	0	0	0	3680	
0	0	0	0	0	3915	
0	0	0	0	0	3701	
0	0	0	0	0	3676	
0	0	0	0	0	3721	
0	0	0	0	0	3726	
0	0	0	0	0	3704	
0	0	0	0	0	3967	
0	0	0	0	0	3856	
0	0	0	0	0	3704	
0	0	0	0	0	3708	
0	0	0	0	0	3749	
0	0	0	0	0	3693	
0	0	0	0	0	3768	
0	0	0	0	0	3709	
0	0	0	0	0	3819	
0	0	0	0	0	3682	
0	0	0	0	0	3707	
0	0	0	0	0	3835	
0	0	0	0	0	4081	
0	0	0	0	0	4806	
0	0	0	0	0	4989	
0	0	0	0	0	3852	
0	0	0	0	0	4110	
0	0	0	0	0	4004	
0	0	0	0	0	3801	
0	0	0	0	0	3713	
0	0	0	0	0	3677	
0	0	0	0	0	3720	
0	0	0	0	0	4087	
0	0	0	0	0	3932	
0	0	0	0	0	3685	
0	0	0	0	0	3771	
0	0	0	0	0	3705	
0	0	0	0	0	3864	
0	0	0	0	0	4687	
0	0	0	0	0	3677	
0	0	0	0	0	3708	
0	0	0	0	0	3691	
0	0	0	0	0	3779	
0	0	0	0	0	4179	
0	0	0	0	0	3810	
0	0	0	0	0	3703	
0	0	0	0	0	3880	
0	0	0	0	0	3964	
0	0	0	0	0	3782	
0	0	0	0	0	3896	
0	0	0	0	0	3707	
0	0	0	0	0	3721	
0	0	0	0	0	3958	
0	0	0	0	0	3700	
0	0	0	0	0	3683	
0	0	0	0	0	3702	
0	0	0	0	0	3963	
0	0	0	0	0	3693	
0	0	0	0	0	3676	
0	0	0	0	0	3712	
0	0	0	0	0	3693	
0	0	0	0	0	3989	
0	0	0	0	0	3822	
0	0	0	0	0	3874	
0	0	0	0	0	3713	
0	0	0	0	0	3742	
0	0	0	0	0	4178	
0	0	0	0	0	3862	
0	0	0	0	0	3863	
0	0	0	0	0	4083	
0	0	0	0	0	3789	
0	0	0	0	0	4092	
0	0	0	0	0	3823	
0	0	0	0	0	3691	
0	0	0	0	0	3704	
0	0	0	0	0	3707	
0	0	0	0	0	3693	
0	0	0	0	0	3847	
0	0	0	0	0	3673	
0	0	0	0	0	3696	
0	0	0	0	0	3754	
0	0	0	0	0	3764	
0	0	0	0	0	3706	
0	0	0	0	0	3761	
0	0	0	0	0	3713	
0	0	0	0	0	4667	
0	0	0	0	0	3815	
0	0	0	0	0	3687	
0	0	0	0	0	3709	
0	0	0	0	0	3850	
0	0	0	0	0	4067	
0	0	0	0	0	3921	
0	0	0	0	0	3871	
0	0	0	0	0	4125	
0	0	0	0	0	3735	
0	0	0	0	0	3877	
0	0	0	0	0	3887	
0	0	0	0	0	3733	
0	0	0	0	0	3856	
0	0	0	0	0	4129	
0	0	0	0	0	3863	
0	0	0	0	0	3698	
0	0	0	0	0	3710	
0	0	0	0	0	3910	
0	0	0	0	0	3789	
0	0	0	0	0	3710	
0	0	0	0	0	4112	
0	0	0	0	0	3904	
0	0	0	0	0	4048	
0	0	0	0	0	3845	
0	0	0	0	0	4139	
0	0	0	0	0	3792	
0	0	0	0	0	3897	
0	0	0	0	0	4042	
0	0	0	0	0	3745	
0	0	0	0	0	3753	
0	0	0	0	0	3779	
0	0	0	0	0	4019	
0	0	0	0	0	3932	
0	0	0	0	0	3994	
0	0	0	0	0	3732	
0	0	0	0	0	3729	
0	0	0	0	0	3716	
0	0	0	0	0	3894	
0	0	0	0	0	3711	
0	0	0	0	0	3703	
0	0	0	0	0	3718	
0	0	0	0	0	4112	
0	0	0	0	0	3876	
0	0	0	0	0	3777	
0	0	0	0	0	3969	
0	0	0	0	0	3750	
0	0	0	0	0	4602	
0	0	0	0	0	4707	
0	0	0	0	0	3961	
0	0	0	0	0	3713	
0	0	0	0	0	4151	
0	0	0	0	0	3692	
0	0	0	0	0	3724	
0	0	0	0	0	3668	
0	0	0	0	0	3700	
0	0	0	0	0	3904	
0	0	0	0	0	3962	
0	0	0	0	0	3732	
0	0	0	0	0	3727	
0	0	0	0	0	3735	
0	0	0	0	0	4091	
0	0	0	0	0	4132	
0	0	0	0	0	4608	
0	0	0	0	0	4575	
0	0	0	0	0	3704	
0	0	0	0	0	3988	
0	0	0	0	0	3850	
0	0	0	0	0	3912	
0	0	0	0	0	3793	
0	0	0	0	0	3789	
0	0	0	0	0	3972	
0	0	0	0	0	3836	
0	0	0	0	0	4029	
0	0	0	0	0	3719	
0	0	0	0	0	3838	
0	0	0	0	0	3701	
0	0	0	0	0	4040	
0	0	0	0	0	3834	
0	0	0	0	0	3846	
0	0	0	0	0	3826	
0	0	0	0	0	3799	
0	0	0	0	0	3887	
0	0	0	0	0	3801	
0	0	0	0	0	3774	
0	0	0	0	0	3781	
0	0	0	0	0	3868	
0	0	0	0	0	3816	
0	0	0	0	0	3714	
0	0	0	0	0	3819	
0	0	0	0	0	3860	
0	0	0	0	0	3882	
0	0	0	0	0	3926	
0	0	0	0	0	3714	
0	0	0	0	0	3900	
0	0	0	0	0	3868	
0	0	0	0	0	3949	
0	0	0	0	0	3760	
0	0	0	0	0	3762	
0	0	0	0	0	3691	
0	0	0	0	0	3823	
0	0	0	0	0	3822	
0	0	0	0	0	3903	
0	0	0	0	0	3958	
0	0	0	0	0	3766	
0	0	0	0	0	3725	
0	0	0	0	0	3891	
0	0	0	0	0	3671	
0	0	0	0	0	3775	
0	0	0	0	0	3944	
0	0	0	0	0	3673	
0	0	0	0	0	3690	
0	0	0	0	0	3660	
0	0	0	0	0	3823	
0	0	0	0	0	3997	
0	0	0	0	0	4019	
0	0	0	0	0	3743	
0	0	0	0	0	4971	
0	0	0	0	0	4954	
0	0	0	0	0	4904	
0	0	0	0	0	4863	
0	0	0	0	0	4726	
0	0	0	0	0	4410	
0	0	0	0	0	5075	
0	0	0	0	0	5131	
0	0	0	0	0	4126	
0	0	0	0	0	3532	
0	0	0	0	0	3826	
0	0	0	0	0	3648	
0	0	0	0	0	3529	
0	0	0	0	0	3752	
0	0	0	0	0	3687	
0	0	0	0	0	3854	
0	0	0	0	0	3677	
0	0	0	0	0	3543	
0	0	0	0	0	3532	
0	0	0	0	0	3548	
0	0	0	0	0	3575	
0	0	0	0	0	3552	
0	0	0	0	0	3530	
0	0	0	0	0	3540	
0	0	0	0	0	3520	
0	0	0	0	0	3658	
0	0	0	0	0	3600	
0	0	0	0	0	3619	
0	0	0	0	0	3571	
0	0	0	0	0	3581	
0	0	0	0	0	3584	
0	0	0	0	0	3573	
0	0	0	0	0	3540	
0	0	0	0	0	3552	
0	0	0	0	0	3577	
0	0	0	0	0	3554	
0	0	0	0	0	3549	
0	0	0	0	0	3679	
0	0	0	0	0	3565	
0	0	0	0	0	3593	
0	0	0	0	0	3556	
0	0	0	0	0	3565	
0	0	0	0	0	3814	
0	0	0	0	0	3515	
0	0	0	0	0	3545	
0	0	0	0	0	3540	
0	0	0	0	0	3573	
0	0	0	0	0	3561	
0	0	0	0	0	3548	
0	0	0	0	0	3532	
0	0	0	0	0	3533	
0	0	0	0	0	3862	
0	0	0	0	0	3787	
0	0	0	0	0	3498	
0	0	0	0	0	3570	
0	0	0	0	0	3551	
0	0	0	0	0	3563	
0	0	0	0	0	3579	
0	0	0	0	0	3541	
0	0	0	0	0	3618	
0	0	0	0	0	3586	
0	0	0	0	0	3620	
0	0	0	0	0	3609	
0	0	0	0	0	3597	
0	0	0	0	0	3622	
0	0	0	0	0	3620	
0	0	0	0	0	3577	
0	0	0	0	0	3552	
0	0	0	0	0	3507	
0	0	0	0	0	3566	
0	0	0	0	0	3624	
0	0	0	0	0	3554	
0	0	0	0	0	3555	
0	0	0	0	0	3522	
0	0	0	0	0	3549	
0	0	0	0	0	3561	
0	0	0	0	0	3620	
0	0	0	0	0	3607	
0	0	0	0	0	3528	
0	0	0	0	0	3521	
0	0	0	0	0	3560	
0	0	0	0	0	3620	
0	0	0	0	0	3560	
0	0	0	0	0	3545	
0	0	0	0	0	3518	
0	0	0	0	0	3555	
0	0	0	0	0	3567	
0	0	0	0	0	3549	
0	0	0	0	0	3554	
0	0	0	0	0	3518	
0	0	0	0	0	3546	
0	0	0	0	0	3642	
0	0	0	0	0	3570	
0	0	0	0	0	3576	
0	0	0	0	0	3529	
0	0	0	0	0	3565	
0	0	0	0	0	3785	
0	0	0	0	0	3559	
0	0	0	0	0	3734	
0	0	0	0	0	3705	
0	0	0	0	0	3685	
0	0	0	0	0	3644	
0	0	0	0	0	3542	
0	0	0	0	0	3546	
0	0	0	0	0	3534	
0	0	0	0	0	3544	
0	0	0	0	0	3532	
0	0	0	0	0	3597	
0	0	0	0	0	3766	
0	0	0	0	0	3575	
0	0	0	0	0	3587	
0	0	0	0	0	3568	
0	0	0	0	0	3522	
0	0	0	0	0	3710	
0	0	0	0	0	3546	
0	0	0	0	0	3572	
0	0	0	0	0	3580	
0	0	0	0	0	4025	
0	0	0	0	0	3537	
0	0	0	0	0	3799	
0	0	0	0	0	3556	
0	0	0	0	0	3529	
0	0	0	0	0	3670	
0	0	0	0	0	3560	
0	0	0	0	0	3944	
0	0	0	0	0	3553	
0	0	0	0	0	3576	
0	0	0	0	0	3725	
0	0	0	0	0	3558	
0	0	0	0	0	3551	
0	0	0	0	0	3514	
0	0	0	0	0	3758	
0	0	0	0	0	3772	
0	0	0	0	0	3559	
0	0	0	0	0	3561	
0	0	0	0	0	3543	
0	0	0	0	0	3563	
0	0	0	0	0	3544	
0	0	0	0	0	3564	
0	0	0	0	0	3544	
0	0	0	0	0	3511	
0	0	0	0	0	3563	
0	0	0	0	0	3731	
0	0	0	0	0	3558	
0	0	0	0	0	3585	
0	0	0	0	0	3538	
0	0	0	0	0	3565	
0	0	0	0	0	3717	
0	0	0	0	0	3581	
0	0	0	0	0	3558	
0	0	0	0	0	3649	
0	0	0	0	0	3547	
0	0	0	0	0	3543	
0	0	0	0	0	3574	
0	0	0	0	0	3626	
0	0	0	0	0	3539	
0	0	0	0	0	3575	
0	0	0	0	0	3543	
0	0	0	0	0	3795	
0	0	0	0	0	3559	
0	0	0	0	0	3508	
0	0	0	0	0	3549	
0	0	0	0	0	3550	
0	0	0	0	0	3547	
0	0	0	0	0	3843	
0	0	0	0	0	4907	
0	0	0	0	0	4892	
0	0	0	0	0	4869	
0	0	0	0	0	4910	
0	0	0	0	0	4899	
0	0	0	0	0	4873	
0	0	0	0	0	4911	
0	0	0	0	0	4939	
0	0	0	0	0	4851	
0	0	0	0	0	4892	
0	0	0	0	0	4881	
0	0	0	0	0	4918	
0	0	0	0	0	4858	
0	0	0	0	0	4960	
0	0	0	0	0	4967	
0	0	0	0	0	4907	
0	0	0	0	0	4891	
0	0	0	0	0	4888	
0	0	0	0	0	4912	
0	0	0	0	0	4583	
0	0	0	0	0	3547	
0	0	0	0	0	3671	
0	0	0	0	0	3561	
0	0	0	0	0	3552	
0	0	0	0	0	3528	
0	0	0	0	0	3555	
0	0	0	0	0	3585	
0	0	0	0	0	3643	
0	0	0	0	0	3597	
0	0	0	0	0	3889	
0	0	0	0	0	3554	
0	0	0	0	0	3580	
0	0	0	0	0	4049	
0	0	0	0	0	4947	
0	0	0	0	0	4927	
0	0	0	0	0	4835	
0	0	0	0	0	5017	
0	0	0	0	0	3917	
0	0	0	0	0	3464	
0	0	0	0	0	4387	
0	0	0	0	0	4042	
0	0	0	0	0	4812	
0	0	0	0	0	4834	
0	0	0	0	0	4914	
0	0	0	0	0	4917	
0	0	0	0	0	4916	
0	0	0	0	0	4894	
787	0	0	0	0	14160	
2917	0	0	0	0	27215	
5407	0	0	0	0	26097	
6831	0	0	0	0	26942	
7715	0	0	0	0	27450	
8384	0	0	0	0	25813	
9426	0	0	0	0	24380	
10016	0	0	0	0	21765	
10517	0	0	0	0	18533	
11284	0	0	0	0	15487	
5713	0	0	0	0	6878	
0	0	0	0	0	0	
0	0	0	0	0	0	
0	0	0	0	0	0	
0	0	0	0	0	0	
4978	0	0	0	0	5152	
11004	0	0	0	0	10266	
11215	0	0	0	0	8150	
10534	0	0	0	0	6636	
10973	0	0	0	0	5483	
11179	0	0	0	0	4450	
11829	0	0	0	0	3835	
11438	0	0	0	0	3355	
11327	0	0	0	0	2644	
11430	0	0	0	0	2060	
11640	0	0	0	0	1805	
11674	0	0	0	0	1400	
11802	0	0	0	0	1259	
11485	0	0	0	0	1021	
11825	0	0	0	0	834	
11541	0	0	0	0	890	
11387	0	0	0	0	667	
11421	0	0	0	0	511	
11851	0	0	0	0	490	
12131	0	0	0	0	446	
12406	0	0	0	0	305	
11808	0	0	0	0	237	
11815	0	0	0	0	227	
11863	0	0	0	0	211	
11187	0	0	0	0	179	
11687	0	0	0	0	171	
11764	0	0	0	0	155	
12019	0	0	0	0	141	
11761	0	0	0	0	111	
11980	0	0	0	0	99	
11569	0	0	0	0	86	
11308	0	0	0	0	72	
11553	0	0	0	0	71	
11972	0	0	0	0	50	
11850	0	0	0	0	52	
11409	0	0	0	0	32	
11760	0	0	0	0	39	
11684	0	0	0	0	30	
11923	0	0	0	0	22	
11588	0	0	0	0	31	
11794	0	0	0	0	23	
12442	0	0	0	0	23	
12602	0	0	0	0	16	
13006	0	0	0	0	24	
12146	0	0	0	0	15	
12696	0	0	0	0	15	
12712	0	0	0	0	12	
12725	0	0	0	0	11	
12804	0	0	0	0	10	
13048	0	0	0	0	7	
12642	0	0	0	0	8	
12711	0	0	0	0	6	
11253	0	0	0	0	3	
11362	0	0	0	0	4	
12192	0	0	0	0	5	
11377	0	0	0	0	6	
11436	0	0	0	0	7	
11476	0	0	0	0	4	
11525	0	0	0	0	1	
11592	0	0	0	0	1	
11474	0	0	0	0	3	
11973	0	0	0	0	3	
11718	0	0	0	0	2	
11711	0	0	0	0	0	
11686	0	0	0	0	1	
11581	0	0	0	0	1	
11666	0	0	0	0	0	
11301	0	0	0	0	1	
11423	0	0	0	0	0	
11455	0	0	0	0	0	
11959	0	0	0	0	0	
11309	0	0	0	0	0	
11883	0	0	0	0	0	
12382	0	0	0	0	0	
11532	0	0	0	0	0	
11217	0	0	0	0	0	
11999	0	0	0	0	1	
11710	0	0	0	0	0	
12120	0	0	0	0	0	
11526	0	0	0	0	1	
11666	0	0	0	0	0	
11400	0	0	0	0	0	
11392	0	0	0	0	0	
12400	0	0	0	0	0	
11479	0	0	0	0	1	
11749	0	0	0	0	0	
12658	0	0	0	0	0	
11808	0	0	0	0	0	
11672	0	0	0	0	1	
11357	0	0	0	0	0	
11863	0	0	0	0	1	
11622	0	0	0	0	0	
12058	0	0	0	0	1	
11325	0	0	0	0	0	
11436	0	0	0	0	0	
11499	0	0	0	0	0	
11589	0	0	0	0	0	
11830	0	0	0	0	0	
11876	0	0	0	0	1	
11733	0	0	0	0	0	
11763	0	0	0	0	0	
11763	0	0	0	0	0	
11917	0	0	0	0	0	
11375	0	0	0	0	0	
10888	0	0	0	0	0	
12100	0	0	0	0	0	
12141	0	0	0	0	0	
12362	0	0	0	0	0	
11698	0	0	0	0	0	
11670	0	0	0	0	0	
11739	0	0	0	0	0	
11516	0	0	0	0	0	
11552	0	0	0	0	0	
11760	0	0	0	0	0	
12047	0	0	0	0	0	
11527	0	0	0	0	0	
11603	0	0	0	0	3	
12034	0	0	0	0	0	
12365	0	0	0	0	0	
12098	0	0	0	0	0	
11961	0	0	0	0	0	
11750	0	0	0	0	0	
11671	0	0	0	0	0	
11815	0	0	0	0	2	
11854	0	0	0	0	0	
11739	0	0	0	0	0	
12245	0	0	0	0	0	
11803	0	0	0	0	0	
12341	0	0	0	0	0	
12049	0	0	0	0	0	
11700	0	0	0	0	0	
11736	0	0	0	0	0	
11701	0	0	0	0	0	
10936	0	0	0	0	0	
11604	0	0	0	0	0	
11200	0	0	0	0	0	
11516	0	0	0	0	0	
11620	0	0	0	0	0	
12405	0	0	0	0	0	
11786	0	0	0	0	0	
11950	0	0	0	0	0	
11435	0	0	0	0	2	
12010	0	0	0	0	0	
11844	0	0	0	0	0	
11828	0	0	0	0	0	
11705	0	0	0	0	0	
11716	0	0	0	0	0	
11429	0	0	0	0	0	
11263	0	0	0	0	0	
12684	0	0	0	0	0	
12271	0	0	0	0	1	
11730	0	0	0	0	0	
11336	0	0	0	0	0	
11672	0	0	0	0	1	
11714	0	0	0	0	0	
11033	0	0	0	0	2	
11293	0	0	0	0	0	
11698	0	0	0	0	0	
11712	0	0	0	0	0	
11601	0	0	0	0	0	
11402	0	0	0	0	0	
11654	0	0	0	0	0	
11769	0	0	0	0	0	
12193	0	0	0	0	0	
12579	0	0	0	0	0	
11501	0	0	0	0	0	
11925	0	0	0	0	0	
11998	0	0	0	0	0	
11373	0	0	0	0	0	
11353	0	0	0	0	0	
12113	0	0	0	0	0	
11037	0	0	0	0	0	
11524	0	0	0	0	0	
12094	0	0	0	0	0	
11896	0	0	0	0	0	
11925	0	0	0	0	0	
11518	0	0	0	0	0	
11587	0	0	0	0	0	
11869	0	0	0	0	0	
11597	0	0	0	0	0	
11775	0	0	0	0	0	
11457	0	0	0	0	0	
11380	0	0	0	0	0	
11344	0	0	0	0	0	
10525	0	0	0	0	0	
11137	0	0	0	0	0	
12027	0	0	0	0	0	
11507	0	0	0	0	0	
11623	0	0	0	0	0	
11455	0	0	0	0	0	
11773	0	0	0	0	0	
11385	0	0	0	0	0	
11532	0	0	0	0	0	
11386	0	0	0	0	0	
11728	0	0	0	0	0	
12183	0	0	0	0	0	
11779	0	0	0	0	0	
11360	0	0	0	0	0	
11438	0	0	0	0	0	
10554	0	0	0	0	0	
11360	0	0	0	0	0	
11424	0	0	0	0	0	
11693	0	0	0	0	0	
11684	0	0	0	0	0	
12092	0	0	0	0	0	
11901	0	0	0	0	0	
11563	0	0	0	0	0	
11886	0	0	0	0	0	
12253	0	0	0	0	2	
11791	0	0	0	0	0	
12754	0	0	0	0	0	
11039	0	0	0	0	0	
11138	0	0	0	0	0	
11090	0	0	0	0	0	
11623	0	0	0	0	0	
11377	0	0	0	0	0	
11675	0	0	0	0	0	
12099	0	0	0	0	0	
11867	0	0	0	0	0	
12012	0	0	0	0	0	
12067	0	0	0	0	0	
11684	0	0	0	0	0	
12111	0	0	0	0	0	
11633	0	0	0	0	0	
10916	0	0	0	0	0	
11623	0	0	0	0	0	
11431	0	0	0	0	0	
11589	0	0	0	0	0	
10957	0	0	0	0	0	
11735	0	0	0	0	0	
11869	0	0	0	0	0	
11760	0	0	0	0	0	
11614	0	0	0	0	0	
11717	0	0	0	0	0	
11832	0	0	0	0	0	
11508	0	0	0	0	0	
11603	0	0	0	0	0	
11071	0	0	0	0	0	
11311	0	0	0	0	0	
11272	0	0	0	0	0	
11685	0	0	0	0	0	
11292	0	0	0	0	0	
11453	0	0	0	0	0	
10976	0	0	0	0	0	
10815	0	0	0	0	0	
11284	0	0	0	0	0	
11751	0	0	0	0	0	
11656	0	0	0	0	0	
11729	0	0	0	0	0	
11680	0	0	0	0	0	
11397	0	0	0	0	0	
11274	0	0	0	0	0	
12177	0	0	0	0	0	
11834	0	0	0	0	0	
12241	0	0	0	0	0	
12119	0	0	0	0	0	
11360	0	0	0	0	0	
11172	0	0	0	0	0	
11804	0	0	0	0	0	
13509	0	0	0	0	0	
12574	0	0	0	0	0	
12597	0	0	0	0	0	
12547	0	0	0	0	0	
11072	0	0	0	0	0	
11586	0	0	0	0	0	
11157	0	0	0	0	0	
10727	0	0	0	0	0	
10653	0	0	0	0	0	
11650	0	0	0	0	2	
11884	0	0	0	0	0	
11767	0	0	0	0	0	
11555	0	0	0	0	0	
11155	0	0	0	0	0	
11442	0	0	0	0	0	
12024	0	0	0	0	0	
11713	0	0	0	0	0	
11764	0	0	0	0	0	
9182	0	0	0	0	0	
12145	0	0	0	0	0	
11233	0	0	0	0	0	
10587	0	0	0	0	0	
11647	0	0	0	0	0	
11896	0	0	0	0	4	
11398	0	0	0	0	0	
11435	0	0	0	0	0	
11364	0	0	0	0	0	
11635	0	0	0	0	0	
11652	0	0	0	0	0	
12593	0	0	0	0	0	
11575	0	0	0	0	0	
10597	0	0	0	0	0	
11527	0	0	0	0	0	
11653	0	0	0	0	0	
11477	0	0	0	0	0	
11985	0	0	0	0	0	
11007	0	0	0	0	0	
11250	0	0	0	0	0	
11264	0	0	0	0	0	
12374	0	0	0	0	0	
11653	0	0	0	0	0	
11665	0	0	0	0	0	
11840	0	0	0	0	0	
11304	0	0	0	0	0	
11112	0	0	0	0	0	
10040	0	0	0	0	0	
9593	0	0	0	0	0	
12515	0	0	0	0	0	
11886	0	0	0	0	0	
11624	0	0	0	0	0	
11876	0	0	0	0	0	
8675	0	0	0	0	0	
12141	0	0	0	0	0	
12823	0	0	0	0	0	
12819	0	0	0	0	0	
12724	0	0	0	0	0	
12908	0	0	0	0	0	
12346	0	0	0	0	0	
11344	0	0	0	0	0	
11691	0	0	0	0	0	
11459	0	0	0	0	0	
11585	0	0	0	0	0	
11594	0	0	0	0	0	
11856	0	0	0	0	0	
11531	0	0	0	0	0	
11369	0	0	0	0	0	
11835	0	0	0	0	0	
11651	0	0	0	0	0	
11684	0	0	0	0	0	
11356	0	0	0	0	0	
11350	0	0	0	0	0	
11654	0	0	0	0	0	
11807	0	0	0	0	0	
10867	0	0	0	0	0	
11834	0	0	0	0	0	
11771	0	0	0	0	0	
11559	0	0	0	0	0	
8127	0	0	0	0	0	
11175	0	0	0	0	0	
11860	0	0	0	0	1	
10965	0	0	0	0	0	
11779	0	0	0	0	0	
11227	0	0	0	0	0	
11780	0	0	0	0	0	
11948	0	0	0	0	0	
12163	0	0	0	0	0	
11502	0	0	0	0	0	
11515	0	0	0	0	0	
11215	0	0	0	0	0	
11355	0	0	0	0	0	
11465	0	0	0	0	0	
11972	0	0	0	0	0	
11640	0	0	0	0	0	
11373	0	0	0	0	2	
11424	0	0	0	0	0	
12595	0	0	0	0	0	
12272	0	0	0	0	0	
11550	0	0	0	0	0	
11671	0	0	0	0	0	
12084	0	0	0	0	0	
11857	0	0	0	0	0	
11893	0	0	0	0	0	
11047	0	0	0	0	1	
12129	0	0	0	0	0	
11825	0	0	0	0	0	
12938	0	0	0	0	0	
12574	0	0	0	0	0	
11667	0	0	0	0	0	
11238	0	0	0	0	0	
9724	0	0	0	0	0	
10087	0	0	0	0	0	
11752	0	0	0	0	0	
11185	0	0	0	0	0	
11229	0	0	0	0	0	
11465	0	0	0	0	0	
12221	0	0	0	0	0	
12247	0	0	0	0	0	
11218	0	0	0	0	0	
12254	0	0	0	0	0	
11914	0	0	0	0	0	
11856	0	0	0	0	0	
9158	0	0	0	0	0	
7619	0	0	0	0	0	
12658	0	0	0	0	0	
11319	0	0	0	0	0	
11287	0	0	0	0	0	
12000	0	0	0	0	0	
12140	0	0	0	0	0	
11093	0	0	0	0	0	
11651	0	0	0	0	0	
11577	0	0	0	0	0	
11970	0	0	0	0	0	
11469	0	0	0	0	0	
11473	0	0	0	0	0	
12294	0	0	0	0	0	
11987	0	0	0	0	0	
11619	0	0	0	0	0	
11469	0	0	0	0	0	
11644	0	0	0	0	0	
11652	0	0	0	0	0	
11633	0	0	0	0	0	
12005	0	0	0	0	0	
11575	0	0	0	0	0	
11914	0	0	0	0	0	
11543	0	0	0	0	0	
11582	0	0	0	0	0	
11559	0	0	0	0	0	
11539	0	0	0	0	0	
11262	0	0	0	0	0	
11405	0	0	0	0	0	
11672	0	0	0	0	0	
11701	0	0	0	0	0	
11817	0	0	0	0	0	
12053	0	0	0	0	0	
11217	0	0	0	0	0	
11747	0	0	0	0	0	
11606	0	0	0	0	0	
11730	0	0	0	0	0	
9033	0	0	0	0	0	
12220	0	0	0	0	0	
11866	0	0	0	0	0	
12087	0	0	0	0	0	
11277	0	0	0	0	0	
12004	0	0	0	0	0	
11038	0	0	0	0	0	
11591	0	0	0	0	0	
11577	0	0	0	0	0	
7908	0	0	0	0	0	
10007	0	0	0	0	0	
10276	0	0	0	0	0	
10837	0	0	0	0	0	
11324	0	0	0	0	0	
11247	0	0	0	0	0	
11036	0	0	0	0	0	
11331	0	0	0	0	0	
11114	0	0	0	0	0	
11387	0	0	0	0	0	
11319	0	0	0	0	0	
11493	0	0	0	0	0	
12063	0	0	0	0	0	
11167	0	0	0	0	0	
9555	0	0	0	0	0	
11278	0	0	0	0	0	
11938	0	0	0	0	0	
11655	0	0	0	0	0	
11361	0	0	0	0	0	
11590	0	0	0	0	0	
11573	0	0	0	0	0	
11999	0	0	0	0	0	
11768	0	0	0	0	0	
11643	0	0	0	0	0	
12848	0	0	0	0	0	
11265	0	0	0	0	0	
11530	0	0	0	0	0	
11219	0	0	0	0	0	
11958	0	0	0	0	0	
11774	0	0	0	0	0	
11346	0	0	0	0	0	
11812	0	0	0	0	0	
11747	0	0	0	0	0	
11405	0	0	0	0	0	
11542	0	0	0	0	0	
11787	0	0	0	0	0	
11852	0	0	0	0	0	
8585	0	0	0	0	0	
11417	0	0	0	0	0	
11427	0	0	0	0	0	
11372	0	0	0	0	2	
11876	0	0	0	0	0	
11466	0	0	0	0	0	
11462	0	0	0	0	0	
11961	0	0	0	0	0	
11302	0	0	0	0	0	
12101	0	0	0	0	0	
11206	0	0	0	0	0	
11669	0	0	0	0	0	
11655	0	0	0	0	0	
11291	0	0	0	0	0	
11812	0	0	0	0	0	
11696	0	0	0	0	0	
11774	0	0	0	0	0	
11688	0	0	0	0	0	
8163	0	0	0	0	0	
11851	0	0	0	0	0	
11316	0	0	0	0	0	
11590	0	0	0	0	0	
11663	0	0	0	0	0	
11594	0	0	0	0	0	
11288	0	0	0	0	0	
11570	0	0	0	0	0	
11044	0	0	0	0	1	
12151	0	0	0	0	0	
11673	0	0	0	0	0	
11998	0	0	0	0	0	
11611	0	0	0	0	0	
11388	0	0	0	0	0	
11761	0	0	0	0	0	
8363	0	0	0	0	0	
11218	0	0	0	0	0	
11846	0	0	0	0	0	
11400	0	0	0	0	0	
11504	0	0	0	0	0	
11585	0	0	0	0	0	
12818	0	0	0	0	0	
11898	0	0	0	0	0	
11714	0	0	0	0	0	
11624	0	0	0	0	0	
11778	0	0	0	0	0	
11652	0	0	0	0	0	
11642	0	0	0	0	0	
11634	0	0	0	0	0	
11530	0	0	0	0	0	
11140	0	0	0	0	0	
11684	0	0	0	0	0	
11707	0	0	0	0	0	
12072	0	0	0	0	0	
11727	0	0	0	0	0	
11839	0	0	0	0	0	
11676	0	0	0	0	0	
11323	0	0	0	0	0	
11454	0	0	0	0	0	
11433	0	0	0	0	0	
11544	0	0	0	0	0	
11701	0	0	0	0	0	
11549	0	0	0	0	0	
11324	0	0	0	0	0	
10427	0	0	0	0	0	
8582	0	0	0	0	0	
8086	0	0	0	0	4	
7259	0	0	0	0	0	
9680	0	0	0	0	0	
9233	0	0	0	0	0	
8028	0	0	0	0	0	
7842	0	0	0	0	0	
9470	0	0	0	0	0	
10288	0	0	0	0	0	
11156	0	0	0	0	0	
11802	0	0	0	0	0	
11572	0	0	0	0	0	
11529	0	0	0	0	0	
11475	0	0	0	0	0	
9170	0	0	0	0	0	
11422	0	0	0	0	0	
11633	0	0	0	0	0	
11199	0	0	0	0	0	
11156	0	0	0	0	0	
11733	0	0	0	0	0	
9074	0	0	0	0	0	
11532	0	0	0	0	0	
11496	0	0	0	0	0	
8488	0	0	0	0	0	
11703	0	0	0	0	0	
10994	0	0	0	0	0	
9744	0	0	0	0	0	
11949	0	0	0	0	0	
10845	0	0	0	0	0	
9358	0	0	0	0	0	
11644	0	0	0	0	0	
9503	0	0	0	0	0	
11750	0	0	0	0	0	
11391	0	0	0	0	0	
11591	0	0	0	0	0	
11347	0	0	0	0	0	
11550	0	0	0	0	0	
8791	0	0	0	0	0	
11687	0	0	0	0	0	
11531	0	0	0	0	0	
11476	0	0	0	0	0	
11565	0	0	0	0	0	
11727	0	0	0	0	0	
11631	0	0	0	0	0	
9356	0	0	0	0	0	
11822	0	0	0	0	0	
11449	0	0	0	0	0	
11546	0	0	0	0	0	
11586	0	0	0	0	0	
12408	0	0	0	0	0	
11988	0	0	0	0	0	
11735	0	0	0	0	0	
12383	0	0	0	0	0	
11739	0	0	0	0	0	
11902	0	0	0	0	0	
11185	0	0	0	0	0	
12080	0	0	0	0	0	
11970	0	0	0	0	0	
10335	0	0	0	0	0	
10735	0	0	0	0	0	
8087	0	0	0	0	0	
8122	0	0	0	0	0	
8678	0	0	0	0	0	
8520	0	0	0	0	0	
7599	0	0	0	0	0	
8722	0	0	0	0	0	
8405	0	0	0	0	0	
6968	0	0	0	0	0	
10061	0	0	0	0	0	
9109	0	0	0	0	0	
10989	0	0	0	0	0	
11220	0	0	0	0	0	
11698	0	0	0	0	0	
11887	0	0	0	0	0	
12053	1	0	0	0	0	
11832	0	0	0	0	0	
11729	0	0	0	0	0	
8631	0	0	0	0	0	
11364	0	0	0	0	0	
11913	0	0	0	0	0	
9941	0	0	0	0	0	
11568	0	0	0	0	0	
12339	0	0	0	0	0	
12292	0	0	0	0	0	
12365	0	0	0	0	0	
12013	0	0	0	0	0	
11984	0	0	0	0	0	
12164	0	0	0	0	0	
11931	0	0	0	0	0	
12000	0	0	0	0	0	
12251	0	0	0	0	0	
11705	0	0	0	0	0	
12359	0	0	0	0	0	
12039	0	0	0	0	0	
12247	0	0	0	0	0	
11684	0	0	0	0	0	
12545	0	0	0	0	0	
12049	0	0	0	0	0	
12187	0	0	0	0	0	
12131	0	0	0	0	0	
11938	0	0	0	0	0	
12491	0	0	0	0	0	
11944	0	0	0	0	0	
12276	0	0	0	0	0	
12280	0	0	0	0	0	
9513	0	0	0	0	0	
11894	0	0	0	0	0	
12054	0	0	0	0	0	
12475	0	0	0	0	0	
11792	0	0	0	0	0	
10238	0	0	0	0	0	
12211	0	0	0	0	0	
12325	0	0	0	0	0	
12251	0	0	0	0	0	
11952	0	0	0	0	0	
12297	0	0	0	0	0	
11932	0	0	0	0	0	
12048	0	0	0	0	0	
9662	0	0	0	0	0	
11697	0	0	0	0	0	
11765	0	0	0	0	0	
10933	0	0	0	0	0	
8425	0	1	0	1	0	
11665	0	1	0	1	0	
11887	0	0	0	0	0	
12174	0	1	0	1	0	
12232	0	1	0	1	0	
11417	0	0	0	0	0	
11989	0	1	0	1	0	
11639	0	1	0	1	0	
11642	0	1	0	1	0	
11518	0	0	0	0	0	
12002	0	1	0	1	0	
12062	0	1	0	1	0	
12224	0	1	0	1	0	
11829	0	0	0	0	0	
11813	0	1	0	1	0	
11702	0	1	0	1	0	
11623	0	0	0	0	0	
9542	0	1	0	1	0	
13247	0	1	0	1	0	
12555	0	1	0	1	0	
12468	0	1	0	1	0	
12100	0	0	0	0	0	
12538	0	1	0	1	0	
12477	0	1	0	1	0	
5738	0	1	0	1	0	
0	0	1	0	1	0	
0	0	0	0	0	0	
0	0	1	0	1	1	
0	0	1	0	1	0	
0	0	0	0	0	0	
9832	0	1	0	1	1	
12064	0	1	0	1	0	
11569	0	1	0	1	0	
11461	0	0	0	0	0	
12294	0	1	0	1	0	
12623	0	1	0	1	0	
12239	0	1	0	1	0	
11854	0	1	0	1	0	
13036	0	0	0	0	0	
12885	0	1	0	1	0	
11592	0	1	0	1	0	
11219	0	1	0	1	0	
12085	0	0	0	0	0	
11710	0	1	0	1	0	
12171	0	1	0	1	0	
12742	0	1	0	1	0	
12635	0	0	0	0	0	
11860	0	1	0	1	0	
11779	0	1	0	1	0	
11679	0	1	0	1	0	
11709	0	0	0	0	0	
11630	0	1	0	1	0	
11798	0	1	0	1	0	
9130	0	1	0	1	0	
12581	0	0	0	0	0	
11804	0	1	0	1	0	
11683	0	1	0	1	0	
12005	0	1	0	1	0	
9368	0	0	0	0	0	
12350	0	1	0	1	0	
11680	0	1	0	1	0	
11849	0	1	0	1	0	
12048	0	0	0	0	0	
12879	0	1	0	1	0	
11532	0	1	0	1	0	
11236	0	1	0	1	0	
11642	0	0	0	0	0	
11464	0	1	0	1	0	
11635	0	1	0	1	0	
11912	0	1	0	1	0	
12047	0	1	0	1	0	
11805	0	0	0	0	0	
11511	0	1	0	1	0	
11864	0	1	0	1	0	
11722	0	1	0	1	0	
11853	0	0	0	0	0	
11529	0	1	0	1	0	
11561	0	1	0	1	0	
11798	0	1	0	1	0	
12096	0	1	0	1	0	
11740	0	0	0	0	0	
11650	0	1	0	1	0	
7939	0	1	0	1	0	
0	0	1	0	1	0	
0	0	0	0	0	0	
8221	0	1	0	1	1	
12264	0	1	0	1	0	
11791	0	1	0	1	0	
11706	0	0	0	0	0	
12101	0	1	0	1	0	
12264	0	1	0	1	0	
12378	0	1	0	1	0	
10079	0	0	0	0	0	
11628	0	1	0	1	0	
12258	0	1	0	1	0	
11695	0	1	0	1	0	
12116	0	1	0	1	0	
11721	0	0	0	0	0	
12016	0	1	0	1	0	
11720	0	1	0	1	0	
11799	0	1	0	1	0	
11797	0	0	0	0	0	
11680	0	1	0	1	0	
11322	0	1	0	1	0	
11106	0	1	0	1	0	
11746	0	1	0	1	0	
11318	0	0	0	0	0	
11359	0	1	0	1	0	
11513	0	1	0	1	0	
11778	0	1	0	1	0	
12264	0	1	0	1	0	
11647	0	0	0	0	0	
11680	0	1	0	1	0	
11388	0	1	0	1	0	
11709	0	1	0	1	0	
11423	0	0	0	0	0	
12198	0	1	0	1	0	
12478	0	1	0	1	0	
12865	0	0	0	0	0	
11348	0	1	0	1	0	
11798	0	1	0	1	0	
11691	0	0	0	0	0	
11905	0	1	0	1	0	
11555	0	1	0	1	0	
11380	0	1	0	1	0	
11630	0	0	0	0	0	
12187	0	1	0	1	0	
12512	0	1	0	1	0	
11950	0	0	0	0	0	
11617	0	1	0	1	0	
12827	0	1	0	1	0	
12369	0	1	0	1	0	
12425	0	0	0	0	0	
8989	0	1	0	1	0	
12969	0	1	0	1	0	
12352	0	1	0	1	0	
11619	0	0	0	0	0	
11766	0	1	0	1	0	
12322	0	1	0	1	0	
11552	0	1	0	1	0	
11689	0	0	0	0	0	
12308	0	1	0	1	0	
9744	0	1	0	1	0	
12384	0	1	0	1	0	
12052	0	0	0	0	0	
12197	0	1	0	1	0	
12154	0	1	0	1	0	
12006	0	1	0	1	0	
11712	0	1	0	1	0	
12010	0	0	0	0	0	
12069	0	1	0	1	0	
10593	0	1	0	1	0	
11804	0	1	0	1	0	
11527	0	1	0	1	0	
12342	0	1	0	1	0	
12133	0	0	0	0	0	
12607	0	1	0	1	0	
12554	0	1	0	1	0	
12924	0	1	0	1	0	
12418	0	1	0	1	0	
12808	0	1	0	1	0	
11969	0	1	0	1	0	
0	0	0	0	0	0	
0	0	1	0	1	0	
0	0	1	0	1	1	
0	0	1	0	1	0	
0	0	0	0	0	0	
0	0	1	0	1	1	
0	0	1	0	1	0	
3159	0	1	0	1	1	
11730	0	1	0	1	0	
11716	0	1	0	1	0	
8949	0	2	0	2	0	
12258	0	1	0	1	0	
12252	0	2	0	2	0	
12148	0	1	0	1	0	
12215	0	2	0	2	0	
10047	0	2	0	2	0	
13063	0	1	0	1	0	
12763	0	2	0	2	0	
12623	0	2	0	2	0	
10267	0	1	0	1	0	
12774	0	2	0	2	0	
12631	0	1	0	1	0	
9211	0	2	0	2	0	
12062	0	2	0	2	0	
10011	0	1	0	1	0	
12642	0	2	0	2	0	
12764	0	1	0	1	0	
12930	0	2	0	2	0	
12527	0	2	0	2	0	
9185	0	1	0	1	0	
12689	0	2	0	2	0	
11528	0	1	0	1	0	
11609	0	2	0	2	0	
12640	0	2	0	2	0	
12618	0	1	0	1	0	
10113	0	2	0	2	0	
12910	0	1	0	1	0	
11768	0	2	0	2	0	
11786	0	1	0	1	0	
8680	0	1	0	1	0	
7633	0	2	0	2	0	
11873	0	1	0	1	0	
12921	0	2	0	2	0	
11051	0	1	0	1	0	
12707	0	2	0	2	0	
11865	0	2	0	2	0	
11827	0	1	0	1	0	
11783	0	2	0	2	0	
11764	0	1	0	1	0	
11782	0	2	0	2	0	
11648	0	1	0	1	0	
11624	0	2	0	2	0	
10871	0	2	0	2	0	
11466	0	1	0	1	0	
11409	0	2	0	2	0	
11453	0	1	0	1	0	
11609	0	2	0	2	0	
11629	0	1	0	1	0	
12014	0	2	0	2	0	
11304	0	2	0	2	0	
12574	0	1	0	1	0	
11773	0	2	0	2	0	
11546	0	1	0	1	0	
11263	0	1	0	1	0	
12192	0	2	0	2	0	
11574	0	1	0	1	0	
11523	0	1	0	1	0	
11788	0	2	0	2	0	
11910	0	1	0	1	0	
12782	0	2	0	2	0	
12236	0	2	0	2	0	
11620	0	1	0	1	0	
12275	0	2	0	2	0	
9546	0	1	0	1	0	
11813	0	2	0	2	0	
11959	0	2	0	2	0	
12082	0	1	0	1	0	
11977	0	2	0	2	0	
12344	0	1	0	1	0	
12449	0	2	0	2	0	
12465	0	2	0	2	0	
12261	0	1	0	1	0	
12600	0	2	0	2	0	
12567	0	1	0	1	0	
12670	0	2	0	2	0	
9237	0	1	0	1	0	
12314	0	2	0	2	0	
12698	0	1	0	1	0	
11911	0	1	0	1	0	
12290	0	2	0	2	0	
11898	0	2	0	2	0	
11737	0	1	0	1	0	
6979	0	2	0	2	0	
0	0	2	0	2	0	
0	0	1	0	1	0	
0	0	2	0	2	0	
0	0	1	0	1	0	
0	0	2	0	2	0	
0	0	2	0	2	1	
0	0	1	0	1	0	
0	0	2	0	2	0	
0	0	2	0	2	0	
0	0	1	0	1	0	
1350	0	2	0	2	1	
12773	0	1	0	1	0	
12958	0	2	0	2	0	
12694	0	1	0	1	0	
12636	0	2	0	2	0	
12568	0	1	0	1	0	
12834	0	2	0	2	0	
12520	0	1	0	1	0	
12716	0	2	0	2	0	
12731	0	2	0	2	0	
11894	0	1	0	1	0	
12687	0	1	0	1	0	
12372	0	2	0	2	0	
12782	0	1	0	1	0	
12473	0	1	0	1	0	
12274	0	1	0	1	0	
12481	0	1	0	1	0	
8774	0	2	0	2	0	
11892	0	1	0	1	0	
12240	0	1	0	1	0	
12698	0	1	0	1	0	
12230	0	2	0	2	0	
12304	0	1	0	1	0	
12442	0	1	0	1	0	
11625	0	1	0	1	0	
12756	0	1	0	1	0	
11913	0	0	0	0	0	
12012	0	1	0	1	0	
11772	0	1	0	1	0	
12785	0	1	0	1	0	
11517	0	1	0	1	0	
11203	0	0	0	0	0	
12110	0	1	0	1	0	
12774	0	1	0	1	0	
12425	0	1	0	1	0	
11664	0	0	0	0	0	
12094	0	1	0	1	0	
12407	0	1	0	1	0	
12285	0	1	0	1	0	
12224	0	0	0	0	0	
12161	0	1	0	1	0	
12587	0	1	0	1	0	
11822	0	0	0	0	0	
11544	0	1	0	1	0	
11596	0	1	0	1	0	
12083	0	1	0	1	0	
11832	0	0	0	0	0	
11671	0	1	0	1	0	
12331	0	1	0	1	0	
9239	0	0	0	0	0	
11167	0	1	0	1	0	
11441	0	1	0	1	0	
12330	0	1	0	1	0	
11954	0	0	0	0	0	
12317	0	1	0	1	0	
12418	0	1	0	1	0	
12523	0	0	0	0	0	
12732	0	1	0	1	0	
12651	0	1	0	1	0	
12775	0	1	0	1	0	
12224	0	0	0	0	0	
12737	0	1	0	1	0	
12631	0	1	0	1	0	
12716	0	1	0	1	0	
10017	0	0	0	0	0	
12671	0	1	0	1	0	
11612	0	1	0	1	0	
11780	0	1	0	1	0	
11700	0	0	0	0	0	
12259	0	1	0	1	0	
12651	0	1	0	1	0	
12104	0	1	0	1	0	
11672	0	1	0	1	0	
12445	0	0	0	0	0	
11878	0	1	0	1	0	
12200	0	1	0	1	0	
12462	0	0	0	0	0	
13026	0	1	0	1	0	
12525	0	1	0	1	0	
12953	0	1	0	1	0	
12648	0	1	0	1	0	
12908	0	0	0	0	0	
12647	0	1	0	1	0	
12624	0	1	0	1	0	
12622	0	1	0	1	0	
12421	0	0	0	0	0	
11922	0	1	0	1	0	
11362	0	1	0	1	0	
11285	0	1	0	1	0	
12092	0	1	0	1	0	
11737	0	0	0	0	0	
11585	0	1	0	1	0	
12600	0	1	0	1	0	
11716	0	0	0	0	0	
11944	0	1	0	1	0	
11477	0	1	0	1	0	
11570	0	0	0	0	0	
11803	0	1	0	1	0	
8466	0	1	0	1	0	
13461	0	1	0	1	0	
13396	0	0	0	0	0	
2484	0	1	0	1	0	
0	0	0	0	0	0	
1298	0	2	0	2	1	
12314	0	1	0	1	0	
12552	0	2	0	2	0	
12271	0	1	0	1	0	
9336	0	2	0	2	0	
12160	0	2	0	2	0	
11793	0	1	0	1	0	
12059	0	2	0	2	0	
11802	0	1	0	1	0	
11618	0	2	0	2	0	
12200	0	2	0	2	0	
12086	0	1	0	1	0	
11785	0	2	0	2	0	
12013	0	1	0	1	0	
12407	0	2	0	2	0	
12460	0	2	0	2	0	
11881	0	1	0	1	0	
11907	0	2	0	2	0	
12954	0	1	0	1	0	
12437	0	2	0	2	0	
12327	0	1	0	1	0	
12134	0	1	0	1	0	
7732	0	2	0	2	0	
10271	0	2	0	2	0	
12231	0	1	0	1	0	
12238	0	2	0	2	0	
12428	0	1	0	1	0	
13116	0	2	0	2	0	
12594	0	2	0	2	0	
12569	0	1	0	1	0	
12462	0	2	0	2	0	
12464	0	1	0	1	0	
11789	0	2	0	2	0	
11457	0	2	0	2	0	
12159	0	1	0	1	0	
11548	0	2	0	2	0	
11678	0	1	0	1	0	
11812	0	2	0	2	0	
11773	0	2	0	2	0	
11680	0	1	0	1	0	
11690	0	2	0	2	0	
11826	0	1	0	1	0	
11808	0	2	0	2	0	
8486	0	1	0	1	0	
9747	0	1	0	1	0	
11397	0	1	0	1	0	
9831	0	1	0	1	1	
11735	0	2	0	2	0	
12119	0	2	0	2	0	
12052	0	1	0	1	0	
12190	0	2	0	2	0	
11816	0	1	0	1	0	
11694	0	2	0	2	0	
6649	0	2	0	2	0	
12784	0	1	0	1	0	
11488	0	2	0	2	0	
11732	0	2	0	2	0	
11653	0	1	0	1	0	
12065	0	2	0	2	0	
11406	0	1	0	1	0	
11213	0	2	0	2	0	
11819	0	2	0	2	0	
12424	0	1	0	1	0	
9716	0	2	0	2	0	
11555	0	1	0	1	0	
12515	0	2	0	2	0	
12224	0	1	0	1	0	
11792	0	2	0	2	0	
11412	0	1	0	1	0	
12082	0	2	0	2	0	
11869	0	1	0	1	0	
11954	0	0	0	0	0	
11895	0	1	0	1	0	
11648	0	0	0	0	0	
12133	0	1	0	1	0	
11934	0	1	0	1	0	
12393	0	0	0	0	0	
12988	0	1	0	1	0	
13041	0	0	0	0	0	
9399	0	1	0	1	0	
11845	0	0	0	0	0	
12136	0	1	0	1	0	
11821	0	0	0	0	0	
11540	0	1	0	1	0	
12146	0	0	0	0	0	
12575	0	1	0	1	0	
12857	0	0	0	0	0	
12243	0	1	0	1	0	
11959	0	1	0	1	0	
11433	0	0	0	0	0	
12206	0	1	0	1	0	
11948	0	0	0	0	0	
12036	0	1	0	1	0	
11577	0	0	0	0	0	
12143	0	1	0	1	0	
11609	0	0	0	0	0	
11340	0	1	0	1	0	
11573	0	0	0	0	0	
8300	0	1	0	1	0	
11858	0	1	0	1	0	
11972	0	0	0	0	0	
13084	0	1	0	1	0	
12691	0	0	0	0	0	
11704	0	1	0	1	0	
11857	0	0	0	0	0	
11909	0	1	0	1	0	
12544	0	1	0	1	0	
12473	0	0	0	0	0	
11996	0	1	0	1	0	
12151	0	0	0	0	0	
12755	0	1	0	1	0	
11828	0	0	0	0	0	
12126	0	1	0	1	0	
11601	0	0	0	0	0	
11406	0	1	0	1	0	
11314	0	1	0	1	0	
11590	0	0	0	0	0	
12207	0	1	0	1	0	
11610	0	0	0	0	0	
12164	0	1	0	1	0	
12406	0	0	0	0	0	
9090	0	1	0	1	0	
12200	0	0	0	0	0	
11934	0	1	0	1	0	
12448	0	1	0	1	0	
11498	0	0	0	0	0	
12296	0	1	0	1	0	
12443	0	0	0	0	0	
12892	0	1	0	1	0	
12295	0	1	0	1	0	
12115	0	0	0	0	0	
12094	0	1	0	1	0	
11556	0	0	0	0	0	
11752	0	1	0	1	0	
12253	0	0	0	0	0	
11799	0	1	0	1	0	
12244	0	1	0	1	0	
12056	0	0	0	0	0	
12336	0	1	0	1	0	
11488	0	0	0	0	0	
12055	0	1	0	1	0	
5288	0	1	0	1	0	
0	0	0	0	0	0	
0	0	1	0	1	0	
717	0	1	0	1	1	
9302	0	0	0	0	0	
12680	0	1	0	1	0	
12320	0	1	0	1	0	
10394	0	1	0	1	1	
12387	0	0	0	0	0	
11935	0	1	0	1	0	
12017	0	1	0	1	0	
12205	0	1	0	1	0	
12178	0	1	0	1	0	
9338	0	0	0	0	0	
12063	0	1	0	1	0	
12708	0	1	0	1	0	
11855	0	1	0	1	0	
12430	0	1	0	1	0	
12695	0	0	0	0	0	
12322	0	1	0	1	0	
12008	0	1	0	1	0	
11962	0	1	0	1	0	
12142	0	0	0	0	0	
12145	0	1	0	1	0	
12016	0	1	0	1	0	
12495	0	1	0	1	0	
12184	0	1	0	1	0	
12111	0	0	0	0	0	
11897	0	1	0	1	0	
12171	0	1	0	1	0	
12043	0	1	0	1	0	
12010	0	0	0	0	0	
12821	0	1	0	1	0	
12408	0	1	0	1	0	
12210	0	1	0	1	0	
11808	0	1	0	1	0	
11465	0	0	0	0	0	
11854	0	1	0	1	2	
11352	0	1	0	1	0	
8849	0	1	0	1	0	
12094	0	1	0	1	0	
12858	0	0	0	0	0	
12222	0	1	0	1	0	
5173	0	1	0	1	0	
0	0	1	0	1	0	
0	0	1	0	1	2	
0	0	1	0	1	0	
0	0	0	0	0	0	
6443	0	1	0	1	1	
12941	0	1	0	1	0	
12104	0	0	0	0	0	
2680	0	1	0	1	0	
0	0	1	0	1	0	
1998	0	1	0	1	1	
11813	0	0	0	0	0	
12284	0	1	0	1	0	
8881	0	1	0	1	0	
12316	0	1	0	1	0	
13004	0	0	0	0	0	
12498	0	1	0	1	0	
12181	0	1	0	1	0	
12258	0	1	0	1	0	
12090	0	0	0	0	0	
12271	0	1	0	1	0	
12411	0	1	0	1	0	
12788	0	1	0	1	0	
12579	0	0	0	0	0	
11944	0	1	0	1	0	
11626	0	1	0	1	0	
12551	0	1	0	1	0	
12256	0	1	0	1	0	
12674	0	0	0	0	0	
11725	0	1	0	1	0	
12552	0	1	0	1	0	
12072	0	1	0	1	0	
12614	0	0	0	0	0	
12455	0	1	0	1	0	
12606	0	1	0	1	0	
12460	0	1	0	1	0	
12490	0	0	0	0	0	
12276	0	1	0	1	0	
11910	0	1	0	1	0	
12068	0	1	0	1	0	
12394	0	1	0	1	0	
11707	0	0	0	0	0	
12126	0	1	0	1	0	
12020	0	1	0	1	0	
11485	0	1	0	1	0	
11809	0	0	0	0	0	
11909	0	1	0	1	0	
11808	0	1	0	1	0	
11508	0	1	0	1	0	
11376	0	1	0	1	0	
11892	0	0	0	0	0	
11441	0	1	0	1	0	
11671	0	1	0	1	0	
11509	0	1	0	1	0	
12031	0	0	0	0	0	
11464	0	1	0	1	0	
11795	0	1	0	1	0	
12593	0	1	0	1	0	
12328	0	0	0	0	0	
8073	0	1	0	1	0	
11768	0	0	0	0	0	
11479	0	1	0	1	0	
11886	0	1	0	1	0	
8926	0	1	0	1	0	
11914	0	1	0	1	0	
11823	0	0	0	0	0	
12342	0	1	0	1	0	
11203	0	1	0	1	0	
11997	0	1	0	1	0	
11826	0	0	0	0	0	
11949	0	1	0	1	0	
11621	0	1	0	1	0	
11887	0	1	0	1	0	
11534	0	0	0	0	0	
11704	0	1	0	1	0	
11528	0	1	0	1	0	
11942	0	1	0	1	0	
12016	0	1	0	1	0	
12056	0	0	0	0	0	
11648	0	1	0	1	0	
11826	0	1	0	1	0	
11655	0	1	0	1	0	
11435	0	0	0	0	0	
12156	0	1	0	1	0	
12442	0	1	0	1	0	
12150	0	1	0	1	0	
11976	0	0	0	0	0	
11923	0	1	0	1	0	
11658	0	0	0	0	0	
11429	0	1	0	1	0	
11821	0	1	0	1	0	
11885	0	1	0	1	0	
11657	0	1	0	1	0	
11204	0	0	0	0	0	
12374	0	1	0	1	0	
12734	0	1	0	1	0	
12015	0	1	0	1	0	
11640	0	0	0	0	0	
12673	0	1	0	1	0	
11915	0	1	0	1	0	
11577	0	1	0	1	0	
11992	0	0	0	0	0	
11921	0	1	0	1	0	
11626	0	1	0	1	0	
11680	0	1	0	1	0	
10505	0	0	0	0	1	
0	0	1	0	1	1	
0	0	1	0	1	0	
585	0	1	0	1	1	
12394	0	0	0	0	0	
13087	0	1	0	1	0	
10483	0	0	0	0	0	
0	0	1	0	1	0	
0	0	1	0	1	0	
9872	0	2	0	2	1	
11884	0	1	0	1	0	
11738	0	2	0	2	0	
8938	0	1	0	1	0	
12163	0	1	0	1	0	
11722	0	1	0	1	0	
11530	0	1	0	1	0	
11455	0	1	0	1	0	
12053	0	1	0	1	0	
11252	0	1	0	1	0	
11791	0	0	0	0	0	
11567	0	1	0	1	0	
12057	0	1	0	1	0	
11992	0	1	0	1	0	
12214	0	1	0	1	0	
12025	0	0	0	0	0	
11985	0	1	0	1	0	
12565	0	1	0	1	0	
12226	0	1	0	1	0	
11913	0	1	0	1	0	
12313	0	0	0	0	0	
12085	0	1	0	1	0	
12307	0	1	0	1	0	
11745	0	1	0	1	0	
12245	0	0	0	0	0	
12622	0	1	0	1	0	
8832	0	1	0	1	0	
12281	0	0	0	0	0	
12596	0	1	0	1	0	
12859	0	1	0	1	0	
12693	0	1	0	1	0	
12124	0	1	0	1	0	
12391	0	0	0	0	0	
12097	0	1	0	1	0	
12297	0	1	0	1	0	
12051	0	1	0	1	0	
9610	0	0	0	0	0	
7724	0	1	0	1	0	
0	0	1	0	1	0	
0	0	0	0	0	0	
10465	0	1	0	1	1	
12165	0	1	0	1	0	
12410	0	1	0	1	0	
12130	0	1	0	1	0	
12591	0	0	0	0	0	
11712	0	1	0	1	0	
11726	0	1	0	1	0	
11639	0	0	0	0	1	
12518	0	1	0	1	0	
12248	0	1	0	1	0	
12220	0	1	0	1	0	
12638	0	0	0	0	0	
12608	0	1	0	1	0	
12550	0	1	0	1	0	
11965	0	0	0	0	0	
12245	0	1	0	1	0	
12598	0	1	0	1	0	
12425	0	1	0	1	0	
12076	0	1	0	1	0	
12326	0	0	0	0	0	
12567	0	1	0	1	0	
11600	0	1	0	1	0	
13024	0	0	0	0	0	
12617	0	1	0	1	0	
12488	0	1	0	1	0	
12661	0	1	0	1	0	
12290	0	1	0	1	0	
11769	0	0	0	0	0	
12244	0	1	0	1	0	
12433	0	1	0	1	0	
11688	0	1	0	1	0	
11991	0	1	0	1	0	
11864	0	0	0	0	0	
11751	0	1	0	1	0	
12761	0	0	0	0	0	
12143	0	1	0	1	0	
9469	0	1	0	1	0	
12399	0	1	0	1	0	
12184	0	0	0	0	0	
12483	0	1	0	1	0	
12990	0	1	0	1	0	
12323	0	1	0	1	0	
11987	0	0	0	0	0	
12233	0	1	0	1	0	
12791	0	1	0	1	0	
12121	0	1	0	1	0	
12177	0	0	0	0	0	
11873	0	1	0	1	0	
11956	0	1	0	1	0	
12247	0	1	0	1	0	
12151	0	0	0	0	0	
11749	0	1	0	1	0	
11860	0	1	0	1	0	
12314	0	1	0	1	0	
11857	0	1	0	1	0	
11990	0	0	0	0	0	
12047	0	1	0	1	0	
11813	0	1	0	1	0	
12113	0	0	0	0	0	
12100	0	1	0	1	0	
9384	0	1	0	1	0	
12244	0	1	0	1	0	
12033	0	0	0	0	0	
11988	0	1	0	1	0	
11980	0	1	0	1	0	
12185	0	1	0	1	0	
11883	0	1	0	1	0	
12034	0	0	0	0	0	
12209	0	1	0	1	0	
11881	0	1	0	1	0	
12097	0	1	0	1	0	
12021	0	1	0	1	0	
12629	0	0	0	0	0	
12098	0	1	0	1	0	
12470	0	1	0	1	0	
12527	0	1	0	1	0	
12836	0	1	0	1	0	
12561	0	0	0	0	0	
12663	0	1	0	1	0	
10661	0	1	0	1	0	
11852	0	1	0	1	0	
12595	0	1	0	1	0	
11713	0	0	0	0	0	
11871	0	1	0	1	0	
12076	0	1	0	1	0	
11828	0	1	0	1	0	
12203	0	1	0	1	0	
12167	0	0	0	0	0	
12162	0	1	0	1	0	
12116	0	1	0	1	0	
12541	0	1	0	1	1	
12247	0	1	0	1	0	
12311	0	0	0	0	0	
11580	0	1	0	1	0	
11877	0	1	0	1	0	
12061	0	0	0	0	0	
11715	0	1	0	1	0	
12030	0	1	0	1	0	
11432	0	0	0	0	0	
12050	0	1	0	1	0	
11888	0	1	0	1	0	
12017	0	1	0	1	0	
12026	0	1	0	1	0	
11850	0	0	0	0	0	
12387	0	1	0	1	0	
12875	0	1	0	1	0	
11845	0	1	0	1	0	
11751	0	0	0	0	0	
12692	0	1	0	1	0	
11815	0	1	0	1	0	
11657	0	1	0	1	0	
11669	0	0	0	0	0	
12272	0	1	0	1	0	
11697	0	1	0	1	0	
11733	0	1	0	1	0	
9070	0	0	0	0	0	
11962	0	1	0	1	0	
11889	0	1	0	1	0	
11839	0	1	0	1	0	
12399	0	0	0	0	0	
12413	0	1	0	1	0	
12799	0	1	0	1	0	
11959	0	1	0	1	0	
9110	0	1	0	1	0	
12319	0	0	0	0	0	
11822	0	1	0	1	0	
12319	0	1	0	1	0	
12201	0	1	0	1	0	
12072	0	1	0	1	0	
12209	0	1	0	1	0	
12146	0	1	0	1	0	
12336	0	2	0	2	0	
11528	0	1	0	1	0	
12146	0	1	0	1	0	
11868	0	1	0	1	0	
11719	0	2	0	2	0	
12044	0	1	0	1	0	
11868	0	1	0	1	0	
11949	0	1	0	1	0	
11543	0	2	0	2	0	
12171	0	1	0	1	0	
11768	0	1	0	1	0	
11928	0	1	0	1	0	
11539	0	1	0	1	0	
11621	0	2	0	2	0	
11800	0	1	0	1	0	
11797	0	1	0	1	0	
11447	0	1	0	1	0	
12477	0	2	0	2	0	
11667	0	1	0	1	0	
12237	0	1	0	1	0	
11782	0	1	0	1	0	
11836	0	2	0	2	0	
12365	0	1	0	1	0	
12476	0	1	0	1	0	
12063	0	1	0	1	0	
12677	0	1	0	1	0	
12275	0	2	0	2	0	
12365	0	1	0	1	0	
12373	0	1	0	1	0	
12335	0	1	0	1	0	
12109	0	2	0	2	0	
12307	0	1	0	1	0	
12199	0	2	0	2	0	
12113	0	1	0	1	0	
11718	0	1	0	1	0	
12227	0	0	0	0	0	
11987	0	1	0	1	0	
9389	0	0	0	0	0	
11611	0	1	0	1	0	
12147	0	1	0	1	0	
12462	0	0	0	0	0	
11804	0	1	0	1	0	
11948	0	0	0	0	0	
12023	0	1	0	1	0	
11899	0	1	0	1	0	
12175	0	0	0	0	0	
12136	0	1	0	1	0	
11918	0	1	0	1	0	
11841	0	0	0	0	0	
12055	0	1	0	1	0	
11912	0	0	0	0	0	
12553	0	1	0	1	0	
11607	0	1	0	1	0	
11992	0	0	0	0	0	
11750	0	1	0	1	0	
12119	0	1	0	1	0	
9549	0	0	0	0	0	
13090	0	1	0	1	0	
11735	0	0	0	0	0	
11098	0	1	0	1	0	
11933	0	1	0	1	0	
12366	0	0	0	0	0	
11544	0	1	0	1	0	
11985	0	1	0	1	0	
12038	0	0	0	0	0	
12243	0	1	0	1	0	
11987	0	1	0	1	0	
11533	0	0	0	0	0	
11984	0	1	0	1	0	
12098	0	1	0	1	0	
11428	0	0	0	0	0	
11902	0	1	0	1	0	
12092	0	1	0	1	0	
11661	0	0	0	0	0	
11723	0	1	0	1	0	
11785	0	1	0	1	0	
11951	0	0	0	0	0	
8456	0	1	0	1	0	
12182	0	1	0	1	0	
12023	0	0	0	0	0	
12014	0	1	0	1	0	
11759	0	1	0	1	0	
12252	0	0	0	0	0	
11819	0	1	0	1	0	
12257	0	0	0	0	0	
12499	0	1	0	1	0	
11698	0	1	0	1	0	
11930	0	0	0	0	0	
11786	0	1	0	1	0	
12011	0	1	0	1	0	
12581	0	0	0	0	0	
12060	0	1	0	1	0	
12427	0	1	0	1	0	
11925	0	0	0	0	0	
11633	0	1	0	1	0	
11530	0	1	0	1	0	
11673	0	1	0	1	0	
12121	0	0	0	0	0	
12248	0	1	0	1	0	
12237	0	1	0	1	0	
11949	0	0	0	0	0	
12058	0	1	0	1	0	
11559	0	1	0	1	0	
12309	0	0	0	0	0	
12338	0	1	0	1	0	
12792	0	1	0	1	0	
12696	0	0	0	0	0	
11872	0	1	0	1	0	
11661	0	1	0	1	0	
11443	0	1	0	1	0	
11723	0	0	0	0	0	
8646	0	1	0	1	0	
10062	0	0	0	0	0	
12484	0	1	0	1	0	
11781	0	1	0	1	0	
11915	0	0	0	0	0	
11638	0	1	0	1	0	
11812	0	1	0	1	0	
12585	0	0	0	0	0	
12489	0	1	0	1	0	
12200	0	1	0	1	0	
12514	0	0	0	0	0	
11849	0	1	0	1	0	
11877	0	1	0	1	0	
11729	0	0	0	0	0	
12041	0	1	0	1	0	
11960	0	1	0	1	0	
11467	0	1	0	1	0	
11810	0	0	0	0	0	
11667	0	1	0	1	0	
11352	0	1	0	1	0	
12329	0	0	0	0	0	
11620	0	2	1	2	0	
12627	0	0	0	0	0	
12701	0	0	0	0	0	
12287	0	0	0	0	0	
12417	0	0	0	0	0	
12567	0	0	0	0	0	
12520	0	0	0	0	0	
11851	0	0	0	0	0	
12628	0	0	0	0	0	
12771	0	0	0	0	0	
12320	0	0	0	0	0	
12252	0	0	0	0	0	
12269	0	0	0	0	0	
11960	0	0	0	0	0	
11174	0	0	0	0	0	
11591	0	0	0	0	0	
11505	0	0	0	0	0	
11604	0	0	0	0	0	
11551	0	0	0	0	0	
11709	0	0	0	0	0	
11728	0	0	0	0	0	
11513	0	0	0	0	0	
11509	0	0	0	0	0	
11524	0	0	0	0	0	
11498	0	0	0	0	0	
11913	0	0	0	0	0	
11164	0	0	0	0	0	
11385	0	0	0	0	0	
11423	0	0	0	0	0	
11545	0	0	0	0	0	
11666	0	0	0	0	0	
9224	0	0	0	0	0	
11636	0	0	0	0	0	
11770	0	0	0	0	0	
11335	0	0	0	0	0	
11714	0	0	0	0	0	
11513	0	0	0	0	0	
11799	0	0	0	0	0	
11565	0	0	0	0	0	
8488	0	0	0	0	0	
11348	0	0	0	0	0	
11698	0	0	0	0	0	
11313	0	0	0	0	0	
11922	0	0	0	0	0	
11447	0	0	0	0	0	
11648	0	0	0	0	0	
11747	0	0	0	0	0	
11572	0	0	0	0	0	
11331	0	0	0	0	0	
11708	0	0	0	0	0	
11618	0	0	0	0	0	
11434	0	0	0	0	0	
11344	0	0	0	0	0	
11805	0	0	0	0	0	
11669	0	0	0	0	0	
11481	0	0	0	0	0	
11257	0	0	0	0	0	
11601	0	0	0	0	0	
11313	0	0	0	0	1	
11215	0	0	0	0	0	
11473	0	0	0	0	0	
11873	0	0	0	0	0	
11407	0	0	0	0	0	
11551	0	0	0	0	0	
11498	0	0	0	0	0	
11784	0	0	0	0	0	
11606	0	0	0	0	0	
11464	0	0	0	0	0	
11344	0	0	0	0	0	
11755	0	0	0	0	0	
11541	0	0	0	0	0	
11349	0	0	0	0	0	
11325	0	0	0	0	0	
11599	0	0	0	0	0	
11520	0	0	0	0	0	
12021	0	0	0	0	0	
11748	0	0	0	0	0	
11853	0	0	0	0	0	
11122	0	0	0	0	0	
11500	0	0	0	0	0	
9206	0	0	0	0	0	
9869	0	0	0	0	0	
12230	0	0	0	0	0	
12425	0	0	0	0	0	
12478	0	0	0	0	0	
12325	0	0	0	0	0	
12362	0	0	0	0	0	
12227	0	0	0	0	0	
12163	0	0	0	0	0	
12280	0	0	0	0	0	
12218	0	0	0	0	0	
12233	0	0	0	0	0	
12624	0	0	0	0	0	
12825	0	0	0	0	0	
12249	0	0	0	0	0	
12307	0	0	0	0	0	
12506	0	0	0	0	0	
12813	0	0	0	0	0	
12303	0	0	0	0	0	
12170	0	0	0	0	0	
11617	0	0	0	0	0	
11609	0	0	0	0	0	
11488	0	0	0	0	0	
11343	0	0	0	0	0	
9010	0	0	0	0	0	
12821	0	0	0	0	0	
12628	0	0	0	0	0	
12447	0	0	0	0	0	
12888	0	0	0	0	0	
12828	0	0	0	0	0	
12105	0	0	0	0	0	
12157	0	0	0	0	0	
11695	0	0	0	0	0	
11806	0	0	0	0	0	
11574	0	0	0	0	0	
11646	0	0	0	0	0	
11510	0	0	0	0	0	
12458	0	0	0	0	0	
12162	0	0	0	0	2	
11472	0	0	0	0	0	
11291	0	0	0	0	0	
11480	0	0	0	0	0	
11573	0	0	0	0	0	
11541	0	0	0	0	0	
11607	0	0	0	0	0	
11671	0	0	0	0	0	
11389	0	0	0	0	0	
9232	0	0	0	0	0	
11809	0	0	0	0	0	
11626	0	0	0	0	0	
11404	0	0	0	0	0	
12011	0	0	0	0	0	
11321	0	0	0	0	0	
11672	0	0	0	0	0	
11863	0	0	0	0	0	
12203	0	0	0	0	0	
12004	0	0	0	0	0	
11974	0	0	0	0	0	
11183	0	0	0	0	0	
11493	0	0	0	0	0	
11401	0	0	0	0	0	
11479	0	0	0	0	0	
11428	0	0	0	0	0	
11605	0	0	0	0	0	
11634	0	0	0	0	0	
12263	0	0	0	0	0	
11792	0	0	0	0	0	
11249	0	0	0	0	0	
11782	0	0	0	0	0	
11531	0	0	0	0	0	
11666	0	0	0	0	0	
11608	0	0	0	0	0	
11798	0	0	0	0	0	
11887	0	0	0	0	0	
11269	0	0	0	0	0	
12257	0	0	0	0	0	
12309	0	0	0	0	0	
11895	0	0	0	0	0	
11625	0	0	0	0	0	
12162	0	0	0	0	0	
11925	0	0	0	0	0	
11756	0	0	0	0	0	
11444	0	0	0	0	0	
11591	0	0	0	0	0	
11712	0	0	0	0	0	
11634	0	0	0	0	0	
11819	0	0	0	0	0	
11813	0	0	0	0	0	
11397	0	0	0	0	0	
11792	0	0	0	0	0	
11384	0	0	0	0	0	
11737	0	0	0	0	0	
11668	0	0	0	0	0	
11722	0	0	0	0	0	
11882	0	0	0	0	0	
11694	0	0	0	0	0	
12429	0	0	0	0	0	
11725	0	0	0	0	0	
12218	0	0	0	0	0	
11874	0	0	0	0	0	
9846	0	0	0	0	0	
11685	0	0	0	0	0	
9227	0	0	0	0	0	
12045	0	0	0	0	0	
11661	0	0	0	0	0	
11753	0	0	0	0	0	
11334	0	0	0	0	0	
11301	0	0	0	0	0	
11703	0	0	0	0	0	
12021	0	0	0	0	0	
11588	0	0	0	0	0	
11510	0	0	0	0	0	
11285	0	0	0	0	0	
12029	0	0	0	0	0	
12106	0	0	0	0	0	
12180	0	0	0	0	0	
11721	0	0	0	0	0	
12114	0	0	0	0	0	
11876	0	0	0	0	0	
12193	0	0	0	0	0	
11979	0	0	0	0	0	
12674	0	0	0	0	0	
11683	0	0	0	0	0	
11362	0	0	0	0	0	
11803	0	0	0	0	0	
12159	0	0	0	0	0	
11407	0	0	0	0	0	
11905	0	0	0	0	0	
11950	0	0	0	0	0	
11886	0	0	0	0	0	
11393	0	0	0	0	0	
12202	0	0	0	0	0	
12036	0	0	0	0	0	
11948	0	0	0	0	0	
12103	0	0	0	0	0	
11970	0	0	0	0	0	
11769	0	0	0	0	0	
12628	0	0	0	0	0	
11750	0	0	0	0	0	
11413	0	0	0	0	0	
11764	0	0	0	0	0	
11718	0	0	0	0	0	
11758	0	0	0	0	0	
11722	0	0	0	0	0	
11727	0	0	0	0	0	
12053	0	0	0	0	0	
11643	0	0	0	0	0	
11887	0	0	0	0	0	
11931	0	0	0	0	0	
11583	0	0	0	0	0	
11827	0	0	0	0	0	
11722	0	0	0	0	0	
11693	0	0	0	0	0	
11968	0	0	0	0	0	
11847	0	0	0	0	0	
11807	0	0	0	0	1	
11813	0	0	0	0	0	
11778	0	0	0	0	0	
11693	0	0	0	0	0	
11621	0	0	0	0	0	
12004	0	0	0	0	0	
9622	0	0	0	0	0	
11770	0	0	0	0	0	
12091	0	0	0	0	0	
11631	0	0	0	0	0	
8488	0	0	0	0	0	
11761	0	0	0	0	0	
11961	0	0	0	0	0	
11910	0	0	0	0	0	
12283	0	0	0	0	0	
11532	0	0	0	0	0	
11796	0	0	0	0	0	
11664	0	0	0	0	0	
11833	0	0	0	0	0	
11568	0	0	0	0	2	
11789	0	0	0	0	0	
11967	0	0	0	0	0	
12431	0	0	0	0	0	
11495	0	0	0	0	0	
11503	0	0	0	0	0	
11250	0	0	0	0	0	
11840	0	0	0	0	0	
11734	0	0	0	0	0	
11661	0	0	0	0	0	
11558	0	0	0	0	0	
11602	0	0	0	0	0	
11826	0	0	0	0	0	
12173	0	0	0	0	0	
11706	0	0	0	0	0	
12365	0	0	0	0	0	
11543	0	0	0	0	0	
11613	0	0	0	0	0	
11984	0	0	0	0	0	
12997	0	0	0	0	0	
11495	0	0	0	0	1	
12523	0	0	0	0	0	
12039	0	0	0	0	0	
11662	0	0	0	0	0	
11665	0	0	0	0	0	
12117	0	0	0	0	0	
12464	0	0	0	0	0	
11851	0	0	0	0	0	
12348	0	0	0	0	0	
11696	0	0	0	0	0	
12194	0	0	0	0	0	
11808	0	0	0	0	0	
11673	0	0	0	0	0	
11514	0	0	0	0	0	
11498	0	0	0	0	0	
12344	0	0	0	0	0	
12459	0	0	0	0	0	
12537	0	0	0	0	0	
12162	0	0	0	0	0	
11980	0	0	0	0	0	
12454	0	0	0	0	0	
11530	0	0	0	0	0	
11812	0	0	0	0	0	
12371	0	0	0	0	0	
12082	0	0	0	0	0	
11975	0	0	0	0	0	
12189	0	0	0	0	0	
8878	0	0	0	0	0	
9270	0	0	0	0	0	
12117	0	0	0	0	0	
12052	0	0	0	0	0	
11839	0	0	0	0	0	
11933	0	0	0	0	0	
11803	0	0	0	0	0	
12452	0	0	0	0	1	
11888	0	0	0	0	0	
12012	0	0	0	0	0	
11689	0	0	0	0	0	
11716	0	0	0	0	0	
11617	0	0	0	0	0	
11811	0	0	0	0	0	
11846	0	0	0	0	0	
13411	0	0	0	0	0	
12256	0	0	0	0	0	
11684	0	0	0	0	0	
12217	0	0	0	0	0	
12089	0	0	0	0	0	
11914	0	0	0	0	0	
11469	0	0	0	0	0	
11592	0	0	0	0	0	
11793	0	0	0	0	0	
12841	0	0	0	0	0	
12565	0	0	0	0	0	
11608	0	0	0	0	0	
11749	0	0	0	0	0	
11787	0	0	0	0	0	
11545	0	0	0	0	0	
11705	0	0	0	0	0	
11712	0	0	0	0	0	
11595	0	0	0	0	0	
11346	0	0	0	0	0	
11205	0	0	0	0	0	
11479	0	0	0	0	0	
11603	0	0	0	0	0	
11709	0	0	0	0	0	
11389	0	0	0	0	0	
11973	0	0	0	0	0	
11826	0	0	0	0	0	
11125	0	0	0	0	0	
11891	0	0	0	0	0	
11317	0	0	0	0	0	
11472	0	0	0	0	0	
11111	0	0	0	0	0	
11400	0	0	0	0	0	
11533	0	0	0	0	0	
11570	0	0	0	0	0	
11524	0	0	0	0	0	
11770	0	0	0	0	0	
11143	0	0	0	0	0	
11449	0	0	0	0	0	
11431	0	0	0	0	0	
11279	0	0	0	0	0	
10771	0	0	0	0	0	
8845	0	0	0	0	0	
11360	0	0	0	0	0	
11865	0	0	0	0	0	
11065	0	0	0	0	0	
11439	0	0	0	0	0	
11671	0	0	0	0	0	
11715	0	0	0	0	0	
11490	0	0	0	0	0	
11306	0	0	0	0	0	
11710	0	0	0	0	0	
11516	0	0	0	0	1	
11339	0	0	0	0	0	
11643	0	0	0	0	0	
11376	0	0	0	0	0	
11077	0	0	0	0	0	
11822	0	0	0	0	0	
11694	0	0	0	0	0	
11659	0	0	0	0	0	
10645	0	0	0	0	0	
9876	0	0	0	0	0	
12922	0	0	0	0	0	
12475	0	0	0	0	0	
12167	0	0	0	0	0	
12670	0	0	0	0	0	
12389	0	0	0	0	0	
12285	0	0	0	0	0	
12304	0	0	0	0	0	
12363	0	0	0	0	0	
12563	0	0	0	0	0	
12454	0	0	0	0	0	
12706	0	0	0	0	0	
13024	0	0	0	0	0	
12933	0	0	0	0	0	
12570	0	0	0	0	0	
12692	0	0	0	0	0	
12244	0	0	0	0	0	
12552	0	0	0	0	0	
12272	0	0	0	0	0	
12516	0	0	0	0	0	
11965	0	0	0	0	0	
11797	0	0	0	0	1	
11423	0	0	0	0	0	
11363	0	0	0	0	0	
11761	0	0	0	0	0	
11809	0	0	0	0	0	
11631	0	0	0	0	0	
11610	0	0	0	0	0	
11460	0	0	0	0	0	
11480	0	0	0	0	0	
11329	0	0	0	0	0	
11029	0	0	0	0	0	
11274	0	0	0	0	0	
11786	0	0	0	0	0	
11763	0	0	0	0	0	
11463	0	0	0	0	0	
11248	0	0	0	0	0	
11681	0	0	0	0	0	
11669	0	0	0	0	0	
11391	0	0	0	0	0	
11921	0	0	0	0	0	
11847	0	0	0	0	0	
4996	0	0	0	0	0	
11881	0	0	0	0	0	
11716	0	0	0	0	0	
11600	0	0	0	0	0	
10967	0	0	0	0	0	
11813	0	0	0	0	0	
11536	0	0	0	0	0	
11735	0	0	0	0	0	
11681	0	0	0	0	0	
11755	0	0	0	0	0	
10618	0	0	0	0	0	
9389	0	0	0	0	0	
11708	0	0	0	0	0	
11381	0	0	0	0	0	
11701	0	0	0	0	0	
12118	0	0	0	0	0	
11773	0	0	0	0	0	
11394	0	0	0	0	3	
12093	0	0	0	0	0	
12372	0	0	0	0	0	
12070	0	0	0	0	0	
12208	0	0	0	0	0	
12135	0	0	0	0	0	
12492	0	0	0	0	0	
12299	0	0	0	0	0	
12247	0	0	0	0	0	
12075	0	0	0	0	0	
12519	0	0	0	0	0	
12664	0	0	0	0	0	
12457	0	0	0	0	0	
12064	0	0	0	0	0	
12655	0	0	0	0	0	
12668	0	0	0	0	0	
11852	0	0	0	0	0	
9246	0	0	0	0	0	
12229	0	0	0	0	0	
12038	0	0	0	0	0	
12067	0	0	0	0	0	
12544	0	0	0	0	0	
12191	0	0	0	0	0	
11899	0	0	0	0	0	
12182	0	0	0	0	0	
11985	0	0	0	0	0	
12611	0	0	0	0	0	
12401	0	0	0	0	0	
12456	0	0	0	0	0	
11524	0	0	0	0	0	
12443	0	0	0	0	0	
12364	0	0	0	0	0	
12152	0	0	0	0	0	
12525	0	0	0	0	0	
12171	0	0	0	0	0	
12210	0	0	0	0	0	
12462	0	0	0	0	0	
12149	0	0	0	0	0	
12367	0	0	0	0	0	
12328	0	0	0	0	0	
12457	0	0	0	0	0	
12676	0	0	0	0	0	
12313	0	0	0	0	0	
12545	0	0	0	0	0	
12341	0	0	0	0	0	
12416	0	0	0	0	0	
12537	0	0	0	0	0	
12613	0	0	0	0	0	
12331	0	0	0	0	0	
11892	0	0	0	0	0	
12744	0	0	0	0	0	
12455	0	0	0	0	0	
12661	0	0	0	0	0	
12528	0	0	0	0	0	
12422	0	0	0	0	0	
9550	0	0	0	0	0	
11591	0	0	0	0	0	
12356	0	0	0	0	0	
12596	0	0	0	0	0	
12561	0	0	0	0	0	
12472	0	0	0	0	0	
12504	0	0	0	0	0	
12261	0	0	0	0	0	
11580	0	0	0	0	0	
12389	0	0	0	0	0	
12562	0	0	0	0	0	
12621	0	0	0	0	0	
9181	0	0	0	0	0	
12580	0	0	0	0	0	
11138	0	0	0	0	0	
12021	0	0	0	0	0	
12512	0	0	0	0	0	
12313	0	0	0	0	0	
9820	0	0	0	0	0	
10420	0	0	0	0	0	
12302	0	0	0	0	0	
12604	0	0	0	0	0	
12232	0	0	0	0	0	
9944	0	0	0	0	0	
12205	0	0	0	0	0	
12707	0	0	0	0	0	
12231	0	0	0	0	0	
12637	0	0	0	0	0	
12585	0	0	0	0	0	
12267	0	0	0	0	0	
12695	0	0	0	0	0	
12666	0	0	0	0	0	
12546	0	0	0	0	0	
12177	0	0	0	0	0	
8234	0	0	0	0	0	
12413	0	0	0	0	0	
12599	0	0	0	0	0	
11576	0	0	0	0	0	
12590	0	0	0	0	0	
12107	0	0	0	0	0	
12473	0	0	0	0	0	
12412	0	0	0	0	0	
12675	0	0	0	0	0	
12410	0	0	0	0	0	
9844	0	0	0	0	0	
11919	0	0	0	0	0	
12444	0	0	0	0	0	
12470	0	0	0	0	0	
12543	0	0	0	0	0	
12575	0	0	0	0	0	
12032	0	0	0	0	0	
11781	0	0	0	0	0	
12627	0	0	0	0	0	
12375	0	0	0	0	0	
12430	0	0	0	0	0	
12173	0	0	0	0	0	
11841	0	0	0	0	0	
12036	0	0	0	0	0	
11641	0	0	0	0	0	
12692	0	0	0	0	0	
12256	0	0	0	0	0	
12681	0	0	0	0	0	
11906	0	0	0	0	0	
12663	0	0	0	0	0	
12066	0	0	0	0	0	
11798	0	0	0	0	0	
12604	0	0	0	0	0	
11966	0	0	0	0	0	
12073	0	0	0	0	0	
12412	0	0	0	0	0	
11976	0	0	0	0	0	
12474	0	0	0	0	0	
11695	0	0	0	0	0	
9046	0	0	0	0	0	
12478	0	0	0	0	0	
11509	0	0	0	0	0	
11063	0	0	0	0	0	
11989	0	0	0	0	0	
11880	0	0	0	0	0	
12786	0	0	0	0	0	
12009	0	0	0	0	0	
12431	0	0	0	0	0	
12717	0	0	0	0	0	
12287	0	0	0	0	0	
12253	0	0	0	0	0	
12485	0	0	0	0	0	
12308	0	0	0	0	0	
12411	0	0	0	0	0	
12187	0	0	0	0	0	
11984	0	0	0	0	0	
12959	0	0	0	0	0	
12742	0	0	0	0	0	
12605	0	0	0	0	0	
12075	0	0	0	0	0	
12159	0	0	0	0	0	
12109	0	0	0	0	0	
12371	0	0	0	0	0	
12368	0	0	0	0	0	
12531	0	0	0	0	0	
12738	0	0	0	0	0	
11709	0	0	0	0	0	
12207	0	0	0	0	0	
12165	0	0	0	0	0	
12674	0	0	0	0	0	
12529	0	0	0	0	0	
12171	0	0	0	0	0	
12286	0	0	0	0	0	
11968	0	0	0	0	0	
12493	0	0	0	0	0	
12591	0	0	0	0	0	
9998	0	0	0	0	0	
0	0	0	0	0	0	
0	0	0	0	0	0	
