6 0 0 0 0 0 3328 0
2117.5 0 0 0 0 0 0 0
2928.33 0 0 0 0 0 0 0
3334 0 0 0 0 0 0 0
3566.4 0 0 0 0 0 0 0
3723.5 0 0 0 0 0 0 0
3832.43 0 0 0 0 0 0 0
3916.38 0 0 0 0 0 0 0
3977.22 0 0 0 0 0 0 0
4027.7 0 0 0 0 0 0 0
4064.55 0 0 0 0 0 0 0
3735.42 0 0 0 0 0 0 0
3776.85 0 0 0 0 0 0 0
3823.79 0 0 0 0 0 0 0
3867 0 0 0 0 0 0 0
3904.31 0 0 0 0 0 0 0
3943 0 0 0 0 0 0 0
3981.89 0 0 0 0 0 0 0
4012.47 0 0 0 0 0 0 0
4040.3 0 0 0 0 0 0 0
4265.35 0 0 0 0 0 0 0
4279.65 0 0 0 0 0 0 0
4282.85 0 0 0 0 0 0 0
4285.1 0 0 0 0 0 0 0
4288.05 0 0 0 0 0 0 0
4293.35 0 0 0 0 0 0 0
4299.25 0 0 0 0 0 0 0
4299.45 0 0 0 0 0 0 0
4302.8 0 0 0 0 0 0 0
4305.95 0 0 0 0 0 0 0
4311.55 0 0 0 0 0 0 0
4531.55 0 0 0 0 0 0 0
4545.45 0 0 0 0 0 0 0
4555.7 0 0 0 0 0 0 0
4562.95 0 0 0 0 0 0 0
4566.8 0 0 0 0 0 0 0
4567.3 0 0 0 0 0 0 0
4563.05 0 0 0 0 0 0 0
4560.3 0 0 0 0 0 0 0
4559.45 0 0 0 0 0 0 0
4563.85 0 0 0 0 0 0 0
4563.15 0 0 0 0 0 0 0
4564.85 0 0 0 0 0 0 0
4559.65 0 0 0 0 0 0 0
4560.85 0 0 0 0 0 0 0
4557.8 0 0 0 0 0 0 0
4554.35 0 0 0 0 0 0 0
4559.15 0 0 0 0 0 0 0
4559.15 0 0 0 0 0 0 0
4554.55 0 0 0 0 0 0 0
4552.75 0 0 0 0 0 0 0
4552.4 0 0 0 0 0 0 0
4549.1 0 0 0 0 0 0 0
4547.9 0 0 0 0 0 0 0
4548.15 0 0 0 0 0 0 0
4553.8 0 0 0 0 0 0 0
4554.55 0 0 0 0 0 0 0
4555.15 0 0 0 0 0 0 0
4558.1 0 0 0 0 0 0 0
4561.3 0 0 0 0 0 0 0
4559.8 0 0 0 0 0 0 0
4565.05 0 0 0 0 0 0 0
4561.1 0 0 0 0 0 0 0
4563.25 0 0 0 0 0 0 0
4563.35 0 0 0 0 0 0 0
4564.15 0 0 0 0 0 0 0
4557.2 0 0 0 0 0 0 0
4549.25 0 0 0 0 0 0 0
4542.25 0 0 0 0 0 0 0
4541.1 0 0 0 0 0 0 0
4532.2 0 0 0 0 0 0 0
4527.1 0 0 0 0 0 0 0
4520.75 0 0 0 0 0 0 0
4506.15 0 0 0 0 0 0 0
4495.4 0 0 0 0 0 0 0
4484 0 0 0 0 0 0 0
4465.95 0 0 0 0 0 0 0
4461.35 0 0 0 0 0 0 0
4453.4 0 0 0 0 0 0 0
4448.1 0 0 0 0 0 0 0
4447.35 0 0 0 0 0 0 0
4440.9 0 0 0 0 0 0 0
4438.2 0 0 0 0 0 0 0
4437.75 0 0 0 0 0 0 0
4435.3 0 0 0 0 0 0 0
4431.8 0 0 0 0 0 0 0
4435.95 0 0 0 0 0 0 0
4437.25 0 0 0 0 0 0 0
4441.65 0 0 0 0 0 0 0
4440.8 0 0 0 0 0 0 0
4446.5 0 0 0 0 0 0 0
4448.05 0 0 0 0 0 0 0
4450.7 0 0 0 0 0 0 0
4458.25 0 0 0 0 0 0 0
4463.15 0 0 0 0 0 0 0
4471.5 0 0 0 0 0 0 0
4487.7 0 0 0 0 0 0 0
4495 0 0 0 0 0 0 0
4508.6 0 0 0 0 0 0 0
4515.05 0 0 0 0 0 0 0
4519.05 0 0 0 0 0 0 0
4527.45 0 0 0 0 0 0 0
4532.35 0 0 0 0 0 0 0
4535.4 0 0 0 0 0 0 0
4539.15 0 0 0 0 0 0 0
4550.05 0 0 0 0 0 0 0
4559.25 0 0 0 0 0 0 0
4567.2 0 0 0 0 0 0 0
4572.3 0 0 0 0 0 0 0
4582.05 0 0 0 0 0 0 0
4590.55 0 0 0 0 0 0 0
4601.25 0 0 0 0 0 0 0
4609.9 0 0 0 0 0 0 0
4612.5 0 0 0 0 0 0 0
4614.4 0 0 0 0 0 0 0
4619.4 0 0 0 0 0 0 0
4624.9 0 0 0 0 0 0 0
4626 0 0 0 0 0 0 0
4623.15 0 0 0 0 0 0 0
4618.05 0 0 0 0 0 0 0
4614.65 0 0 0 0 0 0 0
4612.15 0 0 0 0 0 0 0
4605.35 0 0 0 0 0 0 0
4599.55 0 0 0 0 0 0 0
4597 0 0 0 0 0 0 0
4581.9 0 0 0 0 0 0 0
4576.15 0 0 0 0 0 0 0
4570.45 0 0 0 0 0 0 0
4567.15 0 0 0 0 0 0 0
4562.45 0 0 0 0 0 0 0
4560.7 0 0 0 0 0 0 0
4553.9 0 0 0 0 0 0 0
4542.55 0 0 0 0 0 0 0
4539.7 0 0 0 0 0 0 0
4537.15 0 0 0 0 0 0 0
4525.65 0 0 0 0 0 0 0
4513.85 0 0 0 0 0 0 0
4505.2 0 0 0 0 0 0 0
4498.6 0 0 0 0 0 0 0
4496.3 0 0 0 0 0 0 0
4492.4 0 0 0 0 0 0 0
4487 0 0 0 0 0 0 0
4491.55 0 0 0 0 0 0 0
4496.55 0 0 0 0 0 0 0
4494.55 0 0 0 0 0 0 0
4499.3 0 0 0 0 0 0 0
4498.35 0 0 0 0 0 0 0
4497.7 0 0 0 0 0 0 0
4493.1 0 0 0 0 0 0 0
4492.2 0 0 0 0 0 0 0
4488.75 0 0 0 0 0 0 0
4485.9 0 0 0 0 0 0 0
4493.8 0 0 0 0 0 0 0
4494.15 0 0 0 0 0 0 0
4493 0 0 0 0 0 0 0
4500.05 0 0 0 0 0 0 0
4503 0 0 0 0 0 0 0
4503.65 0 0 0 0 0 0 0
4500.9 0 0 0 0 0 0 0
4500.1 0 0 0 0 0 0 0
4505.5 0 0 0 0 0 0 0
4505.8 0 0 0 0 0 0 0
4500.7 0 0 0 0 0 0 0
4497.15 0 0 0 0 0 0 0
4498.4 0 0 0 0 0 0 0
4497.8 0 0 0 0 0 0 0
4499.35 0 0 0 0 0 0 0
4501.15 0 0 0 0 0 0 0
4506.1 0 0 0 0 0 0 0
4509.15 0 0 0 0 0 0 0
4502.8 0 0 0 0 0 0 0
4503.9 0 0 0 0 0 0 0
4503.95 0 0 0 0 0 0 0
4508.7 0 0 0 0 0 0 0
4514.25 0 0 0 0 0 0 0
4511.4 0 0 0 0 0 0 0
4513.1 0 0 0 0 0 0 0
4512.1 0 0 0 0 0 0 0
4518.35 0 0 0 0 0 0 0
4517.1 0 0 0 0 0 0 0
4509.5 0 0 0 0 0 0 0
4502.75 0 0 0 0 0 0 0
4506.2 0 0 0 0 0 0 0
4502.65 0 0 0 0 0 0 0
4494.5 0 0 0 0 0 0 0
4490.3 0 0 0 0 0 0 0
4490.05 0 0 0 0 0 0 0
4490.25 0 0 0 0 0 0 0
4487.75 0 0 0 0 0 0 0
4476.6 0 0 0 0 0 0 0
4482.55 0 0 0 0 0 0 0
4485.3 0 0 0 0 0 0 0
4483 0 0 0 0 0 0 0
4474.2 0 0 0 0 0 0 0
4466.9 0 0 0 0 0 0 0
4466.7 0 0 0 0 0 0 0
4465.35 0 0 0 0 0 0 0
4465.7 0 0 0 0 0 0 0
4457.4 0 0 0 0 0 0 0
4456.8 0 0 0 0 0 0 0
4455.15 0 0 0 0 0 0 0
4465 0 0 0 0 0 0 0
4461.25 0 0 0 0 0 0 0
4462.7 0 0 0 0 0 0 0
4471.9 0 0 0 0 0 0 0
4479.65 0 0 0 0 0 0 0
4476.2 0 0 0 0 0 0 0
4475.2 0 0 0 0 0 0 0
4480.25 0 0 0 0 0 0 0
4491.2 0 0 0 0 0 0 0
4490.4 0 0 0 0 0 0 0
4490.35 0 0 0 0 0 0 0
4491.9 0 0 0 0 0 0 0
4499.8 0 0 0 0 0 0 0
4502.75 0 0 0 0 0 0 0
4500.8 0 0 0 0 0 0 0
4501.9 0 0 0 0 0 0 0
4501.4 0 0 0 0 0 0 0
4505.6 0 0 0 0 0 0 0
4502.55 0 0 0 0 0 0 0
4511.5 0 0 0 0 0 0 0
4511.5 0 0 0 0 0 0 0
4514.75 0 0 0 0 0 0 0
4521.35 0 0 0 0 0 0 0
4520.25 0 0 0 0 0 0 0
4519.35 0 0 0 0 0 0 0
4521.95 0 0 0 0 0 0 0
4522.5 0 0 0 0 0 0 0
4519.55 0 0 0 0 0 0 0
4515.15 0 0 0 0 0 0 0
4513.55 0 0 0 0 0 0 0
4509.9 0 0 0 0 0 0 0
4509.05 0 0 0 0 0 0 0
4505.1 0 0 0 0 0 0 0
4504.1 0 0 0 0 0 0 0
4503.25 0 0 0 0 0 0 0
4502.7 0 0 0 0 0 0 0
4496.95 0 0 0 0 0 0 0
4499.25 0 0 0 0 0 0 0
4501.9 0 0 0 0 0 0 0
4496.8 0 0 0 0 0 0 0
4494 0 0 0 0 0 0 0
4490.4 0 0 0 0 0 0 0
4483.5 0 0 0 0 0 0 0
4477.5 0 0 0 0 0 0 0
4476.45 0 0 0 0 0 0 0
4472.15 0 0 0 0 0 0 0
4465 0 0 0 0 0 0 0
4460.45 0 0 0 0 0 0 0
4459.45 0 0 0 0 0 0 0
4462.75 0 0 0 0 0 0 0
4470.4 0 0 0 0 0 0 0
4473 0 0 0 0 0 0 0
4476.25 0 0 0 0 0 0 0
4480.2 0 0 0 0 0 0 0
4480.85 0 0 0 0 0 0 0
4485.55 0 0 0 0 0 0 0
4491.6 0 0 0 0 0 0 0
4487.5 0 0 0 0 0 0 0
4491.75 0 0 0 0 0 0 0
4492.1 0 0 0 0 0 0 0
4493.3 0 0 0 0 0 0 0
4493.5 0 0 0 0 0 0 0
4500.05 0 0 0 0 0 0 0
4496.7 0 0 0 0 0 0 0
4485.05 0 0 0 0 0 0 0
4489.9 0 0 0 0 0 0 0
4498.95 0 0 0 0 0 0 0
4504.65 0 0 0 0 0 0 0
4511.1 0 0 0 0 0 0 0
4509.9 0 0 0 0 0 0 0
4471.8 0 0 0 0 0 0 0
4438.15 0 0 0 0 0 0 0
4430.95 0 0 0 0 0 0 0
4425.05 0 0 0 0 0 0 0
4422.85 0 0 0 0 0 0 0
4415.75 0 0 0 0 0 0 0
4414.15 0 0 0 0 0 0 0
4415.05 0 0 0 0 0 0 0
4415.1 0 0 0 0 0 0 0
4410.95 0 0 0 0 0 0 0
4401.2 0 0 0 0 0 0 0
4386.65 0 0 0 0 0 0 0
4378.65 0 0 0 0 0 0 0
4385.4 0 0 0 0 0 0 0
4392.05 0 0 0 0 0 0 0
4385.25 0 0 0 0 0 0 0
4372.05 0 0 0 0 0 0 0
4368.75 0 0 0 0 0 0 0
4361.95 0 0 0 0 0 0 0
4357.1 0 0 0 0 0 0 0
4390.55 0 0 0 0 0 0 0
4423.6 0 0 0 0 0 0 0
4409.4 0 0 0 0 0 0 0
4411.7 0 0 0 0 0 0 0
4414.65 0 0 0 0 0 0 0
4405.35 0 0 0 0 0 0 0
4404.05 0 0 0 0 0 0 0
4407.35 0 0 0 0 0 0 0
4402.85 0 0 0 0 0 0 0
4402.4 0 0 0 0 0 0 0
4404.35 0 0 0 0 0 0 0
4407.65 0 0 0 0 0 0 0
4406.55 0 0 0 0 0 0 0
4406.6 0 0 0 0 0 0 0
4394.9 0 0 0 0 0 0 0
4370.2 0 0 0 0 0 0 0
4349 0 0 0 0 0 0 0
4344.6 0 0 0 0 0 0 0
4341.1 0 0 0 0 0 0 0
4331.35 0 0 0 0 0 0 0
4311.55 0 0 0 0 0 0 0
4304.5 1 0 0 0 0 0 0
4316 0 0 0 4388.75 0 0 47.75
4309.55 0 0 0 4388.75 0 0 37.75
4306.75 0 0 0 4388.75 0 0 -70.25
4284.4 0 0 0 4388.75 0 0 568.75
4278.1 0 0 0 4388.75 0 0 103.75
4276.35 0 0 0 4388.75 0 0 -103.25
4275.1 0 0 0 4388.75 0 0 -12.25
4271.5 0 0 0 4388.75 0 0 61.75
4257.9 0 0 0 4388.75 0 0 293.75
4267.85 0 0 0 4388.75 0 0 -42.25
4261 0 0 0 4388.75 0 0 124.75
4245.2 0 0 0 4388.75 0 0 215.75
4261.45 0 0 0 4388.75 0 0 -133.25
4283.65 0 0 0 4388.75 0 0 25.75
4312.7 0 0 0 4388.75 0 0 -76.25
4312.5 0 0 0 4388.75 0 0 9.75
4317.35 0 0 0 4388.75 0 0 -76.25
4331.35 0 0 0 4388.75 0 0 -96.25
4347 0 0 0 4388.75 0 0 -49.25
4341.9 0 0 0 4388.75 0 0 106.75
4348.7 0 0 0 4388.75 0 0 -88.25
4355.5 0 0 0 4388.75 0 0 -98.25
4341.85 0 0 0 4388.75 0 0 202.75
4363.35 0 0 0 4388.75 0 0 138.75
4371.5 0 0 0 4388.75 0 0 -59.25
4369.15 0 0 0 4388.75 0 0 -56.25
4356.9 0 0 0 4388.75 0 0 232.75
4362.75 0 0 0 4388.75 0 0 -55.25
4353.8 0 0 0 4388.75 0 0 472.75
4358.75 0 0 0 4388.75 0 0 -141.25
4366.35 0 0 0 4388.75 0 0 -27.25
4381.7 0 0 0 4388.75 0 0 -91.25
4376.7 0 0 0 4388.75 0 0 -33.25
4363.15 0 0 0 4388.75 0 0 296.75
4330.75 0 0 0 4388.75 0 0 571.75
4316.85 0 0 0 4388.75 0 0 287.75
4315.5 0 0 0 4388.75 0 0 -49.25
4277.5 0 1 0 4388.75 0.05 0 663.75
4264.55 0 3 0 4388.75 0.2 0 209.75
4274.05 0 4 0 4388.75 0.4 0 -83.25
4250.05 0 3 0 4388.75 0.55 0 391.75
4244.9 0 3 0 4388.75 0.7 0 4.75
4250.85 0 3 0 4388.75 0.85 0 83.75
4263.6 0 4 0 4388.75 1.05 0 -116.25
4244.65 0 3 0 4388.75 1.2 0 319.75
4242.7 0 3 0 4388.75 1.35 0 -17.25
4255.7 0 4 0 4388.75 1.55 0 -27.25
4241.2 0 3 0 4388.75 1.7 0 234.75
4260.6 0 3 0 4388.75 1.85 0 84.75
4244.65 0 3 0 4388.75 2 0 177.75
4248.45 0 3 0 4388.75 2.15 0 -103.25
4223.8 0 4 0 4388.75 2.35 0 401.75
4213.25 0 3 0 4388.75 2.5 0 177.75
4228.4 0 3 0 4388.75 2.65 0 -6.25
4252 0 4 0 4388.75 2.85 0 99.75
4246.15 0 3 0 4388.75 3 0 404.75
4224.65 0 3 0 4388.75 3.15 0 380.75
4248.2 0 3 0 4388.75 3.25 0 192.75
4259.3 0 4 0 4388.75 3.3 0 -12.25
4259.2 0 3 0 4388.75 3.25 0 -81.25
4286.65 0 3 0 4388.75 3.25 0 -157.25
4274.1 0 4 0 4388.75 3.3 0 255.75
4280.2 0 3 0 4388.75 3.3 0 -38.25
4278.45 0 3 0 4388.75 3.25 0 -81.25
4296.65 0 3 0 4388.75 3.25 0 -44.25
4294.35 0 4 0 4388.75 3.3 0 28.75
4284.3 0 3 0 4388.75 3.25 0 173.75
4296.05 0 3 0 4388.75 3.25 0 -0.25
4304.6 0 3 0 4388.75 3.25 0 -86.25
4319.15 0 3 0 4388.75 3.25 0 -113.25
4316.45 0 3 0 4388.75 3.25 0 -49.25
4338.8 0 4 0 4388.75 3.25 0 -45.25
4341.05 0 3 0 4388.75 3.25 0 132.75
4347.6 0 3 0 4388.75 3.25 0 -137.25
4358.25 0 3 0 4388.75 3.2 0 -113.25
4344.6 0 3 0 4388.75 3.2 0 677.75
4350.8 0 3 0 4388.75 3.2 0 256.75
4338.05 0 3 0 4388.75 3.2 0 447.75
4340.4 0 3 0 4388.75 3.15 0 -59.25
4317.35 0 4 0 4388.75 3.2 0 379.75
4294.65 0 3 0 4388.75 3.2 0 296.75
4314.35 0 3 0 4388.75 3.15 0 -138.25
4316.5 0 3 0 4388.75 3.15 0 -81.25
4297.95 0 3 0 4388.75 3.15 0 289.75
4285.35 0 3 0 4388.75 3.15 0 207.75
4291.85 0 3 0 4388.75 3.1 0 -101.25
4306.2 0 3 0 4388.75 3.1 0 -113.25
4284.75 0 4 0 4388.75 3.15 0 428.75
4278.85 0 3 0 4388.75 3.15 0 31.75
4285.6 0 3 0 4388.75 3.15 0 -248.25
4291.95 0 3 0 4388.75 3.15 0 -176.25
4296.05 0 3 0 4388.75 3.1 0 -127.25
4302.7 0 4 0 4388.75 3.15 0 -0.25
4293.85 0 3 0 4388.75 3.15 0 39.75
4281.15 0 3 0 4388.75 3.15 0 140.75
4303.85 0 3 0 4388.75 3.15 0 223.75
4293.6 0 3 0 4388.75 3.15 0 461.75
4289.5 0 3 0 4388.75 3.15 0 529.75
4263.05 0 3 0 4388.75 3.15 0 469.75
4268 0 4 0 4388.75 3.15 0 280.75
4268 0 3 0 4388.75 3.15 0 296.75
4243.2 0 3 0 4388.75 3.15 0 357.75
4241.25 0 3 0 4388.75 3.15 0 -42.25
4261.95 0 3 0 4388.75 3.15 0 -124.25
4273.95 0 4 0 4388.75 3.2 0 -32.25
4246.9 0 3 0 4388.75 3.2 0 439.75
4225.95 0 3 0 4388.75 3.2 0 305.75
4247.15 0 3 0 4388.75 3.15 0 4.75
4248.95 0 3 0 4388.75 3.15 0 -4.25
4233.45 0 3 0 4388.75 3.15 0 61.75
4217.25 0 3 0 4388.75 3.15 0 147.75
4205.1 0 3 0 4388.75 3.15 0 115.75
4201.25 0 3 0 4388.75 3.1 0 76.75
4206.85 0 4 0 4388.75 3.15 0 -72.25
4218.65 0 3 0 4388.75 3.15 0 -95.25
4226.9 0 3 0 4388.75 3.15 0 58.75
4221.7 0 3 0 4388.75 3.15 0 565.75
4222.6 0 3 0 4388.75 3.15 0 511.75
4237.05 0 3 0 4388.75 3.15 0 180.75
4244.45 0 4 0 4388.75 3.15 0 132.75
4254.95 0 3 0 4388.75 3.15 0 86.75
4277.25 0 3 0 4388.75 3.15 0 -88.25
4282.45 0 3 0 4388.75 3.15 0 -146.25
4259.55 0 3 0 4388.75 3.15 0 333.75
4245.15 0 3 0 4388.75 3.1 0 255.75
4277.65 0 3 0 4388.75 3.1 0 -210.25
4265.2 0 3 0 4388.75 3.1 0 554.75
4256.9 0 3 0 4388.75 3.1 0 170.75
4230.85 0 4 0 4388.75 3.15 0 516.75
4210.05 0 3 0 4388.75 3.15 0 477.75
4184.8 0 4 0 4388.75 3.2 0 652.75
4190.55 0 3 0 4388.75 3.2 0 0.75
4194.2 0 3 0 4388.75 3.2 0 3.75
4179.2 0 4 0 4388.75 3.2 0 227.75
4142.4 0 3 0 4388.75 3.2 0 640.75
4150.6 0 4 0 4388.75 3.25 0 -105.25
4183.85 0 3 0 4388.75 3.25 0 -99.25
4188.05 0 4 0 4388.75 3.3 0 427.75
4189.85 0 3 0 4388.75 3.3 0 144.75
4205.1 0 3 0 4388.75 3.25 0 -172.25
4214.4 0 3 0 4388.75 3.25 0 -99.25
4213.6 0 4 0 4388.75 3.3 0 -72.25
4201.35 0 3 0 4388.75 3.3 0 98.75
4221.85 0 4 0 4388.75 3.35 0 -76.25
4233.35 0 3 0 4388.75 3.35 0 25.75
4228.7 0 3 0 4388.75 3.35 0 -117.25
4264.65 0 4 0 4388.75 3.4 0 -164.25
4277.5 0 3 0 4388.75 3.4 0 -86.25
4304.85 0 4 0 4388.75 3.4 0 -30.25
4332.45 0 3 0 4388.75 3.4 0 -74.25
4357.15 0 4 0 4388.75 3.4 0 158.75
4356.9 0 3 0 4388.75 3.4 0 5.75
4361.2 0 3 0 4388.75 3.4 0 -82.25
4379.25 0 2 0 4388.75 3.3 0 -133.25
4389.75 0 1 0 4388.75 3.2 0 430.75
4370.05 0 2 0 4388.75 3.1 0 288.75
4335.05 0 3 0 4388.75 3.1 0 600.75
4336.6 0 2 0 4388.75 3 0 396.75
4316.55 0 2 0 4388.75 2.95 0 545.75
4289.3 0 2 0 4388.75 2.9 0 372.75
4291.3 0 3 0 4388.75 2.9 0 -139.25
4266 0 2 0 4388.75 2.8 0 433.75
4269.15 0 2 0 4388.75 2.75 0 35.75
4254.9 0 3 0 4388.75 2.7 0 208.75
4244.35 0 2 0 4388.75 2.65 0 236.75
4207.9 0 2 0 4388.75 2.6 0 611.75
4182.2 0 3 0 4388.75 2.55 0 349.75
4165.2 0 2 0 4388.75 2.5 0 253.75
4168.05 0 3 0 4388.75 2.45 0 -87.25
4146.8 0 2 0 4388.75 2.4 0 350.75
4131.3 0 3 0 4388.75 2.35 0 468.75
4133.85 0 2 0 4388.75 2.3 0 -45.25
4108.8 0 3 0 4388.75 2.3 0 418.75
4070.55 0 2 0 4388.75 2.3 0 631.75
4074.95 0 3 0 4388.75 2.4 0 342.75
4058.1 0 2 0 4388.75 2.4 0 625.75
4067.75 0 3 0 4388.75 2.4 0 407.75
4076.95 0 3 0 4388.75 2.45 0 212.75
4069.5 0 2 0 4388.75 2.45 0 694.75
4089.25 0 3 0 4388.75 2.5 0 -22.25
4071.75 0 2 0 4388.75 2.45 0 210.75
4084.8 0 3 0 4388.75 2.5 0 172.75
4049.8 0 3 0 4388.75 2.55 0 735.75
4026.8 0 2 0 4388.75 2.5 0 668.75
4031.85 0 3 0 4388.75 2.55 0 135.75
4032.5 0 3 0 4388.75 2.6 0 598.75
4053.6 0 2 0 4388.75 2.55 0 -72.25
4071.65 0 3 0 4388.75 2.6 0 -107.25
4054.15 0 4 0 4388.75 2.65 0 262.75
4060.55 0 0 1 4388.75 2.55 0 0
4085.15 0 0 0 4388.75 2.4 0 0
4078.75 0 0 0 4388.75 2.3 0 0
4098.75 0 0 0 4388.75 2.15 0 0
4111 0 0 0 4388.75 2.05 0 0
4132.3 0 0 0 4388.75 1.9 0 0
4156.55 0 0 0 4388.75 1.8 0 0
4176.2 0 0 0 4388.75 1.65 0 0
4149.5 0 0 0 4388.75 1.5 0 0
4190.1 0 0 0 4388.75 1.4 0 0
4183.15 0 0 0 4388.75 1.25 0 0
4193.95 0 0 0 4388.75 1.15 0 0
4199.05 0 0 0 4388.75 1 0 0
4235.15 0 0 0 4388.75 0.85 0 0
4272.2 0 0 0 4388.75 0.75 0 0
4282.1 0 0 0 4388.75 0.6 0 0
4315.65 0 0 0 4388.75 0.45 0 0
4311.2 0 0 0 4388.75 0.35 0 0
4311.15 0 0 0 4388.75 0.2 0 0
4327.35 0 0 0 4388.75 0 0 0
4335.25 0 0 0 4388.75 0 0 0
4338.85 0 0 0 4388.75 0 0 0
4349.85 0 0 0 4388.75 0 0 0
4357.55 0 0 0 4388.75 0 0 0
4375.95 0 0 0 4388.75 0 0 0
4369.25 0 0 0 4388.75 0 0 0
4374.9 0 0 0 4388.75 0 0 0
4365.95 0 0 0 4388.75 0 0 0
4408.45 0 0 0 4388.75 0 0 0
4409.45 0 0 0 4388.75 0 0 0
4417.25 0 0 0 4388.75 0 0 0
4405.85 0 0 0 4388.75 0 0 0
4381.7 0 0 0 4388.75 0 0 0
4342.95 0 0 0 4388.75 0 0 0
4320.6 0 0 0 4388.75 0 0 0
4318 0 0 0 4388.75 0 0 0
4313.9 0 0 0 4388.75 0 0 0
4290.55 0 0 0 4388.75 0 0 0
4280.6 0 0 0 4388.75 0 0 0
4272.5 0 0 0 4388.75 0 0 0
4276.65 0 0 0 4388.75 0 0 0
4242.65 0 0 0 4388.75 0 0 0
4222.5 0 0 0 4388.75 0 0 0
4220 0 0 0 4388.75 0 0 0
4187.45 0 0 0 4388.75 0 0 0
4160.65 0 0 0 4388.75 0 0 0
4147.1 0 0 0 4388.75 0 0 0
4139.5 0 0 0 4388.75 0 0 0
4133.4 0 0 0 4388.75 0 0 0
4130.2 0 0 0 4388.75 0 0 0
4135.1 0 0 0 4388.75 0 0 0
4146.15 0 0 0 4388.75 0 0 0
4174.2 0 0 0 4388.75 0 0 0
4216.45 0 0 0 4388.75 0 0 0
4230.2 0 0 0 4388.75 0 0 0
4202.8 0 0 0 4388.75 0 0 0
4207.4 0 0 0 4388.75 0 0 0
4237.35 0 0 0 4388.75 0 0 0
4241.2 0 0 0 4388.75 0 0 0
4253 0 0 0 4388.75 0 0 0
4230.4 0 0 0 4388.75 0 0 0
4242.95 0 0 0 4388.75 0 0 0
4252.7 0 0 0 4388.75 0 0 0
4244.2 0 0 0 4388.75 0 0 0
4284.2 0 0 0 4388.75 0 0 0
4314.9 0 0 0 4388.75 0 0 0
4305.35 0 0 0 4388.75 0 0 0
4325.8 0 0 0 4388.75 0 0 0
4274.9 0 0 0 4388.75 0 0 0
4229.8 0 0 0 4388.75 0 0 0
4200.15 0 0 0 4388.75 0 0 0
4205.7 0 0 0 4388.75 0 0 0
4197 0 0 0 4388.75 0 0 0
4183.05 0 0 0 4388.75 0 0 0
4154.65 0 0 0 4388.75 0 0 0
4174.8 0 0 0 4388.75 0 0 0
4140.4 0 0 0 4388.75 0 0 0
4102.4 0 0 0 4388.75 0 0 0
4095.1 0 0 0 4388.75 0 0 0
4083.15 0 0 0 4388.75 0 0 0
4084.45 0 0 0 4388.75 0 0 0
4087.1 0 0 0 4388.75 0 0 0
4080.45 0 0 0 4388.75 0 0 0
4076.85 0 0 0 4388.75 0 0 0
4068.5 0 0 0 4388.75 0 0 0
4067.55 0 0 0 4388.75 0 0 0
4079.75 0 0 0 4388.75 0 0 0
4080.05 0 0 0 4388.75 0 0 0
4132.8 0 0 0 4388.75 0 0 0
4173.55 0 0 0 4388.75 0 0 0
4202.45 0 0 0 4388.75 0 0 0
4196.75 0 0 0 4388.75 0 0 0
4189.4 0 0 0 4388.75 0 0 0
4209.4 0 0 0 4388.75 0 0 0
4224.25 0 0 0 4388.75 0 0 0
4227.05 0 0 0 4388.75 0 0 0
4239.95 0 0 0 4388.75 0 0 0
4246.8 0 0 0 4388.75 0 0 0
4250.45 0 0 0 4388.75 0 0 0
4260.7 0 0 0 4388.75 0 0 0
4250.65 0 0 0 4388.75 0 0 0
4265.65 0 0 0 4388.75 0 0 0
4281.45 0 0 0 4388.75 0 0 0
4276.55 0 0 0 4388.75 0 0 0
4271.8 0 0 0 4388.75 0 0 0
4249.35 0 0 0 4388.75 0 0 0
4269.1 0 0 0 4388.75 0 0 0
4276.75 0 0 0 4388.75 0 0 0
4269.7 0 0 0 4388.75 0 0 0
4275.35 0 0 0 4388.75 0 0 0
4272.55 0 0 0 4388.75 0 0 0
4273.4 0 0 0 4388.75 0 0 0
4297.2 0 0 0 4388.75 0 0 0
4287.6 0 0 0 4388.75 0 0 0
4309.55 0 0 0 4388.75 0 0 0
4303 0 0 0 4388.75 0 0 0
4304.5 0 0 0 4388.75 0 0 0
4295.65 0 0 0 4388.75 0 0 0
4291.1 0 0 0 4388.75 0 0 0
4284.65 0 0 0 4388.75 0 0 0
4301.35 0 0 0 4388.75 0 0 0
4281.65 0 0 0 4388.75 0 0 0
4280.85 0 0 0 4388.75 0 0 0
4297.7 0 0 0 4388.75 0 0 0
4309.35 0 0 0 4388.75 0 0 0
4332.4 0 0 0 4388.75 0 0 0
4320.4 0 0 0 4388.75 0 0 0
4300.4 0 0 0 4388.75 0 0 0
4297.55 0 0 0 4388.75 0 0 0
4282.7 0 0 0 4388.75 0 0 0
4267.85 0 0 0 4388.75 0 0 0
4274.05 0 0 0 4388.75 0 0 0
4258.6 0 0 0 4388.75 0 0 0
4249.1 0 0 0 4388.75 0 0 0
4236.6 0 0 0 4388.75 0 0 0
4243.6 0 0 0 4388.75 0 0 0
4258.05 0 0 0 4388.75 0 0 0
4278.7 0 0 0 4388.75 0 0 0
4287.55 0 0 0 4388.75 0 0 0
4290.7 0 0 0 4388.75 0 0 0
4306.45 0 0 0 4388.75 0 0 0
4329.25 0 0 0 4388.75 0 0 0
4328 0 0 0 4388.75 0 0 0
4304.5 0 0 0 4388.75 0 0 0
4297.6 0 0 0 4388.75 0 0 0
4300.85 0 0 0 4388.75 0 0 0
4301.45 0 0 0 4388.75 0 0 0
4308.7 0 0 0 4388.75 0 0 0
4287.55 0 0 0 4388.75 0 0 0
4294.85 0 0 0 4388.75 0 0 0
4301.85 0 0 0 4388.75 0 0 0
4286.45 0 0 0 4388.75 0 0 0
4301.65 0 0 0 4388.75 0 0 0
4318.1 0 0 0 4388.75 0 0 0
4323.9 0 0 0 4388.75 0 0 0
4326.55 0 0 0 4388.75 0 0 0
4320.3 0 0 0 4388.75 0 0 0
4337.5 0 0 0 4388.75 0 6 0
4327.45 0 0 0 4388.75 0 6 0
4328.3 0 0 0 4388.75 0 6 0
4312.9 0 0 0 4388.75 0 1 0
4295.9 0 0 0 4388.75 0 4 0
4260.1 0 0 0 4388.75 0 5 0
4264.25 0 0 0 4388.75 0 7 0
4263.55 0 0 0 4388.75 0 6 0
4264.35 0 0 0 4388.75 0 6 0
4266.05 0 0 0 4388.75 0 5 0
4266.05 0 0 0 4388.75 0 2 0
4283.35 0 0 0 4388.75 0 6 0
4288.5 0 0 0 4388.75 0 4 0
4296.2 0 0 0 4388.75 0 3 0
4306.6 0 0 0 4388.75 0 3 0
4289.6 0 0 0 4388.75 0 3 0
4266.3 0 0 0 4388.75 0 4 0
4265.5 0 0 0 4388.75 0 3 0
4264.7 0 0 0 4388.75 0 3 0
4257 0 0 0 4388.75 0 3 0
4258.2 0 0 0 4388.75 0 3 0
4268.05 0 0 0 4388.75 0 6 0
4256.55 0 0 0 4388.75 0 3 0
4271.7 0 0 0 4388.75 0 1 0
4288.3 0 0 0 4388.75 0 7 0
4307.85 0 0 0 4388.75 0 3 0
4322.85 0 0 0 4388.75 0 1 0
4325.25 0 0 0 4388.75 0 3 0
4320.65 0 0 0 4388.75 0 1 0
4314.35 0 0 0 4388.75 0 3 0
4295.95 0 0 0 4388.75 0 4 0
4297.2 0 0 0 4388.75 0 3 0
4285.95 0 0 0 4388.75 0 1 0
4287.9 0 0 0 4388.75 0 2 0
4282.15 0 0 0 4388.75 0 3 0
4279.3 0 0 0 4388.75 0 1 0
4295.3 0 0 0 4388.75 0 2 0
4297.45 0 0 0 4388.75 0 2 0
4306.1 0 0 0 4388.75 0 0 0
4323.25 0 0 0 4388.75 0 1 0
4323.2 0 0 0 4388.75 0 1 0
4312.75 0 0 0 4388.75 0 1 0
4317.7 0 0 0 4388.75 0 1 0
4308.8 0 0 0 4388.75 0 2 0
4288.65 0 0 0 4388.75 0 4 0
4292.35 0 0 0 4388.75 0 2 0
4296.85 0 0 0 4388.75 0 2 0
4279.95 0 0 0 4388.75 0 2 0
4274.25 0 0 0 4388.75 0 1 0
4286.8 0 0 0 4388.75 0 1 0
4305 0 0 0 4388.75 0 1 0
4301.75 0 0 0 4388.75 0 0 0
4303.1 0 0 0 4388.75 0 2 0
4299.35 0 0 0 4388.75 0 4 0
4293.2 0 0 0 4388.75 0 3 0
4297.45 0 0 0 4388.75 0 2 0
4286.3 0 0 0 4388.75 0 4 0
4271.9 0 0 0 4388.75 0 2 0
4268.8 0 0 0 4388.75 0 0 0
4259.8 0 0 0 4388.75 0 2 0
4252.4 0 0 0 4388.75 0 1 0
4254.55 0 0 0 4388.75 0 1 0
4251.1 0 0 0 4388.75 0 0 0
4263.05 0 0 0 4388.75 0 0 0
4289.3 0 0 0 4388.75 0 0 0
4286.95 0 0 0 4388.75 0 0 0
4274.2 0 0 0 4388.75 0 0 0
4269.1 0 0 0 4388.75 0 0 0
4281.75 0 0 0 4388.75 0 1 0
4283.1 0 0 0 4388.75 0 0 0
4280.45 0 0 0 4388.75 0 1 0
4287.1 0 0 0 4388.75 0 0 0
4303.35 0 0 0 4388.75 0 2 0
4309.45 0 0 0 4388.75 0 6 0
4310.65 0 0 0 4388.75 0 0 0
4324.1 0 0 0 4388.75 0 1 0
4325.15 0 0 0 4388.75 0 2 0
4350.95 0 0 0 4388.75 0 1 0
4337.6 0 0 0 4388.75 0 1 0
4336.3 0 0 0 4388.75 0 3 0
4348.9 0 0 0 4388.75 0 0 0
4374.55 0 0 0 4388.75 0 1 0
4398.65 0 0 0 4388.75 0 0 0
4404.6 0 0 0 4388.75 0 0 0
4387.9 0 0 0 4388.75 0 0 0
4370.05 0 0 0 4388.75 0 1 0
4380.35 0 0 0 4388.75 0 3 0
4400.75 0 0 0 4388.75 0 2 0
4396 0 0 0 4388.75 0 0 0
4388.3 0 0 0 4388.75 0 2 0
4398.35 0 0 0 4388.75 0 1 0
4415.9 0 0 0 4388.75 0 1 0
4419.5 0 0 0 4388.75 0 0 0
4386.9 0 0 0 4388.75 0 1 0
4399.3 0 0 0 4388.75 0 0 0
4407.4 0 0 0 4388.75 0 1 0
4430.7 0 0 0 4388.75 0 0 0
4400.25 0 0 0 4388.75 0 3 0
4407.25 0 0 0 4388.75 0 0 0
4415.15 0 0 0 4388.75 0 1 0
4401.9 0 0 0 4388.75 0 2 0
4370.6 0 0 0 4388.75 0 0 0
4360.6 0 0 0 4388.75 0 1 0
4357.25 0 0 0 4388.75 0 1 0
4363.15 0 0 0 4388.75 0 3 0
4396.9 0 0 0 4388.75 0 0 0
4371.55 0 0 0 4388.75 0 1 0
4371.7 0 0 0 4388.75 0 0 0
4369.55 0 0 0 4388.75 0 0 0
4370.05 0 0 0 4388.75 0 0 0
4366 0 0 0 4388.75 0 0 0
4359.6 0 0 0 4388.75 0 0 0
4334.2 0 0 0 4388.75 0 0 0
4347.3 0 0 0 4388.75 0 2 0
4310.3 0 0 0 4388.75 0 0 0
4280.85 0 0 0 4388.75 0 0 0
4267.15 0 0 0 4388.75 0 1 0
4292.8 0 0 0 4388.75 0 0 0
4282.9 0 0 0 4388.75 0 1 0
4264.25 0 0 0 4388.75 0 0 0
4273.15 0 0 0 4388.75 0 0 0
4298.6 0 0 0 4388.75 0 0 0
4279.7 0 0 0 4388.75 0 0 0
4249.25 0 0 0 4388.75 0 0 0
4250.9 0 0 0 4388.75 0 0 0
4255.05 0 0 0 4388.75 0 0 0
4273.7 0 0 0 4388.75 0 0 0
4268.4 0 0 0 4388.75 0 0 0
4250.65 0 0 0 4388.75 0 0 0
4246.8 0 0 0 4388.75 0 0 0
4231.5 0 0 0 4388.75 0 0 0
4217.1 0 0 0 4388.75 0 0 0
4210.3 0 0 0 4388.75 0 0 0
4215.55 0 0 0 4388.75 0 0 0
4244.1 0 0 0 4388.75 0 0 0
4268.85 0 0 0 4388.75 0 0 0
4254.95 0 0 0 4388.75 0 0 0
4253.95 0 0 0 4388.75 0 0 0
4267 0 0 0 4388.75 0 0 0
4285.55 0 0 0 4388.75 0 0 0
4283.2 0 0 0 4388.75 0 0 0
4257.5 0 0 0 4388.75 0 0 0
4276.75 0 0 0 4388.75 0 0 0
4100.75 0 0 0 4388.75 0 0 0
