0
0
0
0
0
0
0
0
0
0
0
0
0
0
0
0
0
0
0
0
0
0
0
0
0
0
0
0
0
0
0
0
0
0
0
1.6
3.2
4.8
4.8
6.4
8
8
9.6
11.2
11.2
12.8
14.4
16
16
17.6
19.2
20.8
20.8
22.4
24
24
22.4
22.4
24
24
22.4
24
24
24
24
24
24
24
24
24
24
22.4
24
24
24
22.4
24
24
24
24
24
24
24
22.4
24
24
22.4
22.4
24
24
22.4
24
24
24
22.4
24
24
24
22.4
22.4
24
24
22.4
24
24
24
24
24
24
24
24
24
24
24
25.6
24
24
24
25.6
24
24
24
24
24
24
22.4
24
24
22.4
22.4
24
22.4
22.4
22.4
22.4
22.4
22.4
22.4
20.8
22.4
22.4
22.4
22.4
22.4
22.4
22.4
22.4
22.4
24
22.4
22.4
24
22.4
22.4
22.4
24
22.4
22.4
24
24
24
22.4
24
24
24
25.6
25.6
24
24
25.6
25.6
24
25.6
25.6
25.6
25.6
25.6
25.6
25.6
25.6
24
25.6
25.6
25.6
24
24
24
25.6
24
24
24
25.6
24
24
24
24
24
24
24
24
24
24
24
22.4
24
24
24
22.4
24
24
24
22.4
24
24
24
22.4
24
24
24
22.4
24
24
22.4
24
24
24
22.4
24
24
24
22.4
24
24
24
22.4
24
24
24
22.4
24
24
24
25.6
24
24
24
25.6
24
24
24
25.6
24
24
24
25.6
24
24
24
25.6
25.6
24
24
24
24
24
24
24
25.6
24
24
24
24
24
24
24
24
24
24
22.4
22.4
24
24
24
24
24
24
24
24
24
24
24
25.6
24
24
24
25.6
24
24
25.6
25.6
24
24
24
25.6
24
24
24
24
24
24
24
24
24
24
24
22.4
24
24
24
22.4
24
24
24
24
24
24
24
24
24
24
24
22.4
24
24
24
24
24
24
24
25.6
24
24
24
22.4
24
24
24
24
24
24
24
25.6
25.6
24
24
25.6
25.6
25.6
24
24
25.6
25.6
25.6
25.6
25.6
25.6
25.6
24
25.6
25.6
24
24
24
25.6
24
24
24
24
24
24
24
24
22.4
24
24
24
22.4
24
24
24
24
24
24
22.4
24
24
24
22.4
24
24
22.4
22.4
24
24
22.4
22.4
24
24
24
22.4
24
24
22.4
24
24
24
24
24
24
25.6
27.2
28.8
30.4
28.8
28.8
28.8
28.8
27.2
27.2
27.2
27.2
25.6
27.2
25.6
25.6
24
24
24
24
22.4
20.8
17.6
16
16
17.6
17.6
16
17.6
16
17.6
16
17.6
16
17.6
16
17.6
16
17.6
16
16
17.6
17.6
17.6
17.6
17.6
16
17.6
16
17.6
17.6
17.6
17.6
17.6
17.6
19.2
17.6
19.2
17.6
19.2
17.6
17.6
19.2
17.6
19.2
17.6
19.2
17.6
19.2
19.2
17.6
19.2
17.6
19.2
17.6
17.6
19.2
17.6
19.2
17.6
19.2
19.2
17.6
19.2
17.6
19.2
19.2
19.2
19.2
19.2
19.2
19.2
19.2
19.2
19.2
19.2
19.2
19.2
19.2
20.8
19.2
19.2
19.2
19.2
20.8
19.2
19.2
20.8
19.2
19.2
20.8
19.2
20.8
20.8
20.8
20.8
20.8
20.8
20.8
19.2
20.8
20.8
20.8
20.8
20.8
20.8
20.8
20.8
20.8
20.8
20.8
20.8
20.8
20.8
20.8
20.8
20.8
20.8
20.8
22.4
22.4
20.8
22.4
22.4
20.8
22.4
20.8
20.8
20.8
20.8
20.8
20.8
20.8
20.8
20.8
20.8
20.8
22.4
20.8
20.8
20.8
20.8
20.8
20.8
20.8
20.8
22.4
20.8
22.4
22.4
20.8
22.4
22.4
20.8
22.4
22.4
22.4
20.8
22.4
22.4
22.4
22.4
22.4
22.4
22.4
22.4
22.4
22.4
22.4
22.4
24
22.4
22.4
24
22.4
22.4
22.4
24
22.4
22.4
22.4
22.4
22.4
22.4
24
22.4
22.4
24
22.4
22.4
22.4
24
24
22.4
24
24
24
22.4
24
24
24
25.6
24
24
24
25.6
24
24
25.6
25.6
24
24
24
24
24
24
22.4
24
24
22.4
22.4
20.8
22.4
22.4
22.4
20.8
22.4
22.4
22.4
20.8
22.4
22.4
22.4
22.4
22.4
22.4
24
22.4
22.4
24
24
24
24
24
24
24
24
24
24
24
24
24
24
24
24
24
24
24
24
24
24
25.6
24
24
24
25.6
24
24
24
25.6
24
24
24
24
24
24
24
25.6
24
24
24
24
24
24
24
24
24
24
24
24
25.6
24
24
25.6
25.6
24
24
24
25.6
24
24
24
25.6
24
24
24
25.6
25.6
24
24
24
25.6
24
24
24
25.6
24
24
24
25.6
24
24
24
25.6
24
24
24
24
25.6
24
24
24
25.6
24
24
24
25.6
25.6
24
24
25.6
25.6
24
24
25.6
25.6
25.6
24
24
25.6
25.6
25.6
25.6
25.6
25.6
25.6
25.6
25.6
27.2
27.2
28.8
28.8
30.4
30.4
32
32
32
33.6
33.6
35.2
35.2
35.2
35.2
36.8
38.4
38.4
38.4
38.4
40
40
38.4
38.4
38.4
40
38.4
38.4
38.4
38.4
40
38.4
38.4
38.4
38.4
38.4
36.8
38.4
38.4
38.4
36.8
36.8
36.8
38.4
38.4
36.8
36.8
36.8
36.8
36.8
36.8
36.8
36.8
36.8
36.8
38.4
38.4
36.8
36.8
36.8
36.8
36.8
38.4
36.8
36.8
36.8
36.8
38.4
38.4
38.4
36.8
36.8
38.4
40
40
40
40
41.6
41.6
43.2
44.8
44.8
44.8
44.8
46.4
46.4
46.4
44.8
46.4
46.4
48
49.6
48
48
48
48
49.6
48
49.6
48
48
49.6
48
49.6
48
49.6
49.6
51.2
51.2
51.2
51.2
49.6
51.2
49.6
51.2
49.6
48
49.6
48
49.6
48
48
48
48
48
48
49.6
48
48
48
48
48
48
48
48
49.6
49.6
49.6
49.6
49.6
49.6
48
49.6
48
48
48
46.4
48
48
48
48
48
48
48
48
48
48
48
48
48
49.6
49.6
49.6
49.6
51.2
49.6
51.2
49.6
48
49.6
48
49.6
48
49.6
48
48
49.6
48
49.6
48
48
48
48
49.6
48
49.6
48
49.6
49.6
49.6
49.6
49.6
49.6
49.6
49.6
49.6
48
49.6
48
49.6
48
49.6
48
48
49.6
48
49.6
48
49.6
48
49.6
48
49.6
49.6
49.6
49.6
49.6
49.6
49.6
48
49.6
48
49.6
48
46.4
48
46.4
48
46.4
48
48
48
48
46.4
48
