1583 0 0 0 0 0 20672 0
2385 0 0 0 0 0 22163 0
2870.33 0 0 0 0 0 16073 0
3187 0 0 0 0 0 13063 0
3363.8 0 0 0 0 0 12608 0
3495.67 0 0 0 0 0 10743 0
3582.57 0 0 0 0 0 9848 0
3679.5 0 0 0 0 0 8957 0
3725.44 0 0 0 0 0 7858 0
3751.9 0 0 0 0 0 6408 0
3495.91 0 0 0 0 0 1455 0
3484.58 0 0 0 0 0 4834 0
3552.85 0 0 0 0 0 5909 0
3588.79 0 0 0 0 0 4927 0
3623.73 0 0 0 0 0 4490 0
3665.94 0 0 0 0 0 4217 0
3702.41 0 0 0 0 0 3910 0
3726.56 0 0 0 0 0 3457 0
3754.58 0 0 0 0 0 3154 0
3787.55 0 0 0 0 0 3044 0
3929.55 0 0 0 0 0 2759 0
3992.25 0 0 0 0 0 2750 0
4024.75 0 0 0 0 0 2463 0
4046.35 0 0 0 0 0 2300 0
4068.8 0 0 0 0 0 2183 0
4078.2 0 0 0 0 0 1909 0
4096.2 0 0 0 0 0 1926 0
4101.6 0 0 0 0 0 1872 0
4117.6 0 0 0 0 0 1676 0
4146.15 0 0 0 0 0 1559 0
4319.3 0 0 0 0 0 1475 0
4377.8 0 0 0 0 0 1392 0
4383.25 0 0 0 0 0 1427 0
4405.15 0 0 0 0 0 1305 0
4428.85 0 0 0 0 0 1336 0
4438.4 0 0 0 0 0 1196 0
4448.3 0 0 0 0 0 1121 0
4470.85 0 0 0 0 0 1121 0
4486.75 0 0 0 0 0 1088 0
4490.7 0 0 0 0 0 1028 0
4492.4 0 0 0 0 0 994 0
4492.25 0 0 0 0 0 898 0
4492.15 0 0 0 0 0 925 0
4487.3 0 0 0 0 0 891 0
4489.25 0 0 0 0 0 809 0
4498.4 0 0 0 0 0 833 0
4493.8 0 0 0 0 0 772 0
4494.15 0 0 0 0 0 740 0
4498.35 0 0 0 0 0 706 0
4493.8 0 0 0 0 0 715 0
4497.05 0 0 0 0 0 667 0
4494.25 0 0 0 0 0 611 0
4494 0 0 0 0 0 598 0
4491.95 0 0 0 0 0 587 0
4485.1 0 0 0 0 0 539 0
4485.35 0 0 0 0 0 564 0
4485.6 0 0 0 0 0 527 0
4485.65 0 0 0 0 0 500 0
4482.1 0 0 0 0 0 456 0
4486.1 0 0 0 0 0 461 0
4492.8 0 0 0 0 0 482 0
4497.35 0 0 0 0 0 477 0
4495.75 0 0 0 0 0 450 0
4496.6 0 0 0 0 0 453 0
4500.75 0 0 0 0 0 419 0
4504.3 0 0 0 0 0 431 0
4508.25 0 0 0 0 0 380 0
4473.65 0 0 0 0 0 306 0
4457.15 0 0 0 0 0 330 0
4456.25 0 0 0 0 0 370 0
4456.75 0 0 0 0 0 358 0
4459.3 0 0 0 0 0 333 0
4466.5 0 0 0 0 0 321 0
4469.05 0 0 0 0 0 287 0
4473.1 0 0 0 0 0 291 0
4473.55 0 0 0 0 0 290 0
4478.1 0 0 0 0 0 260 0
4476.5 0 0 0 0 0 286 0
4456.6 0 0 0 0 0 275 0
4450.25 0 0 0 0 0 219 0
4445.3 0 0 0 0 0 267 0
4439.65 0 0 0 0 0 243 0
4447.85 0 0 0 0 0 235 0
4454.25 0 0 0 0 0 273 0
4424.7 0 0 0 0 0 222 0
4403.15 0 0 0 0 0 217 0
4403.6 0 0 0 0 0 218 0
4415.4 0 0 0 0 0 185 0
4401.15 0 0 0 0 0 192 0
4378.4 0 0 0 0 0 212 0
4377.8 0 0 0 0 0 204 0
4379.6 0 0 0 0 0 220 0
4371.6 0 0 0 0 0 191 0
4374.3 0 0 0 0 0 194 0
4361.95 0 0 0 0 0 165 0
4364.8 0 0 0 0 0 186 0
4360.3 0 0 0 0 0 193 0
4360 0 0 0 0 0 180 0
4385 0 0 0 0 0 170 0
4388.35 0 0 0 0 0 159 0
4391.4 0 0 0 0 0 147 0
4399.4 0 0 0 0 0 173 0
4394.4 0 0 0 0 0 184 0
4388.1 0 0 0 0 0 146 0
4412.65 0 0 0 0 0 167 0
4432.4 0 0 0 0 0 163 0
4438.9 0 0 0 0 0 168 0
4467.5 0 0 0 0 0 141 0
4501.1 0 0 0 0 0 133 0
4523.45 0 0 0 0 0 106 0
4528.4 0 0 0 0 0 129 0
4527 0 0 0 0 0 118 0
4530.4 0 0 0 0 0 148 0
4530.05 0 0 0 0 0 134 0
4541.75 0 0 0 0 0 116 0
4536.45 0 0 0 0 0 127 0
4540.05 0 0 0 0 0 99 0
4537.4 0 0 0 0 0 117 0
4537.45 0 0 0 0 0 126 0
4538.6 0 0 0 0 0 116 0
4539.25 0 0 0 0 0 120 0
4536.2 0 0 0 0 0 107 0
4533.7 0 0 0 0 0 112 0
4539.85 0 0 0 0 0 110 0
4537.9 0 0 0 0 0 93 0
4530.3 0 0 0 0 0 92 0
4532.2 0 0 0 0 0 102 0
4526.65 0 0 0 0 0 99 0
4518.9 0 0 0 0 0 68 0
4524.1 0 0 0 0 0 95 0
4525.85 0 0 0 0 0 99 0
4517.7 0 0 0 0 0 92 0
4517 0 0 0 0 0 67 0
4510.8 0 0 0 0 0 81 0
4510.55 0 0 0 0 0 86 0
4513.7 0 0 0 0 0 84 0
4510.45 0 0 0 0 0 84 0
4513.35 0 0 0 0 0 89 0
4508.85 0 0 0 0 0 71 0
4509.9 0 0 0 0 0 93 0
4508.3 0 0 0 0 0 77 0
4504 0 0 0 0 0 76 0
4503.15 0 0 0 0 0 81 0
4493.6 0 0 0 0 0 66 0
4490.15 0 0 0 0 0 79 0
4500.9 0 0 0 0 0 70 0
4498.85 0 0 0 0 0 75 0
4502.2 0 0 0 0 0 73 0
4513.9 0 0 0 0 0 55 0
4515.85 0 0 0 0 0 59 0
4510.25 0 0 0 0 0 77 0
4518.35 0 0 0 0 0 66 0
4528.45 0 0 0 0 0 63 0
4539.45 0 0 0 0 0 74 0
4535.1 0 0 0 0 0 56 0
4534.85 0 0 0 0 0 68 0
4536 0 0 0 0 0 75 0
4533.6 0 0 0 0 0 68 0
4535.15 0 0 0 0 0 70 0
4535.2 0 0 0 0 0 64 0
4536.5 0 0 0 0 0 63 0
4540.3 0 0 0 0 0 68 0
4541.8 0 0 0 0 0 74 0
4542.95 0 0 0 0 0 65 0
4546.95 0 0 0 0 0 60 0
4539.5 0 0 0 0 0 56 0
4534.25 0 0 0 0 0 55 0
4529.9 0 0 0 0 0 45 0
4525.8 0 0 0 0 0 53 0
4520.95 0 0 0 0 0 63 0
4523.5 0 0 0 0 0 54 0
4521.95 0 0 0 0 0 55 0
4509.6 0 0 0 0 0 61 0
4501.9 0 0 0 0 0 52 0
4508.05 0 0 0 0 0 49 0
4508.55 0 0 0 0 0 45 0
4508.15 0 0 0 0 0 53 0
4504.65 0 0 0 0 0 51 0
4502.85 0 0 0 0 0 46 0
4502.55 0 0 0 0 0 51 0
4499.05 0 0 0 0 0 50 0
4497.85 0 0 0 0 0 47 0
4500.85 0 0 0 0 0 46 0
4505.05 0 0 0 0 0 52 0
4505.7 0 0 0 0 0 49 0
4505.25 0 0 0 0 0 39 0
4504.5 0 0 0 0 0 57 0
4505.1 0 0 0 0 0 41 0
4498.2 0 0 0 0 0 52 0
4495.3 0 0 0 0 0 37 0
4493 0 0 0 0 0 42 0
4496.1 0 0 0 0 0 45 0
4499.8 0 0 0 0 0 44 0
4500.25 0 0 0 0 0 34 0
4500.3 0 0 0 0 0 49 0
4500.7 0 0 0 0 0 46 0
4499.5 0 0 0 0 0 42 0
4505.15 0 0 0 0 0 41 0
4503.55 0 0 0 0 0 34 0
4497.2 0 0 0 0 0 38 0
4496.95 0 0 0 0 0 48 0
4494.8 0 0 0 0 0 43 0
4491.45 0 0 0 0 0 40 0
4492.8 0 0 0 0 0 45 0
4492.7 0 0 0 0 0 42 0
4495.7 0 0 0 0 0 47 0
4498.2 0 0 0 0 0 41 0
4498.9 0 0 0 0 0 51 0
4501.2 0 0 0 0 0 33 0
4506.75 0 0 0 0 0 28 0
4504.2 0 0 0 0 0 47 0
4505.15 0 0 0 0 0 41 0
4507.6 0 0 0 0 0 34 0
4505 0 0 0 0 0 46 0
4502 0 0 0 0 0 28 0
4504.5 0 0 0 0 0 36 0
4505.45 0 0 0 0 0 46 0
4506.25 0 0 0 0 0 30 0
4510.5 0 0 0 0 0 45 0
4515.3 0 0 0 0 0 43 0
4519.1 0 0 0 0 0 36 0
4518.35 0 0 0 0 0 31 0
4517.2 0 0 0 0 0 35 0
4502.4 0 0 0 0 0 29 0
4483.65 0 0 0 0 0 32 0
4483.8 0 0 0 0 0 47 0
4481.8 0 0 0 0 0 36 0
4472.9 0 0 0 0 0 36 0
4468.55 0 0 0 0 0 30 0
4464.25 0 0 0 0 0 40 0
4469.3 0 0 0 0 0 22 0
4468.85 0 0 0 0 0 41 0
4463.15 0 0 0 0 0 38 0
4470.25 0 0 0 0 0 53 0
4468.55 0 0 0 0 0 36 0
4464.1 0 0 0 0 0 21 0
4464.9 0 0 0 0 0 37 0
4460.25 0 0 0 0 0 44 0
4456 0 0 0 0 0 32 0
4422.4 0 0 0 0 0 25 0
4413.9 0 0 0 0 0 27 0
4417.65 0 0 0 0 0 38 0
4420.85 0 0 0 0 0 40 0
4420.7 0 0 0 0 0 35 0
4436.45 0 0 0 0 0 45 0
4437.65 0 0 0 0 0 22 0
4423.65 0 0 0 0 0 30 0
4419.4 0 0 0 0 0 29 0
4417.2 0 0 0 0 0 32 0
4418.8 0 0 0 0 0 43 0
4414.25 0 0 0 0 0 29 0
4409.75 0 0 0 0 0 31 0
4399.9 0 0 0 0 0 31 0
4391.9 0 0 0 0 0 31 0
4366.5 0 0 0 0 0 22 0
4358.75 0 0 0 0 0 29 0
4359.7 0 0 0 0 0 36 0
4362.25 0 0 0 0 0 34 0
4359.8 0 0 0 0 0 32 0
4392.65 0 0 0 0 0 31 0
4398.3 0 0 0 0 0 24 0
4404.25 0 0 0 0 0 38 0
4406.35 0 0 0 0 0 33 0
4423.05 0 0 0 0 0 23 0
4421.35 0 0 0 0 0 30 0
4417.45 0 0 0 0 0 21 0
4424.3 0 0 0 0 0 36 0
4441 0 0 0 0 0 24 0
4451.4 0 0 0 0 0 31 0
4448.9 0 0 0 0 0 24 0
4453.2 0 0 0 0 0 31 0
4456.35 0 0 0 0 0 28 0
4468 0 0 0 0 0 26 0
4474.4 0 0 0 0 0 18 0
4501.2 0 0 0 0 0 25 0
4510 0 0 0 0 0 32 0
4504.3 0 0 0 0 0 19 0
4502.8 0 0 0 0 0 35 0
4510.55 0 0 0 0 0 43 0
4517.45 0 0 0 0 0 24 0
4515.4 0 0 0 0 0 27 0
4498.8 0 0 0 0 0 1027 0
4491.1 0 0 0 0 0 972 0
4485.1 0 0 0 0 0 816 0
4489.5 0 0 0 0 0 679 0
4489.95 0 0 0 0 0 565 0
4503.7 0 0 0 0 0 498 0
4499.5 0 0 0 0 0 443 0
4500.25 0 0 0 0 0 387 0
4506.1 0 0 0 0 0 343 0
4503.9 0 0 0 0 0 290 0
4493.15 0 0 0 0 0 232 0
4467.5 0 0 0 0 0 175 0
4469.2 0 0 0 0 0 177 0
4471.9 0 0 0 0 0 130 0
4444 0 0 0 0 0 123 0
4422.75 0 0 0 0 0 95 0
4420.7 0 0 0 0 0 112 0
4413.15 0 0 0 0 0 78 0
4409.1 0 0 0 0 0 69 0
4389.05 0 0 0 0 0 74 0
4390.1 0 0 0 0 0 71 0
4384.45 0 0 0 0 0 45 0
4379.85 0 0 0 0 0 51 0
4368.2 0 0 0 0 0 44 0
4362.3 0 0 0 0 0 42 0
4347.75 0 0 0 0 0 44 0
4345.65 0 0 0 0 0 45 0
4333.95 0 0 0 0 0 34 0
4318 0 0 0 0 0 33 0
4310.55 0 0 0 0 0 50 0
4302.25 1 0 0 0 0 12 0
4253.55 0 0 0 4424.25 0 0 1397.25
4049.9 0 3 0 4424.25 0.15 3 3903.25
3846.45 0 5 0 4424.25 0.25 3 3955.25
3660.75 0 8 0 4424.25 0.4 3 4183.25
3470.3 0 10 0 4424.25 0.5 2 4230.25
3275.15 0 13 0 4424.25 0.65 3 3873.25
3094.95 0 16 0 4424.25 0.8 4 3591.25
2928.45 0 19 0 4424.25 0.95 3 3191.25
2808.25 0 22 0 4424.25 1.1 3 2766.25
2686.55 0 25 0 4424.25 1.25 4 2552.25
2573.8 0 27 0 4424.25 1.35 2 2386.25
2448.15 0 29 0 4424.25 1.45 2 2557.25
2321.05 0 32 0 4424.25 1.6 3 2680.25
2173.25 0 34 0 4424.25 1.7 2 3014.25
1985.85 0 37 0 4424.25 1.85 5 3854.25
1776.65 0 39 0 4424.25 1.95 3 4179.25
1627.65 0 42 0 4424.25 2.1 3 3087.25
1487 0 45 0 4424.25 2.25 3 3000.25
1313.65 0 47 0 4424.25 2.35 3 3550.25
1106.95 0 49 0 4424.25 2.45 2 4393.25
985.35 0 52 0 4424.25 2.6 4 3829.25
1004.9 0 55 0 4424.25 2.6 4 3512.25
1030.2 0 58 0 4424.25 2.65 3 3449.25
1102.7 0 60 0 4424.25 2.6 3 2733.25
1132.25 0 63 0 4424.25 2.65 3 3639.25
1203.3 0 66 0 4424.25 2.65 4 2452.25
1262.7 0 69 0 4424.25 2.65 3 2403.25
1323.1 0 70 0 4424.25 2.55 1 1983.25
1313.1 0 73 0 4424.25 2.55 5 2966.25
1241.15 0 76 0 4424.25 2.55 4 3991.25
1235.65 0 79 0 4424.25 2.6 4 2496.25
1189.8 0 82 0 4424.25 2.65 3 3474.25
1141.5 0 85 0 4424.25 2.65 3 3646.25
1091.55 0 87 0 4424.25 2.65 2 4013.25
1078.1 0 90 0 4424.25 2.65 3 4123.25
1123.65 0 92 0 4424.25 2.65 2 3268.25
1166.25 0 95 0 4424.25 2.65 3 2235.25
1125.5 0 98 0 4424.25 2.65 3 3815.25
1147.2 0 101 0 4424.25 2.7 4 3116.25
1245.7 0 103 0 4424.25 2.7 4 2423.25
1335.55 0 106 0 4424.25 2.7 6 2032.25
1424.9 0 109 0 4424.25 2.7 3 1725.25
1509.55 0 111 0 4424.25 2.65 4 1756.25
1500.7 0 114 0 4424.25 2.7 5 2910.25
1532.2 0 116 0 4424.25 2.65 2 3009.25
1546.25 0 119 0 4424.25 2.65 3 2171.25
1501.05 0 122 0 4424.25 2.65 3 3307.25
1430.6 0 125 0 4424.25 2.75 3 3392.25
1434.65 0 127 0 4424.25 2.7 6 2885.25
1496.7 0 130 0 4424.25 2.7 5 2750.25
1539.25 0 133 0 4424.25 2.7 6 1645.25
1662.65 0 135 0 4424.25 2.65 4 1006.25
1806.15 0 138 0 4424.25 2.65 4 776.25
1948.05 0 140 0 4424.25 2.65 3 1175.25
2119.35 0 143 0 4424.25 2.65 4 697.25
2162.95 0 146 0 4424.25 2.7 6 2396.25
2094.75 0 149 0 4424.25 2.7 5 3599.25
2081.45 0 151 0 4424.25 2.65 4 4081.25
2049.95 0 154 0 4424.25 2.65 4 3746.25
1955.5 0 156 0 4424.25 2.65 3 4312.25
1904.05 0 159 0 4424.25 2.65 6 3061.25
1862.25 0 161 0 4424.25 2.6 3 2561.25
1756.75 0 164 0 4424.25 2.65 7 3866.25
1755.4 0 167 0 4424.25 2.65 4 2937.25
1835.1 0 170 0 4424.25 2.7 4 1415.25
1868.2 0 172 0 4424.25 2.65 6 1509.25
1813.5 0 174 0 4424.25 2.6 2 4401.25
1766.4 0 177 0 4424.25 2.6 4 4334.25
1702.7 0 180 0 4424.25 2.65 4 4159.25
1679.55 0 182 0 4424.25 2.6 3 3213.25
1629.9 0 185 0 4424.25 2.6 4 2638.25
1627.8 0 187 0 4424.25 2.6 11 1048.25
1512.05 0 190 0 4424.25 2.6 6 3091.25
1386.8 0 193 0 4424.25 2.65 4 3680.25
1307.75 0 195 0 4424.25 2.6 4 2278.25
1397.75 0 198 0 4424.25 2.6 5 596.25
1528.2 0 201 0 4424.25 2.6 4 990.25
1679.35 0 203 0 4424.25 2.6 5 1058.25
1847.95 0 206 0 4424.25 2.6 10 374.25
1893.9 0 208 0 4424.25 2.6 6 3393.25
1838.4 0 211 0 4424.25 2.6 5 4171.25
1756.4 0 214 0 4424.25 2.65 3 4201.25
1876.3 0 217 0 4424.25 2.65 7 1468.25
2016.15 0 219 0 4424.25 2.6 6 140.25
2072.7 0 222 0 4424.25 2.6 12 284.25
2128 0 224 0 4424.25 2.6 9 403.25
2279.25 0 226 0 4424.25 2.6 9 1376.25
2363.15 0 229 0 4424.25 2.6 7 2656.25
2427.65 0 232 0 4424.25 2.6 9 2869.25
2461.15 0 235 0 4424.25 2.65 7 2543.25
2384.05 0 238 0 4424.25 2.65 3 4180.25
2277.65 0 240 0 4424.25 2.65 3 3176.25
2252.65 0 243 0 4424.25 2.65 8 3591.25
2247.65 0 246 0 4424.25 2.65 5 3780.25
2318.65 0 249 0 4424.25 2.7 8 858.25
2275.05 0 251 0 4424.25 2.65 6 1468.25
2194.8 0 254 0 4424.25 2.65 14 2595.25
2157.4 0 257 0 4424.25 2.7 8 1806.25
2023 0 260 0 4424.25 2.7 4 3062.25
2120.15 0 262 0 4424.25 2.7 11 1450.25
2316.9 0 265 0 4424.25 2.7 16 236.25
2508.55 0 268 0 4424.25 2.7 13 368.25
2571 0 271 0 4424.25 2.7 20 219.25
2546.3 0 273 0 4424.25 2.7 5 634.25
2490.4 0 276 0 4424.25 2.7 9 1402.25
2328.45 0 278 0 4424.25 2.7 4 3642.25
2193.3 0 281 0 4424.25 2.75 8 4079.25
2268.9 0 284 0 4424.25 2.75 12 1144.25
2359.3 0 286 0 4424.25 2.7 10 1061.25
2442.4 0 289 0 4424.25 2.7 11 881.25
2594.8 0 291 0 4424.25 2.65 9 1132.25
2582.35 0 294 0 4424.25 2.7 3 3425.25
2551.65 0 296 0 4424.25 2.65 5 4205.25
2546.9 0 299 0 4424.25 2.65 8 3875.25
2409.8 0 302 0 4424.25 2.65 4 3600.25
2288.1 0 305 0 4424.25 2.7 13 3902.25
2364.15 0 308 0 4424.25 2.7 16 1074.25
2407.6 0 310 0 4424.25 2.65 11 937.25
2519.9 0 313 0 4424.25 2.65 25 816.25
2562.7 0 315 0 4424.25 2.65 11 594.25
2540.25 0 318 0 4424.25 2.65 16 685.25
2419.3 0 321 0 4424.25 2.65 10 2787.25
2379.25 0 323 0 4424.25 2.6 13 1020.25
2362.3 0 326 0 4424.25 2.65 12 973.25
2370.9 0 328 0 4424.25 2.6 23 1230.25
2482.8 0 331 0 4424.25 2.65 23 1404.25
2651.8 0 333 0 4424.25 2.6 26 699.25
2672.75 0 336 0 4424.25 2.6 14 725.25
2686 0 339 0 4424.25 2.65 20 796.25
2691.4 0 341 0 4424.25 2.6 15 773.25
2717.7 0 344 0 4424.25 2.65 25 606.25
2730.25 0 347 0 4424.25 2.65 6 3174.25
2880.6 0 350 0 4424.25 2.7 18 1198.25
3028.45 0 352 0 4424.25 2.65 16 918.25
3175.5 0 355 0 4424.25 2.65 20 659.25
3332.65 0 358 0 4424.25 2.65 20 759.25
3374.15 0 361 0 4424.25 2.65 21 244.25
3388.65 0 361 0 4424.25 2.55 31 647.25
3407.95 0 361 0 4424.25 2.4 32 430.25
3434.2 0 361 0 4424.25 2.3 24 69.25
3439.65 0 361 0 4424.25 2.15 22 576.25
3544.65 0 361 0 4424.25 2 6 687.25
3525.2 0 361 0 4424.25 1.9 9 1409.25
3354.75 0 363 0 4424.25 1.85 1 4382.25
3331.7 0 366 0 4424.25 1.9 27 1691.25
3287.15 0 368 0 4424.25 1.85 27 2295.25
3305 0 371 0 4424.25 1.9 27 342.25
3324.4 0 374 0 4424.25 1.9 28 337.25
3351.35 0 377 0 4424.25 1.9 37 257.25
3357.55 0 379 0 4424.25 1.9 33 649.25
3352.2 0 382 0 4424.25 1.9 27 713.25
3479.45 0 385 0 4424.25 1.9 25 629.25
3518.45 0 388 0 4424.25 1.9 39 418.25
3515.95 0 390 0 4424.25 1.9 19 968.25
3514.35 0 393 0 4424.25 1.9 21 691.25
3512.2 0 395 0 4424.25 1.85 19 802.25
3484.9 0 398 0 4424.25 1.85 22 790.25
3469.65 0 401 0 4424.25 2 27 952.25
3452.5 0 403 0 4424.25 2.1 20 773.25
3421 0 406 0 4424.25 2.25 36 699.25
3408.9 0 409 0 4424.25 2.4 23 818.25
3401.85 0 412 0 4424.25 2.55 36 828.25
3438.45 0 414 0 4424.25 2.65 22 677.25
3627.05 0 417 0 4424.25 2.7 39 610.25
3674.75 0 420 0 4424.25 2.7 31 737.25
3758.4 0 423 0 4424.25 2.75 45 622.25
3735.2 0 425 0 4424.25 2.7 34 806.25
3727.3 0 427 0 4424.25 2.65 22 495.25
3715 0 429 0 4424.25 2.6 28 503.25
3714.7 0 431 0 4424.25 2.6 27 655.25
3721.4 0 432 0 4424.25 2.5 24 579.25
3719.2 0 434 0 4424.25 2.45 21 673.25
3697.5 0 436 0 4424.25 2.4 26 852.25
3710.9 0 438 0 4424.25 2.4 28 700.25
3706.6 0 440 0 4424.25 2.35 27 777.25
3703.7 0 442 0 4424.25 2.35 16 860.25
3731.45 0 444 0 4424.25 2.3 32 235.25
3768.5 0 446 0 4424.25 2.25 37 211.25
3807.05 0 448 0 4424.25 2.25 25 2.25
3837.55 0 450 0 4424.25 2.2 31 89.25
3877.65 0 452 0 4424.25 2.15 28 16.25
3913.4 0 453 0 4424.25 2.05 28 113.25
3945.45 0 455 0 4424.25 2.05 27 36.25
3978.7 0 457 0 4424.25 2 24 -54.75
4012.35 0 459 0 4424.25 1.95 33 64.25
4037.25 0 461 1 4424.25 1.9 25 0
4054.8 0 461 0 4424.25 1.8 30 0
4047.55 0 461 0 4424.25 1.7 34 0
4036.3 0 461 0 4424.25 1.6 28 0
4038.2 0 461 0 4424.25 1.5 13 0
4036.95 0 461 0 4424.25 1.45 179 0
4038.05 0 461 0 4424.25 1.35 213 0
4055.7 0 461 0 4424.25 1.25 204 0
4057.05 0 461 0 4424.25 1.15 224 0
4068.4 0 461 0 4424.25 1.05 231 0
4075.25 0 461 0 4424.25 0.95 180 0
4049.7 0 461 0 4424.25 0.85 202 0
4024.6 0 461 0 4424.25 0.75 175 0
3993.45 0 461 0 4424.25 0.65 202 0
3967.4 0 461 0 4424.25 0.55 177 0
3941.65 0 461 0 4424.25 0.45 223 0
3923 0 461 0 4424.25 0.4 186 0
3894.6 0 461 0 4424.25 0.3 247 0
3868.55 0 461 0 4424.25 0.2 345 0
3838.2 0 461 0 4424.25 0.1 295 0
3806.25 0 461 0 4424.25 0 278 0
3795.1 0 461 0 4424.25 0 299 0
3813.3 0 461 0 4424.25 0 263 0
3836.85 0 461 0 4424.25 0 293 0
3846.75 0 461 0 4424.25 0 289 0
3855 0 461 0 4424.25 0 291 0
3877.6 0 461 0 4424.25 0 275 0
3860.05 0 461 0 4424.25 0 226 0
3857.25 0 461 0 4424.25 0 240 0
3855.4 0 461 0 4424.25 0 202 0
3858.45 0 461 0 4424.25 0 202 0
3865.95 0 461 0 4424.25 0 239 0
3870.65 0 461 0 4424.25 0 213 0
3875.55 0 461 0 4424.25 0 187 0
3870.25 0 461 0 4424.25 0 181 0
3861.15 0 461 0 4424.25 0 175 0
3863.1 0 461 0 4424.25 0 212 0
3853.2 0 461 0 4424.25 0 228 0
3838.25 0 461 0 4424.25 0 181 0
3835.45 0 461 0 4424.25 0 172 0
3837.25 0 461 0 4424.25 0 173 0
3863.8 0 461 0 4424.25 0 183 0
3876.8 0 461 0 4424.25 0 177 0
3874.95 0 461 0 4424.25 0 183 0
3876.65 0 461 0 4424.25 0 163 0
3880.65 0 461 0 4424.25 0 165 0
3864.75 0 461 0 4424.25 0 153 0
3885.5 0 461 0 4424.25 1.7 147 0
3902.55 0 461 0 4424.25 10.8 131 0
3913.8 0 461 0 4424.25 19.25 151 0
3919 0 461 0 4424.25 27.85 131 0
3895.3 0 461 0 4424.25 36.2 119 0
3883.15 0 461 0 4424.25 44.7 126 0
3866.35 0 461 0 4424.25 53.2 116 0
3854.85 0 461 0 4424.25 61.6 97 0
3849.75 0 461 0 4424.25 69.95 107 0
3848.25 0 461 0 4424.25 78.1 113 0
3847.25 0 461 0 4424.25 86.35 124 0
3836.3 0 461 0 4424.25 94.6 93 0
3833.45 0 461 0 4424.25 102.9 124 0
3822.45 0 461 0 4424.25 111.2 93 0
3795.75 0 461 0 4424.25 119.5 119 0
3757.15 0 461 0 4424.25 127.8 93 0
3735.2 0 461 0 4424.25 136.1 91 0
3712.95 0 461 0 4424.25 144.7 77 0
3688.95 0 461 0 4424.25 153.05 85 0
3671.5 0 461 0 4424.25 161.4 88 0
3652.95 0 461 0 4424.25 168.1 93 0
3630.8 0 461 0 4424.25 167.3 86 0
3603.9 0 461 0 4424.25 167.4 75 0
3590.55 0 461 0 4424.25 167.3 99 0
3600.9 0 461 0 4424.25 167.2 71 0
3606.25 0 461 0 4424.25 167.2 70 0
3625.8 0 461 0 4424.25 167.1 80 0
3638.25 0 461 0 4424.25 167 73 0
3645.45 0 461 0 4424.25 167.2 83 0
3635.5 0 461 0 4424.25 167.4 64 0
3637.05 0 461 0 4424.25 167.4 75 0
3644.8 0 461 0 4424.25 167.5 69 0
3654.1 0 461 0 4424.25 167.4 78 0
3661.9 0 461 0 4424.25 167.6 77 0
3669.1 0 461 0 4424.25 168.45 71 0
3679.8 0 461 0 4424.25 168.45 69 0
3685.15 0 461 0 4424.25 168.75 64 0
3696.85 0 461 0 4424.25 168.75 53 0
3713.7 0 461 0 4424.25 168.65 66 0
3732.5 0 461 0 4424.25 168.9 59 0
3751.85 0 461 0 4424.25 169.15 73 0
3771.65 0 461 0 4424.25 169.15 63 0
3797.15 0 461 0 4424.25 168.8 54 0
3819.75 0 461 0 4424.25 168.45 60 0
3823.55 0 461 0 4424.25 168.7 53 0
3819.45 0 461 0 4424.25 168.4 51 0
3807.05 0 461 0 4424.25 168.45 60 0
3796.15 0 461 0 4424.25 168.6 50 0
3780.4 0 461 0 4424.25 168.35 53 0
3772.05 0 461 0 4424.25 168.15 41 0
3774.15 0 461 0 4424.25 168.15 40 0
3776.05 0 461 0 4424.25 167.95 54 0
3777.2 0 461 0 4424.25 167.85 47 0
3773.45 0 461 0 4424.25 167.45 49 0
3762.95 0 461 0 4424.25 166.55 50 0
3756.85 0 461 0 4424.25 166.6 52 0
3760.95 0 461 0 4424.25 166.2 47 0
3742.7 0 461 0 4424.25 165.6 59 0
3735.15 0 461 0 4424.25 165.55 53 0
3717.45 0 461 0 4424.25 165.3 42 0
3701.85 0 461 0 4424.25 164.8 39 0
3690.2 0 461 0 4424.25 164.95 29 0
3686.6 0 461 0 4424.25 164.95 45 0
3676.95 0 461 0 4424.25 165.05 42 0
3680.45 0 461 0 4424.25 165.95 49 0
3683.75 0 461 0 4424.25 166.1 33 0
3683.4 0 461 0 4424.25 166.15 55 0
3694.15 0 461 0 4424.25 166.3 39 0
3699.95 0 461 0 4424.25 166.45 48 0
3703.95 0 461 0 4424.25 166.9 45 0
3704.3 0 461 0 4424.25 167.35 42 0
3699.65 0 461 0 4424.25 167.55 36 0
3681.35 0 461 0 4424.25 167.9 46 0
3688.4 0 461 0 4424.25 168.4 44 0
3704 0 461 0 4424.25 168.4 36 0
3708.4 0 461 0 4424.25 168.45 34 0
3712.75 0 461 0 4424.25 168.5 38 0
3746.7 0 461 0 4424.25 168.95 42 0
3767.7 0 461 0 4424.25 169.05 29 0
3787.3 0 461 0 4424.25 169.15 48 0
3814.6 0 461 0 4424.25 169.35 36 0
3826.85 0 461 0 4424.25 169.15 30 0
3835.6 0 461 0 4424.25 169.3 45 0
3844.7 0 461 0 4424.25 169.45 43 0
3838.35 0 461 0 4424.25 168.25 23 0
3837.65 0 461 0 4424.25 168.5 25 0
3829 0 461 0 4424.25 168.55 33 0
3819.55 0 461 0 4424.25 168.4 27 0
3825.7 0 461 0 4424.25 168.45 36 0
3819 0 461 0 4424.25 168.25 35 0
3824 0 461 0 4424.25 167.9 28 0
3831.8 0 461 0 4424.25 168.05 44 0
3845.85 0 461 0 4424.25 168 39 0
3839.55 0 461 0 4424.25 167.9 37 0
3850.5 0 461 0 4424.25 168.75 52 0
3851.35 0 461 0 4424.25 168.65 32 0
3832 0 461 0 4424.25 168.7 30 0
3843.75 0 461 0 4424.25 168.75 40 0
3816.5 0 461 0 4424.25 168.75 27 0
3795.2 0 461 0 4424.25 168.7 29 0
3763.95 0 461 0 4424.25 168.6 22 0
3757.65 0 461 0 4424.25 168.7 30 0
3736.8 0 461 0 4424.25 168.7 34 0
3725.2 0 461 0 4424.25 168.6 24 0
3725.15 0 461 0 4424.25 168.95 35 0
3719.9 0 461 0 4424.25 168.8 36 0
3730 0 461 0 4424.25 168.6 31 0
3730.6 0 461 0 4424.25 168.75 24 0
3732.15 0 461 0 4424.25 168.55 42 0
3739.75 0 461 0 4424.25 168.45 41 0
3744.2 0 461 0 4424.25 168.6 44 0
3736.55 0 461 0 4424.25 168.55 40 0
3731.4 0 461 0 4424.25 168.5 33 0
3734.7 0 461 0 4424.25 168.45 25 0
3708.7 0 461 0 4424.25 167.7 41 0
3698.65 0 461 0 4424.25 167.65 24 0
3729 0 461 0 4424.25 167.65 31 0
3693.55 0 461 0 4424.25 167.45 39 0
3687.8 0 461 0 4424.25 167.65 25 0
3677.7 0 461 0 4424.25 167.55 28 0
3674.65 0 461 0 4424.25 167.5 33 0
3689.25 0 461 0 4424.25 167.4 37 0
3686.75 0 461 0 4424.25 167.4 35 0
3674.3 0 461 0 4424.25 167.1 31 0
3679.45 0 461 0 4424.25 168.1 43 0
3687.45 0 461 0 4424.25 168.35 32 0
3686.65 0 461 0 4424.25 168.6 27 0
3700.7 0 461 0 4424.25 168.65 28 0
3706.5 0 461 0 4424.25 168.75 40 0
3715.7 0 461 0 4424.25 169.1 36 0
3705 0 461 0 4424.25 169.15 27 0
3716.15 0 461 0 4424.25 169.15 27 0
3718.8 0 461 0 4424.25 169.3 44 0
3725.15 0 461 0 4424.25 169.1 41 0
3721.9 0 461 0 4424.25 169.2 19 0
3738.75 0 461 0 4424.25 169.2 24 0
3707.05 0 461 0 4424.25 169 30 0
3707.6 0 461 0 4424.25 169.1 32 0
3719.75 0 461 0 4424.25 168.95 30 0
3753.75 0 461 0 4424.25 168.95 30 0
3755 0 461 0 4424.25 169.2 37 0
3729.25 0 461 0 4424.25 169.2 33 0
3734.1 0 461 0 4424.25 169.45 39 0
3739.3 0 461 0 4424.25 169.75 27 0
3734.35 0 461 0 4424.25 168.95 31 0
3745.75 0 461 0 4424.25 168.8 38 0
3755.45 0 461 0 4424.25 168.6 27 0
3750.4 0 461 0 4424.25 168.4 28 0
3736.95 0 461 0 4424.25 168.2 21 0
3728.6 0 461 0 4424.25 167.95 38 0
3731.4 0 461 0 4424.25 167.75 33 0
3720.3 0 461 0 4424.25 167.9 19 0
3718.55 0 461 0 4424.25 167.55 35 0
3716.2 0 461 0 4424.25 167.65 28 0
3748.5 0 461 0 4424.25 168.65 25 0
3754.35 0 461 0 4424.25 169 20 0
3780 0 461 0 4424.25 169.4 35 0
3796.5 0 461 0 4424.25 169.55 34 0
3813.1 0 461 0 4424.25 169.7 29 0
3812.6 0 461 0 4424.25 170.2 36 0
3838.9 0 461 0 4424.25 170.25 29 0
3852.25 0 461 0 4424.25 170.45 31 0
3876.05 0 461 0 4424.25 170.4 33 0
3906.3 0 461 0 4424.25 170.55 27 0
3908.85 0 461 0 4424.25 170.1 26 0
3893.9 0 461 0 4424.25 169.85 27 0
3884.9 0 461 0 4424.25 169.8 32 0
3879.5 0 461 0 4424.25 169.6 37 0
3887.8 0 461 0 4424.25 169.9 25 0
3893.6 0 461 0 4424.25 169.65 31 0
3890.65 0 461 0 4424.25 169.55 29 0
3896 0 461 0 4424.25 169.2 37 0
3909.4 0 461 0 4424.25 169.45 29 0
3910.85 0 461 0 4424.25 169.45 33 0
3896.35 0 461 0 4424.25 168.4 39 0
3900.7 0 461 0 4424.25 168.25 49 0
3912.3 0 461 0 4424.25 168.1 22 0
3912.65 0 461 0 4424.25 168 40 0
3906.45 0 461 0 4424.25 167.9 22 0
3888.35 0 461 0 4424.25 167.45 25 0
3883.25 0 461 0 4424.25 167.25 26 0
3899.1 0 461 0 4424.25 167.35 34 0
3896.05 0 461 0 4424.25 167.1 38 0
3881.5 0 461 0 4424.25 166.95 21 0
3925.5 0 461 0 4424.25 167.85 36 0
3935.4 0 461 0 4424.25 168.1 25 0
3934.85 0 461 0 4424.25 168.15 22 0
3931.5 0 461 0 4424.25 168.4 27 0
3919.65 0 461 0 4424.25 168.3 30 0
3908.95 0 461 0 4424.25 168.7 14 0
3908.9 0 461 0 4424.25 168.75 28 0
3905.25 0 461 0 4424.25 169.05 24 0
3893.8 0 461 0 4424.25 169 27 0
3891.35 0 461 0 4424.25 169.05 21 0
3873.5 0 461 0 4424.25 168.8 34 0
3846.85 0 461 0 4424.25 168.45 24 0
3808.95 0 461 0 4424.25 168.3 26 0
3792.1 0 461 0 4424.25 167.9 20 0
3771.65 0 461 0 4424.25 167.7 37 0
3771.1 0 461 0 4424.25 167.45 26 0
3757.8 0 461 0 4424.25 167.5 35 0
3726.1 0 461 0 4424.25 167 27 0
3701.65 0 461 0 4424.25 166.75 23 0
3688.85 0 461 0 4424.25 166.7 32 0
3663.6 0 461 0 4424.25 165.7 21 0
3671.8 0 461 0 4424.25 165.25 26 0
3688.5 0 461 0 4424.25 165.1 39 0
3722.8 0 461 0 4424.25 165.05 25 0
3732.95 0 461 0 4424.25 164.9 32 0
3731.6 0 461 0 4424.25 164.55 32 0
3751.9 0 461 0 4424.25 164.8 30 0
3774.05 0 461 0 4424.25 164.55 37 0
3788.3 0 461 0 4424.25 164.6 27 0
3810.85 0 461 0 4424.25 164.6 34 0
3816.6 0 461 0 4424.25 165.7 37 0
3814.3 0 461 0 4424.25 166.1 34 0
3813.25 0 461 0 4424.25 166.25 19 0
3814.3 0 461 0 4424.25 166.9 25 0
3820.85 0 461 0 4424.25 167.25 29 0
3813.2 0 461 0 4424.25 167.35 20 0
3812.4 0 461 0 4424.25 167.5 37 0
3816.1 0 461 0 4424.25 167.8 23 0
3818 0 461 0 4424.25 168.05 21 0
3819.6 0 461 0 4424.25 168 29 0
3828.65 0 461 0 4424.25 168.3 26 0
3834.05 0 461 0 4424.25 168.2 25 0
3832.4 0 461 0 4424.25 168.15 29 0
3829.1 0 461 0 4424.25 168 40 0
3844.1 0 461 0 4424.25 168 35 0
3869.35 0 461 0 4424.25 167.8 34 0
3879 0 461 0 4424.25 167.6 35 0
3872.6 0 461 0 4424.25 167.5 41 0
3862.45 0 461 0 4424.25 167.25 18 0
3851.45 0 461 0 4424.25 166.9 22 0
3846.1 0 461 0 4424.25 166.1 30 0
3845.7 0 461 0 4424.25 166 25 0
3845.8 0 461 0 4424.25 165.7 18 0
3852.3 0 461 0 4424.25 165.25 23 0
3852.9 0 461 0 4424.25 165.25 35 0
3862.65 0 461 0 4424.25 165.4 24 0
3860.8 0 461 0 4424.25 165.3 39 0
3864.5 0 461 0 4424.25 165.3 27 0
3865.8 0 461 0 4424.25 165.45 39 0
3856 0 461 0 4424.25 165.55 37 0
3855.6 0 461 0 4424.25 166.15 27 0
3865.25 0 461 0 4424.25 166.65 38 0
3876.8 0 461 0 4424.25 166.9 37 0
3879 0 461 0 4424.25 167.1 32 0
3889.3 0 461 0 4424.25 167.05 46 0
3894.05 0 461 0 4424.25 167.5 21 0
3891.2 0 461 0 4424.25 167.45 36 0
3896.55 0 461 0 4424.25 167.6 31 0
3909.9 0 461 0 4424.25 167.7 35 0
3849.55 0 461 0 4424.25 165.1 15 0
