0 restore_end page_write
0 0 12
0 0 0
0 0 1831
0 0 4689
0 0 4885
0 0 4856
0 0 4456
0 0 3579
0 0 3440
0 0 3520
0 0 2546
0 0 3400
0 0 3487
0 0 3452
0 0 3461
0 0 3025
0 0 4802
0 0 5007
0 0 4964
0 0 4045
0 0 4940
0 0 4981
0 0 3760
0 0 3469
0 0 3505
0 0 3415
0 0 3490
0 0 2741
0 0 3432
0 0 3486
0 0 2865
0 0 3458
0 0 2847
0 0 3515
0 0 3484
0 0 3508
0 0 3476
0 0 3714
0 0 4994
0 0 3017
0 0 3488
0 0 3480
0 0 3499
0 0 3518
0 0 2572
0 0 3521
0 0 3508
0 0 3462
0 0 3465
0 0 2878
0 0 3516
0 0 3882
0 0 4303
0 0 4634
0 0 5027
0 0 5068
0 0 4089
0 0 4660
0 0 3508
0 0 2710
0 0 3388
0 0 3494
0 0 3515
0 0 3496
0 0 2863
0 0 3425
0 0 3446
0 0 3488
0 0 3530
0 0 2868
0 0 3518
0 0 3528
0 0 3498
0 0 3521
0 0 2585
0 0 3389
0 0 4334
0 0 2816
0 0 3514
0 0 3532
0 0 2781
0 0 3525
0 0 3517
0 0 3508
0 0 3455
0 0 2598
0 0 3530
0 0 3511
0 0 3447
0 0 3534
0 0 2597
0 0 3516
0 0 3533
0 0 3521
0 0 3506
0 0 2876
0 0 3718
0 0 3518
0 0 3529
0 0 3476
0 0 2449
0 0 3146
0 0 2881
0 0 2875
0 0 3511
0 0 2512
0 0 3697
0 0 3515
0 0 3521
0 0 3526
0 0 2313
0 0 3493
0 0 3527
0 0 3513
0 0 3530
0 0 2268
0 0 3525
0 0 3514
0 0 3507
0 0 3512
0 0 2705
0 0 2811
0 0 3491
0 0 3517
0 0 3520
0 0 3301
0 0 1974
0 0 3471
0 0 2747
0 0 2891
0 0 3487
0 0 2728
0 0 3510
0 0 3512
0 0 3480
0 0 3514
0 0 1966
0 0 3186
0 0 3533
0 0 3513
0 0 3628
0 0 3036
0 0 2720
0 0 3522
0 0 3522
0 0 3492
0 0 3384
0 0 1792
0 0 3074
0 0 3070
0 0 2843
0 0 3682
0 0 2179
0 0 3506
0 0 3525
0 0 3517
0 0 3807
0 0 2285
0 0 3101
0 0 3513
0 0 3526
0 0 3541
0 0 2959
0 0 2628
0 0 3541
0 0 3928
0 0 3528
0 0 3015
0 0 3611
0 0 3530
0 0 3537
0 0 3555
0 0 2684
0 0 3522
0 0 3774
0 0 3846
0 0 3541
0 0 2005
0 0 3589
0 0 3719
0 0 3537
0 0 3476
0 0 2250
0 0 3210
0 0 3539
0 0 3741
0 0 3515
0 0 2635
0 0 2356
0 0 3197
0 0 3485
0 0 3495
0 0 3826
0 0 2505
0 0 3535
0 0 3544
0 0 3476
0 0 3548
0 0 2093
0 0 3507
0 0 3786
0 0 3489
0 0 3591
0 0 1255
0 0 2832
0 0 3187
0 0 2390
0 0 3533
0 0 3401
0 0 2603
0 0 3528
0 0 3539
0 0 3532
0 0 3455
0 0 1024
0 0 2785
0 0 2891
0 0 3203
0 0 3532
0 0 3317
0 0 2613
0 0 3523
0 0 3561
0 0 3526
0 0 3396
0 0 2384
0 0 3509
0 0 3528
0 0 3508
0 0 3526
0 0 1303
0 0 3110
0 0 3504
0 0 2170
0 0 3529
0 0 3158
0 0 2845
0 0 3623
0 0 3376
0 0 3514
0 0 3331
0 0 2156
0 0 3555
0 0 3549
0 0 4001
0 0 3534
0 0 2316
0 0 3526
0 0 3549
0 0 3488
0 0 3548
0 0 2189
0 0 3519
0 0 3540
0 0 3530
0 0 3509
0 0 1540
0 0 3136
0 0 3484
0 0 3491
0 0 3789
0 0 2052
0 0 3774
0 0 3532
0 0 3503
0 0 3533
0 0 2533
0 0 3516
0 0 3519
0 0 3513
0 0 3541
0 0 2298
0 0 2290
0 0 3184
0 0 2526
0 0 3504
0 0 3530
0 0 2146
0 0 3497
0 0 3513
0 0 3525
0 0 3528
0 0 1781
0 0 3788
0 0 3484
0 0 3512
0 0 3527
0 0 2527
0 0 3483
0 0 3484
0 0 3411
0 0 3487
0 0 2577
0 0 3247
0 0 3522
0 0 3502
0 0 3514
0 0 2656
0 0 3379
0 0 3492
0 0 3496
0 0 3503
0 0 2934
0 0 3534
0 0 3498
0 0 3517
0 0 3507
0 0 2571
0 0 3420
0 0 3511
0 0 2810
0 0 3518
0 0 2888
0 0 3517
0 0 3525
0 0 3401
0 0 3548
0 0 2825
0 0 3437
0 0 3530
0 0 2845
0 0 3520
0 0 2862
0 0 3477
0 0 3530
0 0 3483
0 0 3523
0 0 2595
0 0 3503
0 0 3502
0 0 3503
0 0 3532
0 0 2640
0 0 3527
0 0 3506
0 0 3510
0 0 3522
0 0 2821
0 0 3404
0 0 3510
0 0 2802
0 0 3501
0 0 2896
0 0 3466
0 0 3511
0 0 3293
0 0 3527
0 0 2903
0 0 3226
0 0 3518
0 0 3528
0 0 3511
0 0 2875
0 0 3586
0 0 3527
0 0 2853
0 0 3474
0 0 2901
0 0 3530
0 0 3510
0 0 3531
0 0 3506
0 0 2340
0 0 3574
0 0 3528
0 0 3524
0 0 3808
0 0 3716
0 0 2837
0 0 3413
0 0 3513
0 0 3518
0 0 3538
0 0 2558
0 0 3516
0 0 3525
0 0 3516
0 0 3528
0 0 2595
0 0 3509
0 0 3526
0 0 2895
0 0 3515
0 0 2819
0 0 3481
0 0 3529
0 0 3529
0 0 3504
0 0 2414
0 0 3527
0 0 3492
0 0 3323
0 0 3492
0 0 2664
0 0 3517
0 0 3507
0 0 3509
0 0 3532
0 0 2831
0 0 3451
0 0 3488
0 0 2848
0 0 3533
0 0 2915
0 0 3508
0 0 3531
0 0 3733
0 0 3535
0 0 2324
0 0 3499
0 0 3517
0 0 3479
0 0 3440
0 0 2612
0 0 3504
0 0 3511
0 0 3514
0 0 3497
0 0 2599
0 0 3211
0 0 3498
0 0 3486
0 0 3490
0 0 2699
0 0 3393
0 0 3513
0 0 3522
0 0 3516
0 0 2696
0 0 3396
0 0 3525
0 0 3535
0 0 3517
0 0 2667
0 0 3659
0 0 3492
0 0 2887
0 0 3526
0 0 3023
0 0 3587
0 0 3499
0 0 3512
0 0 3535
0 0 4075
0 0 3349
0 0 2995
0 0 3514
0 0 3487
0 0 3516
0 0 3128
0 0 3017
0 0 3515
0 0 3517
0 0 3516
0 0 2822
0 0 2948
0 0 3495
0 0 3527
0 0 3530
0 0 3150
0 0 2781
0 0 3505
0 0 3494
0 0 3534
0 0 3313
0 0 2878
0 0 3521
0 0 3485
0 0 3527
0 0 3229
0 0 2753
0 0 3493
0 0 2852
0 0 3483
0 0 3359
0 0 2830
0 0 3483
0 0 3532
0 0 3546
0 0 3437
0 0 2615
0 0 3762
0 0 3801
0 0 3612
0 0 2864
0 0 3007
0 0 3540
0 0 3762
0 0 3514
0 0 3059
0 0 2978
0 0 3191
0 0 2826
0 0 3522
0 0 3524
0 0 2881
0 0 3519
0 0 3523
0 0 3526
0 0 3278
0 0 2693
0 0 3573
0 0 3531
0 0 3530
0 0 3477
0 0 2889
0 0 3152
0 0 3503
0 0 3517
0 0 3415
0 0 2453
0 0 3515
0 0 3498
0 0 3508
0 0 3482
0 0 2781
0 0 3760
0 0 4759
0 0 4743
0 0 3925
0 0 4783
0 0 4774
0 0 3939
0 0 4079
0 0 5086
0 0 4788
0 0 3597
0 0 3375
0 0 3545
0 0 2881
0 0 3497
0 0 2820
0 0 3525
0 0 3509
0 0 3527
0 0 3518
0 0 2506
0 0 3533
0 0 3501
0 0 3526
0 0 3471
0 0 2595
0 0 3726
0 0 3535
0 0 3519
0 0 3526
0 0 2666
0 0 3495
0 0 3680
0 0 3477
0 0 3207
0 0 2791
0 0 3517
0 0 3487
0 0 3451
0 0 3512
0 0 2853
0 0 3492
0 0 3014
0 0 3315
0 0 3507
0 0 2782
0 0 3526
0 0 3378
0 0 3208
0 0 3497
0 0 2935
0 0 3510
0 0 4274
0 0 4723
0 0 4174
0 0 3358
0 0 3513
0 0 3285
0 0 2627
0 0 3470
0 0 3506
0 0 3432
0 0 3520
0 0 2398
0 0 3489
0 0 3524
0 0 3525
0 0 3520
0 0 2666
0 0 3460
0 0 4227
0 0 4897
0 0 4832
0 0 3595
0 0 4437
0 0 4942
0 0 4762
0 0 4157
0 0 4833
0 0 3513
0 0 3499
0 0 2402
0 0 3502
0 0 3485
0 0 3494
0 0 3099
0 0 2333
0 0 3509
0 0 3486
0 0 3511
0 0 3507
0 0 2366
0 0 3504
0 0 3506
0 0 3068
0 0 3485
0 0 2561
0 0 3507
0 0 3525
0 0 3528
0 0 3474
0 0 2608
0 0 3494
0 0 3521
0 0 3493
0 0 3099
0 0 2508
0 0 3489
0 0 3494
0 0 3485
0 0 3522
0 0 2804
0 0 3567
0 0 3511
0 0 3520
0 0 3516
0 0 2576
0 0 3506
0 0 3511
0 0 3497
0 0 3505
0 0 2079
0 0 3404
0 0 3543
0 0 3507
0 0 3427
0 0 2759
0 0 3208
0 0 3506
0 0 3462
0 0 3509
0 0 2955
0 0 3172
0 0 3503
0 0 3488
0 0 3520
0 0 2957
0 0 3137
0 0 3502
0 0 2827
0 0 3519
0 0 3392
0 0 2896
0 0 3492
0 0 3446
0 0 3483
0 0 3074
0 0 3213
0 0 4917
0 0 5001
0 0 3509
0 0 4027
0 0 4767
0 0 4713
0 0 3389
0 0 4792
0 0 4888
0 0 4800
0 0 3368
0 0 4896
0 0 4632
0 0 3581
0 0 3479
0 0 2903
0 0 3511
0 0 3501
0 0 3522
0 0 3524
0 0 2610
0 0 3514
0 0 3518
0 0 3512
0 0 3519
0 0 2556
0 0 3491
0 0 3518
0 0 3384
0 0 3866
0 0 2647
0 0 3470
0 0 3297
0 0 3509
0 0 3507
0 0 2791
0 0 3491
0 0 3490
0 0 3526
0 0 3527
0 0 2692
0 0 2876
0 0 3299
0 0 3925
0 0 4844
0 0 3394
0 0 4960
0 0 5011
0 0 4830
0 0 3627
0 0 3508
0 0 3439
0 0 3767
0 0 4264
0 0 4827
0 0 3568
0 0 4916
0 0 4824
0 0 4725
0 0 3983
0 0 4842
0 0 4900
0 0 3611
0 0 3324
0 0 3490
0 0 3483
0 0 3405
0 0 2902
0 0 3086
0 0 3515
0 0 3487
0 0 3535
0 0 2818
0 0 3521
0 0 3525
0 0 3513
0 0 3022
0 0 2894
0 0 3518
0 0 3533
0 0 3528
0 0 3502
0 0 2584
0 0 3512
0 0 3525
0 0 3506
0 0 2995
0 0 2878
0 0 3145
0 0 3506
0 0 3474
0 0 3526
0 0 2800
0 0 3500
0 0 3033
0 0 3525
0 0 3551
0 0 3015
0 0 3105
0 0 3516
0 0 3532
0 0 3610
0 0 2842
0 0 3106
0 0 3514
0 0 3501
0 0 3029
0 0 3503
0 0 2708
0 0 3478
0 0 2932
0 0 4992
0 0 3755
0 0 3521
0 0 2956
0 0 3418
0 0 3516
0 0 3441
0 0 3042
0 0 3223
0 0 3122
0 0 3483
0 0 2880
0 0 3504
0 0 3395
0 0 2921
0 0 3346
0 0 3503
0 0 3514
0 0 3356
0 0 2566
0 0 3274
0 0 3494
0 0 3502
0 0 3521
0 0 2387
0 0 3481
0 0 3527
0 0 3527
0 0 3499
0 0 2380
0 0 3515
0 0 3499
0 0 2942
0 0 3491
0 0 2910
0 0 3495
0 0 3580
0 0 3514
0 0 2945
0 0 2895
0 0 3505
0 0 3487
0 0 3479
0 0 3516
0 0 2037
0 0 3470
0 0 3505
0 0 3501
0 0 3476
0 0 2789
0 0 3329
0 0 3135
0 0 3506
0 0 3499
0 0 3070
0 0 2979
0 0 3493
0 0 3231
0 0 3194
0 0 2975
0 0 3118
0 0 3674
0 0 3493
0 0 3518
0 0 3093
0 0 2987
0 0 2956
0 0 3497
0 0 3566
0 0 3378
0 0 2476
0 0 3484
0 0 3490
0 0 3506
0 0 3043
0 0 2316
0 0 3473
0 0 3486
0 0 3497
0 0 3513
0 0 2380
0 0 3499
0 0 3475
0 0 3512
0 0 3504
0 0 2547
0 0 3131
0 0 4292
0 0 4205
0 0 4995
0 0 4880
0 0 3784
0 0 5034
0 0 5067
0 0 5043
0 0 4169
0 0 5021
0 0 4906
0 0 2958
0 0 2884
0 0 3657
0 0 3824
0 0 3838
0 0 4921
0 0 4876
0 0 4018
0 0 2833
0 0 3556
0 0 3517
0 0 3476
0 0 3693
0 0 2560
0 0 3500
0 0 3504
0 0 3516
0 0 3497
0 0 2530
0 0 3489
0 0 3443
0 0 3513
0 0 3574
0 0 2833
0 0 3499
0 0 3514
0 0 3698
0 0 3529
0 0 2601
0 0 3629
0 0 3504
0 0 3548
0 0 3515
0 0 2721
0 0 3483
0 0 3513
0 0 3478
0 0 2884
0 0 2986
0 0 3467
0 0 3511
0 0 3526
0 0 3496
0 0 2241
0 0 3430
0 0 2863
0 0 3475
0 0 3636
0 0 3199
0 0 2145
0 0 3589
0 0 3459
0 0 3525
0 0 3512
0 0 2806
0 0 3504
0 0 3472
0 0 2880
0 0 3604
0 0 2411
0 0 3505
0 0 3513
0 0 3455
0 0 2879
0 0 2641
0 0 3500
0 0 3499
0 0 3507
0 0 3486
0 0 2484
0 0 3001
0 0 3495
0 0 3600
0 0 3482
0 0 2844
0 0 2334
0 0 3501
0 0 3558
0 0 3739
0 0 3542
0 0 2377
0 0 3505
0 0 3440
0 0 3175
0 0 3598
0 0 2618
0 0 3492
0 0 3767
0 0 3520
0 0 3510
0 0 2558
0 0 3452
0 0 3474
0 0 2885
0 0 3505
0 0 2928
0 0 3399
0 0 3637
0 0 3384
0 0 3467
0 0 3009
0 0 2940
0 0 3320
0 0 3492
0 0 3498
0 0 3527
0 0 2549
0 0 3455
0 0 3493
0 0 3501
0 0 3702
0 0 2388
0 0 3493
0 0 3474
0 0 3489
0 0 2826
0 0 2565
0 0 3428
0 0 3442
0 0 2580
0 0 3483
0 0 2427
0 0 3017
0 0 3494
0 0 3479
0 0 3514
0 0 3136
0 0 2361
0 0 3702
0 0 3509
0 0 3447
0 0 2840
0 0 1756
0 0 3507
0 0 3503
0 0 3514
0 0 3501
0 0 3432
0 0 2619
0 0 3675
0 0 2839
0 0 3521
0 0 3476
0 0 1471
0 0 3575
0 0 3603
0 0 4749
0 0 3496
0 0 3827
0 0 4755
0 0 4788
0 0 3526
0 0 1703
0 0 4223
0 0 2842
0 0 3433
0 0 3543
0 0 2528
0 0 3466
0 0 3452
0 0 2864
0 0 3561
0 0 2177
0 0 3074
0 0 3513
0 0 3542
0 0 3519
0 0 2992
0 0 2739
0 0 3026
0 0 3404
0 0 3433
0 0 3519
0 0 1926
0 0 3504
0 0 3677
0 0 3497
0 0 3516
0 0 1776
0 0 3281
0 0 2865
0 0 2510
0 0 3017
0 0 3273
0 0 2145
0 0 3725
0 0 3509
0 0 3451
0 0 3493
0 0 1786
0 0 2828
0 0 3499
0 0 3489
0 0 3182
0 0 3060
0 0 1752
0 0 3483
0 0 3555
0 0 4839
0 0 3857
0 0 4856
0 0 2993
0 0 3499
0 0 3479
0 0 2039
0 0 3427
0 0 3506
0 0 2883
0 0 3487
0 0 2847
0 0 3050
0 0 3519
0 0 3551
0 0 3581
0 0 2939
0 0 2513
0 0 3500
0 0 2890
0 0 3740
0 0 3492
0 0 2370
0 0 3464
0 0 3479
0 0 3216
0 0 3476
0 0 2637
0 0 3429
0 0 3010
0 0 3203
0 0 3503
0 0 2888
0 0 3499
0 0 3464
0 0 3507
0 0 3505
0 0 2031
0 0 3495
0 0 3499
0 0 3521
0 0 3489
0 0 2380
0 0 2906
0 0 3618
0 0 3497
0 0 3472
0 0 2730
0 0 2641
0 0 3482
0 0 3504
0 0 2993
0 0 3434
0 0 2600
0 0 3416
0 0 3434
0 0 3505
0 0 3480
0 0 2343
0 0 3492
0 0 3506
0 0 3504
0 0 3395
0 0 2786
0 0 3267
0 0 3270
0 0 2815
0 0 3276
0 0 3346
0 0 3322
0 0 3518
0 0 3501
0 0 3499
0 0 3056
0 0 2467
0 0 2871
0 0 3470
0 0 3509
0 0 3482
0 0 2892
0 0 3707
0 0 3202
0 0 4345
0 0 5043
0 0 4860
0 0 3241
0 0 3597
0 0 2800
0 0 3600
0 0 3624
0 0 3055
0 0 4775
0 0 4580
0 0 1792
0 0 3847
0 0 3695
0 0 4772
0 0 3089
0 0 4839
0 0 4785
0 0 4825
0 0 2624
0 0 2510
0 0 4097
0 0 3598
0 0 4452
0 0 2402
0 0 3501
0 0 3503
0 0 3365
0 0 3772
0 0 4723
0 0 3793
0 0 3920
0 0 2736
0 0 3368
0 0 3368
0 0 3155
0 0 3498
0 0 3445
0 0 2692
0 0 2669
0 0 3490
0 0 3491
0 0 3491
0 0 2610
0 0 2622
0 0 3502
0 0 3482
0 0 3504
0 0 2447
0 0 2789
0 0 3442
0 0 2484
0 0 3480
0 0 3787
0 0 3665
0 0 4524
0 0 4278
0 0 4131
0 0 3276
0 0 4861
0 0 4761
0 0 3784
0 0 3895
0 0 4041
0 0 3282
0 0 3473
0 0 2134
0 0 3447
0 0 3102
0 0 3478
0 0 3501
0 0 2671
0 0 2789
0 0 3495
0 0 3471
0 0 3356
0 0 3273
0 0 1049
0 0 3021
0 0 3173
0 0 3445
0 0 2687
0 0 3441
0 0 3383
0 0 2742
0 0 3525
0 0 3525
0 0 3494
0 0 2846
0 0 2654
0 0 3494
0 0 3498
0 0 3493
0 0 1474
0 0 3289
0 0 3481
0 0 2871
0 0 3356
0 0 3948
0 0 4207
0 0 4866
0 0 3495
0 0 3459
0 0 3478
0 0 3579
0 0 3853
0 0 4869
0 0 4947
0 0 3713
0 0 3448
0 0 2373
0 0 3140
0 0 3465
0 0 3486
0 0 2626
0 0 3462
0 0 1302
0 0 2999
0 0 3246
0 0 2720
0 0 3028
0 0 3294
0 0 2423
0 0 3483
0 0 3465
0 0 3406
0 0 3473
0 0 2520
0 0 3487
0 0 3476
0 0 3449
0 0 3511
0 0 1661
0 0 3022
0 0 3351
0 0 3610
0 0 3493
0 0 2203
0 0 3461
0 0 3176
0 0 3399
0 0 3378
0 0 2967
0 0 2826
0 0 3456
0 0 3651
0 0 3497
0 0 3100
0 0 2363
0 0 3506
0 0 3669
0 0 3583
0 0 3519
0 0 1722
0 0 2990
0 0 3490
0 0 3463
0 0 3500
0 0 1987
0 0 2309
0 0 3465
0 0 3468
0 0 3333
0 0 2727
0 0 2867
0 0 3482
0 0 3497
0 0 3458
0 0 2575
0 0 2579
0 0 3487
0 0 3521
0 0 2667
0 0 3484
0 0 4176
0 0 4905
0 0 5068
0 0 3788
0 0 4416
0 0 4470
0 0 4031
0 0 4684
0 0 2560
0 0 3640
0 0 3495
0 0 3578
0 0 2538
0 0 2568
0 0 3647
0 0 3492
0 0 3485
0 0 2198
0 0 3099
0 0 3456
0 0 3469
0 0 3563
0 0 2291
0 0 3150
0 0 3624
0 0 3460
0 0 2556
0 0 2991
0 0 3395
0 0 3464
0 0 2583
0 0 2937
0 0 3398
0 0 3475
0 0 2506
0 0 3502
0 0 3483
0 0 2809
0 0 3482
0 0 3033
0 0 3027
0 0 3517
0 0 2725
0 0 3464
0 0 2557
0 0 3485
0 0 3480
0 0 2796
0 0 3414
0 0 3283
0 0 2739
0 0 3501
0 0 2884
0 0 3466
0 0 3493
0 0 3520
0 0 3359
0 0 2802
0 0 2498
0 0 3504
0 0 3468
0 0 3487
0 0 3349
0 0 2464
0 0 2788
0 0 3018
0 0 3284
0 0 3475
0 0 2845
0 0 3480
0 0 2975
0 0 3477
0 0 3475
0 0 1831
0 0 3507
0 0 3478
0 0 3491
0 0 2547
0 0 3459
0 0 2772
0 0 3482
0 0 2810
0 0 4817
0 0 3345
0 0 3057
0 0 3161
0 0 2145
0 0 3469
0 0 2550
0 0 3622
0 0 3514
0 0 2244
0 0 3524
0 0 3508
0 0 3176
0 0 2823
0 0 2961
0 0 3440
0 0 3499
0 0 1893
0 0 3480
0 0 3456
0 0 2837
0 0 2525
0 0 3490
0 0 3492
0 0 3494
0 0 1975
0 0 3469
0 0 3486
0 0 3483
0 0 3495
0 0 2737
0 0 4766
0 0 4082
0 0 5044
0 0 5070
0 0 3679
0 0 3641
0 0 2499
0 0 3482
0 0 3483
0 0 3091
0 0 2593
0 0 3479
0 0 3335
0 0 3400
0 0 3418
0 0 1748
0 0 3267
0 0 3472
0 0 3455
0 0 3510
0 0 2115
0 0 2387
0 0 3187
0 0 3829
0 0 4966
0 0 4727
0 0 3964
0 0 3868
0 0 4744
0 0 3386
0 0 4396
0 0 4576
0 0 4825
0 0 2816
0 0 4936
0 0 4906
0 0 4279
0 0 3614
0 0 4784
0 0 4711
0 0 3675
0 0 3601
0 0 4753
0 0 4732
0 0 3922
0 0 2551
0 0 3082
0 0 2559
0 0 3354
0 0 3439
0 0 2670
0 0 3625
0 0 3508
0 0 3503
0 0 3509
0 0 2145
0 0 3483
0 0 2578
0 0 3504
0 0 3481
0 0 2673
0 0 2048
0 0 2631
0 0 3427
0 0 2396
0 0 3403
0 0 2902
0 0 4727
0 0 4769
0 0 4842
0 0 3707
0 0 4665
0 0 4788
0 0 3791
0 0 2702
0 0 4799
0 0 4688
0 0 4726
0 0 2436
0 0 4888
0 0 4676
0 0 3912
0 0 3201
0 0 4799
0 0 4727
0 0 4784
0 0 2873
0 0 3397
0 0 2606
0 0 3443
0 0 3300
0 0 2676
0 0 2567
0 0 2585
0 0 3480
0 0 3468
0 0 3827
0 0 3872
0 0 4859
0 0 3951
0 0 4729
0 0 3914
0 0 3761
0 0 4777
0 0 4766
0 0 3645
0 0 4384
0 0 3517
0 0 3506
0 0 3263
0 0 2885
0 0 3487
0 0 2444
0 0 3491
0 0 3486
0 0 2671
0 0 3488
0 0 3041
0 0 2952
0 0 3488
0 0 2757
0 0 3523
0 0 3506
0 0 3623
0 0 3374
0 0 2641
0 0 3180
0 0 2908
0 0 3489
0 0 3517
0 0 3377
0 0 3229
0 0 3449
0 0 2762
0 0 2950
0 0 3129
0 0 3881
0 0 4031
0 0 4783
0 0 4817
0 0 4807
0 0 3692
0 0 4791
0 0 4603
0 0 3508
0 0 3773
0 0 4379
0 0 3501
0 0 3492
0 0 2871
0 0 3296
0 0 2590
0 0 3448
0 0 3487
0 0 3626
0 0 2596
0 0 3480
0 0 3488
0 0 3464
0 0 2651
0 0 2831
0 0 3593
0 0 3501
0 0 3533
0 0 3500
0 0 2393
0 0 3597
0 0 3475
0 0 3485
0 0 3472
0 0 2661
0 0 3515
0 0 3552
0 0 2948
0 0 3472
0 0 3082
0 0 2514
0 0 3330
0 0 3406
0 0 3512
0 0 3376
0 0 2490
0 0 3491
0 0 2899
0 0 3488
0 0 3465
0 0 2549
0 0 3460
0 0 3471
0 0 3497
0 0 3509
0 0 2816
0 0 3384
0 0 3510
0 0 3510
0 0 3510
0 0 2706
0 0 3691
0 0 3562
0 0 3519
0 0 3488
0 0 2656
0 0 2958
0 0 3300
0 0 3459
0 0 3493
0 0 2538
0 0 3478
0 0 3461
0 0 2844
0 0 3504
0 0 2887
0 0 3485
0 0 3480
0 0 2405
0 0 3484
0 0 3114
0 0 3049
0 0 3491
0 0 3490
0 0 2395
0 0 3486
0 0 2491
0 0 3502
0 0 3506
0 0 3607
0 0 2337
0 0 2661
0 0 3490
0 0 3478
0 0 2650
0 0 3533
0 0 3122
0 0 3190
0 0 2018
0 0 3509
0 0 3980
0 0 3959
0 0 3488
0 0 2909
0 0 3490
0 0 2657
0 0 3293
0 0 3461
0 0 3471
0 0 2284
0 0 3497
0 0 3487
0 0 3495
0 0 2602
0 0 2490
0 0 3382
0 0 3473
0 0 3514
0 0 3504
0 0 2599
0 0 3484
0 0 3467
0 0 3496
0 0 2418
0 0 2897
0 0 3478
0 0 3480
0 0 3538
0 0 3530
0 0 2294
0 0 2663
0 0 3525
0 0 3460
0 0 3802
0 0 3493
0 0 3489
0 0 3117
0 0 2384
0 0 3423
0 0 3502
0 0 3481
0 0 3105
0 0 2691
0 0 3360
0 0 3233
0 0 3494
0 0 3293
0 0 2609
0 0 3379
0 0 3489
0 0 3501
0 0 3469
0 0 2390
0 0 3451
0 0 3520
0 0 3498
0 0 3458
0 0 2682
0 0 3506
0 0 3456
0 0 3144
0 0 2816
0 0 4736
0 0 4067
0 0 2973
0 0 3400
0 0 3493
0 0 3488
0 0 3497
0 0 2601
0 0 3065
0 0 4656
0 0 4588
0 0 3600
0 0 4708
0 0 4782
0 0 4805
0 0 3640
0 0 4751
0 0 3491
0 0 4348
0 0 2616
0 0 3497
0 0 2544
0 0 3225
0 0 3483
0 0 3642
0 0 1784
0 0 3468
0 0 3467
0 0 2644
0 0 3140
0 0 2649
0 0 3321
0 0 2301
0 0 3488
0 0 3517
0 0 3480
0 0 2527
0 0 3299
0 0 3118
0 0 3442
0 0 3386
0 0 2832
0 0 3495
0 0 3507
0 0 3503
0 0 3470
0 0 2788
0 0 3471
0 0 2898
0 0 3463
0 0 3297
0 0 2430
0 0 3446
0 0 3431
0 0 3347
0 0 3423
0 0 2633
0 0 3501
0 0 3416
0 0 3458
0 0 3501
0 0 2798
0 0 3442
0 0 3436
0 0 3498
0 0 3508
0 0 2861
0 0 3475
0 0 3518
0 0 3462
0 0 2605
0 0 4718
0 0 3676
0 0 3078
0 0 3418
0 0 3352
0 0 3495
0 0 3464
0 0 2426
0 0 3507
0 0 3487
0 0 3492
0 0 3493
0 0 2823
0 0 3380
0 0 3444
0 0 2846
0 0 3451
0 0 2642
0 0 3429
0 0 3387
0 0 3276
0 0 3473
0 0 2745
0 0 3410
0 0 3477
0 0 3411
0 0 3468
0 0 2916
0 0 3159
0 0 3525
0 0 2817
0 0 2960
0 0 2944
0 0 2756
0 0 3450
0 0 3495
0 0 3476
0 0 3510
0 0 2645
0 0 3415
0 0 2507
0 0 3332
0 0 3545
0 0 2896
0 0 3093
0 0 3486
0 0 2305
0 0 3566
0 0 3554
0 0 2738
0 0 3488
0 0 2224
0 0 3497
0 0 3463
0 0 2122
0 0 2986
0 0 3485
0 0 3509
0 0 2238
0 0 3355
0 0 2478
0 0 3498
0 0 3502
0 0 3482
0 0 2291
0 0 3224
0 0 2819
0 0 3506
0 0 3507
0 0 3534
0 0 3487
0 0 1820
0 0 3004
0 0 3503
0 0 3468
0 0 3489
0 0 1570
0 0 3291
0 0 3014
0 0 2655
0 0 3494
0 0 3478
0 0 1799
0 0 3317
0 0 3466
0 0 3826
0 0 3833
0 0 4872
0 0 4896
0 0 3991
0 0 4890
0 0 4979
0 0 3932
0 0 4904
0 0 4889
0 0 4054
0 0 3583
0 0 4940
0 0 4021
0 0 4861
0 0 3182
0 0 2785
0 0 3473
0 0 3491
0 0 3087
0 0 2973
0 0 3181
0 0 2618
0 0 3755
0 0 3465
0 0 3489
0 0 2779
0 0 1725
0 0 3404
0 0 3525
0 0 3592
0 0 3515
0 0 2846
0 0 3462
0 0 3483
0 0 3514
0 0 2910
0 0 2942
0 0 3049
0 0 3653
0 0 3506
0 0 3428
0 0 3260
0 0 3019
0 0 3403
0 0 3463
0 0 3489
0 0 3133
0 0 3177
0 0 4823
0 0 3842
0 0 3490
0 0 3344
0 0 3453
0 0 2581
0 0 2824
0 0 3212
0 0 3421
0 0 3309
0 0 3006
0 0 3445
0 0 3428
0 0 3423
0 0 3495
0 0 2597
0 0 3476
0 0 3421
0 0 3501
0 0 3499
0 0 2714
0 0 3072
0 0 3455
0 0 3376
0 0 2934
0 0 3159
0 0 2805
0 0 3496
0 0 3543
0 0 3473
0 0 3500
0 0 2787
0 0 3436
0 0 2379
0 0 3415
0 0 3412
0 0 2761
0 0 2776
0 0 3510
0 0 3457
0 0 3520
0 0 2371
0 0 2816
0 0 3451
0 0 3441
0 0 3487
0 0 2724
0 0 3334
0 0 3453
0 0 3388
0 0 3476
0 0 2854
0 0 3435
0 0 3469
0 0 3489
0 0 2583
0 0 3287
0 0 2178
0 0 3406
0 0 2806
0 0 3437
0 0 3392
0 0 2896
0 0 3489
0 0 3467
0 0 3511
0 0 3490
0 0 2731
0 0 3474
0 0 3550
0 0 3429
0 0 3009
0 0 2579
0 0 3959
0 0 4732
0 0 4671
0 0 3762
0 0 4676
0 0 4660
0 0 4629
0 0 3361
0 0 4413
0 0 4714
0 0 3791
0 0 4812
0 0 4771
0 0 4760
0 0 3809
0 0 4701
0 0 4722
0 0 4261
0 0 3819
0 0 4373
0 0 4000
0 0 4192
0 0 4328
0 0 4712
0 0 4773
0 0 3706
0 0 4754
0 0 4710
0 0 4706
0 0 3959
0 0 4778
0 0 4722
0 0 4516
0 0 3818
0 0 4702
0 0 4692
0 0 3684
0 0 4627
0 0 4821
0 0 4777
0 0 3983
0 0 4786
0 0 4794
0 0 4739
0 0 3642
0 0 4775
0 0 4759
0 0 3705
0 0 4508
0 0 3891
0 0 4264
0 0 3434
0 0 2773
0 0 3464
0 0 3485
0 0 3356
0 0 3406
0 0 2622
0 0 3415
0 0 3320
0 0 3378
0 0 3494
0 0 2604
0 0 3361
0 0 3429
0 0 3540
0 0 3493
0 0 2685
0 0 3491
0 0 3480
0 0 3474
0 0 3625
0 0 2828
0 0 3472
0 0 2844
0 0 3476
0 0 3490
0 0 2841
0 0 3490
0 0 3465
0 0 3402
0 0 3523
0 0 2655
0 0 4156
0 0 4838
0 0 4922
0 0 3966
0 0 3552
0 0 3477
0 0 3462
0 0 3254
0 0 4742
0 0 4683
0 0 4733
0 0 3561
0 0 4642
0 0 4672
0 0 4598
0 0 3349
0 0 4714
0 0 4224
0 0 3465
0 0 2201
0 0 3429
0 0 3450
0 0 2880
0 0 3457
0 0 2844
0 0 3504
0 0 3456
0 0 3485
0 0 3485
0 0 2109
0 0 3712
0 0 3528
0 0 3650
0 0 3488
0 0 2842
0 0 3467
0 0 3488
0 0 3482
0 0 3532
0 0 2705
0 0 3663
0 0 3455
0 0 3503
0 0 3463
0 0 2732
0 0 3428
0 0 3485
0 0 3520
0 0 3623
0 0 2601
0 0 3494
0 0 3487
0 0 3392
0 0 3390
0 0 2668
0 0 2854
0 0 3354
0 0 3449
0 0 3463
0 0 2886
0 0 3437
0 0 3458
0 0 3436
0 0 3453
0 0 2733
0 0 3428
0 0 3463
0 0 3429
0 0 3414
0 0 2636
0 0 3369
0 0 2953
0 0 3452
0 0 3395
0 0 2488
0 0 3165
0 0 3293
0 0 3436
0 0 3473
0 0 3273
0 0 2691
0 0 3346
0 0 3370
0 0 3465
0 0 3490
0 0 2825
0 0 4876
0 0 4383
0 0 4436
0 0 4630
0 0 4392
0 0 3378
0 0 4626
0 0 4732
0 0 4698
0 0 3739
0 0 4639
0 0 4657
0 0 4769
0 0 3587
0 0 4667
0 0 4712
0 0 4612
0 0 3675
0 0 4261
0 0 4395
0 0 3993
0 0 4231
0 0 3463
0 0 3349
0 0 3430
0 0 2423
0 0 3432
0 0 3239
0 0 3323
0 0 3457
0 0 2861
0 0 3237
0 0 3342
0 0 3301
0 0 3388
0 0 3248
0 0 3114
0 0 3405
0 0 3577
0 0 3500
0 0 2834
0 0 3009
0 0 4993
0 0 4824
0 0 4845
0 0 3178
0 0 4793
0 0 3955
0 0 4661
0 0 4442
0 0 4899
0 0 4421
0 0 3053
0 0 3865
0 0 4581
0 0 4675
0 0 3680
0 0 4657
0 0 3938
0 0 4381
0 0 4247
0 0 3557
0 0 4158
0 0 4226
0 0 3407
0 0 4688
0 0 3424
0 0 3583
0 0 2702
0 0 4430
0 0 4705
0 0 3977
0 0 2874
0 0 3485
0 0 3474
0 0 3479
0 0 2651
0 0 2599
0 0 3182
0 0 3330
0 0 3466
0 0 3474
0 0 2811
0 0 3439
0 0 3464
0 0 3257
0 0 3403
0 0 2853
0 0 3406
0 0 3430
0 0 3208
0 0 3472
0 0 2744
0 0 3459
0 0 3354
0 0 3494
0 0 3385
0 0 2581
0 0 3176
0 0 3342
0 0 3394
0 0 3470
0 0 2940
0 0 3355
0 0 2851
0 0 3443
0 0 3476
0 0 3003
0 0 3121
0 0 3415
0 0 3478
0 0 3423
0 0 3203
0 0 2741
0 0 3568
0 0 3515
0 0 3450
0 0 3512
0 0 2494
0 0 3419
0 0 3327
0 0 3422
0 0 4935
0 0 3300
0 0 4765
0 0 4936
0 0 4858
0 0 4004
0 0 4951
0 0 4696
0 0 4738
0 0 2872
0 0 3850
0 0 4518
0 0 3532
0 0 4689
0 0 3510
0 0 3478
0 0 3249
0 0 4714
0 0 4679
0 0 3512
0 0 2823
0 0 3522
0 0 3617
0 0 3646
0 0 3882
0 0 3420
0 0 4063
0 0 4129
0 0 4538
0 0 3654
0 0 4443
0 0 3481
0 0 3439
0 0 3367
0 0 3483
0 0 2559
0 0 3453
0 0 3454
0 0 3409
0 0 3467
0 0 2549
0 0 3022
0 0 3492
0 0 3433
0 0 3438
0 0 2767
0 0 4806
0 0 4827
0 0 3973
0 0 4279
0 0 3511
0 0 3749
0 0 4770
0 0 4723
0 0 4735
0 0 3309
0 0 4756
0 0 3609
0 0 3687
0 0 4264
0 0 2796
0 0 3375
0 0 3286
0 0 3337
0 0 3299
0 0 2387
0 0 3111
0 0 3428
0 0 2745
0 0 3476
0 0 3399
0 0 1950
0 0 3461
0 0 3408
0 0 3452
0 0 3467
0 0 2517
0 0 3481
0 0 3481
0 0 3479
0 0 3487
0 0 1977
0 0 3491
0 0 3486
0 0 3441
0 0 3413
0 0 1780
0 0 3291
0 0 3543
0 0 2704
0 0 3398
0 0 4861
0 0 5094
0 0 4784
0 0 3459
0 0 2841
0 0 3309
0 0 3358
0 0 3447
0 0 3538
0 0 1725
0 0 2826
0 0 3337
0 0 3362
0 0 3569
0 0 2798
0 0 3662
0 0 3455
0 0 3525
0 0 3482
0 0 2569
0 0 3474
0 0 3489
0 0 3419
0 0 3411
0 0 2774
0 0 2260
0 0 3088
0 0 2728
0 0 3380
0 0 3462
0 0 2473
0 0 3421
0 0 3398
0 0 3461
0 0 3417
0 0 2481
0 0 3383
0 0 3404
0 0 3480
0 0 3381
0 0 2447
0 0 3426
0 0 3417
0 0 3439
0 0 3477
0 0 3732
0 0 5221
0 0 4938
0 0 3552
0 0 3521
0 0 3421
0 0 3092
0 0 4577
0 0 4668
0 0 4303
0 0 3208
0 0 4397
0 0 4539
0 0 3984
0 0 4578
0 0 4683
0 0 4703
0 0 3178
0 0 4276
0 0 4666
0 0 4722
0 0 3479
0 0 4093
0 0 4476
0 0 4702
0 0 3556
0 0 4536
0 0 3809
0 0 4018
0 0 3861
0 0 4634
0 0 4304
0 0 4692
0 0 3691
0 0 4690
0 0 4666
0 0 4787
0 0 3585
0 0 4255
0 0 4360
0 0 4650
0 0 3080
0 0 4602
0 0 4143
0 0 3354
0 0 2522
0 0 3465
0 0 3497
0 0 3347
0 0 3387
0 0 2221
0 0 3354
0 0 3302
0 0 3463
0 0 3488
0 0 3013
0 0 1792
0 0 3150
0 0 2994
0 0 3326
0 0 3494
0 0 2748
0 0 3439
0 0 3424
0 0 3353
0 0 3382
0 0 2211
0 0 3295
0 0 3406
0 0 3538
0 0 3407
0 0 2693
0 0 3452
0 0 3352
0 0 3478
0 0 3208
0 0 2650
0 0 2607
0 0 3477
0 0 3457
0 0 3451
0 0 3136
0 0 2569
0 0 3477
0 0 3459
0 0 3459
0 0 3482
0 0 2400
0 0 3439
0 0 3460
0 0 3426
0 0 3364
0 0 2029
0 0 2888
0 0 3373
0 0 2675
0 0 3408
0 0 3012
0 0 3158
0 0 3414
0 0 3473
0 0 3435
0 0 2904
0 0 2462
0 0 3260
0 0 2688
0 0 3451
0 0 3482
0 0 2265
0 0 3485
0 0 3434
0 0 3451
0 0 3458
0 0 2266
0 0 3448
0 0 3538
0 0 3460
0 0 3425
0 0 2347
0 0 3214
0 0 3297
0 0 3467
0 0 3439
0 0 2967
0 0 2213
0 0 3350
0 0 3422
0 0 3485
0 0 3453
0 0 2350
0 0 3083
0 0 3434
0 0 2257
0 0 3434
0 0 2799
0 0 3347
0 0 3806
0 0 3357
0 0 3472
0 0 2658
0 0 3132
0 0 3449
0 0 3472
0 0 3472
0 0 2859
0 0 2922
0 0 3384
0 0 3263
0 0 3399
0 0 3404
0 0 2231
0 0 3379
0 0 3458
0 0 3454
0 0 3404
0 0 2742
0 0 3337
0 0 3443
0 0 3378
0 0 3396
0 0 2298
0 0 3458
0 0 3438
0 0 3392
0 0 3436
0 0 2078
0 0 3020
0 0 2854
0 0 2575
0 0 3310
0 0 3187
0 0 2694
0 0 3265
0 0 3484
0 0 3598
0 0 3426
0 0 2319
0 0 3455
0 0 3370
0 0 3444
0 0 3473
0 0 2435
0 0 3472
0 0 3463
0 0 3384
0 0 4892
0 0 3113
0 0 3404
0 0 3170
0 0 3457
0 0 3460
0 0 3495
0 0 3446
0 0 2132
0 0 3384
0 0 3343
0 0 4946
0 0 3192
0 0 3467
0 0 2934
0 0 3376
0 0 3361
0 0 3433
0 0 3458
0 0 3134
0 0 2985
0 0 3445
0 0 3473
0 0 3299
0 0 3374
0 0 2761
0 0 3439
0 0 2859
0 0 3470
0 0 4349
0 0 3794
0 0 4777
0 0 4867
0 0 4830
0 0 3776
0 0 4852
0 0 3270
0 0 3453
0 0 4013
0 0 4687
0 0 3184
0 0 4707
0 0 4634
0 0 4739
0 0 3412
0 0 4620
0 0 4592
0 0 4684
0 0 3916
0 0 4704
0 0 4691
0 0 4153
0 0 3776
0 0 4510
0 0 4615
0 0 4110
0 0 3356
0 0 4686
0 0 4128
0 0 3368
0 0 3278
0 0 2340
0 0 4147
0 0 4989
0 0 4030
0 0 4838
0 0 3907
0 0 4178
0 0 4727
0 0 3977
0 0 4637
0 0 4864
0 0 4961
0 0 3714
0 0 3323
0 0 3504
0 0 1877
0 0 2176
0 0 2894
0 0 2923
0 0 3335
0 0 3434
0 0 2075
0 0 3249
0 0 3410
0 0 3426
0 0 3412
0 0 2434
0 0 2237
0 0 3245
0 0 2890
0 0 3467
0 0 3389
0 0 4399
0 0 4674
0 0 3680
0 0 4840
0 0 3304
0 0 3448
0 0 3899
0 0 4705
0 0 3791
0 0 4615
0 0 4641
0 0 4519
0 0 3533
0 0 3534
0 0 2881
0 0 3529
0 0 3711
0 0 3628
0 0 4726
0 0 4684
0 0 4728
0 0 3262
0 0 4730
0 0 4366
0 0 4705
0 0 2811
0 0 3330
0 0 3364
0 0 3381
0 0 3242
0 0 3025
0 0 3319
0 0 3294
0 0 3316
0 0 3138
0 0 3144
0 0 4745
0 0 4776
0 0 4523
0 0 3729
0 0 4463
0 0 4109
0 0 4339
0 0 4174
0 0 4693
0 0 4685
0 0 3442
0 0 4213
0 0 4394
0 0 4706
0 0 3562
0 0 4673
0 0 4700
0 0 4790
0 0 2400
0 0 2931
0 0 3036
0 0 2597
0 0 3438
0 0 3358
0 0 2509
0 0 3449
0 0 3398
0 0 3330
0 0 3516
0 0 1710
0 0 2824
0 0 3085
0 0 3143
0 0 3589
0 0 2727
0 0 1792
0 0 2133
0 0 3465
0 0 2768
0 0 3331
0 0 2639
0 0 2731
0 0 3468
0 0 3403
0 0 3412
0 0 3370
0 0 1978
0 0 3452
0 0 3517
0 0 3465
0 0 3168
0 0 1714
0 0 2157
0 0 2930
0 0 2451
0 0 3077
0 0 3419
0 0 2844
0 0 2795
0 0 3642
0 0 3646
0 0 3650
0 0 2578
0 0 3467
0 0 3650
0 0 3045
0 0 3505
0 0 2929
0 0 3584
0 0 3521
0 0 3385
0 0 3458
0 0 2247
0 0 3437
0 0 3382
0 0 3381
0 0 3408
0 0 2446
0 0 3048
0 0 3381
0 0 3360
0 0 3333
0 0 3290
0 0 2585
0 0 3461
0 0 3381
0 0 3345
0 0 3392
0 0 2476
0 0 3308
0 0 3334
0 0 3319
0 0 3124
0 0 2320
0 0 3370
0 0 3364
0 0 3361
0 0 3412
0 0 3108
0 0 2904
0 0 3229
0 0 3384
0 0 2910
0 0 3363
0 0 2987
0 0 3398
0 0 3394
0 0 3248
0 0 3464
0 0 2333
0 0 3450
0 0 3409
0 0 3385
0 0 3415
0 0 2470
0 0 3327
0 0 3400
0 0 2807
0 0 3734
0 0 2805
0 0 3322
0 0 3371
0 0 2702
0 0 3393
0 0 3447
0 0 2935
0 0 3391
0 0 2784
0 0 3435
0 0 3431
0 0 2736
0 0 3463
0 0 3378
0 0 3268
0 0 3367
0 0 2273
0 0 3555
0 0 3380
0 0 3415
0 0 3363
0 0 2648
0 0 3483
0 0 3365
0 0 3463
0 0 3423
0 0 2497
0 0 3240
0 0 3060
0 0 3429
0 0 3316
0 0 2763
0 0 3367
0 0 3293
0 0 3145
0 0 3363
0 0 3192
0 0 2396
0 0 3316
0 0 3299
0 0 3356
0 0 3393
0 0 2488
0 0 3372
0 0 3504
0 0 3690
0 0 3317
0 0 2434
0 0 3395
0 0 3625
0 0 3622
0 0 3412
0 0 3538
0 0 3584
0 0 3576
0 0 3482
0 0 3488
0 0 2908
0 0 3122
0 0 3257
0 0 3377
0 0 3399
0 0 3365
0 0 3336
0 0 3420
0 0 3790
0 0 3744
0 0 3541
0 0 3206
0 0 2677
0 0 3519
0 0 2859
0 0 3355
0 0 3373
0 0 2810
0 0 3167
0 0 3333
0 0 3092
0 0 3372
0 0 2303
0 0 3235
0 0 2502
0 0 1619
0 0 3266
0 0 3360
0 0 2761
0 0 3151
0 0 3309
0 0 2266
0 0 1828
188 0 0
404 0 0
529 0 0
633 0 0
793 0 0
912 0 0
1078 0 0
1241 0 0
1399 0 0
1527 0 0
1695 0 0
1844 0 0
1885 0 0
1885 0 0
1885 0 0
1885 0 0
1885 0 0
1999 0 0
2176 0 0
2359 0 0
2532 0 0
2749 0 0
2996 0 0
3350 0 0
3516 0 0
3674 0 0
3896 0 0
4142 0 0
4353 0 0
4443 0 0
4599 0 0
4739 0 0
4980 0 0
5149 0 0
5346 0 0
5600 0 0
5892 0 0
6116 0 0
6463 0 0
7298 0 0
8376 0 0
9079 0 0
10130 0 0
10285 0 0
10406 0 0
10577 0 0
10804 0 0
11104 0 0
11459 0 0
11734 0 0
12018 0 0
12281 0 0
12605 0 0
12868 0 0
13165 0 0
14276 0 0
16073 0 0
17010 0 0
17220 0 0
17494 0 0
17738 0 0
18073 0 0
18337 0 0
18638 0 0
18958 0 0
19253 0 0
19534 0 0
19896 0 0
20246 0 0
20668 0 0
21009 0 0
21388 0 0
21530 0 0
21743 0 0
21988 0 0
23306 0 0
25096 0 0
25353 0 0
25751 0 0
26125 0 0
26631 0 0
26909 0 0
27217 0 0
27635 0 0
27965 0 0
28286 0 0
28583 0 0
28905 0 0
29208 0 0
29965 0 0
31309 0 0
33058 0 0
33363 0 0
33800 0 0
34196 0 0
34509 0 0
34996 0 0
35367 0 0
35719 0 0
36211 0 0
36704 0 0
37222 0 0
37858 0 0
39520 0 0
41399 0 0
41967 0 0
42266 0 0
42548 0 0
42874 0 0
43404 0 0
43984 0 0
44609 0 0
45369 0 0
46319 0 0
47050 0 0
47771 0 0
48493 0 0
49177 0 0
49893 0 0
50843 0 0
51881 0 0
52793 0 0
53228 0 0
53588 0 0
54258 0 0
55287 0 0
56260 0 0
57488 0 0
58670 0 0
59923 0 0
64791 0 0
70315 0 0
75076 0 0
80115 0 0
86640 0 0
93654 0 0
101264 0 0
108486 0 0
117235 0 0
125206 0 0
135702 0 0
146024 0 0
155892 0 0
162853 0 0
172782 0 0
184819 0 0
193501 0 0
202594 0 0
215075 0 0
226449 0 0
238829 0 0
250607 0 0
262865 0 0
264685 0 0
264685 0 0
264685 0 0
264685 0 0
264685 0 0
274063 0 0
286013 0 0
295354 0 0
306492 0 0
317193 0 0
328146 0 0
340992 0 0
354161 0 0
366719 0 0
377189 0 0
390366 0 0
403825 0 0
416126 0 0
425590 0 0
438657 0 0
452016 0 0
465428 0 0
478259 0 0
488965 0 0
498886 0 0
507603 0 0
517402 0 0
530551 0 0
541420 0 0
551344 0 0
564280 0 0
576813 0 0
584865 0 0
598082 0 0
610532 0 0
623365 0 0
635684 0 0
648024 0 0
661103 0 0
670350 0 0
681007 0 0
690975 0 0
701987 0 0
714507 0 0
723848 0 0
736583 0 0
749026 0 0
758782 0 0
769840 0 0
780698 0 0
791042 0 0
803713 0 0
816726 0 0
827391 0 0
839697 0 0
852680 0 0
862513 0 0
872637 0 0
881111 0 0
891305 0 0
903266 0 0
914226 0 0
924983 0 0
937309 0 0
947419 0 0
959365 0 0
970188 0 0
979132 0 0
989823 0 0
1002139 0 0
1014739 0 0
1023148 0 0
1035191 0 0
1047562 0 0
1060815 0 0
1070919 0 0
1083815 0 0
1092491 0 0
1102578 0 0
1112346 0 0
1121985 0 0
1131739 0 29
1140873 0 56
1150103 0 50
1159066 0 45
1168067 0 44
1177003 0 36
1185283 0 33
1193372 0 16
1200998 0 14
1208941 0 15
1218146 0 12
1227634 0 16
1237066 0 7
1243596 0 13
1252707 0 9
1261714 0 4
1270053 0 11
1279943 0 12
1289495 0 15
1298590 0 13
1308053 0 8
1317019 0 7
1326919 0 4
1336317 0 5
1342775 0 3
1351356 0 3
1360448 0 3
1368244 0 5
1377832 0 1
1385503 0 3
1395159 0 4
1407198 0 43
1419961 0 43
1432448 0 33
1441537 0 33
1452071 0 30
1465270 0 34
1475368 0 16
1487391 0 12
1498025 0 19
1508682 0 18
1519248 0 10
1528592 0 16
1540392 0 9
1550640 0 8
1563634 0 11
1573798 0 10
1581670 0 7
1594119 0 5
1604249 0 7
1614768 0 2
1626926 0 3
1637356 0 6
1647282 0 2
1658270 0 2
1671011 0 6
1681362 0 1
1692256 0 3
1702222 0 0
1712952 0 6
1726165 0 2
1737874 0 1
1751262 0 0
1764202 0 1
1777179 0 2
1788546 0 1
1801577 0 4
1812243 0 0
1822713 0 1
1835247 0 1
1848873 0 0
1861790 0 0
1874141 0 2
1884218 0 1
1896814 0 0
1909316 0 0
1922030 0 1
1934543 0 2
1944432 0 0
1956149 0 0
1967604 0 1
1979231 0 0
1988497 0 0
1999153 0 0
2012293 0 0
2025028 0 1
2034518 0 0
2047411 0 0
2057534 0 0
2067315 0 0
2077657 0 0
2090541 0 0
2103651 0 0
2113255 0 0
2125340 0 0
2138342 0 0
2151094 0 0
2160354 0 0
2173442 0 0
2186434 0 0
2196128 0 0
2208292 0 0
2218453 0 0
2229510 0 0
2239620 0 0
2249706 0 0
2262172 0 0
2274949 0 0
2285061 0 0
2296182 0 0
2308578 0 0
2318871 0 0
2330009 0 0
2342378 0 0
2353086 0 0
2365804 0 0
2375857 0 0
2387727 0 0
2400742 0 0
2412100 0 0
2421918 0 0
2429418 0 0
2439587 0 0
2452105 0 0
2464260 0 0
2474893 0 0
2487897 0 0
2498826 0 0
2511172 0 0
2524153 0 0
2534476 0 0
2547310 0 0
2558050 0 0
2565720 0 0
2577623 0 0
2587101 0 0
2598603 0 0
2609099 0 0
2621621 0 0
2627472 0 0
2637423 0 0
2647149 0 0
2658330 0 0
2667340 0 0
2678864 0 0
2689306 0 0
2697628 0 0
2709339 0 0
2719767 0 0
2730359 0 0
2743031 0 0
2753458 0 0
2763395 0 0
2776438 0 0
2786611 0 0
2799200 0 0
2812064 0 0
2822041 0 0
2834088 0 0
2845247 0 0
2855534 0 0
2866252 0 0
2877373 0 0
2886866 0 0
2899424 0 0
2909210 0 0
2920957 0 0
2932316 0 0
2945013 0 0
2954438 0 0
2963553 0 0
2972990 0 0
2985148 0 0
2995207 0 0
3005054 0 0
3014645 0 0
3024565 0 0
3028355 0 0
3028355 0 0
3028355 0 0
3028355 0 0
3028355 0 0
3028355 0 0
3028355 0 0
3028355 0 0
3028355 0 0
3028355 0 0
3028355 0 0
3028355 0 0
3028355 0 0
3028434 0 0
3029269 0 0
3030016 0 0
3031182 0 0
3032261 0 0
3032955 0 0
3033985 0 0
3035135 0 0
3036544 0 0
3037895 0 0
3039070 0 0
3040101 0 0
3041077 0 0
3042342 0 0
3043307 0 0
3043760 0 0
3047452 0 0
3058061 0 0
3068663 0 0
3080632 0 0
3089223 0 0
3099630 0 0
3110739 0 0
3121236 0 0
3131677 0 0
3142432 0 0
3155274 0 0
3163822 0 0
3174074 0 0
3185677 0 0
3197090 0 0
3206826 0 0
3217080 0 0
3227210 0 0
3239716 0 0
3250387 0 0
3262388 0 0
3272665 0 0
3285196 0 0
3298473 0 0
3308540 0 0
3319587 0 0
3329529 0 0
3340492 0 0
3351349 0 0
3363885 0 0
3374461 0 0
3384786 0 0
3396434 0 0
3408522 0 0
3421565 0 0
3432409 0 0
3441909 0 0
3449471 0 0
3461542 0 0
3471720 0 0
3482082 0 0
3491125 0 0
3503933 0 0
3514083 0 0
3523617 0 0
3536265 0 0
3547347 0 0
3559372 0 0
3570357 0 0
3582701 0 0
3592888 0 0
3603625 0 0
3613598 0 0
3624853 0 0
3635825 0 0
3645789 0 0
3658660 0 0
3666290 0 0
3676526 0 0
3688735 0 0
3699866 0 0
3711782 0 0
3724247 0 0
3733384 0 0
3741821 0 0
3749698 0 0
3759010 0 0
3769357 0 0
3778094 0 0
3786828 0 0
3793692 0 0
3805623 0 0
3815000 0 0
3826408 0 0
3836727 0 0
3848280 0 0
3858330 0 0
3865312 0 0
3875776 0 0
3888426 0 0
3900855 0 0
3911819 0 0
3921165 0 0
3933769 0 0
3945390 0 0
3956104 0 0
3968022 0 0
3979725 0 0
3992454 0 0
4003870 0 0
4017076 0 0
4027493 0 0
4036510 0 0
4047087 0 0
4057291 0 0
4070002 0 0
4082648 0 0
4092448 0 0
4105490 0 0
4118776 0 0
4131805 0 0
4141757 0 0
4153088 0 0
4166199 0 0
4178495 0 0
4191309 0 0
4203162 0 0
4213882 0 0
4226301 0 0
4239509 0 0
4252253 0 0
4264796 0 0
4276622 0 0
4284189 0 0
4296597 0 0
4306771 0 0
4316119 0 0
4327893 0 0
4339891 0 0
4352553 0 0
4359904 0 0
4372245 0 0
4385270 0 0
4395293 0 0
4406755 0 0
4418513 0 0
4427332 0 0
4436839 0 0
4449481 0 0
4461879 0 0
4472900 0 0
4483794 0 0
4494110 0 0
4502807 0 0
4515463 0 0
4526764 0 0
4535183 0 0
4546248 0 0
4556841 0 0
4565819 0 0
4578663 0 0
4589317 0 0
4600622 0 0
4613020 0 0
4624859 0 0
4637653 0 0
4647950 0 0
4660292 0 0
4673126 0 0
4685433 0 0
4696059 0 0
4707359 0 0
4718043 0 0
4726463 0 0
4738071 0 0
4750608 0 0
4761481 0 0
4774429 0 0
4781956 0 0
4794161 0 0
4805892 0 0
4818646 0 0
4831547 0 0
4844748 0 0
4855691 0 0
4865547 0 0
4879127 0 0
4891719 0 0
4904943 0 0
4917847 0 0
4928103 0 0
4938533 0 0
4948444 0 0
4959426 0 0
4969416 0 0
4971897 0 0
4973857 0 0
4977521 0 0
4985567 0 0
4993943 0 0
5004675 0 0
5014924 0 0
5023428 0 0
5032297 0 0
5044299 0 0
5053529 0 0
5063529 0 0
5073028 0 0
5083576 0 0
5092593 0 0
5102041 0 0
5113340 0 0
5124528 0 0
5135842 0 0
5147727 0 0
5160080 0 0
5171170 0 0
5183479 0 0
5194312 0 0
5200882 0 0
5209399 0 0
5220504 0 0
5232620 0 0
5242208 0 0
5253233 0 0
5264830 0 0
5276929 0 0
5287443 0 0
5296967 0 0
5307592 0 0
5319370 0 0
5323321 0 0
5332746 0 0
5340542 0 0
5349360 0 0
5357035 0 0
5366575 0 0
5377054 0 0
5387082 0 0
5393735 0 0
5401725 0 0
5409616 0 0
5419698 0 0
5428519 0 0
5431935 0 0
5439474 0 0
5446637 0 0
5456523 0 0
5464667 0 0
5471644 0 0
5475818 0 0
5477515 0 0
5478675 0 0
5479607 0 0
5480651 0 0
5483500 0 0
5489911 0 0
5498062 0 0
5499989 0 0
5501725 0 0
5503688 0 0
5505712 0 0
5507663 0 0
5509645 0 0
5519837 0 0
5523196 0 0
5525051 0 0
5527173 0 0
5529202 0 0
5530728 0 0
5533343 0 0
5539236 0 0
5544759 0 0
5546418 0 0
5548176 0 0
5549913 0 0
5551472 0 0
5553465 0 0
5555745 0 0
5564703 0 0
5568326 0 0
5570115 0 0
5572085 0 0
5574150 0 0
5575976 0 0
5578193 0 0
5583139 0 0
5591124 0 0
5593295 0 0
5595278 0 0
5596973 0 0
5598791 0 0
5600845 0 0
5603463 0 0
5611947 0 0
5616295 0 0
5617958 0 0
5619823 0 0
5621414 0 0
5623011 0 0
5625598 0 0
5627561 0 0
5636477 0 0
5638642 0 0
5640330 0 0
5642346 0 0
5644060 0 0
5646134 0 0
5649779 0 0
5653425 0 0
5661852 0 0
5664965 0 0
5666703 0 0
5668597 0 0
5670693 0 0
5673055 0 0
5676063 0 0
5682935 0 0
5687581 0 0
5689545 0 0
5691605 0 0
5693610 0 0
5695323 0 0
5698161 0 0
5703179 0 0
5709589 0 0
5712252 0 0
5714054 0 0
5716030 0 0
5717725 0 0
5720758 0 0
5724007 0 0
5730152 0 0
5737452 0 0
5739536 0 0
5740912 0 0
5742731 0 0
5744307 0 0
5746071 0 0
5749344 0 0
5755611 0 0
5761014 0 0
5763016 0 0
5764298 0 0
5766299 0 0
5768249 0 0
5770020 0 0
5773852 0 0
5780869 0 0
5786642 0 0
5788942 0 0
5790856 0 0
5792641 0 0
5794553 0 0
5796588 0 0
5799429 0 0
5805604 0 0
5810877 0 0
5812784 0 0
5814747 0 0
5816247 0 0
5817918 0 0
5819962 0 0
5823492 0 0
5831407 0 0
5835019 0 0
5836884 0 0
5838670 0 0
5840439 0 0
5842020 0 0
5844889 0 0
5850056 0 0
5856265 0 0
5858316 0 0
5860131 0 0
5861987 0 0
5863507 0 0
5865554 0 0
5869083 0 0
5876774 0 0
5883353 0 0
5886812 0 0
5888440 0 0
5890001 0 0
5891643 0 0
5893270 0 0
5895361 0 0
5898819 0 0
5905731 0 0
5908447 0 0
5910061 0 0
5911486 0 0
5913209 0 0
5914757 0 0
5917378 0 0
5924546 0 0
5929679 0 0
5931362 0 0
5933055 0 0
5934844 0 0
5936620 0 0
5939329 0 0
5942633 0 0
5950648 0 0
5954196 0 0
5955968 0 0
5957767 0 0
5959495 0 0
5961089 0 0
5963332 0 0
5967668 0 0
5977951 0 0
5983114 0 0
5984803 0 0
5986475 0 0
5988215 0 0
5989896 0 0
5991570 0 0
5995696 0 0
6002996 0 0
6008128 0 0
6009754 0 0
6011529 0 0
6013365 0 0
6014998 0 0
6016654 0 0
6020612 0 0
6028304 0 0
6030561 0 0
6032250 0 0
6033983 0 0
6035703 0 0
6037375 0 0
6039658 0 0
6045117 0 0
6051266 0 0
6053080 0 0
6054719 0 0
6056598 0 0
6058286 0 0
6059813 0 0
6061769 0 0
6069221 0 0
6073187 0 0
6074818 0 0
6076408 0 0
6078232 0 0
6079981 0 0
6082051 0 0
6084716 0 0
6094132 0 0
6097387 0 0
6099094 0 0
6100765 0 0
6101757 0 0
6103320 0 0
6105202 0 0
6108847 0 0
6116189 0 0
6118715 0 0
6120282 0 0
6121836 0 0
6123245 0 0
6124475 0 0
6126347 0 0
6131728 0 0
6138499 0 0
6140151 0 0
6141447 0 0
6143313 0 0
6144898 0 0
6146516 0 0
6148908 0 0
6156687 0 0
6160204 0 0
6162026 0 0
6163833 0 0
6165479 0 0
6167063 0 0
6169049 0 0
6172111 0 0
6178832 0 0
6182161 0 0
6184102 0 0
6186025 0 0
6187570 0 0
6188958 0 0
6190855 0 0
6197976 0 0
6202941 0 0
6204906 0 0
6206967 0 0
6208553 0 0
6210141 0 0
6211820 0 0
6213833 0 0
6221968 0 0
6224007 0 0
6225879 0 0
6227628 0 0
6229213 0 0
6230701 0 0
6232730 0 0
6238615 0 0
6243296 0 0
6245253 0 0
6247007 0 0
6248785 0 0
6250289 0 0
6252509 0 0
6256681 0 0
6261833 0 0
6264549 0 0
6266537 0 0
6268524 0 0
6270354 0 0
6272130 0 0
6274152 0 0
6279453 0 0
6282176 0 0
6283739 0 0
6285757 0 0
6287716 0 0
6289407 0 0
6291528 0 0
6293677 0 0
6301273 0 0
6305200 0 0
6306832 0 0
6308367 0 0
6310077 0 0
6311962 0 0
6322150 0 0
6334481 0 0
6341945 0 0
6351558 0 0
6360531 0 0
6370343 0 0
6379946 0 0
6391520 0 0
6401683 0 0
6413924 0 0
6426705 0 0
6438364 0 0
6448783 0 0
6460953 0 0
6473972 0 0
6486310 0 0
6498465 0 0
6508233 0 0
6521028 0 0
6531366 0 0
6544948 0 0
6557819 0 0
6570836 0 0
6581580 0 0
6593680 0 0
6604207 0 0
6615239 0 0
6626587 0 0
6637881 0 0
6648494 0 0
6660239 0 0
6670366 0 0
6682239 0 0
6692244 0 0
6703962 0 0
6714798 0 0
6725511 0 0
6738437 0 0
6747155 0 0
6757402 0 0
6770323 0 0
6781846 1 0
6793431 3 0
6804896 3 0
6816050 3 0
6826568 3 0
6835355 2 0
6845223 3 0
6857005 4 0
6866375 2 0
6875518 2 0
6883798 3 0
6883798 3 0
6883798 3 0
6883798 3 0
6883798 3 0
6883798 4 0
6883798 3 0
6888819 3 0
6901882 3 0
6914625 3 0
6926939 3 0
6937684 4 0
6950658 3 0
6960824 3 0
6972757 4 0
6984992 3 0
6994875 3 0
7004552 4 0
7014935 3 0
7025645 3 0
7034972 3 0
7046106 3 0
7057247 3 0
7067945 3 0
7078022 3 0
7090183 3 0
7102823 4 0
7115057 3 0
7127583 3 0
7137459 3 0
7148653 2 0
7161740 3 0
7172527 3 0
7183828 3 0
7196395 3 0
7208022 3 0
7218955 4 0
7231330 3 0
7241790 3 0
7252765 4 0
7261400 3 0
7272525 3 0
7283479 3 0
7295508 3 0
7304595 3 0
7314483 2 0
7324678 2 0
7335499 3 0
7345557 3 0
7358064 3 0
7367712 3 0
7380014 3 0
7391871 3 0
7402237 3 0
7412308 4 0
7422006 4 0
7433017 3 0
7443226 3 0
7455020 4 0
7465920 3 0
7475708 3 0
7485477 3 0
7497870 3 0
7510960 3 0
7518888 4 0
7527962 3 0
7539806 3 0
7550886 4 0
7562386 3 0
7575070 3 0
7587358 4 0
7598868 3 0
7609742 3 0
7621461 4 0
7632374 2 0
7642755 3 0
7652994 3 0
7662879 3 0
7672830 3 0
7685510 3 0
7693840 4 0
7704126 3 0
7716569 3 0
7725703 3 0
7737219 4 0
7746738 3 0
7757520 3 0
7769125 4 0
7779542 3 0
7789187 3 0
7798643 4 0
7808322 3 0
7818266 3 0
7831136 3 0
7841092 4 0
7853329 3 0
7862974 3 0
7873312 4 0
7884167 3 0
7894947 3 0
7907009 3 0
7915421 3 0
7923533 4 0
7933336 3 0
7941229 3 0
7951827 3 0
7962365 3 0
7971789 3 0
7982154 4 0
7990369 3 0
7999842 3 0
8011570 4 0
8021566 3 0
8031054 4 0
8043078 3 0
8056006 3 0
8068083 3 0
8079133 3 0
8088319 4 0
8099294 3 0
8109866 2 0
8119613 3 0
8129630 3 0
8139127 3 0
8149681 3 0
8158579 3 0
8167553 2 0
8176928 3 0
8187576 3 0
8195655 3 0
8206608 3 0
8219143 3 0
8231559 3 0
8241115 2 0
8251637 4 0
8260978 2 0
8270972 3 0
8283499 3 0
8293353 4 0
8302876 3 0
8313919 3 0
8323878 3 0
8333838 3 0
8342168 3 0
8354794 4 0
8367684 3 0
8377320 3 0
8389950 3 0
8400327 4 0
8412057 3 0
8425047 4 0
8434890 3 0
8443338 3 0
8453221 2 0
8465049 3 0
8477355 4 0
8487206 3 0
8500300 4 0
8512817 3 0
8525166 4 0
8536196 3 0
8546699 4 0
8559179 4 0
8572076 3 0
8585115 4 0
8598284 3 0
8610913 3 0
8623414 4 0
8629657 3 0
8641544 3 0
8650411 3 0
8662306 3 0
8675599 3 0
8688754 3 0
8698611 3 0
8710731 3 0
8722958 3 0
8732626 3 0
8742838 4 0
8750703 3 0
8760218 3 0
8770688 4 0
8782907 3 0
8795000 3 0
8804289 4 0
8816994 2 0
8824944 3 0
8835074 4 0
8844339 3 0
8852082 3 0
8863134 3 0
8875357 3 0
8884319 3 0
8893423 3 0
8903605 3 0
8915496 4 0
8925406 3 0
8934432 3 0
8947039 3 0
8956581 3 0
8967776 3 0
8977164 3 0
8990106 3 0
9002824 4 0
9015618 3 0
9028169 3 0
9037136 3 0
9046997 3 0
9059016 3 0
9068115 3 0
9077749 4 0
9087959 3 0
9100217 3 0
9108763 2 0
9117297 3 0
9127318 2 0
9139790 4 0
9152387 3 0
9163792 3 0
9173628 3 0
9185970 3 0
9195824 4 0
9207677 3 0
9218190 3 0
9230290 3 0
9239907 4 0
9252558 3 0
9264850 4 0
9272601 2 0
9284966 3 0
9298235 4 0
9305151 2 0
9316881 4 0
9326994 2 0
9339241 4 0
9350197 2 0
9359250 3 0
9370386 4 0
9383246 3 0
9396553 3 0
9406045 3 0
9418776 4 0
9426857 3 0
9437876 4 0
9450325 3 0
9461363 3 0
9473339 4 0
9485309 3 0
9496467 3 0
9505334 4 0
9517890 4 0
9528841 3 0
9535620 3 0
9545291 4 0
9555623 3 0
9565171 2 0
9576383 3 0
9588890 3 0
9599328 4 0
9611910 3 0
9624168 3 0
9632993 3 0
9641960 4 0
9649777 3 0
9658559 3 0
9664836 2 0
9677512 4 0
9686804 3 0
9697402 4 0
9706492 3 0
9714189 4 0
9723129 3 0
9735199 3 0
9745009 3 0
9753624 2 0
9762916 3 0
9775503 4 0
9785734 3 0
9798556 3 0
9809797 3 0
9817176 3 0
9826588 4 0
9833886 3 0
9845147 4 0
9854826 3 0
9865168 3 0
9877620 4 0
9886932 4 0
9894152 4 0
9903060 2 0
9911982 4 0
9920243 2 0
9929319 2 0
9938708 2 0
9951104 4 0
9960773 2 0
9972894 3 0
9985630 4 0
9998203 3 0
10011004 3 0
10018250 3 0
10028847 3 0
10041521 3 0
10050011 4 0
10061989 3 0
10074457 3 0
10086513 3 0
10096997 4 0
10106740 3 0
10114725 3 0
10125443 4 0
10136381 2 0
10146203 3 0
10155583 3 0
10166121 2 0
10175323 3 0
10185902 3 0
10196498 3 0
10209229 3 0
10218853 3 0
10230759 3 0
10239956 4 0
10250919 3 0
10262723 3 0
10273081 3 0
10283068 4 0
10292757 3 0
10305488 3 0
10318205 4 0
10328130 3 0
10337468 3 0
10348173 4 0
10358650 3 0
10370866 3 0
10381039 3 0
10391836 4 0
10401438 3 0
10411415 4 0
10420879 3 0
10432226 3 0
10444956 3 0
10453636 3 0
10462194 4 0
10471600 4 0
10484114 3 0
10496182 3 0
10505574 4 0
10517462 3 0
10530065 4 0
10539885 3 0
10551884 4 0
10561309 3 0
10571200 2 0
10581064 3 0
10593022 3 0
10605194 3 0
10617197 3 0
10626480 4 0
10638358 3 0
10648327 3 0
10659235 3 0
10669346 3 0
10678690 4 0
10688479 3 0
10698423 3 0
10710092 4 0
10721028 3 0
10733571 4 0
10746219 3 0
10759149 4 0
10768261 3 0
10777015 3 0
10785157 3 0
10795344 3 0
10805383 3 0
10815589 3 0
10827882 3 0
10837866 3 0
10847147 3 0
10859332 3 0
10871840 3 0
10884506 3 0
10897000 3 0
10909272 4 0
10921049 3 0
10930082 2 0
10941530 3 0
10954392 4 0
10963728 3 0
10974983 3 0
10984707 4 0
10994399 3 0
11001963 3 0
11014686 3 0
11021705 4 0
11031855 3 0
11042901 3 0
11053834 5 0
11064731 3 0
11074719 3 0
11084122 3 0
11094330 3 0
11102868 3 0
11114278 4 0
11121661 2 0
11134486 3 0
11144522 3 0
11157111 3 0
11166947 4 0
11177759 3 0
11187119 3 0
11196313 3 0
11205328 4 0
11213943 3 0
11224249 3 0
11233873 3 0
11244037 3 0
11256436 3 0
11265792 4 0
11278083 3 0
11290129 3 0
11299652 3 0
11310192 3 0
11317515 4 0
11329548 3 0
11340293 3 0
11348870 3 0
11359938 4 0
11368833 3 0
11380626 3 0
11390255 2 0
11401218 3 0
11410710 3 0
11419225 3 0
11427668 3 0
11439840 3 0
11452313 4 0
11462407 3 0
11473543 3 0
11484435 4 0
11493906 3 0
11506715 3 0
11519771 3 0
11529947 3 0
11538606 4 0
11551135 3 0
11561168 3 0
11573741 3 0
11582906 4 0
11592273 2 0
11599885 4 0
11609782 2 0
11618650 2 0
11629162 3 0
11638927 3 0
11648749 3 0
11659561 4 0
11671668 3 0
11679786 3 0
11692332 4 0
11700233 3 0
11711651 3 0
11720067 3 0
11732331 4 0
11743882 3 0
11754245 3 0
11766748 4 0
11776900 3 0
11788855 3 0
11795973 4 0
11803094 3 0
11811971 3 0
11821875 3 0
11833916 3 0
11845615 3 0
11855252 3 0
11863924 3 0
11874430 4 0
11886483 3 0
11898879 3 0
11907519 3 0
11917133 4 0
11928177 3 0
11936709 3 0
11947680 3 0
11959977 3 0
11969417 4 0
11977615 3 0
11986370 3 0
11999383 3 0
12011775 3 0
12021556 4 0
12033401 3 0
12045627 3 0
12057688 3 0
12067038 3 0
12079350 4 0
12091326 3 0
12103825 3 0
12116083 3 0
12128551 3 0
12140660 3 0
12153387 4 0
12166214 4 0
12178710 3 0
12190252 3 0
12202348 4 0
12214646 3 0
12226699 3 0
12239332 4 0
12252082 3 0
12264586 4 0
12276724 3 0
12286845 3 0
12299516 3 0
12310305 4 0
12322785 3 0
12335080 3 0
12347685 4 0
12360223 3 0
12372599 4 0
12384923 3 0
12397170 4 0
12409743 3 0
12422131 3 0
12434376 4 0
12447001 3 0
12459555 4 0
12471806 5 0
12483909 5 0
12496523 5 0
12507140 6 0
12519587 5 0
12528054 4 0
12539004 6 0
12551790 5 0
12560565 6 0
12572474 5 0
12583669 6 0
12595921 5 0
12605120 6 0
12617889 5 0
12630819 6 0
12642878 5 0
12655147 6 0
12668055 5 0
12681201 5 0
12694320 6 0
12707008 5 0
12719060 6 0
12731650 5 0
12743186 7 0
12754146 6 0
12766149 5 0
12778797 5 0
12791713 6 0
12804260 5 0
12816030 6 0
12828105 5 0
12839247 5 0
12851930 5 0
12864806 5 0
12876846 5 0
12889470 6 0
12902458 5 0
12911504 5 0
12922881 5 0
12934573 5 0
12944829 5 0
12957525 4 0
12967161 4 0
12979184 5 0
12990999 5 0
13003570 5 0
13015963 5 0
13027095 5 0
13039242 4 0
13051341 6 0
13063860 5 0
13076009 5 0
13088037 6 0
13099910 5 0
13110536 4 0
13122702 6 0
13134959 5 0
13147625 5 0
13159021 6 0
13170142 5 0
13182363 5 0
13194822 6 0
13206979 5 0
13219518 5 0
13232017 6 0
13244449 5 0
13255627 6 0
13265033 4 0
13273044 4 0
13285747 4 0
13294774 6 0
13306853 4 0
13319363 5 0
13332524 6 0
13344534 4 0
13357217 5 0
13369977 6 0
13383028 6 0
13395177 5 0
13407487 5 0
13419868 6 0
13432334 6 0
13444834 4 0
13457254 6 0
13469403 6 0
13481754 6 0
13494158 6 0
13505809 5 0
13517963 6 0
13530558 6 0
13542955 5 0
13555223 5 0
13567487 6 0
13580226 5 0
13592438 5 0
13605127 5 0
13617776 3 0
13630726 4 0
13643138 5 0
13655569 6 0
13668308 4 0
13680867 6 0
13692656 6 0
13704813 6 0
13717560 6 0
13730436 5 0
13743684 4 0
13756180 5 0
13768672 6 0
13781758 5 0
13794256 5 0
13806343 5 0
13818049 4 0
13829853 4 0
13841703 5 0
13853978 5 0
13866821 6 0
13879200 5 0
13890836 5 0
13902992 5 0
13915485 4 0
13928257 6 0
13940612 6 0
13953055 5 0
13965251 6 0
13978387 6 0
13990094 6 0
14002663 6 0
14015408 6 0
14027597 6 0
14039941 6 0
14052651 5 0
14064868 6 0
14078103 6 0
14091123 6 0
14100943 6 0
14112789 6 0
14124734 5 0
14136990 6 0
14149287 6 0
14161580 6 0
14173985 6 0
14186234 6 0
14198932 6 0
14211074 5 0
14223845 6 0
14236983 6 0
14250235 5 0
14262251 5 0
14273568 5 0
14285607 6 0
14298211 6 0
14310855 5 0
14323605 5 0
14336525 5 0
14349325 6 0
14361813 7 0
14371909 4 0
14383826 6 0
14396220 6 0
14406579 3 0
14418830 6 0
14431501 6 0
14443667 6 0
14455660 6 0
14468335 6 0
14480326 6 0
14492691 6 0
14505232 6 0
14518380 6 0
14531029 6 0
14542212 6 0
14554531 6 0
14567493 6 0
14580102 6 0
14592168 5 0
14605072 6 0
14617524 6 0
14629909 6 0
14642426 6 0
14649709 6 0
14661892 5 0
14674393 6 0
14686054 6 0
14698488 5 0
14710804 6 0
14723379 6 0
14735538 6 0
14747740 6 0
14759943 6 0
14772424 6 0
14784837 5 0
14796907 6 0
14809488 6 0
14821970 6 0
14833814 6 0
14845904 6 0
14858583 6 0
14871062 6 0
14883067 6 0
14895659 4 0
14908520 4 0
14921371 6 0
14933837 6 0
14946397 6 0
14958671 2 0
14970574 1 0
14983424 2 0
14995302 2 0
15005602 2 0
15017530 2 0
15030289 2 0
15042719 2 0
15054943 1 0
15067363 2 0
15079571 2 0
15092962 2 0
15106039 2 0
15118486 3 0
15131064 2 0
15144264 2 0
15157052 2 0
15169533 2 0
15181998 2 0
15194139 2 0
15207062 2 0
15219239 2 0
15231649 2 0
15243884 2 0
15256483 2 0
15269094 2 0
15281602 2 0
15292054 3 0
15303405 2 0
15315216 2 0
15327813 1 0
15340249 2 0
15352628 2 0
15364831 2 0
15377130 2 0
15389277 3 0
15401758 2 0
15414066 2 0
15426624 2 0
15439070 2 0
15451793 2 0
15463143 3 0
15471875 1 0
15484042 3 0
15497762 2 0
15510637 2 0
15523288 2 0
15536025 2 0
15549024 3 0
15561260 2 0
15572158 2 0
15583829 2 0
15593544 2 0
15605935 2 0
15617991 2 0
15630894 3 0
15643280 2 0
15655255 2 0
15667594 2 0
15679943 2 0
15692185 2 0
15704565 3 0
15716988 2 0
15729492 2 0
15741716 2 0
15754500 3 0
15766977 2 0
15777550 2 0
15789982 3 0
15799906 2 0
15812306 2 0
15825108 2 0
15838490 3 0
15849079 2 0
15862071 2 0
15874853 2 0
15883242 2 0
15894920 3 0
15907330 2 0
15918931 2 0
15931557 2 0
15944527 3 0
15956553 2 0
15965186 2 0
15977898 3 0
15987675 2 0
16000311 2 0
16012569 2 0
16025216 3 0
16037661 2 0
16050061 2 0
16062662 3 0
16074746 2 0
16087391 3 0
16100147 2 0
16112997 2 0
16125542 3 0
16137157 2 0
16149977 3 0
16162130 2 0
16173806 3 0
16186312 2 0
16198623 3 0
16211226 2 0
16223787 3 0
16236299 2 0
16243643 2 0
16253119 3 0
16263382 2 0
16275577 2 0
16287908 3 0
16300414 2 0
16312229 3 0
16324806 2 0
16337132 3 0
16350190 2 0
16363201 3 0
16376402 2 0
16389500 3 0
16402259 2 0
16415381 3 0
16427682 2 0
16439197 3 0
16449189 2 0
16461640 3 0
16473927 2 0
16486163 3 0
16498645 2 0
16510721 3 0
16523484 3 0
16536258 2 0
16546387 3 0
16559412 2 0
16572451 3 0
16585311 3 0
16598003 2 0
16610559 3 0
16623204 2 0
16633172 3 0
16646070 2 0
16656126 2 0
16668200 2 0
16680133 3 0
16689765 2 0
16702489 3 0
16712551 2 0
16724576 2 0
16737152 3 0
16749628 2 0
16761539 3 0
16774132 3 0
16786821 2 0
16799773 3 0
16812497 2 0
16824977 3 0
16838202 3 0
16850828 2 0
16863886 3 0
16876710 2 0
16889955 3 0
16903256 3 0
16916395 2 0
16928195 3 0
16937925 3 0
16950169 3 0
16960551 2 0
16972831 3 0
16985437 3 0
16996769 2 0
17008355 2 0
17017775 1 0
17030720 2 0
17042948 2 0
17054479 1 0
17066885 2 0
17078331 2 0
17090715 1 0
17102829 2 0
17115125 1 0
17126772 2 0
17138984 2 0
17150972 1 0
17162543 2 0
17174379 2 0
17185889 1 0
17197263 2 0
17209019 2 0
17218322 1 0
17226745 2 0
17238119 1 0
17249447 2 0
17259172 1 0
17271187 2 0
17282640 2 0
17292360 1 0
17304606 1 0
17316398 2 0
17328289 2 0
17340401 1 0
17351651 2 0
17363276 2 0
17374749 1 0
17386048 2 0
17395539 1 0
17405635 2 0
17417189 2 0
17428653 1 0
17440548 2 0
17449334 1 0
17460903 2 0
17471679 1 0
17481849 2 0
17493808 2 0
17505179 1 0
17516635 2 0
17528346 2 0
17538182 1 0
17550075 2 0
17559922 1 0
17569062 2 0
17580948 1 0
17590217 2 0
17601671 1 0
17614233 2 0
17623317 1 0
17634938 2 0
17646122 2 0
17657430 1 0
17669513 2 0
17682077 2 0
17693595 1 0
17705762 2 0
17718319 2 0
17728468 1 0
17738693 2 0
17750161 1 0
17759048 2 0
17769544 2 0
17780810 1 0
17791986 2 0
17804601 2 0
17815213 1 0
17823847 2 0
17835835 2 0
17847692 1 0
17859888 2 0
17870843 2 0
17882761 1 0
17894642 2 0
17906803 2 0
17918612 1 0
17928840 2 0
17938630 1 0
17948447 1 0
17960226 2 0
17971970 2 0
17983659 1 0
17995872 2 0
18007929 2 0
18019254 1 0
18027258 2 0
18039258 2 0
18051327 1 0
18063565 2 0
18075455 2 0
18085598 1 0
18098353 2 0
18108107 1 0
18120333 2 0
18130600 2 0
18142979 1 0
18154859 2 0
18167339 2 0
18180078 2 0
18192621 1 0
18205401 2 0
18217758 2 0
18227733 1 0
18237450 1 0
18249600 2 0
18261341 2 0
18273564 2 0
18284029 1 0
18295957 2 0
18306201 1 0
18317591 2 0
18329011 2 0
18339756 1 0
18348207 2 0
18359613 1 0
18369404 2 0
18381349 1 0
18392851 2 0
18404123 2 0
18415424 2 0
18424289 1 0
18436191 2 0
18447418 2 0
18458835 1 0
18468703 2 0
18479833 2 0
18488357 1 0
18500761 2 0
18513151 1 0
18525649 2 0
18537816 2 0
18548300 1 0
18558546 2 0
18570197 2 0
18581911 2 0
18592419 1 0
18604463 2 0
18614721 2 0
18624935 1 0
18637373 2 0
18649653 2 0
18660059 2 0
18666818 1 0
18678804 2 0
18688556 1 0
18699739 2 0
18711012 2 0
18722910 2 0
18733267 1 0
18744690 2 0
18756206 2 0
18767925 2 0
18778196 2 0
18790079 1 0
18801371 1 0
18812785 0 0
18823919 0 0
18835076 0 0
18846607 0 0
18857524 0 0
18869767 0 0
18880646 0 0
18892054 0 0
18902832 0 0
18914215 0 0
18925157 0 0
18937124 0 0
18948466 0 0
18955530 0 0
18967167 0 0
18978335 0 0
18989193 0 0
19001063 0 0
19012586 0 0
19024671 0 0
19036799 0 0
19049242 0 0
19061182 0 0
19072970 0 0
19085129 0 0
19096965 0 0
19108324 0 0
19119998 0 0
19131597 0 0
19143949 0 0
19155906 0 0
19167480 0 0
19177752 0 0
19189364 0 0
19201370 0 0
19213257 0 0
19225098 0 0
19237539 0 0
19249337 0 0
19261515 0 0
19273696 0 0
19286069 0 0
19298449 0 0
19310882 0 0
19323138 0 0
19334362 0 0
19346308 0 0
19358717 0 0
19371390 0 0
19383707 0 0
19396248 0 0
19408501 0 0
19420287 0 0
19430032 0 0
19441618 0 0
19453802 0 0
19466085 0 0
19478324 0 0
19490292 0 0
19501454 0 0
19513557 0 0
19525646 0 0
19535749 0 0
19547359 0 0
19559002 0 0
19571134 0 0
19582961 0 0
19594460 0 0
19606605 0 0
19618507 0 0
19629665 0 0
19642809 0 0
19654636 0 0
19666639 0 0
19678048 0 0
19689032 0 0
19700441 0 0
19712030 0 0
19723269 0 0
19734873 0 0
19745186 0 0
19756283 0 0
19767093 0 0
19778271 0 0
19790060 0 0
19802179 0 0
19813290 0 0
19824515 0 0
19836216 0 0
19847772 0 0
19859038 0 0
19870783 0 0
19882345 0 0
19894594 0 0
19905655 0 0
19917327 0 0
19928354 0 0
19940085 0 0
19951006 0 0
19962510 0 0
19973786 0 0
19985902 0 0
19996900 0 0
20008461 0 0
20019835 0 0
20031185 0 0
20042378 0 0
20052000 0 0
20062737 0 0
20074694 0 0
20086602 0 0
20097995 0 0
20109639 0 0
20121691 0 0
20133664 0 0
20146417 0 0
20158263 0 0
20170556 0 0
20182796 0 0
20193926 0 0
20206058 0 0
20218310 0 0
20230390 0 0
20242785 0 0
20254934 0 0
20265172 0 0
20276213 0 0
20288565 0 0
20300245 0 0
20312141 0 0
20324329 0 0
20337170 0 0
20346522 0 0
20357890 0 0
20369898 0 0
20381828 0 0
20393515 0 0
20406140 0 0
20419140 0 0
20431543 0 0
20443551 0 0
20456007 0 0
20465481 0 0
20476915 0 0
20488825 0 0
20500947 0 0
20512665 0 0
20524613 0 0
20536572 0 0
20548648 0 0
20561114 0 0
20573047 0 0
20585311 0 0
20597576 0 0
20609587 0 0
20620164 0 0
20632586 0 0
20644263 0 0
20656168 0 0
20668390 0 0
20680453 0 0
20689999 0 0
20701037 0 0
20713029 0 0
20724924 0 0
20736995 0 0
20748866 0 0
20760810 0 0
20772991 0 0
20785062 0 0
20797347 0 0
20809536 0 0
20821801 0 0
20834311 0 0
20846225 0 0
20858438 0 0
20870051 0 0
20882609 0 0
20894422 0 0
20906698 0 0
20917910 0 0
20930470 0 0
20942556 0 0
20954348 0 0
20966431 0 0
20978868 0 0
20991323 0 0
21000898 0 0
21012133 0 0
21023821 0 0
21036072 0 0
21048684 0 0
21060841 0 0
21072911 0 0
21085242 0 0
21097911 0 0
21111187 0 0
21123348 0 0
21135461 0 0
21147699 0 0
21159906 0 0
21172058 0 0
21184628 0 0
21196777 0 0
21207967 0 0
21219932 0 0
21232151 0 0
21244327 0 0
21256620 0 0
21269034 0 0
21282304 0 0
21294721 0 0
21306871 0 0
21314474 0 0
21326414 0 0
21338189 0 0
21350262 0 0
21362331 0 0
21374243 0 0
21386659 0 0
21398612 0 0
21411076 0 0
21423511 0 0
21435349 0 0
21447383 0 0
21459719 0 0
21471500 0 0
21483478 0 0
21495718 0 0
21507975 0 0
21519840 0 0
21531621 0 0
21543806 0 0
21555735 0 0
21568050 0 0
21580214 0 0
21592314 0 0
21605714 0 0
21618382 0 0
21631153 0 0
21639705 0 0
21651462 0 0
21663215 0 0
21675147 0 0
21687324 0 0
21699442 0 0
21711888 0 0
21723843 0 0
21736312 0 0
21748799 0 0
21761134 0 0
21774104 0 0
21786282 0 0
21798666 0 0
21809923 0 0
21822360 0 0
21834870 0 0
21847492 0 0
21859267 0 0
21871758 0 0
21884561 0 0
21895634 0 0
21907722 0 0
21919716 0 0
21931741 0 0
21944381 0 0
21956507 0 0
21965950 0 0
21977232 0 0
21988962 0 0
22001143 0 0
22014158 0 0
22027090 0 0
22038508 0 0
22050567 0 0
22062407 0 0
22073756 0 0
22085520 0 0
22097762 0 0
22109950 0 0
22122293 0 0
22135054 0 0
22147289 0 0
22159205 0 0
22171245 0 0
22182809 0 0
22194869 0 0
22207206 0 0
22219418 0 0
22231447 0 0
22242764 0 0
22254751 0 0
22267127 0 0
22279475 0 0
22286874 0 0
22298154 0 0
22310176 0 0
22322060 0 0
22332957 0 0
22345051 0 0
22356271 0 0
22368691 0 0
22381156 0 0
22393000 0 0
22405365 0 0
22416737 0 0
22428809 0 0
22441130 0 0
22453408 0 0
22466027 0 0
22478468 0 0
22490852 0 0
22501680 0 0
22513492 0 0
22525440 0 0
22537635 0 0
22550160 0 0
22562578 0 0
22575100 0 0
22586091 0 0
22599373 0 0
22611973 0 0
22623715 0 0
22634617 0 0
22646270 0 0
22658493 0 0
22669702 0 0
22681987 0 0
22694104 0 0
22706131 0 0
22718833 0 0
22731119 0 0
22743396 0 0
22754501 0 0
22766781 0 0
22778777 0 0
22790721 0 0
22803106 0 0
22815292 0 0
22827470 0 0
22838720 0 0
22851932 0 0
22863928 0 0
22876661 0 0
22889228 0 0
22901872 0 0
22914611 0 0
22925380 0 0
22937459 0 0
22949838 0 0
22961339 0 0
22972246 0 0
22984008 0 0
22996112 0 0
23008909 0 0
23021591 0 0
23034442 0 0
23046469 0 0
23058251 0 0
23070131 0 0
23082167 0 0
23094353 0 0
23105036 0 0
23117235 0 0
23129592 0 0
23141944 0 0
23154385 0 0
23166629 0 0
23178655 0 0
23189555 0 0
23201220 0 0
23214051 0 0
23225955 0 0
23237910 0 0
23250096 0 0
23262475 0 0
23273321 0 0
23285820 0 0
23295635 0 0
23307300 0 0
23319409 0 0
23331667 0 0
23343951 0 0
23354648 0 0
23366419 0 0
23378548 0 0
23390619 0 0
23403207 0 0
23415706 0 0
23428077 0 0
23438825 0 0
23451338 0 0
23464288 0 0
23476395 0 0
23489252 0 0
23502817 0 0
23516251 0 0
23527929 0 0
23540547 0 0
23552808 0 0
23565580 0 0
23578287 0 0
23590742 0 0
23602921 0 0
23610692 0 0
23623192 0 0
23633014 0 0
23644721 0 0
23656566 0 0
23668724 0 0
23680762 0 0
23693072 0 0
23703345 0 0
23715496 0 0
23727597 0 0
23739873 0 0
23752823 0 0
23764944 0 0
23777240 0 0
23788258 0 0
23800405 0 0
23813147 0 0
23826248 0 0
23838606 0 0
23850858 0 0
23863045 0 0
23873201 0 0
23885847 0 0
23898907 0 0
23911345 0 0
23923693 0 0
23936164 0 0
23948443 0 0
23957912 0 0
23970269 0 0
23982230 0 0
23994317 0 0
24006230 0 0
24018068 0 0
24029942 0 0
24041833 0 0
24053928 0 0
24065802 0 0
24077471 0 0
24090371 0 0
24102736 0 0
24114885 0 0
24125203 0 0
24137605 0 0
24149641 0 0
24161802 0 0
24174230 0 0
24185960 0 0
24198320 0 0
24208759 0 0
24220779 0 0
24232868 0 0
24245200 0 0
24257217 0 0
24269309 0 0
24281650 0 0
24289008 0 0
24299040 0 0
24310986 0 0
24322928 0 0
24335197 0 0
24346967 0 0
24358978 0 0
24370906 0 0
24381525 0 0
24393307 0 0
24405493 0 0
24417668 0 0
24430370 0 0
24443072 0 0
24455104 0 0
24466170 0 0
24478824 0 0
24490359 0 0
24502607 0 0
24514495 0 0
24526835 0 0
24537322 0 0
24549361 0 0
24560252 0 0
24573050 0 0
24585294 0 0
24597677 0 0
24609804 0 0
24621746 0 0
24633896 0 0
24644913 0 0
24657661 0 0
24670127 0 0
24681501 0 0
24693303 0 0
24704258 0 0
24716255 0 0
24727913 0 0
24739986 0 0
24752277 0 0
24764159 0 0
24775929 0 0
24787911 0 0
24799972 0 0
24810858 0 0
24822930 0 0
24835107 0 0
24847565 0 0
24860058 0 0
24872144 0 0
24884488 0 0
24896134 0 0
24908425 0 0
24920921 0 0
24933005 0 0
24945172 0 0
24957053 0 0
24969612 0 0
24982191 0 0
24994436 0 0
25006829 0 0
25018892 0 0
25031183 0 0
25043627 0 0
25053798 0 0
25064549 0 0
25075798 0 0
25087848 0 0
25099924 0 0
25111727 0 0
25123816 0 0
25135568 0 0
25147470 0 0
25158627 0 0
25170519 0 0
25182901 0 0
25194966 0 0
25207141 0 0
25218987 0 0
25231774 0 0
25243663 0 0
25256013 0 0
25268217 0 0
25281668 0 0
25293977 0 0
25305559 0 0
25317719 0 0
25328868 0 0
25340944 0 0
25353049 0 0
25365474 0 0
25375133 0 0
25387609 0 0
25399655 0 0
25409476 0 0
25421557 0 0
25433774 0 0
25445087 0 0
25457938 0 0
25469906 0 0
25481932 0 0
25493052 0 0
25504912 0 0
25517322 0 0
25529511 0 0
25541451 0 0
25553610 0 0
25565913 0 0
25577477 0 0
25588689 0 0
25600889 0 0
25613214 0 0
25625167 0 0
25636903 0 0
25648976 0 0
25661156 0 0
25672444 0 0
25684410 0 0
25696118 0 0
25708156 0 0
25720505 0 0
25732581 0 0
25744611 0 0
25755680 0 0
25767765 0 0
25780085 0 0
25792110 0 0
25804159 0 0
25817010 0 0
25829039 0 0
25839672 0 0
25852135 0 0
25864057 0 0
25876097 0 0
25887840 0 0
25900103 0 0
25912914 0 0
25920594 0 0
25920594 0 0
25920594 0 0
25920594 0 0
