50 GB
0
0
0
0
0
1.6
4.8
9.6
12.8
17.6
22.4
27.2
30.4
35.2
40
44.8
49.6
54.4
57.6
62.4
67.2
72
76.8
80
84.8
88
89.6
89.6
89.6
89.6
88
88
88
88
86.4
86.4
86.4
86.4
88
86.4
86.4
86.4
86.4
86.4
86.4
86.4
86.4
84.8
86.4
86.4
88
86.4
88
88
89.6
88
88
88
88
88
88
88
88
88
88
88
88
89.6
88
88
88
89.6
89.6
88
88
89.6
89.6
89.6
89.6
89.6
89.6
89.6
89.6
89.6
89.6
89.6
89.6
88
89.6
89.6
89.6
88
88
89.6
89.6
88
88
88
88
88
88
88
88
88
88
88
88
89.6
88
88
88
89.6
88
88
88
89.6
88
88
88
89.6
88
88
88
89.6
88
88
88
88
88
88
88
88
88
88
88
88
88
88
88
88
89.6
88
88
88
89.6
89.6
88
88
89.6
89.6
89.6
88
89.6
89.6
89.6
89.6
89.6
89.6
89.6
89.6
86.4
88
88
88
88
86.4
88
88
88
86.4
86.4
88
88
88
86.4
86.4
88
88
88
86.4
89.6
89.6
89.6
89.6
88
89.6
89.6
89.6
89.6
89.6
89.6
89.6
89.6
89.6
89.6
89.6
89.6
89.6
89.6
89.6
89.6
89.6
89.6
88
89.6
89.6
89.6
89.6
88
89.6
89.6
89.6
88
88
89.6
89.6
88
88
88
89.6
89.6
88
88
89.6
88
88
88
88
89.6
88
88
88
89.6
89.6
88
88
89.6
89.6
89.6
88
88
88
88
88
89.6
89.6
88
88
88
89.6
88
88
88
88
89.6
88
88
88
88
88
88
89.6
88
88
88
88
88
88
88
88
88
88
88
88
86.4
88
88
88
86.4
88
88
86.4
88
88
88
86.4
88
88
88
86.4
88
88
88
88
88
88
88
86.4
88
88
88
88
88
88
88
88
88
88
88
88
88
88
88
86.4
88
88
88
88
88
88
86.4
88
88
88
86.4
88
88
88
86.4
88
88
88
86.4
88
88
88
86.4
88
88
88
88
88
88
86.4
88
88
86.4
86.4
88
86.4
86.4
86.4
88
86.4
86.4
86.4
86.4
86.4
84.8
84.8
86.4
84.8
84.8
86.4
84.8
84.8
86.4
84.8
84.8
84.8
84.8
84.8
84.8
84.8
84.8
83.2
84.8
84.8
86.4
84.8
84.8
86.4
84.8
84.8
86.4
84.8
84.8
86.4
86.4
86.4
86.4
86.4
84.8
86.4
86.4
86.4
86.4
86.4
84.8
86.4
84.8
84.8
86.4
84.8
84.8
86.4
86.4
86.4
84.8
86.4
86.4
86.4
88
86.4
86.4
88
88
86.4
88
88
88
88
88
89.6
89.6
88
88
88
89.6
88
88
88
88
88
88
88
88
88
88
88
89.6
89.6
88
88
88
89.6
88
88
88
89.6
88
88
88
89.6
88
88
88
89.6
88
88
88
88
89.6
89.6
88
88
89.6
88
88
88
89.6
89.6
88
88
89.6
89.6
89.6
88
89.6
89.6
89.6
88
88
88
89.6
89.6
88
89.6
89.6
89.6
88
88
89.6
89.6
89.6
88
88
89.6
89.6
88
88
89.6
89.6
89.6
88
88
89.6
89.6
88
88
89.6
89.6
89.6
88
88
89.6
89.6
88
88
89.6
88
88
88
88
89.6
88
88
88
88
88
88
88
88
88
88
88
88
88
88
88
89.6
88
88
88
88
88
88
88
89.6
88
88
88
88
88
88
88
88
88
88
88
88
89.6
88
88
88
89.6
89.6
88
88
89.6
89.6
88
88
89.6
89.6
88
88
89.6
89.6
88
88
88
89.6
88
88
88
88
89.6
88
88
88
88
88
88
86.4
88
88
86.4
86.4
88
88
88
88
88
88
88
88
88
88
88
88
89.6
89.6
88
89.6
89.6
89.6
89.6
89.6
89.6
89.6
89.6
88
89.6
89.6
89.6
89.6
88
89.6
89.6
89.6
88
88
89.6
89.6
89.6
88
89.6
89.6
89.6
89.6
88
89.6
89.6
89.6
88
88
89.6
88
88
88
89.6
89.6
88
88
88
89.6
89.6
88
88
88
89.6
88
88
88
89.6
88
88
89.6
89.6
88
88
88
89.6
89.6
88
88
88
89.6
88
88
88
89.6
89.6
88
88
89.6
89.6
88
88
89.6
89.6
88
88
88
89.6
89.6
88
88
89.6
89.6
89.6
88
88
89.6
89.6
88
88
89.6
89.6
89.6
88
89.6
89.6
89.6
89.6
88
89.6
89.6
89.6
89.6
88
89.6
89.6
88
88
89.6
89.6
88
88
88
89.6
88
88
88
88
89.6
89.6
88
88
88
89.6
89.6
88
89.6
89.6
89.6
88
89.6
89.6
89.6
88
89.6
89.6
89.6
88
88
88
89.6
89.6
88
88
88
89.6
88
88
88
89.6
88
88
88
89.6
89.6
88
88
89.6
89.6
89.6
88
88
89.6
89.6
88
88
89.6
89.6
89.6
88
89.6
89.6
89.6
88
88
89.6
89.6
88
88
88
89.6
88
88
88
89.6
88
88
88
88
89.6
88
88
88
89.6
88
88
88
89.6
88
88
88
89.6
88
88
88
88
88
88
88
88
88
88
88
88
89.6
88
88
88
89.6
88
88
88
88
88
88
89.6
88
88
88
88
88
88
88
88
86.4
88
88
88
86.4
88
88
88
88
88
88
88
88
88
88
86.4
88
88
88
88
88
88
88
88
89.6
88
88
88
89.6
88
88
88
89.6
88
88
89.6
89.6
88
88
88
89.6
88
88
88
88
88
88
88
88
88
88
88
88
88
88
88
88
89.6
88
88
88
89.6
88
88
86.4
88
88
86.4
86.4
88
88
86.4
86.4
88
88
86.4
86.4
86.4
88
88
86.4
86.4
86.4
86.4
88
88
86.4
88
88
86.4
86.4
88
86.4
86.4
86.4
88
86.4
86.4
86.4
86.4
88
86.4
88
86.4
86.4
86.4
88
88
86.4
88
86.4
86.4
88
88
88
86.4
88
88
86.4
84.8
84.8
86.4
84.8
86.4
86.4
84.8
84.8
84.8
84.8
84.8
86.4
86.4
84.8
84.8
84.8
86.4
84.8
84.8
86.4
86.4
86.4
84.8
86.4
86.4
84.8
86.4
84.8
84.8
86.4
84.8
84.8
84.8
84.8
84.8
83.2
83.2
84.8
84.8
83.2
84.8
83.2
84.8
84.8
84.8
84.8
84.8
84.8
84.8
83.2
81.6
76.8
72
68.8
64
60.8
56
51.2
46.4
43.2
38.4
35.2
30.4
25.6
24
25.6
24
25.6
25.6
25.6
28.8
35.2
40
44.8
49.6
52.8
57.6
62.4
67.2
73.6
80
84.8
89.6
94.4
97.6
96
97.6
96
96
97.6
96
94.4
92.8
92.8
91.2
92.8
92.8
92.8
91.2
89.6
88
88
88
88
84.8
88
88
91.2
89.6
91.2
92.8
92.8
96
94.4
92.8
96
96
94.4
96
97.6
97.6
96
96
97.6
102.4
99.2
100.8
97.6
97.6
96
96
94.4
92.8
94.4
97.6
92.8
92.8
97.6
99.2
96
96
99.2
99.2
99.2
96
96
96
99.2
104
104
105.6
107.2
108.8
107.2
105.6
108.8
108.8
107.2
105.6
108.8
108.8
108.8
107.2
105.6
104
107.2
107.2
104
100.8
102.4
99.2
97.6
96
96
97.6
97.6
97.6
97.6
99.2
99.2
100.8
97.6
99.2
100.8
102.4
100.8
100.8
104
105.6
105.6
108.8
112
115.2
116.8
116.8
116.8
116.8
115.2
113.6
113.6
112
113.6
116.8
115.2
115.2
115.2
113.6
112
110.4
107.2
107.2
107.2
107.2
107.2
105.6
105.6
104
104
107.2
105.6
107.2
107.2
105.6
104
105.6
107.2
107.2
107.2
108.8
110.4
110.4
110.4
107.2
105.6
112
113.6
115.2
115.2
120
123.2
128
134.4
134.4
139.2
144
150.4
150.4
153.6
153.6
158.4
160
158.4
160
163.2
160
156.8
156.8
156.8
148.8
145.6
137.6
136
134.4
136
132.8
128
131.2
131.2
132.8
136
139.2
147.2
148.8
152
156.8
155.2
155.2
155.2
156.8
158.4
168
169.6
174.4
171.2
166.4
163.2
158.4
155.2
152
144
136
128
124.8
118.4
112
113.6
112
112
110.4
108.8
100.8
92.8
88
86.4
88
86.4
88
88
86.4
86.4
86.4
86.4
86.4
88
86.4
86.4
88
88
86.4
86.4
86.4
86.4
86.4
86.4
86.4
86.4
86.4
86.4
88
86.4
88
88
86.4
86.4
88
86.4
86.4
86.4
88
86.4
86.4
88
88
86.4
86.4
88
