2753 0 0 0 0 0 313 0
3712 0 0 0 0 0 0 0
3733 0 0 0 0 0 0 0
3753 0 0 0 0 0 0 0
3644 0 0 0 0 0 0 0
3721 0 0 0 0 0 0 0
3598 0 0 0 0 0 0 0
3636 0 0 0 0 0 0 0
3657 0 0 0 0 0 0 0
3708 0 0 0 0 0 0 0
656 0 0 0 0 0 0 0
3195 0 0 0 0 0 0 0
3846 0 0 0 0 0 0 0
3792 0 0 0 0 0 0 0
3777 0 0 0 0 0 0 0
3839 0 0 0 0 0 0 0
3905 0 0 0 0 0 0 0
3784 0 0 0 0 0 0 0
3761 0 0 0 0 0 0 0
3947 0 0 0 0 0 0 0
3816 0 0 0 0 0 0 0
3884 0 0 0 0 0 0 0
3704 0 0 0 0 0 0 0
3903 0 0 0 0 0 0 0
3860 0 0 0 0 0 0 0
3833 0 0 0 0 0 0 0
3860 0 0 0 0 0 0 0
3788 0 0 0 0 0 0 0
3731 0 0 0 0 0 0 0
3890 0 0 0 0 0 0 0
3742 0 0 0 0 0 0 0
3740 0 0 0 0 0 0 0
3771 0 0 0 0 0 0 0
3681 0 0 0 0 0 0 0
3719 0 0 0 0 0 0 0
3759 0 0 0 0 0 0 0
3714 0 0 0 0 0 0 0
3809 0 0 0 0 0 0 0
3722 0 0 0 0 0 0 0
3937 0 0 0 0 0 0 0
3638 0 0 0 0 0 0 0
3881 0 0 0 0 0 0 0
3850 0 0 0 0 0 0 0
3973 0 0 0 0 0 0 0
3858 0 0 0 0 0 0 0
3939 0 0 0 0 0 0 0
3746 0 0 0 0 0 0 0
3669 0 0 0 0 0 0 0
3636 0 0 0 0 0 0 0
3768 0 0 0 0 0 0 0
3807 0 0 0 0 0 0 0
3765 0 0 0 0 0 0 0
3801 0 0 0 0 0 0 0
3766 0 0 0 0 0 0 0
3816 0 0 0 0 0 0 0
3842 0 0 0 0 0 0 0
3818 0 0 0 0 0 0 0
3807 0 0 0 0 0 0 0
3771 0 0 0 0 0 0 0
3828 0 0 0 0 0 0 0
3843 0 0 0 0 0 0 0
3805 0 0 0 0 0 0 0
3821 0 0 0 0 0 0 0
3697 0 0 0 0 0 0 0
3817 0 0 0 0 0 0 0
3818 0 0 0 0 0 0 0
3870 0 0 0 0 0 0 0
3827 0 0 0 0 0 0 0
3740 0 0 0 0 0 0 0
3833 0 0 0 0 0 0 0
3856 0 0 0 0 0 0 0
3810 0 0 0 0 0 0 0
3822 0 0 0 0 0 0 0
3912 0 0 0 0 0 0 0
3847 0 0 0 0 0 0 0
3735 0 0 0 0 0 0 0
3687 0 0 0 0 0 0 0
3864 0 0 0 0 0 0 0
4304 0 0 0 0 0 0 0
4302 0 0 0 0 0 0 0
4401 0 0 0 0 0 0 0
4449 0 0 0 0 0 0 0
4390 0 0 0 0 0 0 0
4315 0 0 0 0 0 0 0
4245 0 0 0 0 0 0 0
3916 0 0 0 0 0 0 0
3697 0 0 0 0 0 0 0
3938 0 0 0 0 0 0 0
3624 0 0 0 0 0 0 0
3723 0 0 0 0 0 0 0
4077 0 0 0 0 0 0 0
3746 0 0 0 0 0 0 0
3829 0 0 0 0 0 0 0
3786 0 0 0 0 0 0 0
3792 0 0 0 0 0 0 0
4136 0 0 0 0 0 0 0
4411 0 0 0 0 0 0 0
4396 0 0 0 0 0 0 0
4427 0 0 0 0 0 0 0
4484 0 0 0 0 0 0 0
4309 0 0 0 0 0 0 0
4424 0 0 0 0 0 0 0
4429 0 0 0 0 0 0 0
4314 0 0 0 0 0 0 0
4321 0 0 0 0 0 0 0
3963 0 0 0 0 0 0 0
3787 0 0 0 0 0 0 0
3784 0 0 0 0 0 0 0
3792 0 0 0 0 0 0 0
3732 0 0 0 0 0 0 0
3770 0 0 0 0 0 0 0
3957 0 0 0 0 0 0 0
3884 0 0 0 0 0 0 0
3825 0 0 0 0 0 0 0
3682 0 0 0 0 0 0 0
3778 0 0 0 0 0 0 0
3776 0 0 0 0 0 0 0
3995 0 0 0 0 0 0 0
3816 0 0 0 0 0 0 0
3697 0 0 0 0 0 0 0
3751 0 0 0 0 0 0 0
3826 0 0 0 0 0 0 0
3832 0 0 0 0 0 0 0
3838 0 0 0 0 0 0 0
3788 0 0 0 0 0 0 0
3711 0 0 0 0 0 0 0
3831 0 0 0 0 0 0 0
3845 0 0 0 0 0 0 0
3895 0 0 0 0 0 0 0
3925 0 0 0 0 0 0 0
3772 0 0 0 0 0 0 0
3863 0 0 0 0 0 0 0
3780 0 0 0 0 0 0 0
3859 0 0 0 0 0 0 0
3802 0 0 0 0 0 0 0
3896 0 0 0 0 0 0 0
3854 0 0 0 0 0 0 0
3972 0 0 0 0 0 0 0
4340 0 0 0 0 0 0 0
4443 0 0 0 0 0 0 0
4365 0 0 0 0 0 0 0
4236 0 0 0 0 0 0 0
4291 0 0 0 0 0 0 0
4235 0 0 0 0 0 0 0
4441 0 0 0 0 0 0 0
3872 0 0 0 0 0 0 0
3622 0 0 0 0 0 0 0
3774 0 0 0 0 0 0 0
3749 0 0 0 0 0 0 0
3654 0 0 0 0 0 0 0
3667 0 0 0 0 0 0 0
3618 0 0 0 0 0 0 0
3704 0 0 0 0 0 0 0
3719 0 0 0 0 0 0 0
3744 0 0 0 0 0 0 0
3677 0 0 0 0 0 0 0
3764 0 0 0 0 0 0 0
3807 0 0 0 0 0 0 0
3860 0 0 0 0 0 0 0
3745 0 0 0 0 0 0 0
3782 0 0 0 0 0 0 0
3837 0 0 0 0 0 0 0
3781 0 0 0 0 0 0 0
3776 0 0 0 0 0 0 0
3822 0 0 0 0 0 0 0
4355 0 0 0 0 0 0 0
3829 0 0 0 0 0 0 0
3730 0 0 0 0 0 0 0
3788 0 0 0 0 0 0 0
3792 0 0 0 0 0 0 0
3802 0 0 0 0 0 0 0
3792 0 0 0 0 0 0 0
3782 0 0 0 0 0 0 0
3865 0 0 0 0 0 0 0
3878 0 0 0 0 0 0 0
3718 0 0 0 0 0 0 0
3831 0 0 0 0 0 0 0
3778 0 0 0 0 0 0 0
3713 0 0 0 0 0 0 0
3772 0 0 0 0 0 0 0
3732 0 0 0 0 0 0 0
3712 0 0 0 0 0 0 0
3696 0 0 0 0 0 0 0
3707 0 0 0 0 0 0 0
3705 0 0 0 0 0 0 0
3842 0 0 0 0 0 0 0
3858 0 0 0 0 0 0 0
3848 0 0 0 0 0 0 0
3780 0 0 0 0 0 0 0
3813 0 0 0 0 0 0 0
3791 0 0 0 0 0 0 0
3758 0 0 0 0 0 0 0
3831 0 0 0 0 0 0 0
3791 0 0 0 0 0 0 0
3680 0 0 0 0 0 0 0
3823 0 0 0 0 0 0 0
3768 0 0 0 0 0 0 0
3896 0 0 0 0 0 0 0
3710 0 0 0 0 0 0 0
3604 0 0 0 0 0 0 0
3771 0 0 0 0 0 0 0
3857 0 0 0 0 0 0 0
3795 0 0 0 0 0 0 0
3738 0 0 0 0 0 0 0
3645 0 0 0 0 0 0 0
4333 0 0 0 0 0 0 0
4035 0 0 0 0 0 0 0
4126 0 0 0 0 0 0 0
4186 0 0 0 0 0 0 0
3885 0 0 0 0 0 0 0
4328 0 0 0 0 0 0 0
4371 0 0 0 0 0 0 0
4456 0 0 0 0 0 0 0
4322 0 0 0 0 0 0 0
4390 0 0 0 0 0 0 0
3959 0 0 0 0 0 0 0
3779 0 0 0 0 0 0 0
3843 0 0 0 0 0 0 0
3782 0 0 0 0 0 0 0
3770 0 0 0 0 0 0 0
4231 0 0 0 0 0 0 0
3706 0 0 0 0 0 0 0
3759 0 0 0 0 0 0 0
3977 0 0 0 0 0 0 0
3688 0 0 0 0 0 0 0
4169 0 0 0 0 0 0 0
4292 0 0 0 0 0 0 0
4341 0 0 0 0 0 0 0
4261 0 0 0 0 0 0 0
4279 0 0 0 0 0 0 0
4112 0 0 0 0 0 0 0
4103 0 0 0 0 0 0 0
4057 0 0 0 0 0 0 0
4202 0 0 0 0 0 0 0
4028 0 0 0 0 0 0 0
3840 0 0 0 0 0 0 0
3693 0 0 0 0 0 0 0
3630 0 0 0 0 0 0 0
3778 0 0 0 0 0 0 0
3802 0 0 0 0 0 0 0
3940 0 0 0 0 0 0 0
3958 0 0 0 0 0 0 0
4218 0 0 0 0 0 0 0
3772 0 0 0 0 0 0 0
3838 0 0 0 0 0 0 0
3797 0 0 0 0 0 0 0
3765 0 0 0 0 0 0 0
3768 0 0 0 0 0 0 0
3726 0 0 0 0 0 0 0
3869 0 0 0 0 0 0 0
3791 0 0 0 0 0 0 0
3929 0 0 0 0 0 0 0
3788 0 0 0 0 0 0 0
3733 0 0 0 0 0 0 0
3789 0 0 0 0 0 0 0
3703 0 0 0 0 0 0 0
3929 0 0 0 0 0 0 0
3857 0 0 0 0 0 0 0
3678 0 0 0 0 0 0 0
3818 0 0 0 0 0 0 0
3801 0 0 0 0 0 0 0
3687 0 0 0 0 0 0 0
3720 0 0 0 0 0 0 0
3612 0 0 0 0 0 0 0
3767 0 0 0 0 0 0 0
3799 0 0 0 0 0 0 0
3798 0 0 0 0 0 0 0
3848 0 0 0 0 0 0 0
3739 0 0 0 0 0 0 0
3796 0 0 0 0 0 0 0
3770 0 0 0 0 0 0 0
3855 0 0 0 0 0 0 0
3639 0 0 0 0 0 0 0
3630 0 0 0 0 0 0 0
3867 0 0 0 0 0 0 0
3805 0 0 0 0 0 0 0
3831 0 0 0 0 0 0 0
3897 0 0 0 0 0 0 0
3675 0 0 0 0 0 0 0
3714 0 0 0 0 0 0 0
3816 0 0 0 0 0 0 0
3746 0 0 0 0 0 0 0
3695 0 0 0 0 0 0 0
3687 0 0 0 0 0 0 0
3779 0 0 0 0 0 0 0
3905 0 0 0 0 0 0 0
3757 0 0 0 0 0 0 0
3658 0 0 0 0 0 0 0
3638 0 0 0 0 0 0 0
4020 0 0 0 0 0 0 0
3708 0 0 0 0 0 0 0
3694 0 0 0 0 0 0 0
3850 0 0 0 0 0 0 0
3813 0 0 0 0 0 0 0
3612 0 0 0 0 0 0 0
4202 0 0 0 0 0 0 0
4417 0 0 0 0 0 0 0
4343 0 0 0 0 0 0 0
3983 0 0 0 0 0 0 0
4060 0 0 0 0 0 0 0
4164 0 0 0 0 0 0 0
3962 0 0 0 0 0 0 0
4164 0 0 0 0 0 0 0
4073 0 0 0 0 0 0 0
3906 0 0 0 0 0 0 0
4002 0 0 0 0 0 0 0
3923 0 0 0 0 0 0 0
4006 0 0 0 0 0 0 0
3935 0 0 0 0 0 0 0
3882 0 0 0 0 0 0 0
4008 0 0 0 0 0 0 0
4068 1 0 0 0 0 0 0
4381 0 0 0 3862.6 0 0 -518.397
4405 0 0 0 3862.6 0 0 -542.397
4333 0 0 0 3862.6 0 0 -470.397
3830 0 0 0 3862.6 0 0 32.6026
3857 0 0 0 3862.6 0 0 5.60256
3899 0 0 0 3862.6 0 0 -36.3974
3748 0 0 0 3862.6 0 0 114.603
3795 0 0 0 3862.6 0 0 67.6026
3883 0 0 0 3862.6 0 0 -20.3974
3807 0 0 0 3862.6 0 0 55.6026
3922 0 0 0 3862.6 0 0 -59.3974
4367 0 0 0 3862.6 0 0 -504.397
3790 0 0 0 3862.6 0 0 72.6026
3702 0 0 0 3862.6 0 0 160.603
3665 0 0 0 3862.6 0 0 197.603
3695 0 0 0 3862.6 0 0 167.603
3754 0 0 0 3862.6 0 0 108.603
3826 0 0 0 3862.6 0 0 36.6026
3619 0 0 0 3862.6 0 0 243.603
3707 0 0 0 3862.6 0 0 155.603
3747 0 0 0 3862.6 0 0 115.603
3725 0 0 0 3862.6 0 0 137.603
3703 0 0 0 3862.6 0 0 159.603
3682 0 0 0 3862.6 0 0 180.603
3865 0 0 0 3862.6 0 0 -2.39744
3895 0 0 0 3862.6 0 0 -32.3974
3725 0 0 0 3862.6 0 0 137.603
3745 0 0 0 3862.6 0 0 117.603
3772 0 0 0 3862.6 0 0 90.6026
3867 0 0 0 3862.6 0 0 -4.39744
3856 0 0 0 3862.6 0 0 6.60256
3803 0 0 0 3862.6 0 0 59.6026
3610 0 0 0 3862.6 0 0 252.603
4161 0 0 0 3862.6 0 0 -298.397
3985 0 0 0 3862.6 0 0 -122.397
3874 0 0 0 3862.6 0 0 -11.3974
3754 0 0 0 3862.6 0 0 108.603
3856 0 2 0 3862.6 2 0 6.60256
3966 0 5 0 3862.6 3 0 -103.397
4156 0 8 0 3862.6 3 0 -293.397
4191 0 10 0 3862.6 2 0 -328.397
3993 0 13 0 3862.6 3 0 -130.397
4181 0 16 0 3862.6 3 0 -318.397
3943 0 18 0 3862.6 2 0 -80.3974
4341 0 21 0 3862.6 3 0 -478.397
4325 0 24 0 3862.6 3 0 -462.397
4187 0 27 0 3862.6 3 0 -324.397
4258 0 30 0 3862.6 3 0 -395.397
4212 0 33 0 3862.6 3 0 -349.397
4292 0 35 0 3862.6 2 0 -429.397
4200 0 38 0 3862.6 3 0 -337.397
4242 0 41 0 3862.6 3 0 -379.397
4171 0 44 0 3862.6 3 0 -308.397
3877 0 47 0 3862.6 3 0 -14.3974
3688 0 50 0 3862.6 3 0 174.603
3811 0 53 0 3862.6 3 0 51.6026
3752 0 56 0 3862.6 3 0 110.603
3736 0 58 0 3862.6 2 0 126.603
3924 0 61 0 3862.6 3 0 -61.3974
3764 0 64 0 3862.6 3 0 98.6026
3718 0 67 0 3862.6 3 0 144.603
3918 0 70 0 3862.6 3 0 -55.3974
3987 0 73 0 3862.6 3 0 -124.397
4199 0 76 0 3862.6 3 0 -336.397
4262 0 79 0 3862.6 3 0 -399.397
4153 0 81 0 3862.6 2 0 -290.397
4212 0 84 0 3862.6 3 0 -349.397
4216 0 87 0 3862.6 3 0 -353.397
4254 0 90 0 3862.6 3 0 -391.397
4220 0 93 0 3862.6 3 0 -357.397
4063 0 95 0 3862.6 2 0 -200.397
3967 0 98 0 3862.6 3 0 -104.397
4167 0 101 0 3862.6 3 0 -304.397
4015 0 104 0 3862.6 3 0 -152.397
3804 0 106 0 3862.6 2 0 58.6026
3785 0 109 0 3862.6 3 0 77.6026
3707 0 112 0 3862.6 3 0 155.603
3819 0 115 0 3862.6 3 0 43.6026
3964 0 117 0 3862.6 2 0 -101.397
3741 0 120 0 3862.6 3 0 121.603
3625 0 123 0 3862.6 3 0 237.603
3738 0 125 0 3862.6 2 0 124.603
3772 0 128 0 3862.6 3 0 90.6026
3510 0 130 0 3862.6 2 0 352.603
3748 0 133 0 3862.6 3 0 114.603
3744 0 136 0 3862.6 3 0 118.603
3724 0 139 0 3862.6 3 0 138.603
3768 0 142 0 3862.6 3 0 94.6026
3737 0 145 0 3862.6 3 0 125.603
3751 0 147 0 3862.6 2 0 111.603
3624 0 150 0 3862.6 3 0 238.603
3595 0 153 0 3862.6 3 0 267.603
3766 0 156 0 3862.6 3 0 96.6026
3935 0 159 0 3862.6 3 0 -72.3974
3882 0 161 0 3862.6 2 0 -19.3974
3810 0 164 0 3862.6 3 0 52.6026
3736 0 167 0 3862.6 3 0 126.603
3847 0 169 0 3862.6 2 0 15.6026
3834 0 172 0 3862.6 3 0 28.6026
3834 0 175 0 3862.6 3 0 28.6026
3868 0 178 0 3862.6 3 0 -5.39744
4416 0 181 0 3862.6 3 0 -553.397
3636 0 183 0 3862.6 2 0 226.603
4124 0 186 0 3862.6 3 0 -261.397
4271 0 189 0 3862.6 3 0 -408.397
4163 0 192 0 3862.6 3 0 -300.397
4145 0 195 0 3862.6 3 0 -282.397
4240 0 198 0 3862.6 3 0 -377.397
4019 0 200 0 3862.6 2 0 -156.397
4156 0 203 0 3862.6 3 0 -293.397
4052 0 206 0 3862.6 3 0 -189.397
3808 0 209 0 3862.6 3 0 54.6026
4226 0 212 0 3862.6 3 0 -363.397
3876 0 215 0 3862.6 3 0 -13.3974
3776 0 218 0 3862.6 3 0 86.6026
3646 0 221 0 3862.6 3 0 216.603
4481 0 223 0 3862.6 2 0 -618.397
4037 0 226 0 3862.6 3 0 -174.397
3699 0 228 0 3862.6 2 0 163.603
3684 0 231 0 3862.6 3 0 178.603
3777 0 234 0 3862.6 3 0 85.6026
3881 0 237 0 3862.6 3 0 -18.3974
3748 0 240 0 3862.6 3 0 114.603
3811 0 242 0 3862.6 2 0 51.6026
3877 0 245 0 3862.6 3 0 -14.3974
3719 0 248 0 3862.6 3 0 143.603
3821 0 250 0 3862.6 2 0 41.6026
3661 0 253 0 3862.6 3 0 201.603
3641 0 256 0 3862.6 3 0 221.603
3809 0 259 0 3862.6 3 0 53.6026
4423 0 262 0 3862.6 3 0 -560.397
3893 0 264 0 3862.6 2 0 -30.3974
3715 0 267 0 3862.6 3 0 147.603
3759 0 270 0 3862.6 3 0 103.603
3691 0 273 0 3862.6 3 0 171.603
3721 0 276 0 3862.6 3 0 141.603
3765 0 278 0 3862.6 2 0 97.6026
3805 0 281 0 3862.6 3 0 57.6026
3793 0 284 0 3862.6 3 0 69.6026
3672 0 287 0 3862.6 3 0 190.603
4074 0 290 0 3862.6 3 0 -211.397
3750 0 293 0 3862.6 3 0 112.603
3749 0 296 0 3862.6 3 0 113.603
3734 0 299 0 3862.6 3 0 128.603
3779 0 302 0 3862.6 3 0 83.6026
3774 0 305 0 3862.6 3 0 88.6026
3650 0 308 0 3862.6 3 0 212.603
3773 0 311 0 3862.6 3 0 89.6026
3822 0 314 0 3862.6 3 0 40.6026
3894 0 317 0 3862.6 3 0 -31.3974
3671 0 320 0 3862.6 3 0 191.603
3757 0 323 0 3862.6 3 0 105.603
3743 0 326 0 3862.6 3 0 119.603
4014 0 328 0 3862.6 2 0 -151.397
4019 0 331 0 3862.6 3 0 -156.397
4048 0 334 0 3862.6 3 0 -185.397
4152 0 338 0 3862.6 4 0 -289.397
4189 0 341 0 3862.6 3 0 -326.397
4097 0 344 0 3862.6 3 0 -234.397
4136 0 346 0 3862.6 2 0 -273.397
4026 0 350 0 3862.6 4 0 -163.397
4261 0 352 0 3862.6 2 0 -398.397
4003 0 355 0 3862.6 3 0 -140.397
3724 0 358 0 3862.6 3 0 138.603
3792 0 361 0 3862.6 3 0 70.6026
3819 0 364 0 3862.6 3 0 43.6026
3949 0 367 0 3862.6 3 0 -86.3974
3854 0 370 0 3862.6 3 0 8.60256
3765 0 372 0 3862.6 2 0 97.6026
3860 0 373 0 3862.6 1 0 2.60256
3659 0 375 0 3862.6 2 0 203.603
3541 0 377 0 3862.6 2 0 321.603
3678 0 379 0 3862.6 2 0 184.603
3750 0 381 0 3862.6 2 0 112.603
3822 0 382 0 3862.6 1 0 40.6026
3709 0 384 0 3862.6 2 0 153.603
3790 0 385 0 3862.6 1 0 72.6026
4268 0 387 0 3862.6 2 0 -405.397
3847 0 389 0 3862.6 2 0 15.6026
3624 0 391 0 3862.6 2 0 238.603
3602 0 392 0 3862.6 1 0 260.603
3748 0 394 0 3862.6 2 0 114.603
3698 0 396 0 3862.6 2 0 164.603
4408 0 397 0 3862.6 1 0 -545.397
4324 0 399 0 3862.6 2 0 -461.397
4171 0 401 0 3862.6 2 0 -308.397
4230 0 403 0 3862.6 2 0 -367.397
4339 0 405 0 3862.6 2 0 -476.397
4358 0 406 0 3862.6 1 0 -495.397
4248 0 408 0 3862.6 2 0 -385.397
4303 0 410 0 3862.6 2 0 -440.397
4069 0 412 0 3862.6 2 0 -206.397
4147 0 414 0 3862.6 2 0 -284.397
4234 0 416 0 3862.6 2 0 -371.397
3716 0 418 0 3862.6 2 0 146.603
3774 0 419 0 3862.6 1 0 88.6026
4154 0 421 0 3862.6 2 0 -291.397
3869 0 423 0 3862.6 2 0 -6.39744
3763 0 425 0 3862.6 2 0 99.6026
3550 0 427 0 3862.6 2 0 312.603
3676 0 429 0 3862.6 2 0 186.603
3796 0 431 0 3862.6 2 0 66.6026
3874 0 432 0 3862.6 1 0 -11.3974
3754 0 434 0 3862.6 2 0 108.603
3775 0 436 0 3862.6 2 0 87.6026
3813 0 438 0 3862.6 2 0 49.6026
3767 0 440 0 3862.6 2 0 95.6026
3614 0 442 0 3862.6 2 0 248.603
3677 0 444 0 3862.6 2 0 185.603
3676 0 446 0 3862.6 2 0 186.603
3707 0 448 0 3862.6 2 0 155.603
3702 0 450 0 3862.6 2 0 160.603
3761 0 452 0 3862.6 2 0 101.603
3801 0 454 0 3862.6 2 0 61.6026
3948 0 456 0 3862.6 2 0 -85.3974
3752 0 456 1 3862.6 0 0 0
3888 0 456 0 3862.6 0 0 0
3719 0 456 0 3862.6 0 0 0
3693 0 456 0 3862.6 0 0 0
3663 0 456 0 3862.6 0 0 0
3740 0 456 0 3862.6 0 0 0
3775 0 456 0 3862.6 0 0 0
3672 0 456 0 3862.6 0 0 0
4250 0 456 0 3862.6 0 0 0
4419 0 456 0 3862.6 0 0 0
4421 0 456 0 3862.6 0 0 0
4412 0 456 0 3862.6 0 0 0
4367 0 456 0 3862.6 0 0 0
4325 0 456 0 3862.6 0 0 0
4350 0 456 0 3862.6 0 0 0
4425 0 456 0 3862.6 0 0 0
4439 0 456 0 3862.6 0 0 0
4338 0 456 0 3862.6 0 0 0
3926 0 456 0 3862.6 0 0 0
3848 0 456 0 3862.6 0 0 0
3680 0 456 0 3862.6 0 0 0
4013 0 456 0 3862.6 0 0 0
4029 0 456 0 3862.6 0 0 0
3698 0 456 0 3862.6 0 0 0
3749 0 456 0 3862.6 0 0 0
3958 0 456 0 3862.6 0 0 0
3851 0 456 0 3862.6 0 0 0
3768 0 456 0 3862.6 0 0 0
4288 0 456 0 3862.6 0 0 0
4387 0 456 0 3862.6 0 0 0
4334 0 456 0 3862.6 0 0 0
4387 0 456 0 3862.6 0 0 0
4473 0 456 0 3862.6 0 0 0
4424 0 456 0 3862.6 0 0 0
4362 0 456 0 3862.6 0 0 0
4267 0 456 0 3862.6 0 0 0
4378 0 456 0 3862.6 0 0 0
4332 0 456 0 3862.6 0 0 0
3990 0 456 0 3862.6 0 0 0
3703 0 456 0 3862.6 0 0 0
3665 0 456 0 3862.6 0 0 0
3845 0 456 0 3862.6 0 0 0
3927 0 456 0 3862.6 0 0 0
3773 0 456 0 3862.6 0 0 0
3732 0 456 0 3862.6 0 0 0
3806 0 456 0 3862.6 0 0 0
3763 0 456 0 3862.6 0 0 0
3860 0 456 0 3862.6 0 0 0
4198 0 456 0 3862.6 0 0 0
4338 0 456 0 3862.6 0 0 0
4395 0 456 0 3862.6 0 0 0
4332 0 456 0 3862.6 0 0 0
4412 0 456 0 3862.6 0 0 0
4488 0 456 0 3862.6 0 0 0
4429 0 456 0 3862.6 0 0 0
4304 0 456 0 3862.6 0 0 0
4238 0 456 0 3862.6 0 0 0
4430 0 456 0 3862.6 0 0 0
3912 0 456 0 3862.6 0 0 0
3735 0 456 0 3862.6 0 0 0
3695 0 456 0 3862.6 0 0 0
3832 0 456 0 3862.6 0 0 0
3776 0 456 0 3862.6 0 0 0
3708 0 456 0 3862.6 0 0 0
3945 0 456 0 3862.6 0 0 0
4102 0 456 0 3862.6 0 0 0
3864 0 456 0 3862.6 0 0 0
3826 0 456 0 3862.6 0 0 0
3809 0 456 0 3862.6 0 0 0
3766 0 456 0 3862.6 0 0 0
3648 0 456 0 3862.6 0 0 0
3733 0 456 0 3862.6 0 0 0
3665 0 456 0 3862.6 0 0 0
3664 0 456 0 3862.6 0 0 0
3712 0 456 0 3862.6 0 0 0
3727 0 456 0 3862.6 0 0 0
3730 0 456 0 3862.6 0 0 0
3697 0 456 0 3862.6 0 0 0
4326 0 456 0 3862.6 0 0 0
4356 0 456 0 3862.6 0 0 0
4290 0 456 0 3862.6 0 0 0
4241 0 456 0 3862.6 0 0 0
4413 0 456 0 3862.6 0 0 0
4340 0 456 0 3862.6 0 0 0
4325 0 456 0 3862.6 0 0 0
4372 0 456 0 3862.6 0 0 0
3940 0 456 0 3862.6 0 0 0
3992 0 456 0 3862.6 0 0 0
3888 0 456 0 3862.6 0 0 0
3771 0 456 0 3862.6 0 0 0
3732 0 456 0 3862.6 0 0 0
3790 0 456 0 3862.6 0 0 0
3763 0 456 0 3862.6 0 0 0
3840 0 456 0 3862.6 0 0 0
3842 0 456 0 3862.6 0 0 0
3781 0 456 0 3862.6 0 0 0
3879 0 456 0 3862.6 0 0 0
3801 0 456 0 3862.6 0 0 0
3746 0 456 0 3862.6 0 0 0
3715 0 456 0 3862.6 0 0 0
3749 0 456 0 3862.6 0 0 0
3646 0 456 0 3862.6 0 0 0
3734 0 456 0 3862.6 0 0 0
3894 0 456 0 3862.6 0 0 0
3872 0 456 0 3862.6 0 0 0
3778 0 456 0 3862.6 0 0 0
3884 0 456 0 3862.6 0 0 0
3844 0 456 0 3862.6 0 0 0
3980 0 456 0 3862.6 0 0 0
3897 0 456 0 3862.6 0 0 0
3976 0 456 0 3862.6 0 0 0
3907 0 456 0 3862.6 0 0 0
3875 0 456 0 3862.6 0 0 0
3955 0 456 0 3862.6 0 0 0
3887 0 456 0 3862.6 0 0 0
3967 0 456 0 3862.6 0 0 0
3833 0 456 0 3862.6 0 0 0
3944 0 456 0 3862.6 0 0 0
3903 0 456 0 3862.6 0 0 0
3808 0 456 0 3862.6 0 0 0
3811 0 456 0 3862.6 0 0 0
3720 0 456 0 3862.6 0 0 0
3749 0 456 0 3862.6 0 0 0
3702 0 456 0 3862.6 0 0 0
3750 0 456 0 3862.6 0 0 0
3785 0 456 0 3862.6 0 0 0
3607 0 456 0 3862.6 0 0 0
3742 0 456 0 3862.6 0 0 0
4148 0 456 0 3862.6 0 0 0
4417 0 456 0 3862.6 0 0 0
4448 0 456 0 3862.6 0 0 0
4465 0 456 0 3862.6 0 0 0
4408 0 456 0 3862.6 0 0 0
4347 0 456 0 3862.6 0 0 0
4398 0 456 0 3862.6 0 0 0
4441 0 456 0 3862.6 0 0 0
4506 0 456 0 3862.6 0 0 0
4423 0 456 0 3862.6 0 0 0
3809 0 456 0 3862.6 0 0 0
3722 0 456 0 3862.6 0 0 0
3682 0 456 0 3862.6 0 0 0
3938 0 456 0 3862.6 0 0 0
3839 0 456 0 3862.6 0 0 0
3636 0 456 0 3862.6 0 0 0
3801 0 456 0 3862.6 0 0 0
4025 0 456 0 3862.6 0 0 0
3957 0 456 0 3862.6 0 0 0
3859 0 456 0 3862.6 0 0 0
3879 0 456 0 3862.6 0 0 0
4099 0 456 0 3862.6 0 0 0
3739 0 456 0 3862.6 0 0 0
3690 0 456 0 3862.6 0 0 0
3744 0 456 0 3862.6 0 0 0
3851 0 456 0 3862.6 0 0 0
3831 0 456 0 3862.6 0 0 0
3775 0 456 0 3862.6 0 0 0
3814 0 456 0 3862.6 0 0 0
3766 0 456 0 3862.6 0 0 0
3884 0 456 0 3862.6 0 0 0
3678 0 456 0 3862.6 0 0 0
3858 0 456 0 3862.6 0 0 0
3703 0 456 0 3862.6 0 0 0
3926 0 456 0 3862.6 0 0 0
3731 0 456 0 3862.6 0 0 0
3819 0 456 0 3862.6 0 0 0
3671 0 456 0 3862.6 0 0 0
3769 0 456 0 3862.6 0 0 0
3622 0 456 0 3862.6 0 0 0
4078 0 456 0 3862.6 0 0 0
4080 0 456 0 3862.6 0 0 0
3970 0 456 0 3862.6 0 0 0
3867 0 456 0 3862.6 0 0 0
4032 0 456 0 3862.6 0 0 0
3865 0 456 0 3862.6 0 0 0
3805 0 456 0 3862.6 0 0 0
4076 0 456 0 3862.6 0 0 0
3828 0 456 0 3862.6 0 0 0
3801 0 456 0 3862.6 0 0 0
3911 0 456 0 3862.6 0 0 0
3985 0 456 0 3862.6 0 0 0
3969 0 456 0 3862.6 0 0 0
3969 0 456 0 3862.6 0 0 0
3908 0 456 0 3862.6 0 0 0
3852 0 456 0 3862.6 0 0 0
3959 0 456 0 3862.6 0 0 0
4328 0 456 0 3862.6 0 0 0
4458 0 456 0 3862.6 0 0 0
3833 0 456 0 3862.6 0 0 0
3752 0 456 0 3862.6 0 0 0
3744 0 456 0 3862.6 0 0 0
3871 0 456 0 3862.6 0 0 0
3804 0 456 0 3862.6 0 0 0
3810 0 456 0 3862.6 0 0 0
3730 0 456 0 3862.6 0 0 0
3695 0 456 0 3862.6 0 0 0
3710 0 456 0 3862.6 0 0 0
3746 0 456 0 3862.6 0 0 0
3697 0 456 0 3862.6 0 0 0
3851 0 456 0 3862.6 0 0 0
3587 0 456 0 3862.6 0 0 0
3666 0 456 0 3862.6 0 0 0
3842 0 456 0 3862.6 0 0 0
3729 0 456 0 3862.6 0 0 0
3853 0 456 0 3862.6 0 0 0
3709 0 456 0 3862.6 0 0 0
3757 0 456 0 3862.6 0 0 0
3793 0 456 0 3862.6 0 0 0
3618 0 456 0 3862.6 0 0 0
3656 0 456 0 3862.6 0 6 0
3743 0 456 0 3862.6 0 2 0
3819 0 456 0 3862.6 0 5 0
3725 0 456 0 3862.6 0 2 0
3801 0 456 0 3862.6 0 5 0
3772 0 456 0 3862.6 0 4 0
3899 0 456 0 3862.6 0 3 0
3775 0 456 0 3862.6 0 5 0
3799 0 456 0 3862.6 0 5 0
3671 0 456 0 3862.6 0 3 0
3739 0 456 0 3862.6 0 4 0
3691 0 456 0 3862.6 0 5 0
3776 0 456 0 3862.6 0 2 0
3828 0 456 0 3862.6 0 3 0
3798 0 456 0 3862.6 0 6 0
3694 0 456 0 3862.6 0 2 0
3719 0 456 0 3862.6 0 1 0
3718 0 456 0 3862.6 0 6 0
3833 0 456 0 3862.6 0 3 0
3866 0 456 0 3862.6 0 5 0
3680 0 456 0 3862.6 0 2 0
3769 0 456 0 3862.6 0 5 0
3843 0 456 0 3862.6 0 2 0
3801 0 456 0 3862.6 0 1 0
3845 0 456 0 3862.6 0 7 0
3815 0 456 0 3862.6 0 2 0
4039 0 456 0 3862.6 0 8 0
3772 0 456 0 3862.6 0 1 0
3948 0 456 0 3862.6 0 1 0
3870 0 456 0 3862.6 0 1 0
3849 0 456 0 3862.6 0 2 0
3714 0 456 0 3862.6 0 0 0
3704 0 456 0 3862.6 0 1 0
3836 0 456 0 3862.6 0 3 0
3714 0 456 0 3862.6 0 3 0
3731 0 456 0 3862.6 0 6 0
3884 0 456 0 3862.6 0 3 0
3824 0 456 0 3862.6 0 2 0
3804 0 456 0 3862.6 0 0 0
3738 0 456 0 3862.6 0 0 0
3824 0 456 0 3862.6 0 5 0
3934 0 456 0 3862.6 0 3 0
3865 0 456 0 3862.6 0 1 0
3848 0 456 0 3862.6 0 6 0
3776 0 456 0 3862.6 0 3 0
3799 0 456 0 3862.6 0 1 0
3880 0 456 0 3862.6 0 4 0
4288 0 456 0 3862.6 0 2 0
4135 0 456 0 3862.6 0 3 0
4073 0 456 0 3862.6 0 1 0
4176 0 456 0 3862.6 0 0 0
4273 0 456 0 3862.6 0 1 0
4048 0 456 0 3862.6 0 3 0
4180 0 456 0 3862.6 0 1 0
4387 0 456 0 3862.6 0 3 0
4364 0 456 0 3862.6 0 3 0
4444 0 456 0 3862.6 0 0 0
4222 0 456 0 3862.6 0 3 0
4460 0 456 0 3862.6 0 1 0
4434 0 456 0 3862.6 0 1 0
3870 0 456 0 3862.6 0 0 0
3859 0 456 0 3862.6 0 1 0
3801 0 456 0 3862.6 0 2 0
3793 0 456 0 3862.6 0 2 0
3717 0 456 0 3862.6 0 0 0
3638 0 456 0 3862.6 0 3 0
3800 0 456 0 3862.6 0 2 0
4108 0 456 0 3862.6 0 3 0
3706 0 456 0 3862.6 0 1 0
3803 0 456 0 3862.6 0 4 0
4135 0 456 0 3862.6 0 2 0
3987 0 456 0 3862.6 0 3 0
3872 0 456 0 3862.6 0 1 0
4066 0 456 0 3862.6 0 1 0
3960 0 456 0 3862.6 0 3 0
3883 0 456 0 3862.6 0 3 0
3921 0 456 0 3862.6 0 1 0
4057 0 456 0 3862.6 0 3 0
4180 0 456 0 3862.6 0 1 0
3927 0 456 0 3862.6 0 1 0
3829 0 456 0 3862.6 0 1 0
3780 0 456 0 3862.6 0 1 0
3871 0 456 0 3862.6 0 2 0
3816 0 456 0 3862.6 0 1 0
3781 0 456 0 3862.6 0 2 0
3744 0 456 0 3862.6 0 1 0
3946 0 456 0 3862.6 0 0 0
3833 0 456 0 3862.6 0 0 0
3881 0 456 0 3862.6 0 0 0
3594 0 456 0 3862.6 0 2 0
3719 0 456 0 3862.6 0 0 0
3678 0 456 0 3862.6 0 2 0
303 0 456 0 3862.6 0 0 0
