0.00 0.00 0.00
22.01 0.00 0.00
0.00 0.00 0.00
0.00 0.00 0.00
0.00 0.00 0.00
0.00 28.00 0.00
0.00 109.00 0.00
0.00 107.00 0.00
51.72 100.50 0.00
92.36 108.00 0.00
92.54 84.50 0.00
95.04 110.00 0.00
95.55 106.50 0.00
92.04 82.00 0.00
100.55 107.00 0.00
100.55 82.00 0.00
68.03 109.50 0.00
56.52 103.50 0.00
52.53 42.50 0.00
49.53 0.00 183.38
56.02 67.00 67.96
58.03 108.00 0.00
55.54 81.00 167.02
57.03 43.50 89.01
54.03 106.00 0.00
52.04 106.50 144.57
56.03 16.50 111.52
56.03 108.00 0.45
52.03 109.00 151.07
56.03 45.50 105.04
57.03 109.00 0.00
51.04 106.50 136.57
58.53 29.50 119.52
45.53 108.00 0.00
48.03 106.00 164.08
55.03 60.50 91.98
54.03 110.00 0.00
53.03 107.50 161.58
52.52 37.50 94.49
57.03 108.50 0.00
51.54 104.00 127.06
57.03 14.00 129.06
53.03 106.00 7.50
49.03 104.00 160.08
56.03 83.50 88.52
55.03 109.00 2.00
53.03 108.00 164.08
56.03 36.50 89.96
55.03 106.50 0.00
53.53 103.50 155.58
55.03 39.00 100.54
55.53 107.00 0.00
51.53 108.50 134.07
54.53 21.00 122.06
58.03 108.00 0.00
49.41 108.00 115.06
57.65 31.50 138.07
56.03 99.50 2.99
45.03 108.50 90.13
57.03 48.00 134.07
57.03 78.00 31.99
51.03 109.50 64.04
55.52 68.50 145.07
55.52 69.50 46.97
55.48 107.43 40.12
55.03 78.00 153.57
57.03 55.00 62.01
56.04 104.00 35.02
50.52 97.00 148.07
56.53 46.00 73.04
56.03 105.00 11.51
53.03 105.00 162.58
55.03 38.50 82.00
58.03 106.00 0.00
53.03 108.50 163.08
57.03 35.50 93.01
55.03 103.50 0.00
54.03 109.50 155.08
52.03 37.00 101.05
57.03 106.50 0.00
52.04 110.00 129.07
57.53 20.00 127.00
59.53 104.00 0.00
49.53 108.50 127.06
59.53 40.50 128.91
57.03 104.00 0.00
52.04 109.50 135.07
56.03 49.50 121.06
54.02 107.50 0.08
54.53 110.00 116.06
58.53 27.50 139.97
53.52 102.50 0.00
54.54 110.00 109.55
54.03 43.50 139.07
56.03 96.00 7.46
56.04 109.00 104.05
57.03 51.00 138.07
57.03 93.00 14.01
50.53 104.00 158.08
59.53 86.00 97.95
55.52 105.00 0.00
51.04 107.50 138.57
57.53 28.50 117.43
55.03 108.00 0.00
52.04 109.00 123.06
57.03 29.50 133.04
57.03 105.00 0.00
53.04 107.00 111.55
57.03 41.50 140.57
57.03 98.00 3.99
55.04 107.00 104.05
55.03 51.00 126.06
57.03 84.00 26.02
53.04 108.50 113.06
55.52 63.50 133.06
58.53 93.00 10.01
53.04 108.50 107.05
56.53 54.50 139.07
55.53 92.50 9.97
53.53 107.50 99.14
54.53 56.00 134.57
58.03 85.00 22.50
49.53 103.50 99.05
53.53 67.50 142.57
56.03 94.00 14.49
52.04 104.00 92.55
56.03 58.00 139.57
58.03 87.00 24.01
46.53 108.00 136.07
59.53 73.00 120.03
57.53 106.00 0.00
54.03 106.50 153.58
57.03 56.50 102.41
50.53 104.50 35.52
55.03 108.00 154.07
59.03 71.50 66.50
50.03 103.50 93.55
58.03 99.50 141.07
54.03 84.50 21.48
51.03 105.00 82.04
57.52 66.50 140.07
57.53 80.00 33.98
49.03 108.50 106.05
55.53 67.50 140.57
55.02 99.00 9.48
49.54 104.00 134.57
58.03 63.00 121.50
52.53 80.78 1.00
50.53 0.00 162.08
54.03 0.00 93.12
57.03 0.00 0.00
52.03 0.00 148.57
56.03 0.00 107.55
52.03 0.00 22.51
53.03 0.00 161.08
58.03 0.00 72.25
56.03 0.00 0.00
57.03 0.00 0.00
55.03 0.00 0.00
50.03 0.00 156.58
62.53 0.00 99.54
101.55 0.00 0.00
98.55 0.00 0.00
76.04 0.00 0.00
69.55 0.00 106.05
104.55 0.00 140.07
99.77 0.00 10.01
98.83 0.00 0.00
102.51 0.00 0.00
72.53 0.00 87.04
104.55 0.00 139.07
103.55 0.00 30.02
99.05 0.00 0.00
90.54 0.00 0.00
75.05 0.00 72.04
100.55 0.00 146.07
104.55 0.00 38.02
102.05 0.00 0.00
100.05 0.00 0.00
67.55 0.00 86.10
94.54 0.00 132.57
102.55 0.00 37.52
104.05 0.00 0.00
100.05 0.00 0.00
74.05 0.00 99.05
98.55 0.00 141.07
105.05 0.00 16.01
105.56 0.00 0.00
28.01 0.00 101.55
0.00 0.00 114.23
0.00 0.00 0.00
0.00 0.00 0.00
0.00 0.00 0.00
