0.00 0.00 0.00
22.01 0.00 0.00
0.00 0.00 0.00
0.00 0.00 0.00
0.00 0.00 0.00
23.02 91.00 0.00
90.54 69.00 0.43
93.55 0.00 0.00
92.73 0.00 0.00
95.37 0.00 0.00
95.05 0.00 0.00
98.54 0.00 0.00
101.05 0.00 0.00
79.54 0.00 21.38
51.04 53.50 37.98
49.04 47.50 63.98
38.04 59.00 52.44
41.04 64.00 43.42
50.54 32.00 49.49
50.54 50.00 46.40
45.03 46.00 64.00
39.04 64.00 37.52
41.04 64.00 58.48
42.04 53.00 63.98
48.04 43.00 32.01
44.04 58.00 64.02
38.04 48.00 64.02
40.04 56.50 63.97
44.04 61.50 41.99
43.04 64.00 63.03
40.04 64.00 54.80
40.04 55.50 63.48
46.04 40.50 32.00
45.04 53.00 63.93
40.54 57.50 64.03
38.54 49.50 63.93
38.04 64.00 37.44
43.04 63.00 58.44
41.54 58.50 63.92
43.55 60.00 63.58
40.54 59.50 63.91
41.54 58.00 63.88
40.54 53.00 64.00
44.54 64.00 48.07
41.04 64.00 52.03
40.04 62.50 59.98
39.53 39.00 64.01
40.54 58.50 54.53
39.53 64.00 43.52
42.54 64.00 62.00
40.04 58.50 63.99
41.54 50.50 64.02
40.54 54.50 63.84
40.04 60.50 53.25
39.54 64.00 43.97
42.54 64.00 62.42
41.54 61.00 63.88
43.04 57.50 64.02
43.55 62.00 63.94
41.04 59.50 63.96
43.04 60.00 63.98
41.04 52.00 48.02
42.04 64.00 48.02
51.04 32.00 51.52
43.04 64.00 56.29
40.04 64.00 51.78
40.63 56.93 63.34
41.54 52.50 64.02
44.54 50.00 59.02
42.04 64.00 63.03
41.04 64.00 52.02
44.04 56.00 49.30
50.04 40.00 38.01
40.04 64.00 57.98
39.54 56.00 64.04
48.54 40.00 31.81
42.04 50.50 63.91
37.04 49.50 63.69
38.04 60.00 41.89
40.04 62.50 53.30
48.04 33.50 63.01
40.04 64.00 48.02
41.04 64.00 51.32
40.04 60.00 60.75
51.54 36.00 33.84
41.54 64.00 61.96
39.04 52.00 63.80
44.04 44.00 50.03
50.54 41.50 45.95
37.54 57.00 63.71
40.04 61.50 48.02
40.04 64.00 48.00
42.04 59.00 63.97
42.04 61.50 63.78
41.04 56.50 63.83
42.04 56.00 63.88
43.53 55.00 32.00
50.04 51.00 63.94
41.54 60.50 63.71
42.04 61.50 63.99
44.04 53.50 63.98
42.04 61.50 52.99
42.04 64.00 52.32
41.04 64.00 54.51
41.04 58.50 64.10
45.04 52.50 63.95
38.04 52.00 63.89
41.04 61.00 57.47
46.04 62.00 38.43
52.54 34.00 48.97
46.54 64.00 46.92
44.04 59.00 63.98
43.04 65.50 63.84
43.04 57.00 63.84
43.04 59.00 63.91
43.04 56.00 63.91
41.04 58.00 63.94
41.04 61.50 55.99
42.04 64.00 54.46
44.04 64.00 61.80
43.04 64.00 64.01
45.04 64.00 51.45
45.04 58.50 63.94
42.04 60.50 64.02
43.04 57.50 64.01
42.04 60.00 63.77
43.04 54.50 63.95
44.04 63.00 63.96
43.04 62.00 63.98
41.04 64.00 46.50
46.04 64.00 67.03
43.54 64.00 56.89
42.54 64.00 56.00
41.54 64.00 60.61
42.54 60.50 63.93
42.04 59.50 63.95
42.04 58.50 64.02
44.04 49.50 63.97
48.04 60.00 31.73
44.04 58.50 63.84
46.04 46.00 62.96
48.04 47.00 32.02
40.54 59.00 64.01
44.54 53.00 63.97
45.54 56.50 49.96
50.54 56.00 46.01
43.04 57.00 64.00
41.04 56.00 63.93
46.04 55.00 56.02
47.04 64.00 59.01
42.04 64.00 56.50
44.04 64.00 52.52
49.04 34.00 64.01
44.04 63.00 63.90
42.04 63.00 58.04
42.04 64.00 54.48
42.04 64.00 47.31
42.04 62.50 63.92
40.04 54.50 63.98
43.04 56.50 63.91
47.54 50.50 37.02
43.54 64.00 65.69
42.54 64.00 56.39
43.54 62.50 63.98
44.04 53.00 64.07
42.04 59.50 64.02
44.04 49.00 55.02
45.04 64.00 54.00
40.04 64.00 50.99
46.04 52.50 63.56
39.54 56.00 63.92
41.04 54.50 63.91
41.54 61.00 57.36
43.04 64.00 38.44
44.04 64.00 63.95
43.04 61.00 63.98
42.04 57.00 63.91
42.54 61.50 64.01
41.54 59.50 63.93
45.04 61.50 64.02
43.04 64.50 64.02
45.54 55.00 63.99
45.04 60.00 63.89
43.54 64.00 61.49
43.04 64.00 58.38
41.04 64.00 49.43
41.04 64.00 54.45
44.04 62.50 63.99
43.04 62.00 63.73
44.04 66.00 64.00
38.54 55.50 63.98
41.54 51.00 64.01
42.54 61.50 63.93
40.54 60.00 63.73
45.04 61.50 31.98
43.04 64.00 63.94
42.04 56.50 63.99
42.04 56.00 63.48
43.04 59.50 64.03
43.04 62.50 63.98
42.04 60.00 63.97
39.04 57.50 56.80
40.54 64.00 43.99
40.54 64.00 58.43
42.04 57.50 63.93
40.54 56.00 64.04
40.54 54.50 63.98
41.04 60.50 63.92
44.53 59.50 32.00
45.55 63.00 63.97
41.04 59.50 63.93
40.04 52.50 63.44
39.54 49.00 61.50
40.04 64.00 44.95
42.54 64.00 57.45
42.04 64.00 60.03
39.54 54.50 63.93
39.54 54.50 63.70
51.04 47.50 32.01
51.53 35.50 31.97
52.04 32.00 32.02
53.54 32.00 31.89
53.04 24.50 32.02
54.03 2.28 31.93
49.04 0.00 32.07
51.03 0.00 0.00
50.04 0.00 53.52
53.04 0.00 42.47
74.55 0.00 32.02
77.55 0.00 32.02
77.05 0.00 32.02
72.32 0.00 31.70
75.05 0.00 32.02
77.05 0.00 18.01
77.05 0.00 22.02
77.05 0.00 24.01
69.05 0.00 32.02
73.05 0.00 32.02
72.54 0.00 32.02
73.55 0.00 32.02
76.55 0.00 32.02
72.55 0.00 32.02
76.05 0.00 32.02
74.54 0.00 32.02
75.55 0.00 32.02
75.04 0.00 32.02
74.55 0.00 32.02
76.55 0.00 32.02
75.05 0.00 32.02
78.05 0.00 32.02
75.05 0.00 32.02
76.05 0.00 24.02
75.55 0.00 27.52
77.55 0.00 30.02
75.05 0.00 23.05
77.05 0.00 31.02
73.04 0.00 24.52
73.54 0.00 32.02
69.04 0.00 32.02
69.55 0.00 32.02
69.04 0.00 32.02
65.55 0.00 32.02
74.55 0.00 32.02
75.54 0.00 32.02
77.05 0.00 32.02
74.54 0.00 32.02
75.05 0.00 32.02
73.54 0.00 32.02
75.55 0.00 32.02
74.05 0.00 32.02
75.05 0.00 23.01
76.05 0.00 22.52
75.05 0.00 31.02
56.04 0.00 43.20
0.00 0.00 0.00
0.00 0.00 0.00
0.00 0.00 0.00
