#xct_latency_in_nsec
0
0
0
0
0
0
0
0
0
0
0
0
0
0
0
0
0
0
0
0
0
0
0
0
0
0
0
0
0
0
0
0
0
0
0
0
0
0
0
0
0
0
0
0
0
0
0
0
0
0
0
0
0
0
0
0
0
0
0
0
0
0
0
0
0
0
0
0
0
0
0
0
0
0
0
0
0
0
0
0
0
0
0
0
0
0
0
0
0
0
0
0
0
0
0
0
0
0
0
0
0
0
0
0
0
0
0
0
0
0
0
0
0
0
0
0
0
0
0
0
0
0
0
0
0
0
0
0
0
0
0
0
0
0
0
0
0
0
0
0
0
0
0
0
0
0
0
0
0
0
0
0
0
0
0
0
0
0
0
0
0
0
0
0
0
0
0
0
0
0
0
0
0
0
0
0
0
0
0
0
0
0
0
0
0
0
0
0
0
0
0
0
0
0
0
0
0
0
0
0
0
0
0
0
0
0
0
0
0
0
0
0
0
0
0
0
0
0
0
0
0
0
0
0
0
0
0
0
0
0
0
0
0
0
0
0
0
0
0
0
0
0
0
0
0
0
0
0
0
0
0
0
0
0
0
0
0
0
0
0
0
0
0
0
0
0
0
0
0
0
0
0
0
0
0
0
0
0
0
0
0
0
0
0
0
0
0
0
0
0
0
0
0
0
0
0
0
0
0
0
0
0
0
0
0
0
0
0
0
0
0
0
0
0
0
0
0
0
0
0
0
0
0
0
0
0
0
0
0
0
0
0
0
0
0
0
0
0
0
0
0
0
0
0
0
0
0
0
0
0
0
0
0
0
0
0
0
0
0
0
0
0
0
0
0
0
0
0
0
0
0
0
0
0
0
0
0
0
0
0
0
0
0
0
0
0
0
0
0
0
0
0
0
0
0
0
0
0
0
0
0
0
0
0
0
0
0
0
0
0
0
0
0
0
0
0
0
0
0
0
0
0
0
0
0
0
0
0
0
0
0
0
0
0
0
0
0
0
0
0
0
10526220
14978515
10177430
6768128
5531910
5430161
4649161
4094289
3850244
3863676
3563722
2710952
2676347
2243762
2193935
2000019
1940877
1965415
1975973
1786663
1761308
1760415
1726764
1757785
1779734
1625889
1648697
1636418
1722079
1643732
1610423
1543581
1724831
1641191
1602222
1555229
1806071
1736369
1632915
1504440
1594006
1681039
1654051
1567373
1629244
1549777
5338081
1414619
1577325
1641786
1777378
1780997
1841581
1785904
1866941
1791461
1884522
1944452
1777431
1718607
1794824
1851335
1750549
1655166
1682782
1791088
1802000
1727904
1872988
1875697
1731748
1621725
1837035
1692712
1762938
1813809
1739205
1809791
1715008
1660694
1850399
1858632
1823650
1670850
1781032
1820939
1739428
1786247
1758955
1817440
1755549
1796700
1715989
1761362
1715573
1680450
1887932
1924547
1838218
1703869
1830725
1699693
1786155
1717290
1830171
1819736
1867096
1711671
1864657
1771963
1746217
1722604
1693138
1886427
1640804
1595994
1796308
1726560
1706879
1703907
1860659
1819945
1746614
1654526
1773379
1711676
1856506
1699323
1704608
1813498
1723363
1691699
1707128
1669005
1714975
1579094
1721654
1635494
1697971
1556240
1771523
1899501
1720173
1710430
1675135
1769442
1712924
1668673
1788772
1808415
1857978
1819417
1735879
1743726
1788665
1734659
1759024
1856854
1865405
1816528
1787089
1818653
1808708
1585538
1643117
1677648
1703665
1568516
1773438
1822584
1839591
1777245
1757485
1740592
1827259
1783119
1799203
1825967
1790344
1669325
1820251
1731971
1700364
1746631
1806777
1875814
1755976
1722493
1775059
1653028
1728158
1731623
1860232
1657973
1670412
1774558
1697188
1649398
1722592
1691772
1732351
1791891
1795378
1706524
1744404
1797677
1778104
1730047
1824713
1850548
1720263
1651767
1641516
1642297
1633884
1603540
1736117
1735881
1715671
1769820
1785324
1742571
1751824
1713150
1743816
1875529
1832301
1713626
1787399
1614144
1585025
1737582
1816333
1856013
1844481
1660440
1674926
1728463
1767262
1576453
1804023
1771380
1737177
1760029
1584695
1482603
1505650
1531239
1609804
1663171
1600653
1672075
1607463
1560219
1572680
1531708
1647112
1594344
1529854
1606417
1561880
1502592
1478179
1506161
1627041
1594817
1602863
1563553
1642867
1588265
1497321
1499580
1654280
1749307
1548299
1548512
1560780
1679151
1859335
1694095
2069609
2089448
1789794
2113906
1588864
1631033
2265984
2855556
1944449
1868195
1580804
1508438
1565457
1793216
2222785
1670491
2064794
1551130
1586604
1732978
2656647
2256648
1729235
1706034
1916277
1712809
2139415
1592584
2013479
1700787
1613189
1580252
1607135
1547829
1692828
1589451
2070509
1850814
1657103
2117003
1767740
1954745
1495492
1597912
1921508
1575832
1626556
1553792
1937338
1644924
1553890
2261838
1643483
2005871
1717818
1580735
1711355
1618324
1835487
2226990
1576178
1662474
1538185
1920729
1621279
1729482
1733244
1661581
1842754
1891632
1721504
1640507
2351669
1863177
2242015
2252999
1904590
1799814
2014783
1751582
2327961
1792253
2004861
1798908
1817581
1703766
1730782
1901086
1867775
1823036
1652175
1718030
1837245
1897187
1765785
1730354
1687282
1801977
1996562
1946358
2047404
1802616
2257594
1643774
1954754
2244390
2181391
2181696
1893684
1864693
1651575
1728339
1696618
2278285
2031648
1914832
1741742
1839043
2058410
1770800
1678808
1731648
1728085
2077629
2333381
1778460
1804648
1930666
1789310
1682908
1675730
1815705
1772697
1914931
1785637
1787038
1816484
1735559
2304389
1939814
2110096
2267684
1999935
1863126
1785213
1805173
1747831
1861836
1805667
2061860
1950338
1648312
2235269
2092745
1651631
1696043
2517252
1968323
2111245
2343374
2381297
1789582
1751172
2083936
1867280
2191137
1896593
2385032
2012028
2048991
1669063
1682651
2008932
1736189
1696684
2101824
1725400
2053828
2134035
2110015
1702624
1741614
1889731
1764862
1972766
1794455
1695795
1667176
2294938
2217737
2226773
2269557
1893813
1826495
1745103
1788272
1994236
2022577
1757725
1945021
2319350
1685318
1577379
1775827
1643323
1840220
1929094
1660490
2051897
1611200
2296626
1634472
1599437
1474257
1519887
1549277
1555085
1555319
2069424
1835124
1619643
1497783
1582193
1705545
1833131
2000346
2001455
1680450
2016115
1562480
1562339
1809144
1859212
2161493
3304558
1668396
1693111
1594542
1663181
1702345
1882663
1924749
1734003
2017898
1891488
2063523
2253455
1693880
2144692
1926117
2001776
1902967
1678020
1673666
2130418
1673603
1632293
1881202
2115147
1919801
1917937
1592325
1664112
1634386
1636487
1535658
1510758
1801938
1633302
1569222
1836589
2291702
1622280
1755971
1649965
1494215
1513157
1550214
1595875
1811170
1600434
1590307
1556669
1548123
2324822
1687617
1607977
1708378
1655342
1519581
1590223
1531297
1532664
1462686
1870868
2000981
1646414
1589296
2205219
1963429
1582226
1967910
1839161
1932217
1873953
1591118
1877167
2398382
2288415
1844975
1922550
1667398
1631849
1554515
1807987
2094581
1553494
1955058
1613745
1765886
1952454
1506042
1971368
3543336
1770564
1772452
1639462
1620390
1662607
1662611
1988311
1951656
2109446
1798732
2050224
1659828
1852566
2008600
1977740
2119127
2100653
1577900
1856045
1575658
1601622
1778160
1642525
1989096
1793549
1595711
2120574
1900482
1868327
1526569
1534446
1557931
1529600
2085292
1567349
1505193
1687033
1540211
1570571
2063158
1814804
1926182
1808367
1744663
2324657
1527683
1639222
2099779
1724849
1943866
1568060
1587232
1489152
1585840
2380586
1635773
1494916
1605822
1528035
1488436
1614323
1506235
1612347
1627144
2075101
1777987
1707996
1649982
1659018
1496240
1846322
1597577
1503286
1640628
1551977
1597350
1558674
1647905
1987421
2316960
1580216
1779879
1561750
1579191
1580504
1573986
1693174
1934936
1460179
1942032
2060986
1971420
1961366
1793431
1779881
1737201
1595096
1564198
2122950
2005109
1812895
1811639
2104121
1787494
1874917
1605560
1815977
1688693
1876566
1803838
1787848
1819816
2383999
1906528
1670692
2125509
1949122
1899032
1670361
1708312
1519451
1600437
1977429
1519788
2041646
2022177
1683662
1635330
1670562
1613940
1782039
1525644
1677926
1749693
1710210
1944398
1917512
1864800
1892955
1787115
1906292
1653265
1853857
1614076
1844418
1681758
1549840
1525022
1501435
1581598
2150844
1574555
2018508
1807912
1710503
1593311
1514509
1576010
1602192
1519160
2060665
1855396
2103446
1730466
1634737
1784926
1550513
1673298
2080680
1824027
1576375
1680084
1643484
2028852
1659177
1693915
1773812
1643356
1710082
1718167
1956445
1710301
1596863
1790908
1598128
1718762
1567527
1922384
1679459
1558104
1740505
1572840
1610139
1653977
1798609
1510213
1610710
1661746
1688034
1834334
1499099
1788849
1575896
1583457
1539416
1638162
1669122
1498211
1509956
1645527
1516337
1606088
1718219
1631437
1563259
2077684
1817991
1813991
2052635
1480340
1680142
1556292
1625204
1481678
1593064
1609686
1549154
1523503
1559787
1640842
1585714
1532579
1487315
1606257
1900078
3479649
1605158
1742540
1639577
1637319
1780170
1844573
1877036
1479080
1981931
1608600
1637784
1637453
1801586
1571521
1643349
1562643
1674187
1790215
1591816
1565939
2014599
1931654
1602878
1585463
1705968
1927729
1686660
1483150
1570612
1712930
1936393
1452352
1638661
1665771
1917711
1531783
1516989
1511090
1967820
1545873
1535729
1649533
1497849
1476176
1531597
1545396
1587151
1504577
1674370
1584830
1554772
1481566
1709602
1607773
1650832
1494757
1703528
2141861
1544623
1636869
1950685
2028344
1969478
1774161
2016441
1978885
1661871
1527493
2333956
1969161
1572426
1966928
1561529
1584201
1690432
1720821
1935520
1521810
1499052
1491945
1642196
1585846
1553620
1540581
1489330
1555727
1607000
1467225
1586459
1579345
1649949
1588269
1671364
1725568
2292305
1906662
1512114
2093946
1546354
1723126
1864987
1860338
1943301
1686096
2270250
1564474
1952515
2205498
1883393
1597168
1988565
1494376
2099431
2015901
2135981
1590944
1724084
1605804
2012436
1630599
1803707
1842864
1529856
1623858
2354705
3008140
1850194
1936732
1802404
1683551
1574513
1801979
1490657
1590372
1714512
2154285
1780416
1670481
1541647
1737773
1758994
1566864
1587034
1506428
2141379
1737707
1841284
2311199
1674565
1605375
1484137
1620999
1660235
1617545
1553791
1579569
1583884
1746765
1856006
1512310
1601169
2237297
1573032
1635598
1697359
1612620
1580570
1563165
1519686
1537438
1954980
1522848
1865608
1557757
1849669
1499357
1886816
1487686
1549522
1705248
1555807
1488254
1560385
1876708
1857641
1564319
1678080
1552198
1782077
1817512
1782464
1667883
1520142
1507332
1531102
1558777
1654882
1569787
1768205
1704559
1589823
1552890
1521996
1521775
1520830
1792319
1652049
1789129
1894367
1958055
1615886
1765146
1764491
1619023
1616926
1996384
2240259
1569569
1890753
1767408
1872151
1942041
1673478
2085962
1833709
1963046
2045799
1978944
1841423
1786562
1757249
1602273
1581978
1580783
1682653
1789797
1831226
1785505
1858861
1650235
2008398
1625580
1557193
1698715
1886555
2259848
1745062
1679505
1821343
1815543
1872362
1725474
1505646
1544666
1512134
1659005
1823668
2038616
1587048
1638887
1543713
1577209
1531073
1443826
1508463
1592128
1504903
1551794
1616879
1544804
1618603
1778404
1589786
1532673
1671357
1683479
2003857
1874990
1579896
1816112
2129172
1584876
1492607
1520794
1871233
1813605
1615539
1546211
1624400
1647374
1598045
1634701
1743362
1591702
1673260
1650855
1615817
1527047
1709124
1656735
1493795
1536663
1488835
1630803
1888674
1646042
1719026
2118250
1829508
1536220
1533487
1892795
1799449
1490178
1699781
2154717
1558153
1474637
1905493
1721054
1961149
1538756
1537645
1615772
1681072
1572471
1805461
1537029
1543236
1472683
1822392
1761566
1641692
1543853
2209506
1527770
2049902
2135490
1736251
1689038
1744691
2169331
1740298
1798936
1598793
1625446
1475263
1499883
1608333
1890418
1756057
1586490
1529958
2072197
1654104
1904785
1643705
1498024
1655840
2063486
1552546
1761049
1499106
1521051
1862223
1657835
1534617
1751151
1469132
1429369
1586872
1496231
1509987
1417163
1582462
1882262
1777249
1785111
1607088
1660051
1790561
1730338
1481289
1631990
1646570
1393732
1505631
1526423
1527962
1566449
2616025
1430911
1621244
1430248
1552799
1597634
1402454
1386043
2234365
1639009
1350378
1416153
1481399
1445466
1506706
1467795
1431255
1555121
2551746
1422136
1411406
1736827
1510802
1946139
1979297
1453232
2000110
1796380
1647167
1504937
1726003
1557307
1805520
1574768
1575641
1677064
1627402
1765023
1774859
2102882
1478373
1471185
1482643
1519106
1468545
1597428
1708909
1458712
1500708
1539807
1539013
1937533
1455792
1562456
1481805
1536433
2712992
1972442
1400023
1584317
1904665
1460612
1474115
1467951
1817990
1991636
1427541
1415656
2223155
1835992
1408388
2001651
1808068
1656552
1910379
1629762
1879465
1558498
1644785
1445878
1909834
1935440
1549051
1414769
1912320
1453520
1702151
2033806
1445902
1382271
1432451
1885952
1422421
1404286
1393226
2130514
2292623
1495297
1922358
1464950
1417593
1468162
1431849
1435137
1458955
1507724
1805917
1396545
2476825
1538618
1398077
1538440
1411873
1444569
1433822
1451571
1426313
1395415
2062020
1492994
1461572
1433156
1450672
1409338
1427475
1393309
1617649
1826545
1579302
1534697
1776670
1476071
1553960
1614933
1848832
1479978
2190235
1717330
1499827
1988464
1800702
1769237
1502035
1783973
1945370
1544414
3860919
1904044
1438268
1489855
1483135
1406821
2107140
1438065
1516073
1676946
1428216
1869924
2071487
2167582
1541676
1401251
1423085
1412610
1924667
1403818
1407581
1567817
1562530
1439247
1445481
1425904
1477513
2069848
2035137
1438151
1528058
2339586
1580759
1919706
1454709
1422253
0
1188368
0
0
415929
0
0
0
457541
0
0
0
691895
0
0
0
469597
0
0
0
442065
0
0
0
434890
0
0
0
419372
0
0
0
452661
0
0
0
434488
0
0
0
450065
0
0
0
480094
0
0
0
440808
0
0
0
448435
0
0
0
471717
0
0
0
461408
0
0
0
442710
0
0
0
432434
0
0
0
734265
0
0
0
440018
0
0
0
413450
0
0
0
422038
0
0
453717
0
0
0
424194
0
0
0
451039
0
0
0
434540
0
0
0
461172
0
0
0
444790
0
0
432839
0
0
408328
0
0
0
377257
0
0
397292
0
0
0
372408
0
0
392399
0
0
0
0
0
433203
0
0
0
0
0
0
0
0
0
0
404291
0
0
0
0
0
0
0
0
0
395536
0
0
0
0
0
0
0
0
410228
0
0
0
0
0
0
0
0
0
419777
0
0
0
0
0
0
0
0
410003
0
0
0
0
0
0
0
0
0
391440
0
0
0
0
0
0
0
0
384877
0
0
0
0
0
0
0
0
0
407182
0
0
0
0
0
0
0
0
408456
0
0
0
0
0
0
0
0
0
422827
0
0
0
0
0
0
0
0
450279
0
0
0
0
0
0
0
0
0
420904
0
0
0
0
0
0
0
0
0
915452244
1860967
1851247
1906348
1793980
1779486
1780460
1802783
1721656
1844106
1904461
1764232
1657891
1936063
1839041
1881538
1778768
1750162
1918129
1758342
1783049
1804884
1903008
1802652
1818567
1772585
1910899
1835058
1790697
1886244
1923595
2111045
2346315
1805526
1821890
1904922
1705079
1742697
1832216
1654024
1979501
1927782
1941958
1767120
2144212
1841929
1813157
1852383
2103420
2076025
1800058
1861909
1812439
1779508
2021978
1822197
1719908
2429367
1847551
1763866
2215053
1923742
1945143
1941214
1802809
1794700
1908592
1830444
2146874
1826347
1829311
1885000
2571208
2100642
1741068
1787370
1731263
1881614
1816268
1674299
1970794
1871123
1723070
1631088
1639199
2034604
1786958
1983555
1723460
1926280
1743205
1841480
1759727
1954999
2146795
1822242
1665857
1712641
1675826
1977147
1662521
2074285
1780266
2198318
1661231
1741470
1863941
1653514
1727665
1719879
1785371
1836349
1695229
1704880
1766121
1712447
1663865
1931992
1865788
1828636
1712856
1838200
1907207
1744191
1738649
1909309
2111101
1959799
2111278
1807341
1790621
1636410
1881783
1732754
1756559
1681810
2269881
1838151
1860144
1701367
1832817
2467921
1784433
2074439
1779538
2456180
1785627
1748475
1719974
1787108
1901958
1938762
1708350
1842676
2200669
1733416
1853529
1729027
1619788
1692326
1883589
1829798
1805687
1757935
1754888
2032492
1785535
2072357
1836725
1735074
1704923
1749472
1859957
1812336
1790293
1730917
1794757
2068986
1756705
2120244
1810605
2373619
1895795
1718312
1891347
1746366
1813867
1764916
2251958
2519734
1763185
2026949
1948720
1753534
2000081
1790845
2320252
2113439
1702082
1787464
2024049
1802202
1690608
1645386
1807387
1937924
1746301
2208294
1750873
1881963
2349595
1997035
1904881
1664466
1804936
1718024
1781579
1600967
2068545
1840860
1854101
2167781
1876675
1996856
2008342
1730254
1875857
1767330
1848249
1813676
1960489
1745133
1839086
1716824
2055183
1679018
1752050
1834118
2212834
2104259
1866950
1794715
1920156
1633304
1939842
2561244
1833831
2222344
2095961
2004567
1841568
1697174
1714011
2258696
1822370
1674775
2418913
1749684
1829382
1734551
2130794
2088428
1847573
1748061
2005343
1866855
1907930
2063003
2180163
1712187
1815632
1732636
1715952
1823717
2110718
1701134
1759574
1803087
1785607
1709261
1952627
1786274
1759416
1704572
1893913
2055434
1709651
1994786
2148996
1799895
1729607
1645892
1728048
1783779
1962325
2265556
1679217
1713885
1495799
1819063
1687921
1903327
1548156
2087011
1902926
2389062
1679465
1541687
1613950
1764558
2311441
1591014
1578491
1560176
1539630
1744257
1862831
1632148
1485003
1985925
1650277
1664522
1596464
1819111
2304462
2110119
1487324
1663572
1882950
1825384
1581358
1597845
1668819
1637588
1779251
1791138
2018603
1666818
1543195
2321543
1599617
1544897
1707184
1895978
1772344
1723801
1820985
1615357
1973825
1532764
1485728
2009967
1773297
1996381
1633414
1578303
1643048
1495960
1548489
1669731
2032402
2181303
1736563
1696614
1650755
1571492
1847361
1864257
1570679
1873323
1691099
1570724
1684047
1603783
1549041
1478131
1503602
1567205
2033263
1732828
1545472
1587862
1756800
1576774
1578802
1553074
1774761
1576110
1638328
1504563
1555660
1657400
1571489
1652123
1869870
1532634
1959683
1764298
1675998
1823394
1842583
1807286
1869751
1746014
1786205
1616882
1786608
1655633
1639967
2008164
1642745
2098594
1644535
1675362
1948210
1591898
1583325
1464936
1651302
1590591
1790378
1536961
1497825
1658820
1673746
1550400
2142971
1539510
1547418
1493942
1662255
1905962
1558308
1517277
1681586
1725088
1659173
1716538
1890946
1669145
2163511
1560459
1895943
1939623
1885137
1586246
1602073
1743269
1592384
1762251
1929478
1681786
1652516
1527441
1627163
1507737
1547753
2381849
1691491
1968099
1653330
1922247
1706533
1506290
1828602
1830119
2062131
1838820
1637626
1823012
1706255
1518402
1489641
1947954
1711504
1999671
1987234
1567807
1736888
2002649
1538927
1484087
1660589
1656305
1643037
1923252
1558139
1524017
1562210
1489249
2117427
1735157
1943514
1754220
1655893
1541207
1912213
1492359
1707557
1719730
1807631
1899248
1823245
1671016
1597837
1494703
1572355
1503560
1597679
1607361
1784115
1961526
1861509
1517470
1572416
1587970
1568560
1897392
1692909
1926922
1703327
1789458
1532819
1745441
1768701
1814571
1958066
2125251
1986194
1920438
1558726
1800897
1832778
1724135
1898360
1871752
1546842
1552765
1570834
1760254
1762469
1765743
1954180
1933650
1696553
1629368
1663847
2087846
1713354
1886666
1779381
2016626
1631201
1541281
2163203
1615626
1649933
1578836
1901160
1683397
1868787
1705785
2259460
1877204
1826017
1580184
2081541
2031723
1714384
1501117
1496264
1480461
1465355
2015771
1697753
1568657
2008635
1513829
1571933
1672623
1486226
2130253
1693038
2008108
1851109
1866833
1796223
1768232
1533830
1731879
1594641
1719337
2198807
1887185
2298660
1592732
1542624
1882362
0
0
0
0
0
0
0
0
0
