0 restore_end page_write
0 0 0
0 0 0
0 0 0
0 0 0
0 0 0
0 0 0
0 0 0
0 0 0
0 0 0
0 0 0
0 0 0
0 0 0
0 0 0
0 0 0
0 0 0
0 0 420
0 0 4720
0 0 4382
0 0 4235
0 2 4987
0 0 3200
0 0 4635
0 0 5229
0 0 5261
0 0 5250
0 0 5158
0 0 5026
0 0 5210
0 0 5330
0 0 4956
0 0 5141
0 0 4760
0 0 4306
0 0 5096
0 0 5849
0 0 5364
0 0 5423
0 0 5332
0 0 5793
0 0 5697
0 0 5532
0 0 5766
0 0 5587
0 0 5646
0 0 5833
0 0 5864
0 0 5848
0 0 5430
0 0 5416
0 0 5825
0 0 5683
0 0 5226
0 0 4788
0 0 4781
0 0 5052
0 0 4798
0 0 4486
0 0 4451
0 0 4527
0 0 4488
0 0 4615
0 0 4696
0 0 4520
0 0 4304
0 0 4651
0 0 4708
0 0 4567
0 0 4524
0 0 4813
0 0 4786
0 0 4827
0 0 4635
0 0 4465
0 0 4444
0 0 4374
0 0 4376
0 0 4410
0 0 4367
0 0 4810
0 0 4714
0 0 4972
0 0 4753
0 0 4777
0 0 4708
0 0 4462
0 0 4421
0 0 4441
0 0 4379
0 0 4906
0 0 4725
0 0 4835
0 0 4593
0 0 4475
0 0 4737
0 0 4914
0 0 4738
0 0 4817
0 0 4522
0 0 4451
0 0 4415
0 0 4561
0 0 4389
0 0 4684
0 0 4779
0 0 4748
0 0 4752
0 0 4704
0 0 4759
0 0 4589
0 0 4430
0 0 4373
0 0 4597
0 0 4780
0 0 4667
0 0 4747
0 0 4397
0 0 4366
0 0 4336
0 0 4431
0 0 4335
0 0 4844
0 0 4717
0 0 4651
0 0 4681
0 0 4587
0 0 4849
0 0 4881
0 0 4667
0 0 4778
0 0 4617
0 0 4307
0 0 4768
0 0 4855
0 0 4608
0 0 4776
0 0 4721
0 0 4932
0 0 4766
0 0 4839
0 0 4730
0 0 4946
0 0 4652
0 0 4602
0 0 4692
0 0 4852
0 0 4628
0 0 4486
0 0 4645
0 0 4787
0 0 4289
0 0 4452
0 0 4508
0 0 4920
0 0 4490
0 0 4517
0 0 4767
0 0 4712
0 0 4357
0 0 4658
0 0 4749
0 0 4990
0 0 4777
0 0 4794
0 0 4672
0 0 4777
0 0 4719
0 0 4666
0 0 4742
0 0 4703
0 0 4426
0 0 4775
0 0 4669
0 0 4407
0 0 4616
0 0 4801
0 0 4633
0 0 4740
0 0 4701
0 0 4816
0 0 4718
0 0 4687
0 0 4619
0 0 4831
0 0 4549
0 0 4798
0 0 4712
0 0 4797
0 0 5501
0 0 5014
0 0 5266
0 0 5563
0 0 4844
0 0 4912
0 0 4671
0 0 4762
0 0 4729
0 0 4491
0 0 4374
0 0 4443
0 0 4324
0 0 4494
0 0 4617
0 0 4765
0 0 4424
0 0 4602
0 0 4798
0 0 4627
0 0 4525
0 0 4908
0 0 4743
0 0 4426
0 0 4419
0 0 4608
0 0 4940
0 0 4762
0 0 4882
0 0 4572
0 0 4416
0 0 4696
0 0 4676
0 0 4549
0 0 4404
0 0 4236
0 0 4308
0 0 4368
0 0 4397
0 0 4332
0 2 4411
0 0 4412
0 0 4312
0 0 4845
0 0 4772
0 0 4341
0 0 4612
0 0 4737
0 0 4508
0 0 4451
0 0 4435
0 0 4781
0 0 4752
0 0 4565
0 0 4764
0 0 4749
0 0 4683
0 0 4953
0 0 4710
0 0 4802
0 0 4699
0 0 4698
0 0 4550
0 0 4396
0 0 4320
0 0 4664
0 0 4652
0 0 4339
0 0 4381
0 0 4391
0 0 4341
0 0 4380
0 0 4451
0 0 4615
0 0 4273
0 0 4378
0 0 4742
0 0 4697
0 0 4426
0 0 4345
0 0 4268
0 0 4450
0 0 4670
0 0 4695
0 0 4730
0 0 4645
0 2 4231
0 0 4413
0 0 4403
0 0 4493
0 0 4615
0 0 4618
0 0 4361
0 0 4647
0 0 4640
0 0 4632
0 0 4715
0 0 4627
0 0 4761
0 0 4619
0 0 4730
0 0 4504
0 0 4461
0 0 4671
0 0 4709
0 0 4721
0 0 4698
0 0 4380
0 0 4490
0 0 4672
0 0 4507
0 0 4347
0 0 4355
0 0 4687
0 0 4739
0 0 4317
0 0 4352
0 0 4469
0 0 4668
0 0 4628
0 0 4377
0 0 4375
0 0 4319
0 0 4412
0 0 4393
0 0 4631
0 0 4392
0 0 4555
0 0 4703
0 0 4641
0 0 4698
0 0 4478
0 0 4438
0 0 4855
0 0 4633
0 0 4343
0 0 4384
0 0 4295
0 0 4518
0 0 4677
0 0 4588
0 0 4330
0 0 4292
0 0 4559
0 0 4700
0 0 4500
0 0 4461
0 0 4826
0 0 4626
0 0 4448
0 0 4209
0 0 4299
0 0 4254
0 0 4401
0 0 4579
0 0 4639
0 0 4483
0 0 4916
0 0 4725
0 0 4412
0 0 4463
0 0 4717
0 0 4527
0 0 4265
0 0 4578
0 0 4632
0 0 4372
0 0 4536
0 0 4741
0 0 4576
0 0 4410
0 0 4373
0 0 4350
0 0 4392
0 0 4365
0 0 4449
0 0 4285
0 0 4432
0 0 4352
0 0 4378
0 0 4348
0 0 4372
0 0 4313
0 0 4359
0 0 4354
0 0 4449
0 0 4760
0 0 4751
0 0 4716
0 0 4654
0 0 4682
0 0 4630
0 0 4621
0 0 4709
0 0 4731
0 0 4606
0 0 4720
0 0 4605
0 0 4765
0 0 4610
0 0 4606
0 0 4626
0 0 4708
0 0 4614
0 0 4665
0 0 4589
0 0 4652
0 0 4645
0 0 4750
0 0 4604
0 0 4700
0 0 4601
0 0 4766
0 0 4891
0 0 4662
0 0 4544
0 0 4517
0 0 4654
0 0 4650
0 0 4646
0 0 4669
0 0 4569
0 0 4676
0 0 4619
0 0 4705
0 0 4625
0 0 4600
0 0 4644
0 0 4757
0 0 4689
0 0 4640
0 0 4627
0 0 4685
0 0 5035
0 0 4612
0 0 4740
0 0 4660
0 0 4723
0 0 4655
0 0 4613
0 0 4689
0 0 4616
0 0 4633
0 0 4616
0 0 4710
0 0 4657
0 0 4538
0 0 4871
0 0 4689
0 0 4681
0 0 4696
0 0 4628
0 0 4662
0 0 4737
0 0 4683
0 0 4680
0 0 4623
0 0 4647
0 0 4532
0 0 4572
0 0 4586
0 0 4582
0 0 4517
0 0 4581
0 0 4550
0 0 4566
0 0 4710
0 0 4623
0 0 4629
0 0 4706
0 0 4716
0 0 4650
0 0 4569
0 0 4772
0 0 4598
0 0 4602
0 0 4622
0 0 4588
0 0 4566
0 0 4578
0 0 4624
0 0 4648
0 0 4545
0 0 4602
0 0 4795
0 0 4636
0 0 4682
0 0 4756
0 0 4625
0 0 4649
0 0 4658
0 0 4650
0 0 4720
0 0 4719
0 0 4792
0 0 4699
0 0 4727
0 0 4780
0 0 4765
0 0 4774
0 0 4711
0 0 4748
0 0 4689
0 0 4827
0 0 4767
0 0 4648
0 0 4698
0 0 4679
0 0 4757
0 0 4682
0 0 4719
0 0 4694
0 0 4747
0 0 4845
0 0 4647
0 0 4737
0 0 4608
0 0 4637
0 0 4686
0 0 4687
0 0 4704
0 0 4746
0 0 4623
0 0 4695
0 0 4606
0 0 4618
0 0 4670
0 0 4654
0 0 4810
0 0 4688
0 0 4536
0 0 4611
0 0 4626
0 0 4587
0 0 4551
0 0 4597
0 0 4612
0 0 4369
0 0 4377
0 0 4404
0 0 4495
0 0 4311
0 0 4394
0 0 4406
0 0 4519
0 0 4407
0 0 4135
0 0 4385
0 0 4316
0 0 4316
0 0 4376
0 0 4322
0 0 4481
0 0 4679
0 0 4388
0 0 4416
0 0 4357
0 0 4512
0 0 4291
0 0 4342
0 0 4345
0 0 4299
0 0 4302
0 0 4306
0 0 4338
0 0 4575
0 0 4398
0 0 4464
0 0 4260
0 0 4300
0 0 4163
0 0 4202
0 0 4141
0 0 4196
0 0 3977
0 0 3993
0 0 3968
0 0 4008
0 0 3969
0 0 3943
0 0 4041
0 0 4166
0 0 4179
0 0 4123
0 0 4047
0 0 4255
0 0 4122
0 0 4002
0 0 4159
0 0 4197
0 0 4156
0 0 4196
0 0 4134
0 0 3929
0 0 3849
0 0 3950
0 0 3986
0 0 5108
0 0 4906
0 0 5071
0 0 4969
0 0 5112
0 0 4985
0 0 4672
0 0 4124
0 0 4112
0 0 4225
0 0 4258
0 0 4099
0 0 4236
0 0 4209
0 0 4220
0 0 5044
0 0 5085
0 0 5152
0 0 5134
0 0 5034
0 0 5124
0 0 5122
0 0 4340
0 0 3873
0 0 3881
0 0 3905
0 0 4097
0 0 4091
0 0 4100
0 0 4075
0 0 4139
0 0 4027
0 0 4037
0 0 4087
0 0 4128
0 0 4166
0 0 4160
0 0 4241
0 0 4281
0 0 4028
0 0 4169
0 0 4209
0 0 4155
0 0 4239
0 0 4257
0 0 3906
0 0 4695
0 0 5161
0 0 5202
0 0 5104
0 0 5151
0 0 5083
0 0 5086
0 0 5146
0 0 5186
0 0 5114
0 0 5070
0 0 5119
0 0 5099
0 0 5131
0 0 5129
0 0 5024
0 0 5133
0 0 5079
0 0 5127
0 0 5169
0 0 5470
0 0 5554
0 0 5584
0 0 5570
0 0 4667
0 0 4414
0 0 4333
0 0 4397
0 0 4498
0 0 4279
0 0 4226
0 0 4293
0 0 4125
0 0 4071
0 0 4190
0 0 4239
0 0 4244
0 0 4105
0 0 3969
0 0 4118
0 0 4265
0 0 4283
0 0 4087
0 0 4108
0 0 4077
0 0 4104
0 0 4105
0 0 4158
0 0 4337
0 0 4197
0 0 4297
0 0 4197
0 0 4214
0 0 4065
0 0 4079
0 0 4058
0 0 4141
0 0 4270
0 0 4339
0 0 4264
0 0 4186
0 0 4335
0 0 4227
0 0 4225
0 0 4105
0 0 4166
0 0 4115
0 0 4123
0 0 4183
0 0 4126
0 0 4245
0 0 4225
0 0 4226
0 0 4168
0 0 4202
0 0 4230
0 0 4264
0 0 4330
0 0 4340
0 0 5129
0 0 5159
0 0 5080
0 0 5069
0 0 5081
0 0 5058
0 0 5054
0 0 5124
0 0 5095
0 0 5062
0 0 4976
0 0 5112
0 0 5115
0 0 5076
0 0 4917
0 0 5121
0 0 5080
0 0 5113
0 0 5092
0 0 5014
0 0 5374
0 0 5467
0 0 5502
0 0 5543
0 0 5475
0 0 5562
0 0 4739
0 0 4567
0 0 4534
0 0 4491
0 0 4469
0 0 4352
0 0 4480
0 0 4553
0 0 4399
0 0 4472
0 0 4434
0 0 4361
0 0 4321
0 0 4489
0 0 4402
0 0 4377
0 0 4390
0 0 4416
0 0 4438
0 0 4603
0 0 5494
0 0 5498
0 0 5408
0 0 5433
0 0 5436
0 0 4729
0 0 4497
0 0 4626
0 0 4520
0 0 4503
0 0 4554
0 0 4546
0 0 4568
0 0 4566
0 0 4633
0 0 4629
0 0 4715
0 0 4574
0 0 4580
0 0 4708
0 0 4557
0 0 4670
0 0 4724
0 0 4642
0 0 4788
0 0 4747
0 0 4732
0 0 3860
0 0 4396
0 0 5061
0 0 4847
0 0 4756
0 0 4629
0 0 4765
0 0 4406
0 0 3605
0 0 4555
0 0 4505
0 0 4492
0 0 3934
0 0 4440
0 0 4492
0 0 4520
0 0 3976
0 0 4631
0 0 4455
0 0 4468
0 0 4052
0 0 4439
0 0 4474
0 0 4246
0 0 4007
0 0 4428
0 0 4484
0 0 4041
0 0 4442
0 0 4361
0 0 4478
0 0 3880
0 0 4547
0 0 4379
0 0 4415
0 0 3753
0 0 4433
0 0 4331
0 0 4545
0 0 4311
0 0 4474
0 0 4641
0 0 3970
0 0 4459
0 0 5281
0 0 5267
0 0 5294
0 0 5322
0 0 5346
0 0 5007
0 0 5361
0 0 5265
0 0 5260
0 0 5334
0 0 5390
0 0 5002
0 0 5385
0 0 5282
0 0 5089
0 0 5350
0 0 5361
0 0 4767
0 0 4481
0 0 4419
0 0 4548
0 0 4449
0 0 4386
0 0 4449
0 0 3805
0 0 4536
0 0 4585
0 0 4436
0 0 3981
0 0 4914
0 0 5369
0 0 5378
0 0 4849
0 0 5378
0 0 5364
0 0 4771
0 0 4520
0 0 4464
0 0 3945
0 0 4866
0 0 5312
0 0 5287
0 0 4730
0 0 5317
0 0 5329
0 0 4839
0 0 5379
0 0 5123
0 0 5022
0 0 4727
0 0 4500
0 0 4328
0 0 4237
0 0 4475
0 0 4742
0 0 4091
0 0 4499
0 0 4378
0 0 4757
0 0 4186
0 0 4562
0 0 4397
0 0 4320
0 0 4125
0 0 4440
0 0 4523
0 0 4218
0 0 4743
0 0 4440
0 0 4480
0 0 4446
0 0 4544
0 0 4470
0 0 4436
0 0 4047
0 0 4399
0 0 4287
0 0 4494
0 0 4136
0 0 4705
0 0 5278
0 0 4752
0 0 5602
0 0 5528
0 0 3999
0 0 4925
0 0 4570
0 0 5320
0 0 5232
0 0 5582
0 0 5624
0 0 5134
0 0 5658
0 0 5627
0 0 5153
0 0 5303
0 0 4812
0 0 4796
0 0 4385
0 0 4626
0 0 4863
0 0 4489
0 0 4675
0 0 4453
0 0 4292
0 0 4278
0 0 4694
0 0 4733
0 0 5374
0 0 5044
0 0 5362
0 0 3684
0 0 4272
0 0 4421
0 0 4343
0 0 4928
0 0 4320
0 0 4971
0 0 5301
0 0 5096
0 0 5340
0 0 5312
0 0 5324
0 0 5351
0 0 5068
0 0 4880
0 0 4611
0 0 4521
0 0 4471
0 0 4281
0 0 4558
0 0 4396
0 0 4447
0 0 4553
0 0 4448
0 0 4378
0 0 4413
0 0 4438
0 0 4564
0 0 4599
0 0 4252
0 0 4479
0 0 4358
0 0 4335
0 0 4385
0 0 4280
0 0 4578
0 0 4436
0 0 4535
0 0 4157
0 0 4067
0 0 4549
0 0 4290
0 0 4427
0 0 4350
0 0 4474
0 0 4164
0 0 4405
0 0 4271
0 0 4509
0 0 4384
0 0 4256
0 0 4560
0 0 4515
0 0 4502
0 0 4269
0 0 4430
0 0 4450
0 0 4482
0 0 4448
0 0 4717
0 0 4689
0 0 4704
0 0 4786
0 0 4467
0 0 4770
0 0 4660
0 0 4787
0 0 4705
0 0 4563
0 0 4799
0 0 4566
0 0 4778
0 0 4482
0 0 3783
0 0 5051
0 0 5406
0 0 4598
0 0 5694
0 0 5684
0 0 4438
0 0 5627
0 0 5373
0 0 4471
0 0 5137
0 0 5213
0 0 4643
0 0 3805
0 0 4696
0 0 4574
0 0 4700
0 0 3983
0 0 4640
0 0 4728
0 0 3419
0 0 4777
0 0 4517
0 0 4644
0 0 3664
0 0 4691
0 0 4719
0 0 4704
0 0 3656
0 0 4678
0 0 4685
0 0 3844
0 0 4726
0 0 4446
0 0 4752
0 0 3545
0 0 4635
0 0 4735
0 0 4591
0 0 3681
0 0 4638
0 0 4868
0 0 4210
0 0 4462
0 0 4749
0 0 4793
0 0 3824
0 0 4711
0 0 4827
0 0 4569
0 0 3440
0 0 4683
0 0 4737
0 0 4357
0 0 4067
0 0 4426
0 0 5195
0 0 5597
0 0 4047
0 0 3928
0 0 4409
0 0 4805
0 0 4635
0 0 3824
0 0 4750
0 0 4766
0 0 5124
0 0 5581
0 0 5238
0 0 4540
0 0 5576
0 0 5545
0 0 3785
0 0 4760
0 0 4818
0 0 4819
0 0 3676
0 0 4807
0 0 4765
0 0 3968
0 0 4782
0 0 4666
0 0 4671
0 0 3807
0 0 4814
0 0 4712
0 0 4769
0 0 3995
0 0 4858
0 0 4594
0 0 3751
0 0 4769
0 0 4687
0 0 4767
0 0 3822
0 0 4562
0 0 4829
0 0 4702
0 0 3668
0 0 4754
0 0 4768
0 0 3045
0 0 4694
0 0 5080
0 0 5255
0 0 3637
0 0 4267
0 0 4827
0 0 5226
0 0 5336
0 0 3231
0 0 4466
0 0 3644
0 0 4468
0 0 4238
0 1 4163
0 0 4534
0 325 4193
0 0 4528
0 0 4452
0 0 4513
0 0 4543
0 0 4156
0 0 4531
0 0 4559
0 0 4209
0 0 5055
0 0 4954
0 237 5159
0 0 5250
0 0 4986
0 0 5440
0 0 5367
0 0 4931
0 0 5310
0 0 5425
0 0 4946
0 229 4720
0 89 5283
0 0 4954
0 0 5334
0 0 4774
0 0 4730
0 0 5385
0 0 5374
0 0 4401
0 0 4528
0 11 4114
0 322 4346
0 0 4189
0 0 4399
0 0 4504
0 0 4595
0 0 4254
0 0 4511
0 0 4463
0 0 4502
0 0 4615
0 0 5356
0 9 4721
0 320 4931
0 0 5397
0 0 4366
0 0 4380
0 0 4545
0 0 4588
0 0 4530
0 0 4131
0 0 4596
0 0 4405
0 14 4178
0 282 3103
0 0 4413
0 2 4182
0 0 4268
0 0 4307
0 0 4262
0 0 4257
0 0 4367
0 0 4278
0 0 4347
0 2 4210
0 332 3693
0 2 4231
0 0 4213
0 0 4223
0 0 4195
0 0 4202
0 0 4011
0 0 4659
0 0 4770
0 0 4774
0 0 4862
0 0 4878
0 26 4606
0 316 4815
0 0 5046
0 0 4598
0 0 5069
0 0 5146
0 0 5113
0 0 4309
0 0 4391
0 0 4286
0 0 3952
0 25 4151
0 322 3938
0 0 4488
0 0 4401
0 0 4395
0 0 3983
0 0 4335
0 0 4395
0 0 4018
0 0 4358
0 0 4347
0 0 3959
0 31 4499
0 303 5254
0 0 5271
0 0 4546
0 0 5134
0 0 4749
0 0 4278
0 0 5348
0 0 4655
0 0 4484
0 32 4490
0 236 4770
0 64 5353
0 0 5132
0 0 5038
0 0 4975
0 0 5029
0 4 4534
0 25 4532
0 17 4317
0 12 4331
0 59 3881
0 329 3636
0 31 4296
0 0 5038
0 16 5031
0 17 5011
0 19 4531
0 4 4566
0 0 4439
0 0 4383
0 0 4372
0 0 3986
0 33 4086
0 298 4135
0 0 4267
0 0 4262
0 0 3907
0 0 4330
0 0 4280
0 0 4357
0 0 4433
0 0 4334
0 0 3944
0 0 4309
0 47 4028
0 307 4106
0 0 4280
0 0 3910
0 0 4311
0 0 4416
0 0 4313
0 0 4390
0 0 4372
0 0 4562
0 0 4900
0 56 4860
0 0 5353
0 282 4740
0 0 5379
0 0 5319
0 0 5374
0 0 5373
0 0 4956
0 0 5253
0 0 5402
0 56 4783
0 286 5168
0 12 4840
0 0 5589
0 0 5304
0 0 5337
0 0 5314
0 0 4963
0 0 5300
0 0 5311
0 33 4977
0 280 4544
0 0 5282
0 0 4765
0 0 5452
0 0 5085
0 0 5081
0 0 5331
0 0 4854
0 0 5839
0 93 5497
0 228 5560
0 0 4886
0 0 5352
0 0 5336
0 0 5803
0 0 5481
0 0 5352
0 0 5245
0 12 5649
0 24 6151
0 274 4704
0 0 5291
0 2 5715
0 0 6148
0 0 5667
0 0 6182
0 0 6167
0 69 5394
0 0 4826
0 253 5715
0 0 5304
0 0 5312
0 0 5316
0 0 5303
0 0 4813
0 0 5246
0 0 5304
0 71 5173
0 250 6039
0 0 5623
0 0 6190
0 0 6194
0 0 6250
0 0 6204
0 0 5681
0 0 6180
0 74 5717
0 255 5915
0 0 6103
0 0 5578
0 0 6114
0 0 6128
0 0 6117
0 0 6308
0 39 5567
0 65 5478
0 184 5879
0 0 5709
0 0 5232
0 0 5216
0 0 4706
0 2 5597
0 0 6119
0 0 5667
0 50 5441
0 292 5224
0 0 5284
0 0 5631
0 0 5669
0 0 6169
0 0 6220
0 0 6219
0 0 5937
0 67 5366
0 268 6002
0 0 6131
0 0 6174
0 0 5781
0 0 5335
0 0 4818
0 0 5299
0 0 5320
0 79 4662
0 235 5152
0 0 4903
0 0 5276
0 0 5325
0 0 5804
0 0 6268
0 0 5750
0 0 6222
0 81 5627
0 222 6080
0 0 6170
0 0 5740
0 0 5364
0 0 5277
0 0 5344
0 0 5326
0 0 5392
0 85 4160
0 0 5294
0 243 5080
0 0 5406
0 0 5319
0 0 5358
0 0 6210
0 0 6230
0 0 6243
0 0 5596
0 96 5794
0 253 5245
0 0 5327
0 0 5326
0 0 5279
0 0 4882
0 0 5316
0 0 5754
0 0 6177
0 67 5597
0 246 5338
0 0 6172
0 0 6191
0 0 6204
0 0 6215
0 0 5611
0 0 6094
0 0 5736
0 75 5426
0 255 5205
0 0 4886
0 0 5731
0 0 6259
0 0 6196
0 0 5538
0 0 6190
0 0 5914
0 88 5331
0 267 5067
0 0 4876
0 0 5260
0 0 5269
0 2 5312
0 0 5327
0 0 4876
0 0 5326
0 45 4915
0 38 5277
0 0 5336
0 0 4932
0 0 5334
0 0 5368
0 0 5355
0 0 5363
0 0 5113
0 0 5180
0 0 4986
0 0 5399
0 0 5368
0 0 5376
0 0 5167
0 0 6165
0 0 6174
0 0 6189
0 0 5560
0 0 5723
0 52 6131
0 0 5693
0 0 5253
0 0 4815
0 0 5293
0 0 5704
0 0 6181
0 0 5715
0 96 5379
0 0 5295
0 262 5038
0 0 5770
0 0 5514
0 0 6168
0 0 6139
0 0 6215
0 0 6176
0 111 4908
0 18 5998
0 234 5775
0 0 5301
0 0 5323
0 0 4950
0 0 5327
0 0 5292
0 0 5318
0 0 5328
0 116 4819
0 130 4850
0 0 5321
0 0 5282
0 0 5309
0 0 5330
0 0 4917
0 0 5633
0 0 6063
0 0 5960
0 0 5956
0 0 5603
0 0 6125
0 0 6105
0 0 5695
0 0 5113
0 0 4548
0 0 5028
0 0 5148
0 0 4895
0 0 5332
0 0 4805
0 0 5765
0 0 6222
0 0 5782
0 0 4879
0 0 5355
0 0 5299
0 7 4854
0 0 5337
0 214 4699
0 0 5471
0 2 5350
0 0 5280
0 0 5375
0 0 4864
0 0 5346
0 0 5322
0 174 4799
0 185 5191
0 0 5506
0 0 5286
0 0 5396
0 0 5474
0 0 5506
0 0 5299
0 0 4836
0 0 5300
0 165 4781
0 194 5172
0 0 5292
0 0 4938
0 0 5311
0 0 5288
0 0 5371
0 0 5312
0 0 4916
0 0 5361
0 53 4913
0 0 5340
0 0 5338
0 0 4920
0 0 5326
0 0 5335
0 0 5302
0 0 5331
0 0 5148
0 0 5132
0 0 5005
0 0 5387
0 0 5376
0 0 5315
0 0 4833
0 0 5298
0 0 5325
0 2 5336
0 0 4797
0 0 5342
0 0 4835
0 77 5299
0 0 5368
0 0 5373
0 0 4817
0 0 5293
0 0 5238
0 0 5350
0 0 5384
0 0 4664
0 359 5202
0 0 5974
0 0 6102
0 0 6092
0 0 6086
0 0 4833
0 0 5267
0 0 5348
0 0 5359
0 163 5259
0 197 5408
0 0 5730
0 0 5279
0 0 5313
0 0 5451
0 0 6116
0 0 5511
0 0 6144
0 177 5110
0 39 5197
0 0 5259
0 0 4852
0 0 5463
0 0 6121
0 0 6170
0 0 6243
0 0 6103
0 0 4979
0 0 6149
0 2 6132
0 0 6105
0 0 6185
0 0 5818
0 0 5314
0 0 5116
0 0 5118
0 47 4497
0 118 4997
0 0 4630
0 0 6057
0 0 6080
0 0 6149
0 0 6093
0 0 5501
0 0 6016
0 71 5301
0 50 5995
0 0 5923
0 0 6108
0 0 5619
0 0 6096
0 0 6170
0 0 6195
0 0 6194
0 0 5661
0 0 5527
0 0 6122
0 0 6115
0 0 6150
0 0 6117
0 0 5505
0 0 6077
0 0 5604
0 120 5867
0 203 5915
0 0 6119
0 0 5098
0 0 5213
0 0 5002
0 0 5033
0 0 5253
0 0 5522
0 170 5649
0 0 6204
0 0 4248
0 0 6235
0 0 6283
0 0 6201
0 0 6234
0 0 6253
0 0 5974
0 0 5691
0 4 6255
0 0 6264
0 0 6262
0 0 6218
0 0 5712
0 0 5713
0 0 6161
0 210 5217
0 143 5885
0 0 6189
0 0 6075
0 0 6097
0 0 6022
0 0 6048
0 0 5577
0 0 4649
0 164 4517
0 157 5061
0 0 5145
0 0 5224
0 0 5021
0 0 4947
0 0 5465
0 0 5046
0 0 5176
0 0 5123
0 0 4208
0 0 5180
0 0 5139
0 0 5147
0 0 5133
0 0 4601
0 0 5052
0 0 5960
0 0 6160
0 0 6109
0 0 4861
0 89 5190
0 0 6068
0 0 6001
0 0 6083
0 0 6054
0 0 5612
0 0 4690
0 0 5544
0 92 5381
0 70 6022
0 0 6072
0 0 6069
0 0 5617
0 0 6079
0 0 5955
0 0 6152
0 0 5976
0 0 5769
0 0 5639
0 0 6087
0 0 6170
0 0 6201
0 0 6113
0 0 6147
0 0 5593
0 85 5551
0 107 5955
0 0 6042
0 0 6101
0 0 5573
0 0 6159
0 0 6111
0 0 6201
0 0 6196
0 225 5342
0 37 5592
0 0 6129
0 0 5590
0 0 5156
0 0 5314
0 0 5241
0 0 4740
0 0 5222
0 0 4831
0 0 5237
0 0 5309
0 0 5240
0 0 4927
0 0 5252
0 0 5192
0 0 5272
0 0 4751
0 0 5225
0 0 4878
0 0 5198
0 0 5200
0 0 5413
0 0 4940
0 0 5199
0 0 5324
0 0 5402
0 0 5341
0 0 4852
0 186 4927
0 44 6069
0 0 5219
0 0 5214
0 0 4903
0 0 5351
0 0 5313
0 0 5376
0 0 5250
0 0 5336
0 217 4121
0 142 4994
0 0 5255
0 0 5228
0 0 5214
0 0 4845
0 0 5259
0 0 5357
0 0 5381
0 0 5169
0 160 4476
0 198 4552
0 0 5028
0 0 5045
0 0 5178
0 0 5115
0 0 4859
0 0 4607
0 0 4946
0 0 5079
0 70 4455
0 0 5068
0 0 5134
0 0 4795
0 0 5059
0 0 5161
0 0 5095
0 0 4725
0 0 5320
0 0 5189
0 0 5121
0 0 3937
0 25 5315
0 0 6204
0 0 5685
0 0 4806
0 0 5260
0 0 5242
0 0 5266
0 0 5238
0 0 4782
0 92 4683
0 107 5160
0 0 5693
0 0 5287
0 0 4827
0 0 5267
0 0 5211
0 0 5237
0 0 5292
0 0 4544
0 39 5665
0 0 6021
0 0 5959
0 0 5925
0 0 6003
0 0 5545
0 0 5971
0 0 5725
0 0 4760
0 80 4833
0 0 5031
0 0 4721
0 0 5095
0 0 5076
0 0 5404
0 0 5957
0 0 6042
0 0 5584
0 90 4162
0 267 5292
0 0 5127
0 0 4972
0 0 4750
0 0 5068
0 0 5214
0 0 5783
0 0 5689
0 0 5927
0 22 4741
0 0 5800
0 0 5926
0 0 6041
0 0 5811
0 0 5606
0 0 6096
0 0 6008
0 0 5879
0 0 5225
0 105 5918
0 0 5614
0 0 5892
0 0 5888
0 0 5921
0 0 5988
0 0 5744
0 0 5602
0 148 4913
0 209 5733
0 0 5729
0 0 5618
0 0 5528
0 0 5710
0 0 5665
0 0 5704
0 0 4659
0 4 4370
0 0 4666
0 0 5121
0 0 5001
0 0 4823
0 0 4993
0 0 4618
0 0 5015
0 0 5052
0 0 4918
0 0 4849
0 0 3980
0 68 4830
0 0 5453
0 0 4891
0 0 4832
0 0 5101
0 0 5559
0 0 5059
0 0 5084
0 0 4858
0 118 3621
0 83 5653
0 0 5715
0 0 5814
0 0 5662
0 0 5542
0 0 5837
0 0 5983
0 0 6037
0 81 4634
0 96 5746
0 0 5459
0 0 5713
0 0 5770
0 0 5823
0 0 5496
0 0 5486
0 0 5670
0 0 5016
0 0 6048
0 0 5868
0 0 5694
0 0 5782
0 0 5964
0 0 6028
0 0 5799
0 0 5715
0 62 4980
0 64 5128
0 62 5067
0 0 4891
0 0 5078
0 0 5108
0 0 5120
0 0 5120
0 0 5180
0 0 4968
0 0 4864
0 216 5006
0 79 5977
0 0 6007
0 0 5601
0 0 4926
0 0 4315
0 0 4833
0 0 4441
0 0 4638
0 0 4276
0 0 4359
0 0 5323
0 0 5356
0 0 5060
0 0 5277
0 0 5084
0 0 5325
0 0 5235
0 0 5300
0 0 4560
0 52 3827
0 136 4505
0 0 4510
0 0 4173
0 0 4183
0 0 4242
0 0 4379
0 0 4382
0 0 4341
0 0 4009
0 0 4359
0 0 4537
0 215 3592
0 52 4586
0 0 4378
0 0 4421
0 0 4472
0 0 4488
0 0 4335
0 0 4723
0 0 4357
0 0 4413
0 0 4367
0 0 4088
0 0 3952
0 0 4321
0 0 4500
0 0 4495
0 0 4175
0 0 4472
0 0 4351
0 0 4434
0 0 4524
0 0 4194
0 0 4269
0 0 3798
0 0 4847
0 0 4963
0 0 4557
0 0 4824
0 0 4912
0 0 4781
0 0 4843
0 0 4770
0 0 4450
0 0 4667
0 7 4201
0 175 4743
0 0 4607
0 0 4970
0 0 4847
0 0 4886
0 0 4850
0 0 4981
0 0 4540
0 0 4819
0 0 4808
0 198 4177
0 160 4856
0 0 4647
0 0 4786
0 0 4643
0 0 4737
0 0 4833
0 0 4471
0 0 4766
0 0 4830
0 0 4893
0 214 4068
0 146 4458
0 0 4813
0 0 4707
0 0 4953
0 0 4793
0 0 4892
0 0 4519
0 0 4894
0 0 4797
0 0 4909
0 72 3936
0 0 4909
0 0 4960
0 0 4710
0 0 4848
0 0 4816
0 0 4926
0 0 4557
0 0 4771
0 0 5533
0 0 4608
0 0 3658
0 0 4717
0 0 4536
0 0 4773
0 0 4498
0 0 4829
0 0 4895
0 0 4481
0 0 5039
0 0 4742
0 0 4549
0 0 3641
0 44 5127
0 0 4827
0 0 4802
0 0 4564
0 0 5165
0 0 4774
0 0 4798
0 0 4878
0 0 4513
0 0 4673
0 103 3145
0 256 4809
0 0 5407
0 0 5311
0 0 4720
0 0 5746
0 0 5611
0 0 5704
0 0 5636
0 1 5112
0 130 4360
0 229 5279
0 0 5666
0 0 5626
0 0 5617
0 0 5682
0 0 5653
0 0 5242
0 0 5765
0 122 4468
0 114 5617
0 0 5770
0 0 5544
0 0 5308
0 0 5623
0 0 5717
0 0 5803
0 0 5746
0 0 4692
0 11 5620
0 0 5340
0 0 5014
0 0 5012
0 0 5064
0 0 4594
0 0 4873
0 0 4828
0 0 4860
0 0 4962
0 0 4549
0 236 5099
0 0 5910
0 0 5777
0 0 5764
0 0 5817
0 0 5427
0 0 5700
0 0 5892
0 6 5368
0 115 5700
0 0 5884
0 0 5519
0 0 5497
0 0 5863
0 0 5847
0 0 5970
0 0 6017
0 0 4958
0 99 4971
0 0 5067
0 0 4498
0 0 4984
0 0 4945
0 0 5810
0 0 5900
0 0 5373
0 0 5755
0 126 4488
0 47 4470
0 0 5027
0 0 5038
0 0 4722
0 0 4923
0 0 5073
0 0 5078
0 0 4729
0 0 5169
0 9 4504
0 263 5146
0 0 5379
0 0 4834
0 0 5273
0 0 5515
0 0 5330
0 0 5342
0 0 5011
0 0 5126
0 11 4462
0 233 5041
0 0 5246
0 0 5639
0 0 4919
0 0 5096
0 0 5217
0 0 5265
0 0 5275
0 0 4911
0 14 4540
0 179 5089
0 0 5240
0 0 5264
0 0 5246
0 0 5200
0 0 4827
0 0 5263
0 0 5240
0 0 5271
0 6 4716
0 143 5144
0 0 5275
0 0 4735
0 0 5216
0 0 5260
0 0 5246
0 0 5277
0 0 5273
0 0 4925
0 1 4718
0 126 5121
0 0 4784
0 0 5254
0 0 6106
0 0 5600
0 0 6115
0 0 6147
0 0 6186
0 27 5042
0 165 5080
0 0 5249
0 0 4707
0 0 5448
0 0 5094
0 0 4718
0 0 5282
0 0 5476
0 0 5140
0 28 5320
0 206 5954
0 0 4972
0 0 5202
0 0 4819
0 0 5166
0 2 5369
0 0 4827
0 0 5237
0 0 5312
0 136 4945
0 66 5491
0 0 6082
0 0 6082
0 0 6166
0 0 6172
0 0 5686
0 0 6017
0 0 6175
0 36 5534
0 185 5884
0 0 5221
0 0 5030
0 0 5147
0 0 6086
0 0 6227
0 0 5616
0 0 6205
0 21 5611
0 273 5983
0 0 6194
0 0 5074
0 0 5275
0 0 5250
0 0 5297
0 0 5358
0 0 4821
0 45 4976
0 251 5955
0 49 6163
0 0 5367
0 0 5249
0 0 4912
0 0 5171
0 0 5302
0 0 5717
0 0 6031
0 58 5711
0 260 5854
0 0 5533
0 0 5343
0 0 5227
0 0 5229
0 0 5293
0 0 5365
0 0 5005
0 53 5471
0 284 5579
0 0 5804
0 0 5439
0 0 5373
0 0 4817
0 0 5558
0 0 5220
0 0 5270
0 0 5310
0 53 4941
0 47 4702
0 0 5280
0 0 5259
0 0 5296
0 0 5308
0 0 5314
0 0 5177
0 0 6063
0 59 5526
0 22 6042
0 0 6138
0 0 6185
0 0 4856
0 0 5045
0 0 5850
0 0 6185
0 0 6213
0 0 5444
0 204 6039
0 0 5841
0 0 5971
0 0 6164
0 0 6126
0 0 6220
0 0 5583
0 0 4660
0 0 5212
0 268 5497
0 0 5251
0 0 5304
0 0 5273
0 0 4894
0 0 5999
0 0 6170
0 0 6145
0 66 5601
0 173 5981
0 0 6194
0 0 5541
0 0 6166
0 0 6166
0 0 6210
0 0 6167
0 0 6210
0 67 5498
0 5 5528
0 0 6112
0 0 6152
0 0 6174
0 0 6225
0 0 5515
0 0 5893
0 18 4869
0 0 5258
0 28 5215
0 0 5261
0 0 4739
0 0 5278
0 0 5260
0 0 5310
0 0 5302
0 0 4776
0 2 4634
0 15 5479
0 262 4928
0 0 5025
0 0 5021
0 0 4716
0 0 4902
0 0 5008
0 0 5063
0 0 5561
0 0 5066
0 61 4093
0 284 5244
0 0 5811
0 0 5704
0 0 5801
0 0 5808
0 0 5890
0 0 5324
0 0 5833
0 63 5297
0 0 5862
0 0 5789
0 0 5921
0 0 5234
0 0 5912
0 0 5698
0 0 5877
0 0 5460
0 35 5171
0 0 5769
0 0 5827
0 0 5873
0 0 5242
0 0 5810
0 0 5865
0 0 5947
0 0 5952
0 26 4788
0 236 4701
0 0 5069
0 0 5117
0 0 5056
0 0 5120
0 0 5071
0 0 5057
0 0 5074
0 0 5067
0 55 4615
0 234 4864
0 0 5014
0 0 5043
0 0 5127
0 0 5088
0 0 5057
0 0 5076
0 0 5148
0 0 5161
0 53 4650
0 0 5021
0 125 4850
0 0 5313
0 0 5018
0 0 5025
0 0 5104
0 0 5065
0 0 5033
0 0 4867
0 0 5365
0 51 5726
0 0 5838
0 0 5994
0 0 5925
0 0 5831
0 0 5055
0 0 5037
0 0 4537
0 0 4973
0 38 4507
0 4 4604
0 0 5061
0 0 5126
0 0 4792
0 0 4890
0 0 5039
0 0 5024
0 0 4744
0 0 4923
0 0 4776
0 58 4679
0 240 4848
0 0 5070
0 0 4756
0 0 5260
0 0 5072
0 0 5084
0 0 5094
0 0 5570
0 0 4627
0 76 4625
0 241 4574
0 0 5072
0 0 5028
0 0 4705
0 0 5027
0 0 5060
0 0 5053
0 0 4602
0 0 5031
0 42 4548
0 0 5036
0 0 4993
0 0 5039
0 0 4680
0 0 4991
0 0 4939
0 0 5096
0 0 5046
0 0 4703
0 0 4861
0 0 4700
0 0 5081
0 0 5069
0 0 5249
0 0 4727
0 0 5092
0 0 5475
0 0 5027
0 0 5060
0 0 5070
0 257 4411
0 0 5094
0 0 5037
0 0 5023
0 0 5052
0 0 5062
0 0 4676
0 0 4886
0 0 4999
0 0 5118
0 124 5101
0 186 5478
0 0 5614
0 0 5082
0 0 5020
0 0 5589
0 0 5056
0 0 5089
0 0 5142
0 0 5249
0 116 4603
0 0 5802
0 0 5813
0 0 5913
0 0 5889
0 0 5891
0 0 5819
0 0 4747
0 0 5919
0 10 4890
0 20 5788
0 0 5312
0 0 5068
0 0 4660
0 0 4672
0 0 4591
0 0 5939
0 0 5968
0 0 5370
0 117 5494
0 4 5948
0 0 5545
0 0 5785
0 0 6054
0 0 5970
0 0 5921
0 0 5485
0 0 5927
0 79 4498
0 240 4828
0 0 5093
0 0 5061
0 0 5785
0 0 5378
0 0 5940
0 0 5807
0 0 5854
0 50 5027
0 205 4825
0 0 4675
0 0 4845
0 0 5046
0 0 6022
0 0 5218
0 0 4918
0 0 4988
0 0 4531
0 0 4988
0 21 4394
0 0 5050
0 0 5039
0 0 5150
0 0 5232
0 0 5893
0 0 5890
0 0 5834
0 0 5872
0 0 5341
0 0 6013
0 0 5437
0 0 5999
0 0 5735
0 0 5066
0 0 4949
0 0 4754
0 0 4901
0 0 5072
0 129 4576
0 127 5023
0 0 4971
0 0 5061
0 0 4849
0 0 5872
0 0 5956
0 0 5836
0 0 5890
0 126 5220
0 204 5634
0 0 5438
0 0 5938
0 0 5879
0 0 5889
0 0 5964
0 0 5879
0 0 5489
0 12 5061
0 42 5803
0 0 5793
0 0 5877
0 0 5963
0 0 6153
0 0 5567
0 0 5335
0 0 5305
0 86 4541
0 0 5244
0 12 6056
0 0 5319
0 0 4714
0 0 5229
0 0 5236
0 0 5233
0 0 5280
0 0 5293
0 14 4225
0 96 5433
0 0 5229
0 0 5171
0 0 5358
0 0 5224
0 0 4780
0 0 5278
0 0 5295
0 0 5190
0 4 4750
0 0 5849
0 0 5968
0 0 5318
0 0 5994
0 0 5864
0 0 5908
0 0 5892
0 0 5899
0 93 5173
0 0 4768
0 0 4982
0 0 4712
0 0 4887
0 0 4982
0 0 4603
0 0 4998
0 0 5078
0 0 4662
0 0 4990
0 182 4369
0 160 4858
0 0 5040
0 0 4648
0 0 5027
0 0 4976
0 0 5042
0 0 5082
0 0 4455
0 0 4955
0 169 4709
0 171 5752
0 0 5948
0 0 4941
0 0 4925
0 0 4577
0 0 4975
0 0 5064
0 0 4975
0 0 5017
0 0 4491
0 8 4698
0 0 5865
0 0 5739
0 0 4953
0 0 5865
0 0 5995
0 0 5349
0 0 5917
0 0 5762
0 93 5320
0 10 5634
0 0 5889
0 0 5314
0 0 5706
0 0 5928
0 0 5748
0 0 5832
0 0 5830
0 4 4669
0 89 4526
0 0 5002
0 0 5027
0 0 4938
0 0 5051
0 0 4975
0 0 5087
0 0 4565
0 0 5655
0 27 5217
0 0 5845
0 0 5760
0 0 5885
0 0 4692
0 0 5068
0 0 4360
0 0 4884
0 0 4442
0 0 5847
0 40 4173
0 131 4806
0 0 5034
0 0 5839
0 0 5936
0 0 5878
0 0 5203
0 0 5730
0 0 5913
0 0 5175
0 6 5495
0 0 5845
0 0 5811
0 0 5780
0 0 5749
0 0 5893
0 0 4442
0 0 5628
0 86 5159
0 10 4893
0 28 4998
0 0 5204
0 0 5773
0 0 5391
0 0 5889
0 0 5839
0 0 5941
0 0 5500
0 23 4907
0 50 4958
0 0 5028
0 0 5946
0 0 6032
0 0 5903
0 0 5734
0 0 5758
0 0 5463
0 0 5446
0 16 5769
0 0 5033
0 0 4911
0 0 5105
0 0 4712
0 0 4766
0 0 4886
0 0 5075
0 0 5026
0 23 4619
0 18 5026
0 0 4593
0 0 4974
0 0 5052
0 0 5020
0 0 5061
0 0 5023
0 0 4635
0 0 4989
0 0 4989
0 231 4779
0 93 5882
0 0 5877
0 0 5528
0 0 5843
0 0 5968
0 0 5853
0 0 5942
0 0 5765
0 126 4019
0 144 4438
0 0 5628
0 0 5699
0 0 5886
0 0 5780
0 0 5803
0 0 5849
0 0 5303
0 0 5139
0 0 5553
0 0 5789
0 0 4750
0 0 4922
0 0 4374
0 0 4942
0 0 4682
0 0 4917
0 0 5869
0 0 5357
0 27 5386
0 0 5801
0 0 5065
0 0 5146
0 0 5045
0 0 5085
0 0 4994
0 0 4598
0 0 4962
0 171 4251
0 100 5003
0 3 5583
0 0 5808
0 0 5506
0 0 5664
0 0 5692
0 0 5762
0 0 5748
0 0 5527
0 26 4762
0 287 5495
0 0 5520
0 0 4998
0 0 4910
0 0 4566
0 0 4964
0 0 4921
0 0 4945
0 0 4957
0 0 3850
0 86 4606
0 0 4918
0 0 4969
0 0 4927
0 0 4921
0 0 4755
0 0 4662
0 0 4419
0 0 4887
0 0 4902
0 62 4778
0 0 5655
0 0 5720
0 0 4668
0 0 4517
0 0 4702
0 0 4730
0 0 4739
0 0 4642
0 0 4488
0 23 3426
1096 80 8648
6837 688 18306
13442 620 17523
20085 610 16818
27121 602 16220
34121 584 15981
41195 476 14270
47730 544 12569
55760 593 14614
63640 567 13583
72205 617 14142
80894 610 13275
89307 568 11797
97535 542 10956
105731 534 10449
112198 432 8032
121520 598 10582
131372 625 10026
140212 563 9087
149556 569 8782
159167 573 8769
168540 552 7963
178111 560 7822
188016 569 7352
198174 570 7183
207913 552 6577
218679 599 6842
228290 542 5827
238095 549 5739
247387 536 5051
256952 537 4977
266813 559 5044
277248 584 5159
286716 532 4460
297123 583 4703
306987 533 4152
316401 511 3838
326358 541 3905
337358 615 4281
348312 581 3832
358116 583 3494
367858 520 3259
377620 524 3162
387617 561 3210
397378 534 2922
407731 553 3069
419492 643 3376
429899 551 2846
438062 440 2134
448319 553 2657
456240 479 2093
466503 601 2593
477460 577 2679
488729 601 2649
500164 587 2697
510181 509 2138
520057 531 2178
530523 580 2213
541150 596 2260
551787 582 2153
562384 569 2122
572533 533 1972
582908 547 1902
593296 555 1847
603284 538 1772
613439 530 1689
623433 528 1660
634700 590 1856
644420 495 1578
654537 535 1590
664333 522 3270
674166 542 3186
683934 545 2400
693731 580 1960
704059 558 1796
713746 526 1514
723936 546 1551
733793 523 1513
743818 536 1438
752310 627 1207
762491 536 1400
773014 531 1324
783314 516 1365
793354 551 1216
803175 505 1088
813205 547 1228
823761 565 1248
833508 534 1053
843181 528 1101
852970 536 1083
863194 580 1114
873397 542 1188
883516 532 1106
894663 551 1191
905241 530 1041
915697 528 1004
925980 546 935
936272 538 1045
946349 556 981
956564 528 906
966347 511 964
976200 541 928
985874 590 915
995835 543 857
1006238 566 913
1016311 557 882
1027257 554 922
1037102 531 809
1047646 531 850
1058148 554 902
1068443 537 892
1078597 527 804
1089476 569 870
1099520 527 841
1110633 582 890
1120784 520 703
1131254 548 802
1141523 563 783
1152074 560 710
1162156 511 676
1171543 507 663
1181591 511 725
1192397 555 745
1203372 623 744
1213275 526 657
1223316 534 707
1234145 569 637
1244292 534 686
1254319 531 606
1264607 582 619
1275526 569 656
1286098 529 692
1296067 513 660
1306428 588 636
1316905 537 622
1327511 545 641
1334547 383 417
1342983 470 524
1353042 533 598
1363343 535 560
1373355 549 495
1383200 543 546
1393326 547 569
1403729 552 576
1411247 432 416
1422716 591 613
1433432 562 566
1444646 573 617
1455135 515 510
1465453 517 531
1475583 544 568
1484404 478 490
1494549 567 516
1504846 560 486
1515856 587 538
1526707 576 545
1537320 559 506
1548185 599 486
1560096 629 719
1571848 587 519
1583417 569 567
1594550 571 521
1606627 686 556
1618382 645 563
1629237 566 477
1640880 614 493
1652544 613 602
1663488 609 485
1674113 603 514
1685060 598 441
1696497 617 489
1707074 533 441
1718284 569 543
1728205 520 429
1738602 548 571
1748668 529 741
1759931 602 664
1770171 529 584
1780294 536 510
1790604 533 482
1800735 524 427
1808929 458 348
1819922 587 425
1830273 526 442
1839654 570 385
1849867 537 421
1860087 534 411
1869711 516 379
1880623 575 417
1890900 537 393
1901029 552 335
1911531 547 376
1922405 561 404
1929890 391 290
1940231 545 402
1950701 553 372
1960600 528 434
1971116 548 349
1981709 533 388
1991494 496 378
2000577 504 404
2010609 538 339
2020287 550 389
2030832 555 385
2040653 521 352
2050611 520 319
2060967 535 327
2070553 488 352
2080415 535 369
2090593 546 421
2101015 536 393
2111064 523 335
2121403 507 325
2131362 508 336
2141275 548 324
2151240 537 320
2162183 596 415
2172378 541 322
2184416 652 398
2195112 554 357
2206440 590 424
2216975 545 356
2227722 562 300
2238829 566 360
2250674 607 348
2258819 401 219
2269606 527 331
2280397 554 351
2291061 539 369
2301129 524 314
2311437 537 267
2321807 563 353
2331905 541 308
2342299 556 307
2353261 609 321
2363777 558 324
2374138 533 295
2385207 566 312
2396751 577 343
2408277 576 364
2418968 592 389
2430277 601 327
2442025 610 333
2452188 521 364
2462983 577 288
2474593 610 350
2486238 615 401
2496580 539 310
2506014 509 206
2517069 554 322
2527730 306 299
2537398 503 265
2547701 536 279
2558636 580 316
2568777 541 268
2580145 616 291
2590881 603 323
2601042 529 338
2611430 539 255
2622305 582 301
2633290 573 343
2644951 592 325
2656528 560 322
2667491 536 279
2678110 553 247
2689445 602 322
2700303 584 270
2711506 594 328
2723061 625 293
2734025 588 269
2744396 555 279
2754397 560 224
2765388 594 311
2776897 576 272
2789148 653 324
2800392 554 291
2810365 482 240
2820867 561 320
2831870 563 275
2842142 541 256
2853019 579 275
2862773 535 231
2870702 467 192
2881651 583 337
2892611 577 277
2902884 561 297
2913927 558 284
2924030 508 306
2934172 518 289
2945057 594 286
2952516 399 237
2963916 610 298
2974743 565 244
2984567 543 248
2995842 624 274
3006266 533 269
3017453 594 282
3028410 582 222
3038737 535 252
3049763 553 320
3060882 590 253
3072013 548 297
3083363 564 246
3094613 627 232
3105606 647 265
3116900 610 261
3127177 550 278
3138016 586 215
3148795 569 254
3160276 604 258
3171596 576 243
3182403 576 248
3194115 581 240
3204803 527 235
3215377 551 289
3225735 538 301
3236481 575 271
3247288 562 284
3258779 600 247
3269210 552 254
3279243 548 247
3289468 559 299
3300175 587 235
3310567 536 281
3321895 605 310
3333776 596 310
3345495 574 284
3356498 553 262
3368214 627 316
3379420 599 268
3390229 600 234
3401892 615 265
3413135 590 282
3420703 411 174
3429019 451 226
3440549 625 221
3451409 587 191
3461954 543 265
3473916 610 308
3485052 594 277
3496714 614 258
3508454 645 230
3520584 651 279
3532361 610 236
3543379 582 180
3554053 573 217
3565608 644 254
3576619 594 198
3588155 577 253
3600233 597 266
3612048 599 220
3623191 619 222
3633938 576 223
3645127 603 225
3656665 652 250
3668162 629 236
3679300 622 282
3690697 608 232
3702797 648 264
3714387 618 245
3726047 579 209
3737175 588 207
3748845 582 240
3760672 634 229
3772512 622 180
3784510 627 206
3795560 608 242
3806666 604 228
3818214 596 220
3828706 560 216
3840902 669 268
3852376 660 235
3864082 609 212
3875903 605 184
3887820 602 233
3899285 645 270
3910683 619 205
3922010 593 201
3933665 609 215
3945176 615 211
3956636 606 210
3968046 620 250
3979427 586 205
3991407 627 237
4003588 616 241
4015843 602 283
4027096 579 176
4037441 563 219
4048242 582 170
4059391 591 162
4070868 620 222
4079576 477 194
4090271 598 221
4102050 632 218
4113440 604 208
4123594 528 196
4134575 556 235
4146045 587 217
4157182 575 215
4168649 599 200
4180440 613 210
4192836 670 204
4204664 641 222
4216298 610 221
4227993 616 230
4238769 589 217
4250362 607 225
4261410 624 243
4273095 595 189
4284956 604 217
4296372 602 210
4308127 626 234
4318727 599 211
4328569 535 175
4338872 535 160
4348741 513 179
4356149 395 152
4366507 544 205
4377478 599 227
4388213 541 200
4399194 561 182
4409773 519 249
4420000 504 162
4430456 545 218
4440941 554 159
4451305 541 203
4461961 569 195
4472414 538 195
4483201 562 199
4493629 561 189
4504650 603 202
4514483 534 173
4524786 557 187
4535204 539 178
4546031 527 186
4556204 497 215
4564034 407 121
4575832 620 241
4586134 544 173
4596425 544 218
4606298 541 208
4617166 574 178
4628362 572 185
4639428 567 182
4650260 563 200
4660673 538 199
4671029 530 223
4680686 489 199
4690842 522 199
4701151 557 172
4711363 564 164
4721070 517 146
4731214 537 183
4741993 576 195
4749223 405 121
4759419 550 194
4769382 544 160
4780750 618 184
4791766 574 194
4802109 517 174
4812281 512 138
4822741 513 202
4833430 531 176
4843362 519 150
4852956 520 111
4863273 551 189
4874287 585 209
4884282 561 138
4894231 551 145
4904633 564 183
4915250 566 168
4926021 561 182
4933713 437 149
4943500 525 130
4954202 549 177
4964928 541 191
4975344 531 137
4986245 571 155
4997024 563 167
5007486 566 173
5017853 539 166
5027887 519 188
5039001 590 187
5050763 619 202
5061843 558 167
5071845 530 220
5082095 510 186
5092229 516 151
5102416 562 155
5112989 578 159
5123013 572 179
5134175 619 196
5144543 541 117
5155015 547 167
5165741 581 203
5176764 603 132
5184385 405 108
5196098 621 184
5207410 578 219
5217952 516 173
5228279 508 138
5238244 558 187
5249236 552 225
5259354 534 152
5269914 579 189
5281698 644 214
5292066 569 164
5302980 591 149
5314165 601 189
5325579 615 145
5336486 540 136
5346604 524 161
5356495 495 167
5366830 514 176
5377355 552 169
5387849 543 151
5398023 526 156
5408124 573 169
5418888 561 150
5428093 470 182
5438114 521 175
5448274 541 148
5458799 571 180
5468272 555 126
5478514 521 168
5489310 537 193
5499838 518 137
5509863 523 165
5520219 563 172
5530253 533 176
5540044 513 158
5550212 532 166
5560427 542 142
5570553 529 156
5580715 568 138
5590815 525 146
5599725 476 169
5610447 537 180
5620861 548 155
5631295 519 167
5640425 587 115
5648013 405 101
5658600 553 171
5668558 521 146
5678484 538 149
5688912 558 179
5699069 586 157
5708955 528 128
5718929 540 164
5730408 611 157
5740943 538 190
5752079 547 155
5762823 559 172
5773472 540 184
5783603 519 139
5793652 533 168
5803640 528 174
5814211 583 159
5825136 569 169
5835670 554 177
5846284 566 181
5857128 589 193
5867465 566 138
5877729 538 136
5887447 490 150
5898171 533 131
5908663 545 145
5919590 582 165
5930182 560 172
5940894 569 172
5951470 558 170
5961538 521 140
5971428 517 136
5982061 567 148
5991784 518 167
6003004 591 159
6014247 563 159
6025311 545 162
6035543 505 126
6045112 514 146
6054999 526 156
6065443 573 155
6075964 569 143
6086138 548 109
6095781 526 145
6106694 577 158
6117045 567 156
6126307 495 124
6136906 578 132
6146710 487 112
6157363 603 163
6167487 498 151
6177936 512 159
6189590 606 199
6199631 520 114
6210159 549 125
6220284 542 122
6231017 583 149
6241052 556 124
6248579 923 62
6248579 2374 0
6248579 2076 0
6248579 1781 0
6248579 1982 0
6248579 1940 0
6248742 1418 2
6248785 1190 3
6248834 1142 3
6249039 1158 3
6249056 1288 3
6249181 1162 3
6249712 1154 2
6249956 995 3
6250371 681 3
6250397 1209 3
6250397 1564 2
6250617 1263 3
6250622 1205 3
6251040 1183 2
6251120 1327 3
6251354 1258 3
6251510 1198 3
6251594 1231 3
6251600 1160 4
6251600 1249 3
6251785 1244 3
6251919 1262 4
6252049 1213 3
6252407 1146 3
6252419 1278 3
6252722 1198 3
6253109 1026 3
6253109 1281 2
6253460 1222 3
6253785 1111 3
6254481 884 4
6254531 1084 3
6254531 1284 3
6254804 1097 2
6255284 1258 4
6255370 1258 3
6255370 1215 3
6255548 1133 3
6255814 1146 3
6255838 1155 3
6256354 1137 4
6256614 1239 3
6257391 1140 3
6257548 1179 3
6257615 1189 4
6257849 1123 4
6258127 1073 2
6258191 1415 3
6258191 1361 3
6258457 1263 3
6258719 1090 3
6258862 1151 4
6258862 1252 3
6259490 1116 3
6259542 1219 3
6259723 1071 3
6260047 1036 3
6260047 1116 3
6260081 1239 2
6260202 1135 4
6260246 1237 3
6260614 1056 3
6260996 1130 3
6261349 1095 3
6261634 1209 5
6261818 1266 2
6262155 1342 3
6262340 1462 3
6262405 1333 3
6262405 1395 3
6262609 1244 5
6262760 1178 3
6262885 1269 2
6263369 1241 3
6263748 1346 4
6263754 1335 4
6263992 1150 4
6264221 1025 3
6264281 1189 3
6264336 1263 3
6264458 1238 4
6264848 1074 5
6265010 1047 3
6265251 1106 5
6265692 1074 3
6266134 1106 2
6266134 1305 3
6266451 1221 4
6267282 1037 4
6267403 1204 3
6267868 1036 3
6267961 1461 3
6268314 1389 2
6268633 1510 6
6268743 1514 3
6268961 1225 3
6269087 1178 4
6269730 1040 3
6269907 1230 3
6270530 920 4
6270531 1175 2
6270594 1207 3
6270929 1194 4
6271113 1092 3
6271612 919 4
6271955 912 3
6271955 1182 2
6272218 1240 3
6272310 1406 3
6272465 1009 5
6272672 1027 5
6272822 1203 3
6272870 1238 3
6273417 1128 2
6273417 1134 3
6273886 1012 5
6273987 1100 3
6274419 1014 6
6274616 1769 2
6275003 1140 2
6275357 998 3
6275729 1048 3
6275884 1083 3
6276007 1066 4
6276240 1076 2
6276273 1236 4
6276570 1137 4
6276952 969 3
6277298 1011 7
6277823 938 3
6277823 1131 3
6277828 1032 3
6278231 1021 3
6278234 1181 3
6278551 1238 3
6278551 1222 3
6278761 993 4
6279442 926 5
6279686 1115 2
6279916 1362 5
6280087 1102 4
6280109 1196 4
6280568 1113 3
6281291 964 4
6281861 950 4
6282280 1143 3
6282526 1284 3
6282544 1216 3
6282634 1244 3
6282798 1284 3
6282962 1219 4
6283862 1050 3
6284173 1259 6
6284349 1279 4
6284505 1407 2
6285420 1042 5
6285592 1219 4
6285782 1081 3
6286074 1109 3
6286137 1074 4
6286145 1088 3
6286466 1220 3
6286598 1344 3
6286598 1424 3
6287091 1185 6
6287516 1109 3
6287644 1145 4
6287742 1315 5
6288635 1178 3
6289076 1112 4
6289814 1228 4
6289814 1214 7
6289912 1219 4
6290168 1147 3
6290988 891 7
6291313 1108 4
6291313 1321 3
6291611 1272 6
6291650 1164 3
6292276 1028 6
6292613 1204 3
6292705 1374 3
6292967 1409 2
6293006 1258 4
6293420 1166 7
6293451 1125 7
6293746 990 5
6293760 1015 4
6293976 1105 3
6294358 1166 4
6294769 1106 5
6294888 1223 3
6295156 1241 3
6295405 1120 3
6296018 446 4
6296553 4 6
6297131 6 3
6297714 9 3
6297724 10 5
6298273 8 3
6298366 10 5
6298508 7 2
6298937 6 5
6299034 9 2
6299298 14 3
6299500 8 3
6299620 12 2
6300227 10 5
6300493 10 6
6300806 7 3
6300956 9 3
6301033 8 4
6301732 11 4
6301745 11 7
6301803 13 3
6302208 13 2
6303367 14 3
6303996 8 5
6304242 12 4
6304546 7 2
6304801 9 6
6304902 6 4
6305224 32 8
6305247 835 3
6305338 1184 4
6305391 1215 2
6305391 1343 3
6305458 1247 6
6305690 1232 3
6305991 1152 8
6306599 916 4
6307127 959 6
6307548 1163 2
6308544 1072 6
6308544 1198 5
6308938 1073 5
6308976 1090 3
6309483 1065 3
6309840 1077 4
6310296 1147 6
6310369 1233 3
6310903 880 4
6310983 1147 3
6312082 853 10
6312489 1318 4
6312627 1132 4
6313043 1172 5
6313580 986 4
6313583 1034 4
6313591 1036 2
6313670 1201 5
6313837 1177 5
6314092 1057 11
6314289 1118 5
6315480 926 5
6315480 1186 2
6316160 1197 4
6316613 1199 5
6316976 1334 5
6317567 1180 6
6318354 1067 4
6318978 1108 5
6319459 1167 5
6319650 1276 5
6319679 1319 3
6320049 1165 5
6320363 1170 4
6320884 1095 6
6321687 1140 6
6322432 1113 5
6322977 1008 7
6324445 873 11
6324630 1092 5
6324859 1189 3
6325790 1018 3
6326137 1174 5
6326222 1159 3
6326246 1059 4
6326315 1122 5
6326646 1043 5
6327419 983 10
6328082 1156 5
6328972 768 9
6329712 828 4
6330119 1006 7
6330818 1024 5
6331642 1000 7
6332267 1358 9
6332905 1138 8
6332918 1226 3
6332948 1246 3
6333434 948 8
6333878 1135 5
6334108 1044 7
6334866 1003 2
6335513 1038 6
6335711 1186 5
6335839 1253 5
6336189 1157 5
6336189 1379 4
6336251 1317 5
6336826 1217 4
6337374 1126 8
6337702 1236 5
6338331 1065 6
6339241 904 15
6339800 837 8
6340310 1033 5
6340623 1177 5
6340872 1162 3
6341693 997 10
6342708 959 4
6343082 1117 4
6343459 954 8
6343495 1156 4
6343567 1227 4
6344498 934 9
6345387 1004 5
6345387 1107 4
6345796 1081 4
6346472 1049 9
6347174 1020 5
6347479 1177 9
6347556 1245 4
6347991 1114 4
6348616 1125 14
6348692 1036 3
6348767 1220 3
6348961 1051 8
6349849 934 13
6350009 1087 4
6350643 857 6
6350761 1366 3
6351019 1158 5
6351487 1155 6
6351683 1084 4
6351935 1116 4
6352204 1142 6
6352373 1198 5
6352775 1167 6
6353329 1118 11
6353411 1386 8
6354448 1169 5
6355687 1010 6
6355851 1133 3
6356349 985 9
6357013 972 6
6357117 1193 4
6359137 783 13
6359587 1143 8
6359902 1116 6
6360463 1030 9
6360632 1182 3
6362322 677 4
6362704 1012 5
6363460 1141 3
6363685 1177 7
6364068 1084 9
6364457 1046 7
6364849 1239 6
6364862 1195 4
6365186 1140 6
6365186 1136 3
6365841 936 5
6365950 1132 6
6366284 809 4
6366562 952 6
6367051 964 8
6367498 999 5
6368128 1012 7
6369053 784 8
6369265 1197 7
6370039 974 8
6370910 820 11
6371126 1078 7
6371479 1032 6
6371640 1434 6
6372126 1030 5
6373226 878 12
6374322 764 9
6374910 1060 8
6375781 949 7
6376638 1007 4
6376657 995 3
6377373 969 9
6377802 978 5
6378234 848 10
6379688 602 16
6380494 878 9
6381220 1005 8
6381695 1055 6
6382631 870 7
6385057 756 12
6385705 1138 8
6385803 975 5
6386669 789 3
6386866 1152 5
6387243 1190 3
6387243 1037 5
6387353 1131 6
6387445 1043 7
6387519 1297 5
6388396 960 8
6389242 1077 5
6389769 1049 8
6390462 1001 13
6391271 877 9
6391861 983 10
6392135 757 5
6394141 991 7
6394859 1074 10
6394973 1289 5
6395613 908 9
6396574 951 12
6397496 913 4
6397926 1103 10
6397998 1388 4
6398469 956 9
6399134 951 9
6399589 894 3
6400443 914 13
6402563 796 17
6403036 954 4
6403204 917 5
6403257 1320 4
6403681 1098 10
6403700 1070 3
6404036 952 3
6404339 1096 3
6404661 922 6
6405642 804 17
6406932 877 17
6407542 1270 5
6407551 1271 5
6408074 1042 6
6408410 1077 3
6408585 1182 6
6408928 903 10
6409145 1125 6
6409755 1094 7
6410793 986 10
6411114 1154 5
6412117 816 6
6413044 778 6
6413503 1187 6
6414561 1012 11
6415768 963 7
6415899 1162 6
6416285 983 7
6416606 1049 6
6417311 1057 6
6417311 1310 2
6417533 1306 6
6418063 1037 8
6419311 798 14
6419571 1077 8
6420204 428 6
6420747 6 4
6420948 5 7
6421707 4 16
6422153 8 3
6422476 7 5
6423291 9 4
6423917 6 6
6424191 5 4
6424746 8 5
6426414 8 9
6427004 8 14
6427934 9 17
6428161 7 2
6428418 8 6
6428801 5 15
6429432 5 10
6429794 5 9
6430355 9 3
6431203 8 9
6431635 3 5
6432075 5 7
6432248 5 6
6432423 4 5
6432767 3 5
6433324 3 13
6434333 9 17
6435423 9 12
6436198 6 13
6437078 9 15
6437811 10 7
6439608 6 14
6439981 9 5
6440129 7 8
6440573 5 5
6441001 8 7
6441456 4 10
6442122 5 6
6442979 6 8
6444102 4 20
6446765 8 18
6448296 7 26
6449359 5 10
6449925 4 10
6450629 6 13
6450927 6 6
6451527 4 8
6451690 5 5
6452027 6 8
6452543 6 17
6454014 6 5
6454959 5 13
6455512 5 3
6455621 9 8
6456190 5 4
6456731 7 5
6457311 5 8
6457774 5 12
6459302 7 8
6459302 6 6
6459382 7 4
6461319 3 9
6462019 4 9
6462851 4 8
6463756 2 10
6464309 995 4
6465841 910 22
6467263 1059 10
6468765 812 20
6469667 1208 10
6470244 1232 7
6471422 938 13
6473839 839 13
6475358 801 19
6476101 1079 8
6477621 792 20
6478601 1035 11
6478650 1275 9
6479792 857 15
6480139 1020 12
6481980 841 11
6482222 1011 5
6482523 1091 3
6482942 1338 15
6483226 1212 5
6483511 1208 3
6483765 990 12
6485469 693 20
6486433 1067 10
6487173 845 7
6487939 1057 13
6489499 914 9
6490348 825 16
6490905 1067 5
6492462 763 20
6492598 1198 6
6493816 1055 10
6494504 269 18
6495821 805 7
6496297 1105 8
6497368 977 9
6498777 920 19
6500008 880 5
6501121 1041 8
6502689 760 15
6503211 994 5
6503274 889 3
6504473 858 10
6505496 815 15
6505701 1146 10
6507208 1178 16
6509061 932 14
6509662 1234 14
6510363 1119 12
6511541 1066 6
6512032 1014 4
6512974 890 11
6513706 761 8
6514479 953 13
6515347 984 7
6516187 1024 10
6517178 1125 15
6518029 714 16
6518711 831 5
6520111 816 17
6521327 807 3
6522151 1018 9
6523907 863 13
6524289 1142 12
6525419 798 8
6526939 747 10
6527110 910 3
6527440 1057 6
6527982 994 7
6529774 722 19
6530743 747 7
6531333 1008 9
6532134 809 11
6532905 947 5
6534397 992 24
6535269 1031 18
6537159 776 27
6538386 889 11
6539004 1143 16
6540085 990 15
6540659 1064 13
6541006 1160 10
6542115 856 23
6543392 888 14
6544162 967 13
6545015 679 14
6547034 688 14
6547976 731 4
6548542 850 12
6549375 929 13
6550425 538 11
6550747 1095 9
6551081 982 8
6551504 915 7
6552796 786 12
6554455 781 23
6555579 705 8
6556449 736 9
6556990 935 7
6557689 1076 7
6558011 1079 4
6559343 944 9
6560605 908 23
6562066 841 12
6562166 985 4
6562855 944 13
6564255 830 14
6566191 938 16
6566289 1339 4
6567493 1087 20
6568376 1008 9
6569738 753 22
6570113 1050 10
6571168 946 11
6572152 1055 16
6573021 1057 5
6573457 991 22
6574903 966 15
6576282 809 31
6577835 859 20
6578625 993 7
6580568 853 21
6582595 707 34
6583140 973 17
6584413 720 23
6585858 756 10
6587284 871 20
6589017 842 20
6589512 1051 8
6589724 901 6
6591460 880 17
6593919 689 20
6594858 1000 9
6597416 733 29
6599852 722 21
6600754 1105 6
6601902 864 20
6602660 1022 5
6604693 742 18
6605104 883 6
6607823 676 18
6608434 984 5
6609654 1139 12
6610804 1081 12
6612812 734 22
6614090 453 24
6614999 853 10
6615519 1129 7
6617168 958 11
6618089 1101 23
6618855 1157 7
6619431 994 20
6619949 1051 8
6620534 913 6
6622495 801 29
6623175 1057 9
6624123 755 21
6625636 745 12
6626566 962 13
6626805 1190 6
6628676 966 22
6629863 966 11
6632800 637 26
6635573 702 23
6638484 696 32
6640539 611 24
6642691 812 19
6643981 777 15
6645679 761 22
6647152 900 17
6648287 979 10
6649412 937 16
6650527 768 15
6651862 970 17
6652756 1168 15
6652856 1323 6
6653717 882 21
6654662 1007 16
6656878 782 29
6658344 902 29
6659475 1195 12
6662122 833 21
6663476 1051 24
6666579 721 42
6668959 848 27
6670726 770 15
6671775 883 11
6673354 844 15
6674886 920 15
6676528 913 9
6677653 966 19
6678755 876 14
6679959 995 13
6681476 705 10
6682932 736 31
6684141 492 17
6687309 656 26
6688649 870 13
6689249 987 12
6690031 809 13
6691094 867 27
6692607 508 28
6693923 753 12
6694053 1077 6
6694588 1039 11
6696081 664 17
6697149 994 9
6698388 761 17
6699595 741 19
6701033 925 22
6702065 969 15
6703331 1027 23
6704773 837 24
6706976 857 18
6710393 604 24
6713014 575 29
6713987 999 10
6715127 835 21
6716705 923 14
6718080 846 13
6719152 1647 8
6719152 2070 0
6719152 2165 0
6719152 2227 0
6719152 2148 0
6719152 1990 0
6719152 2129 0
6719152 2231 0
6719152 2096 0
6719152 2093 0
6719152 2243 0
6719152 2170 0
6719152 2231 0
6719205 1433 2
6719864 959 10
6721160 754 18
6722580 817 24
6725334 597 39
6726087 6 13
6727132 4 24
6729566 3 21
6733600 293 42
6736029 820 25
6736469 1146 9
6737927 685 17
6739582 811 11
6742102 645 29
6743091 869 9
6744580 765 25
6744794 1216 9
6747648 777 26
6749758 715 24
6751518 875 34
6753523 798 35
6755088 810 24
6757404 665 58
6758827 869 21
6760039 990 21
6763407 730 32
6766509 648 30
6768931 667 26
6770751 341 12
6772320 754 39
6774245 849 17
6777083 662 30
6778242 968 18
6780653 447 25
6782960 783 29
6784077 1128 15
6785894 823 31
6787821 570 23
6789597 792 34
6791633 652 22
6793544 867 17
6794643 867 33
6796556 966 24
6798075 803 23
6799518 796 29
6801520 737 25
6803918 737 22
6805857 955 20
6807672 710 17
6810563 759 52
6813151 722 28
6816331 714 32
6818831 766 24
6822303 575 42
6825291 743 48
6827010 926 21
6827804 1104 8
6829269 1002 14
6832376 433 31
6835434 591 51
6840040 592 64
6845183 556 53
6849780 628 39
6853029 746 61
6854585 922 18
6855901 1041 21
6859388 635 26
6862479 355 35
6866194 594 50
6869278 635 62
6871051 938 27
6873636 786 37
6874394 1196 13
6878510 789 54
6884469 536 64
6888814 395 49
6890656 745 23
6892350 768 29
6894460 702 26
6898742 526 57
6903282 618 50
6906810 710 63
6910095 710 47
6913317 636 47
6915623 792 30
6918302 720 28
6921428 673 54
6922576 991 13
6925138 432 32
6928432 544 43
6932255 648 53
6935128 675 37
6937908 695 27
6941407 573 35
6943239 831 40
6944975 1032 11
6947925 695 47
6952604 448 72
6957079 421 55
6961866 536 49
6965591 610 35
6971257 549 55
6977813 466 72
6981098 579 29
6984343 662 62
6989830 466 85
6995131 475 91
6997554 576 44
6998944 988 26
7000996 908 22
7002488 884 24
7005809 665 34
7010008 532 45
7012747 631 56
7015202 668 38
7018226 561 43
7022510 472 60
7028750 409 56
7034300 369 119
7039855 466 83
7044601 514 41
7049549 429 88
7053456 558 38
7057289 587 43
7060672 613 64
7066885 419 95
7072234 485 93
7075725 464 57
7078694 570 52
7084076 539 58
7090000 423 87
7093488 533 63
7095562 748 37
7099471 624 37
7102553 603 26
7106640 371 48
7111634 541 63
7117859 449 70
7122328 541 49
7124815 735 28
7126971 676 29
7131391 561 81
7136507 475 62
7139539 641 43
7145350 437 68
7150332 485 73
7153927 553 55
7158162 382 69
7164321 337 75
7172343 368 116
7180143 417 85
7184692 587 81
7189361 580 56
7192916 721 23
7196415 643 44
7200165 435 56
7207851 380 69
7214654 372 99
7219783 325 66
7227771 384 116
7235505 418 94
7242237 434 85
7250681 414 106
7256971 314 66
7263646 418 91
7267926 529 58
7271773 658 38
7275751 574 45
7281094 492 81
7285106 598 40
7290190 501 69
7295401 438 82
7302383 453 110
7307992 455 66
7314279 447 78
7320282 465 93
7325451 424 85
7332279 395 145
7340899 381 117
7347556 461 109
7355327 469 114
7361761 233 91
7371062 383 130
7380530 336 119
7389842 333 109
7400050 408 149
7408787 351 118
7417241 348 135
7424865 373 113
7435402 347 129
7444631 227 137
7451461 158 72
7460844 346 142
7469767 392 126
7478953 392 110
7489275 366 157
7499113 371 117
7508963 292 152
7518854 371 136
7526684 363 101
7534275 386 97
7542049 420 100
7552129 393 147
7561059 449 119
7568054 427 96
7576783 342 140
7586638 254 89
7594262 421 117
7602619 382 107
7610836 333 129
7620093 379 114
7628411 381 123
7636811 390 91
7646131 345 131
7656031 370 135
7665123 339 150
7674486 327 111
7684374 300 130
7694498 350 127
7704464 341 90
7714079 423 138
7722918 225 102
7733054 320 153
7741514 377 110
7749951 379 131
7760538 311 96
7770227 275 107
7779356 265 119
7788689 358 149
7798137 272 93
7808952 312 121
7819389 367 160
7829720 374 120
7840271 365 144
7850187 391 130
7860080 279 138
7869861 331 102
7878365 372 131
7888904 367 161
7899158 308 108
7907735 287 105
7917572 357 110
7927513 306 106
7937345 256 92
7944991 14 117
7952551 166 72
7961603 339 119
7970499 332 129
7979701 336 120
7989891 256 109
8000179 240 131
8009611 300 133
8020107 391 109
8030205 267 121
8038818 432 86
8047233 379 108
8056376 272 142
8065806 254 126
8076107 247 125
8087082 308 126
8097252 403 124
8107092 311 171
8117468 332 138
8126942 309 106
8136634 293 149
8146082 330 84
8154834 206 154
8165011 316 172
8174427 327 105
8183703 365 99
8193544 376 160
8201619 338 117
8211074 345 120
8221666 334 130
8231408 370 146
8240677 273 175
8250493 283 122
8259434 390 164
8269373 290 157
8279594 295 106
8289683 360 141
8299477 360 147
8309004 390 130
8316932 276 119
8326811 379 143
8337020 293 148
8347389 258 136
8357057 343 128
8365286 188 76
8375837 302 117
8386465 262 120
8396559 401 150
8405815 344 160
8416323 337 137
8427441 340 132
8437793 368 126
8448193 304 118
8458950 325 178
8469581 307 148
8479499 332 136
8490374 349 171
8500969 388 170
8511722 271 133
8522006 240 167
8532525 287 138
8543542 415 127
8554111 256 102
8564698 282 127
8575542 248 112
8586708 253 132
8593977 236 68
8603836 234 134
8613724 374 152
8624496 379 153
8636383 440 161
8647218 365 137
8657578 254 124
8668232 290 136
8678586 279 97
8689211 247 138
8700782 372 145
8711960 285 131
8723151 401 121
8732887 260 135
8743280 339 144
8753900 341 153
8764293 291 172
8773747 322 138
8784318 247 137
8793641 332 133
8802669 354 164
8812570 322 131
8822850 265 103
8833122 287 151
8843329 389 154
8853318 331 136
8863187 199 111
8873916 240 123
8884109 299 143
8893848 186 153
8904632 407 158
8914941 284 136
8925582 329 146
8936868 383 178
8948072 233 121
8958766 237 182
8969965 319 137
8979702 204 156
8988091 173 107
8999204 263 152
9009674 381 114
9019620 310 119
9029802 269 124
9040129 336 165
9051074 347 148
9060675 418 150
9070948 324 110
9081400 341 89
9092104 324 124
9102606 369 144
9111396 78 89
9119594 105 116
9130273 316 120
9141013 329 190
9150762 382 120
9160634 366 94
9170836 316 128
9180410 348 152
9189720 336 136
9200070 247 129
9209306 474 65
9219864 291 111
9229497 399 126
9239229 358 162
9249791 348 144
9260255 350 110
9269140 240 105
9279111 259 150
9288299 284 96
9299285 272 141
9309290 314 132
9317994 280 104
9326437 167 128
9337238 389 139
9347045 140 80
9356318 114 127
9364676 116 118
9372799 322 162
9382767 310 99
9393415 347 142
9403935 307 149
9412545 258 103
9423640 377 139
9432736 306 111
9441793 106 64
9452310 348 161
9461038 314 114
9471934 333 108
9478799 8 76
9488364 262 142
9497586 325 105
9505172 219 103
9513047 8 93
9519433 7 105
9529023 154 124
9538413 300 112
9545595 136 76
9555006 229 120
9565031 275 106
9575516 293 127
9583626 188 99
9593045 266 149
9602434 265 124
9611321 170 144
9621818 235 132
9631738 242 136
9641778 240 126
9650088 285 132
9660220 441 111
9668959 206 113
9677900 214 104
9685770 177 140
9694158 29 101
9703786 106 103
9712954 113 113
9719854 7 114
9729484 116 126
9739851 226 124
9746260 6 83
9753604 8 111
9761350 7 97
9767649 8 108
9772959 7 109
9780762 155 119
9790930 279 134
9800406 183 131
9810169 196 126
9816745 8 112
9826964 7 76
9835308 8 97
9844889 210 129
9854937 297 104
9865477 408 159
9875778 313 107
9886169 330 78
9897212 379 78
9907934 356 65
9918794 371 57
9929115 339 56
9939662 329 47
9950975 346 45
9959062 288 31
9969767 318 32
9981388 357 58
9992870 370 37
10003031 318 41
10014457 353 46
10025728 345 58
10036607 335 57
10047582 341 52
10058553 322 45
10069551 346 46
10081012 368 61
10092327 337 33
10102771 315 33
10114053 388 47
10125291 347 54
10136146 340 37
10147103 372 50
10157550 325 41
10169090 364 56
10179673 317 58
10190550 324 43
10201154 327 60
10212037 327 34
10222421 322 59
10233451 347 35
10244075 349 45
10254928 340 73
10266047 338 39
10276727 319 48
10287520 347 38
10299017 340 32
10309372 329 38
10320566 388 39
10331505 321 55
10341478 304 48
10349617 254 46
10360438 319 48
10371009 315 62
10381858 332 41
10392913 328 60
10403462 337 57
10414793 384 54
10425151 301 44
10436196 328 42
10447208 327 45
10458402 344 40
10469232 346 53
10479363 429 36
10490128 612 58
10500995 684 65
10511940 638 63
10523434 599 105
10534568 584 111
10545416 557 115
10556933 605 101
10567641 570 85
10578415 580 115
10588547 546 115
10599460 583 115
10609800 545 141
10618511 473 91
10629788 611 157
10640850 580 117
10651684 577 113
10662679 592 162
10674133 619 119
10685416 611 133
10696489 593 151
10707006 542 151
10718384 591 148
10729839 591 119
10740536 562 123
10751655 582 163
10762662 575 183
10773898 591 179
10784973 586 169
10795706 555 153
10806898 577 130
10819042 651 193
10830947 619 151
10842051 584 148
10853395 599 155
10864403 596 133
10872854 453 110
10884185 599 136
10895875 612 178
10908283 653 188
10920348 636 170
10931765 598 192
10942792 590 169
10953663 596 169
10964971 615 168
10976185 606 155
10987643 601 187
10999964 663 155
11012086 627 216
11022952 583 138
11034396 621 124
11045651 596 140
11053983 429 120
11065072 594 169
11076600 617 160
11088489 630 133
11099530 576 144
11110395 561 187
11120986 549 156
11132732 616 169
11143209 540 177
11154498 587 139
11166451 631 188
11179178 675 196
11190178 570 142
11200735 564 124
11211600 563 175
11222715 573 162
11233012 534 153
11243820 567 125
11254834 574 152
11265857 577 178
11274609 463 136
11285628 584 155
11296752 584 161
11307951 584 138
11318583 566 143
11329380 597 132
11339856 605 110
11350241 610 165
11360532 611 122
11371460 578 130
11382490 582 137
11393493 582 134
11404014 550 149
11415233 594 170
11426519 596 182
11437889 605 162
11448728 581 130
11459856 588 150
11471344 601 141
11482116 562 144
11493430 586 128
11504019 557 131
11514929 572 174
11526109 589 134
11537051 571 110
11548138 576 156
11559405 582 119
11570163 558 151
11581397 582 165
11592790 603 116
11604731 627 147
11616134 606 149
11627230 581 95
11638431 584 176
11649453 589 154
11661158 612 117
11672136 563 156
11683346 598 159
11692104 467 93
11703039 593 130
11710985 428 116
11721864 587 160
11732104 543 135
11743211 581 158
11754707 589 169
11765135 562 113
11773891 460 110
11784173 537 139
11794912 564 153
11804911 532 155
11816210 611 147
11827176 571 159
11838239 569 152
11849156 581 131
11860587 605 138
11871658 582 124
11882020 582 144
11893563 609 154
11902723 516 142
11913453 559 120
11924475 576 146
11933557 531 137
11944566 510 130
11955431 25 154
11965764 484 156
11976335 558 79
11987984 612 133
11999325 588 163
12010066 554 113
12021481 600 159
12032904 609 166
12043936 619 189
12054448 564 158
12065540 585 163
12076467 584 157
12087724 594 161
12096889 482 139
12109289 662 152
12121646 655 204
12133177 613 173
12144506 594 128
12155846 622 171
12168041 635 164
12180072 628 145
12192028 626 220
12204334 648 134
12216711 669 149
12228572 613 120
12239681 575 153
12251359 613 135
12263297 624 154
12274844 622 163
12286566 617 198
12298546 624 141
12310334 618 183
12322014 622 133
12333196 618 130
12345187 629 187
12357483 647 129
12369128 615 131
12380731 629 130
12391544 593 164
12403680 645 133
12415523 624 155
12427195 625 156
12438410 614 119
12450510 664 154
12462205 630 172
12473775 610 137
12484892 591 145
12496650 662 156
12508458 626 200
12520353 635 158
12532196 621 203
12544500 649 218
12552779 437 124
12563852 592 191
12575398 598 168
12585552 530 160
12596421 559 155
12608164 613 133
12619944 620 174
12631814 623 148
12642985 575 123
12654153 585 131
12666031 616 128
12678213 655 181
12690237 621 175
12701354 580 154
12713279 620 197
12725387 648 187
12736365 584 185
12747940 608 117
12759775 626 165
12771950 642 169
12782821 576 111
12794335 629 216
12805816 618 145
12817876 643 173
12827875 528 133
12839546 613 172
12850456 581 156
12862422 639 184
12873181 565 134
12884624 614 141
12896309 631 165
12907496 621 124
12918938 595 136
12931129 644 170
12943126 626 127
12954739 607 161
12966625 641 127
12978168 602 162
12990105 624 152
13002164 637 178
13014142 638 149
13025052 600 110
13036821 648 141
13048299 602 102
13060144 625 208
13072075 634 124
13083482 595 133
13095013 612 123
13107032 641 163
13118526 600 154
13129562 590 156
13141558 644 139
13153780 649 168
13164893 662 195
13177116 647 184
13188865 634 153
13200176 609 144
13211143 601 124
13222898 631 146
13235439 668 162
13247112 624 147
13259065 627 156
13270586 603 138
13282603 640 174
13294369 627 133
13305071 591 124
13317252 642 200
13329409 631 116
13340490 572 165
13352461 630 116
13364050 624 123
13375272 594 135
13386131 559 125
13398035 620 113
13409698 601 136
13421628 647 147
13433327 597 171
13445408 640 142
13457345 619 181
13465539 426 111
13476096 540 138
13487563 598 154
13497897 534 161
13508456 553 109
13519439 572 128
13531431 634 159
13543156 613 134
13554899 621 136
13565903 578 149
13577478 612 185
13589508 646 154
13601910 674 178
13612708 581 141
13624024 612 175
13635133 584 118
13646863 630 124
13657890 579 131
13669902 633 161
13682076 634 148
13694469 665 175
13706766 670 145
13718069 605 175
13729751 627 139
13741419 611 145
13753227 613 126
13764703 629 123
13776928 647 188
13789124 638 140
13801332 631 138
13813006 609 135
13824244 619 127
13835964 621 152
13847954 616 170
13859260 584 171
13870861 603 131
13883090 668 146
13894447 585 117
13906528 626 133
13918203 610 164
13929756 609 195
13941242 637 166
13949661 455 122
13958392 471 126
13970579 645 156
13981680 574 138
13992600 601 150
14003758 674 150
14015363 665 117
14026928 642 134
14038588 610 154
14049914 608 124
14060833 583 133
14072805 640 181
14084380 615 130
14096094 621 143
14108515 688 181
14120544 631 137
14132222 597 148
14143573 591 164
14155409 613 129
14166487 592 103
14178082 600 163
14189707 620 161
14201869 632 185
14213989 621 153
14222484 472 91
14232767 549 123
14244247 596 201
14255313 569 129
14264033 491 110
14275932 619 172
14287591 637 139
14299252 606 163
14308958 508 137
14320861 625 156
14332958 639 129
14344785 650 145
14353849 494 114
14365468 616 171
14376544 587 143
14385866 494 77
14397416 628 132
14407054 512 113
14418614 606 170
14429450 571 155
14440581 581 177
14447794 1339 85
14458677 835 142
14470363 629 139
14481939 619 164
14493776 630 157
14505541 633 172
14517334 621 146
14528168 557 133
14540827 655 166
14552709 624 167
14564866 633 186
14576650 614 140
14588814 638 173
14601144 641 158
14610377 499 112
14622419 636 182
14633216 566 135
14645260 633 129
14656906 610 141
14667076 530 88
14679266 643 162
14691346 647 154
14702835 609 144
14714552 645 134
14726384 626 167
14737954 610 160
14749614 621 119
14760901 614 135
14772351 612 136
14784110 623 181
14795253 589 133
14807194 628 138
14814144 369 96
14825853 623 171
14836989 585 149
14848436 623 154
14859679 595 136
14870898 601 160
14881548 577 125
14892452 567 151
14903611 585 127
14914770 585 124
14926145 595 139
14936858 557 153
14948576 620 170
14960013 610 141
14970896 567 159
14981681 561 149
14993036 592 102
15004489 588 147
15015574 572 128
15027062 603 124
15037889 585 190
15048933 618 135
15058069 498 122
15068866 583 155
15080005 582 126
15090980 572 152
15099856 466 98
15110438 569 131
15119374 480 145
15130371 599 152
15141540 598 128
15150359 481 133
15161337 598 147
15172276 579 139
15182645 544 136
15193899 606 132
15206030 652 128
15214840 487 108
15226063 596 166
15234945 471 113
15244710 521 105
15255969 596 159
15266525 550 144
15275771 490 135
15286793 572 140
15297881 590 144
15308729 575 161
15319756 576 168
15330867 582 155
15342514 612 157
15353652 575 160
15364503 559 180
15375403 592 168
15386696 614 119
15397590 568 129
15408105 560 118
15418030 527 117
15429988 634 162
15440952 585 140
15451581 555 110
15462865 608 157
15473307 564 144
15484196 591 135
15494933 581 143
15506039 601 154
15516806 570 133
15527759 582 151
15539068 606 159
15550146 586 187
15562089 624 123
15573180 582 136
15583862 561 141
15593828 539 115
15604780 571 136
15615650 583 140
15624714 472 114
15633523 472 123
15644028 546 139
15652593 468 105
15662026 537 99
15673140 592 148
15684486 601 143
15696660 631 172
15708393 615 118
15719068 589 99
15730230 583 118
15741201 568 158
15749015 464 91
15759825 585 115
15770540 577 128
15781372 579 113
15792365 574 131
15801108 465 95
15812265 597 102
15820594 453 83
15831490 596 136
15842385 577 151
15849287 368 78
15860005 563 123
15870997 592 165
15882112 605 118
15893382 626 132
15904363 591 136
15913143 466 131
15924516 595 132
15935850 591 142
15944253 443 101
15954817 564 140
15966168 599 157
15977071 576 185
15987243 541 123
15998304 609 112
16009867 603 100
16017520 424 105
16028876 590 151
16040174 592 110
16051590 610 173
16062886 596 130
16073914 584 153
16084397 640 116
16095368 653 121
16102776 490 98
16113451 626 161
16124702 610 185
16135623 659 110
16146498 577 158
16157571 637 137
16168915 609 118
16180546 632 177
16191905 603 158
16202609 558 142
16213362 568 112
16223761 565 127
16233873 541 117
16244330 571 128
16255616 596 152
16264954 502 142
16275638 575 126
16284572 480 103
16295505 569 126
16306377 567 163
16315783 501 152
16325937 537 120
16334211 471 120
16345518 585 171
16356748 595 149
16365657 477 111
16376720 576 133
16388004 580 142
16398988 564 142
16407710 463 147
16419024 601 144
16430465 612 167
16439328 544 114
16449567 562 130
16458918 501 103
16470129 578 150
16480577 532 109
16491459 562 112
16502865 613 179
16514330 605 90
16525082 587 100
16536858 637 137
16547539 669 173
16557131 563 129
16566178 475 124
16577974 634 124
16588738 578 145
16599462 586 107
16610185 596 166
16619360 473 115
16631781 664 180
16642783 587 123
16654085 601 128
16665861 616 198
16678477 662 152
16689797 601 131
16701791 707 162
16713661 620 128
16725627 651 157
16736906 590 141
16748418 598 180
16760235 617 121
16772364 625 139
16783913 629 134
16795914 628 153
16808015 631 111
16820434 644 142
16833027 661 165
16844551 639 122
16856027 597 148
16868138 635 142
16879666 591 111
16888381 449 130
16900243 631 126
16912408 638 137
16924568 629 115
16935802 601 179
16947190 605 119
16958611 597 159
16970434 631 179
16981783 690 169
16993268 639 133
17004914 630 114
17016723 631 113
17028494 625 120
17040201 612 141
17052059 629 154
17063095 586 121
17073277 552 129
17081781 441 125
17093142 594 109
17105217 632 140
17108936 2030 71
17108936 2499 0
17108936 2584 0
17108936 2406 0
17108936 2577 0
17108936 96 0
17108936 0 0
