0
0
1.6
4.8
8
11.2
12.8
16
19.2
20.8
24
27.2
30.4
32
35.2
40
43.2
44.8
48
51.2
54.4
57.6
59.2
59.2
59.2
59.2
59.2
59.2
59.2
60.8
60.8
59.2
59.2
60.8
60.8
59.2
59.2
60.8
60.8
60.8
60.8
60.8
60.8
60.8
60.8
59.2
60.8
60.8
60.8
60.8
60.8
62.4
62.4
62.4
62.4
60.8
60.8
60.8
60.8
60.8
59.2
59.2
59.2
57.6
57.6
59.2
57.6
57.6
57.6
57.6
57.6
57.6
57.6
57.6
57.6
59.2
59.2
57.6
57.6
57.6
59.2
59.2
57.6
60.8
59.2
59.2
60.8
60.8
60.8
59.2
59.2
59.2
59.2
57.6
57.6
57.6
57.6
57.6
57.6
57.6
57.6
56
57.6
56
57.6
57.6
56
56
56
57.6
57.6
56
56
57.6
56
57.6
56
57.6
57.6
56
57.6
57.6
57.6
57.6
57.6
56
57.6
57.6
57.6
57.6
56
59.2
59.2
57.6
59.2
57.6
59.2
59.2
59.2
60.8
59.2
60.8
60.8
59.2
59.2
59.2
59.2
59.2
59.2
59.2
60.8
59.2
57.6
59.2
59.2
59.2
57.6
57.6
57.6
57.6
57.6
57.6
57.6
57.6
59.2
60.8
60.8
60.8
60.8
60.8
60.8
60.8
62.4
60.8
60.8
60.8
62.4
62.4
60.8
62.4
62.4
60.8
60.8
62.4
60.8
59.2
59.2
59.2
59.2
57.6
57.6
57.6
57.6
59.2
57.6
57.6
57.6
57.6
57.6
56
56
57.6
57.6
57.6
57.6
59.2
59.2
59.2
57.6
60.8
59.2
59.2
59.2
59.2
60.8
60.8
60.8
60.8
62.4
60.8
60.8
60.8
60.8
59.2
59.2
59.2
59.2
57.6
59.2
57.6
59.2
59.2
57.6
57.6
57.6
57.6
57.6
57.6
56
57.6
57.6
57.6
56
57.6
57.6
56
56
59.2
59.2
57.6
57.6
57.6
59.2
59.2
59.2
59.2
59.2
57.6
60.8
60.8
60.8
59.2
62.4
60.8
60.8
64
64
60.8
60.8
60.8
60.8
60.8
60.8
59.2
59.2
59.2
59.2
60.8
57.6
57.6
57.6
59.2
57.6
57.6
57.6
56
57.6
59.2
59.2
59.2
59.2
59.2
59.2
60.8
60.8
60.8
59.2
59.2
60.8
60.8
60.8
60.8
60.8
62.4
62.4
62.4
59.2
59.2
59.2
60.8
59.2
59.2
59.2
59.2
57.6
57.6
59.2
59.2
59.2
59.2
59.2
59.2
59.2
59.2
57.6
57.6
59.2
59.2
57.6
59.2
59.2
59.2
59.2
59.2
59.2
59.2
59.2
59.2
57.6
57.6
57.6
57.6
57.6
57.6
59.2
59.2
59.2
59.2
60.8
59.2
60.8
60.8
59.2
60.8
62.4
62.4
62.4
60.8
62.4
62.4
62.4
62.4
62.4
62.4
60.8
60.8
60.8
60.8
60.8
60.8
60.8
59.2
60.8
59.2
59.2
59.2
59.2
60.8
59.2
60.8
59.2
59.2
59.2
59.2
60.8
60.8
59.2
60.8
60.8
60.8
60.8
60.8
60.8
60.8
60.8
60.8
60.8
60.8
62.4
59.2
60.8
60.8
60.8
62.4
60.8
60.8
62.4
60.8
60.8
60.8
60.8
62.4
62.4
60.8
60.8
60.8
60.8
60.8
59.2
60.8
62.4
60.8
60.8
59.2
60.8
60.8
60.8
60.8
60.8
59.2
60.8
59.2
59.2
60.8
60.8
60.8
60.8
59.2
60.8
60.8
59.2
59.2
60.8
60.8
59.2
59.2
59.2
59.2
59.2
60.8
59.2
60.8
60.8
59.2
59.2
59.2
59.2
60.8
60.8
60.8
60.8
62.4
60.8
59.2
60.8
60.8
60.8
60.8
60.8
60.8
59.2
60.8
60.8
60.8
62.4
60.8
60.8
62.4
60.8
60.8
60.8
60.8
60.8
60.8
60.8
60.8
60.8
60.8
59.2
60.8
62.4
60.8
59.2
60.8
59.2
60.8
60.8
59.2
60.8
60.8
60.8
59.2
59.2
60.8
60.8
59.2
59.2
59.2
60.8
59.2
59.2
57.6
59.2
59.2
59.2
59.2
59.2
59.2
57.6
59.2
57.6
59.2
59.2
59.2
59.2
59.2
59.2
59.2
59.2
59.2
57.6
59.2
59.2
57.6
57.6
57.6
57.6
57.6
59.2
57.6
59.2
59.2
59.2
59.2
59.2
60.8
60.8
60.8
60.8
60.8
62.4
62.4
62.4
64
64
64
64
64
64
64
64
62.4
62.4
62.4
62.4
62.4
62.4
62.4
62.4
62.4
62.4
60.8
60.8
60.8
60.8
60.8
60.8
60.8
60.8
60.8
60.8
62.4
62.4
62.4
62.4
62.4
60.8
60.8
60.8
60.8
60.8
62.4
62.4
60.8
60.8
60.8
60.8
60.8
60.8
60.8
60.8
60.8
60.8
60.8
60.8
59.2
60.8
60.8
60.8
60.8
60.8
60.8
59.2
60.8
60.8
60.8
60.8
59.2
59.2
59.2
59.2
60.8
60.8
60.8
60.8
62.4
62.4
60.8
60.8
60.8
60.8
60.8
62.4
62.4
62.4
60.8
60.8
62.4
62.4
62.4
60.8
59.2
59.2
59.2
59.2
59.2
57.6
59.2
59.2
59.2
59.2
57.6
57.6
57.6
57.6
59.2
59.2
59.2
59.2
59.2
60.8
60.8
60.8
59.2
59.2
60.8
60.8
60.8
60.8
60.8
60.8
62.4
62.4
60.8
62.4
60.8
60.8
60.8
60.8
60.8
59.2
59.2
59.2
60.8
60.8
59.2
60.8
60.8
60.8
59.2
59.2
59.2
59.2
60.8
60.8
60.8
60.8
60.8
60.8
60.8
62.4
62.4
62.4
62.4
62.4
62.4
62.4
60.8
59.2
60.8
60.8
60.8
60.8
60.8
59.2
60.8
59.2
59.2
59.2
59.2
60.8
59.2
59.2
60.8
59.2
60.8
60.8
60.8
62.4
62.4
62.4
62.4
62.4
62.4
60.8
60.8
62.4
62.4
62.4
62.4
60.8
62.4
60.8
59.2
59.2
57.6
57.6
59.2
59.2
59.2
59.2
60.8
60.8
60.8
62.4
60.8
60.8
60.8
60.8
60.8
60.8
60.8
62.4
62.4
64
64
64
62.4
62.4
62.4
62.4
60.8
60.8
59.2
59.2
60.8
60.8
60.8
62.4
62.4
62.4
62.4
62.4
62.4
62.4
62.4
64
65.6
65.6
65.6
65.6
64
64
65.6
65.6
65.6
65.6
65.6
64
62.4
62.4
62.4
62.4
62.4
62.4
62.4
60.8
60.8
60.8
60.8
60.8
60.8
60.8
60.8
62.4
62.4
62.4
62.4
62.4
64
64
62.4
62.4
62.4
62.4
60.8
60.8
60.8
60.8
60.8
60.8
62.4
62.4
62.4
60.8
60.8
60.8
59.2
59.2
59.2
59.2
60.8
60.8
60.8
60.8
62.4
62.4
62.4
62.4
62.4
62.4
62.4
62.4
62.4
62.4
62.4
64
64
64
64
64
64
64
64
64
64
64
64
64
64
62.4
62.4
62.4
62.4
62.4
62.4
60.8
62.4
62.4
62.4
62.4
62.4
60.8
60.8
62.4
60.8
60.8
60.8
60.8
60.8
62.4
62.4
62.4
62.4
62.4
62.4
62.4
60.8
62.4
62.4
62.4
62.4
62.4
62.4
60.8
62.4
60.8
60.8
60.8
60.8
60.8
60.8
60.8
60.8
60.8
60.8
59.2
60.8
59.2
59.2
59.2
59.2
60.8
60.8
60.8
60.8
62.4
62.4
62.4
62.4
62.4
62.4
60.8
60.8
62.4
60.8
62.4
62.4
62.4
62.4
62.4
62.4
64
62.4
62.4
62.4
62.4
62.4
62.4
60.8
60.8
62.4
64
64
62.4
64
62.4
64
62.4
62.4
62.4
62.4
60.8
62.4
62.4
62.4
62.4
62.4
62.4
64
64
62.4
62.4
62.4
62.4
62.4
64
62.4
64
62.4
62.4
64
64
62.4
64
64
64
64
64
64
64
64
64
64
62.4
62.4
62.4
62.4
62.4
64
64
62.4
60.8
62.4
60.8
62.4
62.4
62.4
62.4
64
62.4
62.4
62.4
62.4
64
64
64
64
64
64
64
64
65.6
65.6
67.2
65.6
65.6
65.6
65.6
64
65.6
65.6
65.6
65.6
65.6
65.6
67.2
65.6
65.6
65.6
65.6
65.6
65.6
67.2
65.6
64
64
64
64
64
64
64
65.6
64
64
64
62.4
64
64
64
64
64
64
62.4
62.4
64
64
64
62.4
62.4
62.4
62.4
60.8
62.4
62.4
62.4
62.4
62.4
64
64
64
62.4
62.4
62.4
62.4
62.4
62.4
62.4
64
64
64
64
64
64
64
64
64
64
62.4
62.4
62.4
64
64
62.4
64
62.4
62.4
62.4
62.4
62.4
62.4
60.8
60.8
60.8
60.8
60.8
60.8
60.8
59.2
60.8
60.8
60.8
60.8
62.4
59.2
62.4
62.4
62.4
60.8
60.8
60.8
60.8
57.6
54.4
51.2
48
44.8
43.2
44.8
43.2
43.2
41.6
41.6
41.6
43.2
41.6
40
40
41.6
40
40
41.6
44.8
48
49.6
52.8
57.6
59.2
57.6
57.6
57.6
59.2
59.2
59.2
59.2
57.6
59.2
59.2
59.2
59.2
59.2
59.2
59.2
59.2
60.8
59.2
57.6
57.6
59.2
59.2
59.2
59.2
59.2
59.2
59.2
59.2
60.8
59.2
59.2
60.8
60.8
60.8
60.8
60.8
59.2
60.8
60.8
60.8
60.8
60.8
60.8
60.8
60.8
59.2
59.2
60.8
59.2
60.8
60.8
60.8
60.8
60.8
60.8
60.8
62.4
62.4
62.4
62.4
62.4
62.4
62.4
60.8
60.8
62.4
62.4
62.4
62.4
62.4
62.4
60.8
60.8
59.2
60.8
60.8
60.8
59.2
59.2
59.2
57.6
57.6
56
57.6
57.6
57.6
57.6
57.6
57.6
57.6
57.6
59.2
57.6
59.2
56
56
56
57.6
57.6
56
57.6
57.6
59.2
59.2
59.2
59.2
59.2
57.6
57.6
57.6
59.2
57.6
62.4
64
67.2
67.2
67.2
67.2
65.6
67.2
67.2
68.8
67.2
67.2
67.2
65.6
64
65.6
65.6
65.6
62.4
64
59.2
57.6
56
56
56
56
57.6
57.6
59.2
57.6
59.2
59.2
59.2
65.6
65.6
65.6
65.6
64
65.6
67.2
67.2
67.2
67.2
68.8
68.8
68.8
68.8
68.8
65.6
64
64
64
64
60.8
60.8
60.8
60.8
62.4
60.8
60.8
62.4
62.4
60.8
59.2
59.2
59.2
59.2
59.2
62.4
62.4
62.4
62.4
62.4
62.4
65.6
64
64
64
65.6
65.6
65.6
65.6
65.6
65.6
67.2
65.6
67.2
68.8
67.2
72
75.2
75.2
75.2
73.6
75.2
75.2
75.2
73.6
73.6
72
70.4
70.4
73.6
76.8
73.6
75.2
75.2
73.6
72
68.8
65.6
68.8
73.6
80
78.4
81.6
81.6
83.2
83.2
81.6
83.2
84.8
88
84.8
88
86.4
84.8
83.2
84.8
84.8
84.8
81.6
76.8
72
68.8
67.2
67.2
67.2
67.2
70.4
70.4
70.4
65.6
64
64
65.6
65.6
67.2
67.2
65.6
65.6
64
65.6
64
65.6
65.6
65.6
64
64
65.6
65.6
64
62.4
67.2
64
64
62.4
62.4
62.4
62.4
64
65.6
64
64
64
62.4
62.4
65.6
65.6
60.8
60.8
59.2
65.6
62.4
65.6
65.6
68.8
70.4
70.4
70.4
70.4
68.8
68.8
67.2
67.2
68.8
67.2
64
64
65.6
65.6
67.2
62.4
64
60.8
60.8
57.6
56
56
57.6
54.4
57.6
56
57.6
57.6
57.6
59.2
62.4
62.4
68.8
70.4
70.4
70.4
68.8
68.8
70.4
72
72
72
72
73.6
72
73.6
73.6
72
72
73.6
73.6
73.6
70.4
72
72
70.4
70.4
70.4
68.8
70.4
72
70.4
68.8
68.8
68.8
67.2
65.6
68.8
67.2
65.6
64
64
59.2
56
56
57.6
56
57.6
56
52.8
52.8
52.8
56
54.4
52.8
52.8
56
54.4
56
57.6
59.2
60.8
60.8
60.8
60.8
60.8
62.4
64
67.2
72
70.4
73.6
73.6
78.4
78.4
80
81.6
88
94.4
97.6
99.2
99.2
100.8
100.8
100.8
104
104
105.6
110.4
110.4
116.8
120
124.8
128
132.8
132.8
129.6
123.2
123.2
118.4
121.6
124.8
131.2
136
142.4
145.6
152
155.2
152
147.2
144
144
140.8
134.4
132.8
132.8
131.2
137.6
134.4
136
132.8
131.2
124.8
120
115.2
108.8
102.4
94.4
94.4
96
92.8
89.6
86.4
86.4
88
88
91.2
86.4
84.8
86.4
83.2
80
80
86.4
89.6
92.8
92.8
99.2
102.4
104
107.2
105.6
107.2
108.8
105.6
105.6
104
102.4
102.4
104
110.4
115.2
121.6
120
118.4
118.4
116.8
112
107.2
105.6
104
104
102.4
102.4
102.4
102.4
104
105.6
104
100.8
96
91.2
86.4
81.6
80
76.8
80
81.6
80
81.6
80
81.6
81.6
81.6
83.2
83.2
83.2
81.6
83.2
83.2
81.6
83.2
83.2
83.2
81.6
83.2
83.2
81.6
83.2
83.2
83.2
83.2
83.2
83.2
83.2
83.2
83.2
84.8
84.8
83.2
84.8
84.8
83.2
84.8
86.4
84.8
84.8
86.4
84.8
84.8
86.4
84.8
86.4
86.4
84.8
86.4
86.4
86.4
86.4
