Linux 3.13.0-68-generic (ds-server2) 	07/22/2016 	_x86_64_	(24 CPU)

09:06:55 PM  CPU    %usr   %nice    %sys %iowait    %irq   %soft  %steal  %guest  %gnice   %idle
09:06:56 PM  all    0.58    0.00    1.38    3.50    0.00    0.00    0.00    0.00    0.00   94.53
09:06:57 PM  all    1.96    0.00    0.13    2.13    0.00    0.04    0.00    0.00    0.00   95.75
09:06:58 PM  all    1.93    0.00    2.81    1.93    0.00    0.04    0.00    0.00    0.00   93.30
09:06:59 PM  all    5.85    0.00   11.07   45.95    0.00    0.38    0.00    0.00    0.00   36.74
09:07:00 PM  all    7.00    0.00    7.43   21.26    0.00    0.17    0.00    0.00    0.00   64.13
09:07:01 PM  all   11.29    0.00    7.70   21.81    0.00    0.30    0.00    0.00    0.00   58.90
09:07:02 PM  all   15.61    0.00    8.28   21.22    0.00    0.09    0.00    0.00    0.00   54.81
09:07:03 PM  all   29.55    0.00    5.29   15.45    0.00    0.13    0.00    0.00    0.00   49.58
09:07:04 PM  all   14.25    0.00    9.50   21.80    0.00    0.34    0.00    0.00    0.00   54.11
09:07:05 PM  all   39.18    0.00    6.24   11.43    0.00    0.13    0.00    0.00    0.00   43.03
09:07:06 PM  all   25.44    0.00    5.85   16.43    0.00    0.30    0.00    0.00    0.00   51.98
09:07:07 PM  all   15.77    0.00    6.96   26.21    0.00    0.34    0.00    0.00    0.00   50.71
09:07:08 PM  all   15.43    0.00    6.27   24.04    0.00    0.30    0.00    0.00    0.00   53.96
09:07:09 PM  all   16.76    0.00    5.34   23.77    0.00    0.17    0.00    0.00    0.00   53.95
09:07:10 PM  all   42.58    0.00    4.25   11.60    0.00    0.13    0.00    0.00    0.00   41.45
09:07:11 PM  all    6.40    0.00    5.32   24.39    0.00    0.30    0.00    0.00    0.00   63.59
09:07:12 PM  all   13.75    0.00    6.57   19.20    0.00    0.17    0.00    0.00    0.00   60.31
09:07:13 PM  all   11.18    0.00    7.01   15.64    0.00    0.17    0.00    0.00    0.00   66.00
09:07:14 PM  all   15.52    0.00    5.38   11.70    0.00    0.47    0.00    0.00    0.00   66.94
09:07:15 PM  all   15.56    0.00    7.74    9.77    0.00    0.17    0.00    0.00    0.00   66.77
09:07:16 PM  all   12.74    0.00    5.64    9.79    0.00    0.13    0.00    0.00    0.00   71.70
09:07:17 PM  all    9.29    0.00    4.48   10.24    0.00    0.09    0.00    0.00    0.00   75.90
09:07:18 PM  all   14.27    0.00    5.51    7.91    0.00    0.13    0.00    0.00    0.00   72.18
09:07:19 PM  all   16.32    0.00    6.07    6.97    0.00    0.13    0.00    0.00    0.00   70.51
09:07:20 PM  all   15.84    0.00    6.07    6.20    0.00    0.17    0.00    0.00    0.00   71.72
09:07:21 PM  all   11.95    0.00    4.08    8.55    0.00    0.09    0.00    0.00    0.00   75.34
09:07:22 PM  all   11.32    0.00    5.28    9.03    0.00    0.13    0.00    0.00    0.00   74.24
09:07:23 PM  all   12.30    0.00    3.41    7.83    0.00    0.13    0.00    0.00    0.00   76.33
09:07:24 PM  all   17.24    0.00    5.73    5.05    0.00    0.08    0.00    0.00    0.00   71.89
09:07:25 PM  all   16.30    0.00    5.25    5.08    0.00    0.04    0.00    0.00    0.00   73.32
09:07:26 PM  all   15.72    0.00    5.50    4.73    0.00    0.04    0.00    0.00    0.00   74.01
09:07:27 PM  all   16.36    0.00    5.45    4.73    0.00    0.09    0.00    0.00    0.00   73.37
09:07:28 PM  all   11.66    0.00    5.07    6.42    0.00    0.08    0.00    0.00    0.00   76.77
09:07:29 PM  all   10.33    0.00    4.59    7.56    0.00    0.04    0.00    0.00    0.00   77.48
09:07:30 PM  all   10.26    0.00    5.05    6.70    0.00    0.04    0.00    0.00    0.00   77.95
09:07:31 PM  all   13.93    0.00    4.93    8.07    0.00    0.21    0.00    0.00    0.00   72.85
09:07:32 PM  all   13.64    0.00    5.93    8.26    0.00    0.04    0.00    0.00    0.00   72.13
09:07:33 PM  all   16.06    0.00    4.80    3.70    0.00    0.13    0.00    0.00    0.00   75.31
09:07:34 PM  all   31.27    0.00    4.67    2.76    0.00    0.04    0.00    0.00    0.00   61.26
09:07:35 PM  all   16.69    0.00    4.97    3.08    0.00    0.13    0.00    0.00    0.00   75.13
09:07:36 PM  all   16.16    0.00    5.82    2.87    0.00    0.13    0.00    0.00    0.00   75.02
09:07:37 PM  all   13.07    0.00    7.16    3.15    0.00    0.04    0.00    0.00    0.00   76.58
09:07:38 PM  all   16.81    0.00    5.48    2.70    0.00    0.08    0.00    0.00    0.00   74.94
09:07:39 PM  all   16.46    0.00    4.69    2.79    0.00    0.08    0.00    0.00    0.00   75.98
09:07:40 PM  all   14.58    0.00    5.96    3.93    0.00    0.21    0.00    0.00    0.00   75.32
09:07:41 PM  all   21.76    0.00    4.39    5.78    0.00    0.08    0.00    0.00    0.00   67.99
09:07:42 PM  all   14.32    0.00    5.34    6.07    0.00    0.09    0.00    0.00    0.00   74.18
09:07:43 PM  all   13.33    0.00    4.40    6.05    0.00    0.00    0.00    0.00    0.00   76.22
09:07:44 PM  all   14.20    0.00    6.26    5.67    0.00    0.17    0.00    0.00    0.00   73.70
09:07:45 PM  all   13.11    0.00    5.00    6.36    0.00    0.00    0.00    0.00    0.00   75.52
09:07:46 PM  all   11.92    0.00    6.45    6.62    0.00    0.08    0.00    0.00    0.00   74.94
09:07:47 PM  all   12.81    0.00    4.97    6.36    0.00    0.08    0.00    0.00    0.00   75.78
09:07:48 PM  all   39.38    0.00    5.52    1.85    0.00    0.04    0.00    0.00    0.00   53.20
09:07:49 PM  all   26.77    0.00    5.55    2.29    0.00    0.13    0.00    0.00    0.00   65.27
09:07:50 PM  all   17.94    0.00    6.73    2.71    0.00    0.08    0.00    0.00    0.00   72.53
09:07:51 PM  all   18.19    0.00    6.27    2.74    0.00    0.04    0.00    0.00    0.00   72.76
09:07:52 PM  all   16.60    0.00    8.21    2.47    0.00    0.04    0.00    0.00    0.00   72.68
09:07:53 PM  all   15.95    0.00    4.65    2.39    0.00    0.09    0.00    0.00    0.00   76.93
09:07:54 PM  all   16.41    0.00    5.17    2.50    0.00    0.04    0.00    0.00    0.00   75.87
09:07:55 PM  all   15.90    0.00    4.71    2.54    0.00    0.08    0.00    0.00    0.00   76.76
09:07:56 PM  all   12.80    0.00    5.24    4.59    0.00    0.09    0.00    0.00    0.00   77.29
09:07:57 PM  all   13.88    0.00    6.26    6.64    0.00    0.13    0.00    0.00    0.00   73.09
09:07:58 PM  all   13.72    0.00    6.21    6.76    0.00    0.04    0.00    0.00    0.00   73.27
09:07:59 PM  all   13.99    0.00    4.97    6.38    0.00    0.09    0.00    0.00    0.00   74.57
09:08:00 PM  all   13.95    0.00    6.33    6.08    0.00    0.09    0.00    0.00    0.00   73.56
09:08:01 PM  all   13.72    0.00    5.10    5.92    0.00    0.04    0.00    0.00    0.00   75.23
09:08:02 PM  all   12.76    0.00    5.95    6.17    0.00    0.04    0.00    0.00    0.00   75.07
09:08:03 PM  all   14.29    0.00    2.84    5.13    0.00    0.04    0.00    0.00    0.00   77.69
09:08:04 PM  all   42.06    0.00    3.92    1.56    0.00    0.00    0.00    0.00    0.00   52.47
09:08:05 PM  all   15.10    0.00    5.13    2.31    0.00    0.00    0.00    0.00    0.00   77.46
09:08:06 PM  all   15.83    0.00    5.53    2.26    0.00    0.04    0.00    0.00    0.00   76.34
09:08:07 PM  all   16.81    0.00    5.18    2.32    0.00    0.08    0.00    0.00    0.00   75.60
09:08:08 PM  all   15.69    0.00    5.05    2.48    0.00    0.04    0.00    0.00    0.00   76.74
09:08:09 PM  all   16.86    0.00    4.78    2.22    0.00    0.04    0.00    0.00    0.00   76.10
09:08:10 PM  all   15.74    0.00    5.49    2.34    0.00    0.09    0.00    0.00    0.00   76.35
09:08:11 PM  all   16.75    0.00    4.71    2.29    0.00    0.04    0.00    0.00    0.00   76.21
09:08:12 PM  all   12.83    0.00    6.01    5.46    0.00    0.09    0.00    0.00    0.00   75.62
09:08:13 PM  all   14.29    0.00    4.72    6.17    0.00    0.00    0.00    0.00    0.00   74.82
09:08:14 PM  all   14.27    0.00    5.31    6.03    0.00    0.13    0.00    0.00    0.00   74.26
09:08:15 PM  all   13.25    0.00    4.77    6.12    0.00    0.04    0.00    0.00    0.00   75.82
09:08:16 PM  all   12.48    0.00    6.26    5.84    0.00    0.04    0.00    0.00    0.00   75.37
09:08:17 PM  all   13.09    0.00    4.43    6.05    0.00    0.13    0.00    0.00    0.00   76.30
09:08:18 PM  all   11.23    0.00    4.47    5.83    0.00    0.13    0.00    0.00    0.00   78.35
09:08:19 PM  all   14.20    0.00    3.90    3.22    0.00    0.08    0.00    0.00    0.00   78.59
09:08:20 PM  all   15.50    0.00    6.06    2.20    0.00    0.04    0.00    0.00    0.00   76.20
09:08:21 PM  all   16.01    0.00    4.15    2.20    0.00    0.00    0.00    0.00    0.00   77.64
09:08:22 PM  all   15.79    0.00    4.67    2.33    0.00    0.04    0.00    0.00    0.00   77.16
09:08:23 PM  all   14.74    0.00    5.78    2.12    0.00    0.00    0.00    0.00    0.00   77.36
09:08:24 PM  all   15.45    0.00    5.49    2.26    0.00    0.04    0.00    0.00    0.00   76.77
09:08:25 PM  all   16.28    0.00    4.42    2.17    0.00    0.04    0.00    0.00    0.00   77.08
09:08:26 PM  all   16.89    0.00    6.40    2.22    0.00    0.04    0.00    0.00    0.00   74.46
09:08:27 PM  all   16.28    0.00    5.31    2.34    0.00    0.00    0.00    0.00    0.00   76.06
09:08:28 PM  all   12.74    0.00    7.57    4.83    0.00    0.08    0.00    0.00    0.00   74.78
09:08:29 PM  all   12.30    0.00    3.97    6.26    0.00    0.04    0.00    0.00    0.00   77.43
09:08:30 PM  all   13.65    0.00    4.93    5.97    0.00    0.04    0.00    0.00    0.00   75.41
09:08:31 PM  all   12.51    0.00    4.27    6.34    0.00    0.04    0.00    0.00    0.00   76.85
09:08:32 PM  all   12.84    0.00    5.72    9.77    0.00    0.17    0.00    0.00    0.00   71.50
09:08:33 PM  all   11.05    0.00    4.49    9.66    0.00    0.13    0.00    0.00    0.00   74.67
09:08:34 PM  all    9.12    0.00    4.41    8.69    0.00    0.04    0.00    0.00    0.00   77.74
09:08:35 PM  all   11.56    0.00    3.56   10.41    0.00    0.04    0.00    0.00    0.00   74.43
09:08:36 PM  all   20.40    0.00    4.34    2.70    0.00    0.00    0.00    0.00    0.00   72.55
09:08:37 PM  all   16.06    0.00    4.83    2.69    0.00    0.00    0.00    0.00    0.00   76.42
09:08:38 PM  all   16.77    0.00    5.15    2.77    0.00    0.04    0.00    0.00    0.00   75.27
09:08:39 PM  all   16.23    0.00    4.78    2.48    0.00    0.04    0.00    0.00    0.00   76.47
09:08:40 PM  all   32.06    0.00    5.46    1.55    0.00    0.08    0.00    0.00    0.00   60.85
09:08:41 PM  all   17.75    0.00    4.44    2.07    0.00    0.00    0.00    0.00    0.00   75.74
09:08:42 PM  all   16.08    0.00    5.15    2.24    0.00    0.04    0.00    0.00    0.00   76.50
09:08:43 PM  all   17.05    0.00    5.27    2.74    0.00    0.04    0.00    0.00    0.00   74.89
09:08:44 PM  all   13.82    0.00    5.30    4.92    0.00    0.09    0.00    0.00    0.00   75.88
09:08:45 PM  all   13.10    0.00    5.11    6.38    0.00    0.04    0.00    0.00    0.00   75.36
09:08:46 PM  all   14.22    0.00    5.17    6.23    0.00    0.04    0.00    0.00    0.00   74.34
09:08:47 PM  all   12.39    0.00    4.58    4.88    0.00    0.08    0.00    0.00    0.00   78.06
09:08:48 PM  all   13.03    0.00    5.31    5.90    0.00    0.08    0.00    0.00    0.00   75.68
09:08:49 PM  all   13.40    0.00    3.39    5.56    0.00    0.17    0.00    0.00    0.00   77.48
09:08:50 PM  all   11.03    0.00    4.90    5.88    0.00    0.09    0.00    0.00    0.00   78.11
09:08:51 PM  all   11.36    0.00    3.01    6.23    0.00    0.04    0.00    0.00    0.00   79.36
09:08:52 PM  all   36.72    0.00    4.26    1.71    0.00    0.04    0.00    0.00    0.00   57.27
09:08:53 PM  all   16.50    0.00    5.25    2.20    0.00    0.04    0.00    0.00    0.00   76.02
09:08:54 PM  all   16.64    0.00    5.22    2.11    0.00    0.04    0.00    0.00    0.00   75.99
09:08:55 PM  all   15.81    0.00    5.54    2.16    0.00    0.08    0.00    0.00    0.00   76.41
09:08:56 PM  all   13.30    0.00    6.80    2.03    0.04    0.08    0.00    0.00    0.00   77.74
09:08:57 PM  all   15.74    0.00    5.05    2.29    0.00    0.04    0.00    0.00    0.00   76.88
09:08:58 PM  all   15.68    0.00    5.47    2.22    0.00    0.00    0.00    0.00    0.00   76.62
09:08:59 PM  all   16.32    0.00    5.27    2.17    0.00    0.04    0.00    0.00    0.00   76.20
09:09:00 PM  all   16.29    0.00    6.73    2.88    0.00    0.13    0.00    0.00    0.00   73.97
09:09:01 PM  all   14.20    0.00    4.97    6.16    0.00    0.04    0.00    0.00    0.00   74.62
09:09:02 PM  all   14.21    0.00    5.28    5.74    0.00    0.09    0.00    0.00    0.00   74.68
09:09:03 PM  all   14.44    0.00    4.11    5.58    0.00    0.04    0.00    0.00    0.00   75.82
09:09:04 PM  all   14.93    0.00    5.28    5.70    0.00    0.04    0.00    0.00    0.00   74.05
09:09:05 PM  all   11.19    0.00    3.76    5.89    0.00    0.13    0.00    0.00    0.00   79.03
09:09:06 PM  all   10.63    0.00    4.20    5.96    0.00    0.21    0.00    0.00    0.00   78.99
09:09:07 PM  all   11.31    0.00    2.71    5.85    0.00    0.09    0.00    0.00    0.00   80.04
09:09:08 PM  all   14.09    0.00    4.36    3.68    0.00    0.04    0.00    0.00    0.00   77.82
09:09:09 PM  all   16.57    0.00    4.89    2.85    0.00    0.00    0.00    0.00    0.00   75.69
09:09:10 PM  all   18.20    0.00    5.02    2.17    0.00    0.00    0.00    0.00    0.00   74.62
09:09:11 PM  all   15.04    0.00    6.91    2.16    0.00    0.04    0.00    0.00    0.00   75.85
09:09:12 PM  all   15.79    0.00    4.90    2.13    0.00    0.09    0.00    0.00    0.00   77.10
09:09:13 PM  all   14.86    0.00    5.31    2.29    0.00    0.08    0.00    0.00    0.00   77.45
09:09:14 PM  all   16.11    0.00    5.60    1.99    0.00    0.08    0.00    0.00    0.00   76.22
09:09:15 PM  all   19.51    0.00    6.98    2.19    0.00    0.08    0.00    0.00    0.00   71.24
09:09:16 PM  all   17.69    0.00    7.74    2.34    0.00    0.09    0.00    0.00    0.00   72.14
09:09:17 PM  all   13.23    0.00    6.49    4.41    0.00    0.04    0.00    0.00    0.00   75.83
09:09:18 PM  all   13.45    0.00    4.77    6.21    0.00    0.09    0.00    0.00    0.00   75.49
09:09:19 PM  all   13.33    0.00    5.43    6.28    0.00    0.42    0.00    0.00    0.00   74.53
09:09:20 PM  all   12.40    0.00    4.37    5.99    0.00    0.04    0.00    0.00    0.00   77.20
09:09:21 PM  all   10.71    0.00    4.91    5.80    0.00    0.08    0.00    0.00    0.00   78.50
09:09:22 PM  all   14.32    0.00    4.52    5.58    0.00    0.09    0.00    0.00    0.00   75.49
09:09:23 PM  all   11.86    0.00    3.37    5.97    0.00    0.09    0.00    0.00    0.00   78.72
09:09:24 PM  all   10.92    0.00    3.98    5.78    0.00    0.13    0.00    0.00    0.00   79.20
09:09:25 PM  all   14.46    0.00    4.59    3.40    0.00    0.00    0.00    0.00    0.00   77.54
09:09:26 PM  all   16.52    0.00    5.11    2.24    0.00    0.04    0.00    0.00    0.00   76.09
09:09:27 PM  all   15.06    0.00    6.07    2.38    0.00    0.13    0.00    0.00    0.00   76.37
09:09:28 PM  all   17.08    0.00    5.05    2.23    0.00    0.04    0.00    0.00    0.00   75.60
09:09:29 PM  all   17.35    0.00    4.94    2.07    0.00    0.00    0.00    0.00    0.00   75.64
09:09:30 PM  all   17.57    0.00    6.71    2.21    0.00    0.08    0.00    0.00    0.00   73.43
09:09:31 PM  all   18.71    0.00    7.94    2.61    0.00    0.08    0.00    0.00    0.00   70.66
09:09:32 PM  all   18.38    0.00    6.91    3.08    0.00    0.04    0.00    0.00    0.00   71.59
09:09:33 PM  all   18.23    0.00    6.16    2.24    0.00    0.04    0.00    0.00    0.00   73.33
09:09:34 PM  all   19.21    0.00    5.64    2.30    0.00    0.04    0.00    0.00    0.00   72.81
09:09:35 PM  all   13.18    0.00    4.36    6.88    0.00    0.08    0.00    0.00    0.00   75.49
09:09:36 PM  all   11.71    0.00    3.66   15.28    0.00    0.04    0.00    0.00    0.00   69.31
09:09:37 PM  all   11.04    0.00    4.63   11.17    0.00    0.13    0.00    0.00    0.00   73.04
09:09:38 PM  all   11.24    0.00    4.46   10.65    0.00    0.04    0.00    0.00    0.00   73.60
09:09:39 PM  all   11.28    0.00    4.28   10.01    0.00    0.08    0.00    0.00    0.00   74.34
09:09:40 PM  all   10.50    0.00    3.83   11.86    0.00    0.09    0.00    0.00    0.00   73.72
09:09:41 PM  all   10.39    0.00    3.88    9.41    0.00    0.09    0.00    0.00    0.00   76.24
09:09:42 PM  all   10.78    0.00    5.35    8.19    0.00    0.08    0.00    0.00    0.00   75.59
09:09:43 PM  all   12.75    0.00    4.07    8.69    0.00    0.13    0.00    0.00    0.00   74.36
09:09:44 PM  all   16.33    0.00    5.87    2.21    0.00    0.04    0.00    0.00    0.00   75.55
09:09:45 PM  all   17.82    0.00    7.20    2.37    0.00    0.04    0.00    0.00    0.00   72.57
09:09:46 PM  all   18.69    0.00    6.68    2.20    0.00    0.04    0.00    0.00    0.00   72.39
09:09:47 PM  all   18.66    0.00    7.89    2.13    0.00    0.08    0.00    0.00    0.00   71.24
09:09:48 PM  all   17.52    0.00    6.73    2.45    0.00    0.08    0.00    0.00    0.00   73.21
09:09:49 PM  all   18.78    0.00    5.96    2.28    0.00    0.00    0.00    0.00    0.00   72.97
09:09:50 PM  all   17.25    0.00    4.80    2.10    0.00    0.08    0.00    0.00    0.00   75.77
09:09:51 PM  all   15.90    0.00    5.54    2.20    0.00    0.08    0.00    0.00    0.00   76.28
09:09:52 PM  all   16.60    0.00    5.68    2.03    0.00    0.00    0.00    0.00    0.00   75.69
09:09:53 PM  all   12.40    0.00    4.63    5.01    0.00    0.00    0.00    0.00    0.00   77.95
09:09:54 PM  all   11.20    0.00    3.68    5.62    0.00    0.04    0.00    0.00    0.00   79.46
09:09:55 PM  all   11.93    0.00    4.22    5.58    0.00    0.04    0.00    0.00    0.00   78.24
09:09:56 PM  all   10.81    0.00    4.30    6.00    0.00    0.13    0.00    0.00    0.00   78.76
09:09:57 PM  all   10.64    0.00    4.47    6.38    0.00    0.00    0.00    0.00    0.00   78.51
09:09:58 PM  all   10.93    0.00    4.25    6.04    0.00    0.04    0.00    0.00    0.00   78.73
09:09:59 PM  all   10.67    0.00    4.29    5.61    0.00    0.08    0.00    0.00    0.00   79.35
09:10:00 PM  all   11.94    0.00    5.93    6.01    0.00    0.09    0.00    0.00    0.00   76.04
09:10:01 PM  all   15.01    0.00    5.65    4.93    0.00    0.08    0.00    0.00    0.00   74.31
09:10:02 PM  all   18.49    0.00    6.11    2.70    0.00    0.04    0.00    0.00    0.00   72.66
09:10:03 PM  all   32.90    0.00    7.59    2.10    0.00    0.00    0.00    0.00    0.00   57.42
09:10:04 PM  all   17.92    0.00    5.96    2.83    0.00    0.04    0.00    0.00    0.00   73.25
09:10:05 PM  all   19.05    0.00    5.35    2.51    0.00    0.04    0.00    0.00    0.00   73.06
09:10:06 PM  all   15.47    0.00    5.83    2.20    0.00    0.00    0.00    0.00    0.00   76.50
09:10:07 PM  all   16.29    0.00    4.82    2.20    0.00    0.04    0.00    0.00    0.00   76.64
09:10:08 PM  all   16.55    0.00    5.86    2.65    0.00    0.00    0.00    0.00    0.00   74.95
09:10:09 PM  all   15.79    0.00    5.51    2.77    0.00    0.00    0.00    0.00    0.00   75.93
09:10:10 PM  all   17.21    0.00    4.81    2.73    0.00    0.00    0.00    0.00    0.00   75.24
09:10:11 PM  all   18.01    0.00    5.01    3.28    0.00    0.04    0.00    0.00    0.00   73.66
09:10:12 PM  all   16.84    0.00    5.19    2.51    0.00    0.04    0.00    0.00    0.00   75.43
09:10:13 PM  all   16.31    0.00    5.62    2.07    0.00    0.04    0.00    0.00    0.00   75.95
09:10:14 PM  all   11.83    0.00    6.23    3.22    0.00    0.08    0.00    0.00    0.00   78.64
09:10:15 PM  all   11.74    0.00    4.07    5.64    0.00    0.00    0.00    0.00    0.00   78.56
09:10:16 PM  all   12.39    0.00    4.68    6.32    0.00    0.04    0.00    0.00    0.00   76.56
09:10:17 PM  all   11.56    0.00    5.07    6.44    0.00    0.04    0.00    0.00    0.00   76.89
09:10:18 PM  all   12.46    0.00    5.21    6.36    0.00    0.04    0.00    0.00    0.00   75.93
09:10:19 PM  all   13.55    0.00    6.40    5.64    0.00    0.04    0.00    0.00    0.00   74.37
09:10:20 PM  all   11.96    0.00    4.86    6.04    0.00    0.08    0.00    0.00    0.00   77.05
09:10:21 PM  all   11.90    0.00    4.16    6.01    0.00    0.04    0.00    0.00    0.00   77.89
09:10:22 PM  all   11.30    0.00    3.58    5.75    0.00    0.09    0.00    0.00    0.00   79.28
09:10:23 PM  all   10.28    0.00    4.03    6.00    0.00    0.09    0.00    0.00    0.00   79.61
09:10:24 PM  all   10.89    0.00    3.45    6.08    0.00    0.04    0.00    0.00    0.00   79.54
09:10:25 PM  all   13.71    0.00    4.95    4.32    0.00    0.00    0.00    0.00    0.00   77.02
09:10:26 PM  all   17.63    0.00    5.29    2.60    0.00    0.04    0.00    0.00    0.00   74.43
09:10:27 PM  all   16.35    0.00    5.00    2.65    0.00    0.00    0.00    0.00    0.00   76.00
09:10:28 PM  all   36.32    0.00    3.79    1.85    0.00    0.00    0.00    0.00    0.00   58.04
09:10:29 PM  all   16.33    0.00    4.99    2.51    0.00    0.04    0.00    0.00    0.00   76.13
09:10:30 PM  all   16.05    0.00    6.53    2.15    0.00    0.13    0.00    0.00    0.00   75.15
09:10:31 PM  all   16.14    0.00    5.12    2.12    0.00    0.04    0.00    0.00    0.00   76.58
09:10:32 PM  all   18.29    0.00    5.91    2.37    0.00    0.04    0.00    0.00    0.00   73.38
09:10:33 PM  all   18.43    0.00    6.03    2.34    0.00    0.08    0.00    0.00    0.00   73.12
09:10:34 PM  all   14.59    0.00    6.19    4.03    0.00    0.00    0.00    0.00    0.00   75.19
09:10:35 PM  all   12.77    0.00    5.62    5.74    0.00    0.00    0.00    0.00    0.00   75.87
09:10:36 PM  all   11.70    0.00    5.13    5.89    0.00    0.08    0.00    0.00    0.00   77.18
09:10:37 PM  all   11.05    0.00    3.82    6.12    0.00    0.00    0.00    0.00    0.00   79.01
09:10:38 PM  all   10.52    0.00    3.52    5.88    0.00    0.09    0.00    0.00    0.00   79.99
09:10:39 PM  all   11.15    0.00    3.79    6.13    0.00    0.09    0.00    0.00    0.00   78.85
09:10:40 PM  all   11.08    0.00    5.39    6.20    0.00    0.00    0.00    0.00    0.00   77.32
09:10:41 PM  all   10.32    0.00    4.49    5.78    0.00    0.09    0.00    0.00    0.00   79.32
09:10:42 PM  all   15.33    0.00    5.43    3.88    0.00    0.08    0.00    0.00    0.00   75.27
09:10:43 PM  all   15.92    0.00    5.11    5.11    0.00    0.04    0.00    0.00    0.00   73.82
09:10:44 PM  all   15.98    0.00    5.16    2.13    0.00    0.04    0.00    0.00    0.00   76.69
09:10:45 PM  all   18.61    0.00    5.59    2.10    0.00    0.13    0.00    0.00    0.00   73.57
09:10:46 PM  all   15.90    0.00    5.67    2.16    0.00    0.13    0.00    0.00    0.00   76.15
09:10:47 PM  all   17.37    0.00    6.14    2.16    0.00    0.08    0.00    0.00    0.00   74.25
09:10:48 PM  all   19.32    0.00    6.75    2.19    0.00    0.08    0.00    0.00    0.00   71.66
09:10:49 PM  all   19.50    0.00    6.61    2.22    0.00    0.08    0.00    0.00    0.00   71.59
09:10:50 PM  all   17.61    0.00    6.11    2.36    0.00    0.08    0.00    0.00    0.00   73.83
09:10:51 PM  all   11.07    0.00    5.73    6.11    0.00    0.04    0.00    0.00    0.00   77.05
09:10:52 PM  all   11.92    0.00    4.33    6.11    0.00    0.08    0.00    0.00    0.00   77.56
09:10:53 PM  all   12.36    0.00    4.04    5.67    0.00    0.17    0.00    0.00    0.00   77.76
09:10:54 PM  all   12.15    0.00    4.08    5.61    0.00    0.04    0.00    0.00    0.00   78.11
09:10:55 PM  all   10.63    0.00    4.71    5.83    0.00    0.13    0.00    0.00    0.00   78.70
09:10:56 PM  all   11.89    0.00    3.79    5.75    0.00    0.04    0.00    0.00    0.00   78.52
09:10:57 PM  all   11.32    0.00    4.53    5.94    0.00    0.09    0.00    0.00    0.00   78.12
09:10:58 PM  all   11.47    0.00    3.79    5.71    0.00    0.09    0.00    0.00    0.00   78.94
09:10:59 PM  all   16.02    0.00    5.18    3.23    0.00    0.04    0.00    0.00    0.00   75.52
09:11:00 PM  all   16.79    0.00    5.17    2.37    0.00    0.04    0.00    0.00    0.00   75.61
09:11:01 PM  all   15.59    0.00    5.81    2.05    0.00    0.00    0.00    0.00    0.00   76.55
09:11:02 PM  all   18.12    0.00    5.05    2.10    0.00    0.17    0.00    0.00    0.00   74.56
09:11:03 PM  all   18.41    0.00    7.41    2.20    0.00    0.04    0.00    0.00    0.00   71.94
09:11:04 PM  all   17.44    0.00    6.96    2.33    0.00    0.08    0.00    0.00    0.00   73.19
09:11:05 PM  all   18.54    0.00    6.48    2.29    0.00    0.04    0.00    0.00    0.00   72.65
09:11:06 PM  all   18.13    0.00    6.57    2.33    0.00    0.04    0.00    0.00    0.00   72.94
09:11:07 PM  all   17.85    0.00    6.10    2.42    0.00    0.04    0.00    0.00    0.00   73.59
09:11:08 PM  all   16.97    0.00    5.25    2.06    0.00    0.00    0.00    0.00    0.00   75.72
09:11:09 PM  all   11.99    0.00    4.01    5.74    0.00    0.08    0.00    0.00    0.00   78.17
09:11:10 PM  all   11.42    0.00    4.36    6.05    0.00    0.00    0.00    0.00    0.00   78.17
09:11:11 PM  all   10.96    0.00    4.59    6.37    0.00    0.04    0.00    0.00    0.00   78.04
09:11:12 PM  all   11.37    0.00    3.73    5.83    0.00    0.04    0.00    0.00    0.00   79.02
09:11:13 PM  all   10.70    0.00    3.58    5.95    0.00    0.04    0.00    0.00    0.00   79.72
09:11:14 PM  all   11.49    0.00    4.38    5.70    0.00    0.09    0.00    0.00    0.00   78.34
09:11:15 PM  all   15.67    0.00    4.12    5.32    0.00    0.13    0.00    0.00    0.00   74.75
09:11:16 PM  all   10.93    0.00    4.70    5.72    0.00    0.04    0.00    0.00    0.00   78.61
09:11:17 PM  all   14.51    0.00    5.41    3.60    0.00    0.17    0.00    0.00    0.00   76.31
09:11:18 PM  all   18.35    0.00    7.16    2.22    0.00    0.04    0.00    0.00    0.00   72.22
09:11:19 PM  all   18.18    0.00    6.30    2.26    0.00    0.09    0.00    0.00    0.00   73.18
09:11:20 PM  all   16.80    0.00    6.82    2.36    0.00    0.08    0.00    0.00    0.00   73.94
09:11:21 PM  all   18.56    0.00    8.00    2.22    0.00    0.08    0.00    0.00    0.00   71.14
09:11:22 PM  all   35.36    0.00    6.93    1.82    0.00    0.00    0.00    0.00    0.00   55.89
09:11:23 PM  all   33.18    0.00    5.92    1.78    0.00    0.00    0.00    0.00    0.00   59.12
09:11:24 PM  all   18.12    0.00    5.42    2.58    0.00    0.08    0.00    0.00    0.00   73.79
09:11:25 PM  all   16.18    0.00    5.02    2.09    0.00    0.00    0.00    0.00    0.00   76.71
09:11:26 PM  all   16.82    0.00    5.18    2.08    0.00    0.04    0.00    0.00    0.00   75.88
09:11:27 PM  all   11.19    0.00    4.32    5.76    0.00    0.08    0.00    0.00    0.00   78.64
09:11:28 PM  all   10.00    0.00    4.33    6.05    0.00    0.09    0.00    0.00    0.00   79.53
09:11:29 PM  all   12.45    0.00    3.50    5.91    0.00    0.08    0.00    0.00    0.00   78.05
09:11:30 PM  all   11.66    0.00    3.59    5.66    0.00    0.08    0.00    0.00    0.00   79.00
09:11:31 PM  all   11.67    0.00    4.37    5.73    0.00    0.13    0.00    0.00    0.00   78.11
09:11:32 PM  all   12.32    0.00    4.77    5.86    0.00    0.08    0.00    0.00    0.00   76.96
09:11:33 PM  all   13.74    0.00    6.07    5.73    0.00    0.00    0.00    0.00    0.00   74.46
09:11:34 PM  all   14.30    0.00    5.30    5.97    0.00    0.08    0.00    0.00    0.00   74.35
09:11:35 PM  all   14.29    0.00    6.19    4.75    0.00    0.00    0.00    0.00    0.00   74.78
09:11:36 PM  all   17.22    0.00    6.68    2.68    0.00    0.00    0.00    0.00    0.00   73.43
09:11:37 PM  all   18.10    0.00    6.29    2.78    0.00    0.04    0.00    0.00    0.00   72.78
09:11:38 PM  all   16.40    0.00    4.89    2.38    0.00    0.04    0.00    0.00    0.00   76.29
09:11:39 PM  all   15.88    0.00    6.28    3.27    0.00    0.08    0.00    0.00    0.00   74.48
09:11:40 PM  all   15.51    0.00    6.44    1.99    0.00    0.00    0.00    0.00    0.00   76.06
09:11:41 PM  all   18.25    0.00    5.49    1.99    0.00    0.04    0.00    0.00    0.00   74.23
09:11:42 PM  all   16.95    0.00    5.65    2.07    0.00    0.04    0.00    0.00    0.00   75.28
09:11:43 PM  all   15.25    0.00    5.28    2.22    0.00    0.09    0.00    0.00    0.00   77.16
09:11:44 PM  all   16.93    0.00    5.02    3.67    0.00    0.08    0.00    0.00    0.00   74.29
09:11:45 PM  all   16.26    0.00    6.07    3.14    0.00    0.08    0.00    0.00    0.00   74.44
09:11:46 PM  all   15.79    0.00    5.18    2.29    0.00    0.08    0.00    0.00    0.00   76.66
09:11:47 PM  all   19.51    0.00    5.27    2.08    0.00    0.08    0.00    0.00    0.00   73.06
09:11:48 PM  all   18.00    0.00    6.06    2.22    0.00    0.13    0.00    0.00    0.00   73.60
09:11:49 PM  all   16.98    0.00    6.33    2.89    0.00    0.04    0.00    0.00    0.00   73.75
09:11:50 PM  all   12.01    0.00    4.91    5.81    0.00    0.04    0.00    0.00    0.00   77.22
09:11:51 PM  all   13.79    0.00    4.92    5.86    0.00    0.21    0.00    0.00    0.00   75.21
09:11:52 PM  all   14.63    0.00    4.90    6.00    0.00    0.13    0.00    0.00    0.00   74.33
09:11:53 PM  all   11.97    0.00    4.05    5.99    0.00    0.08    0.00    0.00    0.00   77.91
09:11:54 PM  all   12.11    0.00    3.84    5.44    0.00    0.13    0.00    0.00    0.00   78.48
09:11:55 PM  all   10.93    0.00    3.77    5.91    0.00    0.13    0.00    0.00    0.00   79.26
09:11:56 PM  all   10.97    0.00    3.76    5.80    0.00    0.04    0.00    0.00    0.00   79.43
09:11:57 PM  all   11.89    0.00    4.61    5.67    0.00    0.08    0.00    0.00    0.00   77.75
09:11:58 PM  all   12.47    0.00    3.78    5.63    0.00    0.08    0.00    0.00    0.00   78.03
09:11:59 PM  all   12.36    0.00    3.39    5.88    0.00    0.04    0.00    0.00    0.00   78.32
09:12:00 PM  all   11.37    0.00    3.55    6.11    0.00    0.04    0.00    0.00    0.00   78.93
09:12:01 PM  all   15.10    0.00    4.81    3.49    0.00    0.09    0.00    0.00    0.00   76.52
09:12:02 PM  all   16.96    0.00    5.93    2.48    0.00    0.00    0.00    0.00    0.00   74.62
09:12:03 PM  all   17.52    0.00    6.64    2.67    0.00    0.25    0.00    0.00    0.00   72.92
09:12:04 PM  all   20.53    0.00    7.07    2.50    0.00    0.25    0.00    0.00    0.00   69.64
09:12:05 PM  all   17.96    0.00    6.78    2.24    0.00    0.00    0.00    0.00    0.00   73.02
09:12:06 PM  all   18.33    0.00    6.71    2.28    0.00    0.04    0.00    0.00    0.00   72.64
09:12:07 PM  all   18.54    0.00    6.45    2.14    0.00    0.04    0.00    0.00    0.00   72.83
09:12:08 PM  all   17.97    0.00    5.53    2.28    0.00    0.08    0.00    0.00    0.00   74.14
09:12:09 PM  all   16.19    0.00    4.97    2.04    0.00    0.04    0.00    0.00    0.00   76.76
09:12:10 PM  all   14.02    0.00    4.46    3.19    0.00    0.04    0.00    0.00    0.00   78.28
09:12:11 PM  all   11.51    0.00    4.49    6.03    0.00    0.04    0.00    0.00    0.00   77.93
09:12:12 PM  all   11.57    0.00    4.66    5.85    0.00    0.08    0.00    0.00    0.00   77.83
09:12:13 PM  all   12.56    0.00    4.24    5.76    0.00    0.08    0.00    0.00    0.00   77.35
09:12:14 PM  all   11.40    0.00    4.37    5.64    0.00    0.08    0.00    0.00    0.00   78.51
09:12:15 PM  all   12.23    0.00    4.02    5.70    0.00    0.08    0.00    0.00    0.00   77.97
09:12:16 PM  all   11.76    0.00    3.78    5.77    0.00    0.04    0.00    0.00    0.00   78.65
09:12:17 PM  all   12.87    0.00    5.00    5.72    0.00    0.13    0.00    0.00    0.00   76.29
09:12:18 PM  all   13.97    0.00    6.13    5.79    0.00    0.04    0.00    0.00    0.00   74.07
09:12:19 PM  all   17.81    0.00    5.75    3.05    0.00    0.08    0.00    0.00    0.00   73.31
09:12:20 PM  all   18.72    0.00    6.00    2.30    0.00    0.00    0.00    0.00    0.00   72.98
09:12:21 PM  all   17.96    0.00    6.16    2.21    0.00    0.08    0.00    0.00    0.00   73.59
09:12:22 PM  all   18.43    0.00    5.95    2.19    0.00    0.04    0.00    0.00    0.00   73.39
09:12:23 PM  all   16.76    0.00    4.94    2.09    0.00    0.04    0.00    0.00    0.00   76.16
09:12:24 PM  all   15.92    0.00    5.63    2.06    0.00    0.00    0.00    0.00    0.00   76.39
09:12:25 PM  all   13.37    0.00    5.90    1.52    0.00    0.08    0.00    0.00    0.00   79.12
09:12:26 PM  all   15.40    0.00    6.81    1.99    0.00    0.04    0.00    0.00    0.00   75.76
09:12:27 PM  all   16.61    0.00    5.07    2.16    0.00    0.08    0.00    0.00    0.00   76.08
09:12:28 PM  all   14.77    0.00    5.89    1.64    0.00    0.08    0.00    0.00    0.00   77.62
09:12:29 PM  all   17.49    0.00    5.15    3.87    0.00    0.04    0.00    0.00    0.00   73.45
09:12:30 PM  all   15.85    0.00    4.87    2.39    0.00    0.00    0.00    0.00    0.00   76.88
09:12:31 PM  all   16.84    0.00    5.80    2.07    0.00    0.04    0.00    0.00    0.00   75.25
09:12:32 PM  all    9.51    0.00    6.07    4.16    0.00    0.04    0.00    0.00    0.00   80.21
09:12:33 PM  all   10.69    0.00    6.07    5.64    0.00    0.13    0.00    0.00    0.00   77.47
09:12:34 PM  all   13.13    0.00    5.79    5.70    0.00    0.08    0.00    0.00    0.00   75.30
09:12:35 PM  all   12.14    0.00    6.18    5.71    0.00    0.08    0.00    0.00    0.00   75.89
09:12:36 PM  all   12.14    0.00    4.34    5.83    0.00    0.09    0.00    0.00    0.00   77.60
09:12:37 PM  all   10.93    0.00    5.78    5.49    0.00    0.13    0.00    0.00    0.00   77.68
09:12:38 PM  all   11.74    0.00    3.90    5.45    0.00    0.08    0.00    0.00    0.00   78.83
09:12:39 PM  all    9.41    0.00    4.36    5.30    0.00    0.13    0.00    0.00    0.00   80.81
09:12:40 PM  all   11.39    0.00    3.57    5.61    0.00    0.04    0.00    0.00    0.00   79.39
09:12:41 PM  all    9.03    0.00    4.51    5.28    0.00    0.09    0.00    0.00    0.00   81.09
09:12:42 PM  all    9.62    0.00    5.11    5.61    0.00    0.00    0.00    0.00    0.00   79.65
09:12:43 PM  all   15.13    0.00    4.44    3.21    0.00    0.08    0.00    0.00    0.00   77.13
09:12:44 PM  all   15.09    0.00    5.52    3.96    0.00    0.08    0.00    0.00    0.00   75.35
09:12:45 PM  all   14.07    0.00    5.24    1.66    0.00    0.00    0.00    0.00    0.00   79.03
09:12:46 PM  all   15.74    0.00    5.91    2.09    0.00    0.04    0.00    0.00    0.00   76.21
09:12:47 PM  all   15.81    0.00    5.68    2.12    0.00    0.04    0.00    0.00    0.00   76.35
09:12:48 PM  all   16.09    0.00    5.53    2.20    0.00    0.04    0.00    0.00    0.00   76.14
09:12:49 PM  all   17.11    0.00    5.72    2.09    0.00    0.04    0.00    0.00    0.00   75.03
09:12:50 PM  all   17.67    0.00    6.80    2.14    0.00    0.04    0.00    0.00    0.00   73.35
09:12:51 PM  all   17.41    0.00    6.80    2.07    0.00    0.04    0.00    0.00    0.00   73.67
09:12:52 PM  all   17.67    0.00    6.51    2.66    0.00    0.00    0.00    0.00    0.00   73.15
09:12:53 PM  all   14.59    0.00    5.64    5.30    0.00    0.13    0.00    0.00    0.00   74.34
09:12:54 PM  all   13.33    0.00    4.24    5.26    0.00    0.08    0.00    0.00    0.00   77.08
09:12:55 PM  all   11.13    0.00    4.37    5.69    0.00    0.08    0.00    0.00    0.00   78.73
09:12:56 PM  all   12.52    0.00    4.58    5.80    0.00    0.13    0.00    0.00    0.00   76.98
09:12:57 PM  all   11.36    0.00    4.36    5.64    0.00    0.13    0.00    0.00    0.00   78.52
09:12:58 PM  all   11.87    0.00    4.37    5.09    0.00    0.17    0.00    0.00    0.00   78.50
09:12:59 PM  all   11.88    0.00    3.52    5.65    0.00    0.13    0.00    0.00    0.00   78.82
09:13:00 PM  all   12.20    0.00    4.50    5.82    0.00    0.13    0.00    0.00    0.00   77.35
09:13:01 PM  all   16.38    0.00    5.11    2.38    0.00    0.04    0.00    0.00    0.00   76.09
09:13:02 PM  all   16.55    0.00    4.81    2.13    0.00    0.09    0.00    0.00    0.00   76.43
09:13:03 PM  all   15.21    0.00    5.31    2.29    0.00    0.04    0.00    0.00    0.00   77.15
09:13:04 PM  all   22.92    0.00    5.93    2.12    0.00    0.08    0.00    0.00    0.00   68.94
09:13:05 PM  all   19.89    0.00    6.66    2.15    0.00    0.08    0.00    0.00    0.00   71.22
09:13:06 PM  all   18.58    0.00    6.00    2.11    0.00    0.04    0.00    0.00    0.00   73.27
09:13:07 PM  all   18.43    0.00    5.92    2.20    0.00    0.08    0.00    0.00    0.00   73.37
09:13:08 PM  all   17.45    0.00    6.80    2.01    0.00    0.08    0.00    0.00    0.00   73.66
09:13:09 PM  all   17.59    0.00    4.85    2.07    0.00    0.04    0.00    0.00    0.00   75.45
09:13:10 PM  all   12.97    0.00    4.83    3.60    0.00    0.04    0.00    0.00    0.00   78.56
09:13:11 PM  all   10.95    0.00    4.33    5.77    0.00    0.04    0.00    0.00    0.00   78.91
09:13:12 PM  all   10.62    0.00    4.20    5.61    0.00    0.04    0.00    0.00    0.00   79.54
09:13:13 PM  all   11.79    0.00    4.29    5.69    0.00    0.04    0.00    0.00    0.00   78.19
09:13:14 PM  all   11.76    0.00    4.35    5.71    0.00    0.09    0.00    0.00    0.00   78.09
09:13:15 PM  all   13.88    0.00    4.23    5.50    0.00    0.08    0.00    0.00    0.00   76.30
09:13:16 PM  all   10.89    0.00    4.00    5.87    0.00    0.00    0.00    0.00    0.00   79.23
09:13:17 PM  all   10.93    0.00    4.04    5.70    0.00    0.04    0.00    0.00    0.00   79.29
09:13:18 PM  all   11.62    0.00    4.10    5.85    0.00    0.04    0.00    0.00    0.00   78.39
09:13:19 PM  all   18.34    0.00    5.97    2.33    0.00    0.08    0.00    0.00    0.00   73.27
09:13:20 PM  all   16.98    0.00    7.00    2.32    0.00    0.46    0.00    0.00    0.00   73.24
09:13:21 PM  all   19.04    0.00    6.50    2.68    0.00    0.21    0.00    0.00    0.00   71.57
09:13:22 PM  all   19.01    0.00    6.73    2.19    0.00    0.13    0.00    0.00    0.00   71.95
09:13:23 PM  all   18.92    0.00    6.71    2.20    0.00    0.08    0.00    0.00    0.00   72.09
09:13:24 PM  all   17.20    0.00    5.82    2.34    0.00    0.17    0.00    0.00    0.00   74.48
09:13:25 PM  all    9.86    0.00    6.24    0.97    0.00    0.00    0.00    0.00    0.00   82.93
09:13:26 PM  all   21.24    0.00    4.44    2.50    0.00    0.00    0.00    0.00    0.00   71.82
09:13:27 PM  all   15.97    0.00    5.20    2.53    0.00    0.00    0.00    0.00    0.00   76.30
09:13:28 PM  all   11.80    0.00    5.23    3.79    0.00    0.04    0.00    0.00    0.00   79.13
09:13:29 PM  all    9.80    0.00    4.45    5.81    0.00    0.04    0.00    0.00    0.00   79.89
09:13:30 PM  all   10.27    0.00    4.39    6.05    0.00    0.00    0.00    0.00    0.00   79.29
09:13:31 PM  all   10.21    0.00    4.62    5.25    0.00    0.08    0.00    0.00    0.00   79.83
09:13:32 PM  all   11.62    0.00    4.16    5.69    0.00    0.08    0.00    0.00    0.00   78.45
09:13:33 PM  all    9.47    0.00    3.76    5.29    0.00    0.04    0.00    0.00    0.00   81.44
09:13:34 PM  all   11.50    0.00    4.87    5.73    0.00    0.04    0.00    0.00    0.00   77.86
09:13:35 PM  all   13.05    0.00    5.03    6.00    0.00    0.08    0.00    0.00    0.00   75.83
09:13:36 PM  all   12.47    0.00    5.64    5.64    0.00    0.13    0.00    0.00    0.00   76.13
09:13:37 PM  all   18.88    0.00    6.56    2.51    0.00    0.13    0.00    0.00    0.00   71.91
09:13:38 PM  all   19.77    0.00    6.56    2.06    0.00    0.08    0.00    0.00    0.00   71.52
09:13:39 PM  all   19.22    0.00    5.98    1.69    0.00    0.08    0.00    0.00    0.00   73.03
09:13:40 PM  all   48.15    0.00    6.04    1.22    0.00    0.08    0.00    0.00    0.00   44.51
09:13:41 PM  all   18.79    0.00    5.48    2.28    0.00    0.13    0.00    0.00    0.00   73.32
09:13:42 PM  all   16.39    0.00    6.25    2.49    0.00    0.04    0.00    0.00    0.00   74.82
09:13:43 PM  all   14.21    0.00    4.84    3.10    0.00    0.04    0.00    0.00    0.00   77.81
09:13:44 PM  all   10.01    0.00    4.54    7.87    0.00    0.13    0.00    0.00    0.00   77.45
09:13:45 PM  all    7.46    0.00    5.21    9.53    0.00    0.04    0.00    0.00    0.00   77.75
09:13:46 PM  all   10.57    0.00    3.58    8.20    0.00    0.00    0.00    0.00    0.00   77.64
09:13:47 PM  all   11.45    0.00    4.08    9.70    0.00    0.09    0.00    0.00    0.00   74.69
09:13:48 PM  all   10.68    0.00    4.04    8.85    0.00    0.13    0.00    0.00    0.00   76.31
09:13:49 PM  all   12.47    0.00    4.45    7.35    0.00    0.17    0.00    0.00    0.00   75.57
09:13:50 PM  all   16.53    0.00    5.67    2.81    0.00    0.00    0.00    0.00    0.00   74.99
09:13:51 PM  all   19.78    0.00    6.56    2.51    0.00    0.26    0.00    0.00    0.00   70.89
09:13:52 PM  all   20.45    0.00    6.51    2.15    0.00    0.13    0.00    0.00    0.00   70.76
09:13:53 PM  all   24.20    0.00    6.45    2.09    0.00    0.08    0.00    0.00    0.00   67.17
09:13:54 PM  all   11.01    0.00    6.44    4.53    0.00    0.13    0.00    0.00    0.00   77.90
09:13:55 PM  all   13.66    0.00    5.74    5.91    0.00    0.08    0.00    0.00    0.00   74.61
09:13:56 PM  all   12.05    0.00    4.52    5.90    0.00    0.17    0.00    0.00    0.00   77.37
09:13:57 PM  all   12.92    0.00    4.41    6.20    0.00    0.17    0.00    0.00    0.00   76.30
09:13:58 PM  all   15.19    0.00    4.69    2.82    0.00    0.13    0.00    0.00    0.00   77.18
09:13:59 PM  all   13.06    0.00    5.86    1.93    0.00    0.04    0.00    0.00    0.00   79.11
09:14:00 PM  all   18.27    0.00    5.73    2.68    0.00    0.00    0.00    0.00    0.00   73.32
09:14:01 PM  all   16.75    0.00    5.49    2.03    0.00    0.04    0.00    0.00    0.00   75.70
09:14:02 PM  all   15.99    0.00    6.16    2.17    0.00    0.04    0.00    0.00    0.00   75.64
09:14:03 PM  all   15.15    0.00    5.34    2.35    0.00    0.09    0.00    0.00    0.00   77.08
09:14:04 PM  all   14.89    0.00    4.72    2.19    0.00    0.04    0.00    0.00    0.00   78.16
09:14:05 PM  all   15.85    0.00    5.88    2.05    0.00    0.04    0.00    0.00    0.00   76.18
09:14:06 PM  all   12.40    0.00    5.31    4.26    0.00    0.08    0.00    0.00    0.00   77.94
09:14:07 PM  all   14.30    0.00    5.27    5.27    0.00    0.13    0.00    0.00    0.00   75.03
09:14:08 PM  all   15.13    0.00    5.80    6.01    0.00    0.04    0.00    0.00    0.00   73.01
09:14:09 PM  all   14.97    0.00    5.89    5.60    0.00    0.13    0.00    0.00    0.00   73.41
09:14:10 PM  all   15.89    0.00    4.66    5.72    0.00    0.09    0.00    0.00    0.00   73.64
09:14:11 PM  all    9.98    0.00    5.73    6.03    0.00    0.04    0.00    0.00    0.00   78.22
09:14:12 PM  all   14.45    0.00    5.18    6.11    0.00    0.08    0.00    0.00    0.00   74.18
09:14:13 PM  all   13.98    0.00    3.84    4.86    0.00    0.04    0.00    0.00    0.00   77.27
09:14:14 PM  all   18.56    0.00    4.93    2.34    0.00    0.04    0.00    0.00    0.00   74.13
09:14:15 PM  all   43.10    0.00    3.66    1.22    0.00    0.04    0.00    0.00    0.00   51.98
09:14:16 PM  all   17.13    0.00    5.36    2.59    0.00    0.04    0.00    0.00    0.00   74.87
09:14:17 PM  all   15.30    0.00    5.51    1.97    0.00    0.04    0.00    0.00    0.00   77.18
09:14:18 PM  all   13.67    0.00    5.66    1.89    0.00    0.08    0.00    0.00    0.00   78.69
09:14:19 PM  all   11.71    0.00    5.58    1.40    0.00    0.04    0.00    0.00    0.00   81.27
09:14:20 PM  all   16.17    0.00    5.87    2.11    0.00    0.08    0.00    0.00    0.00   75.77
09:14:21 PM  all   14.16    0.00    5.54    3.17    0.00    0.08    0.00    0.00    0.00   77.04
09:14:22 PM  all    9.14    0.00    5.37    5.58    0.00    0.08    0.00    0.00    0.00   79.82
09:14:23 PM  all    8.59    0.00    4.49    5.80    0.00    0.08    0.00    0.00    0.00   81.03
09:14:24 PM  all    8.58    0.00    5.75    4.94    0.00    0.00    0.00    0.00    0.00   80.74
09:14:25 PM  all   15.06    0.00    5.54    5.84    0.00    0.17    0.00    0.00    0.00   73.39
09:14:26 PM  all   14.16    0.00    4.36    5.47    0.00    0.04    0.00    0.00    0.00   75.96
09:14:27 PM  all    9.90    0.00    5.65    5.40    0.00    0.08    0.00    0.00    0.00   78.97
09:14:28 PM  all   12.79    0.00    4.89    6.46    0.00    0.00    0.00    0.00    0.00   75.86
09:14:29 PM  all   17.39    0.00    6.78    2.82    0.00    0.00    0.00    0.00    0.00   73.01
09:14:30 PM  all   17.26    0.00    5.03    2.34    0.00    0.04    0.00    0.00    0.00   75.32
09:14:31 PM  all   13.09    0.00    9.58    1.48    0.00    0.04    0.00    0.00    0.00   75.81
09:14:32 PM  all   15.29    0.00    6.26    2.04    0.00    0.09    0.00    0.00    0.00   76.32
09:14:33 PM  all   16.53    0.00    5.92    2.03    0.00    0.08    0.00    0.00    0.00   75.44
09:14:34 PM  all   19.30    0.00    5.28    1.79    0.00    0.09    0.00    0.00    0.00   73.54
09:14:35 PM  all   15.52    0.00    5.22    2.12    0.00    0.04    0.00    0.00    0.00   77.10
09:14:36 PM  all   12.42    0.00    5.45    3.72    0.00    0.04    0.00    0.00    0.00   78.37
09:14:37 PM  all   10.99    0.00    4.13    5.62    0.00    0.13    0.00    0.00    0.00   79.12
09:14:38 PM  all   11.78    0.00    3.55    5.57    0.00    0.13    0.00    0.00    0.00   78.97
09:14:39 PM  all   12.05    0.00    3.70    5.36    0.00    0.13    0.00    0.00    0.00   78.76
09:14:40 PM  all   14.18    0.00    5.57    5.66    0.00    0.04    0.00    0.00    0.00   74.55
09:14:41 PM  all   10.03    0.00    6.11    4.38    0.00    0.13    0.00    0.00    0.00   79.35
09:14:42 PM  all   13.85    0.00    5.83    4.89    0.00    0.09    0.00    0.00    0.00   75.34
09:14:43 PM  all   18.24    0.00    6.22    2.50    0.00    0.13    0.00    0.00    0.00   72.92
09:14:44 PM  all   18.44    0.00    6.18    2.28    0.00    0.08    0.00    0.00    0.00   73.01
09:14:45 PM  all   19.61    0.00    6.57    2.10    0.00    0.04    0.00    0.00    0.00   71.68
09:14:46 PM  all   15.59    0.00    5.85    1.82    0.00    0.08    0.00    0.00    0.00   76.65
09:14:47 PM  all   21.40    0.00    5.99    1.70    0.00    0.08    0.00    0.00    0.00   70.83
09:14:48 PM  all   16.77    0.00    5.96    2.21    0.00    0.04    0.00    0.00    0.00   75.01
09:14:49 PM  all   17.40    0.00    6.11    4.85    0.00    0.13    0.00    0.00    0.00   71.51
09:14:50 PM  all   10.88    0.00    4.23    6.14    0.00    0.08    0.00    0.00    0.00   78.67
09:14:51 PM  all   10.48    0.00    4.12    5.60    0.00    0.08    0.00    0.00    0.00   79.71
09:14:52 PM  all   10.83    0.00    3.81    5.61    0.00    0.00    0.00    0.00    0.00   79.75
09:14:53 PM  all   11.62    0.00    4.29    5.40    0.00    0.04    0.00    0.00    0.00   78.64
09:14:54 PM  all   11.92    0.00    3.76    5.64    0.00    0.09    0.00    0.00    0.00   78.60
09:14:55 PM  all   12.46    0.00    4.87    5.68    0.00    0.04    0.00    0.00    0.00   76.94
09:14:56 PM  all   14.08    0.00    5.87    3.70    0.00    0.04    0.00    0.00    0.00   76.31
09:14:57 PM  all   17.92    0.00    6.16    2.02    0.00    0.04    0.00    0.00    0.00   73.86
09:14:58 PM  all   24.22    0.00    7.27    2.05    0.00    0.09    0.00    0.00    0.00   66.37
09:14:59 PM  all   20.00    0.00    7.41    2.23    0.00    0.04    0.00    0.00    0.00   70.32
09:15:00 PM  all   18.26    0.00    6.98    2.17    0.00    0.09    0.00    0.00    0.00   72.51
09:15:01 PM  all   17.78    0.00    5.35    2.63    0.00    0.08    0.00    0.00    0.00   74.16
09:15:02 PM  all   15.70    0.00    5.22    2.12    0.00    0.00    0.00    0.00    0.00   76.96
09:15:03 PM  all    9.59    0.00    3.91    6.23    0.00    0.04    0.00    0.00    0.00   80.22
09:15:04 PM  all    8.35    0.00    5.15    5.11    0.00    0.13    0.00    0.00    0.00   81.27
09:15:05 PM  all   12.69    0.00    4.46    5.46    0.00    0.08    0.00    0.00    0.00   77.30
09:15:06 PM  all   11.84    0.00    5.01    5.77    0.00    0.08    0.00    0.00    0.00   77.29
09:15:07 PM  all   11.63    0.00    4.30    5.73    0.00    0.21    0.00    0.00    0.00   78.13
09:15:08 PM  all   13.20    0.00    4.47    4.81    0.00    0.09    0.00    0.00    0.00   77.43
09:15:09 PM  all   17.45    0.00    5.25    2.63    0.00    0.00    0.00    0.00    0.00   74.67
09:15:10 PM  all   16.29    0.00    4.99    2.75    0.00    0.00    0.00    0.00    0.00   75.97
09:15:11 PM  all   17.54    0.00    6.16    2.59    0.00    0.08    0.00    0.00    0.00   73.62
09:15:12 PM  all   17.31    0.00    6.19    1.73    0.00    0.04    0.00    0.00    0.00   74.73
09:15:13 PM  all   12.77    0.00    6.00    5.45    0.00    0.04    0.00    0.00    0.00   75.73
09:15:14 PM  all   13.89    0.00    5.86    5.65    0.00    0.04    0.00    0.00    0.00   74.55
09:15:15 PM  all   13.89    0.00    6.14    5.63    0.00    0.17    0.00    0.00    0.00   74.16
09:15:16 PM  all   20.57    0.00    4.43    5.19    0.00    0.00    0.00    0.00    0.00   69.81
09:15:17 PM  all   61.89    0.00    3.06    0.71    0.00    0.00    0.00    0.00    0.00   34.34
09:15:18 PM  all   16.50    0.00    5.17    2.63    0.00    0.00    0.00    0.00    0.00   75.70
09:15:19 PM  all   18.29    0.00    4.96    2.57    0.00    0.08    0.00    0.00    0.00   74.10
09:15:20 PM  all   15.07    0.00    4.87    2.48    0.00    0.04    0.00    0.00    0.00   77.54
09:15:21 PM  all   15.93    0.00    5.60    2.65    0.00    0.00    0.00    0.00    0.00   75.81
09:15:22 PM  all   15.66    0.00    5.21    2.37    0.00    0.00    0.00    0.00    0.00   76.76
09:15:23 PM  all   16.29    0.00    5.50    2.41    0.00    0.04    0.00    0.00    0.00   75.75
09:15:24 PM  all   15.65    0.00    5.44    2.40    0.00    0.04    0.00    0.00    0.00   76.47
09:15:25 PM  all   10.52    0.00    4.18    5.62    0.00    0.08    0.00    0.00    0.00   79.59
09:15:26 PM  all   12.51    0.00    4.45    5.89    0.00    0.00    0.00    0.00    0.00   77.15
09:15:27 PM  all    8.74    0.00    3.73    5.17    0.00    0.04    0.00    0.00    0.00   82.32
09:15:28 PM  all   13.38    0.00    4.91    5.84    0.00    0.13    0.00    0.00    0.00   75.74
09:15:29 PM  all   13.44    0.00    5.78    5.99    0.00    0.09    0.00    0.00    0.00   74.70
09:15:30 PM  all   13.64    0.00    5.89    5.80    0.00    0.08    0.00    0.00    0.00   74.59
09:15:31 PM  all   12.87    0.00    5.56    5.99    0.00    0.08    0.00    0.00    0.00   75.49
09:15:32 PM  all   18.16    0.00    6.61    2.34    0.00    0.00    0.00    0.00    0.00   72.89
09:15:33 PM  all   18.80    0.00    5.50    2.12    0.00    0.13    0.00    0.00    0.00   73.45
09:15:34 PM  all   16.67    0.00    4.93    2.21    0.00    0.04    0.00    0.00    0.00   76.15
09:15:35 PM  all   16.98    0.00    5.36    2.15    0.00    0.04    0.00    0.00    0.00   75.46
09:15:36 PM  all   16.16    0.00    5.81    2.59    0.00    0.04    0.00    0.00    0.00   75.40
09:15:37 PM  all   16.10    0.00    4.94    2.09    0.00    0.04    0.00    0.00    0.00   76.83
09:15:38 PM  all   16.28    0.00    4.99    2.03    0.00    0.04    0.00    0.00    0.00   76.66
09:15:39 PM  all   12.47    0.00    6.30    2.49    0.00    0.04    0.00    0.00    0.00   78.70
09:15:40 PM  all   10.46    0.00    4.27    5.55    0.00    0.04    0.00    0.00    0.00   79.68
09:15:41 PM  all   11.35    0.00    5.08    5.89    0.00    0.17    0.00    0.00    0.00   77.52
09:15:42 PM  all   11.28    0.00    4.04    5.91    0.00    0.09    0.00    0.00    0.00   78.68
09:15:43 PM  all   12.24    0.00    5.08    6.06    0.00    0.13    0.00    0.00    0.00   76.49
09:15:44 PM  all   12.00    0.00    5.14    6.39    0.00    0.04    0.00    0.00    0.00   76.43
09:15:45 PM  all   10.47    0.00    5.97    5.38    0.00    0.04    0.00    0.00    0.00   78.14
09:15:46 PM  all   16.49    0.00    5.84    4.52    0.00    0.08    0.00    0.00    0.00   73.07
09:15:47 PM  all   19.62    0.00    5.96    2.21    0.00    0.04    0.00    0.00    0.00   72.17
09:15:48 PM  all   18.00    0.00    6.20    2.12    0.00    0.08    0.00    0.00    0.00   73.59
09:15:49 PM  all   15.99    0.00    5.76    1.92    0.00    0.09    0.00    0.00    0.00   76.25
09:15:50 PM  all   16.55    0.00    5.67    3.70    0.00    0.13    0.00    0.00    0.00   73.95
09:15:51 PM  all   15.32    0.00    5.63    2.26    0.00    0.00    0.00    0.00    0.00   76.79
09:15:52 PM  all   15.41    0.00    4.94    2.36    0.00    0.04    0.00    0.00    0.00   77.25
09:15:53 PM  all   17.28    0.00    4.63    2.50    0.00    0.04    0.00    0.00    0.00   75.55
09:15:54 PM  all    9.63    0.00    6.81    4.46    0.00    0.21    0.00    0.00    0.00   78.89
09:15:55 PM  all   11.19    0.00    4.27    5.74    0.00    0.08    0.00    0.00    0.00   78.72
09:15:56 PM  all   11.43    0.00    3.77    5.57    0.00    0.09    0.00    0.00    0.00   79.15
09:15:57 PM  all   10.86    0.00    4.98    5.83    0.00    0.09    0.00    0.00    0.00   78.24
09:15:58 PM  all   11.91    0.00    3.68    5.91    0.00    0.04    0.00    0.00    0.00   78.46
09:15:59 PM  all   14.13    0.00    5.16    5.71    0.00    0.04    0.00    0.00    0.00   74.95
09:16:00 PM  all   12.92    0.00    4.99    6.27    0.00    0.34    0.00    0.00    0.00   75.49
09:16:01 PM  all   18.46    0.00    6.53    2.53    0.00    0.04    0.00    0.00    0.00   72.44
09:16:02 PM  all   18.55    0.00    6.62    2.53    0.00    0.17    0.00    0.00    0.00   72.13
09:16:03 PM  all   17.44    0.00    7.00    2.59    0.00    0.25    0.00    0.00    0.00   72.72
09:16:04 PM  all   17.89    0.00    4.91    2.22    0.00    0.04    0.00    0.00    0.00   74.94
09:16:05 PM  all   13.20    0.00    5.93    1.68    0.00    0.00    0.00    0.00    0.00   79.18
09:16:06 PM  all   13.51    0.00    6.55    1.48    0.00    0.00    0.00    0.00    0.00   78.46
09:16:07 PM  all   15.63    0.00    5.31    3.35    0.00    0.13    0.00    0.00    0.00   75.58
09:16:08 PM  all   11.95    0.00    4.32    5.89    0.00    0.04    0.00    0.00    0.00   77.80
09:16:09 PM  all   12.00    0.00    4.50    5.77    0.00    0.08    0.00    0.00    0.00   77.65
09:16:10 PM  all    9.65    0.00    4.72    5.27    0.00    0.08    0.00    0.00    0.00   80.27
09:16:11 PM  all    9.67    0.00    4.13    6.26    0.00    0.04    0.00    0.00    0.00   79.89
09:16:12 PM  all   11.86    0.00    4.68    5.82    0.00    0.04    0.00    0.00    0.00   77.59
09:16:13 PM  all   11.75    0.00    4.39    5.71    0.00    0.04    0.00    0.00    0.00   78.11
09:16:14 PM  all   18.07    0.00    5.15    2.45    0.00    0.13    0.00    0.00    0.00   74.20
09:16:15 PM  all   19.64    0.00    5.76    2.12    0.00    0.08    0.00    0.00    0.00   72.40
09:16:16 PM  all   19.49    0.00    5.78    2.24    0.00    0.08    0.00    0.00    0.00   72.41
09:16:17 PM  all   18.31    0.00    6.56    2.21    0.00    0.09    0.00    0.00    0.00   72.83
09:16:18 PM  all   18.16    0.00    5.64    2.46    0.00    0.08    0.00    0.00    0.00   73.65
09:16:19 PM  all   14.66    0.00    5.18    6.28    0.00    0.00    0.00    0.00    0.00   73.88
09:16:20 PM  all   12.10    0.00    4.02    6.01    0.00    0.04    0.00    0.00    0.00   77.82
09:16:21 PM  all   12.89    0.00    4.20    5.81    0.00    0.08    0.00    0.00    0.00   77.01
09:16:22 PM  all   12.00    0.00    4.90    5.83    0.00    0.13    0.00    0.00    0.00   77.13
09:16:23 PM  all   15.61    0.00    5.71    2.85    0.00    0.04    0.00    0.00    0.00   75.79
09:16:24 PM  all   16.03    0.00    4.86    2.26    0.00    0.00    0.00    0.00    0.00   76.85
09:16:25 PM  all   14.82    0.00    5.33    1.78    0.00    0.04    0.00    0.00    0.00   78.03
09:16:26 PM  all   13.96    0.00    5.48    1.90    0.00    0.04    0.00    0.00    0.00   78.62
09:16:27 PM  all   18.04    0.00    5.52    2.15    0.00    0.04    0.00    0.00    0.00   74.25
09:16:28 PM  all   17.88    0.00    5.79    1.92    0.00    0.04    0.00    0.00    0.00   74.37
09:16:29 PM  all   18.45    0.00    5.67    1.98    0.00    0.04    0.00    0.00    0.00   73.85
09:16:30 PM  all   22.70    0.00    6.40    1.95    0.00    0.04    0.00    0.00    0.00   68.91
09:16:31 PM  all   24.60    0.00    6.55    1.85    0.00    0.04    0.00    0.00    0.00   66.96
09:16:32 PM  all   14.13    0.00    5.63    4.44    0.00    0.04    0.00    0.00    0.00   75.75
09:16:33 PM  all   13.32    0.00    5.58    6.09    0.00    0.08    0.00    0.00    0.00   74.92
09:16:34 PM  all   13.69    0.00    4.71    6.23    0.00    0.13    0.00    0.00    0.00   75.24
09:16:35 PM  all   11.76    0.00    4.65    5.80    0.00    0.09    0.00    0.00    0.00   77.71
09:16:36 PM  all   11.72    0.00    4.54    5.94    0.00    0.04    0.00    0.00    0.00   77.75
09:16:37 PM  all   11.58    0.00    3.96    5.70    0.00    0.04    0.00    0.00    0.00   78.71
09:16:38 PM  all   12.12    0.00    4.11    6.02    0.00    0.13    0.00    0.00    0.00   77.62
09:16:39 PM  all   11.43    0.00    4.71    6.26    0.00    0.00    0.00    0.00    0.00   77.60
09:16:40 PM  all   13.50    0.00    4.26    4.30    0.00    0.04    0.00    0.00    0.00   77.89
09:16:41 PM  all   14.72    0.00    5.22    1.72    0.00    0.08    0.00    0.00    0.00   78.25
09:16:42 PM  all   13.82    0.00    6.15    1.52    0.00    0.04    0.00    0.00    0.00   78.48
09:16:43 PM  all   14.90    0.00    5.27    1.91    0.00    0.04    0.00    0.00    0.00   77.88
09:16:44 PM  all   16.83    0.00    4.77    2.00    0.00    0.04    0.00    0.00    0.00   76.35
09:16:45 PM  all   15.44    0.00    5.79    1.43    0.00    0.08    0.00    0.00    0.00   77.27
09:16:46 PM  all   17.90    0.00    7.05    2.14    0.00    0.04    0.00    0.00    0.00   72.87
09:16:47 PM  all   18.14    0.00    7.51    2.15    0.00    0.08    0.00    0.00    0.00   72.12
09:16:48 PM  all   16.72    0.00    7.40    2.26    0.00    0.09    0.00    0.00    0.00   73.53
09:16:49 PM  all   18.51    0.00    6.14    2.20    0.00    0.17    0.00    0.00    0.00   72.98
09:16:50 PM  all   12.24    0.00    6.25   10.72    0.00    0.08    0.00    0.00    0.00   70.70
09:16:51 PM  all   13.52    0.00    5.43    8.80    0.00    0.08    0.00    0.00    0.00   72.17
09:16:52 PM  all   10.99    0.00    4.13    8.56    0.00    0.17    0.00    0.00    0.00   76.15
09:16:53 PM  all   10.98    0.00    3.96   13.79    0.00    0.09    0.00    0.00    0.00   71.19
09:16:54 PM  all   11.73    0.00    4.36    9.36    0.00    0.04    0.00    0.00    0.00   74.51
09:16:55 PM  all    9.14    0.00    3.48   11.01    0.00    0.04    0.00    0.00    0.00   76.33
09:16:56 PM  all   11.39    0.00    4.41   11.01    0.00    0.04    0.00    0.00    0.00   73.15
09:16:57 PM  all   10.98    0.00    4.13   10.21    0.00    0.13    0.00    0.00    0.00   74.55
09:16:58 PM  all   13.83    0.00    4.60    6.58    0.00    0.17    0.00    0.00    0.00   74.83
09:16:59 PM  all   17.14    0.00    6.11    2.32    0.00    0.04    0.00    0.00    0.00   74.40
09:17:00 PM  all   14.41    0.00    6.10    1.65    0.00    0.08    0.00    0.00    0.00   77.75
09:17:01 PM  all   21.11    0.00    6.41    2.37    0.00    0.04    0.00    0.00    0.00   70.07
09:17:02 PM  all   18.64    0.00    6.38    2.77    0.00    0.09    0.00    0.00    0.00   72.13
09:17:03 PM  all   18.75    0.00    6.81    2.23    0.00    0.04    0.00    0.00    0.00   72.17
09:17:04 PM  all   17.77    0.00    6.45    2.80    0.00    0.04    0.00    0.00    0.00   72.94
09:17:05 PM  all   18.82    0.00    6.09    2.20    0.00    0.00    0.00    0.00    0.00   72.88
09:17:06 PM  all   20.74    0.00    5.97    2.10    0.00    0.13    0.00    0.00    0.00   71.06
09:17:07 PM  all   16.74    0.00    4.72    2.12    0.00    0.00    0.00    0.00    0.00   76.42
09:17:08 PM  all   11.14    0.00    4.21    5.02    0.00    0.04    0.00    0.00    0.00   79.59
09:17:09 PM  all    8.48    0.00    4.94    5.40    0.00    0.13    0.00    0.00    0.00   81.05
09:17:10 PM  all   11.59    0.00    3.74    5.86    0.00    0.08    0.00    0.00    0.00   78.73
09:17:11 PM  all   12.85    0.00    4.20    5.21    0.00    0.08    0.00    0.00    0.00   77.67
09:17:12 PM  all   11.17    0.00    4.22    5.67    0.00    0.13    0.00    0.00    0.00   78.81
09:17:13 PM  all   12.53    0.00    4.23    5.38    0.00    0.08    0.00    0.00    0.00   77.77
09:17:14 PM  all   11.35    0.00    4.82    5.80    0.00    0.09    0.00    0.00    0.00   77.94
09:17:15 PM  all   12.13    0.00    4.68    5.69    0.00    0.17    0.00    0.00    0.00   77.34
09:17:16 PM  all   12.60    0.00    5.55    5.64    0.00    0.00    0.00    0.00    0.00   76.22
09:17:17 PM  all   19.50    0.00    5.97    2.40    0.00    0.04    0.00    0.00    0.00   72.09
09:17:18 PM  all   20.94    0.00    5.96    2.14    0.00    0.08    0.00    0.00    0.00   70.88
09:17:19 PM  all   19.17    0.00    6.43    2.19    0.00    0.08    0.00    0.00    0.00   72.13
09:17:20 PM  all   14.31    0.00    6.52    1.56    0.00    0.13    0.00    0.00    0.00   77.48
09:17:21 PM  all   17.87    0.00    6.10    2.12    0.00    0.08    0.00    0.00    0.00   73.82
09:17:22 PM  all   16.44    0.00    4.82    2.09    0.00    0.04    0.00    0.00    0.00   76.60
09:17:23 PM  all   15.87    0.00    4.92    2.04    0.00    0.00    0.00    0.00    0.00   77.17
09:17:24 PM  all   14.35    0.00    5.92    1.87    0.00    0.00    0.00    0.00    0.00   77.85
09:17:25 PM  all   14.84    0.00    6.09    1.90    0.00    0.04    0.00    0.00    0.00   77.12
09:17:26 PM  all   15.83    0.00    5.17    2.27    0.00    0.08    0.00    0.00    0.00   76.65
09:17:27 PM  all   14.93    0.00    5.25    3.20    0.00    0.09    0.00    0.00    0.00   76.54
09:17:28 PM  all   16.56    0.00    5.98    1.98    0.00    0.04    0.00    0.00    0.00   75.43
09:17:29 PM  all   12.04    0.00    4.70    4.03    0.00    0.13    0.00    0.00    0.00   79.10
09:17:30 PM  all   10.03    0.00    4.38    5.43    0.00    0.04    0.00    0.00    0.00   80.12
09:17:31 PM  all   11.80    0.00    3.88    5.75    0.00    0.13    0.00    0.00    0.00   78.45
09:17:32 PM  all    9.79    0.00    5.70    5.49    0.00    0.09    0.00    0.00    0.00   78.94
09:17:33 PM  all   13.97    0.00    5.54    5.67    0.00    0.08    0.00    0.00    0.00   74.74
09:17:34 PM  all   14.13    0.00    4.71    5.65    0.00    0.08    0.00    0.00    0.00   75.42
09:17:35 PM  all   12.79    0.00    5.42    6.06    0.00    0.04    0.00    0.00    0.00   75.69
09:17:36 PM  all   12.19    0.00    4.74    6.31    0.00    0.04    0.00    0.00    0.00   76.71
09:17:37 PM  all   14.86    0.00    4.65    5.53    0.00    0.08    0.00    0.00    0.00   74.87
09:17:38 PM  all   11.69    0.00    4.04    5.74    0.00    0.09    0.00    0.00    0.00   78.44
09:17:39 PM  all   11.20    0.00    4.14    5.41    0.00    0.13    0.00    0.00    0.00   79.12
09:17:40 PM  all   12.29    0.00    8.60    1.13    0.00    0.04    0.00    0.00    0.00   77.95
09:17:41 PM  all   24.13    0.00    5.32    1.42    0.00    0.17    0.00    0.00    0.00   68.96
09:17:42 PM  all   16.56    0.00    4.94    2.04    0.00    0.09    0.00    0.00    0.00   76.37
09:17:43 PM  all   15.92    0.00    5.39    2.34    0.00    0.21    0.00    0.00    0.00   76.14
09:17:44 PM  all   16.89    0.00    5.59    2.24    0.00    0.08    0.00    0.00    0.00   75.20
09:17:45 PM  all   13.87    0.00    5.41    2.62    0.00    0.00    0.00    0.00    0.00   78.10
09:17:46 PM  all   15.47    0.00    5.21    2.58    0.00    0.00    0.00    0.00    0.00   76.74
09:17:47 PM  all   15.68    0.00    5.31    2.51    0.00    0.04    0.00    0.00    0.00   76.47
09:17:48 PM  all   14.35    0.00    4.66    3.51    0.00    0.08    0.00    0.00    0.00   77.39
09:17:49 PM  all   11.13    0.00    5.86    5.31    0.00    0.04    0.00    0.00    0.00   77.66
09:17:50 PM  all   11.57    0.00    5.21    6.27    0.00    0.00    0.00    0.00    0.00   76.94
09:17:51 PM  all   11.70    0.00    4.68    6.42    0.00    0.00    0.00    0.00    0.00   77.20
09:17:52 PM  all   13.97    0.00    5.86    6.08    0.00    0.13    0.00    0.00    0.00   73.97
09:17:53 PM  all   13.99    0.00    5.55    5.03    0.00    0.04    0.00    0.00    0.00   75.38
09:17:54 PM  all   13.53    0.00    4.81    5.87    0.00    0.09    0.00    0.00    0.00   75.70
09:17:55 PM  all    8.11    0.00    4.65    4.57    0.00    0.13    0.00    0.00    0.00   82.54
09:17:56 PM  all   14.47    0.00    3.96    4.94    0.00    0.09    0.00    0.00    0.00   76.54
09:17:57 PM  all   16.42    0.00    6.02    7.25    0.00    0.04    0.00    0.00    0.00   70.26
09:17:58 PM  all   17.10    0.00    5.93    7.28    0.00    0.04    0.00    0.00    0.00   69.64
09:17:59 PM  all   12.71    0.00    6.38    2.85    0.00    0.09    0.00    0.00    0.00   77.98
09:18:00 PM  all   15.72    0.00    6.46    4.16    0.00    0.13    0.00    0.00    0.00   73.53
09:18:01 PM  all   16.54    0.00    6.81    4.07    0.00    0.09    0.00    0.00    0.00   72.49
09:18:02 PM  all   15.97    0.00    6.72    3.98    0.00    0.13    0.00    0.00    0.00   73.19
09:18:03 PM  all   18.07    0.00    6.43    4.03    0.00    0.08    0.00    0.00    0.00   71.39
09:18:04 PM  all   14.12    0.00    5.30    5.26    0.00    0.04    0.00    0.00    0.00   75.29
09:18:05 PM  all   13.79    0.00    5.82    7.24    0.00    0.04    0.00    0.00    0.00   73.10
09:18:06 PM  all   13.63    0.00    5.60    7.22    0.00    0.00    0.00    0.00    0.00   73.56
09:18:07 PM  all   14.89    0.00    5.89    6.85    0.00    0.17    0.00    0.00    0.00   72.20
09:18:08 PM  all   13.84    0.00    6.03    6.88    0.00    0.13    0.00    0.00    0.00   73.12
09:18:09 PM  all   15.77    0.00    5.90    7.39    0.00    0.04    0.00    0.00    0.00   70.90
09:18:10 PM  all   14.58    0.00    5.65    7.61    0.00    0.13    0.00    0.00    0.00   72.02
09:18:11 PM  all   12.15    0.00    5.10    7.55    0.00    0.30    0.00    0.00    0.00   74.91
09:18:12 PM  all   14.25    0.00    6.31    4.52    0.00    0.04    0.00    0.00    0.00   74.87
09:18:13 PM  all   14.39    0.00    5.86    3.63    0.00    0.04    0.00    0.00    0.00   76.08
09:18:14 PM  all   16.70    0.00    4.64    5.07    0.00    0.00    0.00    0.00    0.00   73.58
09:18:15 PM  all   17.15    0.00    5.20    4.77    0.00    0.00    0.00    0.00    0.00   72.88
09:18:16 PM  all   16.16    0.00    8.10    2.29    0.00    0.04    0.00    0.00    0.00   73.40
09:18:17 PM  all   16.25    0.00    5.70    1.91    0.00    0.04    0.00    0.00    0.00   76.10
09:18:18 PM  all   17.14    0.00    5.80    2.07    0.00    0.04    0.00    0.00    0.00   74.95
09:18:19 PM  all   16.27    0.00    5.31    2.04    0.00    0.04    0.00    0.00    0.00   76.34
09:18:20 PM  all   13.27    0.00    5.02    4.98    0.00    0.00    0.00    0.00    0.00   76.73
09:18:21 PM  all   13.49    0.00    5.22    5.61    0.04    0.13    0.00    0.00    0.00   75.50
09:18:22 PM  all   13.65    0.00    5.89    5.84    0.00    0.04    0.00    0.00    0.00   74.57
09:18:23 PM  all   15.82    0.00    6.17    4.11    0.00    0.08    0.00    0.00    0.00   73.81
09:18:24 PM  all   14.01    0.00    5.80    5.08    0.00    0.08    0.00    0.00    0.00   75.03
09:18:25 PM  all   13.44    0.00    4.44    5.42    0.00    0.09    0.00    0.00    0.00   76.62
09:18:26 PM  all   10.03    0.00    7.28    4.82    0.00    0.08    0.00    0.00    0.00   77.78
09:18:27 PM  all   12.55    0.00    3.74    5.19    0.00    0.09    0.00    0.00    0.00   78.43
09:18:28 PM  all   14.86    0.00    5.85    1.98    0.00    0.00    0.00    0.00    0.00   77.31
09:18:29 PM  all   17.05    0.00    5.36    2.03    0.00    0.08    0.00    0.00    0.00   75.47
09:18:30 PM  all   16.12    0.00    5.36    2.21    0.00    0.09    0.00    0.00    0.00   76.22
09:18:31 PM  all   16.53    0.00    5.54    2.30    0.00    0.17    0.00    0.00    0.00   75.46
09:18:32 PM  all   15.59    0.00    6.50    2.21    0.00    0.13    0.00    0.00    0.00   75.57
09:18:33 PM  all   16.94    0.00    6.85    2.10    0.00    0.04    0.00    0.00    0.00   74.06
09:18:34 PM  all   14.99    0.00    6.19    2.15    0.00    0.00    0.00    0.00    0.00   76.68
09:18:35 PM  all   17.53    0.00    5.89    2.13    0.00    0.04    0.00    0.00    0.00   74.40
09:18:36 PM  all   15.98    0.00    5.51    3.72    0.00    0.13    0.00    0.00    0.00   74.67
09:18:37 PM  all   13.84    0.00    6.18    6.18    0.00    0.04    0.00    0.00    0.00   73.75
09:18:38 PM  all   15.19    0.00    5.49    5.91    0.00    0.04    0.00    0.00    0.00   73.38
09:18:39 PM  all   15.12    0.00    5.73    5.10    0.00    0.00    0.00    0.00    0.00   74.05
09:18:40 PM  all   14.38    0.00    4.75    5.68    0.00    0.04    0.00    0.00    0.00   75.15
09:18:41 PM  all   12.18    0.00    4.50    5.94    0.00    0.04    0.00    0.00    0.00   77.33
09:18:42 PM  all   10.87    0.00    4.20    7.06    0.00    0.09    0.00    0.00    0.00   77.78
09:18:43 PM  all    8.78    0.00    4.14    6.63    0.00    0.13    0.00    0.00    0.00   80.33
09:18:44 PM  all    9.69    0.00    5.25    3.13    0.00    0.08    0.00    0.00    0.00   81.85
09:18:45 PM  all   17.72    0.00    5.55    1.78    0.00    0.04    0.00    0.00    0.00   74.90
09:18:46 PM  all   13.36    0.00    8.00    2.00    0.00    0.04    0.00    0.00    0.00   76.61
09:18:47 PM  all   16.64    0.00    5.39    2.50    0.00    0.04    0.00    0.00    0.00   75.42
09:18:48 PM  all   17.42    0.00    5.17    2.67    0.00    0.00    0.00    0.00    0.00   74.75
09:18:49 PM  all   15.21    0.00    5.89    2.15    0.00    0.00    0.00    0.00    0.00   76.75
09:18:50 PM  all   16.86    0.00    5.42    2.02    0.00    0.04    0.00    0.00    0.00   75.66
09:18:51 PM  all   18.36    0.00    6.05    2.10    0.00    0.08    0.00    0.00    0.00   73.40
09:18:52 PM  all   18.95    0.00    6.75    2.19    0.00    0.04    0.00    0.00    0.00   72.07
09:18:53 PM  all   13.76    0.00    5.63    4.49    0.00    0.08    0.00    0.00    0.00   76.04
09:18:54 PM  all   11.79    0.00    5.35    5.30    0.00    0.08    0.00    0.00    0.00   77.47
09:18:55 PM  all   13.65    0.00    5.79    5.79    0.00    0.13    0.00    0.00    0.00   74.65
09:18:56 PM  all   14.57    0.00    4.81    4.73    0.00    0.04    0.00    0.00    0.00   75.84
09:18:57 PM  all   12.17    0.00    4.48    5.94    0.00    0.17    0.00    0.00    0.00   77.24
09:18:58 PM  all   11.95    0.00    3.73    7.16    0.00    0.08    0.00    0.00    0.00   77.08
09:18:59 PM  all   11.20    0.00    4.41   12.68    0.00    0.08    0.00    0.00    0.00   71.63
09:19:00 PM  all    8.72    0.00    4.17    6.95    0.00    0.08    0.00    0.00    0.00   80.08
09:19:01 PM  all   14.46    0.00    4.78    3.93    0.00    0.04    0.00    0.00    0.00   76.79
09:19:02 PM  all   16.46    0.00    5.20    2.03    0.00    0.04    0.00    0.00    0.00   76.27
09:19:03 PM  all   15.82    0.00    5.22    2.12    0.00    0.08    0.00    0.00    0.00   76.76
09:19:04 PM  all   16.10    0.00    5.35    2.04    0.00    0.08    0.00    0.00    0.00   76.42
09:19:05 PM  all   16.89    0.00    5.76    1.99    0.00    0.04    0.00    0.00    0.00   75.33
09:19:06 PM  all   16.25    0.00    6.05    2.06    0.00    0.04    0.00    0.00    0.00   75.60
09:19:07 PM  all   18.01    0.00    6.40    2.12    0.00    0.08    0.00    0.00    0.00   73.39
09:19:08 PM  all   17.39    0.00    6.14    2.29    0.00    0.00    0.00    0.00    0.00   74.19
09:19:09 PM  all   17.85    0.00    6.20    2.17    0.00    0.08    0.00    0.00    0.00   73.69
09:19:10 PM  all   15.41    0.00    7.12    3.83    0.00    0.17    0.00    0.00    0.00   73.47
09:19:11 PM  all   13.80    0.00    5.26    5.94    0.00    0.04    0.00    0.00    0.00   74.96
09:19:12 PM  all   12.19    0.00    4.78    5.88    0.00    0.21    0.00    0.00    0.00   76.94
09:19:13 PM  all   10.88    0.00    4.63    5.78    0.00    0.04    0.00    0.00    0.00   78.66
09:19:14 PM  all    9.51    0.00    4.84    5.72    0.00    0.13    0.00    0.00    0.00   79.80
09:19:15 PM  all   10.66    0.00    4.21    5.85    0.00    0.09    0.00    0.00    0.00   79.19
09:19:16 PM  all   12.00    0.00    4.56    5.91    0.00    0.04    0.00    0.00    0.00   77.48
09:19:17 PM  all    8.65    0.00    5.47    5.05    0.00    0.04    0.00    0.00    0.00   80.79
09:19:18 PM  all   13.29    0.00    4.02    5.08    0.00    0.08    0.00    0.00    0.00   77.53
09:19:19 PM  all   18.33    0.00    5.19    2.58    0.00    0.00    0.00    0.00    0.00   73.90
09:19:20 PM  all   16.13    0.00    5.79    2.09    0.00    0.13    0.00    0.00    0.00   75.87
09:19:21 PM  all    9.54    0.00    4.96    5.76    0.00    0.21    0.00    0.00    0.00   79.53
09:19:22 PM  all    6.16    0.00    4.41    1.29    0.00    0.04    0.00    0.00    0.00   88.09
09:19:23 PM  all    5.18    0.00    1.96    0.42    0.00    0.00    0.00    0.00    0.00   92.45
