54 0 0 0 0 20 1005 0
703 0 0 0 0 0 12273 0
987.667 0 0 0 0 724 13631.3 0
1196.75 0 0 0 0 663 14056.8 0
1305.2 0 0 0 0 514 13711.8 0
1571.67 0 0 0 0 688 14252.3 0
1781 0 0 0 0 638 14592 0
1959 0 0 0 0 624 14784.8 0
2126.67 0 0 0 0 596 14943.2 0
2297.6 0 0 0 0 638 15175 0
2446.64 0 0 0 0 630 15242.1 0
2633.17 0 0 0 0 641 15419.1 0
2790.46 0 0 0 0 621 15480.3 0
2942.21 0 0 0 0 610 15500.4 0
3126.53 0 0 0 0 629 15574.3 0
3336.88 0 0 0 0 320 15622.2 0
3576.88 0 0 0 0 189 15679.6 0
3787.44 0 0 0 0 607 15614.6 0
3983.68 0 0 0 0 584 15485.8 0
4169.05 0 0 0 0 574 15307.6 0
4559.3 0 0 0 0 556 15803.7 0
4888.05 0 0 0 0 562 15120.2 0
5236.5 0 0 0 0 562 14777.6 0
5563.9 0 0 0 0 548 14436.7 0
5918.1 0 0 0 0 567 14203.5 0
6210.45 0 0 0 0 554 13706 0
6511.4 0 0 0 0 540 13199.1 0
6781.9 0 0 0 0 588 12663.8 0
7071.85 0 0 0 0 535 12122.6 0
7369.1 0 0 0 0 595 11519.4 0
7681.1 0 0 0 0 593 10969.2 0
7927.8 0 0 0 0 559 10310.9 0
8195.05 0 0 0 0 618 9700.85 0
8457.05 0 0 0 0 586 9105.5 0
8641.35 0 0 0 0 538 8442.85 0
8795.05 0 0 0 0 563 7765.1 0
8935.1 0 0 0 0 580 7083.35 0
9108.7 0 0 0 0 583 6500.4 0
9228.85 0 0 0 0 527 5961.55 0
9336 0 0 0 0 534 5476.95 0
9431.75 0 0 0 0 527 5032.75 0
9555.85 0 0 0 0 550 4637.75 0
9599.7 0 0 0 0 509 4251.6 0
9676.85 0 0 0 0 503 3913.75 0
9781.2 0 0 0 0 545 3615.85 0
9920.6 0 0 0 0 568 3345.95 0
9966.1 0 0 0 0 519 3094.45 0
10030.1 0 0 0 0 510 2883.55 0
10059 0 0 0 0 509 2674.05 0
10089.4 0 0 0 0 519 2469.8 0
10067.8 0 0 0 0 481 2273.35 0
10111.2 0 0 0 0 538 2115.3 0
10153.5 0 0 0 0 568 1964.55 0
10183.2 0 0 0 0 561 1819.85 0
10216.6 0 0 0 0 530 1692.85 0
10256.2 0 0 0 0 543 1594.35 0
10231.6 0 0 0 0 513 1485.1 0
10215.7 0 0 0 0 558 1379.6 0
10229.2 0 0 0 0 543 1293.75 0
10254.4 0 0 0 0 544 1214.85 0
10330.5 0 0 0 0 589 1145.85 0
10336.5 0 0 0 0 557 1079.25 0
10335.9 0 0 0 0 512 1016.9 0
10323.7 0 0 0 0 523 953.45 0
10271.8 0 0 0 0 526 894.3 0
10192.6 0 0 0 0 537 837.4 0
10260 0 0 0 0 593 790.5 0
10322.5 0 0 0 0 540 755 0
10370.5 0 0 0 0 519 719.65 0
10363.5 0 0 0 0 509 683.4 0
10373.9 0 0 0 0 490 654.25 0
10352.1 0 0 0 0 496 620.95 0
10313.8 0 0 0 0 525 591.65 0
10302.4 0 0 0 0 532 563.4 0
10353 0 0 0 0 590 542.85 0
10385.1 0 0 0 0 571 521.5 0
10419.5 0 0 0 0 525 499.75 0
10389.1 0 0 0 0 512 479.75 0
10371.8 0 0 0 0 517 462.6 0
10349.2 0 0 0 0 521 444.6 0
10260.5 0 0 0 0 486 426.4 0
10272.2 0 0 0 0 543 410.25 0
10358.5 0 0 0 0 570 401.75 0
10418.8 0 0 0 0 564 393.1 0
10445.6 0 0 0 0 535 381.15 0
10472 0 0 0 0 547 370.65 0
10379.1 0 0 0 0 494 358.5 0
10327.3 0 0 0 0 538 346.6 0
10294 0 0 0 0 534 336.25 0
10346.5 0 0 0 0 598 331.5 0
10397 0 0 0 0 572 325.15 0
10412 0 0 0 0 531 317.35 0
10417.6 0 0 0 0 523 309.6 0
10436.3 0 0 0 0 550 302.15 0
10412 0 0 0 0 519 294.75 0
10390.8 0 0 0 0 531 287.85 0
10365 0 0 0 0 492 283.25 0
10434.6 0 0 0 0 589 279.95 0
10490.5 0 0 0 0 562 275.15 0
10489.3 0 0 0 0 522 271.1 0
10519 0 0 0 0 528 268.9 0
10522.8 0 0 0 0 562 262.95 0
10473.8 0 0 0 0 531 255.7 0
10422 0 0 0 0 514 249.75 0
10398 0 0 0 0 521 244.9 0
10442.8 0 0 0 0 578 243.65 0
10511.6 0 0 0 0 552 239.3 0
10502.6 0 0 0 0 524 234.9 0
10472.4 0 0 0 0 533 229.8 0
10412 0 0 0 0 543 224.35 0
10378.7 0 0 0 0 531 219.95 0
10371.9 0 0 0 0 519 220.75 0
10400.3 0 0 0 0 569 217.25 0
10427.4 0 0 0 0 606 212.85 0
10412 0 0 0 0 542 208.9 0
10372.2 0 0 0 0 509 205.15 0
10369.8 0 0 0 0 524 200.6 0
10324.6 0 0 0 0 528 196.25 0
10258.3 0 0 0 0 486 193.75 0
10302.7 0 0 0 0 548 192.05 0
10355 0 0 0 0 532 187.3 0
10359.4 0 0 0 0 563 185.55 0
10358.4 0 0 0 0 512 184.25 0
10343 0 0 0 0 479 180.4 0
10363.5 0 0 0 0 522 179.45 0
10313.4 0 0 0 0 534 175.55 0
10273.7 0 0 0 0 528 175 0
10324.8 0 0 0 0 554 174.25 0
10393.6 0 0 0 0 553 173.2 0
10445.5 0 0 0 0 578 171.95 0
10438.3 0 0 0 0 531 171.2 0
10426.7 0 0 0 0 518 167.3 0
10402.4 0 0 0 0 544 166.15 0
10354.4 0 0 0 0 536 166.9 0
10336.5 0 0 0 0 567 164.7 0
10400 0 0 0 0 580 164.1 0
10503.8 0 0 0 0 629 163.6 0
10570.9 0 0 0 0 640 163.05 0
10647.5 0 0 0 0 594 161.15 0
10679.5 0 0 0 0 610 159.9 0
10668.6 0 0 0 0 580 160.05 0
10701.6 0 0 0 0 620 159.9 0
10753 0 0 0 0 560 157.1 0
10820 0 0 0 0 546 158.25 0
10873.1 0 0 0 0 574 155.2 0
10944 0 0 0 0 581 155.05 0
11008.4 0 0 0 0 556 152.4 0
11013.9 0 0 0 0 560 150.85 0
11017.5 0 0 0 0 568 148.6 0
11021.5 0 0 0 0 574 146.85 0
11079.1 0 0 0 0 586 144.7 0
11116.8 0 0 0 0 552 142.15 0
11206.2 0 0 0 0 611 139.95 0
11257.5 0 0 0 0 596 137.65 0
11257 0 0 0 0 516 137.3 0
11272.6 0 0 0 0 600 135.45 0
11272.5 0 0 0 0 626 134.3 0
11283.2 0 0 0 0 622 131.05 0
11299.8 0 0 0 0 583 129.1 0
11303.5 0 0 0 0 591 128.4 0
11350.5 0 0 0 0 603 126.2 0
11334 0 0 0 0 580 123.75 0
11367.3 0 0 0 0 622 122.9 0
11382.6 0 0 0 0 593 121.7 0
11378 0 0 0 0 598 121.35 0
11376.1 0 0 0 0 622 118.35 0
11407 0 0 0 0 593 118.25 0
11427.9 0 0 0 0 578 117.8 0
11443.5 0 0 0 0 567 116.75 0
11489.2 0 0 0 0 586 117.45 0
11510.8 0 0 0 0 585 117.15 0
11551 0 0 0 0 570 118.15 0
11543 0 0 0 0 589 116.45 0
11576 0 0 0 0 612 115.95 0
11633.5 0 0 0 0 569 114 0
11645.9 0 0 0 0 604 112.25 0
11594.1 0 0 0 0 556 110.6 0
11562.8 0 0 0 0 590 109.5 0
11556.7 0 0 0 0 592 109.55 0
11532.4 0 0 0 0 586 108.4 0
11490.6 0 0 0 0 569 107.85 0
11502.3 0 0 0 0 598 106.5 0
11465.1 0 0 0 0 589 104.85 0
11475.4 0 0 0 0 613 103.2 0
11488 0 0 0 0 575 103.05 0
11470.2 0 0 0 0 640 103 0
11452.6 0 0 0 0 624 101 0
11432.6 0 0 0 0 609 98.65 0
11439.7 0 0 0 0 631 97.65 0
11421.6 0 0 0 0 593 95.95 0
11442.2 0 0 0 0 629 93.7 0
11441 0 0 0 0 555 91.8 0
11427 0 0 0 0 617 90.9 0
11412.5 0 0 0 0 574 88.6 0
11418.8 0 0 0 0 552 88.95 0
11409.5 0 0 0 0 585 87.95 0
11420.5 0 0 0 0 574 88.05 0
11439.4 0 0 0 0 592 87.25 0
11469 0 0 0 0 631 86.05 0
11466.8 0 0 0 0 578 83.95 0
11474.9 0 0 0 0 596 82.7 0
11485.5 0 0 0 0 602 82.2 0
11473.4 0 0 0 0 562 81.7 0
11475.3 0 0 0 0 602 81.75 0
11499.6 0 0 0 0 612 80.1 0
11508.5 0 0 0 0 601 78.8 0
11469.6 0 0 0 0 572 78 0
11467.7 0 0 0 0 598 77.2 0
11460.9 0 0 0 0 595 76.55 0
11446.4 0 0 0 0 614 75.7 0
11386.6 0 0 0 0 570 75.25 0
11350.4 0 0 0 0 563 74.3 0
11337.8 0 0 0 0 605 73.8 0
11309 0 0 0 0 556 73.25 0
11307 0 0 0 0 602 70.8 0
11328.1 0 0 0 0 575 70.9 0
11357.8 0 0 0 0 568 69.7 0
11340.5 0 0 0 0 556 69.05 0
11282.1 0 0 0 0 531 68.3 0
11280.3 0 0 0 0 519 66.8 0
11266.1 0 0 0 0 558 65.7 0
11243.4 0 0 0 0 568 64.7 0
11252 0 0 0 0 570 63.55 0
11260.1 0 0 0 0 630 62.7 0
11212.7 0 0 0 0 583 61.45 0
11230.6 0 0 0 0 624 62.35 0
11219 0 0 0 0 550 61.7 0
11246 0 0 0 0 605 61.1 0
11248.5 0 0 0 0 597 60.85 0
11261 0 0 0 0 648 59.2 0
11284 0 0 0 0 619 59.2 0
11309.1 0 0 0 0 615 58.75 0
11294.2 0 0 0 0 602 58.55 0
11302.4 0 0 0 0 612 58.75 0
11320.8 0 0 0 0 609 59.15 0
11292.1 0 0 0 0 586 58.15 0
11257.6 0 0 0 0 565 57.35 0
11265.4 0 0 0 0 574 56.95 0
11280 0 0 0 0 598 55.55 0
11300.2 0 0 0 0 543 56.25 0
11305.4 0 0 0 0 570 55.6 0
11267.5 0 0 0 0 549 54.7 0
11286 0 0 0 0 581 54.95 0
11295.8 0 0 0 0 577 54.35 0
11300.4 0 0 0 0 599 55.05 0
11295.4 0 0 0 0 598 53.25 0
11341.5 0 0 0 0 615 52.4 0
11340.7 0 0 0 0 622 52.4 0
11297.6 0 0 0 0 548 51.7 0
11290.1 0 0 0 0 614 51.95 0
11255.6 0 0 0 0 566 50.65 0
11239.9 0 0 0 0 571 48.95 0
11292.6 0 0 0 0 630 48.95 0
11327.9 0 0 0 0 623 47.8 0
11268.5 0 0 0 0 546 47 0
11295.4 0 0 0 0 642 45.9 0
11299.8 0 0 0 0 605 44.75 0
11314.9 0 0 0 0 623 43.85 0
11335.2 0 0 0 0 641 43.85 0
11358.6 0 0 0 0 605 42.8 0
11353.8 0 0 0 0 562 42.55 0
11429.2 0 0 0 0 592 43.25 0
11470.4 0 0 0 0 653 42.25 0
11447.2 0 0 0 0 557 41.15 0
11492.5 0 0 0 0 590 40.8 0
11505.5 0 0 0 0 593 40.25 0
11486.4 0 0 0 0 544 39.9 0
11493.7 0 0 0 0 557 39.6 0
11527.1 0 0 0 0 578 39.45 0
11555.6 0 0 0 0 622 38.95 0
11587 0 0 0 0 587 38.65 0
11615.4 0 0 0 0 623 39.05 0
11591.3 0 0 0 0 604 37.85 0
11582.6 0 0 0 0 624 37.7 0
11660.9 0 0 0 0 618 37.25 0
11669.4 0 0 0 0 623 37 0
11702.6 0 0 0 0 588 36.7 0
11722.5 0 0 0 0 612 37 0
11716.4 0 0 0 0 580 36.45 0
11700.4 0 0 0 0 612 36.85 0
11721 0 0 0 0 590 36.25 0
11692.6 0 0 0 0 611 35.5 0
11664.5 0 0 0 0 628 34.95 0
11656.9 0 0 0 0 580 34.45 0
11656 0 0 0 0 588 33.5 0
11650.2 0 0 0 0 616 33.5 0
11653.9 0 0 0 0 533 33.5 0
11651.4 0 0 0 0 610 32.95 0
11506.2 0 0 0 0 950 32 0
11386.1 0 0 0 0 713 30.65 0
11274.5 0 0 0 0 483 30.4 0
11141.4 0 0 0 0 623 29.9 0
11142 0 0 0 0 590 30.1 0
11039.7 0 0 0 0 611 29.1 0
11028.9 0 0 0 0 602 28.8 0
11021.9 0 0 0 0 609 29.2 0
10955.2 0 0 0 0 623 28.7 0
10940.1 0 0 0 0 650 28.3 0
10936.8 0 0 0 0 615 28.15 0
10930.1 0 0 0 0 614 27.2 0
10943.5 0 0 0 0 590 27.55 0
10945.5 0 0 0 0 571 27.3 0
10916.5 0 0 0 0 559 27.25 0
10909.1 0 0 0 0 576 27.1 0
10883 0 0 0 0 612 26.65 0
10661.4 0 0 0 0 498 25.6 0
10662.8 0 0 0 0 598 25.1 0
10634.5 0 0 0 0 626 25.3 0
10787.8 0 0 0 0 593 25.55 0
10911.1 0 0 0 0 578 25.8 0
11018 0 0 0 0 551 25.9 0
11145 0 0 0 0 570 25.7 0
11167.5 0 0 0 0 602 25.25 0
11239.5 0 0 0 0 559 25.6 0
11223.4 0 0 0 0 564 25.35 0
11202.2 0 0 0 0 559 25.5 0
11247.7 0 0 0 0 606 25.85 0
11205.1 0 0 0 0 723 25.45 0
11193.8 0 0 0 0 567 25.45 0
11172.3 0 0 0 0 559 25.35 0
10984.3 0 0 0 0 510 24.3 0
10853.5 0 0 0 0 497 23.35 0
10764.7 0 0 0 0 476 23.3 0
10596 0 0 0 0 433 23.05 0
10519.2 0 0 0 0 590 23 0
10668.3 0 0 0 0 544 22.9 0
10662.4 0 0 0 0 558 22.6 0
10513 0 0 0 0 435 21.85 0
10490.2 0 0 0 0 554 21.45 0
10311.4 0 0 0 0 452 21.35 0
10250.9 0 0 0 0 527 20.75 0
10170.2 0 0 0 0 512 20.5 0
10079.4 0 0 0 0 533 19.9 0
10058.1 0 0 0 0 577 19.55 0
10065 0 0 0 0 578 19.3 0
10025.2 0 0 0 0 552 18.25 0
10024.5 0 0 0 0 545 18.1 0
9958.75 0 0 0 0 504 18.1 0
9967.05 0 0 0 0 487 17.35 0
9999.05 0 0 0 0 4 16.65 0
10040.9 0 0 0 0 270 16.5 0
10139.2 0 0 0 0 532 16.65 0
9913.4 0 0 0 0 401 16.3 0
10063.7 0 0 0 0 562 16 0
9932.35 0 0 0 0 591 15.75 0
9945 0 0 0 0 548 15.5 0
9917.5 0 0 0 0 541 14.95 0
10025.5 0 0 0 0 529 14.8 0
10001.5 0 0 0 0 531 14.65 0
10004.3 0 0 0 0 533 14.3 0
9977.45 0 0 0 0 491 14.2 0
10020.2 0 0 0 0 559 13.85 0
10020.2 0 0 0 0 568 13.7 0
9916.95 0 0 0 0 492 13.25 0
9841.4 0 0 0 0 509 13.15 0
9835.05 0 0 0 0 540 13.05 0
9705.05 0 0 0 0 504 12.8 0
9663.55 0 0 0 0 466 12.2 0
9648.9 0 0 0 0 569 12.2 0
9486.6 0 0 0 0 531 12.25 0
9603.25 0 0 0 0 685 12 0
9554.7 0 0 0 0 566 11.8 0
9801 0 0 0 0 468 12.2 0
9776.3 0 0 0 0 534 12.05 0
9896.9 0 0 0 0 482 11.8 0
9891.25 0 0 0 0 513 11.95 0
9896 0 0 0 0 517 12.05 0
9928.2 0 0 0 0 524 12.2 0
9965.7 0 0 0 0 542 12.4 0
9958.4 0 0 0 0 515 12.25 0
9972.75 0 0 0 0 512 12 0
9971.4 0 0 0 0 580 12.35 0
9922.3 0 0 0 0 601 12.25 0
10085.3 0 0 0 0 653 12.5 0
10084.1 0 0 0 0 514 12.5 0
9983.1 0 0 0 0 498 12.2 0
10014.5 0 0 0 0 492 11.9 0
10145.6 0 0 0 0 608 11.9 0
10175.6 0 0 0 0 600 11.75 0
10348.4 0 0 0 0 608 11.9 0
10367 0 0 0 0 610 12.05 0
10329.4 0 0 0 0 492 11.9 0
10323.8 0 0 0 0 546 11.25 0
10350 0 0 0 0 647 11.2 0
10357.9 0 0 0 0 528 11 0
10351 0 0 0 0 560 10.8 0
10371 0 0 0 0 590 10.65 0
10395.1 0 0 0 0 574 10.3 0
10404 0 0 0 0 616 10.1 0
10549 0 0 0 0 568 10.1 0
10575.8 0 0 0 0 554 9.85 0
10619.5 0 0 0 0 555 9.65 0
10700.4 0 0 0 0 629 9.55 0
10670.4 0 0 0 0 580 9.25 0
10640.1 0 0 0 0 552 9 0
10651.1 0 0 0 0 508 9.15 0
10644.5 0 0 0 0 523 9.3 0
10606 0 0 0 0 593 9.15 0
10587.4 0 0 0 0 574 9.2 0
10592 0 0 0 0 602 8.95 0
10442.2 0 0 0 0 492 8.95 0
10565.5 0 0 0 0 609 9.25 0
10666.8 0 0 0 0 630 9.3 0
10723.1 0 0 0 0 629 9.9 0
10700.1 0 0 0 0 626 10 0
10712.3 0 0 0 0 573 9.9 0
10751.3 0 0 0 0 608 10.05 0
10759.9 0 0 0 0 592 10.1 0
10793.1 0 0 0 0 608 9.65 0
10785.5 0 0 0 0 583 9.9 0
10838.1 0 0 0 0 600 9.9 0
10794.8 0 0 0 0 562 9.85 0
10819.2 0 0 0 0 556 9.7 0
10621.8 0 0 0 0 485 9.5 0
10735.8 0 0 0 0 574 9.5 0
10887.4 0 0 0 0 601 9.45 0
11023.3 0 0 0 0 580 9.1 0
11076.7 0 0 0 0 564 9.6 0
11084.7 0 0 0 0 585 9.25 0
11088.4 0 0 0 0 592 9.35 0
11258.4 0 0 0 0 582 9.3 0
11246.2 0 0 0 0 591 9.1 0
11231.5 0 0 0 0 587 9.1 0
11192.4 0 0 0 0 560 8.55 0
11326 0 0 0 0 613 8.6 0
11368.6 0 0 0 0 602 8.5 0
11203.1 0 0 0 0 605 8 0
11135.8 0 0 0 0 548 7.9 0
11119.4 0 0 0 0 609 8.55 0
10973 0 0 0 0 610 8.05 0
10940.9 0 0 0 0 570 8 0
10760.1 0 0 0 0 705 7.9 0
10776.5 0 0 0 0 625 8 0
10817.1 0 0 0 0 499 8.15 0
10799.6 0 0 0 0 583 8.2 0
10783.4 0 0 0 0 613 7.95 0
10666.9 0 0 0 0 529 7.95 0
10595 0 0 0 0 563 7.4 0
10477.4 0 0 0 0 477 7.3 0
10281.4 0 0 0 0 449 7.2 0
10232.7 0 0 0 0 634 7.1 0
10148.3 0 0 0 0 546 6.95 0
10044.6 0 0 0 0 488 6.9 0
9966.5 0 0 0 0 511 6.9 0
9915.3 0 0 0 0 596 6.65 0
9717.8 0 0 0 0 449 6.7 0
9796.25 0 0 0 0 572 7.25 0
9765.85 0 0 0 0 555 7.1 0
9787.9 0 0 0 0 643 6.5 0
9896 0 0 0 0 583 6.4 0
9870 0 0 0 0 538 6.4 0
10020 0 0 0 0 552 6.25 0
10032.5 0 0 0 0 630 6.55 0
10117.1 0 0 0 0 547 6.5 0
9922.5 0 0 0 0 592 6.2 0
9766.25 0 0 0 0 474 5.95 0
9770.8 0 0 0 0 555 5.85 0
9821.25 0 0 0 0 584 5.65 0
9852 0 0 0 0 523 5.75 0
9941.2 0 0 0 0 511 5.7 0
9975.45 0 0 0 0 650 5.55 0
9939.95 0 0 0 0 480 5.55 0
9939.7 0 0 0 0 567 5.4 0
10023.9 0 0 0 0 592 5.2 0
10066.6 0 0 0 0 610 5.25 0
10140.2 0 0 0 0 550 5.45 0
10132.7 0 0 0 0 556 5.3 0
10062.9 0 0 0 0 424 5.2 0
10045.4 0 0 0 0 600 4.9 0
10119.2 0 0 0 0 590 4.75 0
10185.4 0 0 0 0 569 4.8 0
10126 0 0 0 0 433 4.95 0
10055.5 0 0 0 0 516 4.65 0
10087.8 0 0 0 0 555 4.4 0
10243.5 0 0 0 0 525 4.35 0
10358.1 0 0 0 0 532 4.5 0
10439.3 0 0 0 0 567 4.55 0
10356.1 0 0 0 0 517 4.7 0
10357.4 0 0 0 0 493 4.7 0
10350.6 0 0 0 0 568 4.45 0
10226 0 0 0 0 570 4.25 0
10311.3 0 0 0 0 543 4.45 0
10290.9 0 0 0 0 497 4.6 0
10276.3 0 0 0 0 562 4.6 0
10150.4 0 0 0 0 599 4.75 0
10163.1 0 0 0 0 511 4.45 0
10014.2 0 0 0 0 491 4.45 0
10080.2 0 0 0 0 544 4.45 0
10005 0 0 0 0 555 4.45 0
9817.7 0 0 0 0 446 4.6 0
9730.4 0 0 0 0 589 4.55 0
9870.1 0 0 0 0 587 4.4 0
9940.95 0 0 0 0 576 4.25 0
9853.5 0 0 0 0 517 4.35 0
9901.25 0 0 0 0 576 4.4 0
9973.4 0 0 0 0 585 4.35 0
9933.8 0 0 0 0 617 4.25 0
9931.3 0 0 0 0 465 4.3 0
10008 0 0 0 0 537 4.45 0
10059 0 0 0 0 620 4.65 0
10228.4 0 0 0 0 639 4.75 0
10211 0 0 0 0 613 4.55 0
10252.5 0 0 0 0 527 4.35 0
10200 0 0 0 0 577 4.35 0
10228.6 0 0 0 0 598 4.1 0
10195.1 0 0 0 0 576 3.95 0
10280.5 0 0 0 0 558 3.55 0
10277.8 0 0 0 0 499 3.85 0
10324.6 0 0 0 0 589 3.95 0
10342.4 0 0 0 0 502 3.9 0
10366.3 0 0 0 0 557 4.1 0
10347.4 0 0 0 0 581 4.2 0
10140.6 0 0 0 0 469 4.25 0
10176.9 0 0 0 0 564 4.3 0
10083 0 0 0 0 595 4.25 0
9992.25 0 0 0 0 595 4.3 0
9937.4 0 0 0 0 537 4.3 0
9989.35 0 0 0 0 613 4.05 0
10012.2 0 0 0 0 578 4.05 0
10031.6 0 0 0 0 605 3.95 0
9817.55 0 0 0 0 529 4.05 0
9860.25 0 0 0 0 547 4.05 0
9974.45 0 0 0 0 582 4.4 0
10069.1 0 0 0 0 561 4.25 0
10085.7 0 0 0 0 525 4.4 0
10220.3 0 0 0 0 596 4.75 0
10389.8 0 0 0 0 624 4.7 0
10506.1 0 0 0 0 621 4.5 0
10403.7 0 0 0 0 508 4.35 0
10525 0 0 0 0 586 4.4 0
10572.3 0 0 0 0 575 4 0
10627.6 0 0 0 0 625 3.9 0
10746.5 0 0 0 0 534 3.8 0
10763.4 0 0 0 0 554 3.65 0
10839.1 0 0 0 0 619 3.75 0
10761.5 0 0 0 0 474 3.65 0
10734.6 0 0 0 0 711 3.6 0
10754.3 0 0 0 0 590 3.75 0
10598.1 0 0 0 0 508 3.45 0
10598.2 0 0 0 0 578 3.3 0
10617.3 0 0 0 0 528 3.25 0
10479.5 0 0 0 0 482 3 0
10450.1 0 0 0 0 600 2.55 0
10331 0 0 0 0 474 2.75 0
10266 0 0 0 0 498 2.55 0
10203.1 0 0 0 0 561 2.25 0
10132 0 0 0 0 641 2.3 0
10091.1 0 0 0 0 554 2.35 0
10219.9 0 0 0 0 559 2.4 0
10170.4 0 0 0 0 483 2.35 0
10188.1 0 0 0 0 554 2.55 0
10129.5 0 0 0 0 587 2.7 0
10164.4 0 0 0 0 568 2.7 0
10224.6 0 0 0 0 597 2.65 0
10271.5 0 0 0 0 622 2.7 0
10392.8 0 0 0 0 575 2.75 0
10549.1 0 0 0 0 616 2.65 0
10583.8 0 0 0 0 615 2.55 0
10742 0 0 0 0 589 2.5 0
10772.5 0 0 0 0 611 2.55 0
10939 0 0 0 0 624 2.5 0
10906.1 0 0 0 0 407 2.45 0
10879.5 0 0 0 0 567 2.65 0
11019.8 0 0 0 0 644 2.55 0
11174.1 0 0 0 0 636 2.6 0
11230.8 0 0 0 0 589 2.7 0
11158.4 0 0 0 0 530 3 0
11220.5 0 0 0 0 643 2.8 0
11195.1 0 0 0 0 558 2.85 0
11249.2 0 0 0 0 542 2.7 0
11226.7 0 0 0 0 609 2.45 0
11200.9 0 0 0 0 524 2.15 0
11245.5 0 0 0 0 577 2.05 0
11235.2 0 0 0 0 536 2.2 0
11167.3 0 0 0 0 519 2 0
11161.7 0 0 0 0 543 2.05 0
11080.5 0 0 0 0 534 2.1 0
11039.9 0 0 0 0 595 2 0
11038 0 0 0 0 597 2.15 0
10977.6 0 0 0 0 539 2.15 0
10889 0 0 0 0 520 2 0
10890.2 0 0 0 0 415 2 0
10933 0 0 0 0 595 1.85 0
10909.4 0 0 0 0 588 1.7 0
10915.1 0 0 0 0 642 1.7 0
10905 0 0 0 0 587 1.65 0
11028.9 0 0 0 0 626 1.35 0
11024.5 0 0 0 0 641 1.35 0
11058.4 0 0 0 0 635 1.35 0
11061.2 0 0 0 0 588 1.4 0
11089.6 0 0 0 0 603 1.45 0
11151.2 0 0 0 0 616 1.55 0
11166 0 0 0 0 594 1.9 0
11220.6 0 0 0 0 611 1.75 0
11252 0 0 0 0 597 2 0
11156 0 0 0 0 470 1.8 0
11243 0 0 0 0 593 1.85 0
11274.1 0 0 0 0 580 1.8 0
11274.6 0 0 0 0 555 1.75 0
11350.1 0 0 0 0 590 1.65 0
11380.1 0 0 0 0 539 1.75 0
11536.2 0 0 0 0 581 1.95 0
11542.8 0 0 0 0 607 1.9 0
11545.2 0 0 0 0 612 1.95 0
11528.2 0 0 0 0 631 1.95 0
11561.6 0 0 0 0 620 1.85 0
11565.7 0 0 0 0 599 1.8 0
11527.7 0 0 0 0 583 1.9 0
11534.6 0 0 0 0 612 1.85 0
11381 0 0 0 0 513 1.75 0
11390.8 0 0 0 0 644 1.75 0
11413.9 0 0 0 0 664 1.8 0
11357.3 0 0 0 0 597 1.5 0
11288.7 0 0 0 0 575 1.5 0
11281.8 0 0 0 0 651 1.35 0
11424 0 0 0 0 582 1.35 0
11365 0 0 0 0 562 1.25 0
11368.8 0 0 0 0 564 1.25 0
11360.3 0 0 0 0 582 1.2 0
11363.7 0 0 0 0 593 1.25 0
11420.5 0 0 0 0 581 1.2 0
11446.5 0 0 0 0 574 1.05 0
11394 0 0 0 0 530 1.05 0
11275.5 0 0 0 0 471 1.1 0
11266.3 0 0 0 0 612 1.05 0
11217.2 0 0 0 0 558 1.15 0
11167.4 0 0 0 0 542 1.3 0
11161.7 0 0 0 0 576 1.2 0
11068.8 0 0 0 0 525 1.25 0
11181.5 0 0 0 0 544 1.25 0
11089.6 0 0 0 0 513 1.2 0
11005.8 0 0 0 0 549 1.1 0
11018.8 0 0 0 0 584 1.15 0
11020.5 0 0 0 0 564 1.15 0
10876.1 0 0 0 0 501 1.05 0
10829 0 0 0 0 577 1.05 0
10787.5 0 0 0 0 530 1.05 0
10692.1 0 0 0 0 507 1.15 0
10618 0 0 0 0 528 1.05 0
10545.2 0 0 0 0 554 1 0
10386.9 0 0 0 0 466 0.95 0
10349.1 0 0 0 0 559 1 0
10383.5 0 0 0 0 559 1 0
10485.9 0 0 0 0 586 1.05 0
10430.5 0 0 0 0 533 1 0
10423.5 0 0 0 0 523 0.9 0
10389.6 0 0 0 0 486 0.75 0
10343 0 0 0 0 507 0.7 0
10303.5 0 0 0 0 467 0.55 0
10310.5 0 0 0 0 537 0.6 0
10321.6 0 0 0 0 540 0.65 0
10337.5 0 0 0 0 564 0.6 0
10321.5 0 0 0 0 565 0.6 0
10321.3 0 0 0 0 562 0.75 0
10419.9 0 0 0 0 534 0.75 0
10397.9 0 0 0 0 554 0.75 0
10405.7 0 0 0 0 523 0.8 0
10323.9 0 0 0 0 465 0.7 0
10365.2 0 0 0 0 548 0.75 0
10300.2 0 0 0 0 593 0.75 0
10342.7 0 0 0 0 494 0.75 0
10344.3 0 0 0 0 545 0.65 0
10270.3 0 0 0 0 575 0.65 0
10093 0 0 0 0 412 0.7 0
10013.5 0 0 0 0 607 0.65 0
9935.6 0 0 0 0 488 0.65 0
9987.1 0 0 0 0 577 0.65 0
9934.2 0 0 0 0 458 0.75 0
10022.8 0 0 0 0 566 0.75 0
9998.15 0 0 0 0 511 0.75 0
9981.7 0 0 0 0 497 0.8 0
9768.15 0 0 0 0 465 0.8 0
9659.3 0 0 0 0 444 0.7 0
9643.1 0 0 0 0 509 0.55 0
9671.25 0 0 0 0 542 0.6 0
9713.1 0 0 0 0 576 0.6 0
9755.15 0 0 0 0 577 0.55 0
9855.95 0 0 0 0 522 0.55 0
9804.6 0 0 0 0 502 0.5 0
9872.65 0 0 0 0 540 0.55 0
9944.35 0 0 0 0 568 0.6 0
9927.55 0 0 0 0 540 0.65 0
9844.35 0 0 0 0 473 0.65 0
10001.8 0 0 0 0 577 0.5 0
9937.3 0 0 0 0 487 0.5 0
9990.1 0 0 0 0 542 0.55 0
9824.5 0 0 0 0 479 0.65 0
9742.1 0 0 0 0 439 0.55 0
9478.8 0 0 0 0 338 0.6 0
9488.1 0 0 0 0 532 0.6 0
9453.35 0 0 0 0 549 0.55 0
9672.8 0 0 0 0 575 0.55 0
9753.45 0 0 0 0 531 0.55 0
9737.75 0 0 0 0 522 0.55 0
9736 0 0 0 0 562 0.5 0
9717.6 0 0 0 0 537 0.5 0
9661.15 0 0 0 0 509 0.5 0
9680.05 0 0 0 0 531 0.5 0
9736.4 0 0 0 0 532 0.5 0
9763.3 0 0 0 0 539 0.45 0
9775.1 0 0 0 0 541 0.4 0
9788.95 0 0 0 0 514 0.35 0
9893.95 0 0 0 0 530 0.35 0
9877.1 0 0 0 0 542 0.3 0
9974.6 0 0 0 0 507 0.3 0
9971.85 0 0 0 0 541 0.3 0
9918.7 0 0 0 0 408 0.2 0
10061.1 0 0 0 0 568 0.25 0
10327.9 0 0 0 0 576 0.25 0
10372.2 0 0 0 0 583 0.2 0
10314 0 0 0 0 535 0.2 0
10280.2 0 0 0 0 551 0.25 0
10151.2 0 0 0 0 433 0.25 0
10043 0 0 0 0 479 0.25 0
10028.4 0 0 0 0 547 0.35 0
10037.8 0 0 0 0 565 0.4 0
10103.8 0 0 0 0 585 0.45 0
10128.5 0 0 0 0 584 0.45 0
10094.9 0 0 0 0 535 0.45 0
10085.8 0 0 0 0 581 0.45 0
10035.5 0 0 0 0 528 0.5 0
10008.6 0 0 0 0 515 0.5 0
10020.8 0 0 0 0 539 0.5 0
10058 0 0 0 0 602 0.5 0
10145.1 0 0 0 0 558 0.5 0
9996.85 0 0 0 0 378 0.5 0
10187.2 0 0 0 0 517 0.5 0
10133.1 0 0 0 0 502 0.55 0
10008.2 0 0 0 0 463 0.5 0
9959.15 0 0 0 0 527 0.5 0
9987.6 0 0 0 0 452 0.45 0
10038.9 0 0 0 0 587 0.4 0
10215.5 0 0 0 0 572 0.4 0
10395.8 0 0 0 0 598 0.4 0
10419.1 0 0 0 0 569 0.3 0
10328.6 0 0 0 0 478 0.25 0
10247.8 0 0 0 0 504 0.2 0
10218.2 0 0 0 0 536 0.25 0
10250.5 0 0 0 0 567 0.25 0
10241.6 0 0 0 0 581 0.25 0
10283 0 0 0 0 559 0.2 0
10317.2 0 0 0 0 550 0.2 0
10204.5 0 0 0 0 457 0.2 0
10058 0 0 0 0 447 0.2 0
9934.4 0 0 0 0 475 0.2 0
10079.1 0 0 0 0 517 0.15 0
9945.55 0 0 0 0 489 0.25 0
10005.5 0 0 0 0 544 0.15 0
10118.8 0 0 0 0 527 0.15 0
10149.8 0 0 0 0 548 0.15 0
10281.6 0 0 0 0 534 0.2 0
10210.6 0 0 0 0 493 0.2 0
10138.3 0 0 0 0 477 0.2 0
10065.5 0 0 0 0 503 0.25 0
10031.9 0 0 0 0 504 0.25 0
10073.4 0 0 0 0 534 0.3 0
10137 0 0 0 0 558 0.3 0
10095.8 0 0 0 0 584 0.25 0
10097.4 0 0 0 0 580 0.25 0
10136.4 0 0 0 0 619 0.25 0
10117.1 0 0 0 0 552 0.25 0
10077.1 0 0 0 0 508 0.25 0
10171.8 0 0 0 0 528 0.25 0
10273.9 0 0 0 0 567 0.25 0
10197.2 0 0 0 0 506 0.25 0
10184.9 0 0 0 0 566 0.3 0
10269.3 0 0 0 0 497 0.2 0
10309 0 0 0 0 597 0.2 0
10294.9 0 0 0 0 560 0.2 0
10264.8 0 0 0 0 535 0.2 0
10187.5 0 0 0 0 541 0.15 0
10091.5 0 0 0 0 498 0.15 0
10103.6 0 0 0 0 537 0.2 0
10156.3 0 0 0 0 576 0.15 0
10039.2 0 0 0 0 415 0.15 0
10066.1 0 0 0 0 532 0.25 0
10025 0 0 0 0 524 0.3 0
9948.4 0 0 0 0 480 0.3 0
9943.35 0 0 0 0 533 0.3 0
9905.5 0 0 0 0 545 0.3 0
9920.15 0 0 0 0 534 0.35 0
9988.1 0 0 0 0 565 0.35 0
9936.75 0 0 0 0 550 0.35 0
9933.65 0 0 0 0 621 0.4 0
10040.1 0 0 0 0 596 0.4 0
10073.8 0 0 0 0 540 0.35 0
9966.95 0 0 0 0 454 0.35 0
9800.55 0 0 0 0 429 0.35 0
9791 0 0 0 0 540 0.35 0
9779.45 0 0 0 0 519 0.4 0
9869.5 0 0 0 0 599 0.4 0
9907.1 0 0 0 0 507 0.4 0
9932.85 0 0 0 0 551 0.35 0
9877.4 0 0 0 0 528 0.35 0
9896.1 0 0 0 0 433 0.35 0
9907.6 0 0 0 0 579 0.2 0
9907.7 0 0 0 0 535 0.15 0
10002.6 0 0 0 0 528 0.15 0
10005.8 0 0 0 0 564 0.15 0
10024 0 0 0 0 572 0.15 0
10040.7 0 0 0 0 555 0.1 0
9961.2 0 0 0 0 484 0.1 0
9920.3 0 0 0 0 488 0.1 0
9905.3 0 0 0 0 525 0.05 0
9892.7 0 0 0 0 507 0.05 0
9908.75 0 0 0 0 538 0.05 0
10073.9 0 0 0 0 527 0.05 0
10243.6 0 0 0 0 554 0.1 0
10289 0 0 0 0 555 0.1 0
10223.9 0 0 0 0 509 0.05 0
10156.2 0 0 0 0 527 0.05 0
10260 0 0 0 0 564 0.1 0
10223.6 0 0 0 0 520 0.1 0
10231.5 0 0 0 0 534 0.1 0
10180.6 0 0 0 0 410 0.1 0
10183.5 0 0 0 0 571 0.1 0
10240.2 0 0 0 0 611 0.1 0
10299.8 0 0 0 0 584 0.1 0
10315 0 0 0 0 584 0.1 0
10303.1 0 0 0 0 576 0.1 0
10239.5 0 0 0 0 532 0.1 0
10276.6 0 0 0 0 550 0.1 0
10395 0 0 0 0 565 0.1 0
10458.8 0 0 0 0 598 0.15 0
10522.4 0 0 0 0 552 0.15 0
10527.4 0 0 0 0 562 0.15 0
10317 0 0 0 0 453 0.15 0
10289.8 0 0 0 0 529 0.1 0
10196.8 0 0 0 0 563 0.1 0
10230.9 0 0 0 0 470 0.1 0
10252.6 0 0 0 0 590 0.1 0
10056.6 0 0 0 0 459 0.1 0
10100.2 0 0 0 0 518 0.1 0
10134.6 0 0 0 0 540 0.1 0
10323.4 0 0 0 0 533 0.15 0
10305.5 0 0 0 0 530 0.15 0
10128 0 0 0 0 494 0.15 0
10029.9 0 0 0 0 496 0.15 0
9875.9 0 0 0 0 412 0.15 0
9850.75 0 0 0 0 544 0.15 0
9808.9 0 0 0 0 488 0.2 0
9812.5 0 0 0 0 552 0.2 0
9652.7 0 0 0 0 463 0.2 0
9575.95 0 0 0 0 518 0.15 0
9481.7 0 0 0 0 512 0.15 0
9437.8 0 0 0 0 535 0.15 0
9474.7 0 0 0 0 458 0.15 0
9423.2 0 0 0 0 528 0.15 0
9456.4 0 0 0 0 541 0.15 0
9425.4 0 0 0 0 490 0.15 0
9403.45 0 0 0 0 541 0.15 0
9612.85 0 0 0 0 577 0.1 0
9576.25 0 0 0 0 527 0.1 0
9535.4 0 0 0 0 538 0.1 0
9420.75 0 0 0 0 469 0.1 0
9391.7 0 0 0 0 525 0.1 0
9520.4 0 0 0 0 508 0.1 0
9600.25 0 0 0 0 559 0.1 0
9665.55 0 0 0 0 478 0.1 0
9672.5 0 0 0 0 552 0.1 0
9581.25 0 0 0 0 388 0.05 0
9558.95 0 0 0 0 490 0.15 0
9701.25 0 0 0 0 537 0.15 0
9643.1 0 0 0 0 481 0.15 0
9622.05 0 0 0 0 456 0.15 0
9604.35 0 0 0 0 525 0.15 0
9830.3 0 0 0 0 611 0.15 0
9910.85 0 0 0 0 576 0.15 0
9875.5 0 0 0 0 532 0.15 0
10021 0 0 0 0 597 0.15 0
10089.9 0 0 0 0 614 0.15 0
10078.9 0 0 0 0 570 0.15 0
10131.2 0 0 0 0 630 0.15 0
10180 0 0 0 0 577 0.15 0
10308.6 0 0 0 0 581 0.1 0
10374.5 0 0 0 0 603 0.1 0
10445.5 0 0 0 0 598 0.1 0
10481.7 0 0 0 0 600 0.1 0
10585.7 0 0 0 0 624 0.1 0
10608.2 0 0 0 0 588 0.1 0
10785.8 0 0 0 0 572 0.1 0
10818.5 0 0 0 0 577 0 0
10883.5 0 0 0 0 598 0 0
10971.8 0 0 0 0 516 0 0
11145 0 0 0 0 570 0 0
11250.2 0 0 0 0 559 0 0
11256.6 0 0 0 0 570 0 0
11248.8 0 0 0 0 563 0.05 0
11305 0 0 0 0 546 0.05 0
11315.5 0 0 0 0 617 0.05 0
11324.8 0 0 0 0 621 0.05 0
11340.5 0 0 0 0 589 0.05 0
11374.3 0 0 0 0 603 0.05 0
11417 0 0 0 0 610 0.05 0
11444.3 0 0 0 0 604 0.05 0
11446.4 0 0 0 0 614 0.05 0
11426.4 0 0 0 0 586 0.05 0
11335 0 0 0 0 552 0.05 0
11310.4 0 0 0 0 572 0.05 0
11309.8 0 0 0 0 581 0.05 0
11185.2 0 0 0 0 444 0.05 0
11227.2 0 0 0 0 609 0.05 0
11242.9 0 0 0 0 621 0.1 0
11254.8 0 0 0 0 554 0.1 0
11194 0 0 0 0 561 0.1 0
11207.1 0 0 0 0 583 0.1 0
11219.9 0 0 0 0 622 0.1 0
11207.9 0 0 0 0 567 0.05 0
11238.6 0 0 0 0 555 0.05 0
11244.5 0 0 0 0 393 0.05 0
11258.1 0 0 0 0 25 0.1 0
11269.2 0 0 0 0 24 0.1 0
11239.5 0 0 0 0 24 0.1 0
11199 0 0 0 0 25 0.1 0
11054.9 0 0 0 0 24 0.1 0
11010.1 0 0 0 0 24 0.1 0
10804.5 0 0 0 0 20 0.1 0
10752.5 0 0 0 0 22 0.1 0
10792.5 0 0 0 0 26 0.1 0
10800.6 0 0 0 0 27 0.2 0
10946.9 0 0 0 0 27 0.2 0
10951.3 0 0 0 0 25 0.2 0
10827.6 0 0 0 0 21 0.15 0
10606.1 0 0 0 0 14 0.15 0
10657.3 0 0 0 0 25 0.15 0
10505.6 0 0 0 0 17 0.15 0
10453.6 0 0 0 0 0 0.15 0
10456.6 0 0 0 0 580 0.15 0
10471.8 0 0 0 0 606 0.15 0
10455.7 0 0 0 0 578 0.15 0
10307.1 0 0 0 0 462 0.1 0
10125.2 0 0 0 0 441 0.1 0
10124.6 0 0 0 0 560 0.1 0
9983.45 0 0 0 0 444 0.1 0
10035.7 0 0 0 0 488 0.1 0
10031.1 0 0 0 0 510 0.1 0
10223.7 0 0 0 0 530 0.1 0
10385.1 0 0 0 0 570 0.1 0
10252 0 0 0 0 507 0.1 0
10264.6 0 0 0 0 579 0 0
10256.1 0 0 0 0 570 0 0
10257.6 0 0 0 0 618 0 0
10378.6 0 0 0 0 635 0 0
10628 0 0 0 0 576 0 0
10615 0 0 0 0 592 0 0
10637.1 0 0 0 0 513 0 0
10676 0 0 0 0 616 0 0
10715.4 0 0 0 0 603 0 0
10573.7 0 0 0 0 494 0 0
10580.8 0 0 0 0 623 0 0
10619.3 0 0 0 0 525 0 0
10774 0 0 0 0 591 0 0
10631.3 0 0 0 0 530 0 0
10792 0 0 0 0 597 0 0
10737.8 0 0 0 0 469 0 0
10730.9 0 0 0 0 514 0 0
10734.4 0 0 0 0 595 0 0
10733.6 0 0 0 0 593 0 0
10757.5 0 0 0 0 546 0 0
10740.8 0 0 0 0 538 0 0
10587.6 0 0 0 0 427 0 0
10569.3 0 0 0 0 553 0 0
10557.4 0 0 0 0 562 0 0
10532.6 0 0 0 0 541 0 0
10408.5 0 0 0 0 528 0 0
10384.5 0 0 0 0 531 0 0
10243.8 0 0 0 0 509 0 0
10159 0 0 0 0 523 0 0
10162.7 0 0 0 0 485 0 0
10066 0 0 0 0 519 0 0
10001.6 0 0 0 0 500 0 0
10007.9 0 0 0 0 581 0 0
10102 0 0 0 0 513 0 0
9907.45 0 0 0 0 471 0 0
9869.65 0 0 0 0 424 0.1 0
9886.85 0 0 0 0 546 0.1 0
9808.85 0 0 0 0 528 0.1 0
9794.9 0 0 0 0 598 0.1 0
9890 0 0 0 0 604 0.1 0
9893.8 0 0 0 0 583 0.15 0
10050 0 0 0 0 573 0.15 0
9936.25 0 0 0 0 496 0.2 0
9856.75 0 0 0 0 494 0.2 0
9807.55 0 0 0 0 516 0.2 0
9882.5 0 0 0 0 499 0.2 0
9859.2 0 0 0 0 447 0.2 0
9872.9 0 0 0 0 497 0.2 0
9876 0 0 0 0 510 0.2 0
9978.1 0 0 0 0 525 0.2 0
9944.65 0 0 0 0 448 0.2 0
9910.75 0 0 0 0 478 0.2 0
9888.35 0 0 0 0 533 0.2 0
9794.85 0 0 0 0 439 0.2 0
9970.8 0 0 0 0 606 0.2 0
10154.9 0 0 0 0 617 0.1 0
10047.1 0 0 0 0 501 0.1 0
10127.9 0 0 0 0 612 0.1 0
10075.5 0 0 0 0 617 0.1 0
9963 0 0 0 0 497 0.1 0
9980.2 0 0 0 0 607 0.05 0
10018.3 0 0 0 0 629 0.05 0
10069.6 0 0 0 0 521 0 0
10157.6 0 0 0 0 617 0 0
10166.9 0 0 0 0 551 0 0
10101.1 0 0 0 0 592 0 0
10271.5 0 0 0 0 624 0 0
10364.5 0 0 0 0 618 0 0
10328.8 0 0 0 0 523 0 0
10338.1 0 0 0 0 554 0 0
10348 0 0 0 0 527 0 0
10540.5 0 0 0 0 595 0 0
10556.6 0 0 0 0 537 0 0
10709.8 0 0 0 0 616 0 0
10736.1 0 0 0 0 562 0 0
10722 0 0 0 0 559 0 0
10881.4 0 0 0 0 585 0 0
10864.8 0 0 0 0 554 0 0
10918.7 0 0 0 0 622 0 0
10974.6 0 0 0 0 539 0 0
10875.3 0 0 0 0 545 0 0
10830.2 0 0 0 0 610 0 0
10908.2 0 0 0 0 591 0 0
10863.9 0 0 0 0 582 0 0
10932.8 0 0 0 0 563 0 0
11060.4 0 0 0 0 594 0 0
11015.1 0 0 0 0 566 0 0
10968.9 0 0 0 0 543 0 0
10968 0 0 0 0 498 0 0
10920.8 0 0 0 0 528 0 0
10993.8 0 0 0 0 557 0 0
10981.2 0 0 0 0 591 0 0
11006 0 0 0 0 586 0 0
11016.5 0 0 0 0 606 0 0
11015.4 0 0 0 0 574 0 0
11036.4 0 0 0 0 612 0 0
10915.1 0 0 0 0 568 0.05 0
10878.8 0 0 0 0 509 0.05 0
10901.5 0 0 0 0 587 0.05 0
10939.8 0 0 0 0 531 0.05 0
11018.1 0 0 0 0 582 0.05 0
11027.4 0 0 0 0 562 0.05 0
11033.2 0 0 0 0 592 0.05 0
11051 0 0 0 0 602 0.05 0
11081.5 0 0 0 0 637 0.05 0
11091.9 0 0 0 0 613 0.05 0
11129.6 0 0 0 0 606 0.05 0
11210.8 0 0 0 0 662 0.05 0
11306.6 0 0 0 0 577 0.05 0
11274.6 0 0 0 0 479 0.05 0
11257 0 0 0 0 522 0.05 0
11155 0 0 0 0 531 0.05 0
11026 0 0 0 0 478 0.05 0
11001.7 0 0 0 0 588 0.05 0
10802.5 0 0 0 0 451 0.05 0
10675 0 0 0 0 551 0.05 0
10771.4 0 0 0 0 576 0 0
10847.3 0 0 0 0 604 0 0
10834.5 0 0 0 0 605 0 0
10824.5 0 0 0 0 524 0 0
10827.3 0 0 0 0 560 0 0
10822.9 0 0 0 0 568 0 0
10779.5 0 0 0 0 540 0 0
10764.5 0 0 0 0 553 0 0
10645.6 0 0 0 0 564 0 0
10541.5 0 0 0 0 504 0 0
10544.2 0 0 0 0 586 0 0
10500.5 0 0 0 0 550 0 0
10490.9 0 0 0 0 597 0 0
10578 0 0 0 0 576 0 0
10598 0 0 0 0 552 0 0
10699.2 0 0 0 0 584 0 0
10808.8 0 0 0 0 592 0 0
10825.2 0 0 0 0 591 0 0
11004.5 0 0 0 0 576 0 0
11105.8 0 0 0 0 583 0 0
11111 0 0 0 0 588 0 0
11081.2 0 0 0 0 585 0 0
11080.1 0 0 0 0 624 0 0
11112.6 0 0 0 0 614 0 0
11017 0 0 0 0 518 0 0
11037.9 0 0 0 0 608 0 0
10858.9 0 0 0 0 531 0 0
10848.5 0 0 0 0 525 0 0
10964.3 0 0 0 0 611 0 0
10987.5 0 0 0 0 568 0 0
10891.8 0 0 0 0 510 0 0
10867.9 0 0 0 0 544 0 0
10870.1 0 0 0 0 558 0 0
10907.8 0 0 0 0 585 0 0
10845.1 0 0 0 0 554 0 0
10806.2 0 0 0 0 537 0 0
10802.8 0 0 0 0 577 0 0
10779.4 0 0 0 0 568 0 0
10595.7 0 0 0 0 510 0 0
10483.2 0 0 0 0 517 0 0
10448.8 0 0 0 0 571 0 0
10280.1 0 0 0 0 448 0 0
10220.9 0 0 0 0 581 0 0
10226.8 0 0 0 0 592 0 0
10360 0 0 0 0 614 0 0
10332.3 0 0 0 0 552 0 0
10403.9 0 0 0 0 494 0 0
10266.9 0 0 0 0 432 0 0
10187.2 0 0 0 0 590 0 0
10239.6 0 0 0 0 600 0 0
10235 0 0 0 0 567 0 0
10297 0 0 0 0 604 0 0
10338 0 0 0 0 630 0 0
10130.2 0 0 0 0 425 0 0
10139.9 0 0 0 0 550 0 0
10187.8 0 0 0 0 597 0 0
10027.3 0 0 0 0 401 0 0
9999.75 0 0 0 0 579 0 0
10229.9 0 0 0 0 609 0 0
10258 0 0 0 0 522 0 0
10309.6 0 0 0 0 572 0 0
10494.2 0 0 0 0 576 0 0
10531.5 0 0 0 0 585 0 0
10517.8 0 0 0 0 589 0 0
10467 0 0 0 0 572 0 0
10502 0 0 0 0 610 0 0
10517 0 0 0 0 567 0 0
10603.1 0 0 0 0 514 0 0
10530.6 0 0 0 0 482 0 0
10526.5 0 0 0 0 578 0 0
10639.4 0 0 0 0 633 0 0
10630.5 0 0 0 0 617 0 0
10481.1 0 0 0 0 488 0 0
10664.1 0 0 0 0 600 0 0
10629.9 0 0 0 0 540 0 0
10578 0 0 0 0 611 0 0
10651.9 0 0 0 0 515 0 0
10689 0 0 0 0 582 0 0
10623.5 0 0 0 0 550 0 0
10707.4 0 0 0 0 585 0 0
10596.5 0 0 0 0 484 0 0
10554.4 0 0 0 0 539 0 0
10583.8 0 0 0 0 585 0 0
10588.9 0 0 0 0 576 0 0
10626.1 0 0 0 0 583 0 0
10612.9 0 0 0 0 558 0 0
10745.2 0 0 0 0 601 0 0
10840 0 0 0 0 604 0 0
10969.8 0 0 0 0 594 0 0
10975 0 0 0 0 582 0 0
10823.8 0 0 0 0 513 0 0
10759.4 0 0 0 0 547 0 0
10851.8 0 0 0 0 579 0 0
10837.5 0 0 0 0 582 0 0
10954.3 0 0 0 0 592 0 0
11000.1 0 0 0 0 594 0 0
11094.6 0 0 0 0 572 0 0
11109.1 0 0 0 0 595 0 0
11131.2 0 0 0 0 599 0 0
10937.3 0 0 0 0 478 0 0
10957 0 0 0 0 624 0 0
10872.6 0 0 0 0 598 0 0
10855.5 0 0 0 0 592 0 0
10830.7 0 0 0 0 589 0 0
10725.3 0 0 0 0 489 0 0
10565.3 0 0 0 0 900 0 0
10074.6 0 0 0 0 2213 0 0
10052.6 0 0 0 0 596 0 0
9990.05 0 0 0 0 522 0 0
10009.1 0 0 0 0 574 0 0
9989.85 0 0 0 0 508 0 0
9893.85 0 0 0 0 491 0 0
9902.6 0 0 0 0 567 0 0
9808.8 0 0 0 0 555 0 0
9796.1 0 0 0 0 595 0 0
9750.75 0 0 0 0 569 0 0
9688.05 0 0 0 0 517 0 0
9629.05 0 0 0 0 534 0 0
9498.65 0 0 0 0 491 0 0
9678.9 0 0 0 0 595 0 0
9724.2 1 0 0 0 559 0 0
9737.85 0 0 0 10425.9 465 0 1301.88
9698.05 0 0 0 10425.9 535 0 -409.117
9645.1 0 0 0 10425.9 537 0 437.883
9599.8 0 0 0 10425.9 475 0 1793.88
9696.85 0 0 0 10425.9 501 0 267.883
10131.3 0 0 0 10425.9 532 0 -149.117
10119.5 0 0 0 10425.9 536 0 -672.117
10147.1 0 0 0 10425.9 527 0 -324.117
10124 0 0 0 10425.9 545 0 -740.117
10136 0 0 0 10425.9 489 0 1573.88
10240.7 0 0.1 0 10425.9 348 0 -74.1167
10241.2 0 0.35 0 10425.9 92 0 -788.117
10337.1 0 0.65 0 10425.9 102 0 -752.117
10306 0 1 0 10425.9 100 0 -100.117
10332.5 0 1.35 0 10425.9 23 0 -705.117
10376.5 0 1.65 0 10425.9 73 0 -404.117
10411.7 0 1.95 0 10425.9 105 0 -572.117
10407 0 2.2 0 10425.9 105 0 1778.88
10321.7 0 2.55 0 10425.9 69 0 907.883
10327.8 0 2.85 0 10425.9 146 0 -409.117
10377.6 0 3.1 0 10425.9 154 0 304.883
10285.4 0 3.35 0 10425.9 150 0 1435.88
10293 0 3.7 0 10425.9 58 0 284.883
10408.8 0 3.9 0 10425.9 159 0 -522.117
10458 0 4.25 0 10425.9 93 0 -716.117
10472.6 0 4.5 0 10425.9 130 0 -442.117
10386.2 0 4.8 0 10425.9 177 0 1055.88
10265.8 0 5.1 0 10425.9 73 0 2084.88
10273.8 0 5.4 0 10425.9 65 0 -899.117
10363.6 0 5.8 0 10425.9 100 0 -224.117
10387.2 0 6 0 10425.9 50 0 -545.117
10347.1 0 6.05 0 10425.9 138 0 13.8833
10349.8 0 6.1 0 10425.9 43 0 -805.117
10269.2 0 6.05 0 10425.9 60 0 1509.88
10256.1 0 6 0 10425.9 90 0 -443.117
10254.9 0 6.05 0 10425.9 60 0 -379.117
10223.9 0 6.1 0 10425.9 41 0 48.8833
10322 0 6.2 0 10425.9 46 0 -185.117
10388 0 6.15 0 10425.9 85 0 -412.117
10376.4 0 6.2 0 10425.9 21 0 -175.117
10404 0 6.35 0 10425.9 46 0 -249.117
10545.5 0 6.45 0 10425.9 111 0 -1393.12
10577.4 0 6.4 0 10425.9 40 0 -353.117
10591.5 0 6.55 0 10425.9 52 0 -805.117
10611.9 0 6.55 0 10425.9 45 0 -1122.12
10521 0 6.6 0 10425.9 110 0 1374.88
10586 0 6.65 0 10425.9 86 0 -243.117
10697.4 0 6.6 0 10425.9 169 0 -144.117
10655.8 0 6.6 0 10425.9 93 0 -66.1167
10618 0 6.5 0 10425.9 42 0 529.883
10591.1 0 6.6 0 10425.9 26 0 -7.11667
10614.6 0 6.65 0 10425.9 9 0 -455.117
10636.7 0 6.65 0 10425.9 13 0 -1247.12
10770 0 6.75 0 10425.9 5 0 -1156.12
10768 0 6.8 0 10425.9 14 0 -404.117
10751.1 0 6.85 0 10425.9 60 0 -40.1167
10777.6 0 6.9 0 10425.9 6 0 -481.117
10703.4 0 6.95 0 10425.9 21 0 1299.88
10714 0 7 0 10425.9 5 0 -626.117
10710.9 0 7.05 0 10425.9 16 0 -112.117
10728.2 0 7 0 10425.9 4 0 -596.117
10695.4 0 7.05 0 10425.9 5 0 -735.117
10720 0 7.1 0 10425.9 5 0 -845.117
10691.6 0 7.15 0 10425.9 6 0 -239.117
10654.5 0 7.1 0 10425.9 4 0 -379.117
10596.6 0 7.15 0 10425.9 82 0 2532.88
10552.8 0 7.15 0 10425.9 11 0 632.883
10555.4 0 7.3 0 10425.9 5 0 -195.117
10570.2 0 7.4 0 10425.9 6 0 -363.117
10643 0 7.45 0 10425.9 14 0 -925.117
10686.1 0 7.45 0 10425.9 6 0 -870.117
10701.4 0 7.45 0 10425.9 4 0 -760.117
10696 0 7.5 0 10425.9 5 0 -1139.12
10594.1 0 7.45 0 10425.9 5 0 880.883
10570 0 7.5 0 10425.9 6 0 77.8833
10586.4 0 7.45 0 10425.9 4 0 -368.117
10558.6 0 7.45 0 10425.9 5 0 74.8833
10628.4 0 7.4 0 10425.9 5 0 -96.1167
10629 0 7.45 0 10425.9 5 0 -638.117
10659.6 0 7.4 0 10425.9 4 0 -724.117
10652 0 7.45 0 10425.9 5 0 -444.117
10622 0 7.4 0 10425.9 5 0 -135.117
10486 0 7.4 0 10425.9 45 0 1874.88
10368.4 0 7.4 0 10425.9 12 0 2112.88
10374.1 0 7.45 0 10425.9 11 0 -493.117
10521 0 7.5 0 10425.9 7 0 -406.117
10565.1 0 7.5 0 10425.9 5 0 -249.117
10501.5 0 7.5 0 10425.9 6 0 1076.88
10461.3 0 7.45 0 10425.9 49 0 441.883
10417.5 0 7.5 0 10425.9 4 0 -50.1167
10256.4 0 7.45 0 10425.9 5 0 2353.88
10204.3 0 7.55 0 10425.9 6 0 280.883
10154.1 0 7.5 0 10425.9 5 0 -135.117
10207 0 7.55 0 10425.9 5 0 -178.117
10107.1 0 7.5 0 10425.9 5 0 2075.88
10042 0 7.55 0 10425.9 9 0.05 933.883
10084.8 0 7.5 0 10425.9 4 0.05 -780.117
10097 0 7.55 0 10425.9 4 0.05 -340.117
9941.6 0 7.55 0 10425.9 5 0.05 2469.88
9921.15 0 7.55 0 10425.9 5 0.05 -315.117
9958.25 0 7.55 0 10425.9 5 0.05 -1186.12
9944.4 0 7.55 0 10425.9 3 0.05 141.883
10034.5 0 7.6 0 10425.9 6 0.05 72.8833
10151 0 7.55 0 10425.9 4 0.05 -216.117
10157.3 0 7.6 0 10425.9 4 0.05 -620.117
10154.8 0 7.55 0 10425.9 5 0.05 -356.117
10047 0 7.6 0 10425.9 5 0.05 1907.88
10138.7 0 7.6 0 10425.9 5 0.05 -758.117
10187 0 7.6 0 10425.9 5 0.05 -523.117
9998.05 0 7.55 0 10425.9 34 0.05 3727.88
10078.1 0 7.6 0 10425.9 4 0.05 751.883
10120.1 0 7.5 0 10425.9 5 0.05 -558.117
10170.1 0 7.55 0 10425.9 4 0.05 -1135.12
10218.5 0 7.5 0 10425.9 5 0.05 -1146.12
10346.9 0 7.55 0 10425.9 5 0.05 -491.117
10398.2 0 7.5 0 10425.9 4 0 -94.1167
10381.3 0 7.55 0 10425.9 4 0 -441.117
10350.5 0 7.5 0 10425.9 3 0 274.883
10432.5 0 7.5 0 10425.9 6 0 829.883
10389.6 0 7.55 0 10425.9 5 0 542.883
10368.2 0 7.5 0 10425.9 4 0 -757.117
10423.5 0 7.55 0 10425.9 5 0 -963.117
10474.4 0 7.45 0 10425.9 5 0 -946.117
10501 0 7.55 0 10425.9 14 0 -747.117
10351 0 7.5 0 10425.9 9 0 2379.88
10308.4 0 7.5 0 10425.9 5 0 495.883
10325.5 0 7.5 0 10425.9 13 0 1565.88
10296.2 0 7.45 0 10425.9 69 0 -173.117
10309.2 0 7.45 0 10425.9 36 0 -784.117
10390.5 0 7.45 0 10425.9 68 0 2103.88
10507.7 0 7.4 0 10425.9 13 0 -1593.12
10544.7 0 7.4 0 10425.9 44 0 -1298.12
10494.5 0 7.35 0 10425.9 36 0 -131.117
10405.5 0 7.35 0 10425.9 47 0 632.883
10350.8 0 7.35 0 10425.9 12 0 604.883
10345.6 0 7.3 0 10425.9 40 0 8.88333
10339.4 0 7.3 0 10425.9 40 0 -317.117
10394.5 0 7.3 0 10425.9 18 0 -828.117
10454.8 0 7.25 0 10425.9 10 0 -375.117
10520.8 0 7.2 0 10425.9 49 0 -776.117
10521.1 0 7.2 0 10425.9 57 0 -765.117
10436.9 0 7.15 0 10425.9 17 0 722.883
10376.9 0 7.25 0 10425.9 46 0 253.883
10382.1 0 7.15 0 10425.9 59 0 -853.117
10478.1 0 7.15 0 10425.9 43 0 459.883
10522.6 0 7.15 0 10425.9 18 0 -394.117
10631.1 0 7.1 0 10425.9 58 0 -604.117
10674.5 0 7.1 0 10425.9 16 0 -1041.12
10673 0 7.1 0 10425.9 54 0 -754.117
10784.9 0 7.1 0 10425.9 15 0 -133.117
10713 0 7.1 0 10425.9 39 0 -156.117
10659.3 0 7.15 0 10425.9 18 0 -223.117
10639 0 7.15 0 10425.9 40 0 275.883
10687.7 0 7.15 0 10425.9 16 0 -342.117
10736 0 7.1 0 10425.9 17 0 -362.117
10768.8 0 7.2 0 10425.9 25 0 -645.117
10593.7 0 7.05 0 10425.9 97 0 3183.88
10567.2 0 7.1 0 10425.9 6 0 -298.117
10551 0 7.1 0 10425.9 36 0 -50.1167
10522.3 0 7.1 0 10425.9 18 0 -203.117
10515.3 0 7.1 0 10425.9 36 0 -625.117
10570.1 0 7.1 0 10425.9 29 0 -374.117
10555.1 0 7.05 0 10425.9 41 0 553.883
10504.8 0 7.05 0 10425.9 28 0 154.883
10560.6 0 7.1 0 10425.9 26 0 -658.117
10543.2 0 7.1 0 10425.9 34 0 -46.1167
10554.1 0 7.1 0 10425.9 36 0 -822.117
10484.1 0 7 0 10425.9 117 0 359.883
10466.4 0 6.95 0 10425.9 148 0 -399.117
10445.7 0 6.9 0 10425.9 97 0 279.883
10358.4 0 6.8 0 10425.9 213 0 1590.88
10388.3 0 6.7 0 10425.9 112 0 -822.117
10476.2 0 6.65 0 10425.9 124 0 -1483.12
10512.6 0 6.55 0 10425.9 128 0 -1070.12
10595.1 0 6.5 0 10425.9 175 0 -2011.12
10648.5 0 6.4 0 10425.9 120 0 -1712.12
10832 0 6.4 0 10425.9 132 0 -488.117
10890.9 0 6.3 0 10425.9 134 0 -1475.12
10942 0 6.25 0 10425.9 85 0 -1071.12
11030.3 0 6.2 0 10425.9 180 0 -1970.12
10888.2 0 6.05 0 10425.9 251 0 2216.88
10894.2 0 5.95 0 10425.9 122 0 -494.117
10978.6 0 5.95 0 10425.9 94 0 -1134.12
11080.8 0 5.9 0 10425.9 107 0 -1889.12
11127 0 5.8 0 10425.9 140 0 -1583.12
11198.1 0 5.7 0 10425.9 138 0 -1467.12
11223 0 5.6 0 10425.9 154 0 -1321.12
11344 0 5.7 0 10425.9 100 0 -2059.12
11326.4 0 5.7 0 10425.9 66 0 -46.1167
11432.6 0 5.7 0 10425.9 165 0 -1845.12
11598.1 0 5.75 0 10425.9 133 0 -1719.12
11491.1 0 5.75 0 10425.9 138 0 1316.88
11507.9 0 5.7 0 10425.9 187 0 -1818.12
11552.1 0 5.75 0 10425.9 119 0 -1955.12
11541.1 0 5.7 0 10425.9 142 0 -1791.12
11469.1 0 5.75 0 10425.9 89 0 -272.117
11501.6 0 5.7 0 10425.9 223 0 -1137.12
11469.5 0 5.7 0 10425.9 125 0 -834.117
11476.2 0 5.7 0 10425.9 73 0 -1204.12
11498.9 0 5.75 0 10425.9 90 0 -2424.12
11638.6 0 5.85 0 10425.9 70 0 -578.117
11711 0 5.95 0 10425.9 69 0 -1942.12
11583.4 0 5.9 0 10425.9 102 0 1418.88
11551.5 0 6 0 10425.9 74 0 -1252.12
11558.5 0 6 0 10425.9 126 0 -1722.12
11499.6 0 6.05 0 10425.9 120 0 -290.117
11369.7 0 6.1 0 10425.9 148 0 1277.88
11296.2 0 6.05 0 10425.9 47 0 -590.117
11387.4 0 6.1 0 10425.9 95 0 -1869.12
11374.3 0 6.1 0 10425.9 133 0 -1583.12
11382.6 0 6.1 0 10425.9 64 0 -1886.12
11388.9 0 6.15 0 10425.9 48 0 1192.88
11194.2 0 6.25 0 10425.9 84 0 2074.88
10997.5 0 6.25 0 10425.9 100 0 1979.88
10949.5 0 6.3 0 10425.9 103 0 -831.117
11012.1 0 6.25 0 10425.9 136 0 -1525.12
10862.6 0 6.3 0 10425.9 131 0 1852.88
10816.9 0 6.35 0 10425.9 48 0 80.8833
10799 0 6.4 0 10425.9 37 0 -848.117
10763.9 0 6.4 0 10425.9 85 0 -1721.12
10797.8 0 6.4 0 10425.9 115 0 -1256.12
10751.5 0 6.4 0 10425.9 100 0 -1015.12
10896.5 0 6.35 0 10425.9 193 0 -1481.12
10914 0 6.25 0 10425.9 106 0 -1602.12
10828.9 0 6.3 0 10425.9 76 0 -21.1167
10839.5 0 6.3 0 10425.9 102 0 -503.117
10956.5 0 6.3 0 10425.9 49 0 -1062.12
11005.6 0 6.3 0 10425.9 142 0 -1571.12
10964.8 0 6.3 0 10425.9 73 0 -1053.12
10952 0 6.3 0 10425.9 93 0 -1327.12
10922.1 0 6.3 0 10425.9 98 0 -1289.12
11043.4 0 6.3 0 10425.9 102 0 -1231.12
11067.6 0 6.15 0 10425.9 83 0 1588.88
11231.9 0 6.2 0 10425.9 77 0 -1305.12
11272.4 0 6.2 0 10425.9 120 0 -1640.12
11207.2 0 6.25 0 10425.9 55 0 -222.117
11318.5 0 6.3 0 10425.9 70 0 -372.117
11388 0 6.25 0 10425.9 124 0 -1311.12
11430.1 0 6.25 0 10425.9 38 0 -1689.12
11284.5 0 6.2 0 10425.9 131 0 1190.88
11266.5 0 6.25 0 10425.9 57 0 -896.117
11163 0 6.2 0 10425.9 115 0 1053.88
11112.1 0 6.25 0 10425.9 104 0 -462.117
11086.6 0 6.25 0 10425.9 114 0 -1092.12
11098.9 0 6.25 0 10425.9 66 0 -267.117
11104.5 0 6.25 0 10425.9 97 0 -615.117
11134.4 0 6.3 0 10425.9 86 0 -1660.12
11138.2 0 6.3 0 10425.9 76 0 -1647.12
10983 0 6.25 0 10425.9 166 0 2051.88
10955.7 0 6.25 0 10425.9 45 0 -782.117
10925.5 0 6.3 0 10425.9 83 0 -685.117
10939.6 0 6.25 0 10425.9 106 0 -1514.12
11083.8 0 6.4 0 10425.9 56 0 -1293.12
11071.1 0 6.35 0 10425.9 130 0 -1053.12
11053.5 0 6.35 0 10425.9 52 0 -1286.12
10943.4 0 6.3 0 10425.9 174 0 1978.88
10865.6 0 6.35 0 10425.9 68 0 1183.88
10854.2 0 6.35 0 10425.9 67 0 -1084.12
10658.1 0 6.25 0 10425.9 112 0 2233.88
10731.1 0 6.3 0 10425.9 62 0 -269.117
10681.5 0 6.3 0 10425.9 59 0 94.8833
10815.2 0 6.3 0 10425.9 81 0 -1620.12
10857.8 0 6.35 0 10425.9 104 0 -1313.12
10899.3 0 6.35 0 10425.9 78 0 -1922.12
10967.2 0 6.35 0 10425.9 70 0 -1625.12
10866.5 0 6.35 0 10425.9 49 0 1399.88
10813 0 6.3 0 10425.9 95 0 -590.117
10829 0 6.3 0 10425.9 118 0 -1969.12
10983 0 6.35 0 10425.9 94 0 -1027.12
11007.9 0 6.35 0 10425.9 121 0 -1280.12
11059.1 0 6.35 0 10425.9 43 0 -1710.12
11072.2 0 6.35 0 10425.9 132 0 -1775.12
11080.2 0 6.3 0 10425.9 76 0 -1453.12
11079.5 0 6.35 0 10425.9 81 0 -1039.12
11114 0 6.35 0 10425.9 78 0 -1977.12
11295.5 0 6.35 0 10425.9 106 0 -1651.12
11429.2 0 6.3 0 10425.9 106 0 -1489.12
11413 0 6.35 0 10425.9 63 0 -761.117
11592.8 0 6.4 0 10425.9 122 0 -1360.12
11658.1 0 6.35 0 10425.9 79 0 -1577.12
11547.3 0 6.35 0 10425.9 58 0 2311.88
11488.8 0 6.3 0 10425.9 214 0 -449.117
11489.2 0 6.3 0 10425.9 115 0 -1322.12
11462.9 0 6.35 0 10425.9 54 0 -1396.12
11477 0 6.25 0 10425.9 148 0 -1908.12
11414.2 0 6.25 0 10425.9 144 0 2655.88
11467.6 0 6.3 0 10425.9 105 0 -1658.12
11448.5 0 6.35 0 10425.9 96 0 -1585.12
11428.9 0 6.3 0 10425.9 108 0 -636.117
11363.3 0 6.3 0 10425.9 114 0 31.8833
11223.8 0 6.15 0 10425.9 211 0 1079.88
11195.1 0 6.2 0 10425.9 69 0 -1201.12
11167.9 0 6.25 0 10425.9 79 0 -909.117
11161.8 0 6.15 0 10425.9 186 0 -917.117
11138.5 0 6.2 0 10425.9 43 0 -1510.12
11127 0 6.15 0 10425.9 136 0 -1421.12
11116.3 0 6.2 0 10425.9 93 0 -1276.12
11154.9 0 6.15 0 10425.9 76 0 -1532.12
11164.9 0 6.15 0 10425.9 116 0 -1560.12
11139.6 0 6.2 0 10425.9 101 0 -1072.12
11335 0 6.15 0 10425.9 95 0 -1595.12
11374.5 0 6.15 0 10425.9 205 0 -1241.12
11403.1 0 6.1 0 10425.9 121 0 -1894.12
11270.1 0 6 0 10425.9 220 0 1264.88
11141 0 6 0 10425.9 96 0 672.883
11360.9 0 6.05 0 10425.9 145 0 -1741.12
11368.1 0 6 0 10425.9 166 0 -1803.12
11227.1 0 5.95 0 10425.9 67 0 1235.88
11217.6 0 5.9 0 10425.9 196 0 -447.117
11322.9 0 5.9 0 10425.9 85 0 -2073.12
11457.7 0 6 0 10425.9 73 0 -1616.12
11474.5 0 5.95 0 10425.9 101 0 -1537.12
11495.9 0 5.95 0 10425.9 30 0 -1337.12
11327.5 0 5.95 0 10425.9 154 0 2449.88
11306.6 0 5.85 0 10425.9 44 0 -1091.12
11288.7 0 5.9 0 10425.9 202 0 -1063.12
11280.2 0 5.85 0 10425.9 70 0 -1106.12
11146.5 0 5.85 0 10425.9 47 0 1142.88
11134.6 0 5.85 0 10425.9 125 0 -1324.12
11141 0 5.8 0 10425.9 81 0 -1199.12
11114.5 0 5.75 0 10425.9 108 0 -1066.12
10988.8 0 5.85 0 10425.9 86 0 1274.88
10981.7 0 5.85 0 10425.9 91 0 -1753.12
11125.6 0 5.85 0 10425.9 75 0 -1613.12
11201.8 0 5.9 0 10425.9 79 0 -850.117
11148.5 0 5.85 0 10425.9 59 0 -676.117
11152.4 0 5.9 0 10425.9 90 0 -1881.12
11283.6 0 5.95 0 10425.9 18 0 -1389.12
11331.5 0 5.95 0 10425.9 93 0 -1403.12
11164.4 0 6 0 10425.9 71 0 1267.88
11117.5 0 5.9 0 10425.9 182 0 -677.117
11041.2 0 5.95 0 10425.9 45 0 -12.1167
10946.7 0 5.85 0 10425.9 83 0 552.883
11079.9 0 5.95 0 10425.9 37 0 -214.117
10971.4 0 6 0 10425.9 143 0 1079.88
10981.5 0 5.95 0 10425.9 169 0 -1267.12
10999.5 0 5.95 0 10425.9 52 0 -1465.12
11121.3 0 5.95 0 10425.9 61 0 -1293.12
11111.6 0 5.95 0 10425.9 92 0 -1131.12
11089.4 0 6 0 10425.9 49 0 -754.117
11082.2 0 6 0 10425.9 103 0 -923.117
11199.8 0 5.95 0 10425.9 77 0 -1075.12
11187.8 0 5.95 0 10425.9 62 0 -1514.12
11180.7 0 6 0 10425.9 56 0 -1471.12
11205.1 0 6.05 0 10425.9 41 0 -1339.12
11241.7 0 6.1 0 10425.9 29 0 -1407.12
11251.7 0 6.05 0 10425.9 59 0 -2081.12
11237.1 0 6 0 10425.9 79 0 -1097.12
11257.6 0 6.1 0 10425.9 50 0 -1814.12
11411.4 0 6.1 0 10425.9 4 0 -1807.12
11269.2 0 6.3 0 10425.9 76 0 2165.88
11329 0 6.25 0 10425.9 90 0 -1206.12
11430.4 0 6.35 0 10425.9 32 0 -1475.12
11462.8 0 6.4 0 10425.9 6 0 -862.117
11563.6 0 6.45 0 10425.9 21 0 -938.117
11499.5 0 6.5 0 10425.9 98 0 15.8833
11479.6 0 6.55 0 10425.9 64 0 -1068.12
11473.5 0 6.55 0 10425.9 91 0 -1170.12
11492.9 0 6.55 0 10425.9 122 0 -1519.12
11503.6 0 6.45 0 10425.9 141 0 -968.117
11324 0 6.5 0 10425.9 156 0 2669.88
11234.6 0 6.5 0 10425.9 70 0 710.883
11144.8 0 6.6 0 10425.9 16 0 282.883
11082.4 0 6.65 0 10425.9 7 0 -222.117
11060.4 0 6.6 0 10425.9 118 0 -899.117
11070.1 0 6.6 0 10425.9 76 0 -1603.12
11050.3 0 6.6 0 10425.9 82 0 -1684.12
11058 0 6.65 0 10425.9 27 0 -1251.12
10994.4 0 6.65 0 10425.9 88 0 -542.117
10953 0 6.65 0 10425.9 9 0 -980.117
11095 0 6.55 0 10425.9 101 0 -674.117
11075.9 0 6.6 0 10425.9 31 0 -822.117
11042.4 0 6.6 0 10425.9 61 0 -806.117
10893.8 0 6.55 0 10425.9 88 0 2109.88
10956.5 0 6.5 0 10425.9 71 0 -2192.12
11032.2 0 6.6 0 10425.9 5 0 -1499.12
11029.8 0 6.6 0 10425.9 19 0 -1019.12
11024.5 0 6.65 0 10425.9 84 0 -1065.12
11049.3 0 6.65 0 10425.9 125 0 -2014.12
11046.5 0 6.75 0 10425.9 6 0 -911.117
11267.3 0 6.75 0 10425.9 135 0 -1747.12
11368.5 0 6.8 0 10425.9 63 0 -1312.12
11440.2 0 6.75 0 10425.9 37 0 -1152.12
11519.9 0 6.65 0 10425.9 132 0 -1816.12
11509.9 0 6.7 0 10425.9 63 0 -699.117
11476 0 6.65 0 10425.9 105 0 -926.117
11449 0 6.6 0 10425.9 153 0 -1142.12
11441.5 0 6.55 0 10425.9 136 0 -1102.12
11315.4 0 6.4 0 10425.9 159 0 1979.88
11354.4 0 6.3 0 10425.9 172 0 -1760.12
11423.7 0 6.25 0 10425.9 226 0 -2060.12
11473 0 6.1 0 10425.9 213 0 -1807.12
11502 0 6 0 10425.9 226 0 -1387.12
11665.9 0 5.9 0 10425.9 161 0 -1168.12
11566.7 0 5.85 0 10425.9 296 0 -208.117
11587.6 0 5.7 0 10425.9 221 0 -1918.12
11576.1 0 5.55 0 10425.9 295 0 -788.117
11602.2 0 5.5 0 10425.9 112 0 -1588.12
11596.3 0 5.5 0 10425.9 118 0 -1895.12
11596.1 0 5.4 0 10425.9 178 0 -908.117
11568.1 0 5.4 0 10425.9 87 0 -1186.12
11564.8 0 5.35 0 10425.9 123 0 -1246.12
11557.7 0 5.25 0 10425.9 200 0 -1010.12
11500 0 5.35 0 10425.9 46 0 -661.117
11529.3 0 5.25 0 10425.9 170 0 -1286.12
11557.1 0 5.2 0 10425.9 160 0 -1482.12
11613.8 0 5.2 0 10425.9 156 0 -2275.12
11634.8 0 5.15 0 10425.9 112 0 -1523.12
11790.5 0 5.25 0 10425.9 148 0 -1133.12
11752.8 0 5.25 0 10425.9 157 0 -1007.12
11728.3 0 5.25 0 10425.9 123 0 -1570.12
11644.9 0 5.35 0 10425.9 138 0 -139.117
11644.1 0 5.35 0 10425.9 158 0 -1371.12
11515.2 0 5.35 0 10425.9 122 0 1409.88
11593.5 0 5.35 0 10425.9 162 0 -1775.12
11543.2 0 5.35 0 10425.9 119 0 -912.117
11581.9 0 5.4 0 10425.9 130 0 -1561.12
11572.2 0 5.4 0 10425.9 150 0 -1394.12
11536.6 0 5.4 0 10425.9 123 0 -1183.12
11511.1 0 5.4 0 10425.9 121 0 -398.117
11481.6 0 5.35 0 10425.9 73 0 -596.117
11491 0 5.3 0 10425.9 10 0 -1435.12
11507.9 0 5.3 0 10425.9 5 0 -1346.12
11553.5 0 5.2 0 10425.9 40 0 -1575.12
11591.8 0 5.25 0 10425.9 137 0 -2050.12
11607.6 0 5.2 0 10425.9 136 0 -1799.12
11566.8 0 5.25 0 10425.9 118 0 -1458.12
11509.5 0 5.3 0 10425.9 69 0 -377.117
11483.8 0 5.25 0 10425.9 106 0 -619.117
11488 0 5.25 0 10425.9 136 0 -1092.12
11491.4 0 5.25 0 10425.9 97 0 -1638.12
11519.3 0 5.2 0 10425.9 77 0 -697.117
11501 0 5.2 0 10425.9 103 0 -1006.12
11632.1 0 5.25 0 10425.9 49 0 -1212.12
11606.2 0 5.25 0 10425.9 47 0 -1257.12
11600.2 0 5.25 0 10425.9 62 0 -791.117
11599.8 0 5.25 0 10425.9 34 0 -1553.12
11479.5 0 5.2 0 10425.9 100 0 1010.88
11484.8 0 5.15 0 10425.9 5 0 -1287.12
11509.5 0 5.15 0 10425.9 4 0 -892.117
11568.9 0 5.1 0 10425.9 4 0 -1785.12
11583.8 0 5.15 0 10425.9 84 0 -1733.12
11416.9 0 5.15 0 10425.9 129 0 1992.88
11393.8 0 5.1 0 10425.9 111 0 -1113.12
11335.3 0 5.05 0 10425.9 4 0 -881.117
11275.8 0 5.05 0 10425.9 2 0 -608.117
11288.5 0 5 0 10425.9 3 0 -1713.12
11316.4 0 4.95 0 10425.9 3 0 -935.117
11336 0 4.95 0 10425.9 4 0 -1012.12
11334 0 4.9 0 10425.9 4 0 -1050.12
11337 0 4.85 0 10425.9 2 0 -1700.12
11307.9 0 4.9 0 10425.9 90 0 -113.117
11325.6 0 4.9 0 10425.9 58 0 -1361.12
11351.2 0 4.85 0 10425.9 27 0 -1725.12
11398.7 0 4.8 0 10425.9 4 0 -2206.12
11383.9 0 4.75 0 10425.9 2 0 -495.117
11350.6 0 4.75 0 10425.9 3 0 -888.117
11464.1 0 4.7 0 10425.9 2 0 -1259.12
11468.5 0 4.7 0 10425.9 4 0 -1373.12
11472.1 0 4.65 0 10425.9 26 0 -965.117
11422.4 0 4.65 0 10425.9 3 0 -791.117
11264.9 0 4.6 0 10425.9 65 0 1416.88
11332.2 0 4.6 0 10425.9 4 0 645.883
11301.5 0 4.65 0 10425.9 3 0 -499.117
11178.8 0 4.6 0 10425.9 4 0 1573.88
11188.9 0 4.65 0 10425.9 3 0 -810.117
11158.6 0 4.6 0 10425.9 2 0 -1108.12
11156.4 0 4.6 0 10425.9 2 0 -890.117
11150.5 0 4.6 0 10425.9 5 0 -895.117
11181.1 0 4.6 0 10425.9 2 0 -1661.12
11037 0 4.7 0 10425.9 133 0 1182.88
11058.6 0 4.6 0 10425.9 157 0 -546.117
11021 0 4.55 0 10425.9 3 0 -610.117
11011 0 4.5 0 10425.9 2 0 -1524.12
10961.6 0 4.5 0 10425.9 2 0 -1219.12
10962.9 0 4.6 0 10425.9 22 0 -520.117
10991.4 0 4.55 0 10425.9 132 0 -1458.12
11005.3 0 4.6 0 10425.9 20 0 -1537.12
11008.5 0 4.6 0 10425.9 5 0 -1438.12
10919.5 0 4.65 0 10425.9 3 0 815.883
10977.8 0 4.65 0 10425.9 44 0 -1956.12
10979 0 4.6 0 10425.9 3 0 1392.88
11069.2 0 4.55 0 10425.9 2 0 -1160.12
11019.4 0 4.5 0 10425.9 3 0 497.883
11140.3 0 4.6 0 10425.9 4 0 -844.117
11183.7 0 4.55 0 10425.9 4 0 -1678.12
11206.1 0 4.55 0 10425.9 2 0 -1556.12
11256 0 4.55 0 10425.9 4 0 -1889.12
11222.7 0 4.55 0 10425.9 3 0 -228.117
11186.5 0 4.6 0 10425.9 62 0 -936.117
11305.4 0 4.55 0 10425.9 98 0 -1195.12
11333.2 0 4.55 0 10425.9 2 0 -1104.12
11352.5 0 4.6 0 10425.9 2 0 -994.117
11214.8 0 4.65 0 10425.9 3 0 1229.88
11193.9 0 4.65 0 10425.9 23 0 -801.117
11196 0 4.6 0 10425.9 93 0 -563.117
11179.6 0 4.65 0 10425.9 21 0 -1131.12
11158.9 0 4.6 0 10425.9 2 0 -1122.12
11172.4 0 4.55 0 10425.9 2 0 -1707.12
11248.5 0 4.55 0 10425.9 3 0 -707.117
11193.6 0 4.6 0 10425.9 30 0 -859.117
11325.8 0 4.65 0 10425.9 19 0 -1249.12
11370.9 0 4.7 0 10425.9 4 0 -2062.12
11429.9 0 4.7 0 10425.9 4 0 -683.117
11422.9 0 4.6 0 10425.9 2 0 -703.117
11426.8 0 4.65 0 10425.9 3 0 -1757.12
11387.9 0 4.65 0 10425.9 3 0 -777.117
11362.1 0 4.6 0 10425.9 2 0 -1375.12
11413.1 0 4.6 0 10425.9 2 0 -1247.12
11459.8 0 4.55 0 10425.9 4 0 -1870.12
11452.5 0 4.55 0 10425.9 3 0 -1050.12
11480.6 0 4.6 0 10425.9 4 0 -1666.12
11522.9 0 4.55 0 10425.9 2 0 -1838.12
11603 0 4.45 0 10425.9 1 0 -374.117
11526.2 0 4.45 0 10425.9 3 0 735.883
11528.8 0 4.45 0 10425.9 4 0 -615.117
11533.1 0 4.35 0 10425.9 2 0 -1217.12
11553.8 0 4.4 0 10425.9 2 0 -1535.12
11564.7 0 4.4 0 10425.9 158 0 -1926.12
11611.2 0 4.35 0 10425.9 2 0 -1637.12
11614.9 0 4.35 0 10425.9 2 0 -932.117
11625 0 4.2 0 10425.9 2 0 -1452.12
11593.8 0 4.25 0 10425.9 21 0 -1438.12
11599 0 4.25 0 10425.9 3 0 -788.117
11543.9 0 4.3 0 10425.9 3 0 400.883
11469 0 4.25 0 10425.9 4 0 -260.117
11463.4 0 4.25 0 10425.9 2 0 -664.117
11422 0 4.25 0 10425.9 2 0 -549.117
11397 0 4.2 0 10425.9 2 0 -745.117
11364.5 0 4.25 0 10425.9 4 0 -1222.12
11397.4 0 4.2 0 10425.9 2 0 -1707.12
11416.5 0 4.2 0 10425.9 2 0 -2047.12
11393.2 0 4.25 0 10425.9 3 0 -1374.12
11441.2 0 4.25 0 10425.9 2 0 -1334.12
11536 0 4.3 0 10425.9 12 0 -1159.12
11533.6 0 4.25 0 10425.9 15 0 -567.117
11328.2 0 4.35 0 10425.9 24 0 2890.88
11302.5 0 4.25 0 10425.9 4 0 -1020.12
11289.5 0 4.3 0 10425.9 30 0 -1666.12
11261.8 0 4.35 0 10425.9 4 0 -1083.12
11296.5 0 4.3 0 10425.9 4 0 -1628.12
11279.3 0 4.45 0 10425.9 3 0 -1107.12
11265.6 0 4.4 0 10425.9 3 0 -1165.12
11281.2 0 4.45 0 10425.9 3 0 -1100.12
11181.2 0 4.4 0 10425.9 3 0 2401.88
11252.3 0 4.45 0 10425.9 12 0 -1682.12
11288.5 0 4.45 0 10425.9 4 0 -1387.12
11276.5 0 4.5 0 10425.9 3 0 -310.117
11296.8 0 4.55 0 10425.9 3 0 -1150.12
11335.8 0 4.5 0 10425.9 3 0 -2002.12
11303.1 0 4.5 0 10425.9 2 0 -1055.12
11245.8 0 4.5 0 10425.9 3 0 -899.117
11253 0 4.5 0 10425.9 4 0 -1518.12
11238.7 0 4.55 0 10425.9 4 0 -1049.12
11199.5 0 4.55 0 10425.9 3 0 -376.117
11180.2 0 4.55 0 10425.9 3 0 -180.117
11350 0 4.55 0 10425.9 3 0 -506.117
11393.9 0 4.6 0 10425.9 4 0 -1897.12
11214.3 0 4.55 0 10425.9 2 0 1925.88
11196.8 0 4.55 0 10425.9 3 0 -732.117
11207.6 0 4.55 0 10425.9 2 0 -1845.12
11193.7 0 4.55 0 10425.9 3 0 -829.117
11211.3 0 4.55 0 10425.9 3 0 -1517.12
11233.4 0 4.55 0 10425.9 4 0 -1542.12
11374.9 0 4.6 0 10425.9 126 0 -427.117
11317.1 0 4.55 0 10425.9 4 0 -528.117
11315 0 4.6 0 10425.9 4 0 -1344.12
11320.8 0 4.65 0 10425.9 6 0 -425.117
11302.5 0 4.6 0 10425.9 130 0 -785.117
11274.5 0 4.65 0 10425.9 5 0 -1442.12
11298.4 0 4.7 0 10425.9 3 0 -1533.12
11119 0 4.7 0 10425.9 4 0 2688.88
11041.4 0 4.7 0 10425.9 128 0 33.8833
11031.4 0 4.75 0 10425.9 10 0 -849.117
11044.8 0 4.7 0 10425.9 2 0 -643.117
11067.7 0 4.7 0 10425.9 3 0 -639.117
11102.5 0 4.65 0 10425.9 2 0 -1201.12
11073.4 0 4.7 0 10425.9 3 0 -1315.12
11261.3 0 4.75 0 10425.9 4 0 -1833.12
11287.7 0 4.75 0 10425.9 4 0 -1260.12
11302 0 4.8 0 10425.9 3 0 -2130.12
11171 0 4.8 0 10425.9 5 0 1789.88
11166.5 0 4.75 0 10425.9 4 0 -1427.12
11163.2 0 4.75 0 10425.9 4 0 -1477.12
11087.2 0 4.75 0 10425.9 5 0 1093.88
11080.4 0 4.75 0 10425.9 3 0 -392.117
10945.1 0 4.75 0 10425.9 2 0 1361.88
10955.2 0 4.65 0 10425.9 37 0 -628.117
10997 0 4.75 0 10425.9 88 0 -1619.12
10836.7 0 4.75 0 10425.9 38 0 1762.88
10814.4 0 4.75 0 10425.9 5 0 -1086.12
10831.9 0 4.7 0 10425.9 22 0 2338.88
10885.6 0 4.75 0 10425.9 12 0 -1042.12
10903.4 0 4.7 0 10425.9 4 0 -1203.12
10918.1 0 4.75 0 10425.9 3 0 -939.117
10827 0 4.8 0 10425.9 3 0 1184.88
10856.1 0 4.85 0 10425.9 5 0 -1785.12
10879.6 0 4.85 0 10425.9 5 0 -1785.12
10890.4 0 4.85 0 10425.9 40 0 -2047.12
10884.2 0 4.85 0 10425.9 72 0 -1137.12
10880.5 0 4.85 0 10425.9 188 0 -2057.12
11030.8 0 4.85 0 10425.9 86 0 -1214.12
11006 0 4.9 0 10425.9 14 0 -931.117
10947.5 0 4.9 0 10425.9 5 0 -308.117
11039.9 0 4.9 0 10425.9 95 0 -753.117
11082.7 0 4.95 0 10425.9 28 0 -1249.12
11191.6 0 4.95 0 10425.9 5 0 -817.117
11177.5 0 5 0 10425.9 130 0 -346.117
11172.2 0 5 0 10425.9 98 0 -1512.12
11298.7 0 5 0 10425.9 111 0 -767.117
11327.1 0 5 0 10425.9 5 0 -1654.12
11486.9 0 5.05 0 10425.9 122 0 -856.117
11486.9 0 5 0 10425.9 43 0 -1043.12
11464.8 0 5.05 0 10425.9 4 0 -761.117
11452.4 0 5.05 0 10425.9 44 0 -691.117
11554.4 0 5.05 0 10425.9 155 0 -854.117
11392.3 0 5.1 0 10425.9 89 0 1455.88
11403.4 0 5.1 0 10425.9 163 0 -2006.12
11340.6 0 5.1 0 10425.9 216 0 -793.117
11261.8 0 5.15 0 10425.9 126 0 440.883
11224.2 0 5.2 0 10425.9 133 0 -1306.12
11136.5 0 5.2 0 10425.9 52 0 538.883
11037.4 0 5.15 0 10425.9 209 0 1051.88
11083.4 0 5.15 0 10425.9 22 0 -1228.12
10975 0 5.2 0 10425.9 6 0 1415.88
10991.9 0 5.2 0 10425.9 85 0 -1588.12
11025.6 0 5.2 0 10425.9 52 0 -1491.12
10904.1 0 5.2 0 10425.9 78 0 2083.88
10878.4 0 5.15 0 10425.9 108 0 -997.117
10922.5 0 5.2 0 10425.9 166 0 -1649.12
10931.9 0 5.2 0 10425.9 171 0 -1842.12
10851.9 0 5.2 0 10425.9 61 0 743.883
10841.5 0 5.2 0 10425.9 187 0 -837.117
10893.5 0 5.2 0 10425.9 180 0 -1799.12
10921.9 0 5.25 0 10425.9 134 0 -1260.12
10915.5 0 5.25 0 10425.9 137 0 -726.117
11051.4 0 5.25 0 10425.9 135 0 -1262.12
11017.2 0 5.2 0 10425.9 188 0 -1322.12
11063.9 0 5.25 0 10425.9 197 0 -1726.12
11134.6 0 5.2 0 10425.9 115 0 -974.117
11105.2 0 5.15 0 10425.9 158 0 -719.117
11098 0 5.2 0 10425.9 189 0 683.883
11183.2 0 5.25 0 10425.9 116 0 -653.117
11154.4 0 5.25 0 10425.9 152 0 -651.117
11266.9 0 5.25 0 10425.9 149 0 -833.117
11245 0 5.25 0 10425.9 126 0 -1152.12
11233.2 0 5.25 0 10425.9 196 0 -1255.12
11372 0 5.3 0 10425.9 130 0 -691.117
11206.1 0 5.25 0 10425.9 201 0 2320.88
11205.8 0 5.25 0 10425.9 82 0 -1643.12
11153.2 0 5.25 0 10425.9 152 0 -790.117
11228.4 0 5.25 0 10425.9 169 0 -760.117
11289.9 0 5.25 0 10425.9 161 0 -2067.12
11303.9 0 5.3 0 10425.9 165 0 -2078.12
11283.8 0 5.25 0 10425.9 162 0 -859.117
11294.5 0 5.25 0 10425.9 189 0 -939.117
11258.2 0 5.15 0 10425.9 154 0 -538.117
11236.9 0 5.25 0 10425.9 199 0 -894.117
11210.6 0 5.2 0 10425.9 122 0 -1201.12
11208.8 0 5.25 0 10425.9 135 0 -937.117
11246 0 5.25 0 10425.9 181 0 -1463.12
11339.5 0 5.25 0 10425.9 140 0 -1186.12
11285.8 0 5.25 0 10425.9 146 0 419.883
11265.5 0 5.25 0 10425.9 176 0 -246.117
11288 0 5.2 0 10425.9 168 0 -1281.12
11290.7 0 5.25 0 10425.9 119 0 -1207.12
11324.4 0 5.25 0 10425.9 177 0 -1929.12
11360.5 0 5.2 0 10425.9 182 0 -1413.12
11541.1 0 5.3 0 10425.9 156 0 -1292.12
11567.4 0 5.25 0 10425.9 197 0 -2168.12
11599.7 0 5.25 0 10425.9 127 0 -1436.12
11615.2 0 5.25 0 10425.9 175 0 -1071.12
11531.8 0 5.3 0 10425.9 182 0 -398.117
11509.6 0 5.25 0 10425.9 158 0 -1634.12
11493.9 0 5.25 0 10425.9 148 0 -544.117
11521.2 0 5.3 0 10425.9 186 0 -1486.12
11559.9 0 5.35 0 10425.9 172 0 -1312.12
11591.2 0 5.3 0 10425.9 210 0 -1520.12
11321.9 0 5.3 0 10425.9 114 0 4185.88
11281.2 0 5.25 0 10425.9 193 0 -124.117
11253.5 0 5.25 0 10425.9 170 0 -909.117
11272.8 0 5.25 0 10425.9 162 0 -1571.12
11182.6 0 5.2 0 10425.9 184 0 2221.88
11164.2 0 5.15 0 10425.9 235 0 121.883
11173.4 0 5.15 0 10425.9 196 0 -1463.12
11199 0 5.05 0 10425.9 200 0 -1719.12
11176.6 0 5.05 0 10425.9 223 0 -1483.12
11124.9 0 5.05 0 10425.9 208 0 -378.117
11073.9 0 4.85 0 10425.9 363 0 -271.117
10962.8 0 4.75 0 10425.9 274 0 53.8833
10945.8 0 4.75 0 10425.9 221 0 -1097.12
10960.4 0 4.6 0 10425.9 357 0 -1363.12
11009.1 0 4.45 0 10425.9 394 0 -1373.12
10962.9 0 4.35 0 10425.9 318 0 -708.117
11024.2 0 4.2 1 10425.9 442 0 0
11006.5 0 3.9 0 10425.9 600 0 0
10978.7 0 3.65 0 10425.9 576 0 0
10989.2 0 3.4 0 10425.9 628 0 0
11203.6 0 3.15 0 10425.9 552 0 0
11240 0 2.9 0 10425.9 604 0 0
11243.8 0 2.65 0 10425.9 605 0 0
11229.5 0 2.35 0 10425.9 621 0 0
11250.1 0 2.15 0 10425.9 465 0 0
11302.5 0 1.95 0 10425.9 596 0 0
11273.4 0 1.7 0 10425.9 584 0 0
11270 0 1.5 0 10425.9 633 0 0
11290.4 0 1.25 0 10425.9 637 0 0
11320.9 0 1 0 10425.9 594 0 0
11333.1 0 0.9 0 10425.9 595 0 0
11187.1 0 0.75 0 10425.9 415 0 0
11148.4 0 0.5 0 10425.9 600 0 0
11131.5 0 0.4 0 10425.9 620 0 0
11104 0 0.25 0 10425.9 597 0 0
11147.5 0 0.1 0 10425.9 636 0 0
11069.1 0 0 0 10425.9 554 0 0
11049.5 0 0 0 10425.9 580 0 0
11088.4 0 0 0 10425.9 631 0 0
11053.4 0 0 0 10425.9 614 0 0
11076.8 0 0 0 10425.9 596 0 0
11092 0 0 0 10425.9 622 0 0
11091 0 0 0 10425.9 609 0 0
11090 0 0 0 10425.9 628 0 0
11202.5 0 0 0 10425.9 576 0 0
11191.6 0 0 0 10425.9 587 0 0
11183.6 0 0 0 10425.9 592 0 0
11171.5 0 0 0 10425.9 617 0 0
11104.1 0 0 0 10425.9 571 0 0
10914.7 0 0 0 10425.9 522 0 0
10920.5 0 0 0 10425.9 630 0 0
11103.1 0 0 0 10425.9 607 0 0
11192.5 0 0 0 10425.9 689 0 0
11217 0 0 0 10425.9 639 0 0
11237.3 0 0 0 10425.9 608 0 0
11240.3 0 0 0 10425.9 625 0 0
11256.8 0 0 0 10425.9 562 0 0
11298.9 0 0 0 10425.9 619 0 0
11151.3 0 0 0 10425.9 550 0 0
11165 0 0 0 10425.9 625 0 0
11219.5 0 0 0 10425.9 656 0 0
11195.2 0 0 0 10425.9 591 0 0
11209.6 0 0 0 10425.9 627 0 0
11211.8 0 0 0 10425.9 635 0 0
11213.9 0 0 0 10425.9 566 0 0
11204.8 0 0 0 10425.9 565 0 0
11213.9 0 0 0 10425.9 596 0 0
11228.1 0 0 0 10425.9 638 0 0
11288.6 0 0 0 10425.9 663 0 0
11351.7 0 0 0 10425.9 569 0 0
11323.1 0 0 0 10425.9 556 0 0
11303.2 0 0 0 10425.9 573 0 0
11247.1 0 0 0 10425.9 604 0 0
11222.9 0 0 0 10425.9 597 0 0
11230.4 0 0 0 10425.9 615 0 0
11202.6 0 0 0 10425.9 607 0 0
11215.7 0 0 0 10425.9 592 0 0
11179.5 0 0 0 10425.9 593 0 0
11291.5 0 0 0 10425.9 601 0 0
11277 0 0 0 10425.9 619 0 0
11230 0 0 0 10425.9 597 0 0
11202.9 0 0 0 10425.9 561 0 0
11158.6 0 0 0 10425.9 579 0 0
11144 0 0 0 10425.9 597 0 0
11173.6 0 0 0 10425.9 601 0 0
11161.9 0 0 0 10425.9 564 0 0
11172.5 0 0 0 10425.9 600 0 0
11088.4 0 0 0 10425.9 637 0 0
11023.1 0 0 0 10425.9 611 0 0
11118.9 0 0 0 10425.9 583 0 0
11143.9 0 0 0 10425.9 600 0 0
11154.8 0 0 0 10425.9 579 0 0
11154.9 0 0 0 10425.9 597 0 0
11082 0 0 0 10425.9 535 0 0
11041.1 0 0 0 10425.9 567 0 0
11083.4 0 0 0 10425.9 646 0 0
11075.2 0 0 0 10425.9 586 0 0
11081.4 0 0 0 10425.9 604 0 0
11081.4 0 0 0 10425.9 607 0 0
11041.8 0 0 0 10425.9 575 0 0
11052.6 0 0 0 10425.9 620 0 0
11057.6 0 0 0 10425.9 579 0 0
11092.6 0 0 0 10425.9 603 0 0
11131.4 0 0 0 10425.9 635 0 0
11089.5 0 0 0 10425.9 549 0 0
11115.9 0 0 0 10425.9 587 0 0
11151.2 0 0 0 10425.9 652 0 0
11208.9 0 0 0 10425.9 621 0 0
11221 0 0 0 10425.9 627 0 0
11203.6 0 0 0 10425.9 553 0 0
11235.3 0 0 0 10425.9 624 0 0
11272.9 0 0 0 10425.9 613 0 0
11291.9 0 0 0 10425.9 608 0 0
11235.9 0 0 0 10425.9 537 0 0
11207.1 0 0 0 10425.9 560 0 0
11124.8 0 0 0 10425.9 565 0 0
11134 0 0 0 10425.9 602 0 0
11133.8 0 0 0 10425.9 607 0 0
11113.4 0 0 0 10425.9 577 0 0
10993.4 0 0 0 10425.9 483 0 0
10963.5 0 0 0 10425.9 573 0 0
10991.2 0 0 0 10425.9 590 0 0
11010.8 0 0 0 10425.9 625 0 0
11006.9 0 0 0 10425.9 635 0 0
11023.6 0 0 0 10425.9 570 0 0
11039.4 0 0 0 10425.9 613 0 0
10932.8 0 0 0 10425.9 630 0 0
10911.7 0 0 0 10425.9 604 0 0
10894.2 0 0 0 10425.9 580 0 0
10891.1 0 0 0 10425.9 561 0 0
10895.9 0 0 0 10425.9 614 0 0
10926.4 0 0 0 10425.9 644 0 0
10921.7 0 0 0 10425.9 618 0 0
11061.4 0 0 0 10425.9 613 0 0
11129.7 0 0 0 10425.9 622 0 0
11194.1 0 0 0 10425.9 640 0 0
11155.2 0 0 0 10425.9 560 0 0
11129.8 0 0 0 10425.9 577 0 0
11153.2 0 0 0 10425.9 606 0 0
11317.5 0 0 0 10425.9 616 0 0
11303.9 0 0 0 10425.9 547 0 0
11296.1 0 0 0 10425.9 575 0 0
11111.8 0 0 0 10425.9 485 0 0
11062.4 0 0 0 10425.9 591 0 0
11083.5 0 0 0 10425.9 606 0 0
11037.3 0 0 0 10425.9 570 0 0
11084.8 0 0 0 10425.9 595 0 0
11114 0 0 0 10425.9 628 0 0
11101.2 0 0 0 10425.9 572 0 0
11146.6 0 0 0 10425.9 610 0 0
11103.2 0 0 0 10425.9 565 0 0
11084.5 0 0 0 10425.9 640 0 0
11062.1 0 0 0 10425.9 596 0 0
10947.5 0 0 0 10425.9 501 0 0
10949.6 0 0 0 10425.9 636 0 0
10966.4 0 0 0 10425.9 661 0 0
10967.5 0 0 0 10425.9 574 0 0
10930.9 0 0 0 10425.9 544 0 0
10915.6 0 0 0 10425.9 597 0 0
10896.6 0 0 0 10425.9 604 0 0
10930.9 0 0 0 10425.9 591 0 0
10927 0 0 0 10425.9 579 0 0
11096.1 0 0 0 10425.9 614 0 0
11145.2 0 0 0 10425.9 645 0 0
11111.8 0 0 0 10425.9 579 0 0
11149.5 0 0 0 10425.9 625 0 0
11029 0 0 0 10425.9 490 0 0
11022.1 0 0 0 10425.9 636 0 0
11021.8 0 0 0 10425.9 564 0 0
11007.8 0 0 0 10425.9 574 0 0
11015.5 0 0 0 10425.9 593 0 0
10990 0 0 0 10425.9 612 0 0
10969.5 0 0 0 10425.9 580 0 0
11082 0 0 0 10425.9 631 0 0
11065.7 0 0 0 10425.9 631 0 0
11063.4 0 0 0 10425.9 659 0 0
11108 0 0 0 10425.9 610 0 0
11165.1 0 0 0 10425.9 620 0 0
11203.5 0 0 0 10425.9 637 0 0
11248.3 0 0 0 10425.9 625 0 0
11277.4 0 0 0 10425.9 628 0 0
11267.1 0 0 0 10425.9 573 0 0
11274 0 0 0 10425.9 614 0 0
11125.5 0 0 0 10425.9 572 0 0
11161.2 0 0 0 10425.9 628 0 0
11183.2 0 0 0 10425.9 647 0 0
11297.5 0 0 0 10425.9 590 0 0
11296.8 0 0 0 10425.9 627 0 0
11352.2 0 0 0 10425.9 626 0 0
11330.4 0 0 0 10425.9 658 0 0
11363.4 0 0 0 10425.9 617 0 0
11370.9 0 0 0 10425.9 609 0 0
11379 0 0 0 10425.9 586 0 0
11360.9 0 0 0 10425.9 615 0 0
11360 0 0 0 10425.9 618 0 0
11351.2 0 0 0 10425.9 677 0 0
11311.7 0 0 0 10425.9 566 0 0
11318 0 0 0 10425.9 614 0 0
11309 0 0 0 10425.9 609 0 0
11330 0 0 0 10425.9 661 0 0
11283 0 0 0 10425.9 560 0 0
11296.1 0 0 0 10425.9 582 0 0
11279.5 0 0 0 10425.9 612 0 0
11277.9 0 0 0 10425.9 533 0 0
11184.5 0 0 0 10425.9 513 0 0
11064.8 0 0 0 10425.9 510 0 0
10996.9 0 0 0 10425.9 508 0 0
11001.5 0 0 0 10425.9 613 0 0
10968.4 0 0 0 10425.9 571 0 0
11018.3 0 0 0 10425.9 614 0 0
11004.9 0 0 0 10425.9 603 0 0
11032.5 0 0 0 10425.9 647 0 0
10985 0 0 0 10425.9 534 0 0
11004.5 0 0 0 10425.9 638 0 0
11035 0 0 0 10425.9 667 0 0
10998.4 0 0 0 10425.9 614 0 0
10942 0 0 0 10425.9 505 0 0
10909.2 0 0 0 10425.9 574 0 0
10925.2 0 0 0 10425.9 622 0 0
10798.1 0 0 0 10425.9 548 0 0
10766.4 0 0 0 10425.9 536 0 0
10773 0 0 0 10425.9 596 0 0
10797.8 0 0 0 10425.9 579 0 0
10955.1 0 0 0 10425.9 26 0 0
11028.6 0 0 0 10425.9 25 0 0
11153.4 0 0 0 10425.9 26 0 0
11278.1 0 0 0 10425.9 26 0 0
11122.8 0 0 0 10425.9 20 0 0
11187.8 0 0 0 10425.9 26 0 0
11144.1 0 0 0 10425.9 22 0 0
11051.1 0 0 0 10425.9 22 0 0
11052 0 0 0 10425.9 25 0 0
11098 0 0 0 10425.9 26 0 0
10994.8 0 0 0 10425.9 21 0 0
10947.3 0 0 0 10425.9 25 0 0
10911.2 0 0 0 10425.9 24 0 0
11035.4 0 0 0 10425.9 25 0 0
11062.3 0 0 0 10425.9 26 0 0
11069 0 0 0 10425.9 25 0 0
11180 0 0 0 10425.9 25 0 0
11242.8 0 0 0 10425.9 26 0 0
11206.2 0 0 0 10425.9 25 0 0
11207.6 0 0 0 10425.9 25 0 0
11041.1 0 0 0 10425.9 20 0 0
11025 0 0 0 10425.9 26 0 0
10991 0 0 0 10425.9 25 0 0
10956.3 0 0 0 10425.9 25 0 0
11096.6 0 0 0 10425.9 25 0 0
11079.9 0 0 0 10425.9 24 0 0
11130 0 0 0 10425.9 16 0 0
11120.9 0 0 0 10425.9 0 0 0
11030.9 0 0 0 10425.9 487 0 0
10955.6 0 0 0 10425.9 496 0 0
10979.5 0 0 0 10425.9 542 0 0
10978.9 0 0 0 10425.9 588 0 0
11045.2 0 0 0 10425.9 634 0 0
11009.5 0 0 0 10425.9 583 0 0
11040.9 0 0 0 10425.9 615 0 0
10993 0 0 0 10425.9 584 0 0
10950 0 0 0 10425.9 589 0 0
10904.9 0 0 0 10425.9 552 0 0
10930.5 0 0 0 10425.9 588 0 0
10887.8 0 0 0 10425.9 607 0 0
10988.6 0 0 0 10425.9 589 0 0
10887.8 0 0 0 10425.9 512 0 0
10781 0 0 0 10425.9 501 0 0
10778.3 0 0 0 10425.9 584 0 0
10761.5 0 0 0 10425.9 573 0 0
10714.9 0 0 0 10425.9 568 0 0
10705.9 0 0 0 10425.9 617 0 0
10795.4 0 0 0 10425.9 592 0 0
10877 0 0 0 10425.9 640 0 0
10950.3 0 0 0 10425.9 579 0 0
11031.5 0 0 0 10425.9 626 0 0
11057.4 0 0 0 10425.9 611 0 0
11041.6 0 0 0 10425.9 604 0 0
11004.5 0 0 0 10425.9 552 0 0
10887.6 0 0 0 10425.9 533 0 0
10899 0 0 0 10425.9 597 0 0
10912.1 0 0 0 10425.9 618 0 0
10977.8 0 0 0 10425.9 641 0 0
10957.9 0 0 0 10425.9 566 0 0
11000.6 0 0 0 10425.9 640 0 0
11035 0 0 0 10425.9 620 0 0
11037.8 0 0 0 10425.9 478 0 0
11123.2 0 0 0 10425.9 572 0 0
11150.2 0 0 0 10425.9 625 0 0
11180.8 0 0 0 10425.9 625 0 0
11215 0 0 0 10425.9 602 0 0
11112.5 0 0 0 10425.9 532 0 0
11117.6 0 0 0 10425.9 596 0 0
11062.7 0 0 0 10425.9 571 0 0
11052.4 0 0 0 10425.9 565 0 0
11035.9 0 0 0 10425.9 593 0 0
11003.4 0 0 0 10425.9 570 0 0
11023.5 0 0 0 10425.9 622 0 0
11092.8 0 0 0 10425.9 614 0 0
11167.8 0 0 0 10425.9 583 0 0
11136 0 0 0 10425.9 558 0 0
11130.5 0 0 0 10425.9 607 0 0
11075.8 0 0 0 10425.9 566 0 0
11110.5 0 0 0 10425.9 598 0 0
11092.9 0 0 0 10425.9 619 0 0
11091.6 0 0 0 10425.9 617 0 0
11213 0 0 0 10425.9 589 0 0
11084.9 0 0 0 10425.9 562 0 0
11029 0 0 0 10425.9 569 0 0
11052.1 0 0 0 10425.9 648 0 0
11083.7 0 0 0 10425.9 675 0 0
11196.9 0 0 0 10425.9 636 0 0
11223.9 0 0 0 10425.9 619 0 0
11251.5 0 0 0 10425.9 612 0 0
11305.4 0 0 0 10425.9 616 0 0
11355.5 0 0 0 10425.9 643 0 0
11378.8 0 0 0 10425.9 595 0 0
11404.4 0 0 0 10425.9 656 0 0
11385.6 0 0 0 10425.9 604 0 0
11432.1 0 0 0 10425.9 651 0 0
11479.1 0 0 0 10425.9 620 0 0
11462.5 0 0 0 10425.9 592 0 0
11483.9 0 0 0 10425.9 608 0 0
11501.2 0 0 0 10425.9 602 0 0
11282.5 0 0 0 10425.9 376 0 0
11296.2 0 0 0 10425.9 620 0 0
11303.6 0 0 0 10425.9 583 0 0
11498.4 0 0 0 10425.9 637 0 0
11578 0 0 0 10425.9 670 0 0
11561.5 0 0 0 10425.9 634 0 0
11522.7 0 0 0 10425.9 615 0 0
11466 0 0 0 10425.9 561 0 0
11483.1 0 0 0 10425.9 640 0 0
11516 0 0 0 10425.9 624 0 0
11538.5 0 0 0 10425.9 639 0 0
11500 0 0 0 10425.9 613 0 0
11502.4 0 0 0 10425.9 591 0 0
11427.1 0 0 0 10425.9 612 0 0
11261.2 0 0 0 10425.9 471 0 0
11124.5 0 0 0 10425.9 488 0 0
11122.1 0 0 0 10425.9 617 0 0
11130.3 0 0 0 10425.9 600 0 0
11120.4 0 0 0 10425.9 572 0 0
11141 0 0 0 10425.9 625 0 0
11380.5 0 0 0 10425.9 626 0 0
11390.1 0 0 0 10425.9 667 0 0
11338.8 0 0 0 10425.9 550 0 0
11211.4 0 0 0 10425.9 509 0 0
11093.9 0 0 0 10425.9 522 0 0
11033 0 0 0 10425.9 566 0 0
10997.6 0 0 0 10425.9 578 0 0
11075 0 0 0 10425.9 633 0 0
11057.8 0 0 0 10425.9 608 0 0
11024.9 0 0 0 10425.9 605 0 0
10935.8 0 0 0 10425.9 537 0 0
10962.4 0 0 0 10425.9 623 0 0
10954.2 0 0 0 10425.9 608 0 0
10809.6 0 0 0 10425.9 524 0 0
10987 0 0 0 10425.9 618 0 0
11017.4 0 0 0 10425.9 643 0 0
10932.6 0 0 0 10425.9 529 0 0
10920.6 0 0 0 10425.9 572 0 0
10794.5 0 0 0 10425.9 439 0 0
10667.8 0 0 0 10425.9 556 0 0
10636.8 0 0 0 10425.9 615 0 0
10616.9 0 0 0 10425.9 632 0 0
10617.1 0 0 0 10425.9 550 0 0
10621 0 0 0 10425.9 511 0 0
10652.1 0 0 0 10425.9 560 0 0
10644.9 0 0 0 10425.9 557 0 0
10630.9 0 0 0 10425.9 556 0 0
10576.5 0 0 0 10425.9 588 0 0
10599.5 0 0 0 10425.9 638 0 0
10608.1 0 0 0 10425.9 599 0 0
10664.3 0 0 0 10425.9 607 0 0
10662.5 0 0 0 10425.9 639 0 0
10659.5 0 0 0 10425.9 595 0 0
10811 0 0 0 10425.9 603 0 0
10730.9 0 0 0 10425.9 555 0 0
10610.9 0 0 0 10425.9 501 0 0
10720.6 0 0 0 10425.9 651 0 0
10720.2 0 0 0 10425.9 578 0 0
10838.5 0 0 0 10425.9 568 0 0
10932.5 0 0 0 10425.9 604 0 0
10954.1 0 0 0 10425.9 628 0 0
10906.4 0 0 0 10425.9 574 0 0
10934 0 0 0 10425.9 581 0 0
11025.9 0 0 0 10425.9 612 0 0
11066.4 0 0 0 10425.9 615 0 0
11145 0 0 0 10425.9 653 0 0
11204.7 0 0 0 10425.9 615 0 0
11209.5 0 0 0 10425.9 580 0 0
11186.8 0 0 0 10425.9 615 0 0
11128.2 0 0 0 10425.9 592 0 0
11111.7 0 0 0 10425.9 582 0 0
11035.5 0 0 0 10425.9 567 0 0
11054.8 0 0 0 10425.9 635 0 0
11082.4 0 0 0 10425.9 629 0 0
11012.6 0 0 0 10425.9 513 0 0
11191.9 0 0 0 10425.9 588 0 0
11182 0 0 0 10425.9 638 0 0
11225 0 0 0 10425.9 624 0 0
10877.7 0 0 0 10425.9 1835 0 0
10884.8 0 0 0 10425.9 590 0 0
10879.8 0 0 0 10425.9 618 0 0
10876.4 0 0 0 10425.9 560 0 0
10886.5 0 0 0 10425.9 580 0 0
10865.9 0 0 0 10425.9 596 0 0
10901.8 0 0 0 10425.9 654 0 0
10754.8 0 0 0 10425.9 475 0 0
10449.3 0 0 0 10425.9 297 0 0
10428.8 0 0 0 10425.9 560 0 0
10401.4 0 0 0 10425.9 593 0 0
10466.7 0 0 0 10425.9 619 0 0
10478 0 0 0 10425.9 610 0 0
10521.9 0 0 0 10425.9 605 0 0
10507 0 0 0 10425.9 603 0 0
10504.5 0 0 0 10425.9 628 0 0
10593.2 0 0 0 10425.9 554 0 0
10500.3 0 0 0 10425.9 496 0 0
10519.1 0 0 0 10425.9 646 0 0
10490.9 0 0 0 10425.9 588 0 0
10666.2 0 0 0 10425.9 400 0 0
10571.6 0 0 0 10425.9 528 0 0
10578.4 0 0 0 10425.9 647 0 0
10609.7 0 0 0 10425.9 593 0 0
10616.5 0 0 0 10425.9 588 0 0
10617 0 0 0 10425.9 585 0 0
10573.9 0 0 0 10425.9 582 0 0
10681.1 0 0 0 10425.9 577 0 0
10968 0 0 0 10425.9 585 0 0
10959.6 0 0 0 10425.9 552 0 0
10990.2 0 0 0 10425.9 641 0 0
10933.6 0 0 0 10425.9 562 0 0
10922.4 0 0 0 10425.9 594 0 0
10912 0 0 0 10425.9 613 0 0
10928.9 0 0 0 10425.9 626 0 0
10914.8 0 0 0 10425.9 601 0 0
10834 0 0 0 10425.9 492 0 0
10936 0 0 0 10425.9 586 0 0
10950.2 0 0 0 10425.9 650 0 0
10926.6 0 0 0 10425.9 566 0 0
11008.5 0 0 0 10425.9 547 0 0
11053.8 0 0 0 10425.9 571 0 0
10942 0 0 0 10425.9 510 0 0
10891.4 0 0 0 10425.9 551 0 0
10830.5 0 0 0 10425.9 524 0 0
10809 0 0 0 10425.9 560 0 0
10800.7 0 0 0 10425.9 581 0 0
10805.3 0 0 0 10425.9 594 0 0
10768.9 0 0 0 10425.9 566 0 0
10739.2 0 0 0 10425.9 525 0 0
10651.9 0 0 0 10425.9 531 0 0
10601 0 0 0 10425.9 540 0 0
10525.5 0 0 0 10425.9 508 0 0
10477 0 0 0 10425.9 542 0 0
10461.5 0 0 0 10425.9 600 0 0
10414.6 0 0 0 10425.9 546 0 0
10511.5 0 0 0 10425.9 574 0 0
10467.2 0 0 0 10425.9 551 0 0
10330.2 0 0 0 10425.9 522 0 0
10277.1 0 0 0 10425.9 530 0 0
10294.2 0 0 0 10425.9 494 0 0
10181.4 0 0 0 10425.9 527 0 0
10302.4 0 0 0 10425.9 625 0 0
10327 0 0 0 10425.9 557 0 0
10394 0 0 0 10425.9 588 0 0
10437.6 0 0 0 10425.9 591 0 0
10476 0 0 0 10425.9 633 0 0
10449.1 0 0 0 10425.9 570 0 0
10357.4 0 0 0 10425.9 571 0 0
10440.1 0 0 0 10425.9 615 0 0
10494 0 0 0 10425.9 598 0 0
10614 0 0 0 10425.9 626 0 0
10713.1 0 0 0 10425.9 609 0 0
10818.4 0 0 0 10425.9 645 0 0
10844.1 0 0 0 10425.9 614 0 0
10851.6 0 0 0 10425.9 564 0 0
10877.1 0 0 0 10425.9 600 0 0
10898.6 0 0 0 10425.9 572 0 0
10824.2 0 0 0 10425.9 478 0 0
10837.9 0 0 0 10425.9 537 0 0
10905.9 0 0 0 10425.9 576 0 0
11018.1 0 0 0 10425.9 551 0 0
10958 0 0 0 10425.9 568 0 0
10873.3 0 0 0 10425.9 497 0 0
10864.5 0 0 0 10425.9 594 0 0
10799.5 0 0 0 10425.9 528 0 0
10739.7 0 0 0 10425.9 557 0 0
10713 0 0 0 10425.9 542 0 0
10774.8 0 0 0 10425.9 531 0 0
10726.3 0 0 0 10425.9 581 0 0
10732 0 0 0 10425.9 608 0 0
10700.7 0 0 0 10425.9 599 0 0
10672.2 0 0 0 10425.9 591 0 0
10573.6 0 0 0 10425.9 552 0 0
10481.5 0 0 0 10425.9 532 0 0
10463.7 0 0 0 10425.9 544 0 0
10398.4 0 0 0 10425.9 539 0 0
10343.9 0 0 0 10425.9 531 0 0
10418 0 0 0 10425.9 525 0 0
10307.1 0 0 0 10425.9 454 0 0
10320.4 0 0 0 10425.9 589 0 0
10186.5 0 0 0 10425.9 527 0 0
10179.3 0 0 0 10425.9 562 0 0
10294.9 0 0 0 10425.9 603 0 0
10253.3 0 0 0 10425.9 537 0 0
10247.8 0 0 0 10425.9 541 0 0
10215.8 0 0 0 10425.9 533 0 0
10178.5 0 0 0 10425.9 505 0 0
10160 0 0 0 10425.9 521 0 0
10171.1 0 0 0 10425.9 567 0 0
10174.1 0 0 0 10425.9 595 0 0
10146.1 0 0 0 10425.9 571 0 0
10150.8 0 0 0 10425.9 595 0 0
10172 0 0 0 10425.9 572 0 0
10224 0 0 0 10425.9 586 0 0
10221.5 0 0 0 10425.9 544 0 0
10205.3 0 0 0 10425.9 543 0 0
10213.4 0 0 0 10425.9 546 0 0
10190.4 0 0 0 10425.9 574 0 0
10351.7 0 0 0 10425.9 581 0 0
10330.9 0 0 0 10425.9 556 0 0
10500.7 0 0 0 10425.9 586 0 0
10373 0 0 0 10425.9 446 0 0
10336.9 0 0 0 10425.9 562 0 0
10304 0 0 0 10425.9 516 0 0
10272 0 0 0 10425.9 501 0 0
10254.3 0 0 0 10425.9 508 0 0
10334.6 0 0 0 10425.9 596 0 0
10387.1 0 0 0 10425.9 561 0 0
10373.6 0 0 0 10425.9 563 0 0
10338.2 0 0 0 10425.9 552 0 0
10323.5 0 0 0 10425.9 552 0 0
10231.1 0 0 0 10425.9 495 0 0
10198.4 0 0 0 10425.9 538 0 0
10130.1 0 0 0 10425.9 512 0 0
10142.8 0 0 0 10425.9 570 0 0
10173.8 0 0 0 10425.9 552 0 0
10179.9 0 0 0 10425.9 629 0 0
10258.6 0 0 0 10425.9 574 0 0
10206.4 0 0 0 10425.9 528 0 0
10166.9 0 0 0 10425.9 514 0 0
10096 0 0 0 10425.9 519 0 0
10196.7 0 0 0 10425.9 527 0 0
10055.5 0 0 0 10425.9 439 0 0
10058.1 0 0 0 10425.9 514 0 0
10084.5 0 0 0 10425.9 518 0 0
10162.6 0 0 0 10425.9 605 0 0
10126.3 0 0 0 10425.9 530 0 0
10137.9 0 0 0 10425.9 573 0 0
10127.8 0 0 0 10425.9 547 0 0
10147 0 0 0 10425.9 591 0 0
10126.9 0 0 0 10425.9 537 0 0
10142.3 0 0 0 10425.9 515 0 0
10151.3 0 0 0 10425.9 548 0 0
10201 0 0 0 10425.9 579 0 0
10204.8 0 0 0 10425.9 542 0 0
10105.9 0 0 0 10425.9 537 0 0
10153.8 0 0 0 10425.9 579 0 0
10184.9 0 0 0 10425.9 616 0 0
10198.5 0 0 0 10425.9 548 0 0
10235.4 0 0 0 10425.9 548 0 0
10284 0 0 0 10425.9 569 0 0
10303.1 0 0 0 10425.9 554 0 0
10430.2 0 0 0 10425.9 547 0 0
10341.2 0 0 0 10425.9 451 0 0
10391.9 0 0 0 10425.9 573 0 0
10419.2 0 0 0 10425.9 618 0 0
10429.2 0 0 0 10425.9 540 0 0
10357.3 0 0 0 10425.9 499 0 0
10342 0 0 0 10425.9 534 0 0
10332.6 0 0 0 10425.9 576 0 0
10262 0 0 0 10425.9 500 0 0
10254.7 0 0 0 10425.9 502 0 0
10283 0 0 0 10425.9 575 0 0
10294.8 0 0 0 10425.9 581 0 0
10303.9 0 0 0 10425.9 576 0 0
10447.3 0 0 0 10425.9 603 0 0
10437.8 0 0 0 10425.9 585 0 0
10415 0 0 0 10425.9 614 0 0
10405.7 0 0 0 10425.9 529 0 0
10390 0 0 0 10425.9 543 0 0
10375 0 0 0 10425.9 558 0 0
10400.2 0 0 0 10425.9 586 0 0
10416.2 0 0 0 10425.9 573 0 0
10599.2 0 0 0 10425.9 606 0 0
10614.5 0 0 0 10425.9 606 0 0
10590.2 0 0 0 10425.9 592 0 0
10535.4 0 0 0 10425.9 515 0 0
10619.8 0 0 0 10425.9 605 0 0
10550.6 0 0 0 10425.9 547 0 0
10441.3 0 0 0 10425.9 523 0 0
10573.5 0 0 0 10425.9 588 0 0
10631.6 0 0 0 10425.9 560 0 0
10611 0 0 0 10425.9 562 0 0
10604.5 0 0 0 10425.9 575 0 0
10604.4 0 0 0 10425.9 581 0 0
10579.9 0 0 0 10425.9 570 0 0
10532.5 0 0 0 10425.9 531 0 0
10538.2 0 0 0 10425.9 618 0 0
10545.3 0 0 0 10425.9 536 0 0
10527.1 0 0 0 10425.9 516 0 0
10532.8 0 0 0 10425.9 558 0 0
10528.6 0 0 0 10425.9 580 0 0
10541.7 0 0 0 10425.9 577 0 0
10475.2 0 0 0 10425.9 539 0 0
10401 0 0 0 10425.9 528 0 0
10233.5 0 0 0 10425.9 433 0 0
10237.6 0 0 0 10425.9 508 0 0
10202.2 0 0 0 10425.9 548 0 0
10267.2 0 0 0 10425.9 530 0 0
10382 0 0 0 10425.9 585 0 0
10368.2 0 0 0 10425.9 587 0 0
10401.4 0 0 0 10425.9 598 0 0
10401.9 0 0 0 10425.9 558 0 0
10393.1 0 0 0 10425.9 580 0 0
10146 0 0 0 10425.9 1218 0 0
9609.55 0 0 0 10425.9 1924 0 0
9117.75 0 0 0 10425.9 1936 0 0
8558.65 0 0 0 10425.9 1952 0 0
8046.05 0 0 0 10425.9 1323 0 0
