3587 1
3587 514
3588 2
3588 3004
3588 515
3588 3
3588 3178
3589 3179
3589 516
3589 4
3589 3180
3589 3181
3589 517
3590 5
3590 3182
3590 518
3590 6
3590 3183
3590 3184
3590 519
3591 3187
3591 7
3591 3188
3591 520
3591 3189
3591 8
3591 521
3592 3190
3592 9
3592 3191
3592 522
3592 3192
3592 10
3593 523
3593 3193
3593 3194
3593 11
3593 3195
3593 524
3594 12
3594 3196
3594 525
3594 3197
3594 13
3595 3198
3595 526
3595 3199
3595 14
3595 527
3595 3200
3595 15
3596 3201
3596 528
3596 16
3596 3202
3596 529
3596 3203
3597 17
3597 3204
3597 530
3597 18
3597 3205
3598 3206
3598 531
3598 3207
3598 19
3598 3208
3599 532
3599 3209
3599 20
3599 3210
3599 533
3599 21
3599 3211
3600 3212
3600 534
3600 22
3600 3213
3601 535
3601 3214
3601 23
3601 536
3601 3215
3601 24
3601 3216
3602 537
3602 3217
3602 25
3602 538
3602 3218
3603 3219
3603 26
3603 539
3603 27
3603 3220
3603 3221
3604 540
3604 28
3604 3222
3604 541
3604 3223
3604 29
3605 542
3605 3224
3605 30
3605 3225
3605 543
3605 3226
3606 31
3606 3227
3606 544
3606 3228
3606 32
3606 545
3606 3229
3606 33
3607 3230
3607 546
3607 3231
3607 34
3607 547
3607 3232
3608 35
3608 3233
3608 548
3608 36
3608 3234
3608 3235
3609 549
3609 3236
3609 37
3609 3237
3609 550
3609 3238
3609 38
3610 3239
3610 551
3610 3240
3610 39
3610 552
3610 3241
3611 40
3611 3242
3611 553
3611 41
3611 3243
3611 554
3612 3244
3612 42
3612 3245
3612 555
3612 3246
3612 43
3612 3247
3613 556
3613 3248
3613 44
3613 3249
3613 557
3613 3250
3613 45
3614 3251
3614 558
3614 3252
3614 46
3614 3253
3614 559
3614 47
3615 3254
3615 560
3615 3255
3615 48
3615 3256
3615 561
3616 3257
3616 49
3616 3258
3616 562
3616 3259
3616 50
3616 3260
3617 563
3617 3261
3617 51
3617 3262
3617 564
3617 3263
3617 52
3617 3264
3618 565
3618 53
3618 3265
3618 566
3618 3266
3618 54
3618 3267
3619 567
3619 3268
3619 55
3619 3269
3619 568
3619 3270
3620 56
3620 3271
3620 569
3620 3272
3620 57
3620 3273
3620 570
3621 58
3621 3274
3621 571
3621 3275
3621 59
3621 3276
3621 572
3622 3277
3622 60
3622 3278
3622 573
3622 61
3622 3279
3623 3280
3623 574
3623 62
3623 3281
3623 3282
3623 575
3623 63
3624 3283
3624 3284
3624 64
3624 576
3624 3285
3625 3286
3625 65
3625 577
3625 3287
3625 66
3625 3288
3626 578
3626 3289
3626 67
3626 3290
3626 579
3626 3291
3627 0
3627 68
3627 580
3627 3292
3627 69
3627 3293
3627 1856
3627 581
3628 3294
3628 70
3628 2128
3628 3295
3628 582
3628 71
3628 3296
3629 924
3629 72
3629 583
3629 3297
3629 925
3629 73
3629 3298
3630 584
3630 926
3630 3299
3630 74
3630 585
3630 3300
3630 927
3630 75
3631 586
3631 3301
3631 928
3631 3302
3631 76
3631 587
3631 929
3632 3303
3632 77
3632 588
3632 930
3632 78
3632 3304
3632 589
3632 931
3633 3305
3633 79
3633 590
3633 932
3633 3306
3633 80
3633 591
3633 3307
3634 933
3634 81
3634 592
3634 3308
3634 934
3634 3309
3634 82
3634 593
3635 935
3635 3310
3635 83
3635 594
3635 3311
3635 936
3635 84
3636 595
3636 3312
3636 937
3636 3313
3636 596
3636 85
3636 938
3636 3314
3637 597
3637 86
3637 3315
3637 939
3637 598
3637 3316
3637 87
3638 940
3638 3317
3638 599
3638 88
3638 3318
3638 941
3638 600
3638 89
3639 3319
3639 942
3639 601
3639 3320
3639 90
3639 943
3639 602
3640 3321
3640 91
3640 944
3640 3322
3640 603
3640 92
3640 3323
3640 945
3641 604
3641 3324
3641 93
3641 946
3641 3325
3641 94
3642 947
3642 605
3642 3326
3642 95
3642 606
3642 3327
3642 948
3643 3328
3643 96
3643 607
3643 949
3643 3329
3643 97
3643 608
3644 3330
3644 950
3644 98
3644 3331
3644 609
3644 951
3644 3332
3644 99
3645 610
3645 952
3645 3333
3645 100
3645 611
3645 3334
3645 953
3645 101
3646 612
3646 3335
3646 954
3646 3336
3646 102
3646 613
3646 955
3647 3337
3647 103
3647 614
3647 3338
3647 956
3647 104
3647 615
3647 3339
3648 957
3648 105
3648 3340
3648 616
3648 958
3648 3341
3648 106
3649 617
3649 3342
3649 959
3649 107
3649 3343
3649 618
3649 960
3649 3344
3650 108
3650 619
3650 3345
3650 961
3650 109
3650 3346
3650 620
3651 962
3651 3347
3651 110
3651 621
3651 963
3651 3348
3651 111
3651 622
3652 3349
3652 964
3652 112
3652 3350
3652 623
3652 965
3652 113
3653 3351
3653 624
3653 966
3653 3352
3653 114
3653 625
3653 3353
3653 967
3654 115
3654 3354
3654 626
3654 968
3654 116
3654 3355
3654 627
3655 969
3655 3356
3655 117
3655 628
3655 970
3655 3357
3655 118
3655 629
3656 3358
3656 971
3656 119
3656 3359
3656 630
3656 972
3656 3360
3657 120
3657 631
3657 3361
3657 973
3657 121
3657 3362
3657 632
3657 974
3658 122
3658 3363
3658 633
3658 975
3658 3364
3658 123
3658 634
3659 976
3659 3365
3659 124
3659 635
3659 3366
3659 977
3659 125
3660 3367
3660 636
3660 978
3660 3368
3660 126
3660 637
3660 3369
3660 979
3661 127
3661 3370
3661 638
3661 980
3661 3371
3661 639
3661 128
3662 3372
3662 981
3662 640
3662 3373
3662 129
3662 982
3662 3374
3662 641
3663 130
3663 3375
3663 983
3663 642
3663 3376
3663 131
3663 984
3664 3377
3664 643
3664 132
3664 3378
3664 985
3664 644
3664 3379
3664 133
3665 986
3665 645
3665 3380
3665 134
3665 987
3665 646
3665 3381
3666 135
3666 988
3666 3382
3666 647
3666 136
3666 989
3666 3383
3666 648
3667 137
3667 3384
3667 990
3667 649
3667 3385
3667 138
3667 991
3668 650
3668 3386
3668 139
3668 992
3668 3387
3668 651
3668 140
3668 3388
3668 993
3669 652
3669 3389
3669 141
3669 994
3669 653
3669 3390
3669 142
3670 995
3670 3391
3670 654
3670 143
3670 3392
3670 996
3670 655
3670 3393
3671 144
3671 997
3671 3394
3671 656
3671 145
3671 998
3671 3395
3672 657
3672 146
3672 3396
3672 999
3672 3397
3672 3559
3672 147
3672 1000
3673 3398
3673 3560
3673 148
3673 1001
3673 3399
3673 3561
3673 149
3674 3400
3674 1002
3674 3562
3674 3401
3674 150
3674 3563
3674 1003
3674 3402
3675 151
3675 3564
3675 3403
3675 1004
3675 3565
3675 152
3675 3404
3675 1005
3676 3566
3676 3405
3676 153
3676 1006
3676 3567
3676 3406
3676 154
3677 3568
3677 1007
3677 3407
3677 3569
3677 155
3677 3408
3677 1008
3677 3570
3678 3409
3678 156
3678 1009
3678 3571
3678 3410
3678 157
3678 1010
3679 3572
3679 3411
3679 158
3679 3573
3679 1011
3679 3412
3679 3574
3679 159
3680 1012
3680 3413
3680 3575
3680 160
3680 3414
3680 1013
3680 3576
3681 3415
3681 161
3681 3577
3681 1014
3681 3416
3681 3578
3681 162
3681 1015
3682 3417
3682 3579
3682 163
3682 3418
3682 1016
3682 3580
3682 3419
3683 164
3683 1017
3683 3581
3683 3420
3683 165
3683 1018
3683 3582
3683 3421
3684 166
3684 3583
3684 1019
3684 3422
3684 3584
3684 167
3684 3423
3684 1020
3685 3585
3685 3424
3685 168
3685 1021
3685 3586
3685 3425
3685 169
3686 3587
3686 1022
3686 3426
3686 3588
3686 170
3686 3427
3686 1023
3687 3589
3687 3428
3687 171
3687 1024
3687 3590
3687 3429
3687 172
3687 1025
3688 3591
3688 3430
3688 173
3688 3592
3688 1026
3688 3431
3688 174
3689 3593
3689 1027
3689 3432
3689 175
3689 3594
3689 3433
3689 1028
3689 176
3690 3595
3690 3434
3690 1029
3690 3596
3690 177
3690 3435
3690 3597
3691 1030
3691 3436
3691 178
3691 3598
3691 3437
3691 1031
3691 3599
3691 179
3692 3438
3692 1032
3692 3600
3692 180
3692 3439
3692 1033
3692 3601
3693 181
3693 3440
3693 1034
3693 3602
3693 182
3693 3441
3693 1035
3693 3603
3694 183
3694 3442
3694 1036
3694 3604
3694 3443
3694 184
3694 1037
3695 3605
3695 3444
3695 185
3695 3606
3695 1038
3695 3445
3695 3607
3695 186
3696 3446
3696 1039
3696 3608
3696 3447
3696 187
3696 3609
3696 1040
3696 3448
3697 3610
3697 188
3697 1041
3697 3449
3697 3611
3697 189
3697 3450
3698 1042
3698 3612
3698 190
3698 3451
3698 1043
3698 3613
3698 3452
3698 191
3699 1044
3699 3614
3699 3453
3699 192
3699 3615
3699 1045
3700 193
3700 3616
3700 3454
3700 1046
3700 3617
3700 194
3700 3455
3700 3618
3700 1047
3701 3456
3701 195
3701 1048
3701 3619
3701 3457
3701 196
3701 3620
3702 1049
3702 3458
3702 3621
3702 197
3702 1050
3702 3459
3702 3622
3703 198
3703 3460
3703 1051
3703 3623
3703 199
3703 3461
3703 1052
3703 3462
3704 200
3704 1053
3704 3624
3704 3463
3704 201
3704 3464
3704 1054
3705 3625
3705 202
3705 3465
3705 1055
3705 3466
3705 3626
3705 203
3706 1056
3706 3467
3706 3627
3706 3468
3706 204
3706 1057
3706 3469
3707 205
3707 3470
3707 1058
3707 3628
3707 206
3707 3471
3707 1059
3708 3472
3708 3629
3708 207
3708 1060
3708 3473
3708 3630
3708 208
3709 3474
3709 1061
3709 3475
3709 3631
3709 209
3709 3476
3709 1062
3710 210
3710 3632
3710 3477
3710 1063
3710 3478
3710 211
3710 3633
3711 3479
3711 1064
3711 212
3711 3480
3711 3634
3711 1065
3711 3481
3711 213
3712 3482
3712 3635
3712 1066
3712 214
3712 3483
3712 3636
3713 1067
3713 3484
3713 215
3713 3485
3713 3637
3713 1068
3713 216
3713 3486
3714 3638
3714 1069
3714 3487
3714 217
3714 1070
3714 3488
3714 3639
3715 218
3715 3489
3715 1071
3715 3490
3715 3640
3715 219
3715 1072
3716 3491
3716 3641
3716 220
3716 3492
3716 1073
3716 3493
3716 3642
3717 221
3717 1074
3717 3494
3717 3643
3717 1075
3717 222
3717 3495
3718 1076
3718 3644
3718 223
3718 3496
3718 1077
3718 3497
3718 3645
3719 224
3719 1078
3719 3498
3719 3646
3719 225
3719 3499
3719 1079
3719 3500
3720 3647
3720 226
3720 1080
3720 3501
3720 3648
3720 227
3720 3502
3721 1081
3721 3503
3721 3649
3721 228
3721 1082
3721 3504
3721 3650
3722 229
3722 3505
3722 1083
3722 3506
3722 3651
3722 230
3722 1084
3723 3507
3723 3652
3723 3508
3723 231
3723 1085
3723 3509
3723 3653
3724 232
3724 3510
3724 1086
3724 3511
3724 233
3724 3654
3724 1087
3725 3512
3725 234
3725 3513
3725 3655
3725 1088
3725 235
3725 3514
3726 3656
3726 1089
3726 3515
3726 236
3726 3516
3726 3657
3726 1090
3727 237
3727 3517
3727 3658
3727 3518
3727 1091
3727 238
3727 3519
3728 3659
3728 1092
3728 3520
3728 239
3728 3521
3728 3660
3728 1093
3728 240
3729 3522
3729 3661
3729 1094
3729 3523
3729 241
3729 3662
3729 3524
3730 1095
3730 242
3730 3525
3730 3663
3730 1096
3730 3526
3730 243
3731 3527
3731 3664
3731 1097
3731 244
3731 3528
3731 3665
3731 1098
3732 3529
3732 245
3732 3530
3732 3666
3732 1099
3732 3531
3732 246
3732 3532
3733 3667
3733 1100
3733 247
3733 3533
3733 1101
3734 3668
3734 3534
3734 248
3734 1102
3734 3535
3734 3669
3734 249
3734 3536
3735 1103
3735 250
3735 3670
3735 3537
3735 1104
3735 251
3735 3538
3736 3671
3736 1105
3736 3539
3736 252
3736 3540
3736 3672
3736 1106
3737 253
3737 3541
3737 3673
3737 1107
3737 3542
3737 254
3737 3543
3738 3674
3738 1108
3738 255
3738 3544
3738 3675
3738 1109
3738 3545
3739 256
3739 3546
3739 3676
3739 1110
3739 257
3739 3547
3739 1111
3740 3677
3740 258
3740 3548
3740 1112
3740 3549
3740 259
3740 3678
3741 3550
3741 1113
3741 260
3741 3551
3741 3679
3741 1114
3741 3552
3741 261
3742 3553
3742 3680
3742 1115
3742 262
3742 3554
3742 3681
3742 1116
3743 3555
3743 263
3743 3556
3743 3682
3743 1117
3743 3557
3743 264
3744 3558
3744 3683
3744 1118
3744 265
3744 2710
3745 1119
3745 3684
3745 266
3745 1120
3745 267
3745 3720
3746 3685
3746 1121
3746 268
3746 3721
3746 1122
3746 3686
3747 269
3747 3722
3747 1123
3747 270
3747 3687
3748 1124
3748 3723
3748 271
3748 1125
3748 3688
3748 272
3749 3724
3749 1126
3749 3689
3749 273
3749 1127
3749 3725
3750 274
3750 3690
3750 1128
3750 3726
3750 275
3751 1129
3751 3691
3751 276
3751 3727
3751 1130
3751 3692
3752 277
3752 1131
3752 3728
3752 278
3752 3693
3752 1132
3753 3729
3753 279
3753 1133
3753 3694
3753 280
3754 3730
3754 1134
3754 3695
3754 281
3754 1135
3754 3731
3755 282
3755 3696
3755 1136
3755 283
3755 3732
3755 1137
3756 3697
3756 284
3756 3733
3756 1138
3756 285
3756 3698
3757 1139
3757 3734
3757 286
3757 1140
3758 287
3758 3699
3758 3735
3758 1141
3758 288
3759 3700
3759 1142
3759 3736
3759 289
3759 1143
3759 3701
3759 290
3760 3737
3760 1144
3760 291
3760 3702
3760 1145
3760 3738
3761 292
3761 1146
3761 3703
3761 293
3761 3739
3761 1147
3762 294
3762 1148
3762 3704
3762 3740
3762 295
3763 1149
3763 3705
3763 296
3763 3741
3763 1150
3764 297
3764 3706
3764 1151
3764 3742
3764 298
3764 1152
3764 3707
3765 299
3765 3743
3765 1153
3765 300
3765 3708
3765 1154
3766 3744
3766 301
3766 1155
3766 3709
3766 302
3766 3745
3767 1156
3767 303
3767 3710
3767 1157
3767 3746
3767 304
3768 1158
3768 305
3768 3711
3768 3747
3768 1159
3768 306
3769 1160
3769 3712
3769 3748
3769 307
3769 1161
3770 3713
3770 308
3770 3749
3770 1162
3770 3714
3770 309
3771 1163
3771 3750
3771 310
3771 3715
3771 1164
3772 3751
3772 311
3772 1165
3772 3716
3772 312
3772 3752
3772 1166
3773 3717
3773 313
3773 1167
3773 3753
3774 314
3774 3718
3774 1168
3774 3754
3774 315
3774 3719
3775 1169
3775 3755
3775 316
3775 1170
3775 1545
3775 317
3776 3756
3776 1171
3776 1546
3776 318
3776 1172
3776 3757
3776 1547
3777 319
3777 1548
3777 1173
3777 3758
3777 320
3777 1549
3778 1174
3778 321
3778 3759
3778 1550
3778 1175
3778 322
3778 1551
3779 3760
3779 1176
3779 323
3779 1552
3779 1177
3779 324
3780 3761
3780 1553
3780 1178
3780 1554
3780 325
3780 3762
3780 1179
3780 1555
3781 326
3781 1180
3781 3763
3781 327
3781 1556
3781 1181
3782 3764
3782 1557
3782 328
3782 1182
3782 3765
3782 1558
3783 329
3783 1183
3783 1559
3783 3766
3783 330
3783 1184
3784 1560
3784 1185
3784 331
3784 3767
3784 1561
3784 1186
3785 332
3785 3768
3785 1562
3785 1187
3785 333
3785 1563
3785 3769
3786 1188
3786 334
3786 1564
3786 3770
3786 1189
3786 335
3787 1565
3787 3771
3787 1190
3787 336
3787 1566
3787 1191
3788 3772
3788 337
3788 1567
3788 1192
3788 338
3788 1568
3788 3773
3789 1193
3789 339
3789 1569
3789 1194
3789 3774
3789 340
3789 1195
3790 1570
3790 341
3790 1571
3790 1196
3790 3775
3790 342
3791 1572
3791 1197
3791 3776
3791 343
3791 1573
3791 1198
3792 344
3792 1574
3792 3777
3792 1199
3792 345
3792 1575
3793 1200
3793 3778
3793 346
3793 1576
3793 1201
3794 1577
3794 347
3794 3779
3794 1202
3794 1578
3794 348
3794 1203
3795 3780
3795 1579
3795 349
3795 1204
3795 1580
3795 3781
3795 350
3796 1205
3796 1581
3796 351
3796 3782
3796 1206
3796 1582
3796 352
3797 1583
3797 1207
3797 3783
3797 353
3797 1584
3797 1208
3798 354
3798 3784
3798 1585
3798 1209
3798 355
3798 1586
3798 3785
3799 1210
3799 356
3799 1587
3799 1211
3799 3786
3800 357
3800 1588
3800 1212
3800 358
3800 1589
3800 3787
3801 1213
3801 359
3801 1590
3801 3788
3801 1214
3801 360
3801 1591
3802 3789
3802 1215
3802 1592
3802 361
3802 3790
3802 1216
3803 362
3803 1593
3803 1217
3803 3791
3803 363
3803 1594
3804 1218
3804 3792
3804 364
3804 1595
3804 1219
3804 3793
3805 365
3805 1596
3805 1220
3805 366
3805 3794
3805 1221
3805 1597
3806 367
3806 3795
3806 1222
3806 1598
3806 368
3806 3796
3807 1223
3807 1599
3807 369
3807 3797
3807 1224
3807 1600
3808 370
3808 3798
3808 1225
3808 1601
3808 371
3808 3799
3808 1226
3809 1602
3809 372
3809 1227
3809 3800
3810 1603
3810 1228
3810 373
3810 1604
3810 3801
3810 1229
3810 374
3811 1605
3811 1230
3811 3802
3811 375
3811 1606
3811 1231
3812 3803
3812 376
3812 1607
3812 1232
3812 377
3812 3804
3812 1608
3813 1233
3813 378
3813 1609
3813 3805
3813 1234
3813 379
3814 1610
3814 3806
3814 1235
3814 380
3814 1611
3814 3807
3815 1236
3815 381
3815 1612
3815 1237
3815 3808
3815 382
3815 1613
3816 1238
3816 383
3816 3809
3816 1614
3816 1239
3816 384
3817 1615
3817 1240
3817 3810
3817 385
3817 1616
3817 1241
3817 386
3818 3811
3818 1617
3818 1242
3818 387
3818 1618
3818 3812
3819 1243
3819 388
3819 1619
3819 3813
3819 1244
3819 389
3820 1620
3820 1245
3820 3814
3820 390
3820 1621
3820 1246
3821 391
3821 3815
3821 1622
3821 1247
3821 392
3821 3816
3821 1623
3822 1248
3822 393
3822 3817
3822 1624
3822 1249
3822 394
3823 1625
3823 3818
3823 1250
3823 395
3823 1626
3823 1251
3823 3819
3824 396
3824 1627
3824 1252
3824 3820
3824 397
3824 1628
3825 1253
3825 398
3825 3821
3825 1629
3825 1254
3825 399
3826 3822
3826 1630
3826 1255
3826 400
3826 1631
3826 3823
3827 1256
3827 401
3827 1632
3827 1257
3827 3824
3827 402
3827 1633
3828 1258
3828 403
3828 3825
3828 1634
3828 1259
3828 404
3829 3826
3829 1635
3829 1260
3829 405
3829 3827
3829 1636
3829 1261
3830 406
3830 1637
3830 3828
3830 1262
3830 407
3830 1638
3831 1263
3831 3829
3831 408
3831 1639
3831 1264
3831 409
3832 3830
3832 1265
3832 1640
3832 410
3832 1266
3832 3831
3833 1641
3833 411
3833 1267
3833 1642
3833 412
3833 3832
3833 1268
3834 1643
3834 413
3834 1269
3834 3833
3834 1644
3834 414
3835 1270
3835 3834
3835 1645
3835 415
3835 1271
3836 1646
3836 416
3836 1272
3836 3835
3836 1647
3836 1273
3836 417
3837 3836
3837 1648
3837 418
3837 1274
3837 1649
3837 3837
3837 419
3838 1275
3838 1650
3838 420
3838 3838
3838 1276
3838 1651
3839 421
3839 3839
3839 1277
3839 1652
3839 422
3839 1278
3839 3840
3840 1653
3840 423
3840 1279
3840 3841
3840 1654
3840 424
3841 1280
3841 1655
3841 3842
3841 425
3841 1281
3841 1656
3841 426
3842 3843
3842 1282
3842 1657
3842 427
3842 1283
3842 1658
3843 3844
3843 428
3843 1284
3843 1659
3843 3845
3843 429
3844 1285
3844 1660
3844 3846
3844 430
3844 1286
3844 1661
3845 3847
3845 431
3845 1287
3845 1662
3845 3848
3845 432
3845 1288
3846 1663
3846 3849
3846 433
3846 1289
3846 1664
3846 3850
3847 434
3847 1290
3847 1665
3847 435
3847 3851
3847 1291
3847 1666
3848 436
3848 1292
3848 3852
3848 1667
3848 437
3848 1293
3849 1668
3849 3853
3849 438
3849 1294
3849 1669
3849 3854
3850 439
3850 1295
3850 1670
3850 3855
3850 440
3850 1296
3850 1671
3851 441
3851 3856
3851 1297
3851 1672
3851 442
3851 1298
3852 3857
3852 1673
3852 443
3852 1299
3852 3858
3852 1674
3853 444
3853 1300
3853 3859
3853 1675
3853 445
3853 1301
3854 1676
3854 3860
3854 446
3854 1302
3854 1677
3854 3861
3854 447
3855 1303
3855 1678
3855 3862
3855 448
3855 1304
3855 1679
3856 3863
3856 449
3856 1305
3856 1680
3856 450
3856 3864
3857 1306
3857 1681
3857 451
3857 1307
3857 3865
3857 1682
3857 452
3858 1308
3858 1683
3858 3866
3858 453
3858 1309
3859 1684
3859 454
3859 1310
3859 3867
3859 1685
3859 455
3859 1311
3860 3868
3860 1686
3860 456
3860 1312
3860 3869
3860 1687
3860 457
3861 1313
3861 3870
3861 1688
3861 458
3861 1314
3862 1689
3862 3871
3862 459
3862 1315
3862 1690
3862 1316
3863 460
3863 1691
3863 3872
3863 1317
3863 461
3863 1692
3863 1318
3864 3873
3864 462
3864 1693
3864 1319
3864 1694
3864 463
3864 3874
3865 1320
3865 1724
3865 464
3865 3875
3865 1321
3865 465
3866 2089
3866 1322
3866 3876
3866 466
3866 1323
3866 2672
3867 467
3867 3877
3867 1324
3867 468
3868 1701
3868 1325
3868 3878
3868 469
3868 1326
3868 2749
3868 470
3869 3879
3869 1327
3869 471
3869 2361
3869 1328
3869 3880
3869 472
3870 1329
3870 2633
3870 473
3870 3881
3870 1330
3871 2788
3871 474
3871 1331
3871 3882
3871 3021
3871 475
3871 1332
3872 3883
3872 476
3872 1333
3872 2943
3872 3884
3873 477
3873 1334
3873 1351
3873 478
3873 3885
3873 1335
3873 1352
3874 479
3874 1336
3874 3886
3874 480
3874 1353
3874 1337
3875 1354
3875 3887
3875 481
3875 1338
3875 1355
3875 3888
3876 482
3876 1339
3876 1356
3876 3889
3876 483
3876 1340
3876 1357
3877 3890
3877 484
3877 1341
3877 1358
3877 3891
3877 485
3878 1342
3878 1359
3878 3892
3878 486
3878 1343
3879 487
3879 1360
3879 3893
3879 1344
3879 488
3879 1361
3880 1345
3880 3894
3880 489
3880 1362
3880 1346
3881 3895
3881 490
3881 1347
3881 1363
3881 1364
3882 3896
3882 491
3882 1348
3882 1365
3882 492
3882 1349
3882 3897
3883 1366
3883 493
3883 1350
3883 1367
3883 3898
3883 494
3884 2516
3884 1368
3884 495
3884 3899
3884 3953
3884 496
3885 1369
3885 3900
3885 497
3885 1370
3885 1468
3886 3901
3886 498
3886 1371
3886 1469
3886 3902
3886 499
3887 1372
3887 1470
3887 1373
3887 1471
3887 500
3887 3903
3888 1374
3888 1472
3888 501
3888 1473
3888 3904
3888 1375
3889 502
3889 1474
3889 1376
3889 3905
3889 503
3889 1475
3889 1377
3890 1476
3890 504
3890 3906
3890 1477
3890 505
3891 1378
3891 3907
3891 1478
3891 1379
3891 506
3892 1380
3892 1479
3892 3908
3892 507
3892 1381
3892 1480
3893 3909
3893 508
3893 1382
3893 1481
3893 3910
3893 509
3894 1482
3894 1383
3894 3911
3894 510
3894 1483
3894 1384
3895 511
3895 1484
3895 3912
3895 1385
3895 512
3895 1485
3896 1386
3896 3913
3896 513
3896 1486
3896 1387
3896 3914
3897 658
3897 1487
3897 1388
3897 3915
3897 659
3898 1488
3898 1389
3898 660
3898 1489
3898 3916
3898 1390
3898 661
3899 1490
3899 1391
3899 3917
3899 662
3899 1491
3899 1392
3900 3918
3900 1492
3900 663
3900 1393
3900 664
3901 3919
3901 1493
3901 1394
3901 665
3901 3920
3901 1395
3902 1494
3902 666
3902 3921
3902 1396
3902 1495
3902 667
3903 3922
3903 1397
3903 1496
3903 668
3903 1398
3903 3923
3903 1497
3904 669
3904 1399
3904 1498
3904 3924
3904 670
3904 1400
3904 1499
3905 3925
3905 671
3905 1401
3905 1500
3905 672
3906 3926
3906 1501
3906 1402
3906 673
3906 1502
3906 3927
3906 1403
3907 674
3907 1404
3907 1503
3907 675
3908 3928
3908 1405
3908 1504
3908 676
3908 3929
3908 1406
3908 1505
3909 677
3909 3930
3909 1407
3909 678
3909 1506
3910 3931
3910 1408
3910 679
3910 1507
3910 1409
3910 3932
3910 680
3911 1508
3911 1410
3911 681
3911 3933
3911 1509
3911 1411
3912 1510
3912 3934
3912 682
3912 1412
3912 1511
3913 3935
3913 683
3913 1413
3913 1512
3913 684
3913 3936
3914 1414
3914 1513
3914 685
3914 3937
3914 1415
3914 1514
3915 686
3915 3938
3915 1416
3915 687
3915 1515
3915 3939
3916 1417
3916 1516
3916 688
3916 3940
3916 1418
3916 1517
3916 689
3917 3941
3917 1419
3917 690
3917 1518
3917 3942
3918 1420
3918 1519
3918 691
3918 1421
3918 3943
3918 1520
3919 692
3919 1422
3919 3944
3919 693
3919 1521
3919 1423
3920 3945
3920 1522
3920 694
3920 1424
3920 3946
3920 1523
3921 695
3921 1425
3921 3947
3921 1524
3921 696
3921 1426
3921 1525
3922 3948
3922 697
3922 1427
3922 1526
3922 698
3922 3949
3922 1428
3923 1527
3923 699
3923 1429
3923 3950
3923 1528
3923 700
3924 1430
3924 3951
3924 1529
3924 701
3924 1431
3924 3952
3925 1530
3925 702
3925 1432
3925 1531
3925 1449
3925 703
3925 1433
3926 1532
3926 704
3926 1450
3926 1434
3926 1533
3926 1451
3926 705
3927 1435
3927 1534
3927 706
3927 1452
3927 1436
3927 1535
3927 707
3927 1453
3928 1536
3928 1437
3928 1454
3928 1537
3928 708
3928 1438
3929 1455
3929 1538
3929 709
3929 1439
3929 1456
3929 1539
3929 710
3930 1440
3930 1457
3930 1540
3930 711
3930 1441
3930 1458
3930 1541
3930 712
3931 1442
3931 1542
3931 1459
3931 713
3931 1443
3931 1543
3931 714
3932 1460
3932 1544
3932 1444
3932 1461
3932 715
3932 1445
3933 3031
3933 1462
3933 1446
3933 716
3933 3162
3933 1463
3933 717
3934 1447
3934 1464
3934 2800
3934 718
3934 1448
3934 1465
3935 889
3935 719
3935 1466
3935 2734
3935 720
3935 890
3936 1467
3936 2108
3936 721
3936 891
3936 892
3937 2240
3937 722
3937 1845
3937 893
3937 723
3937 894
3938 2273
3938 724
3938 856
3938 895
3938 2306
3938 725
3939 857
3939 896
3939 726
3939 2372
3939 897
3939 858
3939 727
3939 859
3940 1713
3940 898
3940 728
3940 860
3940 899
3940 1910
3940 729
3941 861
3941 900
3941 730
3941 862
3941 2405
3941 901
3942 731
3942 863
3942 902
3942 2174
3942 732
3942 864
3942 903
3943 823
3943 904
3943 733
3943 865
3943 824
3943 905
3944 734
3944 866
3944 906
3944 825
3944 735
3944 867
3944 826
3945 907
3945 736
3945 868
3945 827
3945 908
3945 737
3945 869
3946 909
3946 828
3946 738
3946 870
3946 910
3946 829
3946 739
3947 871
3947 911
3947 830
3947 740
3947 912
3947 872
3948 831
3948 741
3948 913
3948 873
3948 832
3948 742
3948 914
3949 874
3949 833
3949 915
3949 743
3949 875
3949 834
3949 916
3950 744
3950 917
3950 876
3950 835
3950 745
3950 918
3950 877
3951 836
3951 746
3951 878
3951 919
3951 837
3951 747
3952 879
3952 920
3952 838
3952 748
3952 880
3952 921
3952 839
3952 749
3953 881
3953 922
3953 840
3953 750
3953 882
3953 923
3953 841
3954 751
3954 883
3954 842
3954 2932
3954 752
3954 884
3954 843
3955 885
3955 753
3955 3097
3955 844
3955 886
3955 754
3956 3064
3956 845
3956 755
3956 887
3956 846
3956 1812
3956 756
3957 888
3957 847
3957 2339
3957 757
3957 2602
3957 848
3958 758
3958 2009
3958 849
3958 2438
3958 759
3958 2207
3958 850
3959 760
3959 2536
3959 851
3959 3129
3959 761
3959 852
3959 2503
3960 2998
3960 762
3960 853
3960 2899
3960 763
3961 1943
3961 854
3961 2701
3961 764
3961 855
3961 2075
3961 2141
3962 765
3962 2635
3962 766
3962 2965
3962 2569
3962 2866
3963 767
3963 2042
3963 1976
3963 2767
3963 768
3964 2471
3964 1746
3964 769
3964 1878
3964 2833
3964 770
3965 2668
3965 1779
3965 790
3965 771
3966 791
3966 772
3966 792
3966 773
3966 793
3967 774
3967 794
3967 775
3967 795
3967 776
3968 796
3968 777
3968 797
3968 778
3969 798
3969 779
3969 799
3969 780
3969 800
3970 781
3970 801
3970 782
3970 802
3970 783
3971 803
3971 784
3971 804
3971 785
3971 805
3972 786
3972 806
3972 787
3972 807
3972 788
3973 808
3973 789
3973 809
3973 810
3974 2853
3974 3042
3974 2979
3974 811
3974 2822
3974 2790
3975 1753
3975 812
3975 2193
3975 2508
3975 813
3975 1973
3976 1848
3976 2727
3976 814
3976 2885
3976 2413
3977 2162
3977 815
3977 3073
3977 816
3977 3010
3977 1785
3978 2947
3978 817
3978 1879
3978 818
3978 2005
3978 2099
3979 1942
3979 819
3979 2130
3979 2665
3979 2256
3980 820
3980 2036
3980 821
3980 2570
3980 3105
3980 822
3980 2382
3981 2759
3981 2916
3981 1695
3981 1854
3981 3027
3982 1741
3982 1696
3982 2103
3982 1809
3982 2012
3983 1697
3983 2690
3983 2532
3983 1788
3983 1698
3984 2555
3984 2352
3984 2037
3984 1699
3984 2150
3985 2173
3985 2939
3985 1700
3985 2827
3985 2984
3985 1791
3986 1702
3986 2535
3986 3008
3986 2760
3986 1703
3987 2941
3987 3121
3987 2446
3987 1704
3987 2604
3988 2964
3988 2154
3988 1705
3988 2942
3988 2807
3988 2088
3989 1706
3989 2717
3989 1751
3989 2268
3989 1707
3990 2808
3990 2022
3990 3145
3990 1708
3990 2831
3991 2427
3991 2674
3991 1709
3991 2383
3991 1911
3992 2270
3992 1710
3992 2316
3992 2047
3992 1733
3993 1711
3993 2227
3993 2832
3993 2272
3993 1712
3994 3012
3994 1780
3994 2878
3994 1714
3994 2140
3994 2543
3995 1826
3995 2700
3995 1715
3995 3058
3995 1827
3995 1716
3996 2611
3996 2723
3996 1985
3996 1717
3996 2455
3997 2880
3997 2142
3997 1718
3997 2657
3997 3104
3998 3037
3998 1719
3998 3149
3998 2434
3998 3127
3999 1720
3999 2658
3999 2926
3999 1921
3999 1721
4000 2034
4000 1922
4000 1766
4000 1722
4000 2459
4001 2213
4001 2302
4001 1723
4001 1857
4001 2058
4001 2682
4002 1725
4002 1859
4002 2772
4002 1792
4003 1726
4003 3040
4003 2728
4003 2929
4003 1727
4003 2707
4004 3174
4004 1928
4004 1728
4004 3086
4004 2596
4004 1995
4005 1729
4005 1863
4005 2152
4005 1796
4005 1730
4006 2731
4006 1931
4006 2553
4006 1731
4006 3131
4007 2776
4007 2576
4007 1732
4007 1777
4007 2954
4008 1844
4008 1734
4008 2777
4008 2067
4008 2334
4009 1735
4009 2445
4009 1869
4009 2711
4009 1736
4010 3022
4010 2025
4010 2845
4010 1737
4010 3111
4010 2912
4011 1782
4011 1738
4011 2425
4011 3089
4011 2691
4012 1739
4012 1784
4012 2846
4012 3134
4012 1740
4013 2913
4013 3068
4013 2426
4013 1742
4013 2671
4014 2406
4014 1964
4014 1743
4014 2296
4014 3136
4015 2362
4015 1744
4015 2054
4015 2937
4015 2871
4016 1745
4016 2518
4016 1768
4016 2297
4016 1747
4017 2806
4017 1924
4017 2453
4017 1748
4018 1749
4018 2630
4018 3093
4018 1750
4018 2610
4018 1971
4019 3116
4019 1752
4019 3029
4019 2347
4019 2985
4020 1754
4020 2457
4020 2194
4020 2524
4021 1755
4021 3118
4021 2854
4021 1997
4021 1756
4022 2679
4022 2481
4022 2921
4022 1757
4023 2021
4023 2241
4023 2811
4023 1758
4023 1846
4024 2066
4024 2395
4024 1759
4024 2966
4024 3076
4025 2264
4025 1760
4025 2177
4025 2024
4025 3098
4026 1761
4026 1915
4026 2550
4026 2244
4027 1762
4027 2091
4027 2639
4027 3186
4028 1763
4028 2990
4028 2267
4028 2968
4028 1764
4028 2355
4029 2224
4029 1983
4029 1765
4029 2619
4029 2006
4030 2925
4030 1767
4030 3123
4030 2620
4030 2970
4031 1769
4031 2032
4031 2228
4031 1813
4032 1770
4032 2840
4032 2753
4032 1771
4033 1772
4033 2645
4033 2252
4033 2732
4033 1773
4034 2013
4034 2863
4034 1904
4034 1774
4035 2951
4035 2232
4035 2907
4035 1775
4035 2559
4036 2124
4036 1776
4036 1778
4036 2126
4037 1952
4037 2279
4037 1781
4037 2086
4038 2346
4038 3106
4038 1783
4038 2304
4038 3020
4039 2977
4039 1786
4039 2371
4039 2350
4039 2870
4040 1787
4040 2307
4040 2394
4040 2784
4040 1789
4041 1984
4041 2049
4041 3109
4041 1790
4042 2093
4042 2201
4042 2353
4042 1793
4042 2290
4043 2593
4043 2161
4043 1794
4043 2226
4044 1902
4044 2183
4044 1795
4044 2356
4044 1903
4045 2400
4045 1797
4045 2660
4045 2638
4045 2401
4046 2014
4046 2703
4046 1798
4046 1842
4047 3113
4047 1799
4047 1929
4047 2079
4047 2101
4047 1800
4048 2791
4048 3135
4048 2662
4048 1801
4049 3049
4049 2210
4049 2468
4049 1802
4050 2856
4050 2770
4050 2168
4050 1803
4051 3050
4051 2384
4051 2212
4051 1804
4052 2642
4052 1912
4052 1805
4052 2986
4052 2643
4052 1870
4053 1806
4053 2299
4053 2450
4053 2901
4054 1807
4054 2044
4054 2344
4054 1850
4054 1808
4055 3160
4055 2087
4055 2430
4055 1810
4055 2539
4056 1853
4056 2196
4056 1811
4056 2475
4056 1833
4057 2839
4057 1814
4057 2948
4057 3034
4058 2905
4058 1815
4058 2756
4058 1858
4059 2692
4059 1816
4059 2564
4059 2265
4060 1945
4060 1817
4060 2351
4060 2928
4061 1860
4061 1818
4061 2864
4061 1883
4061 3057
4061 1819
4062 2993
4062 2716
4062 2737
4062 1820
4063 2567
4063 3143
4063 2865
4063 1821
4064 2930
4064 2333
4064 2312
4064 1822
4064 2973
4065 2185
4065 2909
4065 1823
4065 2164
4065 2335
4066 2100
4066 1824
4066 2506
4066 2293
4066 2463
4067 1825
4067 2677
4067 1868
4067 1974
4067 1828
4068 3125
4068 1913
4068 2848
4068 1829
4069 2467
4069 1851
4069 2106
4069 1830
4069 2234
4070 1937
4070 2043
4070 1831
4070 2341
4070 3147
4071 2765
4071 1832
4071 2447
4071 2914
4072 1834
4072 3062
4072 2894
4072 1962
4072 1835
4073 2852
4073 3085
4073 2428
4073 1836
4073 2069
4074 2874
4074 2387
4074 1837
4074 2747
4075 2451
4075 2155
4075 1838
4075 2875
4076 3128
4076 1987
4076 1839
4076 2917
4076 2368
4077 3065
4077 1840
4077 2686
4077 2876
4077 3150
4078 1841
4078 2200
4078 2940
4078 2243
4078 1843
4079 2919
4079 2392
4079 2898
4079 1847
4079 1953
4080 2963
4080 1890
4080 1849
4080 2775
4081 1955
4081 2586
4081 1852
4081 2525
4082 1895
4082 2546
4082 1855
4082 2233
4082 2317
4083 2904
4083 1861
4083 3075
4083 2092
4084 2322
4084 1862
4084 2741
4084 2239
4085 2552
4085 1864
4085 2449
4085 1990
4085 2554
4086 1865
4086 2053
4086 2847
4086 1949
4087 1866
4087 2409
4087 2680
4087 2159
4087 1867
4088 1993
4088 2785
4088 2431
4088 1871
4088 3016
4089 2829
4089 2121
4089 1872
4089 2622
4090 1893
4090 2517
4090 1873
4091 2789
4091 2497
4091 2601
4091 1874
4092 1916
4092 2893
4092 2540
4092 1875
4092 2146
4093 2603
4093 2291
4093 1876
4094 1897
4094 2769
4094 1877
4094 3081
4094 2396
4095 2625
4095 1880
4095 2544
4095 3000
4096 2627
4096 1881
4096 2752
4096 2441
4097 2897
4097 1882
4097 3063
4097 2007
4097 2607
4098 1884
4098 2195
4099 2215
4099 1885
4099 2836
4099 3167
4099 2237
4099 1948
4100 1886
4100 2527
4100 2320
4100 1907
4101 1887
4101 1908
4101 2156
4101 2011
4101 1888
4102 2797
4102 2549
4102 3003
4102 1889
4103 3045
4103 2323
4103 2385
4103 1891
4104 2819
4104 2139
4104 2180
4104 1892
4105 2696
4105 1954
4105 2078
4105 1894
4106 2018
4106 3088
4106 2594
4106 1896
4106 2370
4107 2020
4107 2781
4107 1898
4107 2761
4108 2967
4108 2330
4108 1899
4108 2105
4108 2988
4109 2721
4109 1900
4109 2927
4109 2373
4109 2167
4110 1901
4110 2989
4110 3071
4111 1905
4111 3032
4111 3091
4111 2131
4111 1906
4112 2991
4112 2254
4112 2029
4112 1909
4113 2298
4113 2175
4113 2890
4113 1914
4113 2669
4114 2057
4114 2281
4114 1917
4115 2834
4115 3159
4115 3119
4115 1918
4115 2590
4116 2000
4116 3139
4116 1919
4116 3079
4116 2448
4117 2469
4117 1920
4117 2754
4117 2774
4118 2713
4118 1923
4118 2715
4118 2796
4118 2735
4119 1925
4119 1986
4119 2189
4119 2027
4119 1926
4120 3142
4120 3082
4120 2008
4120 1927
4120 2211
4121 2636
4121 2920
4121 1930
4121 1991
4122 2072
4122 2618
4122 1932
4122 2498
4122 2882
4123 2923
4123 1933
4123 2358
4123 1994
4124 2115
4124 1934
4124 2661
4124 2480
4124 3166
4125 1935
4125 2117
4125 2581
4125 2016
4125 1936
4126 2683
4126 3046
4126 3025
4126 1938
4127 2019
4127 2825
4127 2261
4127 1939
4128 2987
4128 2242
4128 2745
4128 1940
4128 2041
4129 2102
4129 2403
4129 1941
4129 2485
4129 2223
4130 2143
4130 1944
4130 2206
4130 2768
4131 2165
4131 1946
4131 2348
4131 2589
4131 2107
4132 1947
4132 1988
4132 3151
4132 2609
4133 1950
4133 2231
4133 2411
4133 3112
4133 1951
4134 3152
4134 2472
4134 2052
4134 1956
4135 2615
4135 2575
4135 3055
4135 1957
4136 2357
4136 2816
4136 2895
4136 1958
4136 2158
4137 2337
4137 2597
4137 1959
4137 2259
4138 2219
4138 2318
4138 1960
4138 3017
4138 2060
4139 2558
4139 1961
4139 2499
4139 2300
4139 2220
4140 1963
4140 2600
4140 3018
4140 2381
4140 1965
4141 2085
4141 2363
4141 2065
4141 1966
4141 3039
4142 2821
4142 2582
4142 1967
4142 2404
4143 2424
4143 2841
4143 1968
4143 3060
4143 2961
4144 2266
4144 1969
4144 2981
4144 2565
4144 2327
4144 1970
4145 2664
4145 2466
4145 2129
4145 1972
4146 2666
4146 2487
4146 2824
4146 1975
4146 2292
4147 2015
4147 2094
4147 1977
4147 2946
4147 2491
4148 2531
4148 1978
4148 2255
4148 2828
4148 2729
4149 1979
4149 2512
4149 3144
4149 2118
4149 1980
4150 2138
4150 2612
4150 2750
4150 1981
4150 2376
4151 2238
4151 2573
4151 1982
4151 2495
4152 2574
4152 2653
4152 1989
4152 2755
4153 2147
4153 2343
4153 1992
4153 2698
4154 2169
4154 2071
4154 1996
4154 2720
4154 2329
4155 2407
4155 1998
4155 3074
4155 2780
4155 3132
4156 1999
4156 2390
4156 2976
4156 3054
4156 2001
4157 3153
4157 2470
4157 2528
4157 2002
4157 2217
4158 2568
4158 3036
4158 2003
4158 2783
4158 2393
4159 2004
4159 2452
4159 2842
4159 2803
4160 2511
4160 2010
4160 3176
4160 3001
4160 2613
4161 2017
4161 2889
4161 2482
4161 2076
4161 2023
4162 2274
4162 2236
4162 2969
4162 2026
4163 2971
4163 3048
4163 2624
4163 2028
4163 2336
4164 2375
4164 2933
4164 2030
4164 2127
4165 2415
4165 2530
4165 2031
4165 3146
4165 2051
4165 2685
4166 2033
4166 2782
4166 3185
4166 2456
4166 2035
4167 2246
4167 3033
4167 2534
4167 2038
4167 2326
4168 2958
4168 2843
4168 2039
4168 2709
4169 2996
4169 2059
4169 2040
4169 2423
4169 2614
4169 2442
4170 2045
4170 2637
4170 2522
4170 2980
4171 2046
4171 2599
4171 2962
4171 2332
4171 2048
4172 2163
4172 2944
4172 3077
4172 2050
4172 2850
4173 2888
4173 2773
4173 2055
4173 2397
4173 2815
4174 3137
4174 2056
4174 2644
4174 2303
4174 3043
4175 2061
4175 2288
4175 3007
4175 2837
4175 2062
4176 2422
4176 2705
4176 2365
4176 2063
4176 2706
4177 2952
4177 2479
4177 2064
4177 3047
4177 2537
4178 2253
4178 2068
4178 2577
4178 2464
4178 2313
4179 2070
4179 2202
4179 2560
4179 2541
4179 2073
4180 2149
4180 3164
4180 2694
4180 2074
4180 2187
4181 3014
4181 2995
4181 2077
4181 2584
4181 2096
4182 2134
4182 2080
4182 3092
4182 2286
4182 2305
4183 2081
4183 2325
4183 2418
4183 2119
4183 2082
4184 2176
4184 2157
4184 2494
4184 2083
4184 2757
4185 2887
4185 2626
4185 2084
4185 2421
4185 3094
4185 2271
4186 2090
4186 2891
4186 2295
4186 2687
4186 2095
4187 2764
4187 2486
4187 3099
4187 2097
4187 2858
4188 2766
4188 2580
4188 2098
4188 2655
4188 2488
4189 2673
4189 2104
4189 3084
4189 2844
4189 2992
4190 2109
4190 2792
4190 2699
4190 2718
4190 2110
4191 2903
4191 2166
4191 3069
4191 2111
4191 2922
4192 3124
4192 2461
4192 2112
4192 2794
4192 3070
4193 2591
4193 2113
4193 2647
4193 2849
4193 2813
4193 2114
4194 2868
4194 2133
4194 2684
4194 2116
4194 2135
4195 2465
4195 2263
4195 2120
4195 2835
4195 2377
4196 2414
4196 2122
4196 2287
4196 2873
4196 2855
4196 2123
4197 2160
4197 2178
4197 3038
4197 2125
4197 2436
4197 2838
4198 2820
4198 2132
4198 2551
4198 2478
4198 2879
4199 2136
4199 3117
4199 2191
4199 2918
4200 2137
4200 2410
4200 2809
4200 3009
4200 2144
4201 2651
4201 3103
4201 3157
4201 2145
4201 2742
4201 2634
4202 2417
4202 2148
4202 2473
4202 3141
4202 2798
4203 2151
4203 2548
4203 3052
4203 2566
4203 2153
4204 2225
4204 2675
4204 3107
4204 2170
4204 3115
4205 2509
4205 2349
4205 2171
4205 2474
4205 2884
4206 2938
4206 2172
4206 2867
4206 3170
4206 2974
4206 2179
4207 3013
4207 2321
4207 2676
4207 2181
4207 2872
4208 2359
4208 3120
4208 2182
4208 2484
4208 2572
4209 2324
4209 2184
4209 2432
4209 3175
4209 3140
4210 2186
4210 2204
4210 2557
4210 2646
4210 2877
4211 2188
4211 2736
4211 2277
4211 2294
4211 2190
4211 2719
4212 2702
4212 2631
4212 2192
4212 2950
4212 3108
4213 2386
4213 2197
4213 2900
4213 3005
4213 2250
4213 2198
4214 2216
4214 2935
4214 2199
4214 2203
4215 2623
4215 3026
4215 2746
4215 2205
4215 2957
4215 3044
4216 2538
4216 2208
4216 2331
4216 2924
4216 2435
4217 2209
4217 2419
4217 2628
4217 2802
4217 2214
4218 2910
4218 2771
4218 2997
4218 2218
4218 2826
4218 2652
4219 2221
4219 2860
4219 2758
4219 2810
4219 2222
4220 3122
4220 3053
4220 2257
4220 2229
4220 2247
4221 2936
4221 2505
4221 2230
4221 2454
4221 2420
4221 2799
4222 2235
4222 2476
4222 2545
4222 2648
4222 2245
4223 2416
4223 2724
4223 2280
4223 2248
4223 2521
4224 2896
4224 2862
4224 2249
4224 2744
4224 2931
4224 2812
4225 2251
4225 2388
4225 2779
4225 2258
4226 2983
4226 2462
4226 2902
4226 2260
4226 2345
4226 2751
4227 3158
4227 2262
4227 2956
4227 3023
4227 2398
4228 2269
4228 2960
4228 2640
4228 3061
4228 2275
4229 2460
4229 3165
4229 2695
4229 2276
4229 2562
4230 2763
4230 2595
4230 2278
4230 3066
4230 2563
4230 2496
4231 2282
4231 2366
4231 2817
4231 2283
4231 2851
4232 2284
4232 2818
4232 2285
4232 3169
4232 2502
4233 2869
4233 2289
4233 3171
4233 3138
4234 2301
4234 2606
4234 2483
4234 2500
4234 2308
4234 2670
4235 2391
4235 2621
4235 2309
4235 2934
4235 2523
4236 2408
4236 2310
4236 3083
4236 2787
4236 2458
4236 2311
4237 2886
4237 3067
4237 2738
4237 2314
4237 2315
4238 2364
4238 2659
4238 2319
4238 3006
4238 2369
4238 2859
4239 2328
4239 2881
4239 3173
4239 2588
4239 2338
4240 2678
4240 2629
4240 2726
4240 2340
4240 2857
4241 3002
4241 2389
4241 2342
4241 2793
4241 2520
4242 2681
4242 2354
4242 2514
4242 3090
4242 2578
4242 2360
4243 2440
4243 2583
4243 2982
4243 2367
4243 2526
4244 2510
4244 2605
4244 2374
4244 2911
4244 2722
4245 2801
4245 2378
4245 2489
4245 3056
4245 2945
4245 2379
4246 2883
4246 2915
4246 2804
4246 2380
4246 2632
4247 2412
4247 2978
4247 2399
4247 2959
4247 2617
4248 2493
4248 2402
4248 2697
4248 3100
4248 2542
4249 2429
4249 3130
4249 3024
4249 2795
4249 2433
4249 3133
4250 3087
4250 3041
4250 2437
4250 2892
4250 2513
4251 2786
4251 2439
4251 3015
4251 3030
4251 2712
4252 2443
4252 3078
4252 2579
4252 2519
4252 2444
4252 2490
4253 2656
4253 2641
4253 2477
4253 2861
4253 2714
4254 2994
4254 2492
4254 2507
4254 2814
4254 2501
4255 2908
4255 3126
4255 3155
4255 2504
4255 2649
4256 2533
4256 2823
4256 2515
4256 3148
4256 2616
4257 2587
4257 2529
4257 3156
4257 3028
4257 2743
4258 2547
4258 3011
4258 2955
4258 2730
4258 2556
4258 2906
4259 2654
4259 2975
4259 2561
4259 3035
4260 2571
4260 2585
4260 2972
4260 3110
4261 2592
4261 3096
4261 2688
4261 2598
4261 2748
4262 3059
4262 2693
4262 2608
4262 2689
4263 2650
4263 3172
4263 3080
4263 2999
4263 2663
4264 3154
4264 3102
4264 2805
4264 2667
4264 2704
4265 2733
4265 2708
4266 2762
4266 2725
4266 2739
4267 2740
4267 3019
4267 2778
4267 3072
4267 2830
4268 2949
4268 2953
4269 3163
4269 3051
4269 3095
4270 3101
4270 3161
4270 3114
4271 3168
4271 3177
