315 0 0 0 0 0 6359 0
981.5 0 0 0 0 252 14711.5 0
1142 0 0 0 0 855 14829.7 0
1469 0 0 0 0 815 15550.5 0
1798.6 0 0 0 0 614 16050 0
2044.83 0 0 0 0 585 16255.5 0
2275.14 0 0 0 0 615 16387.6 0
2524.38 0 0 0 0 659 16558.4 0
2744.78 0 0 0 0 670 16692.2 0
2974 0 0 0 0 652 16773.3 0
3207.09 0 0 0 0 628 16799.9 0
3472.92 0 0 0 0 680 16863.6 0
3697.77 0 0 0 0 663 16787.8 0
3913.14 0 0 0 0 585 16635.3 0
4062.07 0 0 0 0 515 16304.6 0
4297.81 0 0 0 0 598 16085.5 0
4524.06 0 0 0 0 447 15844.3 0
4762.11 0 0 0 0 94 15568.7 0
4984.74 0 0 0 0 598 15261.7 0
5182.8 0 0 0 0 608 14928.3 0
5600.95 0 0 0 0 549 14974 0
5989.3 0 0 0 0 582 14160.8 0
6371 0 0 0 0 553 13708.8 0
6738.1 0 0 0 0 568 13112.5 0
7058.95 0 0 0 0 546 12458.9 0
7367.25 0 0 0 0 586 11821.6 0
7658.45 0 0 0 0 538 11162.7 0
7939.75 0 0 0 0 574 10464.6 0
8181.5 0 0 0 0 543 9743.85 0
8395.4 0 0 0 0 528 9015.2 0
8606.1 0 0 0 0 556 8303 0
8770.95 0 0 0 0 555 7557.8 0
8943.2 0 0 0 0 555 6885.95 0
9170 0 0 0 0 616 6281.95 0
9453.3 0 0 0 0 637 5820.15 0
9637.15 0 0 0 0 618 5292.15 0
9788.55 0 0 0 0 604 4792.75 0
9901.3 0 0 0 0 622 4338.65 0
9961.55 0 0 0 0 728 3927 0
10076.9 0 0 0 0 611 3580.45 0
10136.8 0 0 0 0 507 3281.5 0
10169.5 0 0 0 0 490 3004.2 0
10260.2 0 0 0 0 543 2766.2 0
10350.2 0 0 0 0 606 2537.3 0
10421.8 0 0 0 0 556 2346.65 0
10520.6 0 0 0 0 569 2172.55 0
10610.6 0 0 0 0 550 2025.9 0
10709.7 0 0 0 0 585 1884.2 0
10807.2 0 0 0 0 585 1759.3 0
10879.9 0 0 0 0 573 1654.1 0
10963.8 0 0 0 0 613 1553.25 0
11061.8 0 0 0 0 621 1458.85 0
11122.5 0 0 0 0 594 1372.35 0
11101.3 0 0 0 0 609 1276.1 0
11054.1 0 0 0 0 595 1188.05 0
11069.7 0 0 0 0 641 1109.05 0
11091.2 0 0 0 0 622 1040.95 0
11113.5 0 0 0 0 614 980.4 0
11120.8 0 0 0 0 591 932.4 0
11141.5 0 0 0 0 656 876.9 0
11206.3 0 0 0 0 633 836.2 0
11276.9 0 0 0 0 673 797.15 0
11316.1 0 0 0 0 624 755.85 0
11347 0 0 0 0 600 721 0
11385 0 0 0 0 565 686.6 0
11407.6 0 0 0 0 602 655.65 0
11429.1 0 0 0 0 592 624.5 0
11419.9 0 0 0 0 575 597.35 0
11447.2 0 0 0 0 629 575 0
11478.1 0 0 0 0 588 555.45 0
11465.8 0 0 0 0 579 533.6 0
11447 0 0 0 0 597 513.05 0
11440.3 0 0 0 0 592 492.75 0
11484.5 0 0 0 0 635 477 0
11536.8 0 0 0 0 630 460.1 0
11530.8 0 0 0 0 613 442.35 0
11514 0 0 0 0 593 428.55 0
11501.9 0 0 0 0 584 415.2 0
11542.6 0 0 0 0 575 403 0
11569.8 0 0 0 0 652 392.75 0
11599.5 0 0 0 0 619 383.45 0
11594.3 0 0 0 0 582 373.45 0
11586.6 0 0 0 0 626 366.15 0
11533.2 0 0 0 0 605 356.25 0
11452.4 0 0 0 0 552 344.15 0
11423.3 0 0 0 0 555 334.75 0
11408.7 0 0 0 0 621 325.45 0
11425.3 0 0 0 0 585 318.4 0
11436.5 0 0 0 0 598 313.1 0
11471.7 0 0 0 0 586 302.75 0
11488.1 0 0 0 0 572 296.55 0
11525.5 0 0 0 0 592 293 0
11527.1 0 0 0 0 574 289.85 0
11495.8 0 0 0 0 581 283.7 0
11450.3 0 0 0 0 587 277 0
11433.5 0 0 0 0 619 272.6 0
11399.2 0 0 0 0 547 263.8 0
11447.2 0 0 0 0 630 259.6 0
11494.6 0 0 0 0 621 256.25 0
11475 0 0 0 0 625 250.95 0
11400.4 0 0 0 0 530 245.45 0
11385.2 0 0 0 0 572 241.65 0
11366.1 0 0 0 0 582 237.3 0
11387.1 0 0 0 0 619 232.4 0
11465.3 0 0 0 0 612 230.15 0
11483.5 0 0 0 0 619 227.85 0
11505.1 0 0 0 0 685 225.5 0
11349 0 0 0 0 1145 219.55 0
11318.8 0 0 0 0 618 214.75 0
11232.7 0 0 0 0 509 211.4 0
11176.4 0 0 0 0 545 207.75 0
11114.7 0 0 0 0 558 200.7 0
11091.7 0 0 0 0 514 196.65 0
11039.4 0 0 0 0 486 193.35 0
11008 0 0 0 0 499 191.15 0
10939.5 0 0 0 0 490 187.4 0
10930.7 0 0 0 0 534 186.55 0
10807.3 0 0 0 0 506 181.55 0
10719.6 0 0 0 0 543 177 0
10647.5 0 0 0 0 556 172.5 0
10627.9 0 0 0 0 544 171.9 0
10618.6 0 0 0 0 569 170.35 0
10584.8 0 0 0 0 532 166.65 0
10550.4 0 0 0 0 562 163.65 0
10467.9 0 0 0 0 512 162.15 0
10368.9 0 0 0 0 514 159.85 0
10292.2 0 0 0 0 539 156.5 0
10401 0 0 0 0 591 156.2 0
10342.5 0 0 0 0 541 153.55 0
10327.6 0 0 0 0 562 152.55 0
10300.2 0 0 0 0 525 152.45 0
10287 0 0 0 0 562 151.45 0
10285 0 0 0 0 543 150.15 0
10297 0 0 0 0 537 149.35 0
10284.4 0 0 0 0 535 146.7 0
10309.5 0 0 0 0 525 146.45 0
10313 0 0 0 0 553 143.7 0
10373.6 0 0 0 0 537 142.9 0
10409.4 0 0 0 0 550 142.1 0
10401.9 0 0 0 0 503 140.55 0
10423.1 0 0 0 0 501 137.9 0
10400.5 0 0 0 0 532 135.7 0
10368 0 0 0 0 519 134.25 0
10340.9 0 0 0 0 571 132.3 0
10349.5 0 0 0 0 542 130.35 0
10377 0 0 0 0 547 128.1 0
10376.8 0 0 0 0 523 126.55 0
10344.9 0 0 0 0 540 123.9 0
10308.1 0 0 0 0 497 121.25 0
10318.8 0 0 0 0 531 121.65 0
10353.2 0 0 0 0 549 119.4 0
10373.9 0 0 0 0 564 118.6 0
10368.8 0 0 0 0 570 117.25 0
10338.6 0 0 0 0 520 116.15 0
10378.1 0 0 0 0 573 115.5 0
10409.7 0 0 0 0 624 114.45 0
10403 0 0 0 0 532 114.8 0
10378.5 0 0 0 0 548 113.85 0
10351.9 0 0 0 0 550 111.95 0
10379.5 0 0 0 0 559 111 0
10367.5 0 0 0 0 503 109.15 0
10374.8 0 0 0 0 550 108.85 0
10390.5 0 0 0 0 499 107.9 0
10396 0 0 0 0 542 106.15 0
10387.4 0 0 0 0 484 105.2 0
10372.4 0 0 0 0 490 104.35 0
10386.1 0 0 0 0 538 103.2 0
10389.6 0 0 0 0 520 103.5 0
10421.9 0 0 0 0 547 103.75 0
10405.7 0 0 0 0 513 102.2 0
10415.8 0 0 0 0 554 101.1 0
10455.5 0 0 0 0 606 100.85 0
10490.6 0 0 0 0 562 99.6 0
10555.4 0 0 0 0 559 99.2 0
10529.9 0 0 0 0 545 98.8 0
10498.1 0 0 0 0 544 98.2 0
10497.6 0 0 0 0 523 96.25 0
10458.4 0 0 0 0 520 95.75 0
10501.2 0 0 0 0 639 97.55 0
10489.5 0 0 0 0 545 97.05 0
10510.5 0 0 0 0 541 96.9 0
10502.2 0 0 0 0 529 95.1 0
10510.9 0 0 0 0 564 94.4 0
10523.8 0 0 0 0 567 94.75 0
10513.4 0 0 0 0 512 93 0
10543.1 0 0 0 0 553 91.55 0
10541.6 0 0 0 0 545 90.95 0
10550.8 0 0 0 0 565 90.55 0
10580.6 0 0 0 0 544 89.3 0
10649 0 0 0 0 546 87.9 0
10633.9 0 0 0 0 503 86.25 0
10585 0 0 0 0 520 85 0
10522.5 0 0 0 0 479 84.2 0
10498.1 0 0 0 0 520 82.95 0
10498.5 0 0 0 0 530 82.7 0
10506 0 0 0 0 558 80.65 0
10485.3 0 0 0 0 508 80.15 0
10506.6 0 0 0 0 543 78.65 0
10458 0 0 0 0 539 75.85 0
10463.3 0 0 0 0 544 75.05 0
10419.7 0 0 0 0 495 74.35 0
10406.2 0 0 0 0 529 72.85 0
10406.8 0 0 0 0 537 72.8 0
10407.1 0 0 0 0 549 70.7 0
10424.4 0 0 0 0 511 71.05 0
10399 0 0 0 0 509 70.3 0
10379.7 0 0 0 0 526 70.3 0
10396.4 0 0 0 0 590 69 0
10447.3 0 0 0 0 620 68.55 0
10390.6 0 0 0 0 532 67.25 0
10377.5 0 0 0 0 535 66.9 0
10378.2 0 0 0 0 559 65.05 0
10401.6 0 0 0 0 532 64.4 0
10398.6 0 0 0 0 519 63.35 0
10375 0 0 0 0 534 110.45 0
10381 0 0 0 0 557 162.5 0
10380 0 0 0 0 525 193.5 0
10372.3 0 0 0 0 500 240.3 0
10339.2 0 0 0 0 505 310.15 0
10330.8 0 0 0 0 527 359.7 0
10333 0 0 0 0 506 428.75 0
10385.7 0 0 0 0 583 534.35 0
10353.8 0 0 0 0 492 604.15 0
10353.9 0 0 0 0 556 668.95 0
10351.8 0 0 0 0 529 719.6 0
10356.6 0 0 0 0 535 783.65 0
10346.4 0 0 0 0 540 844.9 0
10331.2 0 0 0 0 551 906.5 0
10242 0 0 0 0 522 978.85 0
10306.5 0 0 0 0 639 1054.3 0
10369.2 0 0 0 0 639 1132.85 0
10417.9 0 0 0 0 628 1220.75 0
10433.6 0 0 0 0 549 1288.15 0
10459.8 0 0 0 0 578 1368.5 0
10507.6 0 0 0 0 623 1394 0
10544.5 0 0 0 0 616 1417.35 0
10634.5 0 0 0 0 630 1468.85 0
10691.9 0 0 0 0 592 1491.9 0
10742.4 0 0 0 0 575 1487.6 0
10798.9 0 0 0 0 587 1505.15 0
10850.2 0 0 0 0 543 1486.25 0
10846.7 0 0 0 0 592 1430.35 0
10951.3 0 0 0 0 585 1412 0
11001 0 0 0 0 592 1391 0
11059.5 0 0 0 0 563 1381.95 0
11096.9 0 0 0 0 546 1354.05 0
11188 0 0 0 0 624 1326 0
11229.6 0 0 0 0 595 1291.65 0
11266.7 0 0 0 0 555 1245.3 0
11235 0 0 0 0 566 1192.8 0
11218.4 0 0 0 0 585 1135.35 0
11227.7 0 0 0 0 614 1067.6 0
11252.1 0 0 0 0 562 1018.25 0
11279.6 0 0 0 0 613 1038.35 0
11306.8 0 0 0 0 628 1027.8 0
11295 0 0 0 0 603 1070.2 0
11279.1 0 0 0 0 598 1118.1 0
11277.5 0 0 0 0 577 1140.9 0
11311.6 0 0 0 0 608 1148.8 0
11331 0 0 0 0 648 1168.2 0
11344 0 0 0 0 582 1195.8 0
11356.3 0 0 0 0 597 1231.15 0
11336.1 0 0 0 0 590 1266.9 0
11316.6 0 0 0 0 569 1316.9 0
11310.1 0 0 0 0 589 1399.3 0
11300.8 0 0 0 0 557 1469.75 0
11199.9 0 0 0 0 521 1533.35 0
11135 0 0 0 0 534 1649.75 0
11089.4 0 0 0 0 498 1749.3 0
11021.2 0 0 0 0 489 1896.15 0
10964 0 0 0 0 526 2016.7 0
10868.9 0 0 0 0 537 2157.45 0
10795.3 0 0 0 0 510 2287.45 0
10625.9 0 0 0 0 540 2290.75 0
10548.2 0 0 0 0 522 2370.25 0
10375.2 0 0 0 0 493 2412.85 0
10238.8 0 0 0 0 517 2431.55 0
10151.1 0 0 0 0 495 2528.45 0
10068.2 0 0 0 0 523 2650.15 0
9977.25 0 0 0 0 552 2778.85 0
9829.75 0 0 0 0 435 2857.2 0
9719.95 0 0 0 0 515 3055 0
9537.5 0 0 0 0 457 3144.6 0
9401 0 0 0 0 707 3292.45 0
9283.6 0 0 0 0 776 3394.55 0
9242.3 0 0 0 0 532 3535.9 0
9149.9 0 0 0 0 440 3621 0
9104.5 0 0 0 0 608 3741.55 0
8995.95 0 0 0 0 666 3844.7 0
8975.7 0 0 0 0 652 3940.45 0
8833.05 0 0 0 0 535 4022.1 0
8774.55 0 0 0 0 541 4159 0
8665.35 0 0 0 0 459 4277.05 0
8603.1 0 0 0 0 587 4466.5 0
8345.1 0 0 0 0 1251 4468.2 0
7954.9 0 0 0 0 2592 4304.7 0
7522.25 0 0 0 0 2460 4152.15 0
7055.65 0 0 0 0 2394 3959.35 0
6566.2 0 0 0 0 2429 3760.85 0
6057.2 0 0 0 0 2400 3541.9 0
5657.45 0 0 0 0 2462 3382.6 0
5198.25 0 0 0 0 2526 3097.25 0
4811.6 0 0 0 0 2533 2916.9 0
4382.5 0 0 0 0 2605 2672.9 0
3942.25 0 0 0 0 2779 2443.25 0
3449.95 0 0 0 0 2675 2192.7 0
3053.55 0 0 0 0 2703 2006.85 0
2586.3 0 0 0 0 2239 1739.25 0
2201.75 0 0 0 0 2317 1507.25 0
1747.5 0 0 0 0 2171 1238.5 0
1393.3 0 0 0 0 2177 1012.1 0
950.3 0 0 0 0 2216 712 0
579.35 0 0 0 0 2091 443.15 0
236.4 0 0 0 0 1997 147.4 0
0 0 0 0 0 2080 0 0
0 0 0 0 0 900 0 0
0 0 0 0 0 2729 0 0
0 0 0 0 0 2726 0 0
0 0 0 0 0 2742 0 0
0 0 0 0 0 2835 0 0
0 0 0 0 0 2760 0 0
0 0 0 0 0 2637 0 0
0 0 0 0 0 2620 0 0
0 0 0 0 0 2684 0 0
0 0 0 0 0 2696 0 0
0 0 0 0 0 2773 0 0
0 0 0 0 0 2733 0 0
0 0 0 0 0 2870 0 0
0 0 0 0 0 2830 0 0
0 0 0 0 0 2672 0 0
0 0 0 0 0 2717 0 0
0 0 0 0 0 2735 0 0
0 0 0 0 0 2878 0 0
0 0 0 0 0 2838 0 0
0 0 0 0 0 2789 0 0
0 0 0 0 0 2849 0 0
0 0 0 0 0 2809 0 0
0 0 0 0 0 2860 0 0
0 0 0 0 0 2732 0 0
0 0 0 0 0 2437 0 0
0 0 0 0 0 2162 0 0
0 0 0 0 0 2058 0 0
0 0 0 0 0 2238 0 0
0 0 0 0 0 2849 0 0
0 0 0 0 0 2794 0 0
0 0 0 0 0 2596 0 0
0 0 0 0 0 2676 0 0
0 0 0 0 0 2871 0 0
0 0 0 0 0 2798 0 0
0 0 0 0 0 2818 0 0
0 0 0 0 0 2479 0 0
0 0 0 0 0 2816 0 0
0 0 0 0 0 2756 0 0
0 0 0 0 0 2714 0 0
0 0 0 0 0 2727 0 0
0 0 0 0 0 2831 0 0
0 0 0 0 0 2812 0 0
0 0 0 0 0 2682 0 0
0 0 0 0 0 2749 0 0
0 0 0 0 0 2856 0 0
0 0 0 0 0 2301 0 0
0 0 0 0 0 2274 0 0
0 0 0 0 0 2423 0 0
0 0 0 0 0 2789 0 0
0 0 0 0 0 2846 0 0
0 0 0 0 0 2720 0 0
0 0 0 0 0 2591 0 0
0 0 0 0 0 2823 0 0
0 0 0 0 0 2705 0 0
0 0 0 0 0 2674 0 0
0 0 0 0 0 2602 0 0
0 0 0 0 0 2624 0 0
0 0 0 0 0 2504 0 0
0 0 0 0 0 2582 0 0
0 0 0 0 0 2689 0 0
0 0 0 0 0 2763 0 0
0 0 0 0 0 2631 0 0
0 0 0 0 0 2501 0 0
0 0 0 0 0 2688 0 0
0 0 0 0 0 2753 0 0
0 0 0 0 0 2565 0 0
0 0 0 0 0 2476 0 0
0 0 0 0 0 2421 0 0
0 0 0 0 0 2164 0 0
0 0 0 0 0 2254 0 0
0 0 0 0 0 2297 0 0
0 0 0 0 0 2186 0 0
0 0 0 0 0 2206 0 0
0 0 0 0 0 2658 0 0
0 0 0 0 0 2579 0 0
0 0 0 0 0 2618 0 0
0 0 0 0 0 2666 0 0
0 0 0 0 0 2599 0 0
0 0 0 0 0 2588 0 0
0 0 0 0 0 2596 0 0
0 0 0 0 0 2774 0 0
0 0 0 0 0 2594 0 0
0 0 0 0 0 2693 0 0
0 0 0 0 0 2594 0 0
0 0 0 0 0 2632 0 0
0 0 0 0 0 2482 0 0
0 0 0 0 0 2508 0 0
0 0 0 0 0 2531 0 0
0 0 0 0 0 2563 0 0
0 0 0 0 0 2261 0 0
0 0 0 0 0 2307 0 0
0 0 0 0 0 2283 0 0
0 0 0 0 0 2413 0 0
0 0 0 0 0 2381 0 0
0 0 0 0 0 2371 0 0
0 0 0 0 0 2195 0 0
0 0 0 0 0 2450 0 0
0 0 0 0 0 2362 0 0
0 0 0 0 0 453 0 0
0 0 0 0 0 28 0 0
0 0 0 0 0 27 0 0
0 0 0 0 0 28 0 0
0 0 0 0 0 28 0 0
0 0 0 0 0 27 0 0
0 0 0 0 0 28 0 0
0 0 0 0 0 27 0 0
0 0 0 0 0 27 0 0
0 0 0 0 0 27 0 0
4.3 0 0 0 0 59 5.55 0
456.1 0 0 0 0 485 285.65 0
950.25 0 0 0 0 12 541.3 0
1435.1 0 0 0 0 503 760.3 0
1956.85 0 0 0 0 561 983.2 0
2444.95 0 0 0 0 506 1186.05 0
2875.3 0 0 0 0 588 1327.6 0
3318.7 0 0 0 0 561 1485.75 0
3829.8 0 0 0 0 694 1658.05 0
4333.2 0 0 0 0 529 1814.2 0
4842.8 0 0 0 0 535 1950.85 0
5261.85 0 0 0 0 523 2065.15 0
5660.3 0 0 0 0 447 2167.05 0
6024.1 0 0 0 0 616 2252.4 0
6397.45 0 0 0 0 803 2344.35 0
6872.1 0 0 0 0 546 2452.2 0
7299.5 0 0 0 0 625 2542.6 0
7842.9 0 0 0 0 560 2646.75 0
8268.9 0 0 0 0 446 2724.65 0
8740.45 0 0 0 0 596 2801.55 0
9234.1 0 0 0 0 529 2866.75 0
9190.45 0 0 0 0 514 2653.25 0
9076.35 0 0 0 0 599 2454.8 0
9051.4 0 0 0 0 491 2301.9 0
9026.3 0 0 0 0 591 2143.7 0
9067.6 0 0 0 0 551 2006.4 0
9127.45 0 0 0 0 523 1917.9 0
9182.85 0 0 0 0 504 1817.7 0
9178.5 0 0 0 0 569 1696.25 0
9166.4 0 0 0 0 498 1585.6 0
9152.6 0 0 0 0 499 1494.7 0
9272.2 0 0 0 0 540 1425.65 0
9278.45 0 0 0 0 449 1354.9 0
9418.8 0 0 0 0 497 1308.8 0
9576.85 0 0 0 0 525 1253.95 0
9563.05 0 0 0 0 477 1176.75 0
9530.95 0 0 0 0 424 1112 0
9502.15 0 0 0 0 538 1037.7 0
9579.7 0 0 0 0 517 986.4 0
9572.7 0 0 0 0 516 933.5 0
9609.9 0 0 0 0 554 889.8 0
9663.4 0 0 0 0 481 846.55 0
9768.35 0 0 0 0 537 812.4 0
9809.6 0 0 0 0 602 767.3 0
9818.25 0 0 0 0 524 724.8 0
9846.05 0 0 0 0 572 680.45 0
9754.05 0 0 0 0 497 644.25 0
9710.2 0 0 0 0 518 603.45 0
9723.15 0 0 0 0 540 572.2 0
9601.2 0 0 0 0 402 541.8 0
9618.4 0 0 0 0 588 512.5 0
9576.2 0 0 0 0 528 483.1 0
9723.85 0 0 0 0 584 470.45 0
9761.3 0 0 0 0 563 446 0
9771.75 0 0 0 0 541 425.85 0
9833.85 0 0 0 0 541 409 0
9891.6 0 0 0 0 489 394.75 0
9918.35 0 0 0 0 542 379.15 0
9946.05 0 0 0 0 545 365.7 0
9927.45 0 0 0 0 523 352.65 0
9947.95 0 0 0 0 557 338.9 0
10012.5 0 0 0 0 515 328.65 0
9940.05 0 0 0 0 531 314.45 0
9942.1 0 0 0 0 541 306.6 0
9944.75 0 0 0 0 522 293.7 0
9907.95 0 0 0 0 544 282.8 0
10014.1 0 0 0 0 513 275.5 0
10031.5 0 0 0 0 567 268.25 0
10029.4 0 0 0 0 532 259.55 0
10162.8 0 0 0 0 509 252.8 0
10178.4 0 0 0 0 543 245.8 0
10228.1 0 0 0 0 569 242.15 0
10078.6 0 0 0 0 482 231 0
10073.7 0 0 0 0 572 225.1 0
10076 0 0 0 0 562 216.75 0
10019.8 0 0 0 0 602 211.1 0
10085.2 0 0 0 0 530 207.9 0
10060.5 0 0 0 0 539 202.6 0
10044.4 0 0 0 0 539 199.25 0
10141.5 0 0 0 0 568 197.1 0
10112.9 0 0 0 0 545 192.95 0
10090 0 0 0 0 519 190.5 0
10026.6 0 0 0 0 579 188.05 0
10041.4 0 0 0 0 530 184.2 0
10028.6 0 0 0 0 543 183.05 0
10057.9 0 0 0 0 529 180.85 0
10012.2 0 0 0 0 476 178.85 0
10085.6 0 0 0 0 526 177.5 0
10024.5 0 0 0 0 571 174.2 0
10017.2 0 0 0 0 513 173.55 0
10007.6 0 0 0 0 530 171 0
10006.7 0 0 0 0 571 166.5 0
10067.9 0 0 0 0 519 166.15 0
10019.9 0 0 0 0 507 164.3 0
10025.4 0 0 0 0 561 163.6 0
10108.8 0 0 0 0 564 163.65 0
10050.3 0 0 0 0 616 160.45 0
10027.3 0 0 0 0 528 160.4 0
9949.4 0 0 0 0 542 158.7 0
9928.95 0 0 0 0 545 157.6 0
9950.85 0 0 0 0 568 157.7 0
9895.75 0 0 0 0 572 153.85 0
10052.9 0 0 0 0 532 154.05 0
9917.5 0 0 0 0 541 150.35 0
9971.05 0 0 0 0 576 150.15 0
9855.7 0 0 0 0 534 146.95 0
9891.1 0 0 0 0 530 145.7 0
9761.75 0 0 0 0 462 142.45 0
9817.75 0 0 0 0 536 141.35 0
9849.15 0 0 0 0 534 141.5 0
9742.05 0 0 0 0 459 139.7 0
9716.95 0 0 0 0 537 138.6 0
9774.8 0 0 0 0 499 138.35 0
9774.85 0 0 0 0 577 137.95 0
9746.55 0 0 0 0 513 137.4 0
9637.3 0 0 0 0 519 136.4 0
9580.2 0 0 0 0 434 136.95 0
9625.6 0 0 0 0 549 135.55 0
9617 0 0 0 0 480 132.5 0
9610.9 0 0 0 0 541 130.65 0
9459.85 0 0 0 0 508 127.15 0
9562.9 0 0 0 0 639 128.55 0
9514.3 0 0 0 0 530 129.05 0
9596.3 0 0 0 0 557 130.45 0
9538.85 0 0 0 0 505 129.15 0
9590.95 0 0 0 0 494 129.15 0
9615.5 0 0 0 0 539 130.85 0
9640.8 0 0 0 0 582 131.25 0
9645.55 0 0 0 0 544 130.6 0
9523.8 0 0 0 0 415 128.35 0
9629.75 0 0 0 0 528 129.95 0
9625.65 0 0 0 0 536 131.4 0
9592.7 0 0 0 0 511 130.85 0
9610.7 0 0 0 0 579 130.2 0
9585.7 0 0 0 0 521 128.85 0
9596.8 0 0 0 0 502 126.85 0
9633.4 0 0 0 0 687 126.6 0
9620.5 0 0 0 0 520 125.25 0
9715.85 0 0 0 0 520 126.2 0
9713.25 0 0 0 0 512 126.9 0
9747 0 0 0 0 576 126 0
9674.8 0 0 0 0 500 123.95 0
9566.85 0 0 0 0 359 120.7 0
9667.05 0 0 0 0 558 122.5 0
9588.9 0 0 0 0 530 120.95 0
9626.6 0 0 0 0 519 121.85 0
9534.55 0 0 0 0 438 118.15 0
9536.25 0 0 0 0 676 118 0
9474.2 0 0 0 0 524 117.3 0
9470.35 0 0 0 0 476 118.15 0
9441.7 0 0 0 0 504 117.75 0
9446.65 0 0 0 0 536 116.5 0
9434.1 0 0 0 0 520 115.45 0
9435.05 0 0 0 0 522 115.3 0
9446.45 0 0 0 0 524 116.7 0
9456.9 0 0 0 0 479 116.9 0
9495.6 0 0 0 0 514 117.55 0
9381.9 0 0 0 0 512 117.05 0
9388.15 0 0 0 0 546 116.9 0
9357.8 0 0 0 0 572 116.4 0
9368.55 0 0 0 0 535 116.1 0
9404.6 0 0 0 0 538 116.35 0
9454.45 0 0 0 0 568 117.2 0
9371.6 0 0 0 0 536 114.05 0
9477.55 0 0 0 0 551 115.55 0
9436.4 0 0 0 0 503 115.9 0
9431.6 0 0 0 0 437 117.3 0
9521.5 0 0 0 0 531 118.3 0
9597.85 0 0 0 0 536 119.85 0
9642 0 0 0 0 334 117.95 0
9681.55 0 0 0 0 534 116.25 0
9712.95 0 0 0 0 549 116.5 0
9760.55 0 0 0 0 506 117.65 0
9775.3 0 0 0 0 528 118.15 0
9752.05 0 0 0 0 564 116.8 0
9814.5 0 0 0 0 608 117.5 0
9862.55 0 0 0 0 543 117.45 0
9956.2 0 0 0 0 512 126.3 0
9892.6 0 0 0 0 484 131.6 0
9956.9 0 0 0 0 633 136.3 0
9965.5 0 0 0 0 482 141 0
9971.9 0 0 0 0 554 141.15 0
9989.55 0 0 0 0 489 154.15 0
10039 0 0 0 0 547 163.9 0
10031.8 0 0 0 0 527 170.6 0
9939.05 0 0 0 0 453 172.4 0
9916.4 0 0 0 0 461 173.8 0
9913.4 0 0 0 0 546 185.2 0
9861.6 0 0 0 0 494 196.6 0
9922.1 0 0 0 0 530 205.65 0
9834.45 0 0 0 0 494 212.05 0
9827 0 0 0 0 563 217.9 0
9610.75 0 0 0 0 391 220.75 0
9554.9 0 0 0 0 488 230.85 0
9517 0 0 0 0 464 237.1 0
9524 0 0 0 0 555 245.75 0
9501.15 0 0 0 0 512 251.6 0
9577.65 0 0 0 0 599 257.15 0
9604.9 0 0 0 0 504 264.45 0
9538 0 0 0 0 472 270.15 0
9503.6 0 0 0 0 463 271.5 0
9466.55 0 0 0 0 510 277.05 0
9561.7 0 0 0 0 532 276.55 0
9568.4 0 0 0 0 557 279.3 0
9430.35 0 0 0 0 379 278.25 0
9559.55 0 0 0 0 534 282.95 0
9670.15 0 0 0 0 524 288.4 0
9588.05 0 0 0 0 461 288.5 0
9638.1 0 0 0 0 542 291.7 0
9638.8 0 0 0 0 522 293.95 0
9735.75 0 0 0 0 554 297.85 0
9618.4 0 0 0 0 460 294.2 0
9801.7 0 0 0 0 503 305.3 0
9841.5 0 0 0 0 584 306.3 0
9748.6 0 0 0 0 393 304.4 0
9740.6 0 0 0 0 533 301.6 0
9729.45 0 0 0 0 509 300.8 0
9663.75 0 0 0 0 535 300.7 0
9592.8 0 0 0 0 480 294.8 0
9618.8 0 0 0 0 532 291.15 0
9718.35 0 0 0 0 538 293.4 0
9753.3 0 0 0 0 546 293.15 0
9771.2 0 0 0 0 531 293.8 0
9770.55 0 0 0 0 535 290.45 0
9915.4 0 0 0 0 496 290.25 0
9811.1 0 0 0 0 455 287.85 0
9835.5 0 0 0 0 527 285.5 0
9820.55 0 0 0 0 439 286.4 0
9771.4 0 0 0 0 528 280.2 0
9726.95 0 0 0 0 501 277.4 0
9519.15 0 0 0 0 347 271.05 0
9494.85 0 0 0 0 432 270.25 0
9516.75 0 0 0 0 555 278.3 0
9432.6 0 0 0 0 492 302.75 0
9486.7 0 0 0 0 605 325.35 0
9480.4 0 0 0 0 550 347.55 0
9481.2 0 0 0 0 505 394.65 0
9469.05 0 0 0 0 515 436.5 0
9565.65 0 0 0 0 534 469.4 0
9573.05 0 0 0 0 535 524.55 0
9541.65 0 0 0 0 503 570.35 0
9518.55 0 0 0 0 543 613.1 0
9503.6 0 0 0 0 544 712.05 0
9471.95 0 0 0 0 525 795.3 0
9442.75 0 0 0 0 516 873 0
9499.7 0 0 0 0 552 932.7 0
9511.35 0 0 0 0 571 1016.9 0
9497.45 0 0 0 0 628 1066.85 0
9494.45 0 0 0 0 491 1121.2 0
9505 0 0 0 0 510 1209.55 0
9682.95 0 0 0 0 510 1289 0
9805 0 0 0 0 550 1377.05 0
9813.2 0 0 0 0 523 1437.3 0
9908.6 0 0 0 0 510 1479.85 0
10028.6 0 0 0 0 532 1532.25 0
10030.6 0 0 0 0 513 1588.35 0
10025.2 0 0 0 0 480 1606.1 0
9998.85 0 0 0 0 510 1615.1 0
9991.85 0 0 0 0 545 1667.65 0
9884.4 0 0 0 0 473 1671.4 0
9836.15 0 0 0 0 567 1694.45 0
9888.25 0 0 0 0 579 1750.4 0
9818.05 0 0 0 0 469 1717.45 0
9813.1 0 0 0 0 520 1735.65 0
9827.3 0 0 0 0 515 1737.55 0
9835.25 0 0 0 0 513 1807.1 0
9821 0 0 0 0 588 1843.6 0
9937.8 0 0 0 0 570 1908.95 0
10003.5 0 0 0 0 567 1976.9 0
10058.4 0 0 0 0 548 1999.55 0
10030.8 0 0 0 0 506 2037.85 0
9968.25 0 0 0 0 559 2041.35 0
9852 0 0 0 0 514 2055.75 0
9831.65 0 0 0 0 524 2094.65 0
9795.4 0 0 0 0 532 2149.75 0
9664.8 0 0 0 0 507 2169.2 0
9626.8 0 0 0 0 518 2258.2 0
9671.55 0 0 0 0 540 2388.1 0
9612.45 0 0 0 0 702 2448 0
9728.1 0 0 0 0 538 2576.7 0
9786.3 0 0 0 0 513 2695.2 0
9751.95 0 0 0 0 542 2821.5 0
9796.65 0 0 0 0 512 2943.7 0
9804.6 0 0 0 0 525 3026.4 0
9797.15 0 0 0 0 531 3128.25 0
9828.35 0 0 0 0 548 3228.6 0
9803.45 0 0 0 0 553 3376.15 0
9784.3 0 0 0 0 558 3495.5 0
9730.35 0 0 0 0 542 3621.7 0
9709.8 0 0 0 0 554 3752.55 0
9730.1 0 0 0 0 557 3878.85 0
9663.85 0 0 0 0 449 3999.95 0
9708.55 0 0 0 0 582 4147.85 0
9673.15 0 0 0 0 501 4298.35 0
9587.25 0 0 0 0 478 4403.85 0
9696.55 0 0 0 0 547 4585.5 0
9737.15 0 0 0 0 547 4732.8 0
9693.05 0 0 0 0 532 4829.55 0
9711.05 0 0 0 0 546 5039.3 0
9664.45 0 0 0 0 529 5144.85 0
9624.75 0 0 0 0 542 5307.3 0
9522.8 0 0 0 0 461 5370.15 0
9510.7 0 0 0 0 540 5525.9 0
9399.45 0 0 0 0 579 5703.55 0
9165.85 0 0 0 0 1136 5699.35 0
8654.6 0 0 0 0 2315 5459.5 0
8148 0 0 0 0 2452 5181.05 0
7630.95 0 0 0 0 2625 4927.45 0
7141.6 0 0 0 0 2425 4663.85 0
6634.6 0 0 0 0 2476 4408.95 0
6133.7 0 0 0 0 2505 4156.35 0
5737.05 0 0 0 0 2598 3935.25 0
5287.45 0 0 0 0 2470 3684.4 0
4825.65 0 0 0 0 2476 3410.55 0
4420 0 0 0 0 2492 3164.55 0
3921.6 0 0 0 0 3034 2873.2 0
3431.45 0 0 0 0 2689 2561.1 0
2952.4 0 0 0 0 2707 2263.65 0
2480.95 0 0 0 0 2902 1896 0
2005 0 0 0 0 2707 1590.05 0
1550.05 0 0 0 0 2326 1227.4 0
1137.95 0 0 0 0 2424 927.7 0
660.15 0 0 0 0 2388 565.9 0
262.65 0 0 0 0 2582 189.3 0
0 0 0 0 0 2832 0 0
0 0 0 0 0 2616 0 0
0 0 0 0 0 2556 0 0
0 0 0 0 0 2632 0 0
0 0 0 0 0 2518 0 0
0 0 0 0 0 2674 0 0
0 0 0 0 0 2562 0 0
0 0 0 0 0 2646 0 0
0 0 0 0 0 2467 0 0
0 0 0 0 0 2456 0 0
0 0 0 0 0 2501 0 0
0 0 0 0 0 2676 0 0
0 0 0 0 0 2479 0 0
0 0 0 0 0 2317 0 0
0 0 0 0 0 2524 0 0
0 0 0 0 0 2399 0 0
0 0 0 0 0 2378 0 0
0 0 0 0 0 2508 0 0
0 0 0 0 0 2543 0 0
0 0 0 0 0 2730 0 0
0 0 0 0 0 2404 0 0
0 0 0 0 0 2366 0 0
0 0 0 0 0 2586 0 0
0 0 0 0 0 2559 0 0
0 0 0 0 0 2451 0 0
0 0 0 0 0 2690 0 0
0 0 0 0 0 2488 0 0
0 0 0 0 0 2513 0 0
0 0 0 0 0 2523 0 0
0 0 0 0 0 2572 0 0
0 0 0 0 0 2521 0 0
0 0 0 0 0 2494 0 0
0 0 0 0 0 2408 0 0
0 0 0 0 0 2421 0 0
0 0 0 0 0 2601 0 0
0 0 0 0 0 2569 0 0
0 0 0 0 0 2497 0 0
0 0 0 0 0 2444 0 0
0 0 0 0 0 2529 0 0
0 0 0 0 0 2468 0 0
0 0 0 0 0 2479 0 0
0 0 0 0 0 2649 0 0
0 0 0 0 0 2523 0 0
0 0 0 0 0 2612 0 0
0 0 0 0 0 2531 0 0
0 0 0 0 0 2487 0 0
0 0 0 0 0 2532 0 0
0 0 0 0 0 2658 0 0
0 0 0 0 0 2384 0 0
0 0 0 0 0 2452 0 0
0 0 0 0 0 2409 0 0
0 0 0 0 0 2536 0 0
0 0 0 0 0 2432 0 0
0 0 0 0 0 2428 0 0
0 0 0 0 0 2446 0 0
0 0 0 0 0 2449 0 0
0 0 0 0 0 2447 0 0
0 0 0 0 0 2529 0 0
0 0 0 0 0 2580 0 0
0 0 0 0 0 2529 0 0
0 0 0 0 0 2294 0 0
0 0 0 0 0 2326 0 0
0 0 0 0 0 2357 0 0
0 0 0 0 0 2377 0 0
0 0 0 0 0 2431 0 0
0 0 0 0 0 2484 0 0
0 0 0 0 0 2485 0 0
0 0 0 0 0 2457 0 0
0 0 0 0 0 2384 0 0
0 0 0 0 0 2286 0 0
0 0 0 0 0 2583 0 0
0 0 0 0 0 2436 0 0
0 0 0 0 0 2394 0 0
0 0 0 0 0 2488 0 0
0 0 0 0 0 2027 0 0
0 0 0 0 0 27 0 0
0 0 0 0 0 28 0 0
0 0 0 0 0 26 0 0
0 0 0 0 0 28 0 0
0 0 0 0 0 27 0 0
0 0 0 0 0 675 0 0
0 0 0 0 0 2357 0 0
0 0 0 0 0 2446 0 0
0 0 0 0 0 2421 0 0
0 0 0 0 0 2424 0 0
0 0 0 0 0 2329 0 0
0 0 0 0 0 2331 0 0
0 0 0 0 0 2401 0 0
0 0 0 0 0 2279 0 0
0 0 0 0 0 2410 0 0
0 0 0 0 0 2445 0 0
0 0 0 0 0 2495 0 0
0 0 0 0 0 2369 0 0
0 0 0 0 0 2289 0 0
0 0 0 0 0 2505 0 0
0 0 0 0 0 2501 0 0
0 0 0 0 0 2372 0 0
0 0 0 0 0 2399 0 0
0 0 0 0 0 2437 0 0
0 0 0 0 0 2513 0 0
0 0 0 0 0 2372 0 0
0 0 0 0 0 2316 0 0
0 0 0 0 0 2381 0 0
0 0 0 0 0 2418 0 0
0 0 0 0 0 2305 0 0
0 0 0 0 0 2369 0 0
0 0 0 0 0 2432 0 0
0 0 0 0 0 2487 0 0
0 0 0 0 0 2524 0 0
0 0 0 0 0 2489 0 0
0 0 0 0 0 132 0 0
0 0 0 0 0 28 0 0
0 0 0 0 0 28 0 0
0 0 0 0 0 27 0 0
43.55 0 0 0 0 104 36.9 0
576.4 0 0 0 0 594 385.9 0
1027.95 0 0 0 0 468 636.15 0
1578.4 0 0 0 0 580 916.5 0
2046.75 0 0 0 0 656 1140.75 0
2539 0 0 0 0 712 1359.95 0
3036.15 0 0 0 0 585 1556.75 0
3446.4 0 0 0 0 579 1720.6 0
4015.2 0 0 0 0 596 1917.6 0
4582.4 0 0 0 0 594 2098.05 0
5068.85 0 0 0 0 535 2242.75 0
5461.4 0 0 0 0 544 2350.5 0
6005.1 0 0 0 0 572 2494.7 0
6583.95 0 0 0 0 619 2643.95 0
7184.15 0 0 0 0 629 2775.3 0
7582.8 0 0 0 0 550 2862.95 0
8034.3 0 0 0 0 531 2952.35 0
8483.9 0 0 0 0 613 3043.1 0
8972.5 0 0 0 0 512 3132.75 0
9480.4 0 0 0 0 531 3220.6 0
9948.8 0 0 0 0 563 3265.6 0
9842.8 0 0 0 0 627 2978.95 0
9899.7 0 0 0 0 525 2797.4 0
9765.55 0 0 0 0 499 2569.85 0
9751.25 0 0 0 0 485 2401.85 0
9755.75 0 0 0 0 558 2244.3 0
9742.65 0 0 0 0 517 2102.15 0
9803.7 0 0 0 0 497 1984.85 0
9727.95 0 0 0 0 541 1832.6 0
9591.75 0 0 0 0 497 1690.9 0
9621.7 0 0 0 0 507 1589.9 0
9612.55 0 0 0 0 515 1510.2 0
9593.1 0 0 0 0 516 1407.85 0
9412.75 0 0 0 0 462 1288.4 0
9261.75 0 0 0 0 519 1188.9 0
9354.9 0 0 0 0 488 1133.5 0
9407.55 0 0 0 0 524 1077.5 0
9491.95 0 0 0 0 560 1018.7 0
9524.55 0 0 0 0 521 956.85 0
9476.8 0 0 0 0 564 889.85 0
9401.85 0 0 0 0 511 830.4 0
9417.4 0 0 0 0 464 789.7 0
9399.3 0 0 0 0 516 743.25 0
9455.5 0 0 0 0 619 712.05 0
9551.1 0 0 0 0 608 678.8 0
9566.15 0 0 0 0 523 639.8 0
9583.4 0 0 0 0 538 606.35 0
9613.25 0 0 0 0 521 578.45 0
9664.25 0 0 0 0 567 553.35 0
9636.9 0 0 0 0 419 530.65 0
9600.7 0 0 0 0 555 500.5 0
9719.35 0 0 0 0 643 486.65 0
9644.25 0 0 0 0 470 460.1 0
9752.25 0 0 0 0 515 445.4 0
9818.7 0 0 0 0 539 431.35 0
9693.05 0 0 0 0 498 411.8 0
9734.75 0 0 0 0 584 392.7 0
9739.05 0 0 0 0 662 373.1 0
9732.05 0 0 0 0 538 354.95 0
9825.25 0 0 0 0 544 350 0
9860.95 0 0 0 0 536 339.05 0
9913.65 0 0 0 0 510 328.3 0
9963.3 0 0 0 0 521 318.6 0
9890.5 0 0 0 0 473 305.7 0
9873.25 0 0 0 0 528 296.75 0
9778.6 0 0 0 0 465 282.8 0
9753.9 0 0 0 0 501 271.65 0
9771.65 0 0 0 0 536 263.65 0
9772 0 0 0 0 556 254.35 0
9872.8 0 0 0 0 520 249.55 0
9904.3 0 0 0 0 524 248.3 0
9915.2 0 0 0 0 535 245.75 0
10010.5 0 0 0 0 563 240.7 0
9921.8 0 0 0 0 495 233.35 0
9914.9 0 0 0 0 535 227.9 0
10070.1 0 0 0 0 531 225.65 0
10072.2 0 0 0 0 565 220.8 0
10027.4 0 0 0 0 525 215.65 0
10010.3 0 0 0 0 525 213.45 0
9901.3 0 0 0 0 492 205.85 0
9965.45 0 0 0 0 561 204.9 0
9960.9 0 0 0 0 512 202.8 0
9902.85 0 0 0 0 606 199.2 0
10043 0 0 0 0 564 198.7 0
10087.4 0 0 0 0 571 194.45 0
10106.5 0 0 0 0 455 193.15 0
10126.4 0 0 0 0 508 193.45 0
10091.9 0 0 0 0 509 190.85 0
9966.95 0 0 0 0 462 186.9 0
9958.7 0 0 0 0 486 184.3 0
9971.4 0 0 0 0 512 181.55 0
10020.5 0 0 0 0 581 179.45 0
9972.05 0 0 0 0 607 177.1 0
10075.8 0 0 0 0 547 177.55 0
10080.6 0 0 0 0 560 173.8 0
10074.8 0 0 0 0 537 173.3 0
10033.9 0 0 0 0 528 171.25 0
9980.7 0 0 0 0 529 171.15 0
10005.7 0 0 0 0 534 170.05 0
10077.1 0 0 0 0 525 169.85 0
10071.5 0 0 0 0 536 167 0
10082.6 0 0 0 0 686 166.65 0
10109.5 0 0 0 0 527 166.1 0
10046.6 0 0 0 0 531 164.4 0
9961.4 0 0 0 0 581 161.8 0
10035.5 0 0 0 0 537 160.55 0
10048 0 0 0 0 618 159.65 0
10084.3 0 0 0 0 539 160.1 0
10208.5 0 0 0 0 565 162.25 0
10216 0 0 0 0 540 160.5 0
10130.1 0 0 0 0 478 156.25 0
10087.4 0 0 0 0 531 154.7 0
10025.5 0 0 0 0 481 154.4 0
10031.4 0 0 0 0 539 154.5 0
9984.2 0 0 0 0 582 152.35 0
9989.15 0 0 0 0 509 150.5 0
10022 0 0 0 0 530 152 0
9925.75 0 0 0 0 470 150.8 0
9911.75 0 0 0 0 539 152 0
9824.35 0 0 0 0 533 150.75 0
9700.9 0 0 0 0 435 148.8 0
9717.1 0 0 0 0 543 146.3 0
9627 0 0 0 0 593 150.2 0
9666.7 0 0 0 0 527 159.45 0
9659.3 0 0 0 0 492 163.6 0
9584.45 0 0 0 0 480 166.35 0
9587.6 0 0 0 0 543 164.65 0
9559.3 0 0 0 0 530 164.9 0
9524.5 0 0 0 0 524 181.9 0
9472.65 0 0 0 0 495 188.2 0
9545.1 0 0 0 0 526 193.05 0
9472.35 0 0 0 0 544 192.15 0
9505.3 0 0 0 0 546 193.15 0
9479.6 0 0 0 0 523 200.1 0
9425.3 0 0 0 0 516 205.35 0
9424.25 0 0 0 0 547 210.35 0
9336.35 0 0 0 0 603 211.4 0
9509.25 0 0 0 0 535 216.8 0
9530.15 0 0 0 0 568 226.3 0
9602.25 0 0 0 0 552 235.1 0
9637.7 0 0 0 0 560 240.85 0
9537.8 0 0 0 0 414 244.75 0
9627.55 0 0 0 0 531 242.95 0
9514.45 0 0 0 0 445 237.6 0
9562.1 0 0 0 0 520 243.35 0
9641.55 0 0 0 0 540 248.8 0
9624.1 0 0 0 0 473 252.7 0
9642.2 0 0 0 0 515 256.1 0
9571.05 0 0 0 0 442 248.4 0
9589.65 0 0 0 0 499 248.8 0
9490.4 0 0 0 0 531 249.3 0
9554 0 0 0 0 532 255.05 0
9551.4 0 0 0 0 570 257.15 0
9557.15 0 0 0 0 531 257.1 0
9589.85 0 0 0 0 473 259.8 0
9539.6 0 0 0 0 532 260.85 0
9614.65 0 0 0 0 541 263.15 0
9586.7 0 0 0 0 505 262.9 0
9566.05 0 0 0 0 534 260.85 0
9603.9 0 0 0 0 569 262.9 0
9669.65 0 0 0 0 529 266.1 0
9766 0 0 0 0 526 267.1 0
9629.5 0 0 0 0 404 266.5 0
9758.15 0 0 0 0 484 272.6 0
9748.25 0 0 0 0 548 271.25 0
9710.25 0 0 0 0 639 269.95 0
9726.6 0 0 0 0 538 269.6 0
9657.25 0 0 0 0 581 268.1 0
9784.75 0 0 0 0 558 268.4 0
9694 0 0 0 0 432 266.05 0
9852.75 0 0 0 0 557 271.5 0
9860.25 0 0 0 0 510 270.95 0
9894.45 0 0 0 0 547 270.45 0
9864.7 0 0 0 0 526 268.2 0
9889.4 0 0 0 0 484 267.6 0
9910.15 0 0 0 0 500 268.2 0
9898.4 0 0 0 0 527 268.55 0
9923.2 0 0 0 0 528 268.15 0
9918.95 0 0 0 0 517 267.15 0
9869.5 0 0 0 0 553 264 0
9740.35 0 0 0 0 399 259.9 0
9637.6 0 0 0 0 449 259.8 0
9715.15 0 0 0 0 494 260.95 0
9712.15 0 0 0 0 551 256.85 0
9750.45 0 0 0 0 574 255.8 0
9791.15 0 0 0 0 533 255.3 0
9819.3 0 0 0 0 569 255.95 0
9909.9 0 0 0 0 579 256.1 0
9853.5 0 0 0 0 575 250.75 0
10027 0 0 0 0 578 253.15 0
9998.1 0 0 0 0 629 251.8 0
10048.4 0 0 0 0 590 251.45 0
10125.7 0 0 0 0 607 251.7 0
10134.5 0 0 0 0 575 250.95 0
10273 0 0 0 0 611 251.6 0
10281 0 0 0 0 506 246.6 0
10332 0 0 0 0 577 244.45 0
10314.7 0 0 0 0 519 242.35 0
10314.9 0 0 0 0 569 242.5 0
10388.5 0 0 0 0 555 241.55 0
10585.2 0 0 0 0 564 243.2 0
10745.8 0 0 0 0 560 243.5 0
10887.5 0 0 0 0 624 248.05 0
10759.9 0 0 0 0 408 250.1 0
10794.1 0 0 0 0 621 254.45 0
10853 0 0 0 0 603 255.95 0
10887.5 0 0 0 0 596 257.45 0
10888.6 0 0 0 0 600 300.8 0
10907.2 0 0 0 0 533 328.85 0
10817.5 0 0 0 0 599 346.8 0
10780.1 0 0 0 0 509 386.25 0
10772.1 0 0 0 0 606 442.5 0
10768.4 0 0 0 0 596 486.8 0
10748.1 0 0 0 0 500 544.55 0
10633.4 0 0 0 0 517 594.95 0
10665.9 0 0 0 0 734 648.25 0
10618.2 0 0 0 0 597 733.9 0
10637 0 0 0 0 560 803.5 0
10696.1 0 0 0 0 591 885.05 0
10603.9 0 0 0 0 543 947.45 0
10554.8 0 0 0 0 617 1025.9 0
10526.6 0 0 0 0 586 1122.75 0
10447.9 0 0 0 0 657 1208.7 0
10626.9 0 0 0 0 578 1305.35 0
10604.5 0 0 0 0 572 1399.95 0
10604.4 0 0 0 0 566 1506.95 0
10592.2 0 0 0 0 585 1638.75 0
10543.4 0 0 0 0 615 1693.8 0
10573.3 0 0 0 0 584 1766.7 0
10541.1 0 0 0 0 492 1809.75 0
10569.4 0 0 0 0 601 1861.75 0
10619.9 0 0 0 0 626 1898.5 0
10586 0 0 0 0 560 1987.2 0
10585.5 0 0 0 0 477 2001.9 0
10677.6 0 0 0 0 617 2070.2 0
10631 0 0 0 0 513 2105.6 0
10662 0 0 0 0 634 2125.6 0
10619.5 0 0 0 0 535 2138.9 0
10591.3 0 0 0 0 582 2177.4 0
10557.5 0 0 0 0 513 2197.45 0
10598.4 0 0 0 0 595 2262.3 0
10598.9 0 0 0 0 579 2297.2 0
10654.8 0 0 0 0 599 2339.6 0
10563 0 0 0 0 554 2362.5 0
10472 0 0 0 0 560 2374.05 0
10370.6 0 0 0 0 541 2382.75 0
10319.1 0 0 0 0 590 2387.75 0
10382.3 0 0 0 0 546 2424 0
10401.1 0 0 0 0 593 2490.1 0
10366.5 0 0 0 0 435 2552.95 0
10294.4 0 0 0 0 600 2588.1 0
10215.1 0 0 0 0 549 2694.2 0
10193.6 0 0 0 0 552 2752.8 0
10185.1 0 0 0 0 494 2828.15 0
10066.4 0 0 0 0 610 2885.45 0
10003.8 0 0 0 0 596 2961 0
9981.75 0 0 0 0 574 3057.75 0
9936.1 0 0 0 0 526 3138.5 0
9892.3 0 0 0 0 652 3202.4 0
9922.05 0 0 0 0 608 3321.75 0
9838.3 0 0 0 0 527 3381.45 0
9674 0 0 0 0 483 3401.5 0
9535.85 0 0 0 0 496 3461.85 0
9547.85 0 0 0 0 554 3581.35 0
9599.3 0 0 0 0 566 3711.45 0
9647.8 0 0 0 0 565 3842.75 0
9725.3 0 0 0 0 655 3997.05 0
9715.3 0 0 0 0 607 4155.65 0
9678.9 0 0 0 0 603 4326.85 0
9725.4 0 0 0 0 514 4447.05 0
9698.15 0 0 0 0 568 4579.45 0
9634.8 0 0 0 0 571 4670.9 0
9590.5 0 0 0 0 619 4776.75 0
9612.95 0 0 0 0 552 4923.5 0
9695.3 0 0 0 0 627 5110.15 0
9696.6 0 0 0 0 530 5202.1 0
9634.05 0 0 0 0 511 5303.05 0
9729.95 0 0 0 0 588 5501 0
9752.95 0 0 0 0 599 5667.4 0
9724.75 0 0 0 0 483 5775.9 0
9676.45 0 0 0 0 574 5863 0
9802.75 0 0 0 0 605 6125.8 0
9910.5 0 0 0 0 626 6375.3 0
9876.75 0 0 0 0 659 6518.1 0
9843.4 0 0 0 0 569 6672.55 0
9814 0 0 0 0 620 6822.5 0
9714.15 0 0 0 0 572 6935.85 0
9654.4 0 0 0 0 613 7118.95 0
9261.6 0 0 0 0 2590 6864.7 0
8818.5 0 0 0 0 2929 6607 0
8385.4 0 0 0 0 2507 6333.25 0
7917.55 0 0 0 0 2341 6030.75 0
7445.1 0 0 0 0 2489 5722.85 0
6965.35 0 0 0 0 2463 5416.1 0
6416.3 0 0 0 0 2627 5039 0
5993.85 0 0 0 0 2720 4773.05 0
5528.8 0 0 0 0 2833 4459.25 0
5005.75 0 0 0 0 2535 4089.1 0
4491.35 0 0 0 0 2521 3724.6 0
4053.4 0 0 0 0 2504 3400.7 0
3617 0 0 0 0 2442 3098.35 0
3110.5 0 0 0 0 2586 2672.7 0
2572.5 0 0 0 0 2816 2218.9 0
2105.55 0 0 0 0 2598 1822.6 0
1606.2 0 0 0 0 2795 1412.85 0
1112.2 0 0 0 0 2550 1001.85 0
624.55 0 0 0 0 2947 583.95 0
147.1 0 0 0 0 2429 96.8 0
0 0 0 0 0 2481 0 0
0 0 0 0 0 2459 0 0
0 0 0 0 0 2568 0 0
0 0 0 0 0 2836 0 0
0 0 0 0 0 2414 0 0
0 0 0 0 0 2438 0 0
0 0 0 0 0 2607 0 0
0 0 0 0 0 2653 0 0
0 0 0 0 0 2691 0 0
0 0 0 0 0 2451 0 0
0 0 0 0 0 2522 0 0
0 0 0 0 0 2475 0 0
0 0 0 0 0 2602 0 0
0 0 0 0 0 2625 0 0
0 0 0 0 0 2663 0 0
0 0 0 0 0 2510 0 0
0 0 0 0 0 2493 0 0
0 0 0 0 0 2529 0 0
0 0 0 0 0 2597 0 0
0 0 0 0 0 2503 0 0
0 0 0 0 0 2552 0 0
0 0 0 0 0 2493 0 0
0 0 0 0 0 2669 0 0
0 0 0 0 0 2600 0 0
0 0 0 0 0 2527 0 0
0 0 0 0 0 2438 0 0
0 0 0 0 0 2509 0 0
0 0 0 0 0 2712 0 0
0 1 0 0 0 2567 0 0
0 0 0 0 1842.93 2300 0 1842.93
0 0 0 0 1842.93 2258 0 1842.93
0 0 0 0 1842.93 2127 0 1842.93
0 0 0 0 1842.93 1985 0 1842.93
0 0 0 0 1842.93 1909 0 1842.93
0 0 0 0 1842.93 2164 0 1842.93
0 0 0 0 1842.93 2161 0 1842.93
0 0 0 0 1842.93 2177 0 1842.93
0 0 0 0 1842.93 2086 0 1842.93
0 0 0 0 1842.93 1033 0 1842.93
0 0 0.35 0 1842.93 1534 0 1842.93
0 0 1 0 1842.93 1112 0 1842.93
0 0 1.6 0 1842.93 1080 0 1842.93
0 0 2.15 0 1842.93 1269 0 1842.93
0 0 2.75 0 1842.93 1146 0 1842.93
0 0 3.35 0 1842.93 1028 0 1842.93
0 0 3.9 0 1842.93 1288 0 1842.93
0 0 4.55 0 1842.93 1258 0 1842.93
0 0 5.1 0 1842.93 1245 0 1842.93
0 0 5.7 0 1842.93 1123 0 1842.93
0 0 6.35 0 1842.93 1037 0 1842.93
0 0 6.9 0 1842.93 1349 0 1842.93
0 0 7.45 0 1842.93 1305 0 1842.93
0 0 8.1 0 1842.93 1025 0 1842.93
0 0 8.65 0 1842.93 1227 0 1842.93
0 0 9.25 0 1842.93 1187 0 1842.93
0 0 9.85 0 1842.93 1047 0 1842.93
0 0 10.4 0 1842.93 1103 0 1842.93
0 0 11.05 0 1842.93 1047 0 1842.93
0 0 11.65 0 1842.93 1149 0 1842.93
0 0 11.85 0 1842.93 1189 0 1842.93
0 0 11.8 0 1842.93 1127 0 1842.93
0 0 11.8 0 1842.93 1154 0 1842.93
0 0 11.8 0 1842.93 1235 0 1842.93
0 0 11.85 0 1842.93 964 0 1842.93
0 0 11.8 0 1842.93 1117 0 1842.93
0 0 11.85 0 1842.93 1157 0 1842.93
0 0 11.8 0 1842.93 1116 0 1842.93
0 0 11.85 0 1842.93 1109 0 1842.93
0 0 11.7 0 1842.93 1291 0 1842.93
0 0 11.45 0 1842.93 1321 0 1842.93
0 0 11.25 0 1842.93 1433 0 1842.93
0 0 11.1 0 1842.93 1496 0 1842.93
0 0 10.8 0 1842.93 1373 0 1842.93
0 0 10.65 0 1842.93 1453 0 1842.93
0 0 10.45 0 1842.93 1381 0 1842.93
0 0 10.2 0 1842.93 1497 0 1842.93
0 0 10.05 0 1842.93 1373 0 1842.93
0 0 9.75 0 1842.93 1415 0 1842.93
0 0 9.6 0 1842.93 1456 0 1842.93
0 0 9.45 0 1842.93 1278 0 1842.93
0 0 9.7 0 1842.93 919 0 1842.93
0 0 9.4 0 1842.93 1670 0 1842.93
0 0 9.25 0 1842.93 1449 0 1842.93
0 0 9 0 1842.93 1426 0 1842.93
0 0 8.8 0 1842.93 1459 0 1842.93
0 0 8.65 0 1842.93 1411 0 1842.93
0 0 8.4 0 1842.93 1537 0 1842.93
0 0 8.15 0 1842.93 1551 0 1842.93
0 0 8.1 0 1842.93 1465 0 1842.93
0 0 8.1 0 1842.93 1539 0 1842.93
0 0 8.1 0 1842.93 1658 0 1842.93
0 0 8.1 0 1842.93 1536 0 1842.93
0 0 8.1 0 1842.93 1449 0 1842.93
0 0 8.15 0 1842.93 1426 0 1842.93
0 0 8.05 0 1842.93 1618 0 1842.93
0 0 8.15 0 1842.93 1424 0 1842.93
0 0 8.1 0 1842.93 1550 0 1842.93
0 0 8.15 0 1842.93 1490 0 1842.93
0 0 8.05 0 1842.93 1497 0 1842.93
0 0 8.05 0 1842.93 1365 0 1842.93
0 0 7.65 0 1842.93 1275 0 1842.93
0 0 7.9 0 1842.93 1290 0 1842.93
0 0 7.85 0 1842.93 1601 0 1842.93
0 0 7.85 0 1842.93 1463 0 1842.93
0 0 7.9 0 1842.93 1467 0 1842.93
0 0 7.9 0 1842.93 1416 0 1842.93
0 0 7.9 0 1842.93 1571 0 1842.93
0 0 7.95 0 1842.93 1504 0 1842.93
0 0 7.95 0 1842.93 1460 0 1842.93
0 0 7.9 0 1842.93 1588 0 1842.93
0 0 7.95 0 1842.93 1556 0 1842.93
0 0 7.9 0 1842.93 1289 0 1842.93
0 0 7.95 0 1842.93 20 0 1842.93
0 0 7.85 0 1842.93 22 0 1842.93
0 0 7.95 0 1842.93 21 0 1842.93
0 0 7.85 0 1842.93 21 0 1842.93
0 0 7.9 0 1842.93 21 0 1842.93
0 0 7.85 0 1842.93 21 0 1842.93
0 0 7.9 0 1842.93 21 0 1842.93
0 0 8 0 1842.93 674 0 1842.93
0 0 8 0 1842.93 1436 0 1842.93
0 0 7.8 0 1842.93 1331 0 1842.93
0 0 7.85 0 1842.93 1538 0 1842.93
0 0 7.75 0 1842.93 1621 0 1842.93
0 0 7.8 0 1842.93 1534 0 1842.93
0 0 7.75 0 1842.93 1498 0 1842.93
0 0 7.75 0 1842.93 1477 0 1842.93
0 0 7.75 0 1842.93 1338 0 1842.93
0 0 7.7 0 1842.93 1530 0 1842.93
0 0 7.75 0 1842.93 1465 0 1842.93
0 0 7.75 0 1842.93 1485 0 1842.93
0 0 7.75 0 1842.93 1533 0 1842.93
0 0 7.75 0 1842.93 1387 0 1842.93
0 0 7.95 0 1842.93 1187 0 1842.93
0 0 7.9 0 1842.93 1428 0 1842.93
0 0 7.95 0 1842.93 1346 0 1842.93
0 0 7.95 0 1842.93 1353 0 1842.93
0 0 8.05 0 1842.93 1337 0 1842.93
0 0 8 0 1842.93 1487 0 1842.93
0 0 7.85 0 1842.93 1381 0 1842.93
0 0 7.85 0 1842.93 1420 0 1842.93
0 0 7.9 0 1842.93 1494 0 1842.93
0 0 7.85 0 1842.93 1628 0 1842.93
0 0 7.95 0 1842.93 1330 0 1842.93
0 0 7.85 0 1842.93 1521 0 1842.93
0 0 7.9 0 1842.93 1480 0 1842.93
0 0 7.85 0 1842.93 1592 0 1842.93
0 0 7.85 0 1842.93 1557 0 1842.93
0 0 7.9 0 1842.93 1671 0 1842.93
0 0 7.85 0 1842.93 1617 0 1842.93
0 0 7.85 0 1842.93 1555 0 1842.93
0 0 7.9 0 1842.93 1389 0 1842.93
0 0 7.85 0 1842.93 1417 0 1842.93
0 0 7.7 0 1842.93 1375 0 1842.93
0 0 7.8 0 1842.93 1312 0 1842.93
0 0 7.75 0 1842.93 1501 0 1842.93
0 0 7.75 0 1842.93 1458 0 1842.93
0 0 7.7 0 1842.93 1462 0 1842.93
0 0 7.75 0 1842.93 1442 0 1842.93
0 0 7.9 0 1842.93 1310 0 1842.93
0 0 7.9 0 1842.93 1413 0 1842.93
0 0 7.95 0 1842.93 1365 0 1842.93
0 0 7.95 0 1842.93 1572 0 1842.93
0 0 7.95 0 1842.93 1387 0 1842.93
0 0 7.95 0 1842.93 1464 0 1842.93
0 0 7.9 0 1842.93 1273 0 1842.93
0 0 7.95 0 1842.93 1560 0 1842.93
0 0 7.95 0 1842.93 162 0 1842.93
0 0 7.9 0 1842.93 21 0 1842.93
0 0 7.95 0 1842.93 21 0 1842.93
0 0 7.95 0 1842.93 20 0 1842.93
0 0 7.95 0 1842.93 21 0 1842.93
0 0 8 0 1842.93 20 0 1842.93
0.55 0 8.1 0 1842.93 520 0 1831.93
0.55 0 8.1 0 1842.93 409 0 1842.93
0.55 0 8.4 0 1842.93 1055 0 1842.93
0.55 0 8.45 0 1842.93 999 0 1842.93
0.55 0 8.35 0 1842.93 0 0 1842.93
0.55 0 8.35 0 1842.93 0 0 1842.93
0.55 0 8.25 0 1842.93 0 0 1842.93
0.55 0 8.15 0 1842.93 0 0 1842.93
0.55 0 8.1 0 1842.93 0 0 1842.93
0.55 0 8.1 0 1842.93 0 0 1842.93
0.55 0 8.1 0 1842.93 0 0 1842.93
0.55 0 8.15 0 1842.93 0 0 1842.93
0.55 0 8.15 0 1842.93 0 0 1842.93
0.55 0 8.15 0 1842.93 0 0 1842.93
0.55 0 8.1 0 1842.93 0 0 1842.93
0.55 0 8.15 0 1842.93 0 0 1842.93
0.55 0 8.15 0 1842.93 0 0 1842.93
0.55 0 8.1 0 1842.93 0 0 1842.93
0.55 0 8.1 0 1842.93 0 0 1842.93
0.55 0 8.05 0 1842.93 0 0 1842.93
0 0 7.95 0 1842.93 0 0 1842.93
0 0 7.9 0 1842.93 0 0 1842.93
0 0 7.65 0 1842.93 0 0 1842.93
0 0 7.55 0 1842.93 0 0 1842.93
0 0 7.65 0 1842.93 0 0 1842.93
0 0 7.65 0 1842.93 0 0 1842.93
0 0 7.6 0 1842.93 0 0 1842.93
0 0 7.6 0 1842.93 0 0 1842.93
0 0 7.6 0 1842.93 0 0 1842.93
0 0 7.65 0 1842.93 0 0 1842.93
0 0 7.6 0 1842.93 0 0 1842.93
0 0 7.6 0 1842.93 0 0 1842.93
0 0 7.6 0 1842.93 0 0 1842.93
0 0 7.6 0 1842.93 0 0 1842.93
0 0 7.65 0 1842.93 0 0 1842.93
0 0 7.6 0 1842.93 0 0 1842.93
0 0 7.6 0 1842.93 0 0 1842.93
0 0 7.6 0 1842.93 0 0 1842.93
0 0 7.6 0 1842.93 0 0 1842.93
0 0 7.6 0 1842.93 0 0 1842.93
0 0 7.65 0 1842.93 0 0 1842.93
0 0 7.6 0 1842.93 0 0 1842.93
0 0 7.6 0 1842.93 0 0 1842.93
0 0 7.6 0 1842.93 0 0 1842.93
0 0 7.6 0 1842.93 0 0 1842.93
0 0 7.6 0 1842.93 0 0 1842.93
0 0 7.6 0 1842.93 0 0 1842.93
0 0 7.6 0 1842.93 0 0 1842.93
0 0 7.6 0 1842.93 0 0 1842.93
0 0 7.6 0 1842.93 0 0 1842.93
0 0 7.6 0 1842.93 0 0 1842.93
0 0 7.6 0 1842.93 0 0 1842.93
0 0 7.55 0 1842.93 0 0 1842.93
0 0 7.65 0 1842.93 0 0 1842.93
0 0 7.6 0 1842.93 0 0 1842.93
0 0 7.65 0 1842.93 0 0 1842.93
0 0 7.6 0 1842.93 0 0 1842.93
0 0 7.7 0 1842.93 0 0 1842.93
0 0 7.65 0 1842.93 0 0 1842.93
0 0 7.8 0 1842.93 0 0 1842.93
0 0 7.85 0 1842.93 0 0 1842.93
0 0 7.9 0 1842.93 0 0 1842.93
0 0 7.85 0 1842.93 0 0 1842.93
0 0 7.9 0 1842.93 0 0 1842.93
0 0 7.9 0 1842.93 0 0 1842.93
0 0 7.9 0 1842.93 0 0 1842.93
0 0 8 0 1842.93 0 0 1842.93
0 0 8.1 0 1842.93 0 0 1842.93
0 0 8.1 0 1842.93 0 0 1842.93
0 0 8.05 0 1842.93 0 0 1842.93
0 0 8.15 0 1842.93 0 0 1842.93
0 0 8.2 0 1842.93 0 0 1842.93
0 0 8.65 0 1842.93 0 0 1842.93
0 0 8.5 0 1842.93 0 0 1842.93
0 0 8.6 0 1842.93 0 0 1842.93
0 0 8.55 0 1842.93 0 0 1842.93
0 0 8.6 0 1842.93 0 0 1842.93
0 0 8.5 0 1842.93 0 0 1842.93
0 0 8.5 0 1842.93 0 0 1842.93
0 0 8.4 0 1842.93 0 0 1842.93
0 0 8.3 0 1842.93 0 0 1842.93
0 0 8.3 0 1842.93 0 0 1842.93
0 0 8.3 0 1842.93 0 0 1842.93
0 0 8.3 0 1842.93 0 0 1842.93
0 0 8.25 0 1842.93 0 0 1842.93
0 0 8.25 0 1842.93 0 0 1842.93
0 0 8.2 0 1842.93 0 0 1842.93
0 0 8.15 0 1842.93 0 0 1842.93
0 0 8.15 0 1842.93 0 0 1842.93
0 0 8.15 0 1842.93 0 0 1842.93
0 0 8.1 0 1842.93 0 0 1842.93
0 0 8 0 1842.93 0 0 1842.93
0 0 7.6 0 1842.93 0 0 1842.93
0 0 7.7 0 1842.93 0 0 1842.93
0 0 7.6 0 1842.93 0 0 1842.93
0 0 7.65 0 1842.93 0 0 1842.93
0 0 7.6 0 1842.93 0 0 1842.93
0 0 7.7 0 1842.93 0 0 1842.93
0 0 7.65 0 1842.93 0 0 1842.93
0 0 7.7 0 1842.93 0 0 1842.93
0 0 7.65 0 1842.93 0 0 1842.93
0 0 7.65 0 1842.93 0 0 1842.93
0 0 7.65 0 1842.93 0 0 1842.93
0 0 7.65 0 1842.93 0 0 1842.93
0 0 7.65 0 1842.93 0 0 1842.93
0 0 7.65 0 1842.93 0 0 1842.93
0 0 7.65 0 1842.93 0 0 1842.93
0 0 7.6 0 1842.93 0 0 1842.93
0 0 7.8 0 1842.93 0 0 1842.93
0 0 7.75 0 1842.93 0 0 1842.93
0 0 7.75 0 1842.93 0 0 1842.93
0 0 7.75 0 1842.93 0 0 1842.93
0 0 7.8 0 1842.93 0 0 1842.93
0 0 7.7 0 1842.93 0 0 1842.93
0 0 7.8 0 1842.93 0 0 1842.93
0 0 7.75 0 1842.93 0 0 1842.93
0 0 7.8 0 1842.93 0 0 1842.93
0 0 7.7 0 1842.93 0 0 1842.93
0 0 7.8 0 1842.93 0 0 1842.93
0 0 7.8 0 1842.93 0 0 1842.93
0 0 7.85 0 1842.93 0 0 1842.93
0 0 7.8 0 1842.93 0 0 1842.93
0 0 7.85 0 1842.93 0 0 1842.93
0 0 7.8 0 1842.93 0 0 1842.93
0 0 7.9 0 1842.93 0 0 1842.93
0 0 7.85 0 1842.93 0 0 1842.93
0 0 7.8 0 1842.93 0 0 1842.93
0 0 7.85 0 1842.93 0 0 1842.93
0 0 7.75 0 1842.93 0 0 1842.93
0 0 7.9 0 1842.93 0 0 1842.93
0 0 7.85 0 1842.93 0 0 1842.93
0 0 7.95 0 1842.93 0 0 1842.93
0 0 7.8 0 1842.93 0 0 1842.93
0 0 7.9 0 1842.93 0 0 1842.93
0 0 7.8 0 1842.93 0 0 1842.93
0 0 7.85 0 1842.93 0 0 1842.93
0 0 7.85 0 1842.93 0 0 1842.93
0 0 7.9 0 1842.93 0 0 1842.93
0 0 7.8 0 1842.93 0 0 1842.93
0 0 7.75 0 1842.93 0 0 1842.93
0 0 8.15 0 1842.93 0 0 1842.93
0 0 8.25 0 1842.93 0 0 1842.93
0 0 8.2 0 1842.93 0 0 1842.93
0 0 8.25 0 1842.93 0 0 1842.93
0 0 8.2 0 1842.93 0 0 1842.93
0 0 8.25 0 1842.93 0 0 1842.93
0 0 8.25 0 1842.93 0 0 1842.93
0 0 8.25 0 1842.93 0 0 1842.93
0 0 8.1 0 1842.93 0 0 1842.93
0 0 8.05 0 1842.93 0 0 1842.93
0 0 8.1 0 1842.93 0 0 1842.93
0 0 8 0 1842.93 0 0 1842.93
0 0 8.25 0 1842.93 0 0 1842.93
0 0 8.2 0 1842.93 0 0 1842.93
0 0 8.3 0 1842.93 0 0 1842.93
0 0 8.3 0 1842.93 0 0 1842.93
0 0 8.45 0 1842.93 0 0 1842.93
0 0 8.4 0 1842.93 0 0 1842.93
0 0 8.5 0 1842.93 0 0 1842.93
0 0 8.45 0 1842.93 0 0 1842.93
0 0 8 0 1842.93 0 0 1842.93
0 0 7.95 0 1842.93 0 0 1842.93
0 0 8 0 1842.93 0 0 1842.93
0 0 7.95 0 1842.93 0 0 1842.93
0 0 8.15 0 1842.93 0 0 1842.93
0 0 8.95 0 1842.93 0 0 1842.93
0 0 9.95 0 1842.93 0 0 1842.93
0 0 10.9 0 1842.93 0 0 1842.93
0 0 11.9 0 1842.93 0 0 1842.93
0 0 12.9 0 1842.93 0 0 1842.93
0 0 13.95 0 1842.93 0 0 1842.93
0 0 15 0 1842.93 0 0 1842.93
0 0 15.85 0 1842.93 0 0 1842.93
0 0 16.95 0 1842.93 0 0 1842.93
0 0 18 0 1842.93 0 0 1842.93
0 0 19.05 0 1842.93 0 0 1842.93
0 0 19.9 0 1842.93 0 0 1842.93
0 0 20.95 0 1842.93 0 0 1842.93
0 0 21.95 0 1842.93 0 0 1842.93
0 0 23.1 0 1842.93 0 0 1842.93
0 0 24.2 0 1842.93 0 0 1842.93
0 0 25.25 0 1842.93 0 0 1842.93
0 0 26.35 0 1842.93 0 0 1842.93
0 0 27.45 0 1842.93 0 0 1842.93
0 0 28.35 0 1842.93 0 0 1842.93
0 0 28.6 0 1842.93 0 0 1842.93
0 0 28.7 0 1842.93 0 0 1842.93
0 0 28.8 0 1842.93 0 0 1842.93
0 0 28.95 0 1842.93 0 0 1842.93
0 0 29.05 0 1842.93 0 0 1842.93
0 0 29.05 0 1842.93 0 0 1842.93
0 0 29.1 0 1842.93 0 0 1842.93
0 0 29.2 0 1842.93 0 0 1842.93
0 0 29.05 0 1842.93 0 0 1842.93
0 0 28.95 0 1842.93 0 0 1842.93
0 0 28.85 0 1842.93 0 0 1842.93
0 0 28.85 0 1842.93 0 0 1842.93
0 0 28.85 0 1842.93 0 0 1842.93
0 0 28.85 0 1842.93 0 0 1842.93
0 0 28.8 0 1842.93 0 0 1842.93
0 0 28.8 0 1842.93 0 0 1842.93
0 0 28.7 0 1842.93 0 0 1842.93
0 0 28.65 0 1842.93 0 0 1842.93
0 0 28.5 0 1842.93 0 0 1842.93
0 0 28.4 0 1842.93 0 0 1842.93
0 0 28.4 0 1842.93 0 0 1842.93
0 0 28.4 0 1842.93 0 0 1842.93
0 0 28.3 0 1842.93 0 0 1842.93
0 0 28.2 0 1842.93 0 0 1842.93
0 0 28.15 0 1842.93 0 0 1842.93
0 0 28.2 0 1842.93 0 0 1842.93
0 0 28.2 0 1842.93 0 0 1842.93
0 0 28.2 0 1842.93 0 0 1842.93
0 0 28.35 0 1842.93 0 0 1842.93
0 0 28.3 0 1842.93 0 0 1842.93
0 0 28.4 0 1842.93 0 0 1842.93
0 0 28.3 0 1842.93 0 0 1842.93
0 0 28.1 0 1842.93 0 0 1842.93
0 0 28.15 0 1842.93 0 0 1842.93
0 0 28.05 0 1842.93 0 0 1842.93
0 0 28.1 0 1842.93 0 0 1842.93
0 0 28.2 0 1842.93 0 0 1842.93
0 0 28.25 0 1842.93 0 0 1842.93
0 0 28.4 0 1842.93 0 0 1842.93
0 0 28.45 0 1842.93 0 0 1842.93
0 0 28.45 0 1842.93 0 0 1842.93
0 0 28.5 0 1842.93 0 0 1842.93
0 0 28.6 0 1842.93 0 0 1842.93
0 0 28.7 0 1842.93 0 0 1842.93
0 0 28.7 0 1842.93 0 0 1842.93
0 0 28.65 0 1842.93 0 0 1842.93
0 0 28.7 0 1842.93 0 0 1842.93
0 0 28.65 0 1842.93 0 0 1842.93
0 0 28.7 0 1842.93 0 0 1842.93
0 0 28.8 0 1842.93 0 0 1842.93
0 0 28.85 0 1842.93 0 0 1842.93
0 0 29 0 1842.93 0 0 1842.93
0 0 29.3 0 1842.93 0 0 1842.93
0 0 29.3 0 1842.93 0 0 1842.93
0 0 29.4 0 1842.93 0 0 1842.93
0 0 29.35 0 1842.93 0 0 1842.93
0 0 29.4 0 1842.93 0 0 1842.93
0 0 29.35 0 1842.93 0 0 1842.93
0 0 29.4 0 1842.93 0 0 1842.93
0 0 29.4 0 1842.93 0 0 1842.93
0 0 29.45 0 1842.93 0 0 1842.93
0 0 29.4 0 1842.93 0 0 1842.93
0 0 29.4 0 1842.93 0 0 1842.93
0 0 29.4 0 1842.93 0 0 1842.93
0 0 29.4 0 1842.93 0 0 1842.93
0 0 29.45 0 1842.93 0 0 1842.93
0 0 29.4 0 1842.93 0 0 1842.93
0 0 29.45 0 1842.93 0 0 1842.93
0 0 29.4 0 1842.93 0 0 1842.93
0 0 29.45 0 1842.93 0 0 1842.93
0 0 29.4 0 1842.93 0 0 1842.93
0 0 29.45 0 1842.93 0 0 1842.93
0 0 29.35 0 1842.93 0 0 1842.93
0 0 29.4 0 1842.93 0 0 1842.93
0 0 29.4 0 1842.93 0 0 1842.93
0 0 29.4 0 1842.93 0 0 1842.93
0 0 29.4 0 1842.93 0 0 1842.93
0 0 29.4 0 1842.93 0 0 1842.93
0 0 29.4 0 1842.93 0 0 1842.93
0 0 29.4 0 1842.93 0 0 1842.93
0 0 29.3 0 1842.93 0 0 1842.93
0 0 29.3 0 1842.93 0 0 1842.93
0 0 29.35 0 1842.93 0 0 1842.93
0 0 29.25 0 1842.93 0 0 1842.93
0 0 29.2 0 1842.93 0 0 1842.93
0 0 29.15 0 1842.93 0 0 1842.93
0 0 29.05 0 1842.93 0 0 1842.93
0 0 29.05 0 1842.93 0 0 1842.93
0 0 29.05 0 1842.93 0 0 1842.93
0 0 29 0 1842.93 0 0 1842.93
0 0 29 0 1842.93 0 0 1842.93
0 0 29 0 1842.93 0 0 1842.93
0 0 29.05 0 1842.93 0 0 1842.93
0 0 29 0 1842.93 0 0 1842.93
0 0 29.05 0 1842.93 0 0 1842.93
0 0 29.05 0 1842.93 0 0 1842.93
0 0 29.05 0 1842.93 0 0 1842.93
0 0 29.05 0 1842.93 0 0 1842.93
0 0 29.05 0 1842.93 0 0 1842.93
0 0 28.95 0 1842.93 0 0 1842.93
0 0 28.9 0 1842.93 0 0 1842.93
0 0 28.9 0 1842.93 0 0 1842.93
0 0 28.8 0 1842.93 0 0 1842.93
0 0 28.85 0 1842.93 0 0 1842.93
0 0 28.9 0 1842.93 0 0 1842.93
0 0 28.9 0 1842.93 0 0 1842.93
0 0 29 0 1842.93 0 0 1842.93
0 0 29 0 1842.93 0 0 1842.93
0 0 28.9 0 1842.93 0 0 1842.93
0 0 28.45 0 1842.93 0 0 1842.93
0 0 27.8 0 1842.93 0 0 1842.93
0 0 27.5 0 1842.93 0 0 1842.93
0 0 27.5 0 1842.93 0 0 1842.93
0 0 27.55 0 1842.93 0 0 1842.93
0 0 27.5 0 1842.93 0 0 1842.93
0 0 27.55 0 1842.93 0 0 1842.93
0 0 27.5 0 1842.93 0 0 1842.93
0 0 27.55 0 1842.93 0 0 1842.93
0 0 27.55 0 1842.93 0 0 1842.93
0 0 27.65 0 1842.93 0 0 1842.93
0 0 27.8 0 1842.93 0 0 1842.93
0 0 27.85 0 1842.93 0 0 1842.93
0 0 27.9 0 1842.93 0 0 1842.93
0 0 27.95 0 1842.93 0 0 1842.93
0 0 28 0 1842.93 0 0 1842.93
0 0 28 0 1842.93 0 0 1842.93
0 0 28.05 0 1842.93 0 0 1842.93
0 0 28.05 0 1842.93 0 0 1842.93
0 0 28.15 0 1842.93 0 0 1842.93
0 0 28.65 0 1842.93 0 0 1842.93
0 0 29.35 0 1842.93 0 0 1842.93
0 0 29.6 0 1842.93 0 0 1842.93
0 0 29.65 0 1842.93 0 0 1842.93
0 0 29.65 0 1842.93 0 0 1842.93
0 0 29.65 0 1842.93 0 0 1842.93
0 0 29.65 0 1842.93 0 0 1842.93
0 0 29.7 0 1842.93 0 0 1842.93
0 0 29.7 0 1842.93 0 0 1842.93
0 0 29.5 0 1842.93 0 0 1842.93
0 0 28.6 0 1842.93 0 0 1842.93
0 0 27.6 0 1842.93 0 0 1842.93
0 0 26.6 0 1842.93 0 0 1842.93
0 0 25.7 0 1842.93 0 0 1842.93
0 0 24.7 0 1842.93 0 0 1842.93
0 0 23.7 0 1842.93 0 0 1842.93
0 0 22.8 0 1842.93 0 0 1842.93
0 0 21.8 0 1842.93 0 0 1842.93
0 0 20.85 0 1842.93 0 0 1842.93
0 0 19.9 0 1842.93 0 0 1842.93
0 0 18.95 0 1842.93 0 0 1842.93
0 0 17.95 0 1842.93 0 0 1842.93
0 0 17.05 0 1842.93 0 0 1842.93
0 0 16.05 0 1842.93 0 0 1842.93
0 0 15.1 0 1842.93 0 0 1842.93
0 0 14.2 0 1842.93 0 0 1842.93
0 0 13.2 0 1842.93 0 0 1842.93
0 0 12.25 0 1842.93 0 0 1842.93
0 0 11.3 0 1842.93 0 0 1842.93
0 0 10.5 0 1842.93 0 0 1842.93
0 0 10.5 0 1842.93 0 0 1842.93
0 0 10.55 0 1842.93 0 0 1842.93
0 0 10.55 0 1842.93 0 0 1842.93
0 0 10.55 0 1842.93 0 0 1842.93
0 0 10.6 0 1842.93 0 0 1842.93
0 0 10.6 0 1842.93 0 0 1842.93
0 0 10.6 0 1842.93 0 0 1842.93
0 0 10.65 0 1842.93 0 0 1842.93
0 0 10.6 0 1842.93 0 0 1842.93
0 0 10.65 0 1842.93 0 0 1842.93
0 0 10.65 0 1842.93 0 0 1842.93
0 0 10.7 0 1842.93 0 0 1842.93
0 0 10.7 0 1842.93 0 0 1842.93
0 0 10.7 0 1842.93 0 0 1842.93
0 0 10.7 0 1842.93 0 0 1842.93
0 0 10.7 0 1842.93 0 0 1842.93
0 0 10.75 0 1842.93 0 0 1842.93
0 0 10.75 0 1842.93 0 0 1842.93
0 0 10.7 0 1842.93 0 0 1842.93
0 0 10.75 0 1842.93 0 0 1842.93
0 0 10.75 0 1842.93 0 0 1842.93
0 0 10.75 0 1842.93 0 0 1842.93
0 0 10.8 0 1842.93 0 0 1842.93
0 0 10.75 0 1842.93 0 0 1842.93
0 0 10.75 0 1842.93 0 0 1842.93
0 0 10.8 0 1842.93 0 0 1842.93
0 0 10.8 0 1842.93 0 0 1842.93
0 0 10.75 0 1842.93 0 0 1842.93
0 0 10.8 0 1842.93 0 0 1842.93
0 0 10.8 0 1842.93 0 0 1842.93
0 0 10.8 0 1842.93 0 0 1842.93
0 0 10.8 0 1842.93 0 0 1842.93
0 0 10.8 0 1842.93 0 0 1842.93
0 0 10.85 0 1842.93 0 0 1842.93
0 0 10.8 0 1842.93 0 0 1842.93
0 0 10.8 0 1842.93 0 0 1842.93
0 0 10.8 0 1842.93 0 0 1842.93
0 0 10.8 0 1842.93 0 0 1842.93
0 0 10.85 0 1842.93 0 0 1842.93
0 0 10.85 0 1842.93 0 0 1842.93
0 0 10.85 0 1842.93 0 0 1842.93
0 0 10.85 0 1842.93 0 0 1842.93
0 0 10.85 0 1842.93 0 0 1842.93
0 0 10.9 0 1842.93 0 0 1842.93
0 0 10.9 0 1842.93 0 0 1842.93
0 0 10.85 0 1842.93 0 0 1842.93
0 0 10.85 0 1842.93 0 0 1842.93
0 0 10.9 0 1842.93 0 0 1842.93
0 0 10.9 0 1842.93 0 0 1842.93
0 0 10.9 0 1842.93 0 0 1842.93
0 0 10.9 0 1842.93 0 0 1842.93
0 0 10.9 0 1842.93 0 0 1842.93
0 0 10.9 0 1842.93 0 0 1842.93
0 0 10.9 0 1842.93 0 0 1842.93
0 0 10.95 0 1842.93 0 0 1842.93
0 0 10.95 0 1842.93 0 0 1842.93
0 0 10.95 0 1842.93 0 0 1842.93
0 0 10.9 0 1842.93 0 0 1842.93
0 0 10.95 0 1842.93 0 0 1842.93
0 0 10.9 0 1842.93 0 0 1842.93
0 0 10.9 0 1842.93 0 0 1842.93
0 0 10.9 0 1842.93 0 0 1842.93
0 0 10.8 0 1842.93 0 0 1842.93
0 0 10.65 0 1842.93 0 0 1842.93
0 0 10.45 0 1842.93 0 0 1842.93
0 0 10.25 0 1842.93 0 0 1842.93
0 0 10.05 0 1842.93 0 0 1842.93
0 0 9.9 0 1842.93 0 0 1842.93
0 0 9.7 0 1842.93 0 0 1842.93
0 0 9.55 0 1842.93 0 0 1842.93
53.7 0 9.35 1 1842.93 0 68.95 0
564.75 0 8.8 0 1842.93 507 491.85 0
1104.65 0 8.25 0 1842.93 618 855.7 0
1643.5 0 7.7 0 1842.93 621 1226.5 0
2160.75 0 7.15 0 1842.93 580 1540.95 0
2682.75 0 6.6 0 1842.93 587 1837 0
3233.85 0 6.05 0 1842.93 620 2113.8 0
3797.4 0 5.55 0 1842.93 631 2396.45 0
4362 0 4.95 0 1842.93 621 2643.6 0
4934.1 0 4.45 0 1842.93 616 2882.25 0
5489.15 0 3.9 0 1842.93 603 3095.4 0
6038.75 0 3.35 0 1842.93 601 3278.6 0
6620.7 0 2.9 0 1842.93 627 3468.4 0
7132.85 0 2.5 0 1842.93 562 3622.65 0
7628.3 0 2.15 0 1842.93 535 3767.45 0
8147.4 0 1.85 0 1842.93 549 3898.3 0
8645.85 0 1.5 0 1842.93 532 4034.85 0
9155.05 0 1.1 0 1842.93 550 4159.3 0
9673 0 0.75 0 1842.93 555 4277.15 0
10187.5 0 0.35 0 1842.93 548 4391.1 0
10620.6 0 0 0 1842.93 580 4432.15 0
10636.6 0 0 0 1842.93 573 4101.85 0
10580.8 0 0 0 1842.93 522 3829.65 0
10540.2 0 0 0 1842.93 517 3544.35 0
10458.5 0 0 0 1842.93 534 3301.25 0
10465.5 0 0 0 1842.93 551 3090.65 0
10399.1 0 0 0 1842.93 523 2889.3 0
10260 0 0 0 1842.93 419 2668.6 0
10210.4 0 0 0 1842.93 554 2489.25 0
10168.7 0 0 0 1842.93 569 2317.9 0
10099.8 0 0 0 1842.93 519 2164.9 0
9991 0 0 0 1842.93 638 2032.6 0
9951 0 0 0 1842.93 584 1901.95 0
9946.5 0 0 0 1842.93 528 1804.4 0
9954.9 0 0 0 1842.93 526 1709.35 0
9856.6 0 0 0 1842.93 530 1618.8 0
9858.45 0 0 0 1842.93 536 1535.15 0
9881.9 0 0 0 1842.93 587 1461.85 0
9959.3 0 0 0 1842.93 638 1396.75 0
9879.35 0 0 0 1842.93 545 1322.15 0
9953.95 0 0 0 1842.93 593 1259.7 0
10018.9 0 0 0 1842.93 632 1211.45 0
10099.2 0 0 0 1842.93 611 1163.9 0
10076.5 0 0 0 1842.93 598 1112.95 0
10105.5 0 0 0 1842.93 524 1075.25 0
9987.7 0 0 0 1842.93 474 1016.3 0
9974.15 0 0 0 1842.93 565 972.15 0
9964.8 0 0 0 1842.93 466 939 0
9985.1 0 0 0 1842.93 554 903.7 0
9989.2 0 0 0 1842.93 559 868.2 0
10026.9 0 0 0 1842.93 554 836.9 0
10063 0 0 0 1842.93 541 813.05 0
10044 0 0 0 1842.93 559 781.15 0
10007 0 0 0 1842.93 522 745.85 0
9973.75 0 0 0 1842.93 516 722.4 0
10073.3 0 0 0 1842.93 550 708.1 0
10064.6 0 0 0 1842.93 608 677.95 0
9958 0 0 0 1842.93 516 644.25 0
9914.05 0 0 0 1842.93 588 614.1 0
9908.6 0 0 0 1842.93 511 592.35 0
9842.9 0 0 0 1842.93 551 566.95 0
9755.85 0 0 0 1842.93 532 544 0
9690.15 0 0 0 1842.93 525 519.5 0
9668.95 0 0 0 1842.93 520 504.25 0
9692.15 0 0 0 1842.93 548 487.55 0
9740.1 0 0 0 1842.93 564 477.7 0
9786.65 0 0 0 1842.93 558 462.65 0
9800.6 0 0 0 1842.93 492 449.2 0
9876 0 0 0 1842.93 638 438.75 0
9792.75 0 0 0 1842.93 593 421.2 0
9813.65 0 0 0 1842.93 585 407.5 0
9937.8 0 0 0 1842.93 644 398.75 0
10022.4 0 0 0 1842.93 644 391.5 0
10031.3 0 0 0 1842.93 516 383.4 0
10030.8 0 0 0 1842.93 570 371.1 0
9977.4 0 0 0 1842.93 505 358.6 0
10053.4 0 0 0 1842.93 615 351.05 0
10217 0 0 0 1842.93 629 349.9 0
10241.2 0 0 0 1842.93 617 343.55 0
10332 0 0 0 1842.93 694 339.85 0
10381.8 0 0 0 1842.93 579 331.5 0
10494.5 0 0 0 1842.93 664 326.75 0
10577.6 0 0 0 1842.93 618 321.7 0
10744.9 0 0 0 1842.93 660 318.2 0
10652.9 0 0 0 1842.93 498 310.65 0
10696.8 0 0 0 1842.93 533 305.4 0
10632.9 0 0 0 1842.93 572 301.35 0
10779.4 0 0 0 1842.93 608 299.25 0
10725.5 0 0 0 1842.93 594 290.15 0
10821.4 0 0 0 1842.93 606 288.4 0
10880.6 0 0 0 1842.93 631 289.15 0
10845.2 0 0 0 1842.93 674 283.35 0
10746.4 0 0 0 1842.93 573 275.35 0
10832.7 0 0 0 1842.93 637 274.4 0
10923.4 0 0 0 1842.93 643 272.45 0
10906.5 0 0 0 1842.93 607 268.25 0
10818.6 0 0 0 1842.93 597 263.15 0
10801.5 0 0 0 1842.93 598 259 0
10807.5 0 0 0 1842.93 612 253.45 0
10813.4 0 0 0 1842.93 559 249.6 0
10688 0 0 0 1842.93 508 245.55 0
10589.3 0 0 0 1842.93 558 239.35 0
10501.9 0 0 0 1842.93 528 235.4 0
10426.6 0 0 0 1842.93 580 230.7 0
10536.1 0 0 0 1842.93 531 231.9 0
10523.1 0 0 0 1842.93 534 231.8 0
10595.8 0 0 0 1842.93 550 229.7 0
10551.9 0 0 0 1842.93 561 225.95 0
10493 0 0 0 1842.93 520 221.5 0
10458.8 0 0 0 1842.93 533 217.95 0
10359.8 0 0 0 1842.93 547 213.1 0
10319.1 0 0 0 1842.93 560 210.9 0
10315.9 0 0 0 1842.93 531 209.35 0
10260.3 0 0 0 1842.93 530 206.2 0
10233 0 0 0 1842.93 587 203 0
10323.8 0 0 0 1842.93 576 206.05 0
10348.7 0 0 0 1842.93 520 205.85 0
10256.8 0 0 0 1842.93 508 202.5 0
10180.8 0 0 0 1842.93 542 200.65 0
10171 0 0 0 1842.93 572 197.95 0
10282 0 0 0 1842.93 573 203.5 0
10222.8 0 0 0 1842.93 518 204.15 0
10244.5 0 0 0 1842.93 539 205.85 0
10133.6 0 0 0 1842.93 519 203.8 0
10082.2 0 0 0 1842.93 501 202.55 0
10014.3 0 0 0 1842.93 475 202.9 0
9989 0 0 0 1842.93 533 205.8 0
9829.8 0 0 0 1842.93 408 204.45 0
9830.15 0 0 0 1842.93 511 206.45 0
9716.9 0 0 0 1842.93 445 205.9 0
9762.6 0 0 0 1842.93 574 205.9 0
9745.35 0 0 0 1842.93 550 212 0
9745.35 0 0 0 1842.93 536 213.3 0
9663.85 0 0 0 1842.93 575 213.25 0
9639.05 0 0 0 1842.93 574 215.7 0
9578.6 0 0 0 1842.93 591 212.55 0
9610 0 0 0 1842.93 566 219.15 0
9618.55 0 0 0 1842.93 662 221 0
9699.75 0 0 0 1842.93 628 224.35 0
9722.45 0 0 0 1842.93 572 228.7 0
9717.75 0 0 0 1842.93 618 224.6 0
9812.6 0 0 0 1842.93 585 229.35 0
9765.25 0 0 0 1842.93 558 229.55 0
9877.35 0 0 0 1842.93 667 232.45 0
10016.2 0 0 0 1842.93 633 233.65 0
10107.8 0 0 0 1842.93 679 237.05 0
10160.7 0 0 0 1842.93 592 237.2 0
10335.8 0 0 0 1842.93 593 242.65 0
10259.6 0 0 0 1842.93 492 242.1 0
10434.1 0 0 0 1842.93 647 245.7 0
10414.4 0 0 0 1842.93 570 248.9 0
10384.4 0 0 0 1842.93 532 244.65 0
10427.3 0 0 0 1842.93 566 245.8 0
10596.1 0 0 0 1842.93 640 250.7 0
10533.2 0 0 0 1842.93 589 247.75 0
10616.8 0 0 0 1842.93 594 255.55 0
10558.5 0 0 0 1842.93 553 251.4 0
10631.4 0 0 0 1842.93 631 252.1 0
10480 0 0 0 1842.93 516 249.95 0
10524.4 0 0 0 1842.93 611 250.5 0
10550.1 0 0 0 1842.93 582 256.75 0
10600.4 0 0 0 1842.93 652 254.9 0
10672.8 0 0 0 1842.93 613 253.3 0
10710.2 0 0 0 1842.93 625 254.45 0
10727 0 0 0 1842.93 636 261.95 0
10669.5 0 0 0 1842.93 545 258 0
10704.2 0 0 0 1842.93 633 257.5 0
10673.1 0 0 0 1842.93 766 255.3 0
10778.7 0 0 0 1842.93 623 257.45 0
10658 0 0 0 1842.93 618 278.55 0
10534 0 0 0 1842.93 503 296.1 0
10616.5 0 0 0 1842.93 599 319.7 0
10618 0 0 0 1842.93 596 331.7 0
10573.9 0 0 0 1842.93 593 342.5 0
10718.5 0 0 0 1842.93 631 359.6 0
10734.9 0 0 0 1842.93 624 361.55 0
10853.5 0 0 0 1842.93 638 368.7 0
10880.1 0 0 0 1842.93 622 429.75 0
11028.6 0 0 0 1842.93 635 470.95 0
10937.4 0 0 0 1842.93 529 502.45 0
10900.4 0 0 0 1842.93 547 555.2 0
10761 0 0 0 1842.93 518 593.45 0
10642.2 0 0 0 1842.93 456 628.25 0
10477.1 0 0 0 1842.93 489 684.3 0
10287.1 0 0 0 1842.93 438 725.75 0
10338.4 0 0 0 1842.93 533 782.8 0
10247.8 0 0 0 1842.93 520 866.1 0
10227.6 0 0 0 1842.93 548 937.25 0
10200.5 0 0 0 1842.93 509 1018.6 0
10243.2 0 0 0 1842.93 524 1080.1 0
10338.9 0 0 0 1842.93 536 1147.65 0
10310.8 0 0 0 1842.93 580 1229.45 0
10237 0 0 0 1842.93 505 1338.15 0
10180.9 0 0 0 1842.93 489 1434.75 0
10112.8 0 0 0 1842.93 543 1525.15 0
10004.4 0 0 0 1842.93 605 1604.25 0
9898.35 0 0 0 1842.93 533 1711.75 0
9735.45 0 0 0 1842.93 469 1733.9 0
9660.55 0 0 0 1842.93 560 1812.65 0
9583.75 0 0 0 1842.93 490 1854.15 0
9576.85 0 0 0 1842.93 543 1921.5 0
9594.7 0 0 0 1842.93 502 1978.2 0
9703.15 0 0 0 1842.93 568 2051.95 0
9816.3 0 0 0 1842.93 574 2103.5 0
9880.45 0 0 0 1842.93 519 2141.55 0
9849.95 0 0 0 1842.93 555 2169.3 0
9851.85 0 0 0 1842.93 538 2171.75 0
9889.35 0 0 0 1842.93 566 2191.15 0
9832.9 0 0 0 1842.93 506 2199.85 0
9828.5 0 0 0 1842.93 533 2195 0
9791.4 0 0 0 1842.93 500 2202.2 0
9770.55 0 0 0 1842.93 547 2183.9 0
9813.3 0 0 0 1842.93 545 2180.65 0
9746.95 0 0 0 1842.93 499 2169 0
9731.2 0 0 0 1842.93 538 2182.1 0
9739.9 0 0 0 1842.93 490 2199.3 0
9748.15 0 0 0 1842.93 571 2208.85 0
9822.3 0 0 0 1842.93 525 2241.9 0
9629.75 0 0 0 1842.93 489 2198.3 0
9728.7 0 0 0 1842.93 556 2248.15 0
9677.2 0 0 0 1842.93 478 2228.2 0
9555.25 0 0 0 1842.93 515 2227.4 0
9538.65 0 0 0 1842.93 538 2274.25 0
9545.85 0 0 0 1842.93 585 2325.05 0
9575.05 0 0 0 1842.93 552 2379.5 0
9600.2 0 0 0 1842.93 534 2448.75 0
9602.9 0 0 0 1842.93 548 2517.75 0
9572.25 0 0 0 1842.93 555 2603.7 0
9539.3 0 0 0 1842.93 479 2645.4 0
9444.5 0 0 0 1842.93 448 2711.75 0
9517.05 0 0 0 1842.93 593 2812.7 0
9530.1 0 0 0 1842.93 572 2928.3 0
9537.2 0 0 0 1842.93 561 3020.2 0
9583.55 0 0 0 1842.93 516 3112 0
9512.05 0 0 0 1842.93 673 3186.9 0
9421.9 0 0 0 1842.93 432 3229.4 0
9381.3 0 0 0 1842.93 493 3295.45 0
9350.65 0 0 0 1842.93 504 3368.35 0
9499.15 0 0 0 1842.93 499 3512.5 0
9535.2 0 0 0 1842.93 603 3647.7 0
9596 0 0 0 1842.93 558 3780.75 0
9684.4 0 0 0 1842.93 621 3882.65 0
9613.5 0 0 0 1842.93 477 3968.6 0
9575.05 0 0 0 1842.93 553 4064.5 0
9537.7 0 0 0 1842.93 523 4177.65 0
9534.45 0 0 0 1842.93 559 4295.45 0
9505 0 0 0 1842.93 526 4387.35 0
9516.7 0 0 0 1842.93 565 4511.65 0
9600.6 0 0 0 1842.93 540 4683.1 0
9670.95 0 0 0 1842.93 518 4842.05 0
9628.25 0 0 0 1842.93 561 4934.15 0
9604.25 0 0 0 1842.93 565 5053.3 0
9548.15 0 0 0 1842.93 529 5122.3 0
9514.95 0 0 0 1842.93 496 5200.55 0
9451.7 0 0 0 1842.93 529 5253.6 0
9578.9 0 0 0 1842.93 593 5476.65 0
9595.35 0 0 0 1842.93 535 5592.05 0
9598.2 0 0 0 1842.93 509 5720.2 0
9629.55 0 0 0 1842.93 591 5876.25 0
9522.7 0 0 0 1842.93 481 5951.4 0
9436.85 0 0 0 1842.93 507 6067.9 0
9445.8 0 0 0 1842.93 517 6225.9 0
9480.45 0 0 0 1842.93 562 6394.75 0
9460.55 0 0 0 1842.93 544 6526.85 0
9375.9 0 0 0 1842.93 432 6567.15 0
9331.6 0 0 0 1842.93 512 6646.8 0
9327.65 0 0 0 1842.93 556 6840.35 0
9284.15 0 0 0 1842.93 554 6948.15 0
9240.85 0 0 0 1842.93 530 7059.25 0
9228.55 0 0 0 1842.93 531 7131.5 0
9205.5 0 0 0 1842.93 612 7361.95 0
9106.8 0 0 0 1842.93 922 7377.9 0
8636.75 0 0 0 1842.93 2656 7086.65 0
8192.6 0 0 0 1842.93 2476 6806.8 0
7820.85 0 0 0 1842.93 2617 6549.9 0
7303.2 0 0 0 1842.93 2447 6169.1 0
6828.55 0 0 0 1842.93 2553 5851.1 0
6356.6 0 0 0 1842.93 2483 5522.45 0
5860.2 0 0 0 1842.93 2526 5135.85 0
5417 0 0 0 1842.93 2503 4790.4 0
4985.35 0 0 0 1842.93 2599 4423.25 0
4526.65 0 0 0 1842.93 2562 4055.2 0
4048.6 0 0 0 1842.93 2595 3634.1 0
3566.75 0 0 0 1842.93 2431 3234.6 0
3175.8 0 0 0 1842.93 2526 2929.15 0
2721.4 0 0 0 1842.93 2639 2566.55 0
2251.95 0 0 0 1842.93 2612 2113.7 0
1780.5 0 0 0 1842.93 2512 1693.7 0
1328.85 0 0 0 1842.93 2480 1267.3 0
873.9 0 0 0 1842.93 2547 880 0
401.55 0 0 0 1842.93 2514 349.95 0
0 0 0 0 1842.93 2464 0 0
0 0 0 0 1842.93 2626 0 0
0 0 0 0 1842.93 2413 0 0
0 0 0 0 1842.93 2683 0 0
0 0 0 0 1842.93 2500 0 0
0 0 0 0 1842.93 2420 0 0
0 0 0 0 1842.93 2403 0 0
0 0 0 0 1842.93 2485 0 0
0 0 0 0 1842.93 2543 0 0
0 0 0 0 1842.93 2331 0 0
0 0 0 0 1842.93 2413 0 0
0 0 0 0 1842.93 2626 0 0
0 0 0 0 1842.93 2623 0 0
0 0 0 0 1842.93 2249 0 0
0 0 0 0 1842.93 2508 0 0
0 0 0 0 1842.93 2535 0 0
0 0 0 0 1842.93 2410 0 0
0 0 0 0 1842.93 2380 0 0
0 0 0 0 1842.93 2344 0 0
0 0 0 0 1842.93 2515 0 0
0 0 0 0 1842.93 2377 0 0
0 0 0 0 1842.93 2497 0 0
0 0 0 0 1842.93 2438 0 0
0 0 0 0 1842.93 2473 0 0
0 0 0 0 1842.93 2446 0 0
0 0 0 0 1842.93 2383 0 0
0 0 0 0 1842.93 2401 0 0
0 0 0 0 1842.93 2526 0 0
0 0 0 0 1842.93 2590 0 0
0 0 0 0 1842.93 2636 0 0
0 0 0 0 1842.93 2611 0 0
0 0 0 0 1842.93 2517 0 0
0 0 0 0 1842.93 2779 0 0
0 0 0 0 1842.93 2771 0 0
0 0 0 0 1842.93 2761 0 0
0 0 0 0 1842.93 2965 0 0
0 0 0 0 1842.93 2846 0 0
0 0 0 0 1842.93 2945 0 0
0 0 0 0 1842.93 2662 0 0
0 0 0 0 1842.93 1143 0 0
0 0 0 0 1842.93 14 0 0
0 0 0 0 1842.93 1326 0 0
0 0 0 0 1842.93 2408 0 0
0 0 0 0 1842.93 2455 0 0
0 0 0 0 1842.93 2372 0 0
0 0 0 0 1842.93 2480 0 0
0 0 0 0 1842.93 2533 0 0
0 0 0 0 1842.93 2632 0 0
0 0 0 0 1842.93 2580 0 0
0 0 0 0 1842.93 2282 0 0
0 0 0 0 1842.93 2463 0 0
0 0 0 0 1842.93 2713 0 0
0 0 0 0 1842.93 2412 0 0
0 0 0 0 1842.93 2421 0 0
0 0 0 0 1842.93 2613 0 0
0 0 0 0 1842.93 2478 0 0
0 0 0 0 1842.93 2334 0 0
0 0 0 0 1842.93 2484 0 0
0 0 0 0 1842.93 2395 0 0
0 0 0 0 1842.93 2685 0 0
0 0 0 0 1842.93 2395 0 0
0 0 0 0 1842.93 2439 0 0
0 0 0 0 1842.93 2367 0 0
0 0 0 0 1842.93 2542 0 0
0 0 0 0 1842.93 2494 0 0
0 0 0 0 1842.93 2374 0 0
0 0 0 0 1842.93 2360 0 0
0 0 0 0 1842.93 2477 0 0
0 0 0 0 1842.93 2357 0 0
0 0 0 0 1842.93 2349 0 0
0 0 0 0 1842.93 2368 0 0
0 0 0 0 1842.93 2509 0 0
0 0 0 0 1842.93 2430 0 0
0 0 0 0 1842.93 2306 0 0
0 0 0 0 1842.93 2369 0 0
0 0 0 0 1842.93 2512 0 0
0 0 0 0 1842.93 2360 0 0
0 0 0 0 1842.93 2586 0 0
0 0 0 0 1842.93 2323 0 0
0 0 0 0 1842.93 2535 0 0
0 0 0 0 1842.93 2424 0 0
0 0 0 0 1842.93 2424 0 0
0 0 0 0 1842.93 2439 0 0
0 0 0 0 1842.93 2530 0 0
0 0 0 0 1842.93 2533 0 0
0 0 0 0 1842.93 2770 0 0
0 0 0 0 1842.93 2597 0 0
0 0 0 0 1842.93 2714 0 0
0 0 0 0 1842.93 2320 0 0
0 0 0 0 1842.93 2426 0 0
0 0 0 0 1842.93 2360 0 0
0 0 0 0 1842.93 2428 0 0
0 0 0 0 1842.93 2419 0 0
0 0 0 0 1842.93 2315 0 0
0 0 0 0 1842.93 2345 0 0
0 0 0 0 1842.93 2457 0 0
0 0 0 0 1842.93 2468 0 0
0 0 0 0 1842.93 2538 0 0
0 0 0 0 1842.93 2395 0 0
0 0 0 0 1842.93 2496 0 0
0 0 0 0 1842.93 2419 0 0
0 0 0 0 1842.93 2527 0 0
0 0 0 0 1842.93 2438 0 0
0 0 0 0 1842.93 2477 0 0
0 0 0 0 1842.93 2316 0 0
0 0 0 0 1842.93 2312 0 0
0 0 0 0 1842.93 2219 0 0
0 0 0 0 1842.93 2476 0 0
0 0 0 0 1842.93 2421 0 0
0 0 0 0 1842.93 2325 0 0
0 0 0 0 1842.93 2419 0 0
0 0 0 0 1842.93 2561 0 0
0 0 0 0 1842.93 1981 0 0
0 0 0 0 1842.93 11 0 0
0 0 0 0 1842.93 14 0 0
0 0 0 0 1842.93 18 0 0
0 0 0 0 1842.93 20 0 0
0 0 0 0 1842.93 24 0 0
0 0 0 0 1842.93 22 0 0
0 0 0 0 1842.93 25 0 0
0 0 0 0 1842.93 25 0 0
0 0 0 0 1842.93 28 0 0
0 0 0 0 1842.93 28 0 0
0 0 0 0 1842.93 27 0 0
289.95 0 0 0 1842.93 813 236.95 0
807.8 0 0 0 1842.93 154 614.5 0
1300.4 0 0 0 1842.93 569 910.9 0
1761.2 0 0 0 1842.93 794 1189.95 0
2212.75 0 0 0 1842.93 611 1422.3 0
2769.45 0 0 0 1842.93 639 1698.65 0
3298.95 0 0 0 1842.93 595 1934.5 0
3765.4 0 0 0 1842.93 525 2102.7 0
4181.95 0 0 0 1842.93 455 2263.5 0
4705.3 0 0 0 1842.93 576 2448.25 0
5309.15 0 0 0 1842.93 648 2641.9 0
5916.4 0 0 0 1842.93 660 2827.35 0
6357.7 0 0 0 1842.93 509 2944.2 0
6866.9 0 0 0 1842.93 552 3072.75 0
7356.3 0 0 0 1842.93 512 3187.3 0
7965.45 0 0 0 1842.93 644 3307.45 0
8526.65 0 0 0 1842.93 595 3419.8 0
9052.85 0 0 0 1842.93 572 3524.95 0
9556.6 0 0 0 1842.93 514 3623.3 0
10088.8 0 0 0 1842.93 551 3714.25 0
10343.5 0 0 0 1842.93 571 3587.95 0
10345.3 0 0 0 1842.93 538 3299.15 0
10414 0 0 0 1842.93 602 3096.2 0
10532.1 0 0 0 1842.93 632 2899.15 0
10619.8 0 0 0 1842.93 579 2744.35 0
10613 0 0 0 1842.93 590 2537.4 0
10589.1 0 0 0 1842.93 517 2363.9 0
10737.3 0 0 0 1842.93 657 2278.65 0
10926 0 0 0 1842.93 637 2185 0
10948.4 0 0 0 1842.93 584 2063.9 0
10873.9 0 0 0 1842.93 577 1930.9 0
10865 0 0 0 1842.93 618 1803.85 0
11017.9 0 0 0 1842.93 630 1756.15 0
11075.9 0 0 0 1842.93 607 1678.6 0
11175.7 0 0 0 1842.93 632 1617.1 0
11157.4 0 0 0 1842.93 631 1555.2 0
11158.4 0 0 0 1842.93 590 1489.75 0
11178.1 0 0 0 1842.93 585 1432.15 0
11240.3 0 0 0 1842.93 606 1385.15 0
11264.8 0 0 0 1842.93 611 1340.3 0
11262.4 0 0 0 1842.93 570 1269.65 0
11287 0 0 0 1842.93 583 1235.25 0
11223.3 0 0 0 1842.93 523 1179.2 0
11141.1 0 0 0 1842.93 681 1131.05 0
11202.1 0 0 0 1842.93 636 1103 0
11145.4 0 0 0 1842.93 589 1067.15 0
11031.8 0 0 0 1842.93 570 1028.05 0
10942.5 0 0 0 1842.93 594 977.45 0
10854.2 0 0 0 1842.93 544 946.65 0
10847.1 0 0 0 1842.93 614 918.7 0
10879.5 0 0 0 1842.93 658 891.45 0
10849.6 0 0 0 1842.93 626 866.8 0
10790.3 0 0 0 1842.93 567 832.85 0
10755.2 0 0 0 1842.93 563 813 0
10604.2 0 0 0 1842.93 733 784.3 0
10057.6 0 0 0 1842.93 2499 728.35 0
9983.1 0 0 0 1842.93 684 712.55 0
9916.95 0 0 0 1842.93 543 697.4 0
9847.35 0 0 0 1842.93 532 672.05 0
9801.9 0 0 0 1842.93 533 652.5 0
9719.1 0 0 0 1842.93 619 638.15 0
9627.25 0 0 0 1842.93 598 605.55 0
9536.05 0 0 0 1842.93 630 590 0
9582.05 0 0 0 1842.93 587 581.2 0
9358.3 0 0 0 1842.93 477 547.25 0
9350.9 0 0 0 1842.93 510 537.9 0
9464.2 0 0 0 1842.93 536 538.05 0
9483.3 0 0 0 1842.93 569 529.6 0
9506.9 0 0 0 1842.93 552 517 0
9436.1 0 0 0 1842.93 561 500.2 0
9410.8 0 0 0 1842.93 578 489.7 0
9366.1 0 0 0 1842.93 556 475.95 0
9247.9 0 0 0 1842.93 517 457 0
9193.8 0 0 0 1842.93 523 444.3 0
9306.05 0 0 0 1842.93 571 443.55 0
9725.75 0 0 0 1842.93 611 461.6 0
9766.15 0 0 0 1842.93 575 450.35 0
9737.9 0 0 0 1842.93 492 433.5 0
9658.55 0 0 0 1842.93 537 423.2 0
9674.7 0 0 0 1842.93 560 418.6 0
9736.75 0 0 0 1842.93 562 411.65 0
9679.4 0 0 0 1842.93 477 404.75 0
9770.6 0 0 0 1842.93 515 399.6 0
9689.65 0 0 0 1842.93 578 392.05 0
9826.85 0 0 0 1842.93 533 393.95 0
9836.15 0 0 0 1842.93 522 387.65 0
9824.7 0 0 0 1842.93 520 381.55 0
9796.1 0 0 0 1842.93 549 373.85 0
9756.3 0 0 0 1842.93 528 371.35 0
9823.45 0 0 0 1842.93 565 371.85 0
9729.55 0 0 0 1842.93 494 363.55 0
9754 0 0 0 1842.93 580 361.95 0
9872.05 0 0 0 1842.93 557 364.55 0
9861.2 0 0 0 1842.93 505 363.6 0
9841.5 0 0 0 1842.93 562 357.55 0
9851.25 0 0 0 1842.93 530 352.85 0
9823.05 0 0 0 1842.93 583 345.9 0
9859.8 0 0 0 1842.93 516 348.1 0
9929.45 0 0 0 1842.93 598 348.8 0
9905.35 0 0 0 1842.93 519 344.2 0
9900.6 0 0 0 1842.93 544 341.3 0
10033.5 0 0 0 1842.93 562 339.45 0
9983.5 0 0 0 1842.93 584 337.95 0
10008.9 0 0 0 1842.93 521 337.05 0
9912.1 0 0 0 1842.93 512 332.25 0
9863.9 0 0 0 1842.93 526 327.1 0
9873 0 0 0 1842.93 521 324.55 0
9760 0 0 0 1842.93 478 322.8 0
9705.4 0 0 0 1842.93 492 316.25 0
9643.2 0 0 0 1842.93 508 309.65 0
9720.6 0 0 0 1842.93 575 309.85 0
9690 0 0 0 1842.93 591 305.75 0
9564.7 0 0 0 1842.93 459 301.2 0
9528.45 0 0 0 1842.93 504 297.8 0
9560.75 0 0 0 1842.93 591 294.85 0
9671.75 0 0 0 1842.93 621 296.25 0
9711.65 0 0 0 1842.93 580 297.55 0
9790.45 0 0 0 1842.93 614 299.65 0
9875.5 0 0 0 1842.93 620 299.5 0
9956.05 0 0 0 1842.93 530 300.1 0
10046 0 0 0 1842.93 632 299.15 0
10129.8 0 0 0 1842.93 649 304.15 0
10243.8 0 0 0 1842.93 587 306.35 0
10329.4 0 0 0 1842.93 599 304.5 0
10501.6 0 0 0 1842.93 634 306.15 0
10601.4 0 0 0 1842.93 580 309.95 0
10668.5 0 0 0 1842.93 638 312.55 0
10769.5 0 0 0 1842.93 638 312.65 0
10886.2 0 0 0 1842.93 602 311.75 0
11030.4 0 0 0 1842.93 671 315.7 0
11115.2 0 0 0 1842.93 647 320.05 0
11215 0 0 0 1842.93 661 322.35 0
11402.3 0 0 0 1842.93 639 322.25 0
11576.4 0 0 0 1842.93 651 324.75 0
11610.4 0 0 0 1842.93 644 324.55 0
11546.4 0 0 0 1842.93 574 319.5 0
11558.2 0 0 0 1842.93 588 319.45 0
11538 0 0 0 1842.93 584 313.15 0
11560.4 0 0 0 1842.93 649 311.95 0
11527.8 0 0 0 1842.93 582 307.95 0
11497.2 0 0 0 1842.93 605 307 0
11477.6 0 0 0 1842.93 620 300.95 0
11537.2 0 0 0 1842.93 664 299 0
11541 0 0 0 1842.93 611 296.35 0
11533.4 0 0 0 1842.93 620 297.35 0
11583.4 0 0 0 1842.93 629 292 0
11609.9 0 0 0 1842.93 663 286.6 0
11630.4 0 0 0 1842.93 555 284.9 0
11605.4 0 0 0 1842.93 564 282.35 0
11508 0 0 0 1842.93 537 276.4 0
11425.2 0 0 0 1842.93 541 267.85 0
11287 0 0 0 1842.93 499 260.75 0
11193.4 0 0 0 1842.93 533 258.6 0
11103.3 0 0 0 1842.93 543 253.6 0
10996.3 0 0 0 1842.93 553 248.05 0
10967.5 0 0 0 1842.93 526 244.6 0
10921.2 0 0 0 1842.93 528 241.6 0
10876.4 0 0 0 1842.93 522 273.65 0
10786.8 0 0 0 1842.93 528 290.4 0
10738.5 0 0 0 1842.93 517 304.4 0
10674.6 0 0 0 1842.93 547 333.4 0
10477.4 0 0 0 1842.93 482 375.25 0
10363.9 0 0 0 1842.93 540 414.5 0
10278.9 0 0 0 1842.93 526 457.4 0
10175.6 0 0 0 1842.93 495 512.8 0
10090.7 0 0 0 1842.93 528 558 0
10044.7 0 0 0 1842.93 575 648.55 0
10058.3 0 0 0 1842.93 563 756.1 0
10042.1 0 0 0 1842.93 561 843.25 0
10017.2 0 0 0 1842.93 536 917.35 0
10024.5 0 0 0 1842.93 572 998.4 0
10095.6 0 0 0 1842.93 596 1087.05 0
10111.6 0 0 0 1842.93 556 1173.6 0
10155.4 0 0 0 1842.93 578 1273.7 0
10232 0 0 0 1842.93 591 1384.8 0
10276 0 0 0 1842.93 556 1493.15 0
10310.9 0 0 0 1842.93 581 1615.8 0
10278 0 0 0 1842.93 535 1695.7 0
10317.4 0 0 0 1842.93 584 1809.25 0
10320.2 0 0 0 1842.93 523 1910.45 0
10329.2 0 0 0 1842.93 557 1999.45 0
10441.5 0 0 0 1842.93 542 2098 0
10468 0 0 0 1842.93 563 2189.6 0
10398.9 0 0 0 1842.93 892 2265.1 0
9920.7 0 0 0 1842.93 812 2194.4 0
