60 GB	
0	
0	
0	
0	
0	
0	
0	
0	
0	
0	
4.8	
11.2	
16	
24	
28.8	
35.2	
41.6	
48	
52.8	
57.6	
64	
70.4	
76.8	
81.6	
88	
94.4	
100.8	
105.6	
110.4	
118.4	
118.4	
118.4	
118.4	
116.8	
118.4	
116.8	
116.8	
115.2	
116.8	
120	
118.4	
116.8	
118.4	
120	
118.4	
116.8	
115.2	
116.8	
118.4	
116.8	
116.8	
115.2	
116.8	
116.8	
116.8	
116.8	
115.2	
116.8	
116.8	
115.2	
115.2	
115.2	
113.6	
110.4	
112	
115.2	
115.2	
115.2	
115.2	
115.2	
115.2	
116.8	
115.2	
115.2	
115.2	
116.8	
116.8	
118.4	
118.4	
118.4	
121.6	
126.4	
128	
132.8	
134.4	
134.4	
139.2	
140.8	
142.4	
144	
147.2	
148.8	
152	
153.6	
155.2	
158.4	
161.6	
161.6	
164.8	
164.8	
164.8	
163.2	
164.8	
166.4	
166.4	
168	
166.4	
166.4	
164.8	
164.8	
163.2	
164.8	
164.8	
164.8	
163.2	
161.6	
161.6	
163.2	
161.6	
163.2	
163.2	
161.6	
160	
160	
160	
160	
158.4	
160	
161.6	
161.6	
164.8	
164.8	
163.2	
164.8	
166.4	
164.8	
168	
163.2	
163.2	
163.2	
161.6	
163.2	
163.2	
163.2	
161.6	
161.6	
161.6	
161.6	
160	
160	
158.4	
156.8	
158.4	
158.4	
156.8	
158.4	
156.8	
161.6	
161.6	
160	
163.2	
161.6	
161.6	
161.6	
163.2	
161.6	
163.2	
163.2	
164.8	
164.8	
164.8	
164.8	
166.4	
164.8	
168	
168	
166.4	
164.8	
163.2	
164.8	
163.2	
164.8	
166.4	
164.8	
164.8	
166.4	
166.4	
164.8	
163.2	
161.6	
163.2	
161.6	
161.6	
160	
158.4	
158.4	
158.4	
158.4	
160	
161.6	
161.6	
161.6	
160	
161.6	
161.6	
160	
158.4	
158.4	
160	
163.2	
163.2	
164.8	
164.8	
164.8	
164.8	
166.4	
166.4	
166.4	
168	
166.4	
161.6	
161.6	
161.6	
160	
163.2	
160	
161.6	
161.6	
163.2	
161.6	
160	
158.4	
156.8	
160	
160	
156.8	
155.2	
156.8	
155.2	
155.2	
160	
158.4	
160	
161.6	
156.8	
161.6	
160	
161.6	
160	
160	
158.4	
160	
161.6	
161.6	
161.6	
163.2	
163.2	
163.2	
163.2	
163.2	
164.8	
166.4	
164.8	
164.8	
164.8	
163.2	
164.8	
161.6	
158.4	
160	
161.6	
161.6	
160	
158.4	
158.4	
156.8	
158.4	
158.4	
158.4	
158.4	
156.8	
156.8	
158.4	
155.2	
156.8	
158.4	
158.4	
160	
163.2	
161.6	
161.6	
163.2	
163.2	
164.8	
164.8	
166.4	
168	
166.4	
166.4	
166.4	
166.4	
166.4	
164.8	
166.4	
168	
164.8	
164.8	
164.8	
166.4	
166.4	
166.4	
166.4	
168	
166.4	
166.4	
166.4	
166.4	
166.4	
168	
164.8	
164.8	
164.8	
164.8	
164.8	
161.6	
164.8	
166.4	
164.8	
164.8	
164.8	
164.8	
163.2	
163.2	
163.2	
161.6	
161.6	
161.6	
160	
156.8	
161.6	
161.6	
161.6	
161.6	
163.2	
168	
169.6	
171.2	
176	
179.2	
180.8	
185.6	
188.8	
190.4	
195.2	
200	
203.2	
204.8	
211.2	
216	
217.6	
220.8	
222.4	
227.2	
228.8	
228.8	
230.4	
228.8	
230.4	
228.8	
230.4	
230.4	
230.4	
232	
230.4	
230.4	
230.4	
230.4	
228.8	
227.2	
228.8	
228.8	
232	
228.8	
230.4	
230.4	
232	
233.6	
232	
232	
232	
232	
232	
230.4	
230.4	
232	
230.4	
228.8	
228.8	
230.4	
228.8	
230.4	
228.8	
232	
230.4	
232	
228.8	
228.8	
228.8	
228.8	
228.8	
227.2	
228.8	
228.8	
228.8	
228.8	
228.8	
232	
230.4	
228.8	
228.8	
227.2	
228.8	
228.8	
230.4	
228.8	
228.8	
225.6	
227.2	
227.2	
225.6	
227.2	
225.6	
224	
225.6	
224	
225.6	
220.8	
224	
225.6	
227.2	
225.6	
225.6	
224	
224	
224	
225.6	
230.4	
228.8	
227.2	
227.2	
227.2	
227.2	
228.8	
228.8	
228.8	
228.8	
230.4	
230.4	
230.4	
230.4	
232	
228.8	
230.4	
228.8	
228.8	
228.8	
227.2	
225.6	
228.8	
230.4	
230.4	
230.4	
230.4	
228.8	
230.4	
230.4	
232	
230.4	
230.4	
227.2	
228.8	
230.4	
230.4	
228.8	
230.4	
228.8	
230.4	
232	
230.4	
232	
227.2	
224	
220.8	
217.6	
212.8	
211.2	
208	
206.4	
203.2	
201.6	
196.8	
195.2	
190.4	
188.8	
185.6	
182.4	
177.6	
174.4	
171.2	
166.4	
168	
168	
168	
169.6	
169.6	
168	
169.6	
168	
168	
168	
168	
164.8	
166.4	
168	
164.8	
164.8	
166.4	
166.4	
164.8	
164.8	
164.8	
164.8	
164.8	
164.8	
164.8	
164.8	
163.2	
163.2	
161.6	
161.6	
161.6	
163.2	
163.2	
161.6	
161.6	
161.6	
161.6	
160	
161.6	
161.6	
160	
158.4	
158.4	
155.2	
155.2	
155.2	
155.2	
155.2	
156.8	
156.8	
153.6	
153.6	
153.6	
155.2	
156.8	
156.8	
155.2	
158.4	
156.8	
156.8	
156.8	
158.4	
156.8	
160	
160	
160	
160	
158.4	
158.4	
158.4	
163.2	
163.2	
161.6	
161.6	
160	
160	
160	
158.4	
161.6	
161.6	
161.6	
163.2	
164.8	
163.2	
164.8	
164.8	
166.4	
166.4	
166.4	
166.4	
164.8	
163.2	
164.8	
163.2	
166.4	
166.4	
166.4	
168	
166.4	
168	
168	
168	
166.4	
168	
166.4	
166.4	
164.8	
168	
168	
168	
169.6	
171.2	
169.6	
169.6	
169.6	
169.6	
168	
166.4	
166.4	
166.4	
163.2	
161.6	
164.8	
163.2	
163.2	
164.8	
164.8	
164.8	
164.8	
163.2	
163.2	
163.2	
161.6	
163.2	
161.6	
161.6	
163.2	
164.8	
163.2	
161.6	
164.8	
166.4	
164.8	
164.8	
166.4	
164.8	
166.4	
164.8	
163.2	
164.8	
164.8	
164.8	
166.4	
166.4	
166.4	
168	
168	
168	
168	
168	
166.4	
161.6	
156.8	
153.6	
147.2	
142.4	
137.6	
132.8	
129.6	
126.4	
120	
115.2	
113.6	
107.2	
102.4	
97.6	
92.8	
86.4	
84.8	
80	
78.4	
78.4	
76.8	
78.4	
76.8	
78.4	
78.4	
78.4	
80	
80	
80	
80	
78.4	
78.4	
80	
78.4	
80	
80	
80	
81.6	
81.6	
80	
83.2	
80	
81.6	
83.2	
81.6	
81.6	
83.2	
81.6	
81.6	
84.8	
81.6	
83.2	
83.2	
84.8	
83.2	
84.8	
84.8	
83.2	
83.2	
83.2	
83.2	
83.2	
83.2	
83.2	
84.8	
84.8	
83.2	
84.8	
84.8	
83.2	
84.8	
86.4	
84.8	
83.2	
84.8	
84.8	
83.2	
84.8	
84.8	
86.4	
84.8	
86.4	
88	
86.4	
84.8	
86.4	
86.4	
86.4	
88	
88	
88	
86.4	
88	
89.6	
89.6	
88	
89.6	
88	
89.6	
89.6	
91.2	
89.6	
89.6	
88	
91.2	
91.2	
89.6	
89.6	
89.6	
91.2	
91.2	
91.2	
91.2	
91.2	
