25 GB
1.51074
3.11255
3.70362
4.09339
4.45792
4.80651
5.08486
5.97602
6.24617
6.48121
6.70222
6.94158
7.17369
7.3643
7.59981
7.7497
7.90009
8.04673
8.19556
8.33441
6.94024
5.44331
4.9638
4.69345
4.43154
4.19412
4.02601
3.24621
3.0793
2.93623
2.80543
2.653
2.5117
2.41213
2.25956
2.20404
2.1409
2.08506
2.02884
1.98589
1.95859
1.93704
1.90806
1.87941
1.86753
1.84277
1.82108
1.79218
1.77195
1.7634
1.76518
1.77005
1.77237
1.76347
1.76265
1.76625
1.76534
1.75587
1.74972
1.73985
1.73964
1.7366
1.73986
1.73411
1.72445
1.7181
1.71339
1.71478
1.71783
1.71826
1.70435
1.69632
1.68655
1.68991
1.6895
1.67238
1.67027
1.66467
1.66233
1.66575
1.66674
1.68039
1.68067
1.67715
1.677
1.68345
1.68888
1.68654
1.67697
1.66774
1.67703
1.67611
1.68352
1.67765
1.67552
1.6824
1.68447
1.69336
1.69572
1.69686
1.69861
1.69489
1.70061
1.70448
1.71853
1.71721
1.71937
1.73107
1.74374
1.75642
1.75526
1.75979
1.74909
1.74743
1.75864
1.76075
1.77292
1.77136
1.76961
1.76507
1.76023
1.75559
1.75377
1.76189
1.76119
1.75658
1.75477
1.75314
1.75378
1.75402
1.75622
1.7596
1.7693
1.78244
1.78391
1.77668
1.75544
1.74862
1.75513
1.76238
1.76504
1.76856
1.77304
1.77422
1.76773
1.77356
1.77205
1.77427
1.77623
1.77753
1.77673
1.78144
1.78174
1.77887
1.77488
1.78698
1.80036
1.80933
1.80663
1.80035
1.79564
1.7912
1.78492
1.78506
1.78535
1.78951
1.79338
1.78891
1.78394
1.7788
1.77874
1.7762
1.77223
1.77122
1.77874
1.77223
1.77151
1.77465
1.7712
1.77594
1.78312
1.78345
1.7948
1.78975
1.78727
1.78582
1.78189
1.78284
1.78665
1.7955
1.80475
1.80002
1.7994
1.79951
1.79285
1.79633
1.79852
1.79874
1.80279
1.79363
1.78641
1.78052
1.76293
1.76483
1.77258
1.76698
1.76904
1.76556
1.75599
1.74373
1.72749
1.72627
1.73112
1.73244
1.73179
1.7295
1.71961
1.70955
1.70441
1.71391
1.71767
1.72237
1.72638
1.71616
1.71245
1.71165
1.71265
1.71657
1.72847
1.73309
1.74193
1.7461
1.74535
1.74529
1.74417
1.74303
1.74818
1.75641
1.76029
1.76207
1.76679
1.79474
1.79337
1.79832
1.7983
1.80472
1.8047
1.81652
1.82616
1.81986
1.81413
1.82298
1.82563
1.84268
1.84412
1.84253
1.83339
1.82539
1.81943
1.81181
1.80789
1.77804
1.77817
1.78123
1.80687
1.8345
1.82971
1.8093
1.79795
1.82125
1.82748
1.81129
1.8057
1.78378
1.79312
1.78936
1.79686
1.80589
1.82606
1.8367
1.83212
1.83908
1.85712
1.88422
1.86569
1.83499
1.839
1.85179
1.84587
1.82249
1.82551
1.87341
1.87826
1.88901
1.89704
1.9331
1.93842
1.94102
1.94882
1.95019
1.97679
1.97192
1.96561
1.93852
1.9205
1.95861
1.96813
1.97031
1.97052
1.9798
1.96977
1.93216
1.92467
1.90979
1.88164
1.8478
1.83414
1.82641
1.82077
1.8115
1.79577
1.80164
1.79768
1.80623
1.85122
1.82053
1.81191
1.80236
1.81405
1.81006
1.8083
1.79757
1.79946
1.80698
1.81442
1.81151
1.81799
1.87033
1.84409
1.83461
1.81781
1.82893
1.82702
1.81331
1.76963
1.7582
1.75023
1.7452
1.73224
1.74711
1.76563
1.77284
1.80564
1.80866
1.83504
1.84326
1.84791
1.83888
1.85299
1.86256
1.86866
1.85478
1.87576
1.89068
1.89521
1.89579
1.90361
1.90584
1.91309
1.90569
1.90025
1.91276
1.88768
1.89593
1.87412
1.88025
1.87714
1.83803
1.85789
1.87748
1.88325
1.89097
1.86408
1.85441
1.87394
1.88357
1.89057
1.90521
1.92837
1.94632
1.95297
1.95239
1.94302
1.96689
1.96473
1.9606
1.96117
1.96286
1.93601
1.91323
1.92738
1.91625
1.92974
1.93127
1.91621
1.92
1.91262
1.90927
1.88089
1.86359
1.85455
1.85981
1.86241
1.82709
1.82541
1.82002
1.8252
1.84609
1.8675
1.86812
1.85122
1.89126
1.90133
1.91407
1.92003
1.91385
1.91413
1.9078
1.90672
1.90625
1.89995
1.87841
1.90814
1.92061
1.9467
1.94846
1.94514
1.92439
1.93573
1.93991
1.93385
1.88785
1.867
1.85545
1.84812
1.83327
1.82375
1.81718
1.81278
1.82173
1.81801
1.80554
1.76886
1.74806
1.74389
1.74478
1.73614
1.75068
1.71124
1.70213
1.72088
1.72478
1.72104
1.74388
1.75529
1.76355
1.76311
1.75805
1.75857
1.73444
1.72962
1.73821
1.75719
1.77933
1.76778
1.7593
1.76742
1.74217
1.75196
1.75337
1.73821
1.7495
1.75463
1.71387
1.72202
1.71902
1.73861
1.76519
1.77168
1.77721
1.7835
1.7769
1.75658
1.7549
1.74619
1.76557
1.76099
1.7634
1.75508
1.75498
1.75525
1.73951
1.72877
1.75285
1.75537
1.77877
1.76481
1.74165
1.74354
1.75845
1.77591
1.77972
1.78171
1.7655
1.77549
1.77445
1.78385
1.80404
1.83092
1.82173
1.83708
1.83999
1.83783
1.81375
1.7802
1.77696
1.77008
1.77261
1.78975
1.77904
1.77172
1.77368
1.77978
1.7876
1.77128
1.74934
1.73952
1.71852
1.69092
1.69772
1.70404
1.72435
1.72463
1.74321
1.78832
1.78246
1.78172
1.77773
1.75086
1.74178
1.72332
1.71778
1.71155
1.69735
1.69305
1.71901
1.73375
1.7527
1.74891
1.77459
1.74603
1.74929
1.77278
1.77333
1.7331
1.72035
1.71976
1.71649
1.72604
1.74654
1.75515
1.78901
1.81347
1.81687
1.83233
1.83335
1.81322
1.79105
1.80415
1.79176
1.8294
1.81581
1.80212
1.78946
1.7879
1.7871
1.79336
1.80471
1.81569
1.80759
1.81401
1.79857
1.79602
1.82569
1.80994
1.7879
1.81976
1.82354
1.82884
1.81195
1.7749
1.78481
1.77875
1.78268
1.80369
1.80505
1.81061
1.82827
1.82563
1.81608
1.82101
1.80673
1.79034
1.77054
1.77364
1.81082
1.77958
1.77821
1.75936
1.75741
1.78312
1.77319
1.77196
1.77141
1.74755
1.74069
1.72888
1.71451
1.71606
1.71554
1.6965
1.69613
1.68873
1.68186
1.68265
1.63763
1.63353
1.63538
1.63445
1.63774
1.61126
1.61841
1.62809
1.63953
1.64351
1.64481
1.66061
1.65792
1.64656
1.64825
1.64976
1.64889
1.64375
1.63749
1.63316
1.63321
1.64213
1.64173
1.64637
1.67357
1.671
1.65333
1.66686
1.67374
1.67051
1.67246
1.69515
1.69568
1.68198
1.68274
1.70044
1.70217
1.70825
1.71094
1.71826
1.73384
1.75664
1.75089
1.76978
1.77641
1.78291
1.787
1.76473
1.74152
1.75151
1.76245
1.74493
1.73169
1.73393
1.74144
1.72306
1.72421
1.72898
1.7393
1.73359
1.72062
1.69619
1.69997
1.67719
1.64229
1.66114
1.65342
1.66422
1.67019
1.6702
1.65504
1.6318
1.65842
1.67408
1.67676
1.67866
1.70105
1.71338
1.73492
1.74653
1.77191
1.77925
1.79004
1.80214
1.83501
1.82279
1.83282
1.82663
1.82956
1.83538
1.84381
1.84885
1.82849
1.81631
1.8102
1.82975
1.81519
1.80901
1.77552
1.786
1.77425
1.78273
1.77463
1.77596
1.76833
1.79608
1.79221
1.79546
1.78964
1.78865
1.7886
1.78248
1.77761
1.77585
1.78816
1.78051
1.78844
1.78225
1.78808
1.76777
1.77196
1.76968
1.7765
1.77678
1.76385
1.7469
1.75832
1.76819
1.80332
1.80413
1.8102
1.84921
1.86685
1.8987
1.88849
1.88207
1.86188
1.86349
1.88801
1.91293
1.92914
1.93852
1.97356
1.97167
1.97559
1.9633
1.94943
1.95625
1.92915
1.94666
1.94245
1.94667
1.94193
1.92036
1.92129
1.92556
1.95581
1.97699
1.95386
1.93953
1.92896
1.91397
1.88876
1.91433
1.92879
1.92735
1.95769
1.95025
1.94687
1.93728
1.95543
1.937
1.93842
1.9417
1.95081
1.95445
1.94082
1.92805
1.95624
1.95352
1.94232
1.95472
1.95671
1.94209
1.93686
1.9383
1.91154
1.91002
1.93285
1.92012
1.90354
1.92241
1.92474
1.92407
1.93501
1.94697
1.94231
1.95393
1.93111
1.94176
1.94564
1.93378
1.92315
1.91446
1.92219
1.92305
1.92299
1.91759
1.8923
1.88894
1.89028
1.85429
1.84897
1.88618
1.88255
1.86623
1.87394
1.8629
1.85552
1.84809
1.84285
1.8685
1.91489
1.91793
1.90115
1.89923
1.91064
1.91625
1.93046
1.93581
1.94196
1.95888
1.98104
1.94459
1.93512
1.94146
1.97374
1.98073
2.00274
2.02131
2.03194
2.00434
1.96682
1.98506
1.97219
1.97186
1.96197
1.95856
1.95075
1.94747
1.93876
1.93157
1.90821
1.90149
1.9034
1.89629
1.85381
1.84942
1.83514
1.83804
1.8262
1.8257
1.85327
1.83288
1.84249
1.84353
1.84206
1.84023
1.8385
1.85415
1.86618
1.86545
1.87811
1.88899
1.90985
1.93594
1.96269
1.97398
1.96944
1.94376
1.97639
1.98044
1.94659
1.94872
1.95127
1.96413
1.97121
1.98017
2.01063
2.0197
2.00532
2.00318
1.99592
1.97546
1.9644
1.95582
1.92592
1.90391
1.90253
1.89483
1.85395
1.83934
1.82431
1.80723
1.80613
1.78503
1.79608
1.77304
1.77295
1.7416
1.74595
1.73509
1.71833
1.72033
1.71447
1.707
1.72066
1.71045
1.72111
1.73215
1.74747
1.78737
1.79099
1.81787
1.81613
1.82083
1.80528
1.80796
1.77999
1.7801
1.78954
1.79799
1.80392
1.80429
1.79242
1.77627
1.76192
1.7599
1.78585
1.79621
1.79083
1.75955
1.77961
1.79884
1.79123
1.78257
1.79027
1.78939
1.77724
1.77761
1.76644
1.7644
1.78472
1.79447
1.78497
1.78403
1.80165
1.81715
1.81059
1.78846
1.80048
1.81159
1.79467
1.74679
1.73818
1.76463
1.7696
1.77592
1.81183
1.80715
1.79808
1.79316
1.83082
1.82139
1.82424
1.82441
1.79807
1.78209
1.74532
1.74318
1.71995
1.69785
1.69515
1.70289
1.7123
1.69455
1.68845
1.69466
1.676
1.69733
1.71199
1.71602
1.65527
1.65495
1.66332
1.65915
1.66636
1.66801
1.66681
1.66494
1.66949
1.67135
1.67002
1.66875
1.66389
1.66831
1.65503
1.66386
1.66628
1.64659
1.63495
1.62803
1.64903
1.64875
1.6594
1.66209
1.65897
1.66393
1.66978
1.69927
1.69405
1.69011
1.70904
1.72867
1.73706
3.27114
3.27164
3.25617
3.2365
3.24152
3.24411
3.25904
3.24032
3.24476
3.228
3.23147
3.23295
3.2354
3.23531
3.20867
3.20614
3.21971
3.20792
3.19075
3.18406
1.63658
1.63482
1.62715
1.62336
1.62367
1.62001
1.60713
1.60304
1.6055
1.60043
1.59775
1.59588
1.60166
1.61254
1.6178
1.62004
1.61575
1.61297
1.61067
1.60575
1.60635
1.60966
1.61547
1.61896
3.06337
6.8431
21.8782
38.299
56.0055
57.4003
57.4456
57.5239
57.512
57.4988
57.4954
57.4987
57.4947
57.4879
57.4855
57.4905
57.4977
57.4919
57.4851
57.4835
56.0345
52.2533
37.2187
20.8024
3.08907
1.69196
1.64567
1.56564
1.5702
1.56748
1.56638
1.5717
1.57816
1.58085
1.58017
1.57901
1.59088
1.59338
1.59704
1.60224
1.60317
1.62742
1.6417
1.63331
1.63487
1.63246
1.64788
1.65726
1.65466
1.65939
1.66479
1.66259
1.65885
1.67077
1.6804
1.70235
1.69244
1.69159
1.7145
1.72942
1.74582
1.72294
1.70783
1.71742
1.72102
1.72279
1.70604
1.71157
1.71388
1.70569
1.69902
1.70004
1.69936
1.69438
1.70437
1.68736
1.68675
1.69211
1.66989
1.64785
1.63878
1.6454
1.64376
1.64547
1.65646
1.6672
1.66483
1.64979
1.65086
1.68233
1.69402
1.6951
1.69714
1.69076
1.67867
1.67275
1.66567
1.67758
1.67596
1.68253
1.67587
1.6679
1.66912
1.66489
1.64584
1.64148
1.65209
1.71895
1.72074
1.69161
1.68178
1.6746
1.67327
1.68407
1.68213
1.70789
1.70669
1.68964
1.70668
1.72382
1.7352
1.76068
1.76061
1.76457
1.79928
1.79913
1.80796
1.74935
1.74164
1.74536
1.76921
1.76984
1.77062
1.75536
1.75638
1.73433
1.76104
1.76717
1.75487
1.73264
1.71636
1.69417
1.7125
1.7069
1.70305
1.6974
1.6877
1.7078
1.71215
1.70849
1.70267
1.70183
1.69994
1.70162
1.71701
1.72825
1.70977
1.71928
1.71908
1.7478
1.75417
1.74979
1.74263
1.74438
1.73527
1.73066
1.74615
1.71993
1.71782
1.7176
1.70033
1.70668
1.70314
1.70684
1.69108
1.68091
1.69156
1.70136
1.69868
1.69073
1.68649
1.68382
1.69873
1.69952
1.68687
1.70026
1.68673
1.69289
1.73154
1.7414
1.74523
1.75378
1.77942
1.77876
1.77886
1.80043
1.79734
1.7789
1.78289
1.77167
1.79831
1.80669
1.80544
1.80449
1.80772
1.80519
1.80112
1.79603
1.76002
1.75876
1.76515
1.7588
1.744
1.77653
1.79103
1.79269
1.78085
1.78585
1.81285
1.81464
1.79688
1.82591
1.81212
1.81912
1.82097
1.85203
1.85885
1.86217
1.86472
1.8631
1.88698
1.88551
1.88123
1.84605
1.86475
1.84414
1.86389
1.87142
1.84753
1.86853
1.86445
2.90393
4.48616
4.47785
4.46527
4.42902
4.74794
4.84022
5.05009
5.05415
5.02372
5.02037
5.02836
5.03235
5.01236
5.01999
5.00517
4.99209
4.99185
4.96592
4.99454
3.9383
2.35454
2.35699
2.37638
3.61404
6.43739
10.4814
16.3861
19.4661
27.8722
30.2625
44.1671
59.9107
76.4141
80.4351
102.453
124.652
126.345
126.343
126.309
126.3
126.286
126.283
126.266
125.03
121.877
117.741
111.627
108.538
100.125
97.7334
83.8186
68.0716
51.5502
47.5207
25.4996
3.30291
1.60017
1.60042
1.60434
1.60025
1.60131
1.60337
1.60479
1.6086
1.61652
1.61389
1.60628
1.60435
1.60294
1.59982
1.59755
1.60241
1.62303
1.62473
1.624
1.61388
1.6097
1.60338
1.60236
1.60413
1.60195
1.62129
1.61791
1.61504
1.6084
1.60728
1.61095
1.61101
1.61411
1.63553
1.63911
1.63722
1.61129
1.60654
1.60573
1.60737
1.61172
1.61778
1.61706
1.61876
1.62185
1.60373
1.60676
1.60695
1.60483
1.60524
1.6087
1.61006
1.6222
1.60415
1.60482
1.60047
1.6035
1.60253
1.59672
1.59466
1.59112
1.59166
1.60462
1.60416
1.60599
1.60558
1.6088
1.60365
1.60017
1.59795
1.59167
1.5931
1.57826
1.57914
1.58225
1.58877
1.58947
1.59233
1.60058
1.61094
1.61962
1.63178
1.62631
1.62843
1.62883
1.63265
1.63641
1.64765
1.65342
1.66336
1.66851
1.6764
1.68602
1.68919
1.6959
1.70001
1.70435
1.70539
1.71366
1.71139
1.71186
1.69988
1.69513
1.69527
1.69975
1.69954
1.69641
1.69041
1.69341
1.69458
1.7061
1.71229
1.71095
1.7144
1.7065
1.70134
1.69932
1.69818
1.69328
1.69143
1.69197
1.68997
1.69387
1.69397
1.69031
1.68584
1.68902
1.6926
1.69359
1.69635
1.68843
1.67873
1.67764
1.67156
1.67126
1.671
1.6738
1.67647
1.6782
1.68294
1.68641
1.68421
1.67988
1.6752
1.68444
1.70093
1.69474
1.6894
1.68737
1.67856
1.70845
1.70644
1.70585
1.71116
1.71584
1.71826
1.72278
1.72507
1.72476
1.71713
1.71882
1.72599
1.73039
1.74045
1.74155
1.73427
1.75805
1.80033
1.80169
1.8041
1.78398
1.79159
1.79555
1.79428
1.80306
1.80538
1.80619
1.80415
1.81193
1.82238
1.81483
1.81959
1.82085
1.81652
1.83668
1.83012
1.81358
1.78612
1.78413
1.79265
1.78248
1.79349
1.80208
1.80251
1.79078
1.78538
1.77958
1.78129
1.7844
1.79141
1.81445
1.81912
1.81724
1.81957
1.79471
1.79618
1.78926
1.77803
1.77832
1.77803
1.78249
1.79677
1.78947
1.78721
1.79027
1.79129
1.7912
1.78449
1.77343
1.7887
1.78948
1.77717
1.77598
1.77174
1.78945
1.79859
1.80585
1.8209
1.83814
1.82962
1.83615
1.82743
1.82574
1.82519
1.81786
1.82216
1.83968
1.84607
1.87203
1.85676
1.85096
1.85686
1.88639
1.88448
1.87755
1.87896
1.87765
1.86093
1.83862
1.83828
1.82536
1.83905
1.8437
1.88327
1.89156
1.88842
1.87249
1.87291
1.84904
1.84067
1.82494
1.82978
1.80398
1.81585
1.80198
1.79668
1.79404
1.80609
1.81237
1.81497
1.82174
1.79348
1.78498
1.74564
1.74134
1.73939
1.73825
1.73501
1.72894
1.7334
1.73464
1.73863
1.74269
1.73156
1.72906
1.71915
1.72076
1.70593
1.70712
1.71359
1.71806
1.70858
1.71182
1.71467
1.71588
1.71314
1.7236
1.73956
1.76583
1.79752
1.8197
1.82794
1.82041
1.81698
1.81994
1.83073
1.83815
1.84631
1.85324
1.84815
1.834
1.83574
1.83708
1.83456
1.8339
1.83737
1.83251
1.82362
1.79565
1.75082
1.74441
1.74742
1.74568
1.7739
1.82843
1.83025
1.81886
1.80901
1.80208
1.79351
1.791
1.78369
1.78061
1.78067
1.78863
1.79285
1.79438
1.77833
1.77442
1.77264
1.78819
1.76513
1.77084
1.76362
1.71595
1.71391
1.73517
1.73325
1.73324
1.74474
1.75965
1.80102
1.81357
1.82746
1.83407
1.86202
1.8581
1.86204
1.8647
1.86599
1.84273
1.83976
1.83411
1.81243
1.81037
1.80405
1.78021
1.7845
1.78298
1.77089
1.82306
1.78491
1.78089
1.7768
1.76441
1.73223
1.74068
1.74858
1.74552
1.75221
1.7471
1.75582
1.76005
1.77244
1.76712
1.76502
1.77111
1.79237
1.80117
1.80642
1.73967
1.74178
1.74047
1.73296
1.7431
1.743
1.733
1.72456
1.74726
1.74793
1.75639
1.75479
1.75751
1.74694
1.75124
1.75362
1.74846
1.7311
1.7306
1.75235
1.75991
1.76726
1.77186
1.77255
1.75964
1.75719
1.77435
1.77244
1.77379
1.77598
1.78839
1.79226
1.78224
1.78853
1.80896
1.80812
1.84664
1.85848
1.87591
1.87716
1.89278
1.89176
1.90331
1.90087
1.89976
1.92601
1.91506
1.9306
1.91726
1.91851
1.90153
1.89626
1.89577
1.89612
1.8742
1.87317
1.86976
1.86274
1.83834
1.81645
1.80119
1.79399
1.79236
1.80885
1.80629
1.79076
1.81347
1.80736
1.80166
1.8004
1.79986
1.79509
1.79612
1.79332
1.78196
1.78287
1.75097
1.75068
1.75488
1.75364
1.75522
1.75845
1.75551
1.76057
1.76806
1.77672
1.74913
1.74834
1.75234
1.78604
1.77611
1.78477
1.78112
1.81644
1.82211
1.81681
1.82192
1.83005
1.83106
1.82894
1.83741
1.83653
1.82044
1.81909
1.81098
1.79824
1.79984
1.79853
1.80021
1.76605
1.76455
1.7524
1.75487
1.71535
1.72127
1.72853
1.72722
1.72181
1.72249
1.73424
1.74435
1.74769
1.75421
1.72482
1.73386
1.74504
1.77147
1.77861
1.77695
1.78781
1.80779
1.81168
1.81641
1.84082
1.8429
1.8462
1.84965
1.85046
1.84722
1.83279
1.80908
1.80655
1.79781
1.80458
1.8155
1.79842
1.76989
1.76106
1.76066
1.74876
1.75738
1.75504
1.76234
1.74578
1.74906
1.74532
1.74435
1.73562
1.73115
1.73484
1.7381
1.75035
1.75864
1.76091
1.75104
1.75806
1.77839
1.77691
1.78199
1.799
1.77714
1.78494
1.78784
1.7972
1.81164
1.81133
1.818
1.82131
1.81998
1.81761
1.82427
1.82943
1.81402
1.84709
1.84694
1.85568
1.83694
1.84168
1.83767
1.84256
1.84939
1.84992
1.84515
1.83486
1.8157
1.81239
1.80442
1.80481
1.80886
1.81731
1.81971
1.80097
1.81136
1.76937
1.77087
1.76277
1.7626
1.76011
1.76254
1.7439
1.74135
1.73206
1.72719
1.7273
1.75625
1.75441
1.75129
1.76053
1.77364
1.77101
1.76609
1.77761
1.77435
1.79246
1.79723
1.79938
1.80277
1.82704
1.83447
1.86053
1.8779
1.87328
1.86976
1.86899
1.83911
1.86099
1.87004
1.87045
1.86566
1.86851
1.90203
1.89288
1.89065
1.88813
1.87977
1.87877
1.87894
1.88864
1.88358
1.86924
1.84749
1.85282
1.86201
1.85875
1.86083
1.84953
1.87999
1.88287
1.89367
1.88746
1.87197
1.87331
1.87966
1.88591
1.8845
1.90198
1.89153
1.87944
1.87023
1.87541
1.87108
1.87291
1.88005
1.88907
1.88748
1.88408
1.87001
1.86043
1.84341
1.85284
1.84611
1.86947
1.87164
1.86649
1.86386
1.84836
1.85447
1.85098
1.85007
1.83108
1.83795
1.84323
1.83825
1.8366
1.83718
1.83578
1.81064
1.8099
1.80612
1.81607
1.80676
1.78704
1.78927
1.8064
1.8111
1.82036
1.83758
1.81298
1.8353
1.84021
1.84179
1.86745
1.86545
1.86806
1.86567
1.86041
1.85815
1.85223
1.90137
1.89028
1.9032
1.90594
1.90051
1.89865
1.89672
1.8918
1.87162
1.88975
1.87786
1.8744
1.88034
1.85669
1.86634
1.86624
1.86469
1.86544
1.86853
1.87995
1.83897
1.83381
1.83173
1.82877
1.82873
1.81537
1.80887
1.79234
1.79384
1.78733
1.80973
1.81264
1.8107
1.80505
1.79328
1.7852
1.78618
1.79675
1.80011
1.7965
1.78444
1.7844
1.76921
1.76492
1.76325
1.75076
1.7567
1.7655
1.77491
1.77579
1.75115
1.75577
1.7504
1.74765
1.74526
1.76795
1.77472
1.78682
1.796
1.80812
1.84455
1.84765
1.86397
1.86193
1.85772
1.8615
1.86659
1.87132
1.87192
1.87526
1.87625
1.86563
1.86044
1.86143
1.86317
1.84651
1.84841
1.83626
1.8535
1.84491
1.85056
1.84444
1.83068
1.82879
1.82801
1.83054
1.8294
1.82809
1.82729
1.82769
1.82645
1.82218
1.82823
1.83074
1.82987
1.83041
1.8269
1.83954
1.81139
1.80201
1.78897
1.79545
1.79936
1.80648
1.81308
1.80655
1.81437
1.81859
1.80761
1.80033
1.79331
1.7958
1.78749
1.78393
1.78276
1.78737
1.79763
1.76831
1.76121
1.76521
1.75578
1.74978
1.75985
1.76082
1.77349
1.80831
1.8047
1.7915
1.79586
1.7938
1.79531
1.80789
1.81206
1.8431
1.84602
1.84002
1.83388
1.84426
1.85333
1.84141
1.82377
1.84589
1.82912
1.82724
1.8121
1.78984
1.7844
1.8081
1.80517
1.80454
1.82114
1.82151
1.82381
1.804
1.80793
1.81039
1.80566
1.80247
1.79496
1.7986
1.79859
1.77825
1.78213
1.78499
1.80729
1.80089
1.79709
1.77162
1.76986
1.79224
1.77423
1.76901
1.77283
1.76994
1.77135
1.77001
1.76607
1.76827
1.78349
1.79308
1.81302
1.82205
1.86263
1.85414
1.83782
1.83353
1.83128
1.85132
1.86891
1.86384
1.87523
1.88861
1.88524
1.9041
1.89361
1.88448
1.89782
1.89924
1.89812
1.89015
1.87298
1.86885
1.82487
1.82544
1.83707
1.8334
1.83941
1.83602
1.85896
1.85691
1.87463
1.84537
1.83566
1.81307
1.83078
1.83822
1.83095
1.83707
1.83105
1.83832
1.83999
1.83592
1.83839
1.8383
1.82314
1.8457
1.84614
1.83935
1.80941
1.80221
1.77707
1.78432
1.81249
1.81079
1.80066
1.79894
1.80028
1.79856
1.80046
1.79303
1.78954
1.79284
1.80253
1.80068
1.82528
1.81528
1.81871
1.80939
1.80117
1.80457
1.81168
1.80563
1.78303
1.77956
1.78184
1.78062
1.77716
1.78147
1.81194
1.82153
1.82136
1.81508
1.82081
1.82269
1.82272
1.82222
1.82301
1.83859
1.84448
1.84809
1.85041
1.85392
1.85273
1.85303
1.84843
1.87165
1.87456
1.87398
1.86006
1.85115
1.85326
1.85743
1.83638
1.84213
1.82052
1.82466
1.81964
1.81343
1.82576
1.81677
1.81052
1.80767
1.80546
1.81056
1.82704
1.81384
1.80606
1.81314
1.78974
1.79243
1.79317
1.79549
1.79805
1.79721
1.80216
1.79834
1.81435
1.83741
1.8221
1.83241
1.83811
1.84416
1.8582
1.88792
1.87701
1.86336
1.88272
1.89607
1.88867
1.91294
1.92384
1.94922
1.96019
1.95895
1.95556
1.95335
1.96204
1.92953
1.93018
1.92178
1.94627
1.96018
1.9802
1.95128
1.94079
1.95705
1.94356
1.92039
1.9483
1.92544
1.91866
1.89689
1.90428
1.90263
1.89637
1.90831
1.87987
1.88023
1.88627
1.91232
1.8926
1.90898
1.88398
1.88248
1.88536
1.89116
1.90635
1.92357
1.91249
1.92948
1.92599
1.9183
1.89442
1.92845
1.93208
1.93931
1.94509
1.96021
1.96244
1.93672
1.92373
1.89449
1.88921
1.88444
1.88311
1.88613
1.87532
1.85996
1.8774
1.86667
1.87581
1.88723
1.90163
1.86839
1.8687
1.84398
1.83655
1.82936
1.82528
1.81948
1.81709
1.81466
