25 GB
0.594456
1.10414
1.43523
1.7018
1.98462
2.19703
2.41855
2.6022
2.77119
2.91796
3.05241
3.17304
3.2885
3.3901
3.50234
3.60002
3.6931
3.7948
3.90077
3.98729
3.4816
3.06775
2.82833
2.64369
2.44567
2.32667
2.19092
2.09386
2.00903
1.94503
1.89259
1.85344
1.81789
1.80457
1.77621
1.76106
1.76197
1.75101
1.73199
1.72592
1.72064
1.71331
1.70994
1.71632
1.72726
1.72217
2.33152
2.33861
2.33548
2.33877
2.34079
2.33668
2.34456
2.33478
2.32677
2.32621
2.31151
2.29785
2.29797
2.29722
2.2983
2.29412
2.27895
2.26606
2.24809
2.2384
1.62123
1.60307
1.60477
1.60561
1.60389
1.61714
1.61595
1.62919
1.64639
1.64635
1.6573
1.67002
1.66861
1.67029
1.67614
1.68288
1.70119
1.71371
1.72363
1.73753
1.74743
1.75651
1.76009
1.76749
1.77392
1.76804
1.77376
1.7736
1.76763
1.77085
1.77173
1.77279
1.78307
1.78665
1.7843
1.78599
1.7836
1.78355
1.78568
1.78346
1.78235
1.78506
1.79531
1.78987
1.79132
1.79336
1.7902
1.78454
1.7894
1.79058
1.79064
1.7839
1.77977
1.7809
1.78312
1.77996
1.77882
1.77739
1.77212
1.77317
1.77472
1.76775
1.74952
1.74508
1.73933
1.73823
1.73938
1.7399
1.73394
1.73553
1.73324
1.73862
1.73076
1.73088
1.72443
1.72037
1.71862
1.7194
1.73227
1.73402
1.73466
1.74253
1.75444
1.75822
1.76116
1.76027
1.76206
1.76776
1.76278
1.76126
1.76573
1.7665
1.77182
1.77021
1.77447
1.78243
1.78473
1.78421
1.77776
1.77394
1.77485
1.76737
1.77542
1.77551
1.77055
1.77418
1.76531
1.75264
1.7505
1.74866
1.74321
1.73997
1.74135
1.74253
1.74378
1.74165
1.74624
1.74622
1.7458
1.74733
1.74491
1.75095
1.73921
1.73934
1.73934
1.73631
1.74125
1.74806
1.7579
1.75751
1.75839
1.75845
1.75024
1.75244
1.75274
1.74706
1.74186
1.73819
1.73289
1.73025
1.72663
1.72502
1.73149
1.73145
1.73779
1.7365
1.73589
1.74063
1.74099
1.7419
1.73978
1.73881
1.73773
1.72892
1.72414
1.72335
1.71571
1.71536
1.72041
1.71933
1.71748
1.71742
1.71553
1.71486
1.71243
1.71339
1.71714
1.71595
1.7131
1.71203
1.71069
1.70802
1.7146
1.71978
1.72575
1.72679
1.73849
1.74106
1.74129
1.74039
1.74569
1.752
1.75262
1.75367
1.75419
1.7562
1.75384
1.75208
1.75282
1.75666
1.76196
1.76563
1.76491
1.76795
1.76418
1.76894
1.76744
1.76709
1.76664
1.75573
1.74376
1.72731
1.7148
1.70349
1.69102
1.68238
1.67685
1.66825
1.65962
1.65411
1.64015
1.63873
1.6334
1.6301
1.62524
1.61517
1.60151
1.60265
1.59756
1.60746
1.61547
1.61579
1.61984
1.62712
1.64149
1.64102
1.63139
1.63791
1.63684
1.6294
1.63535
1.6357
1.63341
1.6298
1.62887
1.63299
1.63877
1.63863
1.64111
1.64486
1.64724
1.65913
1.66418
1.67014
1.6678
1.67699
1.69313
1.69779
1.70766
1.71454
1.72062
1.7262
1.73634
1.74325
1.75207
1.75827
1.76693
1.76738
1.76957
1.76848
1.77023
1.76872
1.76575
1.76776
1.77057
1.76997
1.768
1.76466
1.76227
1.76706
1.77477
1.76779
1.76784
1.76823
1.76874
1.7683
1.76734
1.76647
1.77254
1.77882
1.78147
1.78581
1.78944
1.78829
1.78441
1.78058
1.78363
1.7781
1.77246
1.7609
1.74816
1.75259
1.75108
1.74766
1.74686
1.74727
1.74063
1.73821
1.73144
1.72605
1.72671
1.72487
1.7264
1.72575
1.73082
1.7327
1.72767
1.7359
1.74554
1.75233
1.75761
1.75762
1.75876
1.75663
1.75018
1.74776
1.7529
1.75387
1.75529
1.75648
1.75704
1.75243
1.75184
1.74969
1.7458
1.74742
1.75077
1.75159
1.75096
1.7629
1.7839
1.78529
1.80575
1.81191
1.82112
1.82619
1.82498
1.82753
1.82881
1.83696
1.84594
1.86723
1.89644
1.92564
1.93126
1.97628
1.98808
1.9922
1.99744
2.01158
1.99913
2.02309
2.01715
2.0153
2.01909
2.01835
2.04182
2.063
2.06251
2.05605
2.05145
2.03455
2.00551
1.97338
1.98619
1.94253
1.93527
1.92825
1.92111
1.89627
1.87866
1.84384
1.84265
1.84366
1.85714
1.85927
1.83871
1.80994
1.8235
1.82687
1.83238
1.83357
1.83123
1.83061
1.80812
1.82353
1.8215
1.82373
1.84509
1.86122
1.87165
1.87887
1.86413
1.87145
1.85543
1.85321
1.85454
1.86401
1.85316
1.88267
1.88845
1.91335
1.91442
1.91559
1.91404
1.90022
1.89875
1.89664
1.89247
1.89717
1.91686
1.94305
1.9368
1.92863
1.92151
1.91501
1.91109
1.91227
1.9064
1.8939
1.87598
1.84507
1.8426
1.86113
1.85855
1.86098
1.89892
1.90077
1.88379
1.87324
1.86048
1.84088
1.84826
1.84195
1.86609
1.86171
1.87721
1.87147
1.87234
1.86784
1.86133
1.87
1.87358
1.85326
1.8618
1.86642
1.83416
1.83004
1.85783
1.84363
1.84474
1.84517
1.83781
1.86591
1.85266
1.87151
1.85466
1.86416
1.86322
1.85111
1.87597
1.87441
1.89497
1.9045
1.92363
1.91814
1.94144
1.95609
1.95544
1.97169
1.96216
1.96667
1.9713
1.96668
2.00182
2.00197
1.9933
1.9911
1.98777
1.98252
1.96299
1.96642
1.94893
1.95132
1.95267
1.94973
1.93299
1.9357
1.90962
1.90312
1.90556
1.89922
1.90127
1.88928
1.84476
1.85634
1.87561
1.88452
1.90517
1.90361
1.90211
1.91955
1.92074
1.90849
1.88663
1.90925
1.89188
1.89739
1.89869
1.90976
1.9061
1.90845
1.90724
1.91816
1.92575
1.91868
1.92774
1.91194
1.88933
1.88544
1.89725
1.872
1.87291
1.87591
1.87862
1.86031
1.86495
1.8462
1.84929
1.85849
1.85822
1.85395
1.85518
1.84126
1.83303
1.81348
1.7953
1.79694
1.81811
1.84569
1.83786
1.85377
1.84033
1.83777
1.83887
1.85413
1.85903
1.85711
1.85748
1.85582
1.87091
1.88225
1.904
1.90453
1.92615
1.93326
1.93221
1.93648
1.91998
1.90081
1.8954
1.87299
1.9044
1.90272
1.90931
1.8867
1.88429
1.87819
1.87387
1.8932
1.87315
1.86155
1.8355
1.83631
1.83221
1.83128
1.85576
1.85527
1.85543
1.84626
1.86654
1.87667
1.85958
1.85806
1.84756
1.86254
1.87516
1.88436
1.89139
1.85431
1.85253
1.85019
1.85448
1.85289
1.83784
1.82924
1.80164
1.79835
1.81137
1.8248
1.80936
1.81388
1.82193
1.82647
1.83159
1.82001
1.79239
1.77989
1.77212
1.76172
1.75812
1.74943
1.74346
1.73601
1.72463
1.71632
1.71373
1.73046
1.71113
1.69168
1.68373
1.66746
1.65855
1.64817
1.63536
1.62949
1.64845
1.65104
1.64246
1.64037
1.64185
1.63663
1.63022
1.6262
1.62255
1.62081
1.64682
1.62529
1.63577
1.63946
1.63225
1.6331
1.61413
1.64644
1.65435
1.64849
1.63126
1.64638
1.66382
1.66158
1.66112
1.67845
1.67953
1.68784
1.7025
1.70353
1.66969
1.66676
1.64906
1.64524
1.67271
1.67778
1.70317
1.67181
1.67021
1.67819
1.69153
1.67853
1.67051
1.67826
1.70068
1.70036
1.70209
1.7072
1.70246
1.72175
1.74232
1.7581
1.76204
1.78262
1.77624
1.7811
1.76312
1.76667
1.7613
1.76575
1.79179
1.78813
1.77943
1.78807
1.78054
1.78856
1.78315
1.77156
1.76252
1.76013
1.77029
1.76392
1.76858
1.75409
1.7661
1.75722
1.74973
1.74978
1.75244
1.75741
1.73102
1.72544
1.72157
1.7073
1.68837
1.67981
1.69651
1.7102
1.71135
1.69821
1.67221
1.69731
1.69988
1.69312
1.66936
1.67435
1.68393
1.68608
1.69882
1.70552
1.70171
1.72734
1.728
1.72627
1.74665
1.73599
1.72717
1.71309
1.70923
1.70765
1.71137
1.71197
1.70993
1.72171
1.71609
1.7294
1.73143
1.7273
1.71009
1.68707
1.69931
1.68442
1.69468
1.69973
1.68891
1.74948
1.7576
1.76867
1.79929
1.83552
1.84437
1.83032
1.84869
1.86475
1.89546
1.88489
1.87974
1.89182
1.90425
1.91616
1.90094
1.91688
1.93358
1.94659
1.94721
1.92536
1.92252
1.94385
1.93342
1.90991
1.90861
1.89643
1.88454
1.87075
1.8694
1.8919
1.89298
1.90652
1.90364
1.92482
1.92206
1.90818
1.91497
1.90711
1.9054
1.86642
1.85722
1.83071
1.84998
1.85309
1.85631
1.85953
1.87509
1.87005
1.85217
1.82904
1.83094
1.81559
1.82173
1.79465
1.7982
1.83084
1.81212
1.81435
1.81452
1.82684
1.83593
1.86955
1.85183
1.85016
1.84822
1.86613
1.84675
1.86552
1.86431
1.86441
1.86419
1.87572
1.87552
1.87574
1.88387
1.87486
1.89067
1.9171
1.92158
1.91908
1.92195
1.91362
1.90324
1.92245
1.93568
1.91719
1.9374
1.92639
1.92495
1.94401
1.9614
1.94546
1.96121
1.9656
1.98278
1.95856
1.95985
1.93109
1.93161
1.93972
1.95098
1.93217
1.93318
1.91562
1.89788
1.89162
1.88856
1.88159
1.88351
1.86835
1.87212
1.89365
1.87561
1.90936
1.90365
1.90582
1.90842
1.90924
1.91276
1.90321
1.91348
1.9076
1.91343
1.9129
1.91476
1.91978
1.90009
1.92182
1.92338
1.9382
1.9203
1.89807
1.93551
1.90083
1.87919
1.8857
1.86964
1.88305
1.89704
1.89847
1.88874
1.89678
1.89218
1.89027
1.88971
1.89922
1.91388
1.89693
1.90341
1.91442
1.90916
1.9224
1.90255
1.90428
1.91542
1.89715
1.88443
1.88629
1.87179
1.87767
1.85731
1.85074
1.84033
1.85285
1.87045
1.85505
1.86443
1.87032
1.87898
1.86925
1.88405
1.87469
1.84799
1.87582
1.87294
1.90608
1.92834
1.9158
1.91408
1.90903
1.91819
1.91255
1.92552
1.93298
1.9306
1.93582
1.95766
1.93981
1.92498
1.9075
1.89871
1.90611
1.9102
1.88376
1.88246
1.8638
1.85886
1.87851
1.89941
1.92028
1.91986
1.96793
1.96501
1.94416
1.96276
1.96407
1.9197
1.94386
1.94901
1.96017
1.95956
1.9473
1.96099
1.95193
1.95145
1.94127
1.92228
1.89909
1.87773
1.85446
1.85155
1.80969
1.81446
1.83723
1.81048
1.8424
1.8443
1.83666
1.8308
1.81273
1.83448
1.85537
1.83756
1.8704
1.8806
1.89867
1.90658
1.91442
1.94199
1.94519
1.94625
1.94772
1.94097
1.91924
1.90872
1.88114
1.88615
1.92373
1.91763
1.92052
1.89128
1.87584
1.88986
1.8586
1.84433
1.82838
1.8242
1.82154
1.79167
1.77913
1.7693
1.758
1.7515
1.73884
1.73217
1.71576
1.70357
1.64887
1.64139
1.65002
1.65644
1.66021
1.65994
1.67708
1.67596
1.68639
1.68746
1.68273
1.67613
1.71416
1.72157
1.74506
1.75315
1.75918
1.77521
1.78545
1.78227
1.78476
1.78652
1.78899
1.79306
1.78435
1.77094
1.7538
1.74777
1.73966
1.74164
1.76303
1.7867
1.76092
1.76539
1.76497
1.78327
1.79029
1.81069
1.84076
1.87542
1.88834
1.91329
1.9045
1.90203
1.90603
1.91216
1.91674
1.92321
1.95523
1.97279
1.98095
1.964
1.96263
1.96566
1.97819
1.98865
1.98597
1.95589
1.95
1.93281
1.92946
1.90373
1.90144
1.8974
1.90321
1.90049
1.89911
1.9042
1.88455
1.89201
1.86917
1.86224
1.85809
1.85798
1.87429
1.84508
1.8586
1.85661
1.82624
1.82147
1.82918
1.84181
1.85073
1.8535
1.84989
1.84886
1.8443
1.8409
1.86573
1.84245
1.83645
1.84541
1.84709
1.83941
1.7994
1.80494
1.79301
1.797
1.80503
1.80933
1.81575
1.83164
1.86699
1.85985
1.84831
1.87609
1.90284
1.93103
1.89582
1.89245
1.88346
1.87767
1.89272
1.89566
1.90441
1.96241
1.95873
1.95712
1.94865
1.95865
1.9326
1.90735
1.85665
1.86035
1.88688
1.85765
1.83314
1.79994
1.79468
1.78438
1.78965
1.7884
1.76756
1.7667
1.75475
1.69472
1.68827
1.68144
1.69897
1.67664
1.68184
1.69708
1.70226
1.70216
1.6843
1.67796
1.67627
1.67007
1.68044
1.68777
1.7062
1.72343
1.73149
1.72538
1.74406
1.73385
1.73125
1.73412
1.72624
1.72781
1.72464
1.71217
1.70776
1.72933
1.7223
1.76329
1.76746
1.77504
1.76392
1.76404
1.74798
1.7333
1.72343
1.72575
1.70884
1.71381
1.7184
1.7265
1.72171
1.72717
1.72409
1.72761
1.73701
1.71126
1.71287
1.68475
1.6839
1.6878
1.69089
1.68965
1.68566
1.68535
1.68646
1.69102
1.69137
1.69381
1.69886
1.70705
1.70182
1.69461
1.69026
1.68815
1.68493
1.69301
1.71514
1.71102
1.7116
1.70933
1.70371
1.70886
1.71392
1.74589
1.74706
1.741
1.73623
1.73563
1.73091
1.71872
1.72082
1.72058
1.72372
1.72008
1.71487
1.70654
1.68488
1.71884
1.71658
1.72526
1.73591
1.75401
1.74768
1.712
1.71452
1.72152
1.72103
1.73698
1.73478
1.7351
1.75454
1.75462
1.76333
1.76177
1.76066
1.76234
1.77967
1.75463
1.7528
1.73995
1.73364
1.71136
1.71473
1.71595
1.73619
1.73213
1.76326
1.74238
1.76473
1.76163
1.77784
1.77911
1.77176
1.77426
1.77654
1.77928
1.7599
1.74825
1.75172
1.74825
1.74289
1.7441
1.77931
1.79718
1.78291
1.78805
1.75744
1.77728
1.75363
1.75141
1.70888
1.70818
1.72428
1.7229
1.72603
1.72142
1.71855
1.71532
1.70941
1.70783
1.70907
1.71108
1.67461
1.65702
1.64799
1.63821
1.67517
1.65323
1.65386
1.66304
1.67112
1.66815
1.65126
1.65285
1.64668
1.64451
1.64462
1.64921
1.65097
1.65674
1.6676
1.66444
1.66436
1.66573
1.6655
1.66852
1.62845
1.62982
1.66495
1.66315
1.65826
1.6662
1.66353
1.73879
1.73555
1.75436
1.75603
1.77016
1.76767
1.78643
1.77392
1.7717
1.77242
1.77189
1.79529
1.79329
1.79497
1.79323
1.77786
1.78848
1.79078
1.78058
1.78268
1.70572
1.7113
1.69629
1.69797
1.68331
1.68366
1.66077
1.66469
1.66985
1.68972
1.6909
1.67057
1.67219
1.66961
1.66433
1.64622
1.62607
1.62841
1.62982
1.63361
1.6386
1.6413
1.63858
1.65816
1.65735
1.67546
1.68393
1.70958
1.73093
1.71065
1.70574
1.72414
1.72294
1.72155
1.72363
1.72682
1.75768
1.74867
1.77174
1.77207
1.76644
1.8077
1.80708
1.78867
1.79381
1.777
1.76985
1.76313
1.73914
1.74105
1.75774
1.73395
1.73514
1.74083
1.74409
1.74375
1.75023
1.7593
1.73339
1.73352
1.74951
1.70433
1.73144
1.75253
1.7485
1.75141
1.74973
1.74999
1.74916
1.74737
1.73951
1.75167
1.76698
1.76264
1.7617
1.79936
1.76664
1.76285
1.76319
1.76178
1.74289
1.76924
1.74361
1.72101
1.72026
1.72059
1.73513
1.71414
1.73174
1.73175
1.74733
1.74167
1.72506
1.72951
1.73326
1.69512
1.69486
1.69611
1.703
1.70564
1.71352
1.69222
1.6955
1.69652
1.69588
1.68751
1.67998
1.67866
1.6955
1.69806
1.67529
1.67308
1.68392
1.68224
1.68094
1.67828
1.67647
1.6834
1.68024
1.67517
1.66998
1.68862
1.68527
1.68775
1.68669
1.6926
1.70288
1.72857
1.71702
1.71924
1.71841
1.71617
1.71346
1.72746
1.7261
1.72746
1.73124
1.72758
1.75765
1.76536
1.76759
1.74454
1.74192
1.73692
1.74068
1.74465
1.73077
1.70522
1.68108
1.67903
1.67819
1.67929
1.68917
1.67192
1.67411
1.67372
1.67253
1.66975
1.63901
1.6351
1.63518
1.63283
1.63447
1.64233
1.63911
1.63183
1.62678
1.64428
1.64345
1.68717
1.68936
1.68627
1.68105
1.69274
1.6934
1.69289
1.69338
1.69651
1.71989
1.71632
1.71293
1.71411
1.71597
1.71037
1.70768
1.71119
1.7102
1.69296
1.68823
1.6396
1.63731
1.64124
1.65
1.63556
1.65528
1.65212
1.65628
1.67525
1.69377
1.70964
1.71047
1.71483
1.71286
1.71149
1.71225
1.70742
1.72179
1.73304
1.73856
1.73877
1.74174
1.73975
1.7161
1.71946
1.69442
1.70057
1.69154
1.66906
1.62678
1.61373
1.61628
1.61235
1.6653
1.68109
1.68183
1.6865
1.69179
1.68224
1.6818
1.69472
1.70971
1.72119
1.72022
1.72479
1.73671
1.73492
1.73871
1.77899
1.78413
1.79012
1.7922
1.79436
1.74244
1.72675
1.72849
1.72805
1.71438
1.71897
1.72212
1.71249
1.70961
1.70909
1.72308
1.71921
1.71814
1.72652
1.72999
1.69255
1.70374
1.71241
1.73369
1.75429
1.76593
1.78559
1.81155
1.82747
1.83529
1.84461
1.8599
1.86445
1.86104
1.85345
1.84766
1.85094
1.87197
1.86716
1.86736
1.89011
1.879
1.86822
1.85228
1.84541
1.8446
1.84861
1.82845
1.82453
1.81925
1.81096
1.80628
1.81023
1.83841
1.84568
1.86315
1.87042
1.84617
1.84203
1.85045
1.83951
1.84697
1.85072
1.86225
1.86759
1.86878
1.85605
1.85346
1.8439
1.84953
1.85319
1.84675
1.8461
1.82328
1.82135
1.80553
1.80229
1.80762
1.81345
1.80882
1.79929
1.81671
1.82986
1.81743
1.80463
1.80104
1.79788
1.79774
1.80484
1.81068
1.8141
1.81416
1.81186
1.80755
1.84436
1.84322
1.83994
1.83506
1.8384
1.83642
1.86158
1.84029
1.82515
1.82411
1.81486
1.80503
1.79715
1.78721
1.77359
1.75528
1.73622
1.7211
1.71008
1.69348
1.64246
1.62933
1.65422
1.66935
1.66637
1.66125
1.62138
1.60985
1.59983
1.58652
1.58292
1.58371
1.58139
1.58438
1.61746
1.61787
1.61793
1.62167
1.6234
1.62322
1.62664
1.63144
1.60726
1.58802
1.57785
1.5725
1.61909
1.62422
1.63992
1.64172
1.67783
1.67932
1.67804
1.68488
1.65181
1.6508
1.64668
1.64643
1.64999
1.66086
1.66512
1.67622
1.68377
1.6889
1.69562
1.78598
1.74886
1.75522
1.74816
1.75062
1.71834
1.72133
1.75386
1.75061
1.74675
1.74805
1.75566
1.76329
1.76885
1.76207
1.75777
1.74736
1.7353
1.75171
1.77008
1.68108
1.68214
1.67323
1.66852
1.67362
1.68257
1.68263
1.66191
1.66577
1.67779
1.7041
1.72394
1.72409
1.73837
1.742
1.76602
1.77019
1.78901
1.76901
1.75937
1.75687
1.79019
1.80409
1.81751
1.81548
1.81109
1.81354
1.80136
1.80361
1.80332
1.80706
1.79785
1.79415
1.7796
1.77958
1.76118
1.757
1.74224
1.74803
1.72905
1.73232
1.69549
1.6817
1.69507
1.6985
1.70342
1.69296
1.70465
1.69753
1.69532
1.67041
1.66226
1.67039
1.66482
1.66343
1.65475
1.65878
1.65509
1.64303
1.6683
1.67046
1.66733
1.66503
1.63299
1.6444
1.63458
1.63815
1.62988
1.62554
1.61913
1.61478
1.61029
1.63931
1.6346
1.63469
1.64605
1.65039
1.66168
1.6742
1.66045
1.66182
1.67366
1.69073
1.70581
1.69081
1.6964
1.72773
1.74002
1.78019
1.79631
1.81892
1.82673
1.80154
1.80974
1.81799
1.82254
1.81909
1.81683
1.8146
1.81236
1.82145
1.82694
1.84664
1.84534
1.85118
1.85577
1.83432
1.82736
1.80007
1.79888
1.81866
1.82515
1.82356
1.82198
1.8228
1.83228
1.84028
1.85156
1.858
1.86167
1.85953
1.85085
1.81626
1.82641
1.82303
1.81774
1.83865
1.8359
1.83792
1.84879
1.81538
1.81338
1.81472
1.83652
1.83661
1.82292
1.83744
1.8538
1.854
1.85598
1.85488
1.86454
1.87454
1.85803
1.86553
1.87031
1.843
1.85876
1.84955
1.84097
1.84522
1.83585
1.82101
1.80104
1.80216
1.79999
1.77924
1.74869
1.78498
1.78162
1.7826
1.80198
1.80467
1.82526
1.84335
1.84758
1.85098
1.83745
1.84982
1.849
1.84973
1.85729
1.87125
1.90331
1.89522
1.8971
1.89917
1.9009
1.85231
1.84908
1.84599
1.83295
1.83018
1.81349
1.79139
1.79027
1.78497
1.78145
1.77842
1.7779
1.79105
1.79077
1.78967
1.76279
1.77228
1.77684
1.78802
1.78141
1.78024
1.77822
1.78241
1.76567
1.76658
1.76118
1.79175
1.78831
1.8024
1.81719
1.80638
1.79862
1.79455
1.78826
1.78834
1.78207
1.78335
1.77954
1.7851
1.79758
1.80693
1.81074
1.80907
1.84096
1.84294
1.84971
1.82316
1.8267
1.82317
1.81592
1.84798
1.85125
1.83594
1.83969
1.83795
1.84206
1.83167
1.82415
1.80162
1.78893
1.78662
1.80274
1.8249
1.79895
1.79427
1.78915
1.80645
1.8012
1.79648
1.7984
1.77492
1.78424
1.78756
1.79266
1.79444
1.79788
1.80848
1.82949
1.8416
1.85178
1.87277
1.85852
1.85014
1.86446
1.86073
1.88272
1.87919
1.88302
1.88326
1.88221
1.88652
1.89954
1.89821
1.89557
1.93963
1.93725
1.92873
1.93013
1.927
1.92689
1.90758
1.91033
1.89927
1.89766
1.92567
1.90132
1.9022
1.90389
1.90744
1.90436
1.90245
1.88474
1.88733
1.88794
1.8465
1.84896
1.85419
1.84324
1.84089
1.83782
1.84226
1.84033
1.83685
1.82612
1.80721
1.8343
1.8433
1.85156
1.83984
1.84665
1.85008
1.84558
1.84757
1.85335
1.85496
1.86066
1.85667
1.86717
1.87557
1.89819
1.89527
1.89693
1.89904
1.91269
1.91059
1.89505
1.87436
1.8679
1.87281
1.89442
1.89078
1.91619
1.91449
1.92698
1.9201
1.91057
1.91155
1.89892
1.88908
1.86269
1.86914
1.89266
1.89287
1.8781
1.87106
1.85667
1.83686
1.82224
1.81386
1.777
1.76116
1.72359
1.71058
1.68435
1.67843
1.6859
1.67741
1.66362
1.65399
1.64508
1.63033
1.62254
1.61125
1.59908
1.59297
1.59446
1.59872
1.5955
1.59633
1.60425
1.63401
1.64016
1.63605
1.63302
1.62509
1.60145
1.59606
1.60252
1.62039
1.62561
1.62525
1.60581
1.61028
1.61159
1.64142
1.64196
1.64642
1.6464
1.64489
1.63702
1.61109
1.60545
1.60707
1.61084
1.61336
1.61887
1.61964
1.63856
1.62131
1.6178
1.61903
1.62072
1.61752
1.61077
1.57786
1.57394
1.56705
1.56788
1.57421
1.58106
1.58124
1.59041
1.59358
1.61136
1.60872
1.62121
1.62919
1.6172
1.6321
1.63254
1.63444
1.62591
1.63359
1.63582
1.63654
1.65398
1.66233
1.66304
1.65985
1.65214
1.65341
1.64333
1.64064
1.62472
