#xct_latency_in_nsec
0
0
0
0
0
0
0
0
0
0
0
0
0
0
0
0
0
11303499
9578369
7642860
5799131
5170352
4288192
4185841
3211791
2716268
2577619
2300604
2367651
2304422
2038937
1919041
1998889
1836582
2012277
1845779
1733974
1737990
2069963
1900267
1693777
1624830
1712373
1796341
1622135
1642602
1724838
1712117
1602011
1568802
1659832
1983248
1696426
1832254
1688250
1634049
1602146
1598426
1646199
1763505
1507694
1530873
1630173
1602202
1615571
0
4364085
1556411
1722688
1552441
1617710
1593859
1559695
1685848
1632527
1685727
1665770
1434308
1538170
1520723
1484988
1486150
1710627
1642218
1553014
1555581
1611034
1582724
1588780
1523928
1665807
1582171
1592576
1520563
1536230
1574799
1490071
1574502
1769712
1580402
1579153
1525178
1617838
1557554
1640689
1665797
1750933
1654250
1566475
1567556
1644025
1624166
1612565
1611654
1625467
1618591
1632334
1591555
1619693
1612422
1534026
1571095
1547875
1654781
1566625
1506703
1577275
1542464
1794599
1525807
1595960
1629697
1665126
1571558
1630128
1564175
1647646
1472201
1600546
1602802
1634244
1621422
1746126
1638910
1671859
1558325
1701396
1567217
1568501
1554867
1593693
1637678
1546647
1538929
1591861
1585628
1552751
1587826
1657788
1664103
1593183
1615096
1796082
1840555
1731921
1704761
1790275
1705750
1623548
1808792
1941487
1892754
1856890
1636952
1768986
1798106
1581331
1726510
1877593
1772124
1781285
1664523
1694472
1632546
1634780
1634267
1820632
1737512
1791511
1526808
1573807
1579445
1566585
1640679
1625014
1635290
1629485
1679049
1590416
1614081
1627304
1530517
1605971
1583028
1504006
1577825
1577890
1638008
1599594
1524286
1674929
1637879
1565080
1561904
1828968
1721693
1564009
1494770
1630377
1622764
1608965
1541159
1717847
1533546
1569305
1519292
1565683
1572601
1539253
1559721
1508644
1579486
1485828
1571091
1648589
1620438
1581397
1700320
1669943
1617896
1492754
1584991
1639310
1535819
1775729
1751159
1528634
1602041
1667754
1549560
1670219
1594144
1555643
1550936
1770870
1756393
1801811
1661581
1706964
2333288
1642550
2079298
1871891
1618265
1537050
1970897
1707417
1750083
1772959
1760550
1826648
1652943
1562444
1527558
2069365
1875561
1730110
1995555
1939021
1698651
1735400
1598276
1575759
1707863
2018944
2182540
1539755
1694010
1878645
1568239
1820460
1606374
1710248
2065132
1790090
1704441
1902568
1860777
1558060
1513703
1993253
1550337
1695281
1663376
1968499
1736668
1703756
2652581
2646084
1992811
1691741
1808194
1504064
1552475
1641007
1637935
1853618
1774703
2355888
1648592
1663319
1703694
1639263
2115161
1622841
1628263
1694873
1897130
1611056
1989169
2312719
1648004
1782045
1655615
1673726
1641888
1497864
1558106
1668114
1787436
1799654
1629440
1674782
1652798
1544206
1518694
1688290
1915140
1534900
1613172
1667379
1598804
1536660
1654705
1780539
1871149
1840634
1715529
1590416
1815117
1593877
1933676
1851204
1995153
1662597
1630598
1834384
1741551
1670424
1843517
2184317
1750215
2535945
1712843
2409574
1655059
2099860
1761581
1914253
1765207
1601233
1851777
1672416
1620493
1701325
1775953
2181609
2224759
2123705
2049609
1731886
1880291
1836710
1723578
1999624
1841227
2013458
2065786
1662797
2118331
1714545
1851525
1789354
1655562
1678078
1916337
1861490
2105942
1991292
2187852
1891127
1917671
1739758
1622111
1745343
1741516
1714396
1756165
1761737
1860637
1670803
1796640
1663197
1799206
1720727
1826742
1831234
2541386
1618997
1712073
1641240
1781039
1767202
1809833
1861016
1770032
1616190
2357039
1675861
1805463
1660385
1921808
1730450
2081882
1618821
1690019
1822644
1848897
1774434
2244440
1885218
1755233
1905020
1722330
2127862
2616682
1775538
1786845
2200037
1554256
1545092
1546257
1603433
1692141
1669234
1999617
1835999
1460366
1667971
1895981
1727500
1525823
1766792
1762716
1751381
2356912
1876923
1575787
1808382
1579609
1645147
1803350
1640509
1558542
1591100
1675786
1694466
1893282
2580132
1490483
1604952
1495614
1738776
1790743
1616828
1534133
1587001
1582910
1603238
1481866
1731811
1674953
1687878
1542437
1723193
1627851
1982497
1554908
1592912
1562377
1591115
1649826
1778819
2002808
1579550
1505958
1564379
1612324
1879757
1528449
2134654
1880911
2201386
1562495
1687408
1689838
1636270
1578092
2027815
1864003
1900250
1728971
1682797
1874933
1598672
1890988
1732883
1724083
1525330
1703027
1624341
1809606
1820873
1818799
1650104
1816131
1925713
1634948
2132612
1546352
2006591
1841393
1923921
1863364
1585056
1514959
1553538
1721480
1924692
1879014
2098401
1954490
1588967
1526999
1686741
1857479
2114819
1825488
2556575
1978084
1459022
1540280
1650574
1581194
1650482
1737973
2013369
1875327
1831417
1858106
1723404
1827906
1658873
1601286
1659259
1927168
1884015
1776553
1758893
1803089
1725677
1632445
1775447
1735024
1607747
1576319
2171325
1691704
1566247
1617599
1657641
1780741
1886728
2146446
1880594
2313232
1779409
1959235
1955475
1702781
3117801
1751609
1856464
1796240
2416184
1897580
1839753
1872097
1781637
2147534
1815138
2049164
1830523
2408764
1873385
1620107
1686808
1741142
1690850
1801063
2377923
1730518
1776275
1850975
1810017
1795709
1801115
1797669
1619862
1642544
1917627
1990848
1904306
1671909
2299172
1812235
1678374
1656696
2067544
1917339
1960750
1780689
2090901
1642919
1574996
1623940
1776020
1533844
1477934
1474488
1647081
1620508
1629416
1586497
1575550
1592021
1748591
1760509
1706611
1642542
1538086
1705138
1723324
1497327
1540863
1483306
1732652
1727342
1985119
1822871
1939702
1735936
1573614
1538196
1573671
1768791
2771035
1690746
2215021
1677543
1550554
2005130
1796219
1991739
1683476
1634208
1659105
1727804
1598903
1576907
1494199
1529733
1662432
1596190
1559271
1652612
1553275
1901671
1671294
1581735
1504662
1559067
1600011
1851744
1813179
1753426
1839136
1973886
1467988
1504659
1593555
1680181
1739315
1562465
1565589
1813936
1607337
1721536
1851918
1666602
1786256
2941696
1626934
1905272
1507484
1765214
1540188
1708143
1758836
2007919
1915613
1538836
1786873
1639260
1812596
1625807
2095767
1595796
2019103
1604518
1573272
1605988
1630089
1826257
1697377
1745054
2517490
1576354
1513305
1507627
1602643
1654856
2035929
1666645
1681469
1557205
1558116
1662835
1538042
1514571
1525966
2410248
1920210
2059521
1738538
2152330
1495915
1568698
1950384
1631640
1564807
1495210
1534524
1590516
2123654
1797238
1964437
2146523
1622683
1802131
1538096
1994408
1519823
1556434
1567532
1611620
1643600
1520265
1576696
1629268
1583844
1597727
1576788
1624726
1552691
1520747
1607032
2107928
1565999
1523023
1624383
1883395
1778847
1882746
1908742
2186910
1636758
1569914
1692656
1531741
1579658
1611429
1560069
1573476
1782541
1704379
1797064
2070950
1606048
1686470
1946438
1665564
1850624
1639661
1922881
1772424
1979251
1913242
1778907
1779392
1702797
2017161
1783032
1652960
1492703
2090413
2134210
2151223
1703166
1599786
1731297
1642124
1672538
1508141
1569866
1763205
1565638
1524371
1542345
1674548
1760970
1718648
1599184
1621874
1888375
1535199
1847757
1909183
2014115
1496509
1593606
1572776
1507138
1523868
1682098
2324194
1630659
2156217
1607905
1528635
1499411
2101680
1772758
1612127
1545380
1499017
1565184
1519990
1717958
1969837
1537652
1565336
1548912
1544726
1573259
1694400
1614161
1478544
1739777
1578130
1633570
1591565
1586333
1624004
1597662
1877191
1921577
1701992
1937372
1509517
1614029
1682927
1810600
1540898
1570388
1552761
1607130
2603007
1699888
1981440
1645914
1549780
1640642
1539694
1505442
1655508
1865507
1852037
1767517
1508040
1572325
1661116
1665403
1664962
2352988
1897343
1838241
2003285
2143799
1555911
1563509
1646932
1710209
1672446
1584158
1540145
1598871
1569145
1540680
1512971
1777749
1959524
1902857
1590295
2496287
1630382
2029608
1496937
1548342
1541639
2082558
1902568
1857585
1762457
1631040
1596640
2072571
1876490
1638961
1803434
1787072
2737464
1715814
1941513
1819384
1734170
1568803
1489890
1579982
1661567
1712564
1548509
1850885
1692547
1820615
1577546
1559531
1601021
1604481
1506168
1562398
1771825
1699465
1537897
1829014
1892501
1679497
1573524
1519541
1559042
1593804
1882644
2023546
1646269
1599095
1731100
1894203
1907404
1623445
1617143
2134113
2143757
1760522
1754630
1836410
1501990
1978453
1544036
1574330
1686428
1596852
1649439
1755304
1819964
1986812
1498798
2023810
1883851
1700704
1605691
1772685
1608816
1520227
1586695
1548354
1479710
1663508
2038979
1661686
1622465
1501134
1502938
1556952
1684177
1478993
2272621
2115665
1636567
1634499
1563287
1589697
1553679
1567292
1929751
1861495
1535449
1470745
1769830
1617492
1601944
1574630
1671929
1926748
1733773
1585376
1639041
1593069
1505135
1632012
1568559
1644602
1630195
1587507
1561390
2050390
1758621
1649121
1563476
1534558
1583832
1846525
1606411
1542556
1564710
1683519
1468761
1457591
1625716
1500587
1572226
1741344
2470003
2379523
1861740
2435657
1892013
1492683
1534716
1696683
1699165
1520928
1658948
1629385
1522418
1882057
1973176
2023591
1930769
1551689
2219285
1709965
1485723
1568378
2039476
1698156
1536644
1608691
1572788
1548560
1546249
1578979
1526153
1545741
1548057
1912246
1567770
1672745
1619810
1548307
1661103
1670037
1622741
1482575
1719689
1606676
1550256
1534137
1717678
1565953
1588132
2154329
2302452
2047517
1986003
1641319
1904574
2073348
1608027
1997176
1771840
2315173
2147870
2187432
1661789
1548448
1823091
1621269
1618335
1536473
1526232
1560555
1596895
1526339
1728492
1564972
1722684
1820607
1687744
1489306
1922542
1638592
1894500
1570637
1672730
1528289
1546050
2033949
1572948
1578466
1720921
1737036
2022072
1753582
1797079
1603102
1531514
1623330
2012855
1556059
1674012
1845765
1473118
1526549
1486534
1737544
1852031
1978805
1910711
2202461
1786198
1667173
1927840
1682221
1614837
1766480
1711381
1973272
1548725
1952724
1517193
1760136
1616289
1998087
1710095
1657479
1486519
1743283
1656306
1470055
1790593
1487367
1523739
2283574
1560230
1606320
1895259
2185077
1658435
1902101
1970972
1914614
1516234
2287011
1741263
2135919
1651783
2149167
1829714
1502634
1782700
1518259
1456464
1550919
1538865
1802554
1564088
1470544
1743119
1715063
1423269
1881812
1480611
1485385
1802708
1811538
1522753
1455368
1510510
1944922
1392992
1963430
2117815
1783025
1775677
1485448
1463145
1425875
1415234
1552843
1459302
1450962
1427125
1550956
1427554
1453183
1481986
2159825
1869671
1470494
1864597
1747585
2019249
1473072
1416018
1432314
1572380
1680753
1435740
1507341
1504365
1863682
1791183
1401782
1494241
1411825
1868759
1510768
1565660
1478288
1517016
1498162
2133972
1766248
2017485
1373119
1467608
1419343
1394392
2079088
1446305
2782968
1962293
1444886
1537368
1372593
1502356
1982484
1423445
1920691
2216887
1417011
1995483
1464837
1705120
1507022
1927476
1514693
1389046
2097144
1725522
1720568
1492965
1825731
1485066
1394382
1699689
1558378
1416080
1481227
1570410
1563242
1436735
1546969
1608645
1628064
2172498
1395316
1791836
1933594
1829262
1375955
2191412
1878045
1683097
1439343
2030174
1531248
1480274
1370386
1899780
1496193
1372998
1859657
1804940
1746123
1619531
2082733
1365793
1424808
1678002
1348060
1983396
1576804
1482370
1371166
1397824
1397711
1600447
1555630
1669786
1688845
1453896
1504175
1395134
1469164
1404831
1505124
2046797
1679023
2206728
1596989
1807424
1868875
1545532
1754814
1488721
1889841
1517994
1402846
1508178
2321273
1522910
1334998
1369893
1384286
1454369
1477276
1481574
1885589
1888684
2003886
1604964
1567101
1948015
1961980
1488019
1387011
1425616
1726693
1600655
2142280
1432305
1441240
1391929
1411661
1910982
1454703
1360150
1944692
1736969
1833268
1882294
1426518
1750121
1910622
1440901
1373758
1523834
1369801
1564131
1537267
1489580
1795409
1376482
1488890
1442052
1439778
1788921
2206251
1394343
1407714
1450656
1854351
1394176
1751128
1432158
1448600
1875410
1855220
1496608
1970232
1375516
1425920
1540429
1541808
1563368
1429932
1541894
1761774
1741885
1523160
1667292
1436032
1501141
1604097
1428974
1427799
1427631
2671096
1501052
1471791
1358729
1440329
1487067
1906525
1362537
1468801
2011420
1974227
1502887
1418486
1420432
1911932
1377829
1569917
1533771
1459704
1365681
2019064
1580323
1921443
2033022
1468828
1451892
1420436
1339200
1626220
1391503
1523706
1393228
1547449
2073462
1605600
1460736
1435352
2045558
1459638
1546688
1548733
1396442
1530559
1461098
1431328
1367774
1452955
1407769
1356921
2655110
1550600
1509529
1512172
1339044
1353985
1428581
1456697
1400952
1546241
1519368
1648603
1608648
1917614
1670094
1681827
1632835
1687404
1584132
1657804
1811008
1528017
1447895
1481234
1400317
1412159
1855998
1476418
1417827
1339515
1525683
1656960
1526846
1399628
1522571
1576310
1452747
1393986
1800413
1649418
1398603
1426956
1459577
1439994
1421910
1401056
1506232
1655730
1502344
1501329
1640751
1684527
1635715
1920365
1617697
1945573
1636903
1517266
1526058
1723868
1522993
1586501
1796144
1712059
1971246
1583707
1602065
1583276
1673072
1615793
1625054
1722806
1563230
1938594
1514252
1507603
1578179
1657274
1544013
1796482
39195810
1655090
1639741
1578259
1769042
1582871
1558571
37250274
1716647
1753627
1748732
1781637
1825257
1613606
1780443
1659264
1810901
1662228
2339218
1780699
1647320
1847981
1690073
1773807
2114182
1678585
1769198
1616427
1717799
1673215
2137087
1763877
1738445
1695503
1699110
1703008
1788968
1632591
1641400
1781402
1813955
1637733
1653063
1677208
2237424
1831640
1748063
2147930
1748055
1623411
1751166
1817210
1714661
1706724
1643228
1797633
1697688
1884569
2208768
1639907
1660331
1685323
1862610
1833424
1629957
1520445
1713146
1564683
1703114
1631528
1672875
1687489
1600750
1620796
2068409
1564590
1645277
2262911
1703816
1608338
1695835
1617351
1531125
1502864
1522284
1488538
1628277
1756555
1682563
1541172
1567493
1553536
1514324
1492162
1993722
1468695
1552087
1608765
1721401
1688556
2372466
1485595
1481286
1473645
1547397
1519684
2283201
1477932
1538169
1501829
1599570
2053282
1572543
1536574
1559583
1586736
1576142
1512341
1600861
1688715
1708720
1677976
1704278
2122874
1473972
1480755
1437614
1582657
1658273
2188106
1488024
2089911
1495122
1564192
1529603
1619228
1477483
1500427
2150248
1557380
1624425
1609514
1767901
1685940
1601847
1508366
1635808
1533940
1472440
1517344
1796312
1625458
2092088
1483915
1497619
1624279
1884592
1713688
1576003
1589658
1509328
1496491
1590467
1566740
1521708
2048068
1553927
1682345
1762470
2188750
1641783
2487276
2196157
1650460
1826077
1835700
1773257
1741122
1689759
1799828
1684517
1622714
2236978
1746935
1838458
1735425
1909370
1908247
1655436
1657032
1658923
1612099
1807867
1807714
1685275
1914233
3991642
1622476
1749724
1584128
1719489
1777972
1700132
1773916
1647805
1705447
1752716
1814399
1750718
1860681
1879770
2500585
1760399
1694966
1567090
2034706
1588376
1598108
1718896
1541435
2419854
1720613
1616428
2646380
1581570
1661528
1603076
1701666
1716760
1740081
1593820
1696336
1746923
2209121
1793117
1745013
1536852
1966774
1711791
1629123
1605275
1680528
1695518
2244325
1721704
1943151
1905610
1790497
2848017
1982746
1677128
1597977
1707907
1796823
1831102
1745338
1709917
1780700
1703022
1886084
1692224
1840275
1533733
1539946
1579229
1597427
1508665
2140719
1728426
1841213
2506167
1788167
1614737
1611180
1513313
2555941
1518294
1491245
1552541
1587335
1548498
1537685
1550187
2090682
1526966
1562984
1512049
1506199
1659844
2248594
2005380
1755809
1843744
1881238
1846744
1750794
1773566
1754035
2079018
1777058
1873396
2069562
1695232
1687434
1833444
1847269
1885941
1771173
1783724
1681604
1791847
1766662
2759737
2086822
1755285
1740199
2175294
2015761
2069448
1661587
1829659
1875913
1807210
1606710
1809487
2704965
1666559
1827225
1726551
1661575
1791795
1722799
2098684
1725620
1726729
1769948
1856229
3141794
2592885
1761790
1889483
1756049
1686752
1692227
2294065
1829427
1712993
1634921
2277228
1756622
1647156
1989376
1730795
1819214
1779631
1766199
1866450
1806225
1663107
1731687
1881731
1732647
1780466
1731505
2251015
1902437
4564062
1900607
1668046
1707211
1858224
1777961
2062758
1636299
1861211
1945245
2141714
1879938
1586019
1649158
1735135
1939660
1661771
1852778
1818432
1875171
1793598
1767017
1694889
1747483
1752221
2302951
1868964
3215758
1704752
1722275
1777688
1790201
1652134
1729867
2497390
1826490
1753954
1869021
1888485
1828025
1665110
1725551
1847116
1818980
1748124
1797298
1779047
1720517
1511432
1642688
1645258
2233304
1670653
2347580
1783466
1727407
1681671
2337155
1808665
1652496
1744879
1748143
1838515
1858124
1657236
1757354
2203579
1792086
1605551
1716475
2195647
1749679
1766495
1881105
1714659
1819439
1778344
1886618
3225836
2019789
2230231
1854584
1762433
1738275
1623935
1865424
1830896
1657373
2132695
1705786
1673605
1888333
2671638
1808420
1841442
1728950
1593653
1716043
1825504
1752087
1674141
1944669
1748470
1711447
1711549
3557390
1810164
1710388
1686546
1734336
1687654
1884953
1629520
2013690
1633083
1665592
1674979
1842373
1819478
2641583
2023610
1791675
1836829
1830747
2234438
1765080
1666315
1639431
1710789
1736702
1787687
1683700
2102123
1754928
1602612
1717355
1716014
1903116
1822214
1845514
2280823
1851075
1702793
2106362
2055609
2466893
1854105
1800070
1785107
1826229
1835730
1719574
1662132
1846943
1801982
1854161
2322206
1635106
1909862
1568373
1521015
1539570
1516518
1518086
1575894
1574979
1525647
2022451
1979644
1619545
1601406
1502533
1521796
1539008
1511906
1683635
1626559
1612226
1566064
1495675
1516891
1677456
1484560
1483467
1650522
1941438
2031915
1509103
1632344
1612740
1587592
1595900
1712967
2806595
1702781
1533948
1535211
1506763
1496709
1956458
1499142
1602619
1492745
1452612
1549170
1602169
1663184
2236007
1649807
1838520
1638085
1632280
2642017
1721137
1805964
1583735
1601612
1520384
1492046
1530264
2964300
1717055
1496010
1537410
1628377
1638978
1645824
1480995
2384537
1577712
1518574
1616063
1602517
1709665
1565356
1484948
1711572
1605671
1576949
1546314
1781586
1899801
1596049
1908927
1656044
1573704
1782536
2958035
1532679
1471913
1601512
1500680
1489988
1509181
1629803
1623481
2102252
1676633
1509752
1580671
1885555
2002371
1572914
1697169
1697439
1899437
1840287
1619989
1979484
2085394
1460050
1497133
1569041
1651551
1731671
2374057
1788007
1561233
1555884
1512577
1583522
1547446
1545288
1471710
2129913
1561042
1488217
1484423
1467585
2491983
1544402
1682550
1584230
1558401
1491325
1564783
1592923
1616247
1932336
1535016
1565284
1653072
1642834
1594150
1699580
1551576
1610295
1531609
1509758
1530473
2050573
1769956
1853892
1767057
1652688
3465509
1748176
1692069
1614256
1465093
1517717
1722971
1858598
1505807
1554478
1670640
1542283
1643738
1718210
1533696
1557217
1549209
1540936
1593027
1854699
1638706
1590301
1557251
1597009
2037023
1556073
1606415
1547300
1564773
1521903
1602688
1598193
1459212
1961142
1514901
1488423
1536797
1561709
1563189
1522009
1506622
2063998
2648816
1523284
1524016
1563303
1879636
1755286
1687722
1730244
1991181
1773438
1832610
1752734
1589652
1533880
1582350
1598548
1593043
2355429
1585137
1592966
1584731
2437823
1729862
1920957
1916107
1791445
1680155
1631259
1609993
1592698
1687237
1647346
1843239
1815624
2036929
1885325
1827682
1829231
1755852
1827277
1818936
1675891
1731383
2277171
1797439
1816888
1714324
1750726
1827200
3944953
1798740
1797519
1756500
1789148
2069556
1899932
1724728
1776727
1810429
1828579
1637233
1637843
1758380
1887993
1931787
1943557
1901391
1765582
1818391
1782258
1862074
1871977
1790030
1771821
2064193
1798136
1813743
1748211
1928455
1650130
1744572
1777489
1801842
1749501
1689541
2381317
2071014
1851956
1741437
1781737
1709030
1886656
1794135
2424679
1710096
1877374
2308761
1715540
1819074
1717798
1785862
1654212
1708743
1826577
1798107
1589291
1928587
3945276
1818841
1650371
1714114
2030106
1692974
1688126
1795955
1916041
1796338
1772784
1786053
1750545
1592834
2125641
1699229
1540160
1609187
1585062
1640942
1617325
1548006
1536645
1966496
1637209
1536910
1547072
1597347
1654621
1603014
1978478
1560437
1589298
1525462
1551407
1654590
1633962
1557165
1489398
2118359
1500061
1519918
1590299
1590390
1567222
1728313
1902692
1719539
1539756
1469112
1459095
1605328
1557122
1627605
1608567
1819366
2159553
1555505
1516267
1544895
1578157
2206320
1997749
1848961
1881557
1771694
1753953
1815466
1877658
1726339
1723568
1831266
1735709
1785146
1827296
1940415
1705654
1818537
2034001
1743204
2519983
1756078
1694163
1715652
1688595
1772767
1727740
1840116
1840030
1984464
2561447
1785675
1841780
1818407
1723569
1739017
1823696
1727344
1881492
1901569
1780032
2315641
1771865
1795934
1764869
1644608
1639766
2073249
2255182
1785817
1816672
1806898
1782960
1740024
1681432
1858292
1855514
1745879
1711513
2321761
1914963
1736644
2209027
1833075
1703534
1678698
1711148
1723076
1750689
1610146
1581780
1650985
1673083
1580022
1752127
2134533
2684629
1591788
1723148
1773596
1520321
1441179
1465562
1562281
1651218
1555834
1787483
1927311
1567404
1503585
1933875
2442976
1579299
1468671
1596833
1645190
1635843
1550974
1605438
1518050
1572774
1544775
1491853
1612321
1505384
1524277
2272793
2006028
1517059
1472066
1465641
1513497
1542462
1572004
1609213
1605080
1636842
1503001
1513659
1536567
1541584
1454456
2702321
1630484
1526796
2078350
1742203
1647782
1498186
1434526
1551527
1574465
1651881
1624842
1614777
1546732
1521648
2106454
1730032
1860298
1744027
1699130
1929869
1835859
1889448
2157536
1828254
1807227
1678772
1851320
1783501
2209759
1765406
1778496
1882852
1889016
1717262
1872254
1834376
2495964
1670572
1682629
1711889
1914742
2842231
1732493
1976112
1828901
1653134
1619181
1827055
1852008
1857666
1678585
1800786
1788756
1820797
1756974
1866414
2141910
2199705
1982254
1653348
1719976
1769345
1651540
1605931
1614351
1673394
2226098
1839703
1749350
1498283
1692327
1842796
1823406
2098144
1784815
1717283
1991201
1795647
1751092
1788372
1684063
1855651
1696592
1751688
1737732
1699773
1721509
1893995
1704677
2450252
1587175
1624037
2107588
1572714
1654801
1551104
1533048
1525365
1498480
1613217
1528644
1490778
1682122
1638585
1566603
1569166
1504738
1605599
2099904
1510168
2264097
1794179
1868758
1829502
1635861
1651863
1829170
1826566
1777827
1839276
1861200
1815868
1842743
1870226
1925904
1691474
1799926
1858798
1820685
1786885
1977551
5280556
1800457
1630493
1723483
1795532
2021091
1817522
1676349
1795554
1808976
1628417
1737316
1886129
2174222
1674472
1690287
1823485
1860575
1941248
2096877
1833987
1797502
1829728
2185364
1771000
1731389
1942456
1689783
1684063
1779893
1829505
1710018
1950331
1845564
1801746
1691783
2328731
1727208
1601695
1754671
1783520
1882509
2010222
1905423
1631667
1821080
1754848
2005516
1746291
1868789
1821657
1798856
1600807
1893687
1621994
1751940
1844534
1686416
1705869
1869815
2164924
1649522
1582240
1614468
1779719
1714668
1747248
1650187
1706015
2025200
1528702
1747199
2422262
1739852
1740565
1776025
1846511
2359131
1843474
1755721
1739269
1666298
1679719
1800162
1810936
1861994
1754534
1711288
1830792
1637163
2062967
1773320
1702426
1868436
1894804
3571439
1819631
1763772
1727483
1769265
1825065
1886262
1880388
1669490
1762267
1710367
1552891
1675219
1869144
2380889
2238874
1746112
1827738
1920464
1737976
1867075
1678277
1833522
1740336
1919433
1865217
1817199
1731295
1596605
1688832
1614429
2052932
1515929
1614309
1805893
2266793
0
0
0
0
0
0
0
0
0
0
