0 restore_end page_write
0 0 676
0 0 862
0 0 1002
0 0 982
0 0 1318
0 0 2118
0 0 4722
0 0 3832
0 0 3236
0 0 3256
0 0 3393
0 0 3715
0 0 4302
0 0 4926
0 0 4498
0 0 3372
0 0 3280
0 0 3236
0 0 3332
0 0 3282
0 0 3465
0 0 3427
0 0 3097
0 0 3141
0 0 3225
0 0 3208
0 0 3147
0 0 3189
0 0 3160
0 0 3334
0 0 3156
0 0 3149
0 0 3252
0 0 3180
0 0 3226
0 0 3199
0 0 3535
0 0 3417
0 0 3503
0 0 4545
0 0 4470
0 0 4491
0 0 4528
0 0 4726
0 0 4407
0 0 3405
0 0 3190
0 0 3903
0 0 4281
0 0 4328
0 0 4694
0 0 5303
0 0 4420
0 0 4113
0 0 4731
0 0 4778
0 0 4662
0 0 3749
0 0 3330
0 0 3592
0 0 3426
0 0 3449
0 0 3377
0 0 3395
0 0 3586
0 0 3466
0 0 3403
0 0 3293
0 0 3428
0 0 3639
0 0 3445
0 0 3423
0 0 3486
0 0 4619
0 0 4930
0 0 4012
0 0 3577
0 0 4168
0 0 4610
0 0 4900
0 0 4647
0 0 4636
0 0 4701
0 0 4732
0 0 4994
0 0 4730
0 0 4995
0 0 4689
0 0 5089
0 0 4787
0 0 4683
0 0 4751
0 0 4828
0 0 4721
0 0 5069
0 0 5099
0 0 4893
0 0 3954
0 0 3603
0 0 3626
0 0 3421
0 0 3589
0 0 3389
0 0 4431
0 0 4985
0 0 4832
0 0 3687
0 0 3453
0 0 3417
0 0 3442
0 0 3419
0 0 3510
0 0 3667
0 0 3358
0 0 3557
0 0 3498
0 0 3416
0 0 3430
0 0 3607
0 0 3637
0 0 3463
0 0 3388
0 0 3410
0 0 3445
0 0 4606
0 0 4974
0 0 4888
0 0 4020
0 0 4744
0 0 4775
0 0 4663
0 0 4758
0 0 4756
0 0 4772
0 0 4704
0 0 4719
0 0 4763
0 0 4749
0 0 4710
0 0 4758
0 0 4761
0 0 4725
0 0 4715
0 0 5095
0 0 4815
0 0 4664
0 0 4640
0 0 3832
0 0 4438
0 0 4726
0 0 4956
0 0 4245
0 0 4478
0 0 4774
0 0 4676
0 0 4975
0 0 4775
0 0 4719
0 0 4755
0 0 3818
0 0 3582
0 0 4717
0 0 4719
0 0 4709
0 0 4714
0 0 4724
0 0 4781
0 0 3965
0 0 3546
0 0 3451
0 0 3432
0 0 3569
0 0 3465
0 0 3480
0 0 3445
0 0 3423
0 0 3447
0 0 3446
0 0 4677
0 0 4817
0 0 3691
0 0 3532
0 0 3459
0 0 3622
0 0 4707
0 0 5093
0 0 4961
0 0 3778
0 0 3420
0 0 3447
0 0 3430
0 0 3458
0 0 3411
0 0 3473
0 0 3437
0 0 4324
0 0 3833
0 0 3487
0 0 3442
0 0 3586
0 0 3482
0 0 3514
0 0 3419
0 0 3428
0 0 3431
0 0 3371
0 0 3405
0 0 3427
0 0 3412
0 0 3429
0 0 3438
0 0 3390
0 0 3439
0 0 3459
0 0 3443
0 0 3508
0 0 3395
0 0 3403
0 0 3415
0 0 3452
0 0 3445
0 0 3765
0 0 3554
0 0 3409
0 0 3405
0 0 3452
0 0 3423
0 0 3403
0 0 3466
0 0 3417
0 0 3444
0 0 3424
0 0 3372
0 0 3424
0 0 3397
0 0 3558
0 0 3416
0 0 3593
0 0 3478
0 0 3634
0 0 3515
0 0 3430
0 0 3393
0 0 3936
0 0 3480
0 0 3431
0 0 3422
0 0 4443
0 0 4856
0 0 3693
0 0 3431
0 0 3456
0 0 3393
0 0 3410
0 0 3446
0 0 3451
0 0 3393
0 0 3440
0 0 3394
0 0 3419
0 0 3619
0 0 3764
0 0 3414
0 0 3370
0 0 3420
0 0 3640
0 0 3576
0 0 4682
0 0 4810
0 0 4925
0 0 4985
0 0 4922
0 0 4926
0 0 4728
0 0 4981
0 0 4956
0 0 4907
0 0 4007
0 0 4542
0 0 4757
0 0 5056
0 0 4845
0 0 4828
0 0 4069
0 0 4537
0 0 4853
0 0 3820
0 0 3918
0 0 3410
0 0 3587
0 0 3475
0 0 3440
0 0 3433
0 0 4593
0 0 4968
0 0 4853
0 0 3721
0 0 4242
0 0 4724
0 0 4708
0 0 4724
0 0 4803
0 0 3798
0 0 4921
0 0 4733
0 0 4852
0 0 5001
0 0 4742
0 0 4896
0 0 4285
0 0 3534
0 0 4454
0 0 4784
0 0 4713
0 0 4710
0 0 4776
0 0 4879
0 0 4659
0 0 4916
0 0 5043
0 0 5132
0 0 4815
0 0 5020
0 0 5051
0 0 4886
0 0 5090
0 0 5007
0 0 4616
0 0 4721
0 0 4716
0 0 4746
0 0 4872
0 0 4690
0 0 4780
0 0 4707
0 0 4187
0 0 3569
0 0 3608
0 0 3583
0 0 4661
0 0 4646
0 0 4637
0 0 4671
0 0 3821
0 0 4562
0 0 4598
0 0 4634
0 0 4977
0 0 4870
0 0 4724
0 0 4814
0 0 4785
0 0 3871
0 0 3583
0 0 3618
0 0 3547
0 0 3579
0 0 3539
0 0 3542
0 0 3567
0 0 3559
0 0 4486
0 0 4812
0 0 3984
0 0 4503
0 0 4822
0 0 4789
0 0 3786
0 0 3503
0 0 3509
0 0 3540
0 0 3793
0 0 3543
0 0 3551
0 0 3610
0 0 3582
0 0 3565
0 0 3528
0 0 3582
0 0 3547
0 0 3550
0 0 4382
0 0 3710
0 0 3514
0 0 3677
0 0 3580
0 0 3538
0 0 3531
0 0 3870
0 0 3630
0 0 3584
0 0 3593
0 0 3549
0 0 3584
0 0 3558
0 0 3573
0 0 3572
0 0 3524
0 0 3893
0 0 3638
0 0 3533
0 0 3633
0 0 3544
0 0 3643
0 0 3566
0 0 3501
0 0 3520
0 0 3678
0 0 3653
0 0 3567
0 0 3566
0 0 3558
0 0 4401
0 0 3800
0 0 3612
0 0 3479
0 0 3512
0 0 4296
0 0 4860
0 0 4933
0 0 5007
0 0 4945
0 0 4857
0 0 3686
0 0 3711
0 0 4566
0 0 5051
0 0 5014
0 0 4993
0 0 5012
0 0 4996
0 0 4977
0 0 5063
0 0 4998
0 0 3856
0 0 3382
0 0 4657
0 0 4800
0 0 5008
0 0 4991
0 0 4976
0 0 4848
0 0 4980
0 0 5044
0 0 4818
0 0 5087
0 0 5003
0 0 4160
0 0 3562
0 0 3457
0 0 3465
0 0 3557
0 0 3567
0 0 3576
0 0 3513
0 0 3674
0 0 3673
0 0 3593
0 0 3510
0 0 3471
0 0 3528
0 0 3516
0 0 3455
0 0 3736
0 0 3646
0 0 3506
0 0 3486
0 0 3504
0 0 3510
0 0 3466
0 0 3484
0 0 3512
0 0 3586
0 0 3484
0 0 3460
0 0 3431
0 0 3496
0 0 3493
0 0 3480
0 0 3547
0 0 3438
0 0 4293
0 0 4771
0 0 4747
0 0 3629
0 0 3538
0 0 3431
0 0 3483
0 0 3488
0 0 3458
0 0 3493
0 0 3499
0 0 3453
0 0 3522
0 0 3427
0 0 3474
0 0 3493
0 0 3486
0 0 3567
0 0 3443
0 0 3424
0 0 3394
0 0 3471
0 0 3468
0 0 3511
0 0 3527
0 0 3451
0 0 3539
0 0 3536
0 0 3598
0 0 3532
0 0 3510
0 0 3447
0 0 3747
0 0 3533
0 0 3474
0 0 3483
0 0 3508
0 0 3470
0 0 3702
0 0 3512
0 0 3538
0 0 3517
0 0 3504
0 0 3526
0 0 3504
0 0 3489
0 0 4448
0 0 4879
0 0 4676
0 0 3772
0 0 4413
0 0 4629
0 0 4683
0 0 3719
0 0 3508
0 0 3471
0 0 3545
0 0 3498
0 0 3520
0 0 3450
0 0 3467
0 0 3498
0 0 3467
0 0 3462
0 0 3459
0 0 3538
0 0 3528
0 0 3539
0 0 3515
0 0 3514
0 0 3445
0 0 3486
0 0 3488
0 0 4477
0 0 4673
0 0 4611
0 0 3733
0 0 4538
0 0 4654
0 0 4989
0 0 4788
0 0 4844
0 0 4715
0 0 4860
0 0 4871
0 0 4831
0 0 4144
0 0 3704
0 0 3622
0 0 3461
0 0 3508
0 0 3434
0 0 4403
0 0 3535
0 0 3514
0 0 3553
0 0 3466
0 0 3490
0 0 3478
0 0 3492
0 0 3503
0 0 3435
0 0 3448
0 0 3416
0 0 3440
0 0 5413
0 0 4551
0 0 4692
0 0 4620
0 0 5577
0 0 4638
0 0 4923
0 0 4735
0 0 3706
0 0 4374
0 0 4620
0 0 3687
0 0 3341
0 0 3484
0 0 4814
0 0 4699
0 0 4886
0 0 4915
0 0 4957
0 0 4898
0 0 4901
0 0 3851
0 0 3433
0 0 4663
0 0 4647
0 0 4607
0 0 4571
0 0 4028
0 0 3452
0 0 3494
0 0 3465
0 0 4303
0 0 4852
0 0 4710
0 0 3736
0 0 4500
0 0 4879
0 0 5650
0 0 4813
0 0 4768
0 0 4775
0 0 3939
0 0 3342
0 0 3369
0 0 3458
0 0 3512
0 0 3549
0 0 3411
0 0 4386
47 0 4349
1598 0 25220
4331 0 27910
8223 0 28152
13017 0 28175
18263 0 28212
24202 0 28032
30821 0 28126
38203 0 27718
46197 0 26229
53741 0 22519
53741 0 0
53741 0 0
53741 0 0
53741 0 0
55075 0 3625
64956 0 24837
75468 0 22232
86525 0 19602
97734 0 17531
107805 0 13439
119078 0 13605
131259 0 12668
141365 0 9324
152552 0 9433
164245 0 8722
174935 0 7102
186606 0 6991
198163 0 6365
209206 0 5517
219478 0 4983
231012 0 5030
243332 0 5127
253610 0 3899
265352 0 4357
278039 0 4343
287485 0 3121
295585 0 2572
301497 0 1708
310469 0 2643
316062 0 1555
322457 0 1709
330616 0 2204
336285 0 1461
344036 0 1991
356579 0 2956
368503 0 2686
380943 0 2763
393416 0 2705
404997 0 2205
417108 0 2274
428328 0 2018
434292 0 982
441822 0 1385
449322 0 1308
455705 0 1073
466388 0 1843
476147 0 1586
488521 0 1910
500147 0 1729
511923 0 1695
523667 0 1649
536587 0 1738
548960 0 1605
554027 0 627
559939 0 767
567038 0 945
575694 0 1113
587171 0 1400
599156 0 1333
611067 0 1383
623161 0 1325
634382 0 1247
642970 0 899
647874 0 547
654224 0 614
662354 0 849
671363 0 1013
678310 0 699
686735 0 783
696998 0 1039
708653 0 1094
719607 0 1063
731767 0 1050
743256 0 1091
755283 0 1067
767801 0 1157
778300 0 898
790243 0 978
799556 0 708
805663 0 499
811935 0 462
816349 0 323
827247 0 847
838144 0 834
848181 0 757
859863 0 825
864941 0 346
873012 0 615
881391 0 643
889791 0 537
899932 0 634
910671 0 784
922037 0 834
933750 0 814
945504 0 801
957569 0 730
969279 0 698
980749 0 779
990845 0 698
1000891 0 575
1006353 0 321
1018009 0 727
1029477 0 655
1040621 0 693
1052068 0 681
1063485 0 634
1072758 0 506
1079117 0 312
1085528 0 340
1093255 0 389
1103472 0 578
1114282 0 553
1125847 0 544
1137509 0 701
1149132 0 579
1159325 0 503
1170923 0 562
1182160 0 487
1193059 0 494
1201127 0 383
1209447 0 447
1214698 0 246
1221362 0 351
1228732 0 367
1236713 0 391
1245459 0 460
1256201 0 578
1267697 0 495
1279132 0 530
1290579 0 477
1302258 0 542
1313762 0 497
1324171 0 488
1334810 0 416
1346291 0 566
1358208 0 567
1369729 0 501
1380044 0 437
1391397 0 527
1401654 0 465
1406275 0 216
1415041 0 406
1423870 0 382
1435415 0 490
1446620 0 539
1458092 0 446
1468075 0 443
1474438 0 289
1484758 0 420
1490587 0 245
1496027 0 189
1502244 0 295
1510942 0 378
1521156 0 381
1529564 0 346
1540658 0 431
1551277 0 433
1563190 0 439
1574743 0 523
1586505 0 491
1597165 0 427
1608514 0 371
1619937 0 416
1631718 0 423
1642116 0 317
1653743 0 445
1665142 0 396
1676591 0 415
1688470 0 444
1699090 0 355
1706714 0 247
1713318 0 250
1721394 0 273
1730364 0 285
1738959 0 268
1745977 0 276
1754067 0 256
1762512 0 315
1771062 0 339
1778293 0 242
1786911 0 243
1798513 0 438
1809720 0 370
1820972 0 416
1831272 0 384
1842810 0 375
1853933 0 348
1864913 0 379
1876254 0 376
1888126 0 362
1899594 0 359
1910729 0 405
1921329 0 301
1932811 0 414
1944151 0 350
1955420 0 380
1967115 0 394
1978401 0 350
1987655 0 352
1994457 0 302
1999422 0 169
2004149 0 136
2011176 0 226
2016306 0 157
2027299 0 366
2038372 0 361
2049751 0 385
2061204 0 365
2072781 0 376
2084147 0 420
2094520 0 268
2106268 0 367
2118067 0 325
2129321 0 280
2140402 0 329
2151712 0 386
2163291 0 342
2173515 0 307
2185023 0 345
2196811 0 315
2208465 0 318
2219797 0 326
2228816 0 289
2237762 0 295
2247590 0 295
2256041 0 275
2260586 0 139
2266761 0 193
2273061 0 170
2279160 0 210
2285177 0 213
2296397 0 271
2308092 0 327
2319343 0 318
2330923 0 323
2341504 0 303
2352534 0 292
2363721 0 295
2375007 0 297
2386183 0 303
2396571 0 320
2408319 0 303
2419708 0 291
2431372 0 313
2443486 0 369
2454615 0 287
2466211 0 334
2477977 0 278
2487813 0 242
2496399 0 216
2501991 0 154
2508799 0 149
2515913 0 193
2521133 0 129
2531009 0 315
2542461 0 237
2554297 0 324
2565549 0 316
2575958 0 282
2587357 0 319
2599904 0 312
2612525 0 275
2623972 0 250
2635110 0 236
2645197 0 253
2654143 0 249
2665893 0 296
2675946 0 240
2682719 0 190
2692771 0 227
2703302 0 272
2714664 0 359
2725179 0 298
2732473 0 145
2740360 0 199
2749146 0 190
2759509 0 270
2766396 0 152
2774717 0 218
2786025 0 278
2797065 0 260
2808710 0 309
2819995 0 271
2830785 0 285
2843726 0 296
2856906 0 309
2868499 0 242
2879231 0 257
2887579 0 174
2895545 0 187
2904590 0 264
2911532 0 134
2919956 0 205
2927622 0 200
2937362 0 220
2946483 0 217
2958607 0 307
2970827 0 294
2982427 0 304
2993828 0 247
3003537 0 268
3015444 0 250
3026900 0 265
3035704 0 226
3042534 0 132
3049647 0 167
3056874 0 167
3065648 0 227
3077890 0 226
3089720 0 249
3101394 0 262
3113612 0 270
3125464 0 306
3136702 0 256
3147105 0 220
3158659 0 275
3164990 0 148
3173316 0 226
3183101 0 233
3191577 0 166
3199862 0 217
3206927 0 170
3218404 0 255
3229698 0 234
3241254 0 296
3251106 0 216
3261299 0 188
3270958 0 254
3278636 0 186
3287835 0 202
3296395 0 251
3303067 0 121
3311680 0 191
3321411 0 223
3332898 0 276
3344432 0 263
3356286 0 230
3368157 0 287
3380598 0 234
3392931 0 282
3403791 0 177
3410005 0 188
3415645 0 137
3422552 0 141
3428320 0 111
3433563 0 113
3441524 0 179
3450053 0 207
3461601 0 235
3472354 0 207
3482955 0 228
3490886 0 169
3501757 0 184
3513295 0 217
3524778 0 223
3536613 0 255
3545161 0 176
3554745 0 209
3564019 0 189
3574820 0 247
3586023 0 216
3595976 0 182
3607696 0 187
3619556 0 197
3630543 0 253
3636282 0 107
3642273 0 170
3651561 0 162
3660175 0 156
3669185 0 141
3677425 0 172
3685752 0 173
3694076 0 181
3700156 0 134
3706494 0 123
3715652 0 176
3725802 0 205
3737194 0 226
3748804 0 221
3760635 0 185
3771429 0 160
3782137 0 209
3791573 0 154
3803322 0 186
3813880 0 166
3823288 0 240
3832994 0 170
3841399 0 176
3850160 0 146
3857523 0 111
3862973 0 88
3869922 0 109
3877803 0 152
3888277 0 196
3898370 0 186
3907528 0 167
3919013 0 252
3930960 0 241
3942506 0 238
3952287 0 216
3962850 0 206
3973598 0 221
3983876 0 202
3994421 0 196
4006071 0 199
4015834 0 212
4021607 0 125
4028527 0 125
4034886 0 122
4043906 0 200
4051512 0 172
4059360 0 149
4068201 0 175
4072990 0 88
4081647 0 152
4088260 0 144
4097197 0 207
4107456 0 190
4118981 0 198
4130698 0 183
4142462 0 210
4153158 0 207
4164330 0 219
4176142 0 212
4187427 0 240
4197916 0 173
4206943 0 177
4217813 0 170
4225429 0 124
4231474 0 88
4240338 0 159
4247622 0 132
4252911 0 110
4258535 0 90
4269195 0 184
4281186 0 175
4292303 0 198
4301689 0 186
4311277 0 166
4323077 0 227
4330593 0 101
4341868 0 241
4353708 0 200
4363847 0 219
4373929 0 177
4383065 0 163
4394522 0 190
4405989 0 184
4416220 0 188
4427543 0 240
4439319 0 236
4447749 0 137
4453961 0 127
4459434 0 90
4467307 0 147
4474780 0 118
4483983 0 193
4495804 0 192
4506387 0 190
4516555 0 161
4522000 0 90
4529345 0 144
4536066 0 129
4546577 0 223
4551533 0 103
4559357 0 135
4566711 0 111
4578351 0 139
4589956 0 152
4601341 0 184
4610150 0 165
4621404 0 184
4632983 0 239
4643516 0 167
4653203 0 201
4662566 0 174
4674119 0 203
4685666 0 183
4697329 0 169
4706505 0 162
4714245 0 174
4718882 0 72
4727351 0 119
4733093 0 86
4742637 0 158
4751744 0 142
4761379 0 170
4772569 0 181
4781885 0 159
4793633 0 166
4805409 0 199
4814991 0 183
4824434 0 165
4830825 0 123
4837693 0 99
4843017 0 103
4849528 0 92
4858420 0 168
4866118 0 131
4876474 0 191
4885224 0 140
4893872 0 143
4902654 0 146
4912905 0 154
4921866 0 164
4933388 0 194
4944985 0 246
4956542 0 206
4967987 0 207
4976605 0 153
4988225 0 202
4996081 0 111
5007389 0 172
5018818 0 213
5030569 0 172
5041945 0 201
5053593 0 186
5065211 0 215
5074748 0 181
5083729 0 164
5089287 0 78
5095056 0 107
5103780 0 177
5113259 0 141
5123241 0 175
5134066 0 222
5144072 0 134
5152690 0 183
5159852 0 163
5166534 0 103
5172461 0 109
5177294 0 65
5184588 0 132
5191371 0 116
5198547 0 104
5208200 0 172
5219659 0 173
5231188 0 171
5243379 0 194
5253882 0 143
5265620 0 212
5277298 0 186
5288845 0 230
5300459 0 235
5311873 0 171
5322437 0 174
5331162 0 159
5342611 0 179
5352736 0 122
5356811 0 70
5366327 0 193
5377849 0 180
5387196 0 194
5398800 0 186
5410129 0 187
5417566 0 112
5425876 0 144
5430621 0 59
5437204 0 100
5447210 0 169
5454788 0 113
5461422 0 101
5467965 0 101
5476114 0 116
5482571 0 81
5491476 0 132
5501996 0 194
5510204 0 111
5521588 0 193
5533196 0 258
5543593 0 179
5553884 0 166
5565431 0 205
5575669 0 165
5587027 0 185
5598124 0 185
5609811 0 179
5621138 0 184
5632978 0 194
5644125 0 197
5655457 0 163
5662180 0 124
5667856 0 105
5675003 0 79
5685674 0 187
5692946 0 117
5701481 0 153
5706419 0 76
5715089 0 86
5726751 0 198
5738534 0 215
5750253 0 172
5759979 0 146
5768831 0 140
5780217 0 211
5790181 0 180
5799930 0 152
5810697 0 175
5818640 0 129
5829266 0 183
5841132 0 196
5852698 0 173
5862833 0 173
5867103 0 35
5867263 0 0
5867263 0 0
5867263 0 0
5867263 0 0
5867263 0 0
5867263 0 0
5867263 0 0
5867263 0 0
5867263 0 0
5867263 0 0
5867263 0 0
5867263 0 0
5867263 0 0
5867263 0 0
5867263 0 0
5867263 0 0
5867263 0 0
5867263 0 0
5867263 0 0
5867263 0 0
5867263 0 0
5867263 0 0
5867263 0 0
5867263 0 0
5867263 0 0
5867263 0 0
5867263 0 0
5867263 0 0
5867263 0 0
5867263 0 0
5867263 0 0
5867263 0 0
5867263 0 0
5867263 0 0
5867263 0 0
5867263 0 0
5867263 0 0
5867263 0 0
5867263 0 0
5867263 0 0
5867263 0 0
5867263 0 0
5867263 0 0
5867263 0 0
5867263 0 0
5867263 0 0
5867263 0 0
5867263 0 0
5867263 0 0
5867263 0 0
5867263 0 0
5867263 0 0
5867263 0 0
5867263 0 0
5867263 0 0
5867263 0 0
5867263 0 0
5867263 0 0
5867263 0 0
5867263 0 0
5867263 0 0
5867263 0 0
5867263 0 0
5867263 0 0
5867263 0 0
5867263 0 0
5867263 0 0
5867263 0 0
5867263 0 0
5867263 0 0
5867263 0 0
5867263 0 0
5867263 0 0
5867263 0 0
5867263 0 0
5867263 0 0
5867263 0 0
5867263 0 0
5867263 0 0
5867263 0 0
5867263 0 0
5867263 0 0
5867263 0 0
5867263 0 0
5867263 0 0
5867263 0 0
5867263 0 0
5867263 0 0
5867263 0 0
5867263 0 0
5867263 0 0
5867263 0 0
5867263 0 0
5867263 0 0
5867263 0 0
5867263 0 0
5867263 0 0
5867263 0 0
5867263 0 0
5867263 0 0
5867263 0 0
5867263 0 0
5867263 0 0
5867263 0 0
5867263 0 0
5867263 0 0
5867263 0 0
5867263 0 0
5867263 0 0
5867263 0 0
5867263 0 0
5867263 0 0
5867263 0 0
5867263 0 0
5867263 0 0
5867263 0 0
5867263 0 0
5867263 0 0
5867263 0 0
5867263 0 0
5867263 0 0
5867263 0 0
5867263 0 0
5867263 0 0
5867263 0 0
5867263 0 0
5867263 0 0
5867263 0 0
5867263 0 0
5867263 0 0
5867263 0 0
5867263 0 0
5867263 0 0
5867263 0 0
5867263 0 0
5867263 0 0
5867263 0 0
5867263 0 0
5867263 0 0
5867263 0 0
5867263 0 0
5867263 0 0
5867263 0 0
5867263 0 0
5867263 0 0
5867263 0 0
5867263 0 0
5867263 0 0
5867263 0 0
5867263 0 0
5867263 0 0
5867263 0 0
5867263 0 0
5867263 0 0
5867263 0 0
5867263 0 0
5867263 0 0
5867263 0 0
5867263 0 0
5867263 0 0
5867263 0 0
5867263 0 0
5867263 0 0
5867263 0 0
5867263 0 0
5867263 0 0
5867263 0 0
5867263 0 0
5867263 0 0
5867263 0 0
5867263 0 0
5867263 0 0
5867263 0 0
5867263 0 0
5867263 0 0
5867263 0 0
5867263 0 0
5867263 0 0
5867263 0 0
5867263 0 0
5867263 0 0
5867263 0 0
5867263 0 0
5867263 0 0
5867263 0 0
5867263 0 0
5867263 0 0
5867263 0 0
5867263 0 0
5867263 0 0
5867263 0 0
5867263 0 0
5867263 0 0
5867263 0 0
5867263 0 0
5867263 0 0
5867263 0 0
5867263 0 0
5867263 0 0
5867263 0 0
5867263 0 0
5867263 0 0
5867263 0 0
5867263 0 0
5867263 0 0
5867263 0 0
5867263 0 0
5867263 0 0
5867263 0 0
5867263 0 0
5867263 0 0
5867263 0 0
5867263 0 0
5867263 0 0
5867263 0 0
5867263 0 0
5867263 0 0
5867263 0 0
5867263 0 0
5867263 0 0
5867263 0 0
5867263 0 0
5867263 0 0
5867263 0 0
5867263 0 0
5867263 0 0
5867263 0 0
5867263 0 0
5867263 0 0
5867263 0 0
5867263 0 0
5867263 0 0
5867263 0 0
5867263 0 0
5867263 0 0
5867263 0 0
5867263 0 0
5867263 0 0
5867263 0 0
5867263 0 0
5867263 0 0
5867263 0 0
5867263 0 0
5867263 0 0
5867263 0 0
5867263 0 0
5867263 0 0
5867263 0 0
5867263 0 0
5867263 0 0
5867263 0 0
5867263 0 0
5867263 0 0
5867263 0 0
5867263 0 0
5867263 0 0
5867263 0 0
5867263 0 0
5867263 0 0
5867263 0 0
5867263 0 0
5867263 1 1
5867505 2 2
5867636 1 1
5867755 2 2
5867778 2 2
5867825 2 2
5867956 2 2
5867956 1 1
5867956 2 2
5867956 1 1
5868193 2 2
5868193 1 1
5868265 2 2
5868303 2 2
5868308 2 2
5868359 2 2
5868359 2 2
5868549 1 1
5868964 2 2
5868964 2 2
5868969 1 1
5869171 2 2
5869219 2 2
5869278 2 2
5869441 1 1
5869527 2 2
5869784 2 2
5869789 2 2
5869899 2 3
5870009 2 2
5870300 1 1
5871130 2 2
5871951 2 2
5872181 2 2
5872347 2 2
5872347 2 2
5872412 2 2
5872414 2 2
5872508 2 2
5872766 2 2
5872766 1 1
5872837 2 2
5872837 2 2
5873410 2 2
5873805 2 2
5874067 1 1
5874468 2 2
5875831 2 2
5875885 2 2
5876097 2 3
5876097 1 1
5876371 2 2
5876401 2 2
5876401 2 2
5876401 2 2
5877046 2 3
5877062 1 1
5877789 2 2
5877871 2 2
5878746 2 3
5878794 2 2
5878879 2 2
5879104 2 2
5879134 1 1
5879175 2 2
5879411 2 2
5879597 2 2
5879693 2 2
5879853 2 2
5880061 2 2
5880077 2 2
5880584 2 2
5880752 2 2
5881409 2 2
5881409 1 1
5881500 2 2
5881508 2 2
5881550 1 1
5881656 2 2
5882065 2 2
5882108 2 2
5882425 2 2
5882425 2 2
5882611 1 1
5883085 2 4
5884335 2 2
5884469 2 2
5884825 2 2
5884924 2 2
5885309 2 3
5885884 2 2
5886059 1 1
5886182 2 2
5886231 2 2
5886544 2 2
5886802 2 2
5886879 1 1
5887451 2 2
5887647 2 2
5887647 2 2
5888062 2 2
5888650 2 3
5888939 2 4
5888985 1 1
5889117 2 2
5889290 2 3
5889847 2 2
5890065 2 3
5890473 2 2
5890514 2 2
5890629 1 1
5891067 2 2
5891295 2 5
5891343 2 2
5891674 2 2
5892252 2 2
5892784 2 2
5893171 2 2
5893334 1 1
5894379 2 3
5894833 2 2
5895007 2 2
5895179 2 2
5896133 1 1
5896513 1 1
5896720 2 2
5896929 2 3
5897204 2 3
5897464 2 3
5897941 2 2
5899042 1 3
5899569 2 3
5899879 2 2
5900168 1 1
5900531 1 2
5900654 2 2
5901136 2 3
5903425 2 3
5903804 2 3
5904322 1 1
5904392 2 2
5904408 2 2
5904597 2 3
5905103 2 2
5906215 2 2
5906505 1 2
5907265 2 3
5907543 2 2
5907797 2 2
5908169 1 1
5908409 1 1
5909095 2 2
5909343 2 2
5909343 1 1
5909505 2 2
5909633 1 1
5909639 2 2
5909810 1 1
5910256 2 2
5910535 2 2
5910551 1 1
5911299 2 2
5911766 2 2
5911957 2 2
5912200 2 2
5913189 2 3
5913784 1 1
5913825 2 3
5913952 2 2
5914533 2 2
5914608 1 1
5915086 2 2
5915628 2 2
5916319 2 3
5917191 2 2
5917869 2 2
5917895 1 1
5917930 2 2
5918533 2 2
5919383 2 3
5919470 1 1
5921430 2 2
5921498 2 2
5921800 2 2
5922308 1 1
5922543 2 2
5923219 2 2
5923521 2 2
5924588 2 3
5924650 1 1
5925237 2 2
5925585 2 2
5926055 1 1
5926194 2 2
5926523 2 1
5926965 1 2
5927783 2 2
5928093 1 3
5928548 2 2
5928641 1 1
5929665 2 3
5930894 3 3
5931377 1 2
5931623 2 2
5931839 2 2
5932273 2 2
5932374 1 2
5933172 2 3
5934142 1 1
5934188 2 2
5934733 2 2
5934965 1 1
5935309 2 2
5936393 2 2
5937143 1 1
5937259 2 2
5937261 2 2
5938957 2 3
5939522 2 2
5939588 1 1
5940832 2 2
5941541 2 3
5942627 2 3
5942794 2 2
5943437 2 2
5944343 1 1
5945852 2 2
5945865 2 2
5946164 2 2
5946337 2 3
5946437 2 2
5946923 1 1
5948258 2 4
5948635 2 2
5948821 2 2
5949159 2 3
5950822 2 11
5952107 2 6
5953373 1 1
5954000 2 2
5955258 2 5
5956571 2 2
5957413 1 3
5957828 2 3
5958056 2 2
5958437 2 2
5958797 1 1
5958797 2 2
5959152 2 2
5959756 2 2
5959756 1 1
5960401 2 3
5960509 2 2
5962259 2 8
5962611 2 4
5962878 2 3
5963498 2 2
5964175 2 5
5965033 2 3
5965559 2 2
5966221 2 2
5966277 2 2
5967236 2 3
5967758 1 1
5967936 1 1
5968314 2 3
5968433 2 2
5969286 1 3
5969422 2 2
5969516 2 2
5969728 2 2
5969903 1 1
5970334 2 2
5970838 1 1
5971322 2 2
5972038 2 3
5972653 2 3
5973402 2 2
5973519 1 1
5974652 2 3
5975580 2 3
5977654 2 2
5978204 2 3
5978447 2 3
5979308 1 2
5979554 2 2
5980032 2 3
5980940 1 1
5980989 1 1
5981070 2 2
5982726 2 4
5983770 2 3
5984641 2 2
5986508 1 7
5986724 2 3
5987593 2 2
5987748 1 1
5987873 2 3
5988345 2 3
5988697 2 2
5988825 2 2
5988946 1 1
5990503 2 3
5991238 2 4
5991325 2 2
5991325 2 2
5991614 2 2
5992121 2 2
5992594 1 3
5994662 2 5
5995310 2 3
5995680 1 1
5996247 2 5
5996824 2 4
5998127 2 4
5998307 2 3
5998479 1 1
5999243 2 2
5999823 2 2
5999894 1 1
6000337 2 2
6000577 2 3
6000587 1 1
6000979 2 3
6001008 2 2
6002112 2 5
6002621 2 4
6002639 1 1
6002903 2 4
6003129 2 3
6003226 2 2
6003337 1 1
6004275 2 2
6005203 2 4
6005323 2 2
6005874 2 2
6006579 2 2
6007326 2 3
6009337 1 3
6009465 2 3
6010327 1 1
6010547 2 2
6011330 2 3
6011428 2 2
6012081 1 2
6012460 2 2
6012930 2 2
6013346 2 2
6014718 2 3
6014799 2 2
6014837 2 2
6014950 2 2
6015305 1 1
6015849 2 2
6016542 2 2
6017385 2 3
6017666 2 3
6017711 2 2
6017722 1 1
6018804 2 5
6019696 2 5
6020021 1 1
6021453 2 5
6022038 2 3
6024161 2 6
6025695 1 6
6027726 2 8
6027988 2 5
6027999 1 1
6028071 2 2
6028199 2 3
6028356 1 2
6031469 2 7
6031859 2 2
6031973 2 2
6032475 2 2
6032796 2 3
6033153 2 3
6033759 2 4
6033829 1 1
6034049 2 3
6035184 2 4
6035593 2 4
6036337 2 3
6037008 2 5
6037548 2 2
6038549 2 6
6038563 1 1
6039250 2 4
6039746 2 3
6039977 2 2
6040314 2 5
6041386 2 4
6041483 1 1
6041645 2 2
6041858 2 3
6042372 2 4
6043901 1 1
6043901 2 2
6044916 2 3
6046038 2 3
6047801 2 3
6048256 2 4
6049112 2 4
6050141 2 2
6050473 2 1
6050498 1 3
6051186 1 2
6051484 2 2
6052324 2 3
6053214 2 3
6053413 1 2
6054467 2 2
6055745 2 6
6056413 2 4
6056826 2 2
6057425 2 3
6057965 2 2
6058109 2 2
6059139 2 5
6060618 1 6
6061462 2 3
6061485 2 3
6062396 2 4
6062727 2 2
6062996 2 2
6063093 1 1
6063384 2 2
6063712 2 2
6064193 2 2
6064351 2 2
6064976 2 2
6065363 1 1
6065838 2 4
6065847 2 2
6066098 2 3
6067461 2 3
6067990 1 4
6068507 2 4
6068559 2 2
6068753 2 3
6069535 2 3
6070370 1 3
6071811 2 5
6072420 2 5
6072467 2 2
6072729 2 4
6073497 2 3
6073696 1 2
6073719 2 2
6074338 2 3
6074355 2 2
6074435 2 2
6074452 2 2
6074826 2 2
6075086 1 3
6075625 2 4
6076858 2 5
6076958 2 2
6077663 2 4
6077982 2 5
6079650 2 5
6079927 1 2
6080153 2 2
6081029 2 3
6081619 2 4
6082177 2 4
6082453 2 2
6083244 1 1
6083623 2 4
6083934 2 3
6084053 2 2
6084095 2 3
6084992 1 3
6085185 2 2
6085304 2 3
6085794 1 4
6086883 2 4
6087571 2 7
6088824 2 2
6089343 2 3
6089973 2 5
6090186 2 2
6091073 1 2
6091322 2 2
6091634 2 3
6092798 2 4
6093158 2 3
6093951 2 4
6094250 1 1
6095480 2 6
6096255 2 3
6097090 2 4
6097181 2 2
6097181 1 1
6097665 2 2
6097878 1 2
6098957 2 4
6099715 2 3
6099986 2 5
6100645 2 4
6101308 2 4
6101913 2 2
6102918 1 5
6103177 2 3
6104002 2 3
6105040 1 6
6105593 2 4
6107109 2 7
6107477 1 1
6107508 2 2
6108612 2 5
6109355 2 3
6109658 1 1
6109796 2 2
6109797 1 1
6109962 2 2
6110528 2 4
6110629 1 1
6110711 1 2
6111170 2 5
6111287 2 7
6111806 1 3
6112505 2 2
6112666 2 2
6112892 1 1
6113365 2 5
6113720 1 2
6113778 2 2
6114200 2 4
6115008 1 2
6115973 2 6
6117226 2 5
6117457 2 4
6117687 1 2
6118034 2 2
6118149 2 2
6118236 1 1
6120475 2 4
6121385 2 2
6121858 2 3
6122078 2 4
6122418 2 5
6122643 2 2
6123126 2 4
6123873 2 3
6125847 1 1
6126191 2 4
6129053 2 11
6129347 2 5
6129622 2 2
6129955 2 4
6131012 1 2
6131490 2 3
6132096 2 3
6132138 2 3
6132636 2 3
6133041 2 2
6134541 2 6
6134678 1 2
6135106 2 5
6135532 2 2
6136311 1 4
6136635 2 3
6136733 1 2
6137184 2 3
6138243 2 3
6139021 2 5
6139508 1 1
6140574 2 2
6141048 2 3
6141368 2 2
6142078 1 3
6142675 2 5
6142951 2 3
6143077 2 2
6145341 2 8
6146145 2 4
6147579 2 3
6148280 2 8
6148372 1 1
6149510 2 2
6149639 2 2
6150795 2 7
6150977 2 2
6151279 1 1
6151428 2 3
6151779 2 2
6152187 2 3
6153413 2 5
6153973 1 1
6154407 2 2
6154596 2 3
6154644 2 3
6154804 2 3
6155750 2 3
6156023 1 2
6156169 2 5
6156378 2 2
6156453 1 1
6156979 2 4
6157553 2 2
6158980 2 4
6159952 2 5
6162151 2 6
6162557 1 2
6162753 2 3
6163807 2 6
6164101 2 4
6164988 2 5
6166097 2 8
6166955 2 3
6167969 2 7
6168460 2 2
6168615 2 4
6169299 2 5
6169711 2 3
6169894 1 1
6170204 2 3
6170398 2 4
6170740 2 3
6171066 2 5
6172056 2 3
6172377 2 3
6172593 2 2
6173163 2 3
6173386 1 2
6175195 2 15
6176070 2 7
6176364 2 2
6177215 2 8
6177406 2 2
6177820 2 6
6177946 2 3
6178655 2 3
6179080 2 2
6179160 2 5
6180560 2 9
6181324 2 4
6182201 2 6
6182929 2 3
6183020 2 2
6183237 1 1
6183571 1 3
6183586 2 2
6184003 2 6
6184689 2 3
6185210 2 4
6186077 2 6
6186854 2 5
6187404 1 4
6187540 2 4
6187540 2 2
6187936 2 4
6188005 1 1
6188450 2 8
6188613 2 3
6189752 2 13
6191447 2 9
6191938 1 4
6192824 2 6
6193420 2 4
6194149 2 4
6195229 1 5
6196334 2 6
6198350 2 9
6199166 2 5
6199472 2 4
6199472 2 1
6200039 1 5
6200293 2 5
6201127 2 6
6202463 2 5
6202596 2 3
6203686 2 5
6204972 2 6
6205701 2 7
6207793 2 13
6208155 2 5
6209787 1 3
6209931 1 2
6211031 2 7
6211269 2 4
6212925 2 7
6213032 1 3
6213581 2 6
6213705 2 2
6214906 2 8
6215099 2 3
6215923 2 6
6216464 2 8
6217739 2 6
6217866 1 1
6219838 2 10
6220043 2 3
6220863 2 4
6221141 1 2
6221276 2 4
6222420 2 4
6222971 2 3
6223703 2 4
6223765 1 1
6224083 2 5
6224520 2 7
6225806 2 17
6226687 2 7
6227534 2 4
6228479 2 5
6229085 2 5
6229839 2 3
6230808 2 8
6230912 1 1
6231125 2 5
6231649 2 4
6231856 2 3
6232103 2 4
6232244 2 4
6233104 2 7
6233392 2 3
6233707 2 5
6233922 2 3
6235250 2 16
6236300 2 5
6236397 2 2
6238329 1 7
6239727 2 3
6240337 2 5
6240845 2 8
6241604 2 7
6242855 2 5
6243484 2 6
6243484 2 2
6243840 2 2
6244569 2 7
6245745 2 7
6247409 2 12
6247728 2 4
6248077 2 4
6248959 1 13
6249322 2 3
6249784 2 4
6250042 2 4
6250587 2 6
6250998 2 7
6251988 2 7
6252082 2 2
6252298 2 7
6252540 1 2
6253180 2 6
6254703 2 10
6255328 2 5
6256610 2 11
6257011 2 9
6257092 2 7
6257494 2 2
6258507 1 8
6258650 2 5
6259357 2 10
6259987 2 8
6260523 2 9
6260523 2 2
6261633 2 8
6262454 2 7
6263181 2 7
6263520 1 4
6263815 2 11
6264150 2 3
6266151 2 13
6266452 1 2
6267241 2 11
6267310 2 8
6267836 2 4
6269073 2 8
6270294 2 6
6270928 1 4
6271124 2 3
6271940 2 8
6272045 2 2
6272421 2 4
6272997 2 5
6273446 2 4
6274698 2 9
6274972 1 2
6275001 2 2
6275506 2 7
6275669 2 6
6276116 2 2
6276513 2 5
6276912 1 7
6277581 2 6
6277849 2 5
6278927 2 7
6279840 2 10
6281820 2 10
6283087 2 12
6284148 2 8
6284561 2 6
6284825 1 2
6286237 2 11
6287552 3 14
6288293 1 8
6288373 2 6
6288694 2 5
6289443 2 6
6290449 2 5
6290861 2 5
6291238 2 8
6291536 2 4
6292334 2 9
6292994 2 8
6293648 2 6
6294071 2 4
6294422 2 11
6294752 1 2
6294782 2 4
6295870 2 14
6295880 2 3
6296771 2 5
6297443 1 7
6298167 2 8
6298904 2 8
6299596 2 9
6300011 2 7
6300493 1 6
6302731 2 20
6303274 2 2
6304561 2 12
6307078 2 19
6307551 2 2
6308166 2 14
6308579 1 3
6309126 2 5
6309332 2 4
6310694 2 10
6310914 2 2
6312815 2 11
6313794 1 9
6313850 2 2
6314360 2 3
6314966 2 4
6315638 2 7
6316322 2 3
6316543 2 6
6316844 2 3
6317514 2 7
6317985 2 3
6318503 1 3
6319878 2 15
6320147 2 4
6320792 2 4
6321482 2 2
6322094 2 4
6322714 2 4
6322988 2 3
6323553 1 5
6324782 2 11
6326611 2 9
6327416 2 4
6327477 1 2
6328789 2 7
6329775 2 14
6331551 2 16
6332529 2 6
6333035 2 3
6333432 2 3
6334115 2 5
6334268 1 1
6335189 2 11
6336363 2 10
6337332 2 12
6339964 2 21
6341112 2 21
6342561 2 5
6343393 2 13
6343502 2 3
6344019 2 5
6345460 2 13
6346496 2 8
6347112 2 10
6347711 2 10
6347711 1 1
6348173 2 4
6349011 2 10
6349887 2 7
6350646 2 10
6351061 2 6
6352063 2 7
6353157 2 12
6353725 2 2
6354183 2 9
6355072 2 7
6355083 1 1
6356448 2 7
6357498 2 7
6359170 2 11
6360127 2 11
6361268 1 7
6362819 2 9
6363195 2 3
6363518 2 2
6364144 2 8
6364634 2 7
6364899 1 3
6365112 2 10
6366461 2 5
6367012 2 9
6367180 1 4
6369005 2 15
6369325 2 5
6370116 2 8
6370815 2 5
6371631 2 7
6372160 2 7
6372447 2 4
6372879 2 8
6372879 1 1
6374429 2 13
6375288 2 7
6376021 2 8
6376746 2 7
6377585 2 9
6377617 1 1
6379737 2 8
6381552 2 15
6382206 2 10
6383317 2 9
6385518 2 19
6388391 1 18
6389398 2 6
6390056 1 4
6390541 2 4
6391214 2 4
6392295 2 8
6392788 2 5
6392884 2 3
6393793 2 9
6394434 2 5
6395594 2 9
6396089 2 13
6396766 2 4
6397256 2 3
6397619 1 5
6397769 2 5
6398276 2 3
6399184 2 11
6399805 2 4
6400179 2 4
6400411 2 4
6400598 2 2
6402488 2 9
6403894 1 9
6404681 2 9
6406833 2 24
6408658 2 23
6409515 2 3
6410455 2 14
6411232 2 11
6411954 2 9
6412157 1 3
6412356 2 2
6413911 2 5
6415064 1 6
6415387 2 3
6417505 2 18
6418862 2 13
6419773 2 9
6423439 1 24
6425234 2 16
6426283 1 9
6426920 2 11
6427111 1 2
6428020 2 15
6428819 2 6
6428830 1 1
6430675 2 13
6432097 2 13
6433359 2 14
6435160 2 18
6435271 2 3
6435811 2 3
6438006 2 11
6438958 2 8
6439307 1 2
6440418 2 10
6441350 2 11
6442997 2 8
6443147 2 6
6443291 2 3
6443625 2 9
6445315 1 10
6446947 2 12
6447772 2 11
6448535 2 11
6449677 2 12
6451910 2 19
6454651 2 19
6455145 1 4
6456277 2 7
6457421 2 9
6458328 2 14
6459590 2 5
6461564 2 24
6462267 2 9
6464122 2 12
6464804 2 3
6465179 1 3
6465733 2 7
6466527 2 10
6466566 1 1
6467194 2 7
6467612 2 3
6468129 2 7
6469048 2 10
6469862 2 3
6472009 2 23
6474207 2 23
6475976 1 11
6476314 2 3
6477144 2 12
6480658 2 18
6483615 2 21
6484263 2 10
6484425 1 3
6486207 2 10
6489551 2 30
6492959 2 21
6493593 2 6
6495851 2 18
6497553 2 17
6497723 2 7
6498702 1 10
6499918 2 14
6501984 2 21
6502920 2 9
6504479 2 13
6505254 2 9
6505947 2 6
6506974 2 6
6507359 2 6
6507704 1 7
6509772 2 32
6510921 2 9
6512679 2 12
6513372 2 10
6513968 2 13
6514903 2 12
6515913 2 18
6516559 2 7
6518165 2 22
6518808 2 7
6521090 2 14
6521963 2 9
6523025 2 15
6525029 2 14
6526178 2 13
6526198 1 1
6527643 2 16
6528438 2 7
6528898 2 6
6529324 1 8
6529912 2 9
6530070 2 2
6530362 2 5
6532355 2 12
6533756 2 16
6533937 1 2
6534866 2 14
6535725 2 9
6536886 2 10
6537806 2 18
6539701 2 21
6540305 2 12
6540305 2 2
6542396 2 11
6543693 2 15
6544041 2 4
6544858 2 10
6545984 2 19
6546414 2 14
6549385 2 26
6551557 1 33
6551682 2 7
6553619 2 22
6554725 2 12
6555400 2 8
6556014 2 9
6556805 1 8
6557319 2 4
6557933 2 13
6559088 2 11
6559204 2 3
6560985 2 20
6562263 2 14
6563352 2 19
6563359 1 2
6565403 2 18
6567254 2 15
6567711 2 11
6569602 2 19
6571163 2 15
6572592 2 14
6573620 2 18
6575086 2 12
6576223 2 9
6579517 1 27
6580568 2 18
6582630 2 27
6584149 2 8
6585674 2 18
6588809 2 29
6592290 2 30
6593065 2 17
6596139 1 32
6598178 2 20
6599051 2 11
6599896 1 8
6601829 2 6
6602644 2 14
6603232 2 7
6603568 1 2
6605265 2 15
6608137 2 26
6609903 2 18
6611080 2 16
6612711 2 16
6613803 2 13
6614718 2 12
6617992 1 32
6619724 2 19
6620006 2 7
6621100 2 11
6622637 2 11
6623083 2 6
6623465 1 5
6623900 2 6
6624105 2 7
6624614 2 6
6626053 2 11
6628009 2 19
6630420 2 15
6633044 2 24
6637358 1 35
6639109 2 19
6640926 2 19
6642220 2 18
6643749 2 11
6647348 2 33
6648713 2 17
6650986 2 16
6652622 2 20
6654152 2 24
6654483 1 15
6655905 2 8
6658520 2 18
6661007 1 29
6661603 2 6
6663232 2 14
6664952 2 10
6666605 2 16
6667246 2 14
6668414 1 9
6672197 2 44
6673243 2 11
6673496 2 5
6673807 2 5
6676264 2 19
6676671 2 8
6678524 2 28
6682875 1 26
6686932 2 59
6690031 2 34
6690601 2 14
6693118 2 25
6695810 2 42
6696124 2 11
6697314 2 15
6698615 2 21
6699875 2 29
6701610 2 12
6704423 2 38
6707813 2 38
6711135 1 37
6712263 2 27
6713051 2 12
6715124 2 25
6715575 2 12
6716222 2 8
6717203 2 25
6719228 2 23
6722543 2 37
6724620 1 29
6725086 2 8
6726255 2 19
6727192 2 12
6727542 2 7
6728037 2 10
6730638 1 20
6733553 2 32
6736527 2 43
6738177 2 20
6740679 2 34
6743749 2 33
6745444 2 19
6747080 2 17
6747770 2 12
6749934 2 23
6753178 2 36
6754723 2 13
6755923 2 23
6759466 2 45
6760595 2 18
6762223 1 16
6763604 2 28
6765483 2 22
6765875 2 5
6767724 2 18
6770244 2 24
6772521 2 33
6774537 2 19
6777383 2 17
6779507 2 28
6779598 1 4
6781213 2 20
6783853 2 30
6784806 2 22
6785664 2 10
6787373 2 17
6789534 2 28
6792999 2 33
6796445 1 35
6797109 2 6
6799143 2 23
6800632 2 13
6801813 2 22
6803093 2 18
6804568 2 16
6806119 2 16
6806507 2 6
6808369 2 21
6809552 2 10
6809887 1 5
6812575 2 40
6814017 2 16
6816514 2 38
6818379 2 19
6820101 2 23
6820557 2 9
6821352 2 6
6822954 2 29
6824125 2 20
6825455 2 25
6827276 2 29
6827350 2 4
6828439 1 8
6828798 2 3
6830678 2 11
6834033 2 43
6838610 2 41
6843882 1 65
6847171 2 48
6849765 2 21
6850334 2 11
6853571 2 37
6856614 2 64
6859242 2 36
6862315 2 44
6863237 2 13
6864218 2 14
6864957 2 11
6866494 2 26
6867788 1 13
6869212 2 22
6870800 2 15
6871541 2 8
6873237 1 26
6874162 2 19
6877478 2 41
6880420 2 31
6883638 2 24
6885211 2 36
6888799 2 56
6891284 2 39
6893894 2 22
6896234 2 28
6896924 1 5
6899879 2 31
6904717 2 69
6908671 2 32
6911615 2 36
6913551 2 22
6915848 2 24
6920259 2 70
6923120 2 33
6925744 2 30
6926997 2 24
6929266 2 18
6931943 2 52
6934914 2 43
6936604 2 25
6938113 1 20
6939211 2 22
6940865 2 42
6943505 2 32
6944517 2 13
6946407 2 28
6948217 2 27
6948424 2 10
6952932 1 60
6954311 2 12
6958780 2 60
6959736 2 20
6960776 2 13
6961580 2 20
6963892 2 39
6966889 2 48
6969113 2 31
6972123 1 55
6973363 2 20
6975752 2 29
6978392 2 30
6978665 2 5
6981399 2 43
6985429 2 70
6988747 2 51
6992615 2 46
6996443 2 66
7001782 1 80
7006351 2 89
7009676 2 55
7016197 2 112
7021669 2 86
7024909 2 38
7026823 2 32
7030968 2 68
7037887 2 95
7039248 2 35
7040012 2 10
7042696 1 29
7043306 2 7
7045416 2 25
7047252 2 31
7048440 2 22
7052393 2 71
7055169 1 35
7056986 2 28
7061648 2 83
7067449 2 89
7071648 2 89
7077550 2 59
7079589 2 37
7084066 2 79
7088917 2 51
7091923 2 42
7094568 2 41
7097679 1 36
7103677 2 92
7110474 2 127
7114075 2 55
7115327 2 19
7115771 2 8
7116994 2 16
7119312 2 47
7123761 2 43
7127933 1 54
7133370 2 89
7138248 2 87
7145141 2 118
7151123 2 108
7156470 2 76
7162272 2 98
7166320 1 34
7170671 2 78
7173268 2 44
7175693 2 45
7178169 2 44
7180961 2 52
7187940 2 94
7192521 2 65
7195706 2 56
7198899 1 29
7202393 2 82
7208302 2 87
7216618 2 108
7223152 2 84
7226971 2 61
7229012 1 34
7232802 2 58
7235519 2 31
7241560 2 114
7250116 1 133
7256640 2 88
7262946 2 114
7269717 2 86
7274250 2 55
7279721 2 96
7287043 2 119
7292657 1 126
7296353 2 63
7300633 2 59
7306213 2 83
7314265 2 156
7319195 1 63
7325567 2 89
7330808 2 85
7336150 2 100
7340166 2 51
7340290 2 5
7341182 2 33
7343590 2 35
7347802 2 59
7352216 2 50
7353618 2 25
7362769 2 157
7372029 1 135
7378400 2 93
7384224 3 103
7388779 1 79
7393455 2 76
7399488 2 85
7404247 2 69
7409595 2 98
7415444 2 69
7420251 1 90
7422755 2 49
7426356 2 67
7428863 2 33
7435207 2 82
7442286 2 102
7448177 2 88
7453871 2 58
7459309 2 93
7468510 1 94
7476971 2 136
7484615 2 103
7489040 2 90
7492984 2 65
7499937 2 120
7507858 2 142
7514044 1 86
7523180 2 134
7532441 2 156
7543760 2 159
7554449 2 166
7562096 2 97
7568001 2 79
7578134 1 165
7587316 2 147
7595236 2 137
7600864 2 77
7606830 2 91
7611459 1 60
7618606 2 137
7627411 2 118
7637982 2 170
7649481 2 165
7659507 2 181
7667681 2 139
7678835 1 169
7685568 2 132
7695697 2 151
7702766 2 104
7709350 1 96
7716910 2 160
7723189 2 107
7728746 2 86
7736284 2 131
7745607 2 140
7755296 2 119
7764462 2 159
7772076 1 97
7783571 2 163
7793929 2 180
7802450 2 100
7810454 2 112
7818563 2 144
7826935 2 116
7835901 1 138
7846705 2 190
7854899 2 101
7865894 2 173
7875843 2 188
7886178 2 206
7897975 2 202
7908373 2 150
7918801 2 156
7931865 1 135
7940660 0 159
7945851 0 72
7945895 0 2
7945895 0 0
7945895 0 0
7945895 0 0
7945895 0 0
7945895 0 0
7945895 0 0
7945895 0 0
7945895 0 0
7945895 0 0
7945895 0 0
7945895 0 0
7945895 0 0
7945895 0 0
7945895 0 0
7945895 0 0
7945895 0 0
7945895 0 0
7945895 0 0
7945895 0 0
7945895 0 0
7945895 0 0
7945895 0 0
7945895 0 0
7945895 0 0
7945895 0 0
7945895 0 0
7945895 0 0
7945895 0 0
7945895 0 0
7945895 0 0
7945895 0 0
7947244 2 24
7949907 2 35
7954376 2 50
7961957 2 118
7972368 2 162
7981965 2 158
7993774 1 174
8003147 2 137
8013117 2 168
8022087 2 141
8031060 1 120
8043957 2 210
8053982 3 142
8064761 2 146
8075973 2 178
8085016 1 91
8096832 2 186
8106148 3 164
8113513 3 80
8125357 2 191
8137277 2 220
8147064 2 119
8157599 1 138
8169943 2 190
8182877 3 202
8194909 2 187
8204063 2 122
8215654 2 159
8225360 2 163
8237209 1 136
8249677 2 186
8261842 3 183
8269254 2 90
8275276 2 69
8281696 2 95
8287659 2 46
8294889 2 91
8301751 3 76
8311015 3 176
8317228 3 86
8327423 2 163
8339926 3 246
8351559 2 157
8364745 2 175
8375937 2 138
8388975 2 194
8400666 2 149
8411543 1 140
8421317 2 114
8432247 2 153
8442437 2 162
8453523 2 177
8464442 2 139
8474898 2 165
8482712 2 92
8488694 2 100
8498305 1 138
8506678 2 129
8512470 2 79
8519196 3 85
8525987 1 68
8536640 2 167
8544963 2 131
8556169 1 166
8567626 2 153
8578469 1 125
8590632 2 218
8602172 2 133
8614732 3 203
8626341 1 170
8635080 2 173
8639967 3 72
8645285 1 76
8650299 3 96
8658945 3 129
8665194 2 84
8671534 2 94
8682202 2 136
8692697 2 170
8705650 3 187
8718605 1 228
8726891 1 99
8739766 3 208
8752984 1 152
8765973 2 190
8778373 1 220
8789786 2 191
8801053 2 158
8810112 2 124
8815500 3 60
8820433 2 93
8825960 3 93
8836861 2 183
8848194 2 176
8860403 3 162
8871861 2 188
8882069 1 152
8891081 2 132
8901319 2 152
8913512 1 170
8922904 3 196
8933572 1 221
8941984 2 172
8947983 5 77
8954254 6 94
8961908 5 99
8970084 2 113
8974271 2 106
8981488 2 116
8992109 2 167
9005338 2 199
9015315 2 133
9027117 2 213
9038360 3 202
9049911 2 160
9061679 1 147
9071561 2 156
9082725 2 168
9094115 3 151
9103615 3 137
9116392 1 157
9127314 2 181
9136013 2 140
9141355 2 61
9146628 2 95
9151341 2 60
9159644 3 142
9166925 1 124
9174557 2 108
9185311 3 158
9197493 1 143
9209295 2 137
9222675 1 188
9234571 2 163
9244813 2 175
9257137 1 176
9268939 4 152
9280779 3 132
9291371 3 197
9296526 2 67
9302137 2 92
9310215 2 103
9319001 2 134
9325897 2 101
9333382 1 94
9344405 2 162
9348810 2 63
9358712 1 128
9367816 2 166
9378778 1 189
9382320 2 55
9385870 3 45
9397467 3 172
9406068 3 117
9415835 2 124
9429022 2 163
9439544 1 160
9450431 1 127
9459906 2 147
9471500 3 157
9482998 1 166
9490895 2 153
9501472 2 169
9514987 1 195
9527294 2 165
9537963 2 146
9551494 1 197
9564803 2 173
9576933 2 185
9585571 2 125
9592572 2 103
9597144 2 50
9603367 1 88
9614843 2 163
9624208 2 140
9636468 4 201
9646394 2 146
9657329 1 173
9663291 2 112
9669770 2 100
9679087 1 131
9685672 2 98
9693073 1 106
9699377 1 109
9705095 2 90
9714497 1 119
9726153 3 206
9736945 1 130
9748793 3 165
9762047 2 221
9775037 2 214
9788161 2 186
9798987 1 140
9811711 4 172
9821369 5 127
9831522 6 135
9842523 5 157
9855388 5 161
9867314 5 162
9878764 6 125
9885636 5 89
9891433 6 62
9899565 6 137
9907012 3 87
9913298 5 116
9919164 6 60
9929625 5 79
9940137 6 138
9946120 6 100
9955012 6 144
9965339 6 156
9978181 5 146
9989428 5 200
10001567 2 158
10012268 2 142
10023178 3 163
10035220 1 150
10046941 2 138
10059362 1 172
10069698 2 144
10079876 3 139
10085186 6 70
10091421 3 74
10098035 2 95
10105042 2 80
10114857 3 128
10119871 4 75
10128771 6 121
10141439 3 193
10154887 2 189
10168304 3 142
10179993 3 145
10192804 4 197
10206117 3 174
10218800 2 171
10231980 5 183
10244667 5 167
10257925 4 212
10267885 3 132
10273719 4 57
10278890 4 51
10285331 6 74
10292739 6 111
10299883 5 93
10308908 3 137
10316059 3 86
10322544 1 74
10330956 3 118
10342158 1 145
10352578 3 124
10364202 2 119
10375665 3 75
10387641 3 73
10400928 2 101
10414348 2 83
10428189 3 94
10439772 2 51
10452788 3 99
10465911 2 72
10479216 3 74
10489165 2 59
10502063 2 65
10515125 3 84
10519840 2 38
10525796 3 31
10532472 2 28
10539414 3 28
10544261 2 22
10555835 3 40
10569032 3 85
10581764 2 72
10593275 3 74
10601601 2 61
10608123 3 32
10614453 2 26
10624434 3 42
10633110 2 29
10643211 2 40
10652762 2 57
10665416 3 61
10677784 2 61
10689603 3 60
10699780 2 35
10710739 2 58
10719861 3 64
10725925 2 23
10733015 2 34
10739003 3 24
10745100 3 23
10751044 2 21
10758218 3 21
10767647 2 35
10778958 3 47
10791848 2 47
10802829 3 53
10816092 2 57
10828930 3 74
10840553 2 55
10851774 3 66
10859009 2 48
10862640 3 20
10870474 3 31
10875247 2 29
10884022 3 40
10895251 2 35
10908850 3 42
10922402 2 64
10935845 3 76
10947064 3 57
10959514 2 57
10971891 0 80
10979559 0 44
10985964 0 50
10992536 0 55
11000021 0 46
11012201 0 94
11019351 0 69
11028547 0 79
11032498 0 46
11043075 0 120
11050673 0 72
11060487 0 117
11071555 0 141
11083372 0 126
11095880 0 101
11108738 0 132
11120643 0 147
11130873 0 140
11139678 0 104
11149626 0 131
11159714 0 122
11167998 0 117
11176703 0 101
11185260 0 166
11194816 0 113
11204504 0 133
11217805 0 173
11230790 0 153
11240130 0 105
11248406 0 93
11256641 0 131
11265422 0 125
11274009 0 98
11283002 0 107
11291537 0 109
11304776 0 203
11318246 0 177
11331379 0 159
11341854 0 145
11348066 0 83
11356753 0 96
11365269 0 121
11373810 0 109
11381964 0 78
11391073 0 118
11401942 0 135
11412196 0 141
11424178 0 148
11436815 0 176
11450052 0 164
11461779 0 154
11474773 0 186
11488145 0 157
11499947 0 139
11506530 88 75
11513685 165 74
11519940 160 44
11529761 162 111
11542139 160 121
11553217 160 121
11565133 150 179
11571348 164 63
11576626 160 59
11585252 161 100
11590143 161 46
11596010 154 96
11601720 157 88
11612912 151 137
11626100 159 139
11637543 151 172
11650569 152 157
11662982 150 130
11676255 151 159
11689159 151 153
11702241 154 202
11714737 153 164
11726964 153 196
11739635 144 155
11747767 155 97
11752791 166 64
11759372 155 110
11764867 156 53
11773624 153 95
11781049 155 103
11790485 158 108
11802368 149 136
11815805 172 201
11821653 164 79
11834609 153 128
11847992 160 166
11861519 160 151
11873925 154 135
11885747 161 114
11893675 130 74
11899250 124 87
11910882 153 122
11917480 121 71
11922728 126 79
11930415 124 86
11936397 130 63
11946840 105 108
11958415 109 158
11971074 131 126
11982006 129 120
11994356 108 124
12007224 108 138
12019835 117 146
12028596 94 75
12034971 110 84
12039938 95 46
12047827 83 86
12055515 93 92
12062159 98 87
12071127 106 102
12076939 103 46
12087698 115 140
12099049 147 127
12111540 88 215
12124498 134 114
12137351 118 100
12148456 120 121
12161297 95 151
12174290 123 135
12186392 89 159
12197620 81 152
12204870 134 83
12214103 105 97
12219746 132 57
12226219 118 65
12230974 76 72
12236706 94 69
12242312 92 78
12250544 110 74
12263176 87 126
12276606 107 127
12289227 72 161
12301994 113 159
12313858 102 143
12326506 106 158
12338574 48 159
12351045 72 131
12363696 103 166
12376089 78 115
12386774 123 133
12392396 104 46
12398029 83 68
12402300 100 35
12410016 86 101
12421126 117 135
12430942 134 116
12441715 118 157
12449465 110 82
12462973 126 166
12475978 99 144
12487352 99 162
12499905 95 159
12512845 88 125
12525703 103 145
12538334 92 125
12547060 115 74
12553005 104 74
12560642 122 82
12566226 91 87
12571106 96 64
12583535 84 122
12595510 80 148
12608647 123 224
12620899 93 129
12633099 87 99
12645527 103 163
12655768 57 148
12667040 107 138
12678650 92 108
12684621 107 101
12691300 74 79
12700301 89 109
12705777 147 64
12716187 85 117
12722108 92 36
12734140 117 109
12745133 61 78
12757545 84 143
12769783 97 141
12782412 68 126
12795436 111 107
12808209 111 156
12818878 84 125
12830939 151 93
12843654 92 168
12853262 80 98
12859260 74 86
12864084 116 98
12870712 71 55
12876282 113 73
12884619 96 92
12893507 99 116
12898092 131 37
12907899 123 65
12918650 82 138
12931705 72 136
12944627 108 166
12957326 69 104
12970151 69 157
12983025 76 119
12995512 74 140
13006772 60 100
13018415 91 142
13028387 122 99
13033856 87 66
13039611 134 74
13052157 76 119
13064867 121 191
13075191 105 125
13082555 96 80
13086182 98 34
13091622 84 59
13099209 111 71
13107158 89 79
13116722 96 90
13126971 94 91
13138824 112 129
13151291 90 117
13163898 95 144
13174875 92 146
13186412 89 143
13199220 84 145
13212170 79 112
13224608 55 142
13236543 64 122
13246611 94 104
13253867 89 99
13257443 108 42
13268913 92 131
13276258 74 97
13282054 108 51
13291866 69 107
13298601 73 66
13305788 115 80
13312033 98 72
13323385 100 105
13336432 91 115
13348060 124 136
13361369 110 144
13374361 83 107
13387351 79 132
13398527 100 96
13405385 90 70
13412927 95 67
13418702 84 50
13425186 92 48
13432549 79 89
13442101 108 75
13452784 101 104
13465591 93 130
13478127 119 140
13491183 102 164
13504187 86 138
13515556 101 115
13527318 76 101
13536289 86 100
13541883 90 47
13553283 69 120
13558255 87 51
13566620 81 86
13573500 113 85
13582644 121 93
13595483 73 98
13606853 128 133
13618032 111 118
13625670 81 80
13633082 144 77
13639408 106 67
13646010 105 65
13654335 98 84
13663348 95 99
13669760 100 64
13679429 87 109
13685518 62 39
13697234 84 147
13709891 56 126
13723076 102 155
13734767 79 145
13746788 83 94
13759155 84 97
13767322 61 106
13770085 77 30
13776663 105 54
13785244 63 91
13793131 108 85
13801730 55 101
13811983 44 97
13824082 87 123
13837111 115 136
13850081 97 155
13860445 74 109
13873416 70 137
13885208 57 129
13896493 103 115
13905913 120 94
13913589 122 116
13923464 119 101
13932637 110 87
13938860 114 79
13942431 112 21
13952533 116 90
13962966 90 112
13974457 91 101
13987349 109 158
13998069 84 115
14006082 105 62
14010946 106 67
14020871 92 104
14030005 87 73
14037397 88 85
14042744 87 46
14050279 48 41
14060609 67 102
14067971 66 69
14074038 92 59
14081475 94 62
14090825 55 97
14103354 52 127
14114617 83 108
14127642 98 134
14139931 64 139
14152594 87 126
14164744 85 121
14177396 88 155
14190533 147 129
14202251 104 122
14215652 114 114
14223476 141 105
14230841 113 53
14236346 95 42
14241386 84 43
14250795 69 101
14256295 77 50
14262632 74 81
14269698 89 57
14281209 106 114
14292916 109 89
14305395 84 115
14318808 99 136
14331765 89 137
14344521 53 130
14357402 111 141
14367536 85 105
14374534 79 73
14380251 94 45
14387712 69 71
14394006 64 65
14405164 95 102
14417916 70 122
14429952 49 93
14442492 79 103
14454115 89 113
14466653 67 138
14477656 109 121
14483803 126 67
14491396 121 63
14498741 108 90
14504815 101 43
14512367 113 87
14522488 105 123
14535733 93 124
14546955 86 107
14560046 108 139
14572341 106 125
14582498 119 80
14587479 88 51
14595382 112 67
14603787 87 66
14609699 80 46
14619466 107 94
14623626 108 32
14634996 68 117
14648155 90 136
14660642 100 158
14674064 105 105
14684699 85 98
14698149 79 126
14709209 67 117
14714807 52 51
14721383 47 64
14726733 71 56
14736989 91 79
14745858 72 65
14754143 120 84
14761123 62 80
14766553 113 45
14774999 45 105
14787542 98 151
14798601 62 99
14811421 86 136
14821474 74 105
14833929 69 101
14846574 80 102
14859066 64 120
14870942 77 105
14881233 109 69
14885666 89 30
14893934 74 88
14900404 79 60
14907719 83 82
14916074 62 90
14922431 102 76
14932744 75 114
14943242 87 113
14955284 69 118
14967012 79 122
14978976 88 92
14991817 87 121
15003888 98 102
15015137 86 122
15023380 47 81
15030390 112 55
15040010 68 95
15047054 127 78
15053223 128 46
15061069 118 89
15071510 129 104
15081148 93 102
15092490 86 96
15104415 95 97
15115742 71 90
15127306 98 123
15135242 101 85
15141266 84 44
15149947 99 109
15160779 100 127
15172921 94 161
15185215 96 111
15198151 78 113
15209898 74 85
15217576 45 78
15222783 31 59
15228486 72 60
15235978 46 77
15245548 69 86
15258381 61 83
15270395 35 103
15283568 75 91
15295430 33 140
15303003 57 78
15308313 45 53
15315599 68 69
15322474 62 57
15329919 135 82
15335547 116 55
15346792 119 83
15357651 121 99
15370278 131 128
15382152 133 93
15393773 84 102
15405441 68 88
15418472 117 86
15430552 126 95
15437716 72 64
15446184 110 103
15453867 103 92
15462177 77 72
15472688 111 85
15480791 88 84
15489715 62 74
15498531 101 84
15508857 102 84
15518147 64 95
15527489 80 71
15537156 77 99
15543891 59 82
15550418 115 57
15558450 46 90
15565077 94 70
15577493 81 100
15590010 59 113
15602890 59 129
15616003 90 147
15628865 79 139
15641708 146 132
15653244 89 108
15666199 115 129
15679775 120 95
15692869 98 103
15704268 76 104
15713982 105 73
15719793 49 49
15728676 96 90
15735754 86 65
15741408 90 56
15750390 127 76
15758305 72 59
15767828 89 144
15774149 76 42
15782952 57 78
15795215 86 108
15808483 87 85
15821243 83 136
15831305 72 88
15843987 73 94
15856718 96 122
15869887 76 180
15881930 91 114
15890775 86 101
15897794 113 65
15903462 112 71
15907223 75 44
15914409 77 79
15922707 105 102
15933497 127 82
15942588 61 81
15948884 78 60
15955446 86 83
15963790 135 62
15975580 125 116
15988739 79 120
15999493 121 68
16011861 78 131
16024771 109 108
16037881 101 97
16050606 62 118
16061364 97 119
16068882 100 78
16078004 75 92
16085911 71 83
16091349 98 44
16098445 70 51
16108134 91 105
16117851 82 85
16124347 74 76
16133306 53 68
16142610 81 108
16152786 57 79
16160026 51 548
16162181 28 1859
16166406 47 1434
16174052 71 2104
16181635 79 1449
16190589 76 1386
16199698 90 1191
16208278 96 924
16219660 102 1049
16228903 111 691
16238762 65 621
16247147 61 569
16256671 95 543
16267073 95 1165
16277825 91 2046
16288135 84 1942
16298724 88 1643
16309058 78 1430
16318048 75 1274
16327883 68 1301
16335812 53 787
16344137 55 920
16348983 26 390
16356269 62 674
16363393 63 715
16370221 36 699
16377828 46 1111
16385397 45 1146
16390839 27 844
16398578 58 1098
16406574 56 1066
16414705 75 1008
16422526 55 803
16429351 53 842
16437794 54 974
16447005 112 916
16456061 72 871
16467103 88 1022
16477511 86 805
16486164 99 704
16495537 67 851
16505099 100 925
16514574 87 781
16521554 52 526
16529341 56 574
16538128 107 687
16548253 95 676
16557752 87 557
16568492 89 642
16578744 85 510
16589078 73 565
16597701 88 482
16605265 75 364
16614798 85 376
16624493 47 411
16634804 76 393
16641351 41 270
16651481 70 364
16659414 62 324
16670046 66 339
16676967 34 201
16684156 70 204
16690845 25 219
16699293 46 274
16708919 62 289
16717511 47 215
16725965 57 210
16727604 24 74
16727604 0 0
