0.00 0.00 0.00
35.02 0.00 0.00
29.01 0.00 0.00
0.00 0.00 0.00
0.00 0.00 0.00
0.00 0.00 0.00
28.03 106.50 0.00
47.54 53.50 0.00
56.03 0.00 0.00
73.54 0.00 0.00
74.04 0.00 0.00
75.53 0.00 0.00
72.04 0.00 0.00
75.04 0.00 0.00
83.04 0.00 0.00
89.55 0.00 0.00
86.54 0.00 0.00
47.54 32.00 27.36
40.04 22.00 32.00
45.04 10.00 0.00
44.04 32.00 31.99
41.04 22.50 31.99
44.04 9.50 0.00
45.04 32.00 31.93
44.04 31.00 31.91
44.04 1.00 3.50
42.04 32.00 28.52
42.54 32.00 31.98
43.54 0.00 6.94
46.04 32.00 25.43
42.54 32.00 31.98
42.04 0.00 14.01
43.04 32.00 17.97
44.54 32.00 32.02
44.04 0.00 31.02
45.04 32.00 1.00
40.04 32.00 31.99
42.04 0.00 29.02
45.04 32.00 2.98
44.54 32.00 31.98
43.55 10.00 32.00
43.04 22.00 0.00
43.04 32.00 32.01
44.54 11.50 32.00
45.55 20.50 0.00
43.04 32.00 32.02
42.54 22.00 32.00
45.54 10.00 0.00
43.54 32.00 32.02
43.04 31.50 31.99
44.04 0.50 1.50
45.54 32.00 30.48
44.04 32.00 31.98
41.54 0.00 16.01
45.04 32.00 16.01
44.05 32.00 32.01
41.54 0.00 31.02
46.04 32.00 0.84
43.04 32.00 31.98
42.54 5.50 31.82
46.55 26.50 0.00
42.04 32.00 31.66
43.04 15.50 32.00
45.54 16.50 0.00
43.55 32.00 32.00
42.04 19.50 31.93
45.04 12.50 0.00
43.04 32.00 32.01
44.04 31.50 32.02
43.04 0.50 0.00
46.05 32.00 31.91
44.04 32.00 32.02
44.54 0.00 25.02
45.54 32.00 6.92
42.04 32.00 31.98
46.04 8.50 31.96
43.54 23.50 0.00
44.55 32.00 31.98
42.04 15.50 31.94
47.05 16.50 0.00
45.04 32.00 31.64
43.04 28.50 31.94
43.04 3.50 0.00
43.04 32.00 32.02
42.04 31.50 31.89
44.54 0.50 2.50
44.04 32.00 29.45
43.54 32.00 31.93
44.04 0.00 20.51
46.04 32.00 11.50
46.04 32.00 32.01
41.04 5.00 32.00
45.54 27.00 0.00
43.55 32.00 32.01
45.04 15.50 32.02
45.04 16.50 0.00
42.04 32.00 32.02
43.54 25.00 31.96
44.55 7.00 0.00
44.04 32.00 31.99
44.04 32.00 32.02
43.04 0.00 2.50
45.04 32.00 29.52
42.04 32.00 32.01
43.04 0.00 14.01
45.04 32.00 18.00
42.04 32.00 31.98
43.04 0.00 26.52
44.04 32.00 5.50
43.54 32.00 32.01
43.54 2.50 31.98
43.54 29.50 0.00
44.54 32.00 32.01
43.04 8.50 32.00
44.54 23.50 0.00
43.54 32.00 32.02
43.54 13.50 31.82
44.04 18.50 0.00
44.04 32.00 31.74
43.04 26.50 31.98
45.55 5.50 0.03
41.54 32.00 32.00
44.54 30.00 31.96
42.04 2.00 0.00
45.04 32.00 31.96
43.61 31.68 31.68
42.04 0.00 10.01
45.04 32.00 21.87
43.04 32.00 32.02
45.54 1.00 32.00
45.54 31.00 0.00
42.04 32.00 32.00
41.04 1.50 31.93
47.05 30.50 0.00
44.04 32.00 31.99
45.04 18.00 31.97
43.04 14.00 0.00
45.04 32.00 32.00
44.54 30.50 31.98
44.54 1.50 7.00
45.04 32.00 25.01
41.54 32.00 32.01
43.55 0.00 16.51
44.54 32.00 15.51
44.55 32.00 32.00
43.04 0.00 32.02
45.54 32.00 0.00
44.04 32.00 31.78
43.55 12.00 31.81
45.04 20.00 0.00
44.04 32.00 31.98
42.54 19.50 32.01
46.05 12.50 0.00
42.54 32.00 32.00
42.04 27.00 32.00
44.04 5.00 0.00
42.04 32.00 32.02
45.04 30.50 32.00
43.04 1.50 0.00
42.04 32.00 32.01
44.04 32.00 32.02
44.04 0.00 7.50
45.04 32.00 24.41
44.04 32.00 31.61
42.04 0.00 23.01
45.54 32.00 8.89
42.54 32.00 31.90
42.54 2.00 32.00
44.55 30.00 0.00
43.04 32.00 31.91
43.54 8.50 32.02
44.55 23.50 0.00
43.04 32.00 32.02
44.04 15.50 32.02
45.04 16.50 0.00
45.04 32.00 31.81
41.04 23.00 31.96
45.04 9.00 0.00
44.04 32.00 31.96
45.04 32.00 32.00
43.54 0.00 12.01
44.55 32.00 19.71
43.04 32.00 31.88
45.04 0.00 31.02
44.04 32.00 0.34
44.04 32.00 31.96
43.04 5.50 32.00
46.04 26.50 0.00
44.04 32.00 32.01
43.04 19.00 32.01
44.04 13.00 0.00
44.04 32.00 31.96
43.54 28.50 31.86
43.54 3.50 0.00
43.04 32.00 31.66
44.54 29.00 31.60
43.54 3.00 5.00
44.54 32.00 26.84
43.54 32.00 31.96
43.04 0.00 19.51
46.04 32.00 12.49
44.04 32.00 31.81
42.04 3.00 32.00
44.54 29.00 0.00
43.04 32.00 32.02
44.04 8.00 31.94
44.55 24.00 0.00
44.04 32.00 32.02
45.04 21.00 31.72
43.04 11.00 0.00
42.04 32.00 31.99
42.04 22.50 32.00
45.04 9.50 0.03
43.04 32.00 31.99
44.04 29.00 32.02
45.04 3.00 3.50
44.04 32.00 28.46
44.04 32.00 32.00
43.54 0.00 19.51
45.54 32.00 12.34
43.54 32.00 31.93
45.04 7.50 31.93
46.04 24.50 0.00
42.55 32.00 31.89
45.04 19.50 31.90
46.04 12.50 0.00
43.04 32.00 31.97
43.04 30.00 32.00
43.04 2.00 0.00
47.04 32.00 32.00
44.04 32.00 31.93
43.04 0.00 22.01
43.04 32.00 9.70
44.54 32.00 32.00
45.54 6.00 31.99
45.04 26.00 0.00
42.04 32.00 32.00
41.04 10.00 31.98
45.04 22.00 0.00
42.04 32.00 32.00
42.04 10.00 31.98
44.04 22.00 0.00
42.04 32.00 31.91
44.04 12.00 31.94
45.04 20.00 0.00
42.04 32.00 32.00
42.04 17.00 32.02
46.04 15.00 0.00
42.04 32.00 32.02
42.04 21.50 32.02
45.04 10.50 0.00
43.04 32.00 32.00
44.04 31.00 31.95
44.04 1.00 0.00
44.04 32.00 32.02
44.04 32.00 31.87
43.04 0.00 15.01
45.04 32.00 16.95
44.04 32.00 31.95
44.04 2.00 32.00
43.54 30.00 0.00
42.04 32.00 31.96
42.54 2.00 32.00
44.54 30.00 0.00
43.54 32.00 31.93
45.04 10.50 31.99
45.54 21.50 0.00
44.04 32.00 31.99
42.54 23.50 31.88
46.04 8.50 0.00
45.04 32.00 31.96
43.04 32.00 31.98
44.04 0.00 11.01
41.04 32.00 20.89
44.04 32.00 31.96
44.04 0.00 19.01
45.04 32.00 12.94
43.54 32.00 31.91
40.14 0.00 22.78
47.05 32.00 8.99
41.54 32.00 31.92
44.04 5.00 32.02
43.04 27.00 0.00
44.54 32.00 31.97
43.04 13.00 32.02
46.04 19.00 0.00
41.04 32.00 31.95
44.04 15.50 32.00
44.05 16.50 0.00
45.04 32.00 31.81
42.54 28.00 31.99
43.04 4.00 0.00
44.54 32.00 32.02
44.04 32.00 31.97
46.05 0.00 17.01
42.04 32.00 14.98
46.04 32.00 31.92
44.04 2.00 32.02
47.05 30.00 0.00
42.04 32.00 32.00
43.04 11.50 32.02
45.04 20.50 0.00
44.04 32.00 32.01
43.54 23.00 32.00
45.54 9.00 0.03
45.05 32.00 31.98
44.04 32.00 31.79
44.04 0.00 13.01
44.05 32.00 18.97
45.04 32.00 31.97
45.04 2.50 31.94
46.04 29.50 0.00
42.04 32.00 32.02
43.04 9.50 31.99
43.54 22.50 0.00
45.55 32.00 31.99
45.54 25.50 32.00
43.54 6.50 0.00
44.04 32.00 32.00
44.04 32.00 32.02
45.04 0.00 17.51
44.04 32.00 14.45
42.54 32.00 31.94
44.54 0.00 24.02
47.55 32.00 7.97
44.04 32.00 32.01
42.54 12.50 31.50
46.04 19.50 0.00
44.54 32.00 31.61
45.55 29.00 31.95
43.04 3.00 0.00
45.04 32.00 31.92
44.04 32.00 31.96
44.54 0.00 20.51
45.04 32.00 11.47
43.54 32.00 32.03
44.04 3.50 32.01
43.04 28.50 0.00
46.04 32.00 31.99
42.54 12.00 31.98
47.04 20.00 0.00
42.54 32.00 31.73
45.04 24.00 31.89
43.04 8.00 0.00
46.04 32.00 31.95
44.04 32.00 32.00
42.54 0.00 14.01
45.55 32.00 16.96
42.54 32.00 32.02
45.04 1.50 32.00
43.55 30.50 0.00
45.04 32.00 32.01
42.04 8.00 31.97
46.54 24.00 0.00
42.54 32.00 32.00
43.54 17.50 31.95
43.04 14.50 0.00
45.54 32.00 32.00
45.04 28.50 32.02
43.04 3.50 0.00
44.04 32.00 32.02
44.04 32.00 31.98
44.04 0.00 15.51
45.04 32.00 16.41
44.04 32.00 32.01
43.04 1.00 32.03
43.54 31.00 0.00
44.55 32.00 32.00
43.04 7.00 32.02
45.04 25.00 0.00
44.04 32.00 32.00
44.04 17.00 32.01
46.04 15.00 0.00
44.04 32.00 32.00
43.54 30.50 32.02
43.54 1.50 1.00
44.04 32.00 30.98
43.04 32.00 32.02
44.04 0.00 13.51
45.04 32.00 18.41
44.04 32.00 31.98
42.04 0.00 32.02
45.04 32.00 0.00
44.04 32.00 31.98
45.04 11.50 32.00
46.04 20.50 0.00
41.04 32.00 31.97
42.54 16.50 31.85
46.55 15.50 0.00
44.54 32.00 32.02
43.54 31.50 31.90
42.04 0.50 0.00
45.04 32.00 31.99
44.54 32.00 32.00
44.55 0.00 21.51
44.04 32.00 10.49
41.04 32.00 31.94
45.04 0.00 29.02
43.54 32.00 3.00
43.54 32.00 31.21
44.04 0.00 31.98
44.04 32.00 0.00
45.54 32.00 31.89
42.54 14.00 32.00
43.04 18.00 0.00
44.04 32.00 32.01
44.04 21.50 31.96
47.05 10.50 0.00
42.04 32.00 31.99
43.04 30.00 32.02
43.04 2.00 0.00
44.54 32.00 32.02
43.54 32.00 32.00
43.04 0.00 8.01
45.04 32.00 24.00
43.04 32.00 32.02
45.04 0.00 31.52
43.54 32.00 0.47
40.54 32.00 32.00
45.04 0.00 32.00
46.58 31.68 0.00
42.04 32.00 31.99
44.04 13.50 31.57
45.04 18.50 0.00
43.04 32.00 32.00
45.04 27.50 31.92
43.54 4.50 0.03
42.04 32.00 31.93
42.54 29.00 31.99
45.04 3.00 0.00
46.04 32.00 31.84
43.04 32.00 31.96
44.04 0.00 16.51
43.04 32.00 15.48
44.04 32.00 31.93
44.04 0.00 31.52
45.04 32.00 0.50
44.04 32.00 32.00
41.54 5.50 31.98
46.04 26.50 0.00
44.55 32.00 31.95
43.54 18.00 31.96
46.05 14.00 0.00
40.54 32.00 32.02
46.04 27.50 31.99
43.04 4.50 0.00
44.04 32.00 31.94
44.04 32.00 31.99
42.04 0.00 10.01
46.04 32.00 22.00
44.04 32.00 32.01
42.04 0.00 26.52
46.04 32.00 5.49
43.04 32.00 32.02
43.04 4.50 31.99
46.04 27.50 0.00
41.04 32.00 32.00
45.54 11.50 32.04
45.04 20.50 0.00
44.04 32.00 31.88
44.54 29.50 31.97
44.04 2.50 0.00
45.04 32.00 31.93
43.04 32.00 31.95
46.04 0.00 23.51
44.04 32.00 8.51
44.54 32.00 31.92
42.54 1.50 31.98
45.04 30.50 0.00
44.04 32.00 31.98
44.54 12.50 31.99
44.55 19.50 0.00
45.04 32.00 32.00
43.04 29.00 31.72
45.04 3.00 0.00
46.04 32.00 32.00
44.04 32.00 31.99
43.04 0.00 18.51
44.04 32.00 13.50
46.54 32.00 31.99
44.55 7.50 32.00
45.04 24.50 0.00
44.04 32.00 31.99
42.04 20.50 32.02
46.04 11.50 0.00
44.04 32.00 31.93
44.04 31.50 32.00
44.04 0.50 0.53
44.04 32.00 31.23
44.54 32.00 32.00
45.04 0.00 24.02
41.04 32.00 7.90
41.04 32.00 31.96
44.55 0.00 19.01
44.04 32.00 12.97
45.04 32.00 32.00
41.54 0.00 29.52
45.04 32.00 2.47
44.55 32.00 31.61
45.04 12.50 31.86
44.04 19.50 0.00
42.04 32.00 32.01
45.04 20.00 32.02
46.04 12.00 0.00
43.04 32.00 32.00
43.54 28.50 31.99
44.54 3.50 4.00
46.05 32.00 27.95
44.04 32.00 32.01
42.04 0.00 20.01
44.54 32.00 11.27
44.04 32.00 32.01
44.55 8.00 31.99
46.04 24.00 0.00
44.04 32.00 31.91
42.54 14.00 32.02
44.55 18.00 0.00
45.04 32.00 31.96
46.04 31.00 32.00
43.04 1.00 4.50
46.04 32.00 27.52
41.04 32.00 32.02
44.04 0.00 18.01
44.04 32.00 13.97
43.04 32.00 32.00
42.54 0.00 28.52
44.04 32.00 3.42
42.04 32.00 31.99
41.54 0.00 24.02
46.04 32.00 7.99
44.04 32.00 32.00
43.04 7.50 31.96
45.04 24.50 0.00
43.04 32.00 32.02
44.04 17.50 31.91
48.05 14.50 0.00
42.04 32.00 31.43
44.04 29.50 32.00
44.54 2.50 2.00
47.04 32.00 29.98
44.55 32.00 32.01
42.04 0.00 29.52
47.05 32.00 2.43
43.04 32.00 31.97
45.04 15.00 31.98
47.05 17.00 0.00
41.04 32.00 32.02
44.04 24.50 32.01
45.04 7.50 0.03
43.04 32.00 32.02
45.04 32.00 31.91
44.04 0.00 8.51
45.04 32.00 23.22
44.04 32.00 31.97
44.04 0.00 32.01
46.04 32.00 0.00
43.04 32.00 31.97
43.54 12.50 32.02
46.55 19.50 0.00
43.04 32.00 31.89
44.04 23.00 32.02
44.04 3.78 0.00
42.54 0.00 31.93
39.54 0.00 32.01
46.04 0.00 0.00
43.04 0.00 32.01
45.54 0.00 31.96
50.55 0.00 0.00
47.54 0.00 32.02
79.55 0.00 9.51
48.54 0.00 22.51
77.55 0.00 27.02
47.04 0.00 5.00
77.03 0.00 32.02
47.05 0.00 0.00
75.05 0.00 32.02
46.54 0.00 0.00
75.55 0.00 32.02
45.54 0.00 0.00
75.55 0.00 32.05
46.54 0.00 0.00
76.55 0.00 32.02
47.57 0.00 0.00
74.05 0.00 32.02
49.05 0.00 0.00
73.05 0.00 32.02
46.54 0.00 0.00
74.04 0.00 32.02
46.04 0.00 0.00
74.55 0.00 32.02
46.54 0.00 0.00
73.55 0.00 32.02
46.04 0.00 0.00
75.05 0.00 32.02
45.04 0.00 0.00
73.05 0.00 32.02
44.54 0.00 0.00
74.05 0.00 32.02
44.04 0.00 0.00
72.55 0.00 32.02
46.04 0.00 0.00
72.04 0.00 32.02
45.04 0.00 0.00
71.04 0.00 32.02
44.54 0.00 0.00
73.55 0.00 32.02
45.54 0.00 0.00
72.54 0.00 32.02
47.04 0.00 0.00
73.05 0.00 32.04
45.54 0.00 0.00
72.54 0.00 32.02
46.04 0.00 0.00
73.05 0.00 32.02
45.04 0.00 0.00
73.04 0.00 32.02
44.04 0.00 0.00
72.04 0.00 26.52
44.54 0.00 5.50
74.04 0.00 32.02
45.55 0.00 0.00
73.05 0.00 32.02
46.04 0.00 0.00
73.04 0.00 32.02
43.54 0.00 0.00
75.55 0.00 32.02
44.04 0.00 0.00
73.54 0.00 22.01
43.54 0.00 10.01
74.05 0.00 15.01
43.04 0.00 17.01
73.54 0.00 0.00
42.54 0.00 32.02
72.04 0.00 0.00
44.04 0.00 32.02
68.54 0.00 0.00
46.54 0.00 32.02
65.54 0.00 0.00
50.54 0.00 32.02
60.54 0.00 0.02
56.04 0.00 32.02
61.55 0.00 0.00
54.04 0.00 32.02
57.54 0.00 0.00
58.54 0.00 32.02
56.54 0.00 0.00
59.04 0.00 32.02
55.04 0.00 0.00
60.55 0.00 32.02
49.04 0.00 0.00
66.04 0.00 32.02
43.54 0.00 0.00
71.55 0.00 32.02
43.04 0.00 0.00
72.04 0.00 32.02
43.04 0.00 0.00
39.02 0.00 23.69
0.00 0.00 0.00
0.00 0.00 0.00
0.00 0.00 0.00
