# xct_end restore_begin restore_segment restore_end page_write page_read
0	0	0	0	0	2981	
0	0	0	0	0	4552	
0	0	0	0	0	4387	
0	0	0	0	0	4602	
0	0	0	0	0	4351	
0	0	0	0	0	4377	
0	0	0	0	0	4213	
0	0	0	0	0	4266	
0	0	0	0	0	4284	
0	0	0	0	0	4555	
0	0	0	0	0	4479	
0	0	0	0	0	4593	
0	0	0	0	0	4387	
0	0	0	0	0	4300	
0	0	0	0	0	4515	
0	0	0	0	0	4294	
0	0	0	0	0	4477	
0	0	0	0	0	4405	
0	0	0	0	0	3384	
0	0	0	0	0	4396	
0	0	0	0	0	4561	
0	0	0	0	0	4366	
0	0	0	0	0	4307	
0	0	0	0	0	4329	
0	0	0	0	0	4261	
0	0	0	0	0	3960	
0	0	0	0	0	3554	
0	0	0	0	0	3551	
0	0	0	0	0	3566	
0	0	0	0	0	3558	
0	0	0	0	0	3558	
0	0	0	0	0	3588	
0	0	0	0	0	3593	
0	0	0	0	0	4081	
0	0	0	0	0	4537	
0	0	0	0	0	3689	
0	0	0	0	0	3683	
0	0	0	0	0	4305	
0	0	0	0	0	5146	
0	0	0	0	0	5264	
0	0	0	0	0	5324	
0	0	0	0	0	5292	
0	0	0	0	0	5312	
0	0	0	0	0	5251	
0	0	0	0	0	4150	
0	0	0	0	0	3587	
0	0	0	0	0	3599	
0	0	0	0	0	3564	
0	0	0	0	0	3588	
0	0	0	0	0	3588	
0	0	0	0	0	3583	
0	0	0	0	0	3572	
0	0	0	0	0	3513	
0	0	0	0	0	3553	
0	0	0	0	0	3580	
0	0	0	0	0	3580	
0	0	0	0	0	3581	
0	0	0	0	0	3511	
0	0	0	0	0	3518	
0	0	0	0	0	3552	
0	0	0	0	0	3576	
0	0	0	0	0	3595	
0	0	0	0	0	3563	
0	0	0	0	0	3480	
0	0	0	0	0	3593	
0	0	0	0	0	3594	
0	0	0	0	0	3585	
0	0	0	0	0	3608	
0	0	0	0	0	3567	
0	0	0	0	0	3586	
0	0	0	0	0	3576	
0	0	0	0	0	3576	
0	0	0	0	0	3594	
0	0	0	0	0	3572	
0	0	0	0	0	3605	
0	0	0	0	0	3591	
0	0	0	0	0	3604	
0	0	0	0	0	3694	
0	0	0	0	0	3572	
0	0	0	0	0	3604	
0	0	0	0	0	3587	
0	0	0	0	0	3588	
0	0	0	0	0	3683	
0	0	0	0	0	3706	
0	0	0	0	0	3764	
0	0	0	0	0	3586	
0	0	0	0	0	3612	
0	0	0	0	0	3611	
0	0	0	0	0	3561	
0	0	0	0	0	3728	
0	0	0	0	0	3579	
0	0	0	0	0	3609	
0	0	0	0	0	3789	
0	0	0	0	0	3812	
0	0	0	0	0	3658	
0	0	0	0	0	4120	
0	0	0	0	0	4968	
0	0	0	0	0	5008	
0	0	0	0	0	5194	
0	0	0	0	0	5285	
0	0	0	0	0	5290	
0	0	0	0	0	5188	
0	0	0	0	0	5225	
0	0	0	0	0	5247	
0	0	0	0	0	5254	
0	0	0	0	0	4507	
0	0	0	0	0	4078	
0	0	0	0	0	4986	
0	0	0	0	0	4987	
0	0	0	0	0	4944	
0	0	0	0	0	4975	
0	0	0	0	0	4985	
0	0	0	0	0	4977	
0	0	0	0	0	5089	
0	0	0	0	0	5035	
0	0	0	0	0	4390	
0	0	0	0	0	3563	
0	0	0	0	0	3836	
0	0	0	0	0	3712	
0	0	0	0	0	3725	
0	0	0	0	0	3841	
0	0	0	0	0	3688	
0	0	0	0	0	3575	
0	0	0	0	0	3628	
0	0	0	0	0	3639	
0	0	0	0	0	3583	
0	0	0	0	0	3563	
0	0	0	0	0	3576	
0	0	0	0	0	3598	
0	0	0	0	0	3584	
0	0	0	0	0	3600	
0	0	0	0	0	3579	
0	0	0	0	0	3597	
0	0	0	0	0	3608	
0	0	0	0	0	3594	
0	0	0	0	0	3601	
0	0	0	0	0	3593	
0	0	0	0	0	3567	
0	0	0	0	0	3570	
0	0	0	0	0	3510	
0	0	0	0	0	3596	
0	0	0	0	0	3593	
0	0	0	0	0	3531	
0	0	0	0	0	3566	
0	0	0	0	0	3600	
0	0	0	0	0	3595	
0	0	0	0	0	3586	
0	0	0	0	0	3563	
0	0	0	0	0	3587	
0	0	0	0	0	3586	
0	0	0	0	0	3597	
0	0	0	0	0	3594	
0	0	0	0	0	3562	
0	0	0	0	0	3636	
0	0	0	0	0	3584	
0	0	0	0	0	3570	
0	0	0	0	0	3588	
0	0	0	0	0	3565	
0	0	0	0	0	3593	
0	0	0	0	0	3592	
0	0	0	0	0	3585	
0	0	0	0	0	3588	
0	0	0	0	0	3562	
0	0	0	0	0	3600	
0	0	0	0	0	3582	
0	0	0	0	0	3590	
0	0	0	0	0	3579	
0	0	0	0	0	3518	
0	0	0	0	0	3589	
0	0	0	0	0	3589	
0	0	0	0	0	3576	
0	0	0	0	0	3588	
0	0	0	0	0	3582	
0	0	0	0	0	3566	
0	0	0	0	0	4071	
0	0	0	0	0	3584	
0	0	0	0	0	3784	
0	0	0	0	0	3624	
0	0	0	0	0	3667	
0	0	0	0	0	3667	
0	0	0	0	0	3595	
0	0	0	0	0	3597	
0	0	0	0	0	3590	
0	0	0	0	0	3567	
0	0	0	0	0	3591	
0	0	0	0	0	3622	
0	0	0	0	0	3581	
0	0	0	0	0	3582	
0	0	0	0	0	3562	
0	0	0	0	0	3581	
0	0	0	0	0	3577	
0	0	0	0	0	3723	
0	0	0	0	0	3583	
0	0	0	0	0	3560	
0	0	0	0	0	3703	
0	0	0	0	0	3594	
0	0	0	0	0	3577	
0	0	0	0	0	3699	
0	0	0	0	0	3615	
0	0	0	0	0	3615	
0	0	0	0	0	3706	
0	0	0	0	0	3996	
0	0	0	0	0	3793	
0	0	0	0	0	3707	
0	0	0	0	0	3804	
0	0	0	0	0	3699	
0	0	0	0	0	3989	
0	0	0	0	0	3627	
0	0	0	0	0	3591	
0	0	0	0	0	3575	
0	0	0	0	0	3672	
0	0	0	0	0	3631	
0	0	0	0	0	3899	
0	0	0	0	0	3677	
0	0	0	0	0	3608	
0	0	0	0	0	4868	
0	0	0	0	0	5320	
0	0	0	0	0	5317	
0	0	0	0	0	5187	
0	0	0	0	0	5299	
0	0	0	0	0	5283	
0	0	0	0	0	5334	
0	0	0	0	0	5201	
0	0	0	0	0	5261	
0	0	0	0	0	5142	
0	0	0	0	0	4491	
0	0	0	0	0	3934	
0	0	0	0	0	4979	
0	0	0	0	0	4915	
0	0	0	0	0	4952	
0	0	0	0	0	4921	
0	0	0	0	0	5014	
0	0	0	0	0	4916	
0	0	0	0	0	4951	
0	0	0	0	0	4998	
0	0	0	0	0	4311	
0	0	0	0	0	3590	
0	0	0	0	0	3716	
0	0	0	0	0	3632	
0	0	0	0	0	3571	
0	0	0	0	0	3548	
0	0	0	0	0	3579	
0	0	0	0	0	3564	
0	0	0	0	0	3514	
0	0	0	0	0	3573	
0	0	0	0	0	3566	
0	0	0	0	0	3621	
0	0	0	0	0	3573	
0	0	0	0	0	3583	
0	0	0	0	0	3585	
0	0	0	0	0	3603	
0	0	0	0	0	3546	
0	0	0	0	0	3592	
0	0	0	0	0	3719	
0	0	0	0	0	3637	
0	0	0	0	0	3569	
0	0	0	0	0	3540	
0	0	0	0	0	3570	
0	0	0	0	0	3619	
0	0	0	0	0	3811	
0	0	0	0	0	3573	
0	0	0	0	0	3563	
0	0	0	0	0	3795	
0	0	0	0	0	3690	
0	0	0	0	0	3578	
0	0	0	0	0	3579	
0	0	0	0	0	3545	
0	0	0	0	0	3604	
0	0	0	0	0	3588	
0	0	0	0	0	3582	
0	0	0	0	0	3579	
0	0	0	0	0	3543	
0	0	0	0	0	3659	
0	0	0	0	0	3572	
0	0	0	0	0	3563	
0	0	0	0	0	3577	
0	0	0	0	0	3596	
0	0	0	0	0	3580	
0	0	0	0	0	3586	
0	0	0	0	0	3576	
0	0	0	0	0	3618	
0	0	0	0	0	3599	
0	0	0	0	0	3630	
0	0	0	0	0	3584	
0	0	0	0	0	3575	
0	0	0	0	0	3610	
0	0	0	0	0	3801	
0	0	0	0	0	3760	
0	0	0	0	0	3694	
0	0	0	0	0	3616	
0	0	0	0	0	3659	
0	0	0	0	0	3570	
0	0	0	0	0	3608	
0	0	0	0	0	3584	
0	0	0	0	0	3572	
0	0	0	0	0	3584	
0	0	0	0	0	3819	
0	0	0	0	0	3559	
0	0	0	0	0	3550	
0	0	0	0	0	3573	
0	0	0	0	0	3579	
0	0	0	0	0	3587	
0	0	0	0	0	3545	
0	0	0	0	0	3584	
0	0	0	0	0	3576	
0	0	0	0	0	3581	
0	0	0	0	0	3559	
0	0	0	0	0	3552	
0	0	0	0	0	3574	
0	0	0	0	0	3575	
0	0	0	0	0	3552	
0	0	0	0	0	3644	
0	0	0	0	0	3558	
0	0	0	0	0	3583	
0	0	0	0	0	3582	
0	0	0	0	0	3578	
0	0	0	0	0	3598	
0	0	0	0	0	3764	
0	0	0	0	0	3584	
0	0	0	0	0	3584	
0	0	0	0	0	3576	
0	0	0	0	0	3570	
0	0	0	0	0	3530	
0	0	0	0	0	3585	
0	0	0	0	0	3591	
0	0	0	0	0	3590	
0	0	0	0	0	3576	
0	0	0	0	0	3655	
0	0	0	0	0	3992	
0	0	0	0	0	3561	
0	0	0	0	0	3559	
0	0	0	0	0	3571	
0	0	0	0	0	3567	
0	0	0	0	0	3587	
0	0	0	0	0	3575	
0	0	0	0	0	3575	
0	0	0	0	0	3581	
0	0	0	0	0	3587	
0	0	0	0	0	3561	
0	0	0	0	0	3571	
0	0	0	0	0	3573	
0	0	0	0	0	3564	
0	0	0	0	0	3573	
0	0	0	0	0	3535	
0	0	0	0	0	3576	
0	0	0	0	0	3573	
0	0	0	0	0	3552	
0	0	0	0	0	3590	
0	0	0	0	0	3541	
0	0	0	0	0	3638	
0	0	0	0	0	3569	
0	0	0	0	0	3567	
0	0	0	0	0	3570	
0	0	0	0	0	3556	
0	0	0	0	0	3866	
0	0	0	0	0	3852	
0	0	0	0	0	3573	
0	0	0	0	0	3803	
0	0	0	0	0	3569	
0	0	0	0	0	3595	
0	0	0	0	0	3565	
0	0	0	0	0	3849	
0	0	0	0	0	3974	
0	0	0	0	0	3554	
0	0	0	0	0	4515	
0	0	0	0	0	5031	
0	0	0	0	0	5225	
0	0	0	0	0	5138	
0	0	0	0	0	5263	
0	0	0	0	0	5035	
0	0	0	0	0	5162	
0	0	0	0	0	5239	
0	0	0	0	0	5227	
0	0	0	0	0	5185	
0	0	0	0	0	5153	
0	0	0	0	0	4370	
0	0	0	0	0	3803	
0	0	0	0	0	4853	
0	0	0	0	0	4932	
0	0	0	0	0	4951	
0	0	0	0	0	4942	
0	0	0	0	0	4966	
0	0	0	0	0	4905	
0	0	0	0	0	4980	
0	0	0	0	0	4990	
0	0	0	0	0	4237	
0	0	0	0	0	3679	
0	0	0	0	0	3601	
0	0	0	0	0	3602	
0	0	0	0	0	3573	
0	0	0	0	0	3584	
0	0	0	0	0	3566	
0	0	0	0	0	3688	
0	0	0	0	0	3576	
0	0	0	0	0	3574	
0	0	0	0	0	3570	
0	0	0	0	0	3564	
0	0	0	0	0	3589	
0	0	0	0	0	3583	
0	0	0	0	0	3586	
0	0	0	0	0	3589	
0	0	0	0	0	3546	
0	0	0	0	0	3577	
0	0	0	0	0	3562	
0	0	0	0	0	3636	
0	0	0	0	0	3696	
0	0	0	0	0	3565	
0	0	0	0	0	3597	
0	0	0	0	0	3590	
0	0	0	0	0	3592	
0	0	0	0	0	3556	
0	0	0	0	0	3550	
0	0	0	0	0	3593	
0	0	0	0	0	3575	
0	0	0	0	0	3608	
0	0	0	0	0	3649	
0	0	0	0	0	3589	
0	0	0	0	0	3562	
0	0	0	0	0	3573	
0	0	0	0	0	3639	
0	0	0	0	0	3590	
0	0	0	0	0	3949	
0	0	0	0	0	3898	
0	0	0	0	0	3769	
0	0	0	0	0	3621	
0	0	0	0	0	3674	
0	0	0	0	0	3588	
0	0	0	0	0	3546	
0	0	0	0	0	3579	
0	0	0	0	0	3576	
0	0	0	0	0	3563	
0	0	0	0	0	3579	
0	0	0	0	0	3559	
0	0	0	0	0	3580	
0	0	0	0	0	3585	
0	0	0	0	0	3573	
0	0	0	0	0	3584	
0	0	0	0	0	3545	
0	0	0	0	0	3564	
0	0	0	0	0	3583	
0	0	0	0	0	3589	
0	0	0	0	0	3582	
0	0	0	0	0	3594	
0	0	0	0	0	3577	
0	0	0	0	0	3809	
0	0	0	0	0	4827	
0	0	0	0	0	5130	
0	0	0	0	0	5016	
0	0	0	0	0	5153	
0	0	0	0	0	5213	
0	0	0	0	0	5113	
0	0	0	0	0	5296	
0	0	0	0	0	5302	
0	0	0	0	0	5271	
0	0	0	0	0	5347	
0	0	0	0	0	4456	
0	0	0	0	0	4930	
0	0	0	0	0	4947	
0	0	0	0	0	4988	
0	0	0	0	0	5049	
0	0	0	0	0	4942	
0	0	0	0	0	4998	
0	0	0	0	0	5004	
0	0	0	0	0	4963	
0	0	0	0	0	4979	
0	0	0	0	0	4155	
0	0	0	0	0	3569	
0	0	0	0	0	3815	
0	0	0	0	0	3669	
0	0	0	0	0	3774	
0	0	0	0	0	3929	
0	0	0	0	0	4793	
0	0	0	0	0	5019	
0	0	0	0	0	4425	
0	0	0	0	0	4843	
0	0	0	0	0	4609	
0	0	0	0	0	4978	
0	0	0	0	0	4944	
0	0	0	0	0	4984	
0	0	0	0	0	5009	
0	0	0	0	0	4977	
0	0	0	0	0	4959	
0	0	0	0	0	5003	
0	0	0	0	0	4916	
0	0	0	0	0	4900	
0	0	0	0	0	4165	
0	0	0	0	0	3586	
0	0	0	0	0	3587	
0	0	0	0	0	3578	
0	0	0	0	0	3591	
0	0	0	0	0	3549	
0	0	0	0	0	3572	
0	0	0	0	0	3612	
0	0	0	0	0	3599	
0	0	0	0	0	3595	
0	0	0	0	0	3655	
0	0	0	0	0	3601	
0	0	0	0	0	3590	
0	0	0	0	0	3579	
0	0	0	0	0	3561	
0	0	0	0	0	3555	
0	0	0	0	0	3602	
0	0	0	0	0	3607	
0	0	0	0	0	3586	
0	0	0	0	0	3585	
0	0	0	0	0	3801	
0	0	0	0	0	3782	
0	0	0	0	0	3584	
0	0	0	0	0	3650	
0	0	0	0	0	3578	
0	0	0	0	0	3609	
0	0	0	0	0	3574	
0	0	0	0	0	4639	
0	0	0	0	0	5082	
0	0	0	0	0	4938	
0	0	0	0	0	4992	
0	0	0	0	0	5280	
0	0	0	0	0	5272	
0	0	0	0	0	5245	
0	0	0	0	0	5265	
0	0	0	0	0	4040	
0	0	0	0	0	3566	
0	0	0	0	0	3553	
0	0	0	0	0	3601	
0	0	0	0	0	3583	
0	0	0	0	0	3583	
0	0	0	0	0	3560	
0	0	0	0	0	3557	
0	0	0	0	0	3593	
0	0	0	0	0	3587	
0	0	0	0	0	3574	
0	0	0	0	0	3576	
0	0	0	0	0	3807	
0	0	0	0	0	3585	
0	0	0	0	0	3572	
0	0	0	0	0	3586	
0	0	0	0	0	3682	
0	0	0	0	0	3713	
0	0	0	0	0	3560	
0	0	0	0	0	3577	
0	0	0	0	0	3590	
0	0	0	0	0	3584	
0	0	0	0	0	3576	
0	0	0	0	0	3560	
0	0	0	0	0	3654	
0	0	0	0	0	3566	
0	0	0	0	0	3566	
0	0	0	0	0	3589	
0	0	0	0	0	3686	
0	0	0	0	0	3682	
0	0	0	0	0	3602	
0	0	0	0	0	3575	
0	0	0	0	0	3567	
0	0	0	0	0	3559	
0	0	0	0	0	3629	
0	0	0	0	0	3586	
0	0	0	0	0	3578	
0	0	0	0	0	3578	
0	0	0	0	0	3539	
0	0	0	0	0	3652	
0	0	0	0	0	3584	
0	0	0	0	0	3576	
0	0	0	0	0	3745	
0	0	0	0	0	3543	
0	0	0	0	0	3766	
0	0	0	0	0	3584	
0	0	0	0	0	3646	
0	0	0	0	0	3842	
0	0	0	0	0	3730	
0	0	0	0	0	3854	
0	0	0	0	0	3714	
0	0	0	0	0	3571	
0	0	0	0	0	3585	
0	0	0	0	0	3545	
0	0	0	0	0	3581	
0	0	0	0	0	3644	
0	0	0	0	0	3576	
0	0	0	0	0	3589	
0	0	0	0	0	3602	
0	0	0	0	0	3595	
0	0	0	0	0	3585	
0	0	0	0	0	3589	
0	0	0	0	0	3681	
0	0	0	0	0	3520	
0	0	0	0	0	3580	
0	0	0	0	0	4328	
0	0	0	0	0	4966	
0	0	0	0	0	4965	
0	0	0	0	0	4990	
0	0	0	0	0	5030	
0	0	0	0	0	4961	
0	0	0	0	0	4903	
0	0	0	0	0	5050	
0	0	0	0	0	4153	
0	0	0	0	0	3749	
0	0	0	0	0	3736	
0	0	0	0	0	3671	
0	0	0	0	0	3719	
0	0	0	0	0	3694	
0	0	0	0	0	3691	
0	0	0	0	0	3915	
0	0	0	0	0	4670	
0	0	0	0	0	4941	
0	0	0	0	0	4948	
0	0	0	0	0	4925	
0	0	0	0	0	4929	
0	0	0	0	0	4962	
0	0	0	0	0	4971	
0	0	0	0	0	4978	
0	0	0	0	0	5022	
0	0	0	0	0	4970	
0	0	0	0	0	4961	
0	0	0	0	0	4919	
0	0	0	0	0	4954	
0	0	0	0	0	4937	
0	0	0	0	0	4193	
0	0	0	0	0	3548	
0	0	0	0	0	4491	
0	0	0	0	0	5202	
0	0	0	0	0	5276	
0	0	0	0	0	4548	
0	0	0	0	0	3572	
0	0	0	0	0	3552	
0	0	0	0	0	3574	
0	0	0	0	0	3576	
0	0	0	0	0	4325	
0	0	0	0	0	4997	
0	0	0	0	0	5009	
0	0	0	0	0	4993	
0	0	0	0	0	5005	
0	0	0	0	0	4991	
0	0	0	0	0	4999	
0	0	0	0	0	4935	
0	0	0	0	0	5129	
0	0	0	0	0	5014	
0	0	0	0	0	4186	
0	0	0	0	0	3557	
0	0	0	0	0	3576	
0	0	0	0	0	3571	
0	0	0	0	0	3578	
0	0	0	0	0	3572	
0	0	0	0	0	3559	
0	0	0	0	0	3635	
0	0	0	0	0	3716	
0	0	0	0	0	3606	
0	0	0	0	0	3602	
0	0	0	0	0	3532	
0	0	0	0	0	3585	
0	0	0	0	0	3578	
0	0	0	0	0	3583	
0	0	0	0	0	4170	
0	0	0	0	0	5030	
0	0	0	0	0	5152	
0	0	0	0	0	5162	
0	0	0	0	0	5042	
0	0	0	0	0	5154	
0	0	0	0	0	5204	
0	0	0	0	0	5209	
0	0	0	0	0	5119	
0	0	0	0	0	5099	
0	0	0	0	0	5125	
0	0	0	0	0	5191	
0	0	0	0	0	5146	
0	0	0	0	0	5184	
0	0	0	0	0	5221	
0	0	0	0	0	4337	
0	0	0	0	0	3804	
0	0	0	0	0	3731	
0	0	0	0	0	3797	
0	0	0	0	0	3920	
0	0	0	0	0	3998	
0	0	0	0	0	3710	
0	0	0	0	0	3750	
0	0	0	0	0	3745	
0	0	0	0	0	3900	
0	0	0	0	0	3833	
0	0	0	0	0	3721	
0	0	0	0	0	3706	
0	0	0	0	0	4244	
0	0	0	0	0	4927	
0	0	0	0	0	4912	
0	0	0	0	0	4937	
0	0	0	0	0	4290	
0	0	0	0	0	3829	
0	0	0	0	0	4751	
0	0	0	0	0	4653	
0	0	0	0	0	5016	
0	0	0	0	0	4927	
0	0	0	0	0	5074	
0	0	0	0	0	5220	
0	0	0	0	0	5110	
0	0	0	0	0	5077	
0	0	0	0	0	5268	
0	0	0	0	0	5074	
0	0	0	0	0	5108	
0	0	0	0	0	5060	
0	0	0	0	0	4911	
0	0	0	0	0	5020	
0	0	0	0	0	5183	
0	0	0	0	0	5244	
0	0	0	0	0	5259	
0	0	0	0	0	5259	
0	0	0	0	0	5210	
0	0	0	0	0	5240	
0	0	0	0	0	5081	
0	0	0	0	0	5201	
0	0	0	0	0	5265	
0	0	0	0	0	5241	
0	0	0	0	0	4468	
0	0	0	0	0	3528	
0	0	0	0	0	3599	
0	0	0	0	0	4250	
0	0	0	0	0	5245	
0	0	0	0	0	5214	
0	0	0	0	0	5183	
0	0	0	0	0	5270	
0	0	0	0	0	5149	
0	0	0	0	0	5023	
0	0	0	0	0	4994	
0	0	0	0	0	5086	
0	0	0	0	0	5265	
0	0	0	0	0	5252	
0	0	0	0	0	5270	
0	0	0	0	0	5269	
0	0	0	0	0	5209	
0	0	0	0	0	5262	
0	0	0	0	0	5258	
0	0	0	0	0	5238	
0	0	0	0	0	5072	
0	0	0	0	0	4896	
0	0	0	0	0	5068	
0	0	0	0	0	5097	
0	0	0	0	0	5279	
0	0	0	0	0	5254	
0	0	0	0	0	5236	
0	0	0	0	0	4269	
0	0	0	0	0	3842	
0	0	0	0	0	3734	
0	0	0	0	0	3691	
0	0	0	0	0	3816	
0	0	0	0	0	3678	
0	0	0	0	0	3705	
0	0	0	0	0	3917	
0	0	0	0	0	3717	
0	0	0	0	0	3943	
0	0	0	0	0	3676	
0	0	0	0	0	3731	
0	0	0	0	0	3961	
0	0	0	0	0	3701	
0	0	0	0	0	3787	
0	0	0	0	0	3698	
0	0	0	0	0	3792	
0	0	0	0	0	3993	
0	0	0	0	0	4135	
0	0	0	0	0	3677	
0	0	0	0	0	3678	
0	0	0	0	0	3677	
0	0	0	0	0	3692	
0	0	0	0	0	3669	
0	0	0	0	0	3678	
0	0	0	0	0	3702	
0	0	0	0	0	3679	
0	0	0	0	0	3922	
0	0	0	0	0	3720	
0	0	0	0	0	3681	
0	0	0	0	0	3707	
0	0	0	0	0	3751	
0	0	0	0	0	3721	
0	0	0	0	0	3814	
0	0	0	0	0	3703	
0	0	0	0	0	3714	
0	0	0	0	0	3790	
0	0	0	0	0	3936	
0	0	0	0	0	3883	
0	0	0	0	0	3667	
0	0	0	0	0	3716	
0	0	0	0	0	3803	
0	0	0	0	0	3744	
0	0	0	0	0	3811	
0	0	0	0	0	3751	
0	0	0	0	0	3714	
0	0	0	0	0	3931	
0	0	0	0	0	3817	
0	0	0	0	0	3886	
0	0	0	0	0	3676	
0	0	0	0	0	3707	
0	0	0	0	0	3802	
0	0	0	0	0	3858	
0	0	0	0	0	3692	
0	0	0	0	0	3677	
0	0	0	0	0	4015	
0	0	0	0	0	3829	
0	0	0	0	0	3832	
0	0	0	0	0	3780	
0	0	0	0	0	3699	
0	0	0	0	0	3709	
0	0	0	0	0	3780	
0	0	0	0	0	3729	
0	0	0	0	0	3755	
0	0	0	0	0	3697	
0	0	0	0	0	3960	
0	0	0	0	0	3784	
0	0	0	0	0	3706	
0	0	0	0	0	3762	
0	0	0	0	0	3714	
0	0	0	0	0	3786	
0	0	0	0	0	3926	
0	0	0	0	0	3812	
0	0	0	0	0	3701	
0	0	0	0	0	3707	
0	0	0	0	0	3891	
0	0	0	0	0	3712	
0	0	0	0	0	3766	
0	0	0	0	0	3685	
0	0	0	0	0	3692	
0	0	0	0	0	3900	
0	0	0	0	0	3884	
0	0	0	0	0	3976	
0	0	0	0	0	3708	
0	0	0	0	0	3724	
0	0	0	0	0	3778	
0	0	0	0	0	3694	
0	0	0	0	0	4421	
0	0	0	0	0	4930	
0	0	0	0	0	4921	
0	0	0	0	0	4219	
0	0	0	0	0	3905	
0	0	0	0	0	4114	
0	0	0	0	0	5081	
0	0	0	0	0	5194	
0	0	0	0	0	5142	
0	0	0	0	0	5057	
0	0	0	0	0	5177	
0	0	0	0	0	5116	
0	0	0	0	0	5093	
0	0	0	0	0	5128	
0	0	0	0	0	5228	
0	0	0	0	0	5226	
0	0	0	0	0	5125	
0	0	0	0	0	5157	
0	0	0	0	0	5241	
0	0	0	0	0	3527	
0	0	0	0	0	3557	
0	0	0	0	0	3544	
0	0	0	0	0	3566	
0	0	0	0	0	4211	
0	0	0	0	0	5100	
0	0	0	0	0	5007	
0	0	0	0	0	5170	
0	0	0	0	0	5059	
0	0	0	0	0	4502	
0	0	0	0	0	4682	
0	0	0	0	0	5083	
0	0	0	0	0	5178	
0	0	0	0	0	5085	
0	0	0	0	0	4954	
0	0	0	0	0	5072	
0	0	0	0	0	5141	
0	0	0	0	0	5241	
0	0	0	0	0	5140	
0	0	0	0	0	5069	
0	0	0	0	0	5115	
0	0	0	0	0	5114	
0	0	0	0	0	5107	
0	0	0	0	0	4977	
0	0	0	0	0	5206	
0	0	0	0	0	5130	
0	0	0	0	0	5182	
0	0	0	0	0	5143	
0	0	0	0	0	5213	
0	0	0	0	0	5108	
0	0	0	0	0	5026	
0	0	0	0	0	5020	
0	0	0	0	0	5131	
0	0	0	0	0	5086	
0	0	0	0	0	5110	
0	0	0	0	0	5145	
0	0	0	0	0	5194	
0	0	0	0	0	5108	
0	0	0	0	0	4951	
0	0	0	0	0	5100	
0	0	0	0	0	5130	
0	0	0	0	0	5076	
0	0	0	0	0	4993	
0	0	0	0	0	4153	
0	0	0	0	0	4285	
0	0	0	0	0	3924	
0	0	0	0	0	3639	
0	0	0	0	0	3661	
0	0	0	0	0	3643	
0	0	0	0	0	3684	
0	0	0	0	0	3652	
0	0	0	0	0	3630	
0	0	0	0	0	3666	
0	0	0	0	0	3947	
0	0	0	0	0	4052	
0	0	0	0	0	3716	
0	0	0	0	0	3674	
0	0	0	0	0	3673	
0	0	0	0	0	3990	
0	0	0	0	0	3717	
0	0	0	0	0	3824	
0	0	0	0	0	3844	
0	0	0	0	0	4011	
0	0	0	0	0	3759	
0	0	0	0	0	3664	
0	0	0	0	0	4767	
0	0	0	0	0	4846	
0	0	0	0	0	4865	
0	0	0	0	0	4355	
0	0	0	0	0	3619	
0	0	0	0	0	3864	
0	0	0	0	0	3955	
0	0	0	0	0	3798	
0	0	0	0	0	4012	
0	0	0	0	0	3782	
0	0	0	0	0	3773	
0	0	0	0	0	3953	
0	0	0	0	0	4025	
0	0	0	0	0	4102	
0	0	0	0	0	3685	
0	0	0	0	0	3880	
0	0	0	0	0	3881	
0	0	0	0	0	3864	
0	0	0	0	0	3871	
0	0	0	0	0	3866	
0	0	0	0	0	4014	
0	0	0	0	0	3700	
0	0	0	0	0	3705	
393	0	0	0	0	9736	
2235	0	0	0	0	27661	
3683	0	0	0	0	28092	
5126	0	0	0	0	28203	
5512	0	0	0	0	27671	
6347	0	0	0	0	27700	
6743	0	0	0	0	26382	
7648	0	0	0	0	26689	
8391	0	0	0	0	25388	
8965	0	0	0	0	23856	
6528	0	0	0	0	14928	
0	0	0	0	0	0	
0	0	0	0	0	0	
0	0	0	0	0	0	
0	0	0	0	0	0	
2366	0	0	0	0	4737	
10883	0	0	0	0	20545	
11603	0	0	0	0	17676	
11037	0	0	0	0	13923	
10725	0	0	0	0	11722	
10879	0	0	0	0	10187	
10915	0	0	0	0	9104	
10714	0	0	0	0	7528	
11619	0	0	0	0	7421	
11033	0	0	0	0	6099	
12002	0	0	0	0	5789	
11366	0	0	0	0	4814	
11629	0	0	0	0	4268	
11488	0	0	0	0	3921	
11569	0	0	0	0	3497	
11810	0	0	0	0	3266	
11689	0	0	0	0	3101	
11717	0	0	0	0	2768	
11837	0	0	0	0	2492	
11992	0	0	0	0	2315	
11936	0	0	0	0	2298	
11306	0	0	0	0	1976	
11865	0	0	0	0	1955	
11640	0	0	0	0	1776	
11963	0	0	0	0	1699	
11424	0	0	0	0	1600	
12042	0	0	0	0	1573	
11220	0	0	0	0	1446	
11817	0	0	0	0	1388	
11736	0	0	0	0	1342	
11927	0	0	0	0	1238	
11410	0	0	0	0	1164	
11446	0	0	0	0	1122	
11616	0	0	0	0	1157	
12379	0	0	0	0	1147	
11514	0	0	0	0	1075	
11400	0	0	0	0	1079	
11587	0	0	0	0	1020	
11599	0	0	0	0	918	
11643	0	0	0	0	923	
11610	0	0	0	0	981	
11793	0	0	0	0	927	
11483	0	0	0	0	846	
11382	0	0	0	0	868	
11548	0	0	0	0	783	
11973	0	0	0	0	761	
11674	0	0	0	0	784	
11637	0	0	0	0	819	
11563	0	0	0	0	740	
11529	0	0	0	0	715	
11646	0	0	0	0	701	
12293	0	0	0	0	745	
11479	0	0	0	0	647	
11927	0	0	0	0	697	
11722	0	0	0	0	676	
11415	0	0	0	0	694	
11637	0	0	0	0	679	
11467	0	0	0	0	676	
11534	0	0	0	0	614	
11293	0	0	0	0	547	
11621	0	0	0	0	609	
11530	0	0	0	0	640	
11951	0	0	0	0	618	
11779	0	0	0	0	582	
11040	0	0	0	0	523	
12051	0	0	0	0	524	
11621	0	0	0	0	604	
11594	0	0	0	0	524	
11310	0	0	0	0	541	
11527	0	0	0	0	508	
11464	0	0	0	0	555	
11426	0	0	0	0	487	
11479	0	0	0	0	532	
11766	0	0	0	0	522	
11829	0	0	0	0	510	
10952	0	0	0	0	450	
11819	0	0	0	0	487	
11641	0	0	0	0	435	
11850	0	0	0	0	475	
11505	0	0	0	0	443	
11829	0	0	0	0	483	
12384	0	0	0	0	390	
12696	0	0	0	0	457	
11454	0	0	0	0	487	
11360	0	0	0	0	431	
11618	0	0	0	0	416	
12229	0	0	0	0	474	
11951	0	0	0	0	457	
11451	0	0	0	0	401	
11514	0	0	0	0	430	
11555	0	0	0	0	452	
12029	0	0	0	0	464	
11704	0	0	0	0	385	
11493	0	0	0	0	454	
11981	0	0	0	0	373	
11730	0	0	0	0	398	
11764	0	0	0	0	373	
11673	0	0	0	0	382	
12290	0	0	0	0	401	
11650	0	0	0	0	407	
11434	0	0	0	0	415	
11575	0	0	0	0	326	
11653	0	0	0	0	361	
11501	0	0	0	0	351	
11573	0	0	0	0	330	
11452	0	0	0	0	315	
11870	0	0	0	0	351	
11629	0	0	0	0	423	
11461	0	0	0	0	361	
12006	0	0	0	0	361	
12080	0	0	0	0	355	
11593	0	0	0	0	380	
11440	0	0	0	0	355	
11673	0	0	0	0	376	
11546	0	0	0	0	330	
10884	0	0	0	0	325	
11497	0	0	0	0	282	
11941	0	0	0	0	325	
11672	0	0	0	0	316	
12116	0	0	0	0	328	
11915	0	0	0	0	354	
11841	0	0	0	0	315	
11749	0	0	0	0	317	
11826	0	0	0	0	285	
11562	0	0	0	0	322	
11329	0	0	0	0	294	
11890	0	0	0	0	320	
11985	0	0	0	0	314	
12041	0	0	0	0	280	
11692	0	0	0	0	282	
11396	0	0	0	0	296	
11736	0	0	0	0	319	
11619	0	0	0	0	298	
11666	0	0	0	0	264	
11795	0	0	0	0	322	
11394	0	0	0	0	294	
11434	0	0	0	0	295	
11566	0	0	0	0	262	
11979	0	0	0	0	322	
11511	0	0	0	0	267	
11823	0	0	0	0	275	
11271	0	0	0	0	251	
11860	0	0	0	0	265	
11670	0	0	0	0	273	
11623	0	0	0	0	278	
11495	0	0	0	0	268	
11866	0	0	0	0	238	
11436	0	0	0	0	261	
12025	0	0	0	0	304	
11684	0	0	0	0	242	
11890	0	0	0	0	304	
11966	0	0	0	0	247	
11356	0	0	0	0	240	
11843	0	0	0	0	233	
12229	0	0	0	0	287	
11991	0	0	0	0	290	
11401	0	0	0	0	248	
11520	0	0	0	0	259	
11614	0	0	0	0	239	
11210	0	0	0	0	239	
12164	0	0	0	0	287	
12023	0	0	0	0	273	
11782	0	0	0	0	208	
11882	0	0	0	0	283	
12689	0	0	0	0	275	
12133	0	0	0	0	261	
11574	0	0	0	0	252	
11623	0	0	0	0	226	
12224	0	0	0	0	260	
12796	0	0	0	0	253	
11697	0	0	0	0	182	
12213	0	0	0	0	273	
11553	0	0	0	0	226	
11157	0	0	0	0	222	
12080	0	0	0	0	221	
12233	0	0	0	0	248	
12095	0	0	0	0	227	
11934	0	0	0	0	232	
12301	0	0	0	0	261	
11975	0	0	0	0	238	
11767	0	0	0	0	207	
12657	0	0	0	0	276	
13292	0	0	0	0	253	
12835	0	0	0	0	244	
12918	0	0	0	0	215	
13065	0	0	0	0	243	
13725	0	0	0	0	236	
12964	0	0	0	0	204	
13332	0	0	0	0	231	
13423	0	0	0	0	219	
13277	0	0	0	0	216	
13460	0	0	0	0	298	
13622	0	0	0	0	246	
13108	0	0	0	0	257	
13741	0	0	0	0	230	
13412	0	0	0	0	241	
13484	0	0	0	0	234	
13489	0	0	0	0	218	
13353	0	0	0	0	250	
13407	0	0	0	0	247	
12593	0	0	0	0	230	
13343	0	0	0	0	280	
13545	0	0	0	0	214	
13027	0	0	0	0	215	
13079	0	0	0	0	220	
12868	0	0	0	0	253	
13037	0	0	0	0	197	
13326	0	0	0	0	264	
12751	0	0	0	0	208	
12244	0	0	0	0	211	
12730	0	0	0	0	234	
13031	0	0	0	0	194	
12678	0	0	0	0	181	
12208	0	0	0	0	181	
12940	0	0	0	0	260	
12406	0	0	0	0	202	
12967	0	0	0	0	199	
13240	0	0	0	0	229	
13581	0	0	0	0	186	
12878	0	0	0	0	204	
12373	0	0	0	0	213	
13437	0	0	0	0	204	
13672	0	0	0	0	192	
13360	0	0	0	0	178	
13200	0	0	0	0	262	
12477	0	0	0	0	201	
12670	0	0	0	0	201	
13340	0	0	0	0	183	
13099	0	0	0	0	172	
13280	0	0	0	0	197	
13582	0	0	0	0	142	
13479	0	0	0	0	198	
12845	0	0	0	0	187	
12261	0	0	0	0	228	
13251	0	0	0	0	155	
13655	0	0	0	0	182	
12850	0	0	0	0	184	
13050	0	0	0	0	172	
13037	0	0	0	0	188	
12579	0	0	0	0	193	
13182	0	0	0	0	167	
13460	0	0	0	0	172	
13599	0	0	0	0	160	
13566	0	0	0	0	191	
13448	0	0	0	0	226	
13049	0	0	0	0	190	
13100	0	0	0	0	172	
13499	0	0	0	0	160	
12404	0	0	0	0	159	
13110	0	0	0	0	184	
12544	0	0	0	0	164	
13125	0	0	0	0	154	
12431	0	0	0	0	187	
12878	0	0	0	0	188	
13127	0	0	0	0	162	
13128	0	0	0	0	182	
12999	0	0	0	0	165	
13077	0	0	0	0	211	
12663	0	0	0	0	133	
12483	0	0	0	0	189	
12924	0	0	0	0	143	
12155	0	0	0	0	156	
12520	0	0	0	0	160	
12329	0	0	0	0	150	
12313	0	0	0	0	147	
13150	0	0	0	0	197	
12975	0	0	0	0	147	
13062	0	0	0	0	151	
12627	0	0	0	0	154	
13088	0	0	0	0	147	
13361	0	0	0	0	185	
13273	0	0	0	0	151	
11989	0	0	0	0	132	
12520	0	0	0	0	185	
13368	0	0	0	0	181	
13021	0	0	0	0	138	
13379	0	0	0	0	175	
13298	0	0	0	0	139	
13516	0	0	0	0	162	
13105	0	0	0	0	189	
13288	0	0	0	0	133	
12716	0	0	0	0	154	
12644	0	0	0	0	146	
13391	0	0	0	0	153	
13141	0	0	0	0	159	
13343	0	0	0	0	143	
13049	0	0	0	0	147	
13363	0	0	0	0	133	
12702	0	0	0	0	165	
12341	0	0	0	0	170	
13218	0	0	0	0	149	
12922	0	0	0	0	122	
12519	0	0	0	0	166	
12661	0	0	0	0	150	
13665	0	0	0	0	166	
13559	0	0	0	0	182	
12779	0	0	0	0	165	
13188	0	0	0	0	126	
13256	0	0	0	0	156	
12257	0	0	0	0	143	
13247	0	0	0	0	157	
12774	0	0	0	0	151	
13327	0	0	0	0	149	
12619	0	0	0	0	129	
12642	0	0	0	0	124	
12096	0	0	0	0	165	
13514	0	0	0	0	136	
13095	0	0	0	0	135	
13105	0	0	0	0	119	
12888	0	0	0	0	127	
13399	0	0	0	0	136	
13466	0	0	0	0	141	
12633	0	0	0	0	135	
12917	0	0	0	0	164	
12709	0	0	0	0	144	
12633	0	0	0	0	138	
12892	0	0	0	0	166	
12628	0	0	0	0	159	
13228	0	0	0	0	133	
12289	0	0	0	0	143	
12382	0	0	0	0	158	
12978	0	0	0	0	169	
13039	0	0	0	0	101	
12493	0	0	0	0	119	
12551	0	0	0	0	152	
11937	0	0	0	0	118	
12686	0	0	0	0	145	
13070	0	0	0	0	126	
12810	0	0	0	0	148	
12874	0	0	0	0	156	
13042	0	0	0	0	107	
13617	0	0	0	0	126	
12901	0	0	0	0	136	
13588	0	0	0	0	151	
13157	0	0	0	0	148	
13000	0	0	0	0	102	
13057	0	0	0	0	152	
13146	0	0	0	0	152	
13197	0	0	0	0	142	
13380	0	0	0	0	126	
12917	0	0	0	0	122	
13082	0	0	0	0	127	
12930	0	0	0	0	115	
12577	0	0	0	0	161	
12473	0	0	0	0	107	
12036	0	0	0	0	128	
13386	0	0	0	0	142	
13822	0	0	0	0	162	
12439	0	0	0	0	114	
12298	0	0	0	0	122	
13170	0	0	0	0	130	
12324	0	0	0	0	100	
12270	0	0	0	0	103	
12758	0	0	0	0	154	
13401	0	0	0	0	135	
12903	0	0	0	0	138	
12640	0	0	0	0	148	
12678	0	0	0	0	99	
12844	0	0	0	0	97	
12507	0	0	0	0	131	
13242	0	0	0	0	98	
13024	0	0	0	0	104	
13474	0	0	0	0	137	
12765	0	0	0	0	135	
13010	0	0	0	0	103	
12339	0	0	0	0	109	
13125	0	0	0	0	123	
13390	0	0	0	0	123	
13148	0	0	0	0	113	
12633	0	0	0	0	120	
12992	0	0	0	0	115	
13157	0	0	0	0	120	
12602	0	0	0	0	97	
12600	0	0	0	0	108	
12663	0	0	0	0	111	
12800	0	0	0	0	127	
12898	0	0	0	0	125	
12822	0	0	0	0	107	
13230	0	0	0	0	160	
12914	0	0	0	0	121	
13163	0	0	0	0	94	
12597	0	0	0	0	126	
12568	0	0	0	0	133	
12695	0	0	0	0	130	
13799	0	0	0	0	125	
12665	0	0	0	0	139	
12981	0	0	0	0	91	
13011	0	0	0	0	96	
13438	0	0	0	0	126	
12768	0	0	0	0	124	
13114	0	0	0	0	140	
13200	0	0	0	0	104	
12896	0	0	0	0	107	
12837	0	0	0	0	99	
12122	0	0	0	0	82	
12071	0	0	0	0	113	
13123	0	0	0	0	143	
12651	0	0	0	0	137	
12837	0	0	0	0	117	
10625	0	0	0	0	76	
12639	0	0	0	0	86	
11950	0	0	0	0	84	
13159	0	0	0	0	125	
12740	0	0	0	0	112	
13137	0	0	0	0	112	
12636	0	0	0	0	82	
12718	0	0	0	0	85	
12779	0	0	0	0	107	
12965	0	0	0	0	112	
13007	0	0	0	0	111	
11733	0	0	0	0	91	
12127	0	0	0	0	98	
11624	0	0	0	0	103	
12694	0	0	0	0	137	
13430	0	0	0	0	114	
11550	0	0	0	0	100	
11845	0	0	0	0	72	
13139	0	0	0	0	101	
12759	0	0	0	0	116	
11827	0	0	0	0	126	
13348	0	0	0	0	144	
11181	0	0	0	0	98	
12133	0	0	0	0	116	
12019	0	0	0	0	100	
10640	0	0	0	0	96	
11547	0	0	0	0	78	
12759	0	0	0	0	122	
11722	0	0	0	0	111	
12167	0	0	0	0	86	
12561	0	0	0	0	111	
13640	0	0	0	0	119	
11881	0	0	0	0	106	
12602	0	0	0	0	87	
12197	0	0	0	0	109	
10755	0	0	0	0	66	
10186	0	0	0	0	76	
12313	0	0	0	0	113	
11354	0	0	0	0	91	
13121	0	0	0	0	120	
13387	0	0	0	0	92	
11073	0	0	0	0	107	
12309	0	0	0	0	82	
10610	0	0	0	0	67	
13060	0	0	0	0	100	
12215	0	0	0	0	87	
11187	0	0	0	0	121	
12464	0	0	0	0	122	
11680	0	0	0	0	125	
11199	0	0	0	0	75	
11876	0	0	0	0	113	
9509	0	0	0	0	60	
12604	0	0	0	0	85	
11163	0	0	0	0	67	
10746	0	0	0	0	100	
12349	0	0	0	0	115	
12774	0	0	0	0	72	
11856	0	0	0	0	87	
11558	0	0	0	0	79	
12257	0	0	0	0	111	
9664	0	0	0	0	67	
11108	0	0	0	0	98	
12146	0	0	0	0	108	
11479	0	0	0	0	85	
11705	0	0	0	0	106	
11537	0	0	0	0	87	
11895	0	0	0	0	119	
10394	0	0	0	0	74	
11177	0	0	0	0	99	
8502	0	0	0	0	73	
10186	0	0	0	0	86	
11414	0	0	0	0	96	
13375	0	0	0	0	108	
12710	0	0	0	0	87	
10378	0	0	0	0	80	
12495	0	0	0	0	101	
10406	0	0	0	0	95	
13324	0	0	0	0	105	
11680	0	0	0	0	78	
12197	0	0	0	0	96	
10828	0	0	0	0	62	
13078	0	0	0	0	119	
10292	0	0	0	0	96	
11737	0	0	0	0	95	
9517	0	0	0	0	83	
11102	0	0	0	0	66	
10990	0	0	0	0	60	
9588	0	0	0	0	64	
12084	0	0	0	0	108	
12675	0	0	0	0	106	
9417	0	0	0	0	91	
12099	0	0	0	0	95	
10188	0	0	0	0	74	
11121	0	0	0	0	63	
9496	0	0	0	0	73	
12287	0	0	0	0	76	
12353	0	0	0	0	86	
11091	0	0	0	0	96	
8696	0	0	0	0	88	
10570	0	0	0	0	96	
9433	0	0	0	0	77	
11720	0	0	0	0	72	
12949	0	0	0	0	124	
9326	0	0	0	0	75	
13385	0	0	0	0	113	
11643	0	0	0	0	88	
12193	0	0	0	0	103	
11056	0	0	0	0	88	
10530	0	0	0	0	71	
9835	0	0	0	0	85	
10539	0	0	0	0	69	
10851	0	0	0	0	70	
13305	0	0	0	0	115	
11261	0	0	0	0	73	
13221	0	0	0	0	116	
11002	0	0	0	0	59	
12243	0	0	0	0	90	
12347	0	0	0	0	90	
10208	0	0	0	0	74	
13144	0	0	0	0	71	
12854	0	0	0	0	125	
13086	0	0	0	0	106	
11277	0	0	0	0	105	
11810	0	0	0	0	107	
9687	0	0	0	0	68	
10327	0	0	0	0	64	
11348	0	0	0	0	91	
10239	0	0	0	0	65	
9130	0	0	0	0	69	
9204	0	0	0	0	75	
10014	0	0	0	0	57	
10051	0	0	0	0	77	
11520	0	0	0	0	81	
12905	0	0	0	0	99	
11977	0	0	0	0	109	
9782	0	0	0	0	69	
12717	0	0	0	0	125	
11976	0	0	0	0	82	
10943	0	0	0	0	115	
12163	0	0	0	0	83	
10347	0	0	0	0	47	
10830	0	0	0	0	61	
9252	0	0	0	0	77	
11259	0	0	0	0	90	
12569	0	0	0	0	68	
10120	0	0	0	0	93	
11591	0	0	0	0	92	
10957	0	0	0	0	113	
10801	0	0	0	0	68	
13387	0	0	0	0	109	
11274	0	0	0	0	80	
12402	0	0	0	0	84	
11057	0	0	0	0	58	
13072	0	0	0	0	94	
11602	0	0	0	0	60	
12728	0	0	0	0	85	
12716	0	0	0	0	80	
9858	0	0	0	0	66	
10677	0	0	0	0	77	
6840	0	0	0	0	55	
10315	0	0	0	0	86	
12252	0	0	0	0	113	
12031	0	0	0	0	61	
10946	0	0	0	0	101	
10717	0	0	0	0	65	
11529	0	0	0	0	112	
11297	0	0	0	0	91	
12050	0	0	0	0	76	
11050	0	0	0	0	78	
11020	0	0	0	0	56	
12256	0	0	0	0	101	
12135	0	0	0	0	113	
12646	0	0	0	0	76	
12819	0	0	0	0	97	
11587	0	0	0	0	106	
13484	0	0	0	0	100	
12246	0	0	0	0	89	
12342	0	0	0	0	87	
9040	0	0	0	0	75	
12771	0	0	0	0	116	
10579	0	0	0	0	59	
10603	0	0	0	0	43	
11800	0	0	0	0	89	
12199	0	0	0	0	83	
10818	0	0	0	0	66	
10761	0	0	0	0	58	
11200	0	0	0	0	65	
9449	0	0	0	0	90	
12055	0	0	0	0	98	
9779	0	0	0	0	63	
11965	0	0	0	0	110	
13535	0	0	0	0	81	
11110	0	0	0	0	65	
12286	0	0	0	0	108	
9257	0	0	0	0	88	
12173	0	0	0	0	79	
13421	0	0	0	0	93	
12478	0	0	0	0	92	
10475	0	0	0	0	102	
11620	0	0	0	0	70	
11548	0	0	0	0	88	
8290	1	0	0	0	40	
2742	0	0	0	0	0	
0	0	0	0	0	0	
0	0	0	0	0	0	
0	0	0	0	0	0	
0	0	0	0	0	0	
108	0	1	0	1	1	
0	0	1	0	1	1	
22	0	1	0	1	1	
213	0	2	0	2	2	
461	0	1	0	1	1	
0	0	2	0	2	2	
49	0	2	0	2	2	
117	0	1	0	1	1	
0	0	2	0	2	2	
4	0	1	0	1	1	
521	0	1	0	1	1	
116	0	1	0	1	1	
268	0	2	0	2	2	
0	0	2	0	2	2	
92	0	2	0	2	2	
0	0	1	0	1	1	
1172	0	2	0	2	2	
294	0	2	0	2	2	
1479	0	1	0	1	1	
139	0	2	0	2	2	
395	0	1	0	1	1	
524	0	2	0	2	2	
701	0	2	0	2	2	
414	0	2	0	2	2	
383	0	1	0	1	1	
0	0	2	0	2	2	
934	0	2	0	2	2	
1305	0	2	0	2	2	
350	0	1	0	1	1	
265	0	2	0	2	2	
10	0	1	0	1	1	
801	0	2	0	2	2	
257	0	2	0	2	2	
475	0	1	0	1	1	
1670	0	2	0	2	2	
42	0	1	0	1	1	
211	0	2	0	2	2	
1361	0	1	0	1	1	
270	0	2	0	2	2	
286	0	1	0	1	1	
819	0	2	0	2	2	
786	0	2	0	2	2	
837	0	1	0	1	1	
1031	0	2	0	2	2	
1541	0	2	0	2	2	
974	0	2	0	2	2	
1479	0	1	0	1	1	
455	0	2	0	2	2	
12	0	2	0	2	2	
21	0	1	0	1	1	
1738	0	2	0	2	2	
1504	0	2	0	2	2	
2310	0	1	0	1	1	
724	0	2	0	2	2	
357	0	1	0	1	1	
145	0	2	0	2	2	
1203	0	2	0	2	2	
1256	0	1	0	1	2	
152	0	2	0	2	2	
534	0	1	0	1	1	
1318	0	2	0	2	2	
1120	0	1	0	1	1	
243	0	2	0	2	2	
302	0	1	0	1	1	
850	0	2	0	2	2	
630	0	2	0	2	2	
682	0	2	0	2	2	
0	0	1	0	1	1	
411	0	1	0	1	1	
162	0	2	0	2	2	
1027	0	2	0	2	2	
1799	0	2	0	2	2	
694	0	1	0	1	1	
445	0	2	0	2	2	
857	0	2	0	2	4	
1891	0	1	0	1	1	
1006	0	2	0	2	2	
863	0	1	0	1	1	
55	0	1	0	1	1	
1319	0	2	0	2	2	
446	0	2	0	2	2	
1036	0	1	0	1	1	
1302	0	2	0	2	2	
2651	0	2	0	2	2	
99	0	1	0	1	1	
58	0	2	0	2	2	
266	0	2	0	2	2	
2308	0	1	0	1	1	
163	0	1	0	1	1	
679	0	2	0	2	3	
2470	0	2	0	2	3	
2004	0	1	0	1	2	
3060	0	2	0	2	3	
1636	0	2	0	2	2	
1000	0	1	0	1	1	
30	0	1	0	1	1	
884	0	2	0	2	3	
1370	0	1	0	1	2	
479	0	2	0	2	3	
291	0	2	0	2	2	
0	0	2	0	2	2	
195	0	1	0	1	1	
923	0	2	0	2	2	
1103	0	1	0	1	1	
807	0	2	0	2	2	
1161	0	2	0	2	2	
131	0	1	0	1	1	
511	0	2	0	2	2	
1215	0	2	0	2	4	
4	0	1	0	1	1	
868	0	2	0	2	2	
1465	0	2	0	2	2	
241	0	1	0	1	1	
883	0	2	0	2	2	
575	0	1	0	1	1	
32	0	2	0	2	2	
47	0	2	0	2	2	
1183	0	1	0	1	3	
604	0	2	0	2	2	
770	0	1	0	1	1	
2313	0	1	0	1	3	
131	0	2	0	2	2	
898	0	1	0	1	1	
713	0	2	0	2	3	
1327	0	1	0	1	2	
1233	0	2	0	2	2	
1452	0	2	0	2	2	
183	0	1	0	1	1	
301	0	2	0	2	2	
888	0	2	0	2	2	
1414	0	2	0	2	2	
434	0	1	0	1	1	
146	0	2	0	2	2	
283	0	2	0	2	2	
965	0	1	0	1	1	
1399	0	2	0	2	2	
177	0	2	0	2	2	
223	0	1	0	1	2	
1760	0	2	0	2	2	
190	0	2	0	2	2	
889	0	2	0	2	2	
481	0	1	0	1	3	
261	0	1	0	1	1	
517	0	2	0	2	2	
236	0	2	0	2	2	
1116	0	1	0	1	1	
594	0	1	0	1	1	
1239	0	2	0	2	2	
989	0	1	0	1	2	
822	0	2	0	2	2	
2253	0	2	0	2	2	
760	0	1	0	1	1	
322	0	2	0	2	2	
825	0	1	0	1	1	
443	0	2	0	2	3	
1945	0	1	0	1	1	
577	0	2	0	2	2	
1357	0	2	0	2	2	
582	0	2	0	2	2	
257	0	2	0	2	2	
413	0	1	0	1	1	
521	0	2	0	2	3	
82	0	1	0	1	1	
627	0	2	0	2	2	
407	0	2	0	2	3	
667	0	1	0	1	1	
989	0	2	0	2	3	
2629	0	2	0	2	2	
1572	0	2	0	2	2	
423	0	1	0	1	1	
310	0	2	0	2	2	
535	0	2	0	2	2	
151	0	1	0	1	1	
387	0	2	0	2	2	
467	0	2	0	2	3	
1346	0	1	0	1	2	
900	0	1	0	1	1	
0	0	2	0	2	2	
91	0	1	0	1	1	
1102	0	2	0	2	2	
1165	0	1	0	1	1	
587	0	2	0	2	3	
303	0	2	0	2	4	
1924	0	2	0	2	2	
512	0	1	0	1	1	
490	0	2	0	2	2	
943	0	2	0	2	4	
1519	0	2	0	2	4	
658	0	2	0	2	2	
433	0	1	0	1	1	
2325	0	2	0	2	5	
616	0	1	0	1	1	
256	0	2	0	2	2	
525	0	1	0	1	1	
1	0	2	0	2	2	
1088	0	1	0	1	1	
979	0	2	0	2	2	
706	0	2	0	2	2	
8	0	1	0	1	1	
2119	0	2	0	2	7	
3687	0	2	0	2	4	
690	0	1	0	1	1	
133	0	2	0	2	2	
0	0	1	0	1	1	
188	0	2	0	2	3	
375	0	1	0	1	1	
800	0	2	0	2	3	
1318	0	1	0	1	1	
145	0	2	0	2	3	
635	0	1	0	1	1	
966	0	2	0	2	2	
871	0	2	0	2	3	
2600	0	2	0	2	5	
1499	0	1	0	1	1	
3	0	2	0	2	2	
2	0	1	0	1	1	
0	0	2	0	2	2	
5	0	1	0	1	1	
2	0	2	0	2	2	
5	0	2	0	2	2	
2	0	2	0	2	2	
0	0	1	0	1	1	
0	0	2	0	2	2	
12	0	2	0	2	2	
2	0	1	0	1	1	
6	0	2	0	2	2	
6450	0	2	0	2	8	
2199	0	1	0	1	1	
1384	0	2	0	2	3	
185	0	1	0	1	1	
1070	0	1	0	1	3	
637	0	2	0	2	2	
477	0	2	0	2	3	
596	0	1	0	1	4	
498	0	2	0	2	3	
500	0	2	0	2	2	
414	0	1	0	1	1	
0	0	2	0	2	2	
405	0	1	0	1	1	
1674	0	2	0	2	3	
252	0	2	0	2	2	
719	0	1	0	1	1	
1075	0	2	0	2	2	
994	0	2	0	2	3	
5	0	2	0	2	3	
954	0	1	0	1	1	
50	0	2	0	2	2	
251	0	2	0	2	2	
1953	0	2	0	2	2	
2160	0	1	0	1	1	
0	0	2	0	2	2	
401	0	2	0	2	2	
537	0	1	0	1	1	
346	0	2	0	2	2	
288	0	2	0	2	2	
134	0	1	0	1	1	
78	0	2	0	2	2	
331	0	1	0	1	1	
1133	0	2	0	2	2	
15	0	1	0	1	1	
588	0	2	0	2	2	
2885	0	2	0	2	2	
523	0	1	0	1	2	
1603	0	2	0	2	2	
301	0	2	0	2	2	
51	0	2	0	2	3	
44	0	1	0	1	1	
1115	0	2	0	2	2	
2028	0	1	0	1	3	
121	0	2	0	2	2	
1013	0	1	0	1	1	
1421	0	2	0	2	3	
1418	0	1	0	1	1	
548	0	2	0	2	3	
105	0	1	0	1	2	
1106	0	2	0	2	2	
1954	0	2	0	2	4	
4698	0	1	0	1	2	
2654	0	2	0	2	7	
1439	0	1	0	1	2	
1053	0	2	0	2	3	
559	0	1	0	1	2	
1604	0	2	0	2	2	
220	0	2	0	2	2	
141	0	1	0	1	1	
290	0	2	0	2	2	
1201	0	2	0	2	3	
311	0	1	0	1	1	
973	0	2	0	2	5	
441	0	1	0	1	1	
202	0	2	0	2	2	
98	0	1	0	1	1	
933	0	2	0	2	2	
927	0	1	0	1	1	
694	0	2	0	2	4	
1494	0	2	0	2	5	
720	0	1	0	1	2	
994	0	2	0	2	3	
79	0	1	0	1	2	
615	0	2	0	2	2	
209	0	1	0	1	1	
596	0	2	0	2	2	
20	0	2	0	2	2	
1969	0	1	0	1	1	
1862	0	2	0	2	2	
677	0	2	0	2	4	
524	0	1	0	1	2	
771	0	1	0	1	2	
1042	0	2	0	2	4	
22	0	1	0	1	1	
1440	0	2	0	2	3	
2056	0	2	0	2	4	
402	0	1	0	1	2	
354	0	1	0	1	2	
412	0	1	0	1	2	
417	0	2	0	2	2	
475	0	2	0	2	4	
598	0	2	0	2	4	
896	0	1	0	1	1	
464	0	2	0	2	3	
173	0	1	0	1	1	
1187	0	2	0	2	4	
1290	0	2	0	2	5	
1399	0	1	0	1	1	
408	0	2	0	2	3	
274	0	1	0	1	3	
242	0	2	0	2	2	
1351	0	1	0	1	1	
1103	0	2	0	2	2	
3186	0	2	0	2	3	
2260	0	2	0	2	3	
1631	0	1	0	1	1	
1306	0	2	0	2	5	
4488	0	2	0	2	4	
1807	0	2	0	2	4	
2513	0	1	0	1	4	
522	0	1	0	1	1	
769	0	2	0	2	3	
1167	0	2	0	2	2	
582	0	1	0	1	1	
844	0	1	0	1	3	
1105	0	2	0	2	4	
1095	0	1	0	1	3	
729	0	2	0	2	2	
522	0	2	0	2	3	
935	0	1	0	1	2	
2371	0	2	0	2	8	
395	0	2	0	2	2	
619	0	1	0	1	1	
736	0	1	0	1	2	
567	0	2	0	2	4	
2606	0	2	0	2	3	
252	0	1	0	1	2	
554	0	2	0	2	2	
573	0	2	0	2	2	
583	0	2	0	2	2	
262	0	1	0	1	1	
38	0	1	0	1	1	
318	0	2	0	2	2	
208	0	2	0	2	2	
836	0	1	0	1	1	
895	0	2	0	2	4	
1300	0	1	0	1	3	
786	0	2	0	2	2	
2231	0	2	0	2	5	
818	0	1	0	1	1	
2989	0	2	0	2	4	
2273	0	2	0	2	4	
294	0	1	0	1	1	
2637	0	2	0	2	3	
679	0	1	0	1	1	
869	0	2	0	2	2	
1018	0	1	0	1	1	
30	0	2	0	2	2	
1167	0	2	0	2	4	
766	0	2	0	2	2	
1463	0	1	0	1	1	
97	0	2	0	2	2	
516	0	1	0	1	2	
900	0	2	0	2	4	
343	0	2	0	2	3	
469	0	1	0	1	2	
1648	0	2	0	2	8	
359	0	2	0	2	2	
2004	0	1	0	1	4	
347	0	1	0	1	1	
213	0	2	0	2	3	
739	0	2	0	2	2	
1876	0	1	0	1	3	
1855	0	2	0	2	4	
2968	0	2	0	2	4	
1518	0	1	0	1	5	
1111	0	2	0	2	3	
215	0	1	0	1	1	
59	0	1	0	1	2	
106	0	2	0	2	2	
27	0	1	0	1	1	
0	0	1	0	1	1	
1417	0	2	0	2	2	
443	0	2	0	2	2	
401	0	2	0	2	3	
1444	0	1	0	1	3	
1081	0	2	0	2	2	
2074	0	2	0	2	8	
1935	0	1	0	1	4	
633	0	2	0	2	3	
524	0	1	0	1	1	
254	0	2	0	2	3	
1661	0	2	0	2	6	
199	0	2	0	2	3	
526	0	1	0	1	2	
1494	0	2	0	2	3	
2022	0	2	0	2	2	
352	0	2	0	2	2	
686	0	1	0	1	2	
869	0	2	0	2	5	
1335	0	1	0	1	2	
2908	0	2	0	2	3	
1554	0	2	0	2	2	
675	0	2	0	2	2	
558	0	1	0	1	3	
204	0	2	0	2	2	
348	0	2	0	2	2	
270	0	2	0	2	4	
823	0	1	0	1	3	
82	0	1	0	1	1	
502	0	2	0	2	2	
706	0	2	0	2	3	
568	0	1	0	1	2	
654	0	2	0	2	4	
313	0	2	0	2	2	
0	0	1	0	1	1	
995	0	2	0	2	4	
1415	0	2	0	2	4	
626	0	2	0	2	3	
140	0	1	0	1	1	
551	0	2	0	2	2	
2862	0	1	0	1	4	
1233	0	2	0	2	5	
61	0	2	0	2	3	
857	0	2	0	2	5	
932	0	1	0	1	2	
659	0	2	0	2	2	
2153	0	2	0	2	5	
972	0	2	0	2	3	
302	0	1	0	1	2	
2017	0	2	0	2	6	
275	0	2	0	2	2	
1184	0	1	0	1	4	
598	0	2	0	2	2	
286	0	1	0	1	3	
1457	0	2	0	2	8	
1040	0	2	0	2	3	
656	0	1	0	1	2	
165	0	2	0	2	2	
566	0	1	0	1	1	
380	0	2	0	2	2	
612	0	2	0	2	3	
212	0	1	0	1	1	
568	0	2	0	2	4	
1227	0	2	0	2	4	
719	0	1	0	1	1	
730	0	2	0	2	5	
57	0	2	0	2	2	
1877	0	1	0	1	3	
1407	0	2	0	2	9	
224	0	2	0	2	4	
112	0	2	0	2	2	
1822	0	1	0	1	1	
920	0	2	0	2	4	
1042	0	1	0	1	3	
2042	0	2	0	2	7	
1643	0	2	0	2	3	
299	0	1	0	1	1	
414	0	2	0	2	3	
913	0	1	0	1	4	
1870	0	2	0	2	6	
656	0	2	0	2	2	
1229	0	1	0	1	2	
395	0	1	0	1	2	
1142	0	2	0	2	2	
622	0	2	0	2	3	
724	0	1	0	1	1	
883	0	2	0	2	2	
216	0	1	0	1	2	
644	0	2	0	2	2	
0	0	1	0	1	1	
1250	0	2	0	2	10	
1033	0	2	0	2	5	
170	0	2	0	2	3	
133	0	2	0	2	3	
131	0	1	0	1	3	
650	0	2	0	2	2	
1099	0	2	0	2	4	
1916	0	1	0	1	1	
549	0	2	0	2	4	
488	0	2	0	2	1	
224	0	1	0	1	2	
626	0	1	0	1	3	
1241	0	2	0	2	2	
1764	0	1	0	1	2	
3554	0	2	0	2	3	
1692	0	2	0	2	4	
1456	0	1	0	1	5	
2210	0	2	0	2	6	
2200	0	2	0	2	2	
487	0	1	0	1	2	
789	0	2	0	2	5	
782	0	2	0	2	3	
827	0	1	0	1	2	
346	0	2	0	2	2	
2204	0	1	0	1	3	
994	0	2	0	2	4	
592	0	1	0	1	3	
626	0	1	0	1	1	
2316	0	2	0	2	4	
3347	0	1	0	1	4	
186	0	2	0	2	2	
619	0	1	0	1	1	
286	0	2	0	2	2	
86	0	1	0	1	1	
2738	0	2	0	2	6	
1129	0	2	0	2	2	
1648	0	1	0	1	4	
1404	0	2	0	2	6	
989	0	1	0	1	3	
30	0	2	0	2	2	
235	0	2	0	2	2	
562	0	1	0	1	2	
549	0	2	0	2	3	
0	0	2	0	2	2	
116	0	1	0	1	1	
525	0	2	0	2	4	
2255	0	2	0	2	5	
1900	0	1	0	1	5	
806	0	2	0	2	4	
1325	0	1	0	1	3	
1522	0	2	0	2	3	
1450	0	2	0	2	5	
1785	0	1	0	1	2	
753	0	2	0	2	3	
0	0	2	0	2	2	
802	0	2	0	2	4	
1193	0	1	0	1	5	
2466	0	2	0	2	6	
2093	0	2	0	2	8	
407	0	1	0	1	1	
3493	0	2	0	2	11	
1943	0	2	0	2	6	
2026	0	2	0	2	6	
834	0	1	0	1	3	
348	0	2	0	2	4	
261	0	2	0	2	2	
324	0	2	0	2	8	
1829	0	1	0	1	3	
1475	0	2	0	2	6	
103	0	1	0	1	1	
0	0	2	0	2	2	
132	0	1	0	1	1	
440	0	1	0	1	2	
771	0	2	0	2	4	
1199	0	2	0	2	3	
1523	0	2	0	2	3	
1705	0	1	0	1	5	
903	0	2	0	2	3	
243	0	1	0	1	3	
1952	0	2	0	2	6	
1039	0	2	0	2	7	
619	0	2	0	2	2	
65	0	1	0	1	3	
791	0	2	0	2	3	
675	0	2	0	2	4	
1268	0	2	0	2	5	
901	0	1	0	1	5	
1992	0	2	0	2	5	
529	0	1	0	1	2	
450	0	2	0	2	3	
23	0	1	0	1	1	
1382	0	2	0	2	7	
1612	0	2	0	2	7	
1446	0	2	0	2	6	
3881	0	1	0	1	8	
4674	0	2	0	2	13	
2465	0	2	0	2	6	
1459	0	2	0	2	5	
173	0	1	0	1	1	
429	0	2	0	2	3	
330	0	2	0	2	5	
731	0	1	0	1	3	
281	0	2	0	2	2	
649	0	2	0	2	2	
769	0	1	0	1	4	
115	0	2	0	2	2	
584	0	2	0	2	7	
1156	0	2	0	2	7	
950	0	1	0	1	2	
202	0	2	0	2	3	
0	0	1	0	1	1	
1555	0	2	0	2	4	
605	0	1	0	1	2	
159	0	2	0	2	2	
1	0	1	0	1	1	
2133	0	2	0	2	6	
828	0	2	0	2	3	
493	0	1	0	1	2	
647	0	2	0	2	5	
941	0	1	0	1	6	
699	0	2	0	2	2	
373	0	1	0	1	1	
350	0	2	0	2	5	
3647	0	2	0	2	7	
2721	0	1	0	1	3	
1110	0	2	0	2	3	
1006	0	2	0	2	5	
1449	0	1	0	1	3	
2045	0	2	0	2	5	
2761	0	2	0	2	4	
0	0	1	0	1	1	
1331	0	2	0	2	3	
1113	0	2	0	2	4	
166	0	1	0	1	2	
190	0	2	0	2	2	
0	0	1	0	1	1	
756	0	2	0	2	2	
1110	0	2	0	2	5	
313	0	1	0	1	2	
667	0	2	0	2	4	
1766	0	2	0	2	4	
2672	0	1	0	1	7	
1034	0	2	0	2	8	
2316	0	1	0	1	9	
1065	0	2	0	2	4	
408	0	2	0	2	3	
1832	0	2	0	2	8	
1606	0	1	0	1	9	
1732	0	2	0	2	9	
1555	0	1	0	1	10	
517	0	2	0	2	2	
1045	0	2	0	2	10	
2160	0	2	0	2	9	
898	0	1	0	1	4	
1304	0	2	0	2	3	
2709	0	2	0	2	6	
3470	0	2	0	2	12	
4137	0	1	0	1	9	
455	0	2	0	2	4	
935	0	2	0	2	5	
368	0	1	0	1	3	
1152	0	2	0	2	5	
1848	0	2	0	2	6	
783	0	1	0	1	7	
34	0	2	0	2	4	
2191	0	2	0	2	7	
1463	0	2	0	2	8	
2	0	1	0	1	1	
914	0	2	0	2	4	
1467	0	1	0	1	4	
1550	0	2	0	2	8	
8	0	1	0	1	1	
1918	0	2	0	2	7	
1769	0	2	0	2	3	
1254	0	2	0	2	2	
984	0	1	0	1	3	
972	0	2	0	2	3	
3381	0	2	0	2	8	
3715	0	2	0	2	14	
711	0	1	0	1	1	
1282	0	2	0	2	3	
1446	0	2	0	2	7	
2521	0	1	0	1	8	
4048	0	2	0	2	13	
1881	0	1	0	1	1	
941	0	2	0	2	3	
262	0	2	0	2	3	
0	0	1	0	1	1	
1429	0	2	0	2	8	
1662	0	2	0	2	7	
2045	0	1	0	1	5	
1596	0	2	0	2	10	
976	0	2	0	2	7	
469	0	1	0	1	1	
1297	0	2	0	2	9	
0	0	1	0	1	1	
2947	0	2	0	2	13	
3401	0	2	0	2	5	
2393	0	2	0	2	4	
2216	0	1	0	1	9	
1677	0	2	0	2	4	
1964	0	2	0	2	14	
59	0	1	0	1	1	
712	0	2	0	2	4	
899	0	2	0	2	5	
680	0	2	0	2	4	
182	0	1	0	1	2	
1149	0	2	0	2	6	
3048	0	2	0	2	13	
663	0	2	0	2	4	
633	0	1	0	1	3	
208	0	2	0	2	2	
592	0	1	0	1	2	
3556	0	2	0	2	16	
2447	0	2	0	2	11	
2869	0	2	0	2	10	
2018	0	1	0	1	4	
394	0	2	0	2	5	
112	0	1	0	1	2	
1078	0	2	0	2	13	
686	0	1	0	1	4	
2445	0	2	0	2	6	
4279	0	2	0	2	10	
1823	0	1	0	1	6	
1036	0	2	0	2	3	
671	0	1	0	1	6	
1276	0	2	0	2	6	
452	0	2	0	2	6	
837	0	1	0	1	4	
558	0	2	0	2	3	
782	0	2	0	2	4	
448	0	2	0	2	4	
1119	0	1	0	1	1	
449	0	2	0	2	2	
1663	0	1	0	1	8	
1276	0	2	0	2	6	
1434	0	2	0	2	4	
3295	0	2	0	2	14	
2541	0	1	0	1	5	
799	0	2	0	2	7	
1228	0	2	0	2	6	
918	0	2	0	2	5	
1271	0	2	0	2	2	
1641	0	1	0	1	7	
555	0	2	0	2	9	
1597	0	2	0	2	3	
2366	0	2	0	2	15	
1270	0	1	0	1	6	
719	0	2	0	2	8	
422	0	1	0	1	2	
1726	0	2	0	2	6	
1865	0	2	0	2	12	
757	0	2	0	2	6	
1260	0	2	0	2	5	
560	0	1	0	1	1	
1013	0	2	0	2	9	
658	0	2	0	2	2	
318	0	1	0	1	2	
1094	0	2	0	2	4	
395	0	2	0	2	3	
608	0	1	0	1	7	
257	0	2	0	2	4	
938	0	2	0	2	7	
770	0	2	0	2	4	
44	0	2	0	2	2	
831	0	1	0	1	3	
3635	0	2	0	2	7	
3707	0	2	0	2	16	
1040	0	2	0	2	9	
2056	0	1	0	1	8	
1162	0	1	0	1	2	
1989	0	2	0	2	3	
724	0	2	0	2	5	
1089	0	1	0	1	3	
1926	0	2	0	2	9	
181	0	2	0	2	5	
636	0	1	0	1	2	
364	0	2	0	2	3	
658	0	1	0	1	3	
380	0	2	0	2	4	
13	0	2	0	2	2	
1245	0	2	0	2	3	
1040	0	1	0	1	3	
1315	0	2	0	2	6	
181	0	2	0	2	3	
243	0	2	0	2	4	
0	0	1	0	1	1	
1675	0	2	0	2	9	
970	0	2	0	2	6	
1540	0	1	0	1	6	
2066	0	2	0	2	6	
2898	0	2	0	2	12	
184	0	2	0	2	2	
1272	0	1	0	1	6	
1250	0	2	0	2	5	
3261	0	2	0	2	15	
2586	0	1	0	1	12	
378	0	1	0	1	4	
687	0	2	0	2	3	
125	0	1	0	1	3	
211	0	2	0	2	2	
1742	0	2	0	2	10	
1236	0	2	0	2	5	
2373	0	1	0	1	13	
896	0	2	0	2	3	
2111	0	1	0	1	7	
851	0	2	0	2	6	
1925	0	2	0	2	12	
12	0	1	0	1	2	
9	0	2	0	2	2	
6	0	2	0	2	5	
6	0	2	0	2	2	
1	0	1	0	1	1	
4	0	2	0	2	3	
0	0	1	0	1	1	
3874	0	3	0	3	14	
8305	0	1	0	1	30	
1013	0	2	0	2	4	
314	0	1	0	1	5	
531	0	2	0	2	2	
1998	0	2	0	2	6	
1812	0	1	0	1	2	
892	0	2	0	2	4	
2099	0	1	0	1	10	
3519	0	2	0	2	15	
1067	0	2	0	2	5	
649	0	1	0	1	7	
195	0	2	0	2	2	
729	0	1	0	1	3	
770	0	2	0	2	5	
1886	0	2	0	2	4	
3157	0	2	0	2	12	
944	0	1	0	1	3	
3053	0	2	0	2	12	
3512	0	2	0	2	5	
3144	0	1	0	1	10	
1029	0	2	0	2	4	
2557	0	1	0	1	2	
2353	0	1	0	1	3	
3806	0	2	0	2	9	
2380	0	2	0	2	9	
2132	0	2	0	2	6	
1063	0	1	0	1	4	
1889	0	2	0	2	6	
2227	0	1	0	1	11	
670	0	2	0	2	2	
950	0	2	0	2	3	
840	0	2	0	2	3	
550	0	1	0	1	4	
3389	0	2	0	2	14	
2143	0	2	0	2	9	
889	0	1	0	1	2	
1447	0	2	0	2	3	
2894	0	2	0	2	13	
2791	0	1	0	1	5	
1857	0	2	0	2	6	
1678	0	2	0	2	6	
2669	0	2	0	2	8	
2646	0	1	0	1	16	
3338	0	2	0	2	15	
1713	0	2	0	2	14	
980	0	2	0	2	6	
4309	0	2	0	2	10	
2572	0	1	0	1	4	
1942	0	2	0	2	9	
2670	0	2	0	2	12	
468	0	1	0	1	1	
876	0	2	0	2	9	
2249	0	2	0	2	12	
2531	0	2	0	2	9	
3633	0	1	0	1	13	
2332	0	2	0	2	13	
2398	0	2	0	2	17	
661	0	1	0	1	2	
777	0	2	0	2	5	
3285	0	1	0	1	19	
3919	0	2	0	2	13	
1769	0	1	0	1	6	
2505	0	2	0	2	12	
4276	0	2	0	2	10	
1871	0	1	0	1	3	
1986	0	2	0	2	19	
555	0	2	0	2	5	
158	0	1	0	1	1	
320	0	2	0	2	2	
1124	0	1	0	1	6	
2031	0	2	0	2	6	
2178	0	2	0	2	11	
280	0	2	0	2	2	
1144	0	1	0	1	14	
3362	0	2	0	2	6	
3769	0	2	0	2	14	
2187	0	2	0	2	9	
2838	0	1	0	1	22	
1746	0	2	0	2	9	
1416	0	1	0	1	13	
5824	0	2	0	2	33	
1615	0	1	0	1	5	
655	0	2	0	2	7	
878	0	2	0	2	8	
3077	0	2	0	2	16	
2524	0	1	0	1	7	
385	0	2	0	2	3	
1844	0	1	0	1	7	
3080	0	2	0	2	13	
1226	0	2	0	2	10	
1377	0	2	0	2	4	
1554	0	2	0	2	13	
1251	0	1	0	1	4	
909	0	2	0	2	3	
1891	0	1	0	1	12	
1492	0	2	0	2	6	
1992	0	1	0	1	6	
3869	0	2	0	2	11	
1957	0	2	0	2	7	
2246	0	2	0	2	10	
1510	0	1	0	1	4	
656	0	2	0	2	3	
2323	0	2	0	2	14	
3684	0	2	0	2	17	
4131	0	2	0	2	13	
2751	0	1	0	1	12	
2467	0	2	0	2	7	
2311	0	1	0	1	9	
0	0	2	0	2	2	
726	0	2	0	2	4	
1767	0	2	0	2	12	
902	0	1	0	1	2	
364	0	2	0	2	4	
536	0	2	0	2	8	
1127	0	1	0	1	6	
843	0	2	0	2	8	
2649	0	2	0	2	19	
201	0	2	0	2	2	
2911	0	1	0	1	21	
2892	0	2	0	2	10	
1354	0	2	0	2	4	
1863	0	2	0	2	4	
1045	0	1	0	1	7	
4051	0	2	0	2	27	
897	0	2	0	2	9	
727	0	2	0	2	5	
872	0	1	0	1	1	
859	0	2	0	2	8	
820	0	1	0	1	3	
811	0	2	0	2	8	
635	0	2	0	2	5	
1505	0	2	0	2	10	
1544	0	1	0	1	9	
2476	0	2	0	2	15	
4260	0	2	0	2	26	
5710	0	2	0	2	15	
1307	0	1	0	1	5	
1795	0	2	0	2	10	
865	0	2	0	2	7	
2302	0	2	0	2	5	
872	0	1	0	1	4	
1738	0	2	0	2	13	
3062	0	2	0	2	19	
5530	0	2	0	2	25	
7338	0	1	0	1	27	
5403	0	2	0	2	22	
3292	0	2	0	2	8	
1921	0	1	0	1	6	
3218	0	2	0	2	15	
2701	0	2	0	2	12	
1200	0	2	0	2	10	
2203	0	2	0	2	9	
1967	0	1	0	1	2	
2920	0	2	0	2	18	
65	0	1	0	1	1	
1781	0	2	0	2	13	
885	0	2	0	2	9	
369	0	2	0	2	5	
327	0	1	0	1	3	
798	0	2	0	2	7	
2659	0	2	0	2	19	
3767	0	2	0	2	14	
1782	0	1	0	1	11	
2342	0	2	0	2	15	
2835	0	2	0	2	13	
2036	0	2	0	2	8	
1087	0	1	0	1	6	
341	0	2	0	2	4	
2653	0	2	0	2	21	
1858	0	2	0	2	10	
1185	0	1	0	1	8	
892	0	2	0	2	7	
989	0	2	0	2	4	
474	0	1	0	1	6	
271	0	2	0	2	2	
233	0	2	0	2	4	
4107	0	1	0	1	20	
1192	0	2	0	2	9	
146	0	2	0	2	5	
878	0	2	0	2	9	
252	0	1	0	1	3	
373	0	2	0	2	3	
1653	0	2	0	2	14	
1874	0	2	0	2	5	
441	0	1	0	1	9	
1564	0	2	0	2	14	
940	0	2	0	2	15	
0	0	2	0	2	4	
609	0	1	0	1	1	
2409	0	2	0	2	9	
3070	0	2	0	2	19	
2187	0	2	0	2	4	
1730	0	1	0	1	11	
2795	0	2	0	2	20	
1945	0	2	0	2	14	
2266	0	2	0	2	13	
608	0	2	0	2	6	
0	0	1	0	1	2	
2773	0	2	0	2	26	
1327	0	2	0	2	9	
1321	0	2	0	2	11	
1700	0	1	0	1	18	
680	0	2	0	2	5	
1174	0	2	0	2	9	
552	0	2	0	2	4	
2727	0	2	0	2	18	
3610	0	1	0	1	16	
743	0	2	0	2	7	
2150	0	2	0	2	16	
3698	0	1	0	1	16	
4658	0	2	0	2	34	
5	0	2	0	2	4	
5	0	2	0	2	6	
3	0	1	0	1	1	
4	0	2	0	2	2	
4	0	2	0	2	3	
0	0	3	0	3	1	
6345	0	1	0	1	30	
8835	0	0	0	0	38	
3939	0	0	0	0	24	
1019	0	0	0	0	0	
0	0	0	0	0	0	
0	0	0	0	0	0	
0	0	0	0	0	0	
0	0	0	0	0	0	
0	0	0	0	0	0	
0	0	0	0	0	0	
0	0	0	0	0	0	
0	0	0	0	0	0	
0	0	0	0	0	0	
0	0	0	0	0	0	
0	0	0	0	0	0	
0	0	0	0	0	0	
0	0	0	0	0	0	
0	0	0	0	0	0	
0	0	0	0	0	0	
0	0	0	0	0	0	
0	0	0	0	0	0	
0	0	0	0	0	0	
0	0	0	0	0	0	
0	0	0	0	0	0	
0	0	0	0	0	0	
0	0	0	0	0	0	
0	0	0	0	0	0	
0	0	0	0	0	0	
0	0	0	0	0	0	
0	0	0	0	0	0	
0	0	0	0	0	0	
0	0	0	0	0	0	
0	0	0	0	0	0	
0	0	0	0	0	0	
0	0	0	0	0	0	
0	0	0	0	0	0	
0	0	0	0	0	0	
0	0	0	0	0	0	
246	0	2	0	2	3	
2804	0	2	0	2	18	
4796	0	1	0	1	30	
2141	0	2	0	2	17	
4300	0	1	0	1	24	
4481	0	2	0	2	27	
1247	0	2	0	2	3	
684	0	2	0	2	3	
2072	0	1	0	1	11	
1836	0	2	0	2	13	
1101	0	2	0	2	7	
753	0	2	0	2	4	
4899	0	2	0	2	21	
4277	0	1	0	1	11	
1746	0	2	0	2	7	
1706	0	2	0	2	10	
2674	0	2	0	2	13	
2397	0	1	0	1	10	
0	0	2	0	2	6	
1281	0	2	0	2	4	
3043	0	2	0	2	12	
3428	0	1	0	1	10	
2043	0	2	0	2	10	
3303	0	2	0	2	25	
3646	0	2	0	2	11	
3724	0	1	0	1	20	
2679	0	2	0	2	16	
1340	0	2	0	2	8	
2257	0	1	0	1	7	
572	0	2	0	2	2	
2635	0	2	0	2	22	
3011	0	1	0	1	8	
2307	0	2	0	2	15	
3625	0	1	0	1	20	
3139	0	2	0	2	9	
2084	0	2	0	2	19	
3340	0	1	0	1	19	
2709	0	2	0	2	23	
1388	0	2	0	2	10	
2936	0	2	0	2	13	
1658	0	1	0	1	9	
2192	0	2	0	2	26	
876	0	2	0	2	8	
474	0	2	0	2	8	
0	0	1	0	1	2	
1872	0	2	0	2	16	
4660	0	2	0	2	29	
4681	0	2	0	2	25	
2743	0	1	0	1	18	
3349	0	2	0	2	36	
2672	0	2	0	2	24	
2589	0	2	0	2	15	
349	0	1	0	1	11	
1412	0	2	0	2	14	
1887	0	2	0	2	12	
1164	0	2	0	2	4	
331	0	1	0	1	4	
2711	0	2	0	2	34	
2135	0	2	0	2	18	
4573	0	2	0	2	25	
6718	0	1	0	1	21	
4365	0	2	0	2	27	
3357	0	1	0	1	17	
265	0	2	0	2	6	
1972	0	2	0	2	9	
819	0	2	0	2	7	
3147	0	2	0	2	16	
4343	0	1	0	1	33	
2789	0	2	0	2	2	
3101	0	2	0	2	19	
4306	0	2	0	2	31	
3194	0	1	0	1	20	
5584	0	2	0	2	42	
3659	0	1	0	1	26	
2734	0	2	0	2	15	
3038	0	2	0	2	24	
1373	0	2	0	2	10	
571	0	1	0	1	9	
2261	0	2	0	2	19	
2599	0	2	0	2	19	
3100	0	2	0	2	19	
2751	0	1	0	1	8	
3695	0	2	0	2	12	
4980	0	2	0	2	25	
3778	0	2	0	2	24	
3016	0	1	0	1	9	
1972	0	2	0	2	13	
3668	0	2	0	2	14	
2677	0	2	0	2	18	
4083	0	1	0	1	17	
2328	0	2	0	2	15	
2103	0	2	0	2	10	
5442	0	1	0	1	30	
6858	0	2	0	2	71	
3426	0	2	0	2	20	
2476	0	2	0	2	24	
2040	0	1	0	1	15	
3710	0	2	0	2	25	
2611	0	2	0	2	20	
910	0	1	0	1	7	
1066	0	2	0	2	7	
2373	0	2	0	2	19	
2955	0	1	0	1	18	
4651	0	2	0	2	27	
3850	0	2	0	2	20	
5046	0	2	0	2	42	
3792	0	1	0	1	23	
1738	0	2	0	2	16	
1664	0	2	0	2	11	
2207	0	2	0	2	22	
962	0	1	0	1	11	
838	0	2	0	2	7	
2461	0	2	0	2	25	
3026	0	2	0	2	25	
4712	0	1	0	1	26	
4229	0	2	0	2	28	
1603	0	2	0	2	14	
1479	0	2	0	2	14	
1154	0	1	0	1	10	
1544	0	2	0	2	9	
2969	0	2	0	2	16	
2155	0	2	0	2	16	
1534	0	1	0	1	7	
1821	0	2	0	2	7	
1942	0	2	0	2	20	
3362	0	2	0	2	7	
3660	0	1	0	1	6	
3588	0	2	0	2	18	
2896	0	2	0	2	24	
2931	0	2	0	2	14	
4111	0	1	0	1	19	
6787	0	2	0	2	57	
5711	0	2	0	2	35	
2487	0	2	0	2	39	
1533	0	1	0	1	9	
3062	0	2	0	2	12	
3708	0	2	0	2	29	
2735	0	2	0	2	26	
3181	0	1	0	1	24	
5533	0	2	0	2	38	
4585	0	2	0	2	27	
3517	0	1	0	1	16	
3147	0	2	0	2	11	
1152	0	1	0	1	9	
370	0	2	0	2	5	
856	0	2	0	2	12	
1915	0	2	0	2	5	
958	0	1	0	1	9	
3311	0	2	0	2	34	
3981	0	2	0	2	14	
2609	0	2	0	2	14	
5503	0	1	0	1	34	
3872	0	2	0	2	19	
6284	0	2	0	2	28	
7147	0	1	0	1	42	
7090	0	2	0	2	72	
4479	0	2	0	2	50	
4693	0	2	0	2	38	
3776	0	1	0	1	20	
2964	0	2	0	2	27	
3448	0	1	0	1	18	
4964	0	2	0	2	28	
2892	0	2	0	2	29	
2923	0	1	0	1	16	
2303	0	2	0	2	23	
2638	0	2	0	2	20	
3282	0	1	0	1	17	
3448	0	2	0	2	20	
5210	0	2	0	2	47	
6967	0	2	0	2	49	
5204	0	1	0	1	23	
4496	0	2	0	2	31	
4120	0	1	0	1	22	
2330	0	2	0	2	8	
3379	0	2	0	2	20	
3988	0	2	0	2	23	
5632	0	1	0	1	22	
3506	0	2	0	2	26	
2640	0	2	0	2	19	
7790	0	1	0	1	53	
8457	0	2	0	2	31	
8539	0	2	0	2	70	
6669	0	1	0	1	49	
4228	0	2	0	2	16	
341	0	2	0	2	3	
2972	0	1	0	1	18	
3784	0	2	0	2	27	
5882	0	2	0	2	18	
8701	0	2	0	2	53	
7856	0	1	0	1	46	
6289	0	2	0	2	34	
4143	0	1	0	1	22	
2768	0	2	0	2	13	
3324	0	2	0	2	21	
4142	0	2	0	2	33	
3948	0	1	0	1	22	
3411	0	2	0	2	18	
6426	0	2	0	2	47	
8502	0	2	0	2	46	
7935	0	1	0	1	42	
7515	0	2	0	2	20	
4861	0	2	0	2	28	
4509	0	2	0	2	27	
7655	0	1	0	1	29	
6438	0	2	0	2	25	
5110	0	2	0	2	27	
5129	0	2	0	2	49	
7404	0	1	0	1	44	
8229	0	2	0	2	56	
7451	0	2	0	2	37	
7437	0	2	0	2	54	
7723	0	1	0	1	37	
7701	0	2	0	2	59	
4268	0	2	0	2	14	
2158	0	1	0	1	4	
126	0	2	0	2	8	
1249	0	2	0	2	24	
857	0	2	0	2	4	
2005	0	2	0	2	21	
3067	0	1	0	1	16	
5029	0	2	0	2	46	
7377	0	2	0	2	27	
5227	0	1	0	1	47	
6599	0	2	0	2	37	
5914	0	2	0	2	46	
4238	0	1	0	1	20	
5338	0	2	0	2	47	
3004	0	2	0	2	11	
1796	0	2	0	2	13	
812	0	1	0	1	12	
5747	0	2	0	2	35	
7790	0	2	0	2	39	
6840	0	1	0	1	36	
7851	0	2	0	2	64	
7325	0	1	0	1	40	
8129	0	2	0	2	54	
7842	0	2	0	2	40	
7086	0	2	0	2	44	
8770	0	1	0	1	46	
6680	0	2	0	2	30	
7572	0	2	0	2	55	
7813	0	2	0	2	46	
8476	0	1	0	1	70	
7110	0	2	0	2	66	
7499	0	2	0	2	44	
6033	0	2	0	2	35	
3161	0	1	0	1	23	
4970	0	2	0	2	30	
5823	0	2	0	2	27	
4866	0	1	0	1	24	
8307	0	2	0	2	72	
9186	0	2	0	2	55	
7887	0	2	0	2	21	
7951	0	1	0	1	28	
9436	0	2	0	2	81	
8318	0	2	0	2	50	
7436	0	1	0	1	43	
7182	0	2	0	2	41	
5451	0	2	0	2	34	
5646	0	2	0	2	34	
6422	0	1	0	1	37	
6375	0	2	0	2	52	
6003	0	2	0	2	52	
4787	0	1	0	1	17	
5937	0	2	0	2	35	
5838	0	2	0	2	39	
3255	0	1	0	1	12	
6047	0	2	0	2	30	
5458	0	2	0	2	34	
6255	0	1	0	1	27	
7886	0	2	0	2	47	
6355	0	1	0	1	26	
8707	0	2	0	2	43	
8013	0	2	0	2	31	
5129	0	1	0	1	38	
9	0	2	0	2	3	
7	0	2	0	2	3	
4	0	2	0	2	2	
1961	0	3	0	4	13	
10893	0	4	0	3	52	
11548	0	1	0	1	53	
12163	0	2	0	2	87	
9958	0	2	0	2	52	
11398	0	1	0	1	46	
9531	0	2	0	2	56	
9939	0	2	0	2	57	
10012	0	1	0	1	57	
9643	0	2	0	2	57	
9986	0	2	0	2	52	
8756	0	1	0	1	53	
5813	0	2	0	2	34	
6174	0	2	0	2	38	
5990	0	2	0	2	46	
5473	0	1	0	1	49	
6047	0	2	0	2	25	
6175	0	2	0	2	45	
6373	0	2	0	2	26	
9960	0	1	0	1	45	
8865	0	2	0	2	42	
8296	0	2	0	2	63	
1260	0	1	0	1	5	
24	0	2	0	2	4	
2752	0	3	0	3	11	
11926	0	4	0	4	69	
10084	0	2	0	2	70	
9036	0	1	0	1	58	
11579	0	2	0	2	93	
11012	0	2	0	2	79	
6941	0	2	0	2	40	
11019	0	1	0	1	86	
8996	0	2	0	2	53	
9560	0	1	0	1	37	
9980	0	2	0	2	55	
10049	0	2	0	2	56	
9583	0	2	0	2	57	
7464	0	1	0	1	38	
9039	0	2	0	2	56	
6737	0	2	0	2	50	
9308	0	2	0	2	63	
8954	0	1	0	1	61	
11528	0	2	0	2	60	
10948	0	2	0	2	49	
10859	0	2	0	2	59	
9869	0	1	0	1	44	
11902	0	2	0	2	64	
11331	0	1	0	1	56	
11514	0	2	0	2	89	
6173	0	2	0	2	35	
4704	0	2	0	2	46	
3976	0	1	0	1	21	
4623	0	2	0	2	21	
5187	0	2	0	2	29	
9766	0	2	0	2	57	
9585	0	1	0	1	70	
9695	0	2	0	2	68	
12138	0	2	0	2	56	
11940	0	2	0	2	60	
11949	0	2	0	2	55	
11501	0	2	0	2	53	
9976	0	2	0	2	58	
9546	0	1	0	1	45	
8259	0	2	0	2	48	
5608	0	2	0	2	26	
5	0	2	0	2	7	
0	0	1	0	1	1	
9	0	2	0	2	7	
1781	0	2	0	2	10	
11299	0	1	0	1	65	
9553	0	2	0	2	37	
10611	0	1	0	1	87	
9432	0	1	0	1	67	
10754	0	2	0	2	67	
9647	0	2	0	2	57	
7962	0	1	0	1	44	
10271	0	2	0	2	65	
8943	0	2	0	2	48	
9775	0	1	0	1	44	
11192	0	2	0	2	64	
12389	0	2	0	2	95	
12484	0	1	0	1	59	
10699	0	2	0	2	63	
12222	0	1	0	1	56	
12274	0	3	0	3	100	
12027	0	2	0	2	56	
11964	0	2	0	2	53	
13550	0	2	0	2	78	
12516	0	1	0	1	70	
10986	0	2	0	2	83	
11490	0	2	0	2	59	
11559	0	2	0	2	69	
12871	0	2	0	2	55	
11564	0	1	0	1	73	
11752	0	1	0	1	70	
11364	0	2	0	2	69	
10732	0	2	0	2	54	
9349	0	1	0	1	42	
10393	0	2	0	2	48	
9868	0	2	0	2	63	
8579	0	1	0	1	39	
5985	0	2	0	2	26	
28	0	2	0	2	2	
0	0	1	0	1	2	
3678	0	2	0	2	9	
11797	0	3	0	3	79	
12109	0	1	0	1	64	
9040	0	2	0	2	57	
10644	0	1	0	1	65	
8927	0	1	0	1	60	
11189	0	2	0	2	62	
9985	0	1	0	1	50	
11723	0	2	0	2	57	
10678	0	2	0	2	69	
9895	0	2	0	2	59	
11705	0	1	0	1	67	
12258	0	2	0	2	65	
12287	0	1	0	1	84	
8966	0	2	0	2	53	
10051	0	1	0	1	66	
12183	0	2	0	2	65	
8708	0	1	0	1	37	
10397	0	2	0	2	66	
11231	0	2	0	2	56	
12071	0	1	0	1	66	
10403	0	2	0	2	66	
11442	0	2	0	2	51	
12217	0	2	0	2	86	
8156	0	2	0	2	40	
9227	0	2	0	2	59	
11068	0	1	0	1	51	
12160	0	2	0	2	54	
11571	0	2	0	2	87	
11132	0	1	0	1	83	
10550	0	2	0	2	90	
12040	0	2	0	2	60	
11916	0	2	0	2	56	
11963	0	2	0	2	65	
11264	0	2	0	2	78	
11937	0	1	0	1	55	
10044	0	2	0	2	62	
12342	0	2	0	2	49	
9458	0	1	0	1	64	
10820	0	3	0	3	55	
10799	0	2	0	2	69	
11922	0	3	0	3	72	
12112	0	2	0	2	50	
12381	0	1	0	1	34	
9770	0	2	0	2	45	
12286	0	2	0	2	75	
12129	0	1	0	1	63	
8207	0	2	0	2	30	
11357	0	1	0	1	60	
11234	0	2	0	2	55	
10182	0	2	0	2	56	
11840	0	1	0	1	69	
11525	0	2	0	2	61	
12475	0	2	0	2	59	
13590	0	2	0	2	66	
11652	0	2	0	2	62	
12206	0	2	0	2	44	
10563	0	2	0	2	58	
8829	0	1	0	1	39	
10075	0	2	0	2	58	
11595	0	2	0	2	61	
12395	0	3	0	3	84	
10120	0	2	0	2	54	
10924	0	3	0	3	76	
9662	0	2	0	2	53	
10582	0	1	0	1	65	
12237	0	2	0	2	77	
12952	0	2	0	2	70	
10711	0	1	0	1	57	
9855	0	2	0	2	55	
11967	0	4	0	4	52	
13310	0	2	0	2	83	
12643	0	2	0	2	84	
13059	0	2	0	2	54	
13078	0	1	0	1	88	
12746	0	2	0	2	49	
8328	0	1	0	1	50	
8415	0	4	0	4	32	
11679	0	2	0	2	59	
12953	0	2	0	2	85	
12784	0	2	0	2	83	
12230	0	1	0	1	66	
12116	0	3	0	3	68	
12840	0	1	0	1	50	
11278	0	2	0	2	58	
10443	0	2	0	2	64	
9957	0	1	0	1	62	
11110	0	2	0	2	70	
11459	0	2	0	2	70	
9357	0	3	0	3	37	
11274	0	1	0	1	57	
11742	0	2	0	2	55	
10995	0	1	0	1	49	
9494	0	3	0	3	46	
11002	0	1	0	1	39	
9506	0	2	0	2	72	
11316	0	1	0	1	62	
9509	0	2	0	2	72	
11912	0	2	0	2	49	
12686	0	3	0	3	61	
11463	0	1	0	1	60	
11784	0	1	0	1	48	
12390	0	4	0	4	66	
12276	0	1	0	1	76	
11453	0	2	0	2	72	
10851	0	2	0	2	75	
10923	0	1	0	1	62	
11529	0	2	0	2	85	
12135	0	2	0	2	64	
11659	0	1	0	1	74	
12181	0	1	0	1	53	
12099	0	2	0	2	56	
12596	0	2	0	2	45	
11778	0	3	0	3	45	
9583	0	1	0	1	56	
936	0	3	0	4	3	
8601	0	3	0	2	29	
12836	0	2	0	2	49	
12375	0	2	0	2	57	
12033	0	3	0	3	69	
12096	0	2	0	2	56	
12129	0	1	0	1	75	
9599	0	2	0	2	43	
12754	0	2	0	2	66	
12444	0	2	0	2	79	
11824	0	1	0	1	46	
12161	0	4	0	4	70	
12494	0	1	0	1	65	
12199	0	3	0	3	58	
12034	0	2	0	2	89	
12172	0	2	0	2	57	
11545	0	2	0	2	45	
12467	0	1	0	1	64	
12595	0	2	0	2	61	
12318	0	2	0	2	47	
12800	0	3	0	3	58	
12958	0	3	0	3	57	
11277	0	2	0	2	78	
12724	0	1	0	1	50	
13261	0	1	0	1	73	
13203	0	2	0	2	63	
11291	0	3	0	3	75	
12638	0	6	0	6	65	
12505	0	6	0	6	81	
12286	0	6	0	6	69	
12271	0	3	0	3	55	
12704	0	2	0	2	43	
12563	0	1	0	1	35	
12940	0	2	0	2	74	
11973	0	2	0	2	50	
11677	0	2	0	2	87	
12196	0	2	0	2	41	
9079	0	2	0	2	32	
12374	0	2	0	2	46	
12130	0	1	0	1	72	
11661	0	2	0	2	37	
5450	0	2	0	2	33	
0	0	2	0	2	7	
11357	0	3	0	3	64	
13117	0	2	0	2	49	
12669	0	2	0	2	72	
9558	0	2	0	2	76	
9706	0	3	0	3	50	
11738	0	2	0	2	56	
12402	0	2	0	2	69	
11652	0	2	0	2	48	
12390	0	3	0	3	58	
9887	0	2	0	2	70	
12300	0	1	0	1	34	
12550	0	1	0	1	45	
11717	0	2	0	2	74	
12334	0	2	0	2	58	
11215	0	1	0	1	57	
12646	0	2	0	2	43	
10597	0	1	0	1	80	
12515	0	2	0	2	49	
10434	0	1	0	1	51	
10147	0	2	0	2	44	
12401	0	1	0	1	50	
13244	0	2	0	2	68	
12760	0	2	0	2	66	
11643	0	2	0	2	55	
8560	0	1	0	1	45	
9304	0	2	0	2	53	
12247	0	2	0	2	66	
11712	0	3	0	3	53	
12315	0	5	0	5	56	
9758	0	2	0	2	50	
12129	0	5	0	5	59	
11916	0	2	0	2	39	
8185	0	2	0	2	38	
12607	0	3	0	3	49	
12568	0	1	0	1	71	
9520	0	1	0	1	38	
11828	0	3	0	3	44	
11568	0	1	0	1	52	
10249	0	2	0	2	64	
12299	0	2	0	2	44	
11810	0	1	0	1	75	
12677	0	2	0	2	50	
12113	0	2	0	2	45	
11659	0	3	0	3	50	
12795	0	2	0	2	28	
12772	0	3	0	3	49	
12481	0	1	0	1	65	
11310	0	2	0	2	51	
11612	0	2	0	2	59	
12462	0	3	0	3	52	
12504	0	2	0	2	41	
12550	0	1	0	1	58	
12917	0	1	0	1	65	
12859	0	2	0	2	78	
9602	0	2	0	2	34	
12278	0	2	0	2	48	
11698	0	1	0	1	58	
10259	0	2	0	2	38	
10276	0	3	0	3	51	
10304	0	2	0	2	50	
11800	0	2	0	2	53	
11986	0	2	0	2	45	
12538	0	2	0	2	55	
12427	0	2	0	2	77	
12013	0	5	0	5	49	
12735	0	2	0	2	53	
12265	0	2	0	2	55	
10226	0	2	0	2	43	
9822	0	1	0	1	58	
12601	0	2	0	2	63	
8878	0	2	0	2	55	
9417	0	3	0	3	53	
12104	0	2	0	2	54	
12343	0	2	0	2	92	
12135	0	2	0	2	71	
11852	0	3	0	3	65	
10264	0	1	0	1	69	
8258	0	2	0	2	35	
12984	0	2	0	2	50	
12754	0	1	0	1	55	
12890	0	2	0	2	70	
13439	0	3	0	3	59	
12464	0	2	0	2	62	
12348	0	1	0	1	85	
12533	0	2	0	2	74	
13288	0	1	0	1	63	
9819	0	3	0	3	39	
11473	0	3	0	3	47	
12154	0	3	0	3	69	
12808	0	2	0	2	73	
9419	0	2	0	2	39	
12154	0	2	0	2	68	
11980	0	1	0	1	57	
12363	0	2	0	2	64	
12063	0	3	0	3	50	
12469	0	5	0	5	64	
11747	0	2	0	2	76	
12406	0	2	0	2	52	
11856	0	1	0	1	45	
10099	0	2	0	2	35	
11572	0	1	0	1	79	
12425	0	3	0	3	58	
12741	0	2	0	2	48	
12065	0	2	0	2	70	
11761	0	2	0	2	54	
12665	0	1	0	1	65	
12188	0	2	0	2	45	
12170	0	1	0	1	54	
10501	0	2	0	2	63	
2331	0	2	0	2	3	
7502	0	1	0	1	35	
13005	0	2	0	2	56	
12178	0	2	0	2	48	
12885	0	2	0	2	60	
10233	0	2	0	2	53	
10208	0	1	0	1	41	
12022	0	3	0	3	60	
12324	0	3	0	3	55	
12242	0	1	0	1	57	
9613	0	1	0	1	53	
11022	0	2	0	2	50	
11546	0	3	0	3	58	
12423	0	2	0	2	68	
11200	0	1	0	1	39	
10653	0	2	0	2	22	
12431	0	1	0	1	62	
12574	0	2	0	2	51	
11514	0	1	0	1	59	
11751	0	2	0	2	42	
13215	0	2	0	2	45	
12297	0	3	0	3	58	
11284	0	2	0	2	53	
10972	0	1	0	1	59	
11751	0	2	0	2	49	
12695	0	1	0	1	86	
10011	0	1	0	1	47	
12049	0	2	0	2	22	
10105	0	1	0	1	53	
10409	0	3	0	3	59	
11959	0	1	0	1	60	
12470	0	2	0	2	48	
12689	0	1	0	1	40	
12804	0	2	0	2	58	
12397	0	1	0	1	51	
10939	0	2	0	2	43	
11514	0	2	0	2	46	
12258	0	2	0	2	38	
12661	0	1	0	1	51	
13097	0	1	0	1	63	
10991	0	2	0	2	69	
12648	0	2	0	2	57	
10114	0	2	0	2	43	
12177	0	1	0	1	47	
13230	0	2	0	2	57	
12816	0	2	0	2	51	
12579	0	1	0	1	66	
12768	0	2	0	2	36	
12277	0	3	0	3	78	
11678	0	2	0	2	74	
10929	0	1	0	1	56	
12229	0	2	0	2	57	
12306	0	2	0	2	39	
12626	0	2	0	2	55	
11195	0	3	0	3	55	
10298	0	1	0	1	57	
12555	0	3	0	3	49	
12646	0	1	0	1	44	
11731	0	2	0	2	68	
11884	0	2	0	2	34	
12737	0	2	0	2	62	
12820	0	2	0	2	66	
12910	0	2	0	2	44	
12522	0	2	0	2	58	
9370	0	1	0	1	52	
11009	0	2	0	2	61	
12188	0	3	0	3	57	
12251	0	2	0	2	48	
12469	0	3	0	3	58	
12455	0	1	0	1	47	
12647	0	3	0	3	72	
12827	0	1	0	1	43	
12120	0	2	0	2	58	
12544	0	2	0	2	61	
12332	0	3	0	3	58	
12868	0	3	0	3	66	
12574	0	3	0	3	56	
12988	0	1	0	1	59	
13061	0	2	0	2	62	
12509	0	1	0	1	62	
13010	0	2	0	2	67	
12792	0	2	0	2	54	
12409	0	3	0	3	60	
12301	0	6	0	6	60	
13022	0	6	0	6	72	
9559	0	5	0	5	36	
12193	0	6	0	6	33	
12063	0	6	0	6	66	
9494	0	6	0	6	37	
12281	0	3	0	3	43	
12513	0	3	0	3	47	
12157	0	5	0	5	50	
10249	0	3	0	3	51	
11899	0	6	0	6	37	
8803	0	2	0	2	18	
10051	0	6	0	6	36	
12658	0	5	0	5	63	
12434	0	6	0	6	43	
12413	0	6	0	6	46	
12602	0	4	0	4	60	
11566	0	2	0	2	39	
10645	0	4	0	4	61	
12324	0	1	0	1	46	
12594	0	6	0	6	45	
12585	0	4	0	4	22	
11956	0	3	0	3	57	
12499	0	6	0	6	72	
12330	0	4	0	4	51	
12241	0	6	0	6	39	
12296	0	5	0	5	46	
12515	0	1	0	1	77	
12601	0	2	0	2	34	
13049	0	4	0	4	65	
12591	0	1	0	1	68	
11987	0	2	0	2	60	
11899	0	2	0	2	58	
12630	0	2	0	2	53	
12755	0	3	0	3	40	
13054	0	2	0	2	60	
12473	0	2	0	2	48	
13235	0	4	0	4	46	
12435	0	4	0	4	68	
13133	0	1	0	1	70	
12889	0	1	0	1	76	
13172	0	3	0	3	60	
10931	0	2	0	2	71	
13146	0	2	0	2	39	
13061	0	1	0	1	47	
12118	0	2	0	2	42	
10608	0	1	0	1	47	
12358	0	2	0	2	50	
12308	0	2	0	2	43	
13275	0	2	0	2	43	
12170	0	1	0	1	39	
12472	0	3	0	3	57	
12644	0	4	0	4	50	
12709	0	3	0	3	42	
12383	0	4	0	4	56	
12533	0	1	0	1	53	
12448	0	2	0	2	47	
12635	0	4	0	4	56	
12390	0	3	0	3	55	
10218	0	1	0	1	42	
12450	0	2	0	2	41	
12991	0	2	0	2	34	
12560	0	3	0	3	39	
12892	0	4	0	4	46	
12564	0	6	0	6	58	
11001	0	3	0	3	23	
10475	0	5	0	5	51	
8323	0	6	0	6	35	
12909	0	2	0	2	58	
11525	0	5	0	5	33	
11706	0	2	0	2	50	
12450	0	1	0	1	48	
11203	0	6	0	6	40	
11678	0	3	0	3	46	
9754	0	2	0	2	47	
12805	0	2	0	2	47	
10980	0	3	0	3	66	
9507	0	5	0	5	52	
12610	0	1	0	1	41	
12964	0	2	0	2	58	
11750	0	2	0	2	57	
11861	0	1	0	1	46	
12445	0	5	0	5	43	
12274	0	2	0	2	42	
11516	0	6	0	6	72	
12908	0	4	0	4	32	
12220	0	5	0	5	67	
12532	0	3	0	3	48	
12304	0	4	0	4	49	
12433	0	5	0	5	49	
12885	0	3	0	3	48	
10766	0	2	0	2	46	
11204	0	1	0	1	44	
12526	0	2	0	2	63	
12950	0	2	0	2	46	
9850	0	3	0	3	43	
12694	0	2	0	2	46	
10486	0	3	0	3	24	
13024	0	2	0	2	17	
13353	0	2	0	2	18	
12698	0	3	0	3	18	
13212	0	2	0	2	12	
13107	0	2	0	2	27	
9605	0	3	0	3	24	
13114	0	2	0	2	19	
9774	0	3	0	3	22	
12910	0	2	0	2	14	
12864	0	3	0	3	14	
12624	0	3	0	3	14	
12670	0	2	0	2	19	
10383	0	2	0	2	20	
12776	0	3	0	3	15	
12444	0	3	0	3	22	
13331	0	2	0	2	23	
12640	0	3	0	3	33	
12379	0	2	0	2	24	
12697	0	3	0	3	21	
11498	0	2	0	2	9	
12448	0	3	0	3	13	
12748	0	2	0	2	29	
12704	0	3	0	3	23	
10978	0	3	0	3	21	
11798	0	2	0	2	13	
12628	0	3	0	3	18	
12454	0	3	0	3	21	
13027	0	2	0	2	25	
13367	0	2	0	2	24	
13019	0	3	0	3	40	
13154	0	2	0	2	20	
13406	0	3	0	3	22	
13294	0	3	0	3	16	
13061	0	2	0	2	23	
12906	0	3	0	3	19	
12120	0	2	0	2	21	
13023	0	3	0	3	16	
12926	0	2	0	2	17	
12537	0	3	0	3	23	
12609	0	2	0	2	15	
12174	0	3	0	3	25	
12603	0	3	0	3	20	
11925	0	2	0	2	34	
12859	0	3	0	3	24	
12204	0	3	0	3	12	
12358	0	2	0	2	16	
12838	0	3	0	3	20	
12851	0	2	0	2	15	
12354	0	3	0	3	17	
12623	0	2	0	2	23	
12410	0	3	0	3	20	
12784	0	3	0	3	26	
12633	0	3	0	3	21	
12909	0	2	0	2	22	
12504	0	3	0	3	23	
12335	0	3	0	3	30	
12727	0	2	0	2	24	
12740	0	3	0	3	14	
12378	0	3	0	3	28	
12157	0	2	0	2	26	
12550	0	3	0	3	23	
12237	0	3	0	3	17	
12792	0	2	0	2	11	
12925	0	3	0	3	20	
10076	0	3	0	3	12	
10487	0	2	0	2	8	
12848	0	3	0	3	18	
13723	0	2	0	2	22	
12786	0	3	0	3	22	
12791	0	4	1	4	23	
12046	0	0	0	0	16	
12206	0	0	0	0	39	
12450	0	0	0	0	30	
12421	0	0	0	0	22	
12466	0	0	0	0	33	
12063	0	0	0	0	62	
12618	0	0	0	0	46	
12505	0	0	0	0	49	
12591	0	0	0	0	43	
13148	0	0	0	0	46	
12780	0	0	0	0	48	
12495	0	0	0	0	28	
12044	0	0	0	0	44	
12920	0	0	0	0	46	
12911	0	0	0	0	53	
12329	0	0	0	0	42	
12814	0	0	0	0	41	
12821	0	0	0	0	53	
12949	0	0	0	0	63	
12670	0	0	0	0	55	
12551	0	0	0	0	54	
12646	0	0	0	0	36	
12697	0	0	0	0	40	
12130	0	0	0	0	45	
12110	0	0	0	0	45	
12448	0	0	0	0	32	
13106	0	0	0	0	75	
12931	0	0	0	0	69	
12658	0	0	0	0	56	
13029	0	0	0	0	61	
12190	0	0	0	0	40	
12287	0	0	0	0	37	
12626	0	0	0	0	69	
12913	0	0	0	0	57	
12828	0	0	0	0	62	
12502	0	0	0	0	49	
12642	0	0	0	0	56	
12677	0	0	0	0	42	
12332	0	0	0	0	45	
12849	0	0	0	0	56	
12544	0	0	0	0	62	
12807	0	0	0	0	56	
12618	0	0	0	0	51	
12857	0	0	0	0	61	
12853	0	0	0	0	49	
12337	0	0	0	0	45	
12243	0	0	0	0	42	
12332	0	0	0	0	42	
12417	0	0	0	0	46	
12788	0	0	0	0	32	
12240	0	0	0	0	31	
12355	0	0	0	0	31	
11667	0	0	0	0	46	
12490	0	0	0	0	31	
12110	0	0	0	0	44	
12579	0	0	0	0	50	
12332	0	0	0	0	51	
12496	0	0	0	0	72	
12486	0	0	0	0	63	
12342	0	0	0	0	51	
12480	0	0	0	0	30	
12674	0	0	0	0	26	
12710	0	0	0	0	59	
12481	0	0	0	0	45	
12583	0	0	0	0	49	
12144	0	0	0	0	56	
12476	0	0	0	0	58	
12371	0	0	0	0	50	
12409	0	0	0	0	61	
12511	0	0	0	0	39	
12613	0	0	0	0	37	
13143	0	0	0	0	46	
12014	0	0	0	0	48	
12602	0	0	0	0	36	
12512	0	0	0	0	48	
11739	0	0	0	0	37	
12286	0	0	0	0	44	
12302	0	0	0	0	51	
12328	0	0	0	0	42	
12247	0	0	0	0	54	
12147	0	0	0	0	41	
12471	0	0	0	0	33	
11895	0	0	0	0	22	
12504	0	0	0	0	60	
12649	0	0	0	0	27	
10346	0	0	0	0	42	
12571	0	0	0	0	44	
12466	0	0	0	0	48	
12439	0	0	0	0	65	
12650	0	0	0	0	40	
12305	0	0	0	0	38	
12642	0	0	0	0	55	
12298	0	0	0	0	38	
12272	0	0	0	0	40	
12480	0	0	0	0	41	
12126	0	0	0	0	59	
11958	0	0	0	0	50	
13014	0	0	0	0	44	
12779	0	0	0	0	51	
12522	0	0	0	0	49	
12185	0	0	0	0	55	
12879	0	0	0	0	46	
12696	0	0	0	0	47	
12059	0	0	0	0	33	
12460	0	0	0	0	44	
12784	0	0	0	0	62	
12272	0	0	0	0	29	
13090	0	0	0	0	39	
12303	0	0	0	0	42	
11787	0	0	0	0	49	
10272	0	0	0	0	34	
12299	0	0	0	0	35	
12501	0	0	0	0	38	
13103	0	0	0	0	69	
12817	0	0	0	0	60	
12593	0	0	0	0	70	
12018	0	0	0	0	53	
12919	0	0	0	0	62	
12553	0	0	0	0	42	
12789	0	0	0	0	42	
12635	0	0	0	0	30	
12720	0	0	0	0	52	
12862	0	0	0	0	34	
12075	0	0	0	0	40	
12481	0	0	0	0	32	
13022	0	0	0	0	48	
12749	0	0	0	0	45	
12534	0	0	0	0	52	
12793	0	0	0	0	71	
12799	0	0	0	0	53	
12192	0	0	0	0	44	
12396	0	0	0	0	42	
12359	0	0	0	0	50	
13181	0	0	0	0	60	
12817	0	0	0	0	29	
12942	0	0	0	0	41	
12266	0	0	0	0	55	
12769	0	0	0	0	39	
12764	0	0	0	0	43	
12595	0	0	0	0	44	
12975	0	0	0	0	50	
13217	0	0	0	0	35	
13017	0	0	0	0	47	
12192	0	0	0	0	40	
12598	0	0	0	0	37	
12749	0	0	0	0	52	
12616	0	0	0	0	38	
12647	0	0	0	0	60	
12624	0	0	0	0	34	
12904	0	0	0	0	42	
12135	0	0	0	0	38	
12578	0	0	0	0	48	
12888	0	0	0	0	48	
12780	0	0	0	0	33	
13007	0	0	0	0	34	
12685	0	0	0	0	36	
12713	0	0	0	0	31	
12729	0	0	0	0	52	
12521	0	0	0	0	51	
12870	0	0	0	0	58	
12620	0	0	0	0	41	
12675	0	0	0	0	38	
12606	0	0	0	0	45	
12374	0	0	0	0	40	
12455	0	0	0	0	34	
12890	0	0	0	0	67	
12674	0	0	0	0	42	
12471	0	0	0	0	51	
12385	0	0	0	0	50	
13062	0	0	0	0	38	
12330	0	0	0	0	42	
11991	0	0	0	0	39	
12786	0	0	0	0	45	
12617	0	0	0	0	37	
12420	0	0	0	0	40	
12418	0	0	0	0	45	
12517	0	0	0	0	46	
12523	0	0	0	0	31	
12151	0	0	0	0	30	
13165	0	0	0	0	41	
12217	0	0	0	0	33	
12629	0	0	0	0	46	
12506	0	0	0	0	45	
13016	0	0	0	0	49	
12315	0	0	0	0	34	
13049	0	0	0	0	46	
13168	0	0	0	0	38	
12910	0	0	0	0	47	
12617	0	0	0	0	37	
12505	0	0	0	0	39	
12024	0	0	0	0	23	
12857	0	0	0	0	50	
12541	0	0	0	0	41	
12803	0	0	0	0	29	
12107	0	0	0	0	51	
12371	0	0	0	0	35	
12111	0	0	0	0	38	
12464	0	0	0	0	67	
12503	0	0	0	0	40	
12998	0	0	0	0	50	
12652	0	0	0	0	22	
12704	0	0	0	0	52	
12696	0	0	0	0	39	
12440	0	0	0	0	28	
12168	0	0	0	0	32	
12846	0	0	0	0	47	
12255	0	0	0	0	27	
12473	0	0	0	0	47	
12406	0	0	0	0	40	
12486	0	0	0	0	22	
12291	0	0	0	0	40	
12532	0	0	0	0	43	
12453	0	0	0	0	24	
12642	0	0	0	0	35	
11944	0	0	0	0	56	
12383	0	0	0	0	65	
12484	0	0	0	0	40	
12266	0	0	0	0	53	
13023	0	0	0	0	51	
12492	0	0	0	0	60	
12100	0	0	0	0	54	
12657	0	0	0	0	58	
12320	0	0	0	0	41	
12949	0	0	0	0	63	
12502	0	0	0	0	30	
12955	0	0	0	0	62	
12906	0	0	0	0	34	
12734	0	0	0	0	61	
12484	0	0	0	48	55	
12859	0	0	0	187	38	
13014	0	0	0	167	40	
12360	0	0	0	169	47	
12805	0	0	0	172	46	
12750	0	0	0	170	32	
12773	0	0	0	170	63	
12127	0	0	0	175	29	
13185	0	0	0	166	45	
12988	0	0	0	163	55	
11968	0	0	0	169	41	
12477	0	0	0	166	45	
12443	0	0	0	166	42	
12726	0	0	0	163	43	
12650	0	0	0	167	22	
12447	0	0	0	167	52	
12500	0	0	0	170	34	
12350	0	0	0	167	47	
12631	0	0	0	168	34	
12631	0	0	0	163	50	
12747	0	0	0	169	54	
12627	0	0	0	167	43	
13041	0	0	0	160	32	
12169	0	0	0	167	37	
12526	0	0	0	165	43	
13059	0	0	0	169	63	
12631	0	0	0	168	41	
12583	0	0	0	163	40	
12167	0	0	0	165	54	
12523	0	0	0	162	52	
12587	0	0	0	187	48	
12515	0	0	0	173	40	
12566	0	0	0	180	47	
12947	0	0	0	173	46	
12946	0	0	0	174	56	
12779	0	0	0	176	24	
12409	0	0	0	171	49	
12251	0	0	0	172	58	
12158	0	0	0	176	31	
12594	0	0	0	166	38	
12337	0	0	0	168	35	
12519	0	0	0	170	66	
12765	0	0	0	161	49	
12971	0	0	0	168	52	
12289	0	0	0	167	19	
13071	0	0	0	161	59	
12965	0	0	0	163	38	
12566	0	0	0	171	46	
12814	0	0	0	165	53	
12500	0	0	0	165	31	
12432	0	0	0	175	36	
11898	0	0	0	162	41	
12774	0	0	0	165	42	
12736	0	0	0	170	48	
12222	0	0	0	169	48	
12483	0	0	0	166	51	
12405	0	0	0	173	37	
12825	0	0	0	175	24	
12322	0	0	0	173	27	
12824	0	0	0	169	65	
12615	0	0	0	181	38	
12747	0	0	0	172	48	
12529	0	0	0	167	56	
12356	0	0	0	170	60	
12530	0	0	0	172	49	
12541	0	0	0	171	41	
12526	0	0	0	173	27	
12542	0	0	0	169	39	
12372	0	0	0	169	35	
12624	0	0	0	167	49	
12425	0	0	0	170	30	
12301	0	0	0	170	35	
12069	0	0	0	167	65	
12820	0	0	0	170	51	
12710	0	0	0	169	53	
12438	0	0	0	168	44	
11936	0	0	0	171	58	
12518	0	0	0	172	42	
11625	0	0	0	170	28	
12586	0	0	0	164	46	
12658	0	0	0	168	33	
12546	0	0	0	166	52	
12363	0	0	0	166	31	
12718	0	0	0	169	38	
12907	0	0	0	164	58	
12367	0	0	0	166	55	
12659	0	0	0	173	36	
12179	0	0	0	167	50	
12383	0	0	0	164	20	
12325	0	0	0	170	33	
12045	0	0	0	187	84	
12130	0	0	0	175	54	
12325	0	0	0	170	30	
12594	0	0	0	178	48	
12673	0	0	0	176	35	
12633	0	0	0	167	41	
12109	0	0	0	175	34	
12897	0	0	0	177	45	
12606	0	0	0	170	43	
12416	0	0	0	168	31	
13131	0	0	0	174	52	
12998	0	0	0	165	32	
12603	0	0	0	168	62	
12503	0	0	0	169	41	
12492	0	0	0	167	44	
12448	0	0	0	169	40	
12092	0	0	0	171	46	
12454	0	0	0	163	36	
12659	0	0	0	168	36	
12649	0	0	0	175	50	
12160	0	0	0	171	40	
12748	0	0	0	172	50	
12210	0	0	0	176	39	
11934	0	0	0	170	32	
12103	0	0	0	170	37	
12619	0	0	0	174	39	
12495	0	0	0	169	28	
12938	0	0	0	172	39	
11926	0	0	0	167	30	
12716	0	0	0	170	33	
12133	0	0	0	182	34	
12431	0	0	0	176	36	
12657	0	0	0	173	49	
12529	0	0	0	165	52	
12364	0	0	0	168	49	
12543	0	0	0	170	24	
12249	0	0	0	167	29	
12129	0	0	0	168	39	
12550	0	0	0	171	34	
12259	0	0	0	171	35	
12116	0	0	0	165	40	
12457	0	0	0	172	42	
12318	0	0	0	170	41	
12428	0	0	0	170	46	
12107	0	0	0	169	33	
12320	0	0	0	171	31	
12287	0	0	0	168	51	
12943	0	0	0	170	35	
11994	0	0	0	165	30	
12502	0	0	0	168	54	
12289	0	0	0	170	55	
12184	0	0	0	167	34	
12175	0	0	0	169	41	
12095	0	0	0	174	53	
12506	0	0	0	174	44	
12427	0	0	0	169	39	
12397	0	0	0	173	56	
12493	0	0	0	171	26	
11935	0	0	0	165	41	
12498	0	0	0	172	41	
12161	0	0	0	181	69	
12427	0	0	0	180	43	
12529	0	0	0	167	39	
12448	0	0	0	178	47	
12465	0	0	0	171	13	
11976	0	0	0	176	47	
12415	0	0	0	176	45	
12976	0	0	0	174	54	
12662	0	0	0	171	28	
12762	0	0	0	176	41	
12205	0	0	0	167	29	
12816	0	0	0	168	38	
12100	0	0	0	172	50	
12298	0	0	0	168	35	
12561	0	0	0	165	35	
12758	0	0	0	172	30	
13107	0	0	0	165	63	
12612	0	0	0	166	54	
12355	0	0	0	167	51	
12345	0	0	0	171	27	
12475	0	0	0	169	71	
12184	0	0	0	170	42	
12895	0	0	0	172	33	
12621	0	0	0	172	42	
12564	0	0	0	174	59	
11795	0	0	0	169	67	
12703	0	0	0	169	40	
12512	0	0	0	174	48	
12720	0	0	0	168	51	
12283	0	0	0	162	43	
12575	0	0	0	180	23	
12398	0	0	0	175	45	
11917	0	0	0	168	43	
12359	0	0	0	172	43	
12766	0	0	0	170	58	
9845	0	0	0	172	28	
12489	0	0	0	167	40	
10817	0	0	0	170	39	
12322	0	0	0	174	33	
12175	0	0	0	171	51	
12957	0	0	0	170	52	
12430	0	0	0	183	54	
12204	0	0	0	173	27	
12571	0	0	0	174	32	
11921	0	0	0	174	30	
12738	0	0	0	172	50	
12288	0	0	0	171	35	
12707	0	0	0	173	48	
12301	0	0	0	177	33	
12526	0	0	0	165	24	
12175	0	0	0	166	60	
12452	0	0	0	162	36	
12095	0	0	0	166	51	
11892	0	0	0	168	38	
12409	0	0	0	166	40	
12411	0	0	0	165	42	
12259	0	0	0	169	24	
12655	0	0	0	166	48	
12556	0	0	0	167	41	
10658	0	0	0	169	42	
12543	0	0	0	182	35	
12313	0	0	0	184	43	
12238	0	0	0	174	34	
12774	0	0	0	179	53	
12473	0	0	0	175	43	
12557	0	0	0	172	34	
12838	0	0	0	174	45	
12047	0	0	0	174	43	
12493	0	0	0	174	32	
12676	0	0	0	173	32	
8707	0	0	0	165	36	
12398	0	0	0	168	54	
12382	0	0	0	164	49	
12430	0	0	0	170	37	
12759	0	0	0	168	28	
12562	0	0	0	165	50	
12271	0	0	0	175	34	
12334	0	0	0	166	55	
12553	0	0	0	165	53	
12483	0	0	0	176	44	
12637	0	0	0	172	51	
12443	0	0	0	172	39	
12765	0	0	0	174	47	
12527	0	0	0	177	25	
12656	0	0	0	168	29	
12678	0	0	0	176	42	
12810	0	0	0	171	36	
12889	0	0	0	174	35	
12272	0	0	0	175	38	
11903	0	0	0	167	30	
12620	0	0	0	172	42	
12860	0	0	0	178	42	
12380	0	0	0	173	38	
12686	0	0	0	168	45	
12143	0	0	0	167	30	
12000	0	0	0	172	63	
12830	0	0	0	169	43	
12234	0	0	0	169	43	
12085	0	0	0	162	33	
12608	0	0	0	173	49	
12196	0	0	0	171	41	
12541	0	0	0	169	59	
12109	0	0	0	168	33	
12934	0	0	0	172	35	
12909	0	0	0	166	45	
12662	0	0	0	174	32	
12590	0	0	0	173	37	
12770	0	0	0	165	47	
12265	0	0	0	173	46	
12085	0	0	0	170	31	
12344	0	0	0	167	42	
12633	0	0	0	165	55	
12363	0	0	0	167	33	
12465	0	0	0	165	34	
12727	0	0	0	173	51	
12685	0	0	0	168	49	
12403	0	0	0	168	35	
12546	0	0	0	173	34	
12327	0	0	0	171	58	
12548	0	0	0	173	51	
12504	0	0	0	185	66	
12225	0	0	0	184	26	
12495	0	0	0	178	40	
11769	0	0	0	181	24	
12604	0	0	0	176	35	
12527	0	0	0	178	51	
12521	0	0	0	175	70	
12764	0	0	0	177	62	
12143	0	0	0	175	44	
12495	0	0	0	167	30	
12590	0	0	0	172	36	
12751	0	0	0	169	38	
12859	0	0	0	167	38	
12589	0	0	0	163	51	
12223	0	0	0	172	44	
12626	0	0	0	168	31	
12102	0	0	0	168	34	
12792	0	0	0	170	28	
12959	0	0	0	169	44	
12166	0	0	0	171	28	
12508	0	0	0	171	52	
12314	0	0	0	173	38	
12545	0	0	0	171	44	
12451	0	0	0	171	58	
11911	0	0	0	170	39	
12341	0	0	0	173	40	
12100	0	0	0	170	51	
12440	0	0	0	167	36	
12271	0	0	0	172	40	
12155	0	0	0	169	56	
12339	0	0	0	174	57	
12297	0	0	0	176	36	
12689	0	0	0	169	44	
12629	0	0	0	170	54	
12722	0	0	0	172	51	
12423	0	0	0	167	38	
12103	0	0	0	164	32	
12410	0	0	0	166	25	
11440	0	0	0	168	28	
9369	0	0	0	173	38	
12196	0	0	0	175	48	
12069	0	0	0	174	41	
12311	0	0	0	171	24	
12775	0	0	0	175	51	
12544	0	0	0	176	28	
12030	0	0	0	170	38	
12251	0	0	0	178	41	
12559	0	0	0	175	49	
12346	0	0	0	174	42	
12365	0	0	0	166	35	
12548	0	0	0	169	40	
12602	0	0	0	164	45	
12084	0	0	0	167	38	
12160	0	0	0	164	43	
12486	0	0	0	166	47	
12564	0	0	0	169	52	
11978	0	0	0	165	42	
12653	0	0	0	170	34	
12480	0	0	0	169	38	
12252	0	0	0	170	42	
10849	0	0	0	172	54	
12759	0	0	0	186	56	
12673	0	0	0	178	27	
12441	0	0	0	177	46	
10889	0	0	0	176	37	
12030	0	0	0	172	42	
11917	0	0	0	171	55	
12639	0	0	0	169	33	
12656	0	0	0	169	59	
12526	0	0	0	164	46	
12532	0	0	0	163	35	
12892	0	0	0	167	44	
12171	0	0	0	164	42	
12454	0	0	0	164	27	
12348	0	0	0	169	38	
12894	0	0	0	164	28	
12905	0	0	0	164	38	
12237	0	0	0	167	44	
11987	0	0	0	163	36	
11931	0	0	0	172	43	
12332	0	0	0	170	31	
12508	0	0	0	169	43	
10093	0	0	0	173	38	
12547	0	0	0	170	44	
12726	0	0	0	167	27	
12143	0	0	0	171	48	
12132	0	0	0	171	30	
12410	0	0	0	170	46	
12511	0	0	0	173	48	
12163	0	0	0	172	57	
12048	0	0	0	174	34	
12367	0	0	0	186	58	
12586	0	0	0	168	21	
12146	0	0	0	178	42	
12540	0	0	0	170	29	
12770	0	0	0	175	51	
10904	0	0	0	176	45	
11142	0	0	0	176	44	
12316	0	0	0	169	52	
12945	0	0	0	163	45	
12211	0	0	0	168	39	
12348	0	0	0	162	37	
88	0	0	0	17	0	
0	0	0	0	0	0	
