# xct_end restore_begin restore_segment restore_end page_write page_read
0	0	0	0	0	0	
0	0	0	0	0	0	
0	0	0	0	0	0	
0	0	0	0	0	0	
0	0	0	0	0	0	
0	0	0	0	0	0	
0	0	0	0	0	0	
0	0	0	0	0	0	
0	0	0	0	0	0	
0	0	0	0	0	0	
0	0	0	0	0	0	
0	0	0	0	0	0	
0	0	0	0	0	0	
0	0	0	0	0	0	
0	0	0	0	0	0	
0	0	0	0	0	0	
0	0	0	0	0	0	
0	0	0	0	0	0	
0	0	0	0	0	0	
0	0	0	0	0	0	
0	0	0	0	0	0	
0	0	0	0	0	0	
0	0	0	0	0	0	
0	0	0	0	0	0	
0	0	0	0	0	0	
0	0	0	0	0	0	
0	0	0	0	0	0	
0	0	0	0	0	0	
0	0	0	0	0	0	
0	0	0	0	0	0	
0	0	0	0	0	0	
0	0	0	0	0	0	
0	0	0	0	0	0	
0	0	0	0	0	0	
0	0	0	0	0	0	
0	0	0	0	0	0	
0	0	0	0	0	0	
0	0	0	0	0	0	
0	0	0	0	0	0	
0	0	0	0	0	0	
0	0	0	0	0	0	
0	0	0	0	0	0	
0	0	0	0	0	0	
0	0	0	0	0	0	
0	0	0	0	0	0	
0	0	0	0	0	0	
0	0	0	0	0	0	
0	0	0	0	0	0	
0	0	0	0	0	0	
0	0	0	0	0	0	
0	0	0	0	0	0	
0	0	0	0	0	0	
0	0	0	0	0	0	
0	0	0	0	0	0	
0	0	0	0	0	0	
0	0	0	0	0	0	
0	0	0	0	0	0	
0	0	0	0	0	0	
0	0	0	0	0	0	
0	0	0	0	0	0	
0	0	0	0	0	0	
0	0	0	0	0	0	
0	0	0	0	0	0	
0	0	0	0	0	0	
0	0	0	0	0	0	
0	0	0	0	0	0	
0	0	0	0	0	0	
0	0	0	0	0	0	
0	0	0	0	0	0	
0	0	0	0	0	0	
0	0	0	0	0	0	
0	0	0	0	0	0	
0	0	0	0	0	0	
0	0	0	0	0	0	
0	0	0	0	0	0	
0	0	0	0	0	0	
0	0	0	0	0	0	
0	0	0	0	0	0	
0	0	0	0	0	0	
0	0	0	0	0	0	
0	0	0	0	0	0	
0	0	0	0	0	0	
0	0	0	0	0	0	
0	0	0	0	0	0	
0	0	0	0	0	0	
0	0	0	0	0	0	
0	0	0	0	0	0	
0	0	0	0	0	0	
0	0	0	0	0	0	
0	0	0	0	0	0	
0	0	0	0	0	0	
0	0	0	0	0	0	
0	0	0	0	0	0	
0	0	0	0	0	0	
0	0	0	0	0	0	
0	0	0	0	0	0	
0	0	0	0	0	0	
0	0	0	0	0	0	
0	0	0	0	0	0	
0	0	0	0	0	0	
0	0	0	0	0	0	
0	0	0	0	0	0	
0	0	0	0	0	0	
0	0	0	0	0	0	
0	0	0	0	0	0	
0	0	0	0	0	0	
0	0	0	0	0	0	
0	0	0	0	0	0	
0	0	0	0	0	0	
0	0	0	0	0	0	
0	0	0	0	0	0	
0	0	0	0	0	0	
0	0	0	0	0	0	
0	0	0	0	0	0	
0	0	0	0	0	0	
0	0	0	0	0	0	
0	0	0	0	0	0	
0	0	0	0	0	0	
0	0	0	0	0	0	
0	0	0	0	0	0	
0	0	0	0	0	0	
0	0	0	0	0	0	
0	0	0	0	0	0	
0	0	0	0	0	0	
0	0	0	0	0	0	
0	0	0	0	0	0	
0	0	0	0	0	0	
0	0	0	0	0	0	
0	0	0	0	0	0	
0	0	0	0	0	0	
0	0	0	0	0	0	
0	0	0	0	0	0	
0	0	0	0	0	0	
0	0	0	0	0	0	
0	0	0	0	0	0	
0	0	0	0	0	0	
0	0	0	0	0	0	
0	0	0	0	0	0	
0	0	0	0	0	0	
0	0	0	0	0	0	
0	0	0	0	0	0	
0	0	0	0	0	0	
0	0	0	0	0	0	
0	0	0	0	0	0	
0	0	0	0	0	0	
0	0	0	0	0	0	
0	0	0	0	0	0	
0	0	0	0	0	0	
0	0	0	0	0	0	
0	0	0	0	0	0	
0	0	0	0	0	0	
0	0	0	0	0	0	
0	0	0	0	0	0	
0	0	0	0	0	0	
0	0	0	0	0	0	
0	0	0	0	0	0	
0	0	0	0	0	0	
0	0	0	0	0	0	
0	0	0	0	0	0	
0	0	0	0	0	0	
0	0	0	0	0	0	
0	0	0	0	0	0	
0	0	0	0	0	0	
0	0	0	0	0	0	
0	0	0	0	0	0	
0	0	0	0	0	0	
0	0	0	0	0	0	
0	0	0	0	0	0	
0	0	0	0	0	0	
0	0	0	0	0	0	
0	0	0	0	0	0	
0	0	0	0	0	0	
0	0	0	0	0	0	
0	0	0	0	0	0	
0	0	0	0	0	0	
0	0	0	0	0	0	
0	0	0	0	0	0	
0	0	0	0	0	0	
0	0	0	0	0	0	
0	0	0	0	0	0	
0	0	0	0	0	0	
0	0	0	0	0	0	
0	0	0	0	0	0	
0	0	0	0	0	0	
0	0	0	0	0	0	
0	0	0	0	0	0	
0	0	0	0	0	0	
0	0	0	0	0	0	
0	0	0	0	0	0	
0	0	0	0	0	0	
0	0	0	0	0	0	
0	0	0	0	0	0	
0	0	0	0	0	0	
0	0	0	0	0	0	
0	0	0	0	0	0	
0	0	0	0	0	0	
0	0	0	0	0	0	
0	0	0	0	0	0	
0	0	0	0	0	0	
0	0	0	0	0	0	
0	0	0	0	0	0	
0	0	0	0	0	0	
0	0	0	0	0	0	
0	0	0	0	0	0	
0	0	0	0	0	0	
0	0	0	0	0	0	
0	0	0	0	0	0	
0	0	0	0	0	0	
0	0	0	0	0	0	
0	0	0	0	0	0	
0	0	0	0	0	0	
0	0	0	0	0	0	
0	0	0	0	0	0	
0	0	0	0	0	0	
0	0	0	0	0	0	
0	0	0	0	0	0	
0	0	0	0	0	0	
0	0	0	0	0	0	
0	0	0	0	0	0	
0	0	0	0	0	0	
0	0	0	0	0	0	
0	0	0	0	0	0	
0	0	0	0	0	0	
0	0	0	0	0	0	
0	0	0	0	0	0	
0	0	0	0	0	0	
0	0	0	0	0	0	
0	0	0	0	0	0	
0	0	0	0	0	0	
0	0	0	0	0	0	
0	0	0	0	0	0	
0	0	0	0	0	0	
0	0	0	0	0	0	
0	0	0	0	0	0	
0	0	0	0	0	0	
0	0	0	0	0	0	
0	0	0	0	0	0	
0	0	0	0	0	0	
0	0	0	0	0	0	
0	0	0	0	0	0	
0	0	0	0	0	0	
0	0	0	0	0	0	
0	0	0	0	0	0	
0	0	0	0	0	0	
0	0	0	0	0	0	
0	0	0	0	0	0	
0	0	0	0	0	0	
0	0	0	0	0	0	
0	0	0	0	0	0	
0	0	0	0	0	0	
0	0	0	0	0	0	
0	0	0	0	0	0	
0	0	0	0	0	0	
0	0	0	0	0	0	
0	0	0	0	0	0	
0	0	0	0	0	0	
0	0	0	0	0	0	
0	0	0	0	0	0	
0	0	0	0	0	0	
0	0	0	0	0	0	
0	0	0	0	0	0	
0	0	0	0	0	0	
0	0	0	0	0	0	
0	0	0	0	0	0	
0	0	0	0	0	0	
0	0	0	0	0	0	
0	0	0	0	0	0	
0	0	0	0	0	0	
0	0	0	0	0	0	
0	0	0	0	0	0	
0	0	0	0	0	0	
0	0	0	0	0	0	
0	0	0	0	0	0	
0	0	0	0	0	0	
0	0	0	0	0	0	
0	0	0	0	0	0	
0	0	0	0	0	0	
0	0	0	0	0	0	
0	0	0	0	0	0	
0	0	0	0	0	0	
0	0	0	0	0	0	
0	0	0	0	0	0	
0	0	0	0	0	0	
0	0	0	0	0	0	
0	0	0	0	0	0	
0	0	0	0	0	0	
0	0	0	0	0	0	
0	0	0	0	0	0	
0	0	0	0	0	0	
0	0	0	0	0	0	
0	0	0	0	0	0	
0	0	0	0	0	0	
0	0	0	0	0	0	
0	0	0	0	0	0	
0	0	0	0	0	0	
0	0	0	0	0	0	
0	0	0	0	0	0	
0	0	0	0	0	0	
0	0	0	0	0	0	
0	0	0	0	0	0	
0	0	0	0	0	0	
0	0	0	0	0	0	
0	0	0	0	0	0	
0	0	0	0	0	0	
0	0	0	0	0	0	
0	0	0	0	0	0	
0	0	0	0	0	0	
0	0	0	0	0	0	
0	0	0	0	0	0	
0	0	0	0	0	0	
0	0	0	0	0	0	
0	0	0	0	0	0	
0	0	0	0	0	0	
0	0	0	0	0	0	
0	0	0	0	0	0	
0	0	0	0	0	0	
0	0	0	0	0	0	
0	0	0	0	0	0	
0	0	0	0	0	0	
0	0	0	0	0	0	
0	0	0	0	0	0	
0	0	0	0	0	0	
0	0	0	0	0	0	
0	0	0	0	0	0	
0	0	0	0	0	0	
0	0	0	0	0	0	
0	0	0	0	0	0	
0	0	0	0	0	0	
0	0	0	0	0	0	
0	0	0	0	0	0	
0	0	0	0	0	0	
0	0	0	0	0	0	
0	0	0	0	0	0	
0	0	0	0	0	0	
0	0	0	0	0	0	
0	0	0	0	0	0	
0	0	0	0	0	0	
0	0	0	0	0	0	
0	0	0	0	0	0	
0	0	0	0	0	0	
0	0	0	0	0	0	
0	0	0	0	0	0	
0	0	0	0	0	0	
0	0	0	0	0	0	
0	0	0	0	0	0	
0	0	0	0	0	0	
0	0	0	0	0	0	
0	0	0	0	0	0	
0	0	0	0	0	0	
0	0	0	0	0	0	
0	0	0	0	0	0	
0	0	0	0	0	0	
0	0	0	0	0	0	
0	0	0	0	0	0	
0	0	0	0	0	0	
0	0	0	0	0	0	
0	0	0	0	0	0	
0	0	0	0	0	0	
0	0	0	0	0	0	
0	0	0	0	0	0	
0	0	0	0	0	0	
0	0	0	0	0	0	
0	0	0	0	0	0	
0	0	0	0	0	0	
0	0	0	0	0	0	
0	0	0	0	0	0	
0	0	0	0	0	0	
0	0	0	0	0	0	
0	0	0	0	0	0	
0	0	0	0	0	0	
0	0	0	0	0	0	
0	0	0	0	0	0	
0	0	0	0	0	0	
0	0	0	0	0	0	
0	0	0	0	0	0	
0	0	0	0	0	0	
0	0	0	0	0	0	
0	0	0	0	0	0	
0	0	0	0	0	0	
0	0	0	0	0	0	
0	0	0	0	0	0	
0	0	0	0	0	0	
0	0	0	0	0	0	
0	0	0	0	0	0	
0	0	0	0	0	0	
0	0	0	0	0	0	
0	0	0	0	0	0	
0	0	0	0	0	0	
0	0	0	0	0	0	
0	0	0	0	0	0	
0	0	0	0	0	0	
0	0	0	0	0	0	
0	0	0	0	0	0	
0	0	0	0	0	0	
0	0	0	0	0	0	
0	0	0	0	0	0	
0	0	0	0	0	0	
0	0	0	0	0	0	
0	0	0	0	0	0	
0	0	0	0	0	0	
0	0	0	0	0	0	
0	0	0	0	0	0	
0	0	0	0	0	0	
0	0	0	0	0	0	
0	0	0	0	0	0	
0	0	0	0	0	0	
0	0	0	0	0	0	
0	0	0	0	0	0	
0	0	0	0	0	0	
0	0	0	0	0	0	
0	0	0	0	0	0	
0	0	0	0	0	0	
0	0	0	0	0	0	
0	0	0	0	0	0	
0	0	0	0	0	0	
0	0	0	0	0	0	
0	0	0	0	0	0	
0	0	0	0	0	0	
0	0	0	0	0	0	
0	0	0	0	0	0	
0	0	0	0	0	0	
0	0	0	0	0	0	
0	0	0	0	0	0	
0	0	0	0	0	0	
0	0	0	0	0	0	
0	0	0	0	0	0	
0	0	0	0	0	0	
0	0	0	0	0	0	
0	0	0	0	0	0	
0	0	0	0	0	0	
0	0	0	0	0	0	
0	0	0	0	0	0	
0	0	0	0	0	0	
0	0	0	0	0	0	
0	0	0	0	0	0	
0	0	0	0	0	0	
0	0	0	0	0	0	
0	0	0	0	0	0	
0	0	0	0	0	0	
0	0	0	0	0	0	
92	0	0	0	0	2321	
1559	0	0	0	170	24903	
1474	0	0	0	860	16086	
2146	0	0	0	718	16248	
3086	0	0	0	687	18356	
3200	0	0	0	618	16432	
3521	0	0	0	617	17228	
3864	0	0	0	677	17049	
4651	0	0	0	667	18160	
4706	0	0	0	656	16867	
4159	0	0	0	483	13501	
5697	0	0	0	656	16532	
6556	0	0	0	736	17081	
6711	0	0	0	586	15273	
8179	0	0	0	0	15945	
8154	0	0	0	418	13538	
8763	0	0	0	676	12859	
9195	0	0	0	638	11549	
8588	0	0	0	601	9670	
9262	0	0	0	625	8775	
9921	0	0	0	629	8096	
10063	0	0	0	648	7471	
9984	0	0	0	620	6300	
10431	0	0	0	632	6103	
9768	0	0	0	629	5054	
10039	0	0	0	580	4477	
10908	0	0	0	654	4278	
10598	0	0	0	634	3796	
10774	0	0	0	617	3572	
10388	0	0	0	591	3142	
10795	0	0	0	604	3080	
10898	0	0	0	631	2697	
11215	0	0	0	646	2598	
10792	0	0	0	575	2459	
11048	0	0	0	595	2138	
11377	0	0	0	622	1949	
11672	0	0	0	626	1869	
10114	0	0	0	551	1501	
10432	0	0	0	606	1396	
11120	0	0	0	570	1372	
11854	0	0	0	598	1493	
11284	0	0	0	564	1387	
10661	0	0	0	523	1090	
11011	0	0	0	561	1117	
11364	0	0	0	569	1020	
11033	0	0	0	556	1012	
2366	0	0	0	110	230	
6284	0	0	0	303	523	
12840	0	0	0	612	975	
11449	0	0	0	567	834	
10752	0	0	0	616	737	
10042	0	0	0	544	731	
10170	0	0	0	542	657	
9992	0	0	0	529	696	
10053	0	0	0	530	614	
9623	0	0	0	512	517	
10160	0	0	0	531	591	
9668	0	0	0	510	510	
9287	0	0	0	486	455	
10341	0	0	0	544	522	
10368	0	0	0	562	504	
9934	0	0	0	529	431	
9742	0	0	0	525	498	
10417	0	0	0	553	443	
10753	0	0	0	530	436	
10731	0	0	0	522	426	
9938	0	0	0	485	384	
10201	0	0	0	500	404	
10393	0	0	0	521	365	
9603	0	0	0	496	346	
9636	0	0	0	493	308	
10649	0	0	0	534	393	
11008	0	0	0	561	332	
9976	0	0	0	522	329	
10782	0	0	0	563	351	
10271	0	0	0	540	313	
9925	0	0	0	517	271	
10579	0	0	0	560	300	
9989	0	0	0	519	266	
10704	0	0	0	539	281	
10840	0	0	0	554	288	
9856	0	0	0	509	258	
9745	0	0	0	509	241	
9690	0	0	0	538	241	
10683	0	0	0	578	288	
10167	0	0	0	533	253	
9987	0	0	0	521	237	
10607	0	0	0	544	291	
10109	0	0	0	522	252	
10411	0	0	0	532	242	
10059	0	0	0	524	215	
10213	0	0	0	510	255	
9840	0	0	0	519	218	
10533	0	0	0	529	232	
10148	0	0	0	505	202	
10582	0	0	0	529	251	
10818	0	0	0	564	233	
9467	0	0	0	486	204	
9521	0	0	0	500	183	
9897	0	0	0	519	195	
10416	0	0	0	577	213	
9773	0	0	0	513	212	
10589	0	0	0	544	220	
10047	0	0	0	545	214	
10425	0	0	0	559	187	
9834	0	0	0	527	156	
9987	0	0	0	514	176	
9718	0	0	0	499	166	
10720	0	0	0	557	190	
9745	0	0	0	515	189	
10205	0	0	0	525	191	
10355	0	0	0	540	164	
10562	0	0	0	555	191	
10629	0	0	0	558	187	
9659	0	0	0	522	134	
11106	0	0	0	594	185	
11186	0	0	0	557	169	
10200	0	0	0	536	180	
10463	0	0	0	528	162	
10621	0	0	0	517	168	
10587	0	0	0	534	182	
9710	0	0	0	475	164	
10062	0	0	0	488	137	
10437	0	0	0	549	154	
10848	0	0	0	551	148	
10277	0	0	0	511	170	
10638	0	0	0	539	172	
9317	0	0	0	516	151	
10898	0	0	0	571	156	
10551	0	0	0	534	149	
10010	0	0	0	517	160	
10487	0	0	0	558	159	
10778	0	0	0	553	140	
10676	0	0	0	544	154	
10880	0	0	0	552	127	
10632	0	0	0	562	148	
11231	0	0	0	602	135	
10729	0	0	0	558	135	
11064	0	0	0	592	144	
10695	0	0	0	570	109	
11465	0	0	0	615	134	
10113	0	0	0	521	143	
9549	0	0	0	486	141	
10597	0	0	0	537	121	
10538	0	0	0	578	128	
10863	0	0	0	527	115	
10184	0	0	0	500	139	
10587	0	0	0	514	106	
10899	0	0	0	520	140	
10213	0	0	0	528	128	
9966	0	0	0	504	103	
9821	0	0	0	533	98	
9876	0	0	0	513	113	
10545	0	0	0	562	122	
10390	0	0	0	538	106	
10213	0	0	0	519	96	
10509	0	0	0	530	110	
10251	0	0	0	536	130	
9692	0	0	0	518	102	
9614	0	0	0	520	98	
9953	0	0	0	519	86	
9987	0	0	0	532	101	
9984	0	0	0	520	90	
10073	0	0	0	541	93	
11501	0	0	0	612	99	
10969	0	0	0	575	104	
10760	0	0	0	567	118	
10790	0	0	0	559	78	
11475	0	0	0	555	101	
10225	0	0	0	553	105	
9859	0	0	0	479	71	
9729	0	0	0	473	68	
10397	0	0	0	514	86	
10443	0	0	0	518	95	
10157	0	0	0	534	108	
9965	0	0	0	506	84	
10160	0	0	0	538	95	
9957	0	0	0	523	91	
9950	0	0	0	511	84	
10198	0	0	0	527	94	
10876	0	0	0	569	83	
10041	0	0	0	517	84	
10467	0	0	0	538	81	
10658	0	0	0	547	81	
10451	0	0	0	545	65	
9953	0	0	0	528	83	
9680	0	0	0	508	74	
10157	0	0	0	550	79	
10356	0	0	0	550	76	
10294	0	0	0	540	73	
10891	0	0	0	600	80	
10344	0	0	0	547	82	
10464	0	0	0	556	82	
9865	0	0	0	516	77	
10878	0	0	0	552	78	
10800	0	0	0	523	83	
10259	0	0	0	563	80	
10520	0	0	0	527	65	
10993	0	0	0	522	70	
10502	0	0	0	515	78	
10726	0	0	0	527	77	
10173	0	0	0	523	74	
10335	0	0	0	528	60	
10205	0	0	0	549	50	
10597	0	0	0	558	68	
10482	0	0	0	533	68	
10067	0	0	0	512	72	
10187	0	0	0	523	74	
10451	0	0	0	547	56	
9954	0	0	0	525	87	
9841	0	0	0	511	65	
10532	0	0	0	544	60	
10960	0	0	0	562	82	
11101	0	0	0	584	69	
11057	0	0	0	573	74	
11213	0	0	0	583	72	
11276	0	0	0	589	54	
10309	0	0	0	535	57	
10446	0	0	0	552	48	
10341	0	0	0	595	73	
10063	0	0	0	523	57	
10058	0	0	0	526	52	
10382	0	0	0	523	62	
10290	0	0	0	501	61	
10582	0	0	0	515	62	
10262	0	0	0	507	55	
9788	0	0	0	471	44	
9942	0	0	0	528	53	
10540	0	0	0	538	53	
10247	0	0	0	529	41	
11283	0	0	0	575	63	
11344	0	0	0	595	53	
10365	0	0	0	536	51	
9915	0	0	0	515	52	
9845	0	0	0	512	50	
9792	0	0	0	545	44	
10872	0	0	0	588	56	
10809	0	0	0	557	47	
10318	0	0	0	529	48	
10448	0	0	0	528	44	
11271	0	0	0	593	45	
10145	0	0	0	542	39	
10350	0	0	0	552	33	
10302	0	0	0	542	46	
10228	0	0	0	546	48	
11382	0	0	0	633	50	
12252	0	0	0	600	39	
12063	0	0	0	653	46	
11768	0	0	0	591	56	
11206	0	0	0	547	55	
10904	0	0	0	547	48	
11342	0	0	0	572	45	
10671	0	0	0	540	39	
11176	0	0	0	607	46	
11402	0	0	0	617	35	
11535	0	0	0	604	37	
11805	0	0	0	618	43	
11022	0	0	0	577	27	
11395	0	0	0	594	38	
11779	0	0	0	608	34	
11155	0	0	0	624	41	
11535	0	0	0	610	46	
12024	0	0	0	616	47	
12274	0	0	0	632	34	
12056	0	0	0	639	45	
11139	0	0	0	587	44	
11327	0	0	0	598	47	
11294	0	0	0	593	24	
11554	0	0	0	603	33	
10962	0	0	0	568	49	
11372	0	0	0	562	25	
12248	0	0	0	609	49	
12101	0	0	0	625	34	
10833	0	0	0	526	33	
10452	0	0	0	512	24	
11683	0	0	0	575	33	
11686	0	0	0	573	27	
11442	0	0	0	627	36	
10592	0	0	0	542	30	
8635	0	0	0	445	17	
10624	0	0	0	543	35	
8100	0	0	0	470	22	
9387	0	0	0	493	38	
9961	0	0	0	639	27	
10281	0	0	0	558	28	
11610	0	0	0	613	38	
10999	0	0	0	571	30	
7290	0	0	0	456	18	
6383	0	0	0	430	24	
10068	0	0	0	540	25	
9604	0	0	0	583	36	
11275	0	0	0	641	42	
11815	0	0	0	635	38	
9305	0	0	0	536	30	
10085	0	0	0	550	29	
8412	0	0	0	480	26	
10803	0	0	0	513	21	
8800	0	0	0	694	23	
11617	0	0	0	595	22	
10225	0	0	0	600	21	
10411	0	0	0	552	24	
5912	0	0	0	310	16	
9152	0	0	0	505	16	
8381	0	0	0	474	17	
8944	0	0	0	626	23	
9628	0	0	0	547	16	
9616	0	0	0	510	19	
9164	0	0	0	534	17	
11245	0	0	0	601	16	
9144	0	0	0	526	21	
8060	0	0	0	478	12	
8922	0	0	0	655	20	
8964	0	0	0	981	29	
11570	0	0	0	605	29	
9677	0	0	0	718	26	
10673	0	0	0	560	26	
11375	0	0	0	598	22	
8828	0	0	0	481	17	
9085	0	0	0	666	18	
11065	0	0	0	591	20	
8506	0	0	0	446	14	
9242	0	0	0	504	22	
11245	0	0	0	600	19	
12178	0	0	0	602	26	
11162	0	0	0	578	32	
9525	0	0	0	640	15	
11468	0	0	0	582	23	
9239	0	0	0	689	9	
9429	0	0	0	602	22	
9481	0	0	0	482	17	
11051	0	0	0	578	21	
11654	0	0	0	606	27	
7890	0	0	0	527	26	
10827	0	0	0	642	21	
10714	0	0	0	557	22	
10571	0	0	0	598	20	
9549	0	0	0	734	16	
9025	0	0	0	507	11	
11230	0	0	0	592	23	
8970	0	0	0	40	21	
9355	0	0	0	159	22	
11390	0	0	0	605	24	
10857	0	0	0	570	27	
11865	0	0	0	623	22	
8882	0	0	0	524	11	
10411	0	0	0	557	17	
10360	0	0	0	543	19	
8813	0	0	0	467	23	
10913	0	0	0	568	14	
9742	0	0	0	486	15	
9607	0	0	0	493	11	
10638	0	0	0	525	14	
11014	0	0	0	567	19	
7662	0	0	0	434	7	
9731	0	0	0	558	10	
8089	0	0	0	567	8	
7840	0	0	0	407	11	
8257	0	0	0	474	18	
8497	0	0	0	466	9	
10776	0	0	0	553	14	
8758	0	0	0	465	16	
8951	0	0	0	462	12	
10326	0	0	0	539	22	
10927	0	0	0	558	18	
10025	0	0	0	518	11	
9997	0	0	0	508	16	
10486	0	0	0	589	24	
9239	0	0	0	515	13	
9627	0	0	0	495	13	
9646	0	0	0	488	15	
10223	0	0	0	520	10	
10943	0	0	0	568	15	
10615	0	0	0	556	7	
9588	0	0	0	501	11	
9738	0	0	0	504	5	
10362	0	0	0	533	11	
10487	0	0	0	538	18	
10791	0	0	0	563	13	
10108	0	0	0	484	14	
8192	0	0	0	450	4	
9682	0	0	0	506	10	
9367	0	0	0	458	5	
10203	0	0	0	496	9	
7976	0	0	0	412	3	
11166	0	0	0	542	17	
8747	0	0	0	526	9	
8483	0	0	0	434	6	
8343	0	0	0	449	8	
8251	0	0	0	492	6	
9408	0	0	0	532	8	
8340	0	0	0	458	6	
10980	0	0	0	575	15	
10319	0	0	0	535	7	
8921	0	0	0	471	12	
10162	0	0	0	513	8	
7795	0	0	0	496	10	
10553	0	0	0	542	7	
10415	0	0	0	536	15	
7483	0	0	0	486	6	
8709	0	0	0	489	9	
10348	0	0	0	519	13	
10790	0	0	0	548	8	
10435	0	0	0	539	7	
9344	0	0	0	522	10	
9968	0	0	0	594	8	
7524	0	0	0	426	9	
10310	0	0	0	552	22	
9243	0	0	0	493	11	
9396	0	0	0	459	10	
10186	0	0	0	519	7	
10826	0	0	0	524	5	
10824	0	0	0	523	10	
10024	0	0	0	490	12	
10208	0	0	0	497	9	
9402	0	0	0	507	6	
8378	0	0	0	497	8	
8371	0	0	0	565	3	
8765	0	0	0	549	6	
10369	0	0	0	535	14	
7850	0	0	0	424	9	
9148	0	0	0	471	16	
8894	0	0	0	479	6	
7856	0	0	0	469	9	
9299	0	0	0	479	7	
9807	0	0	0	499	10	
10063	0	0	0	507	8	
10173	0	0	0	523	10	
10167	0	0	0	582	11	
9834	0	0	0	508	5	
10120	0	0	0	524	10	
8840	0	0	0	569	7	
9372	0	0	0	579	5	
10894	0	0	0	559	10	
8027	0	0	0	447	8	
8836	0	0	0	451	4	
11010	0	0	0	566	10	
10713	0	0	0	535	10	
6305	0	0	0	401	6	
10444	0	0	0	538	12	
8256	0	0	0	509	4	
7979	0	0	0	427	5	
7354	0	0	0	377	7	
10613	0	0	0	515	10	
8714	0	0	0	548	11	
7909	0	0	0	483	9	
10714	0	0	0	566	2	
8265	0	0	0	526	10	
9490	0	0	0	517	5	
7541	0	0	0	476	7	
8462	0	0	0	453	2	
9587	0	0	0	500	6	
10827	0	0	0	566	5	
10787	0	0	0	566	6	
9005	0	0	0	512	7	
10470	0	0	0	548	5	
10752	0	0	0	546	8	
8591	0	0	0	476	7	
10383	0	0	0	525	2	
8891	0	0	0	484	1	
8204	0	0	0	478	2	
9096	0	0	0	502	5	
10694	0	0	0	560	4	
8423	0	0	0	517	5	
11498	0	0	0	578	9	
9060	0	0	0	458	5	
10551	0	0	0	525	8	
9916	0	0	0	558	4	
10734	0	0	0	536	4	
10994	0	0	0	539	8	
7874	0	0	0	392	4	
8165	0	0	0	494	1	
8129	0	0	0	473	1	
8062	0	0	0	431	7	
8051	0	0	0	435	6	
8077	0	0	0	431	6	
10425	0	0	0	554	7	
10134	0	0	0	520	5	
9190	0	0	0	479	3	
8983	0	0	0	509	1	
10487	0	0	0	590	7	
8431	0	0	0	439	2	
9164	0	0	0	490	5	
9426	0	0	0	497	3	
9026	0	0	0	521	9	
7900	0	0	0	510	7	
10051	0	0	0	532	6	
10005	0	0	0	535	3	
9452	0	0	0	520	12	
8398	0	0	0	470	7	
9136	0	0	0	495	4	
9962	0	0	0	579	12	
8974	0	0	0	474	4	
11225	0	0	0	583	8	
11455	0	0	0	574	2	
12250	0	0	0	625	8	
11831	0	0	0	571	6	
11832	0	0	0	571	6	
11550	0	0	0	560	3	
11654	0	0	0	574	2	
8747	0	0	0	535	6	
9952	0	0	0	536	5	
11140	0	0	0	581	4	
12169	0	0	0	627	6	
11446	0	0	0	588	7	
10562	0	0	0	548	0	
9929	0	0	0	539	5	
7605	0	0	0	485	2	
10676	0	0	0	568	1	
8839	0	0	0	504	3	
8938	0	0	0	482	3	
11743	0	0	0	618	5	
11599	0	0	0	589	0	
9909	0	0	0	496	2	
9746	0	0	0	499	2	
8111	0	0	0	436	3	
5875	0	0	0	416	3	
10812	0	0	0	587	5	
9155	0	0	0	507	5	
11366	0	0	0	581	3	
10919	0	0	0	556	0	
10701	0	0	0	559	2	
7699	0	0	0	460	3	
11817	0	0	0	605	8	
10402	0	0	0	534	2	
9115	0	0	0	457	0	
9530	0	0	0	491	1	
8768	0	0	0	457	3	
8026	0	0	0	448	1	
10711	0	0	0	560	3	
8331	0	0	0	496	6	
9451	0	0	0	583	2	
9017	0	0	0	471	5	
9511	0	0	0	586	5	
9830	0	0	0	546	2	
11746	0	0	0	621	4	
8537	0	0	0	478	2	
10877	0	0	0	589	1	
11071	0	0	0	571	7	
9579	0	0	0	578	5	
7148	0	0	0	483	5	
10875	0	0	0	565	1	
8564	0	0	0	661	3	
11525	0	0	0	608	6	
9238	0	0	0	522	1	
11654	0	0	0	647	2	
10884	0	0	0	572	4	
12010	0	0	0	608	5	
11290	0	0	0	751	0	
11106	0	0	0	640	3	
11118	0	0	0	584	2	
11507	0	0	0	616	2	
9773	0	0	0	488	2	
8035	0	0	0	499	6	
11104	0	0	0	558	4	
9898	0	0	0	514	0	
11498	0	0	0	603	2	
12092	0	0	0	633	2	
11926	0	0	0	618	5	
11631	0	0	0	612	1	
11148	0	0	0	592	3	
10124	0	0	0	538	2	
11335	0	0	0	604	3	
11122	0	0	0	594	3	
9558	0	0	0	777	2	
9493	0	0	0	595	2	
8359	0	0	0	610	1	
11789	0	0	0	614	3	
11279	0	0	0	594	4	
10531	0	0	0	551	1	
10967	0	0	0	584	3	
11927	0	0	0	628	1	
11577	0	0	0	581	1	
11715	0	0	0	600	2	
11839	0	0	0	606	2	
12311	0	0	0	598	4	
9622	0	0	0	525	2	
9161	0	0	0	510	2	
10979	0	0	0	532	0	
11358	0	0	0	585	2	
7536	0	0	0	467	1	
10955	0	0	0	559	2	
11246	0	0	0	599	2	
9193	0	0	0	581	4	
11218	0	0	0	577	1	
6509	0	0	0	528	3	
11556	0	0	0	606	4	
11305	0	0	0	610	4	
9747	0	0	0	549	2	
6581	0	0	0	353	5	
9446	0	0	0	526	1	
10865	0	0	0	560	4	
9326	0	0	0	585	0	
10714	0	0	0	567	1	
11154	0	0	0	584	2	
11655	0	0	0	616	1	
8481	0	0	0	495	2	
9701	0	0	0	528	0	
12046	0	0	0	613	0	
9399	0	0	0	499	1	
11222	0	0	0	571	2	
9216	0	0	0	510	1	
10235	0	0	0	512	5	
12099	0	0	0	595	1	
9214	0	0	0	490	2	
4990	0	0	0	408	1	
10477	0	0	0	547	0	
10248	0	0	0	535	0	
9816	0	0	0	641	5	
8615	0	0	0	596	2	
10406	0	0	0	589	2	
10054	0	0	0	567	0	
10665	0	0	0	584	3	
9363	0	0	0	518	1	
8635	0	0	0	528	4	
9929	0	0	0	551	5	
8976	0	0	0	488	0	
9828	0	0	0	604	2	
10818	0	0	0	590	1	
8876	0	0	0	482	1	
9053	0	0	0	520	0	
9400	0	0	0	491	2	
8018	0	0	0	586	4	
12391	0	0	0	652	1	
9835	0	0	0	541	0	
11449	0	0	0	592	2	
10546	0	0	0	616	3	
11821	0	0	0	625	2	
10983	0	0	0	581	3	
9123	0	0	0	495	0	
10231	0	0	0	588	2	
11335	0	0	0	544	2	
8418	0	0	0	427	0	
9639	0	0	0	498	0	
9679	0	0	0	537	2	
10231	0	0	0	605	3	
11999	0	0	0	629	2	
11473	0	0	0	597	1	
11949	0	0	0	624	3	
8641	0	0	0	478	2	
11553	0	0	0	603	0	
12164	0	0	0	630	0	
10767	0	0	0	556	1	
11684	0	0	0	611	1	
11507	0	0	0	592	1	
8714	0	0	0	470	1	
10036	0	0	0	597	0	
9365	0	0	0	564	1	
9575	0	0	0	584	0	
10863	0	0	0	612	0	
7903	0	0	0	464	2	
10829	0	0	0	611	4	
8558	0	0	0	437	0	
8721	0	0	0	609	2	
10563	0	0	0	563	0	
9400	0	0	0	531	3	
11442	0	0	0	575	0	
11367	0	0	0	559	3	
12292	0	0	0	590	0	
11325	0	0	0	548	0	
7687	0	0	0	485	0	
11053	0	0	0	582	0	
12213	0	0	0	653	0	
11095	0	0	0	574	0	
11839	0	0	0	630	1	
12029	0	0	0	633	0	
11307	0	0	0	586	0	
11905	0	0	0	611	1	
11290	0	0	0	575	0	
9257	0	0	0	508	0	
10325	0	0	0	623	0	
9339	0	0	0	539	0	
10644	0	0	0	604	0	
9292	0	0	0	525	2	
9826	0	0	0	536	0	
12078	0	0	0	641	1	
9656	0	0	0	513	2	
11370	0	0	0	592	2	
12089	0	0	0	591	1	
9572	0	0	0	629	2	
11536	0	0	0	575	2	
11271	0	0	0	572	0	
11889	0	0	0	589	1	
10853	0	0	0	596	0	
9062	0	0	0	464	1	
7915	0	0	0	415	1	
11547	0	0	0	596	0	
7642	0	0	0	442	1	
11559	0	0	0	606	2	
11440	0	0	0	601	3	
11450	0	0	0	603	0	
11448	0	0	0	602	1	
10733	0	0	0	546	0	
9358	0	0	0	497	0	
12261	0	0	0	674	0	
6635	0	0	0	403	0	
9931	0	0	0	533	0	
9655	0	0	0	539	0	
11064	0	0	0	620	1	
9086	0	0	0	502	1	
11146	0	0	0	588	0	
8558	0	0	0	628	0	
11322	0	0	0	613	2	
9951	0	0	0	590	1	
9775	0	0	0	492	1	
10241	0	0	0	598	0	
9950	0	0	0	520	1	
9426	0	0	0	521	0	
9357	0	0	0	537	2	
10232	0	0	0	537	0	
9660	0	0	0	485	1	
10397	0	0	0	672	1	
11034	0	0	0	660	0	
10778	0	0	0	569	0	
8870	0	0	0	652	1	
10776	0	0	0	565	0	
9570	0	0	0	525	1	
10263	0	0	0	595	1	
7902	0	0	0	469	0	
10341	0	0	0	572	1	
11287	0	0	0	627	0	
8410	0	0	0	486	0	
9385	0	0	0	509	1	
9593	0	0	0	576	0	
9768	0	0	0	611	1	
8638	0	0	0	510	0	
11828	0	0	0	636	0	
10252	0	0	0	551	0	
10637	0	0	0	556	1	
11232	0	0	0	601	1	
9627	0	0	0	539	2	
9066	0	0	0	479	0	
10884	0	0	0	535	1	
11058	0	0	0	590	0	
10842	0	0	0	561	0	
8943	0	0	0	481	0	
9018	0	0	0	494	2	
12007	0	0	0	585	0	
10511	0	0	0	585	0	
9545	0	0	0	599	0	
11703	0	0	0	603	2	
8933	0	0	0	520	0	
9618	0	0	0	556	0	
9390	0	0	0	534	1	
10368	0	0	0	575	1	
9707	0	0	0	614	1	
9916	0	0	0	570	0	
11152	0	0	0	597	0	
9730	0	0	0	624	0	
10791	0	0	0	632	0	
10712	0	0	0	568	0	
10806	0	0	0	560	0	
11667	0	0	0	612	0	
11837	0	0	0	630	0	
12092	0	0	0	632	0	
11458	0	0	0	612	0	
8486	0	0	0	442	0	
10653	0	0	0	562	0	
10513	0	0	0	545	2	
9928	0	0	0	509	0	
10489	0	0	0	564	0	
9760	0	0	0	483	1	
11874	0	0	0	582	3	
11504	0	0	0	559	0	
11322	0	0	0	552	0	
11830	0	0	0	627	1	
8772	0	0	0	466	0	
8898	0	0	0	493	0	
8572	0	0	0	610	0	
8795	0	0	0	551	0	
11853	0	0	0	670	2	
11876	0	0	0	607	0	
11685	0	0	0	596	0	
9253	0	0	0	503	1	
9918	0	0	0	518	2	
9961	0	0	0	549	1	
11498	0	0	0	597	3	
9684	0	0	0	577	0	
9688	0	0	0	627	0	
7314	0	0	0	422	0	
11243	0	0	0	644	0	
9427	0	0	0	499	0	
10257	0	0	0	556	0	
8275	0	0	0	509	1	
8940	0	0	0	536	0	
10599	0	0	0	682	1	
9113	0	0	0	492	0	
10708	0	0	0	537	0	
9842	0	0	0	521	0	
9781	0	0	0	542	0	
11587	0	0	0	583	0	
10529	0	0	0	551	0	
11453	0	0	0	596	0	
9560	0	0	0	521	0	
10697	0	0	0	582	0	
9469	0	0	0	505	0	
11481	0	0	0	621	0	
11530	0	0	0	607	1	
11071	0	0	0	559	0	
10568	0	0	0	560	2	
10572	0	0	0	568	0	
12055	0	0	0	641	1	
11067	0	0	0	598	0	
11075	0	0	0	573	0	
10595	0	0	0	555	0	
8962	0	0	0	520	0	
11992	0	0	0	639	0	
9989	0	0	0	519	0	
11532	0	0	0	612	0	
11567	0	0	0	585	0	
11692	0	0	0	570	0	
11021	0	0	0	585	0	
10990	0	0	0	540	1	
12198	0	0	0	594	0	
11884	0	0	0	578	0	
10978	0	0	0	537	0	
11783	0	0	0	601	1	
11269	0	0	0	604	0	
10391	0	0	0	550	0	
11146	0	0	0	581	3	
11493	0	0	0	592	0	
8749	0	0	0	482	0	
9956	0	0	0	607	1	
9053	0	0	0	504	1	
10025	0	0	0	569	0	
12362	0	0	0	637	0	
10778	0	0	0	564	1	
10993	0	0	0	595	2	
11574	0	0	0	612	0	
12268	0	0	0	644	0	
11303	0	0	0	590	0	
11299	0	0	0	600	0	
11635	0	0	0	613	0	
11979	0	0	0	597	1	
11528	0	0	0	599	2	
10988	0	0	0	564	0	
11342	0	0	0	563	0	
11919	0	0	0	584	0	
12170	0	0	0	600	1	
11162	0	0	0	552	1	
6467	0	0	0	479	1	
7376	0	0	0	464	0	
11458	0	0	0	579	0	
10349	0	0	0	557	1	
9336	0	0	0	774	0	
11158	0	0	0	584	0	
8557	0	0	0	475	2	
8174	0	0	0	501	0	
11406	0	0	0	606	0	
12276	0	0	0	635	0	
9106	0	0	0	565	1	
11143	0	0	0	580	0	
11228	0	0	0	589	1	
9234	0	0	0	506	0	
11604	0	0	0	634	0	
11393	0	0	0	607	0	
11190	0	0	0	606	1	
11676	0	0	0	613	0	
10675	0	0	0	560	0	
9951	0	0	0	507	0	
11707	0	0	0	584	0	
11608	0	0	0	663	0	
8744	0	0	0	483	0	
8815	0	0	0	470	0	
9824	0	0	0	527	0	
11617	0	0	0	579	0	
9516	0	0	0	526	0	
9563	0	0	0	585	0	
11742	0	0	0	598	1	
12119	0	0	0	628	0	
11471	0	0	0	609	0	
10576	0	0	0	547	0	
9452	0	0	0	544	0	
12328	0	0	0	658	0	
10996	0	0	0	595	0	
10496	0	0	0	560	0	
9760	0	0	0	532	0	
12010	0	0	0	625	0	
11847	0	0	0	611	1	
12011	0	0	0	645	0	
9194	0	0	0	487	0	
11741	0	0	0	629	0	
11575	0	0	0	630	0	
11114	0	0	0	591	0	
12030	0	0	0	599	0	
12223	0	0	0	495	0	
11823	0	0	0	25	0	
11768	0	0	0	27	0	
11365	0	0	0	27	0	
12096	0	0	0	26	0	
10729	0	0	0	27	0	
11338	0	0	0	27	0	
11046	0	0	0	28	0	
11390	0	0	0	24	0	
8759	0	0	0	21	0	
10269	0	0	0	23	0	
11061	0	0	0	24	0	
12156	0	0	0	26	0	
10334	0	0	0	25	1	
8787	0	0	0	5	0	
11623	0	0	0	270	0	
11112	0	0	0	578	0	
9332	0	0	0	501	0	
8895	0	0	0	620	0	
9390	0	0	0	508	0	
10174	0	0	0	568	0	
9030	0	0	0	591	0	
9077	0	0	0	530	0	
10940	0	0	0	586	0	
11651	0	0	0	595	0	
7026	0	0	0	683	0	
9269	0	0	0	496	0	
10615	0	0	0	566	0	
11187	0	0	0	557	0	
11544	0	0	0	561	0	
11411	0	0	0	554	0	
10786	0	0	0	529	0	
10525	0	0	0	553	0	
9407	0	0	0	548	0	
11910	0	0	0	637	0	
12007	0	0	0	624	0	
12137	0	0	0	626	0	
10867	0	0	0	572	0	
11550	0	0	0	598	0	
11651	0	0	0	606	0	
11892	0	0	0	609	0	
12044	0	0	0	636	0	
11464	0	0	0	613	0	
11318	0	0	0	585	0	
12452	0	0	0	644	0	
11410	0	0	0	593	0	
11318	0	0	0	592	0	
11043	0	0	0	569	0	
11383	0	0	0	589	0	
10959	0	0	0	555	0	
10518	0	0	0	585	0	
7862	0	0	0	406	0	
9595	0	0	0	500	0	
12062	0	0	0	589	1	
8637	0	0	0	439	0	
11798	0	0	0	575	1	
10479	0	0	0	586	0	
9561	0	0	0	506	0	
9327	0	0	0	494	0	
10233	0	0	0	544	0	
9512	0	0	0	546	0	
8110	0	0	0	465	0	
11270	0	0	0	588	0	
9427	0	0	0	492	0	
8205	0	0	0	437	0	
9842	0	0	0	600	0	
11303	0	0	0	603	0	
9177	0	0	0	557	0	
11984	0	0	0	629	0	
8482	0	0	0	463	0	
8995	0	0	0	493	0	
8908	0	0	0	559	0	
9643	0	0	0	574	0	
8866	0	0	0	501	0	
11183	0	0	0	609	0	
8239	0	0	0	474	0	
11136	0	0	0	546	1	
9964	0	0	0	516	0	
10004	0	0	0	491	0	
11991	0	0	0	643	0	
11013	0	0	0	616	0	
7373	0	0	0	460	0	
6025	0	0	0	343	0	
11116	0	0	0	551	0	
9333	0	0	0	473	0	
8444	0	0	0	486	0	
9598	0	0	0	558	0	
11418	0	0	0	590	0	
10171	0	0	0	528	0	
12217	0	0	0	645	0	
11229	0	0	0	581	0	
10251	0	0	0	576	0	
9786	0	0	0	518	0	
10402	0	0	0	539	0	
10785	0	0	0	583	0	
11802	0	0	0	621	0	
9434	0	0	0	489	0	
11318	0	0	0	585	0	
11530	0	0	0	613	0	
11370	0	0	0	603	0	
12213	0	0	0	655	0	
8452	0	0	0	558	0	
9864	0	0	0	553	1	
9127	0	0	0	508	0	
9191	0	0	0	530	0	
10504	0	0	0	537	0	
11702	0	0	0	620	0	
12167	0	0	0	603	0	
11060	0	0	0	545	0	
10952	0	0	0	529	0	
11204	0	0	0	540	0	
11838	0	0	0	603	0	
11309	0	0	0	585	0	
11566	0	0	0	612	0	
9695	0	0	0	530	0	
10753	0	0	0	576	0	
11871	0	0	0	617	0	
9578	0	0	0	564	0	
9354	0	0	0	511	0	
11597	0	0	0	596	0	
10952	0	0	0	564	0	
10905	0	0	0	561	0	
11241	0	0	0	590	0	
11548	0	0	0	602	0	
9704	0	0	0	554	1	
11819	0	0	0	650	0	
10039	0	0	0	619	0	
10598	0	0	0	585	0	
11237	0	0	0	585	1	
11622	0	0	0	588	0	
11029	0	0	0	600	0	
10445	0	0	0	504	0	
12088	0	0	0	594	0	
9522	0	0	0	545	0	
12303	0	0	0	602	0	
11526	0	0	0	581	0	
10631	0	0	0	552	0	
11621	0	0	0	623	0	
12270	0	0	0	638	0	
11686	0	0	0	608	0	
9534	0	0	0	540	0	
9794	0	0	0	572	0	
10212	0	0	0	641	0	
12107	0	0	0	640	0	
11660	0	0	0	607	0	
9154	0	0	0	488	0	
10843	0	0	0	568	0	
9899	0	0	0	512	0	
11235	0	0	0	593	0	
11901	0	0	0	624	0	
12042	0	0	0	641	0	
11860	0	0	0	614	0	
11630	0	0	0	582	0	
10887	0	0	0	557	0	
11596	0	0	0	590	0	
9690	0	0	0	495	0	
11280	0	0	0	550	0	
11112	0	0	0	564	0	
11727	0	0	0	582	0	
11889	0	0	0	598	0	
11925	0	0	0	627	0	
11951	0	0	0	635	0	
10132	0	0	0	532	0	
11692	0	0	0	612	0	
9605	0	0	0	513	0	
9867	0	0	0	592	0	
9335	0	0	0	546	0	
8662	0	0	0	465	0	
10225	0	0	0	528	0	
8443	0	0	0	448	2	
9191	0	0	0	554	0	
10818	0	0	0	560	0	
9525	0	0	0	563	0	
8995	0	0	0	482	0	
11578	0	0	0	630	0	
9640	0	0	0	618	0	
9735	0	0	0	638	0	
9029	0	0	0	490	0	
10002	0	0	0	520	0	
9706	0	0	0	511	0	
7214	0	0	0	373	0	
9417	0	0	0	512	0	
9655	0	0	0	507	0	
8847	0	0	0	541	0	
9221	0	0	0	498	0	
9903	0	0	0	536	0	
10276	0	0	0	525	0	
9257	0	0	0	654	0	
10946	0	0	0	628	0	
11566	0	0	0	640	0	
9449	0	0	0	527	0	
9480	0	0	0	559	0	
10515	0	0	0	550	0	
8370	0	0	0	483	0	
11974	0	0	0	621	0	
9600	0	0	0	561	0	
10384	0	0	0	574	0	
9469	0	0	0	536	0	
10568	0	0	0	579	1	
10803	0	0	0	581	0	
9759	0	0	0	517	0	
8710	0	0	0	474	0	
8811	0	0	0	514	0	
10167	0	0	0	557	0	
10540	0	0	0	589	0	
11172	0	0	0	564	0	
9509	0	0	0	540	0	
8212	0	0	0	459	0	
9415	0	0	0	509	0	
12015	0	0	0	645	0	
11738	0	0	0	581	0	
11889	0	0	0	583	0	
10971	0	0	0	541	0	
9874	0	0	0	592	0	
9008	0	0	0	503	0	
11391	0	0	0	586	0	
11157	0	0	0	606	0	
11606	0	0	0	607	0	
11584	0	0	0	606	0	
11760	0	0	0	605	0	
12570	0	0	0	665	0	
11776	0	0	0	617	0	
11577	0	0	0	599	0	
12004	0	0	0	623	0	
11507	0	0	0	619	0	
11264	0	0	0	586	0	
11870	0	0	0	633	0	
11021	0	0	0	574	0	
10066	0	0	0	554	0	
11395	0	0	0	610	0	
11859	0	0	0	596	0	
8282	0	0	0	559	0	
11195	0	0	0	533	0	
7490	0	0	0	424	0	
11448	0	0	0	555	0	
11216	0	0	0	550	0	
9989	0	0	0	497	0	
8603	0	0	0	496	0	
11525	0	0	0	596	0	
12159	0	0	0	627	0	
11644	0	0	0	615	0	
9727	0	0	0	499	0	
9545	0	0	0	553	0	
10168	0	0	0	536	0	
10115	0	0	0	566	0	
9984	0	0	0	549	0	
11772	0	0	0	620	0	
11269	0	0	0	585	0	
11095	0	0	0	564	0	
10525	0	0	0	559	0	
11400	0	0	0	613	0	
10650	0	0	0	548	0	
11138	0	0	0	587	0	
10998	0	0	0	607	0	
11781	0	0	0	633	0	
10494	0	0	0	553	0	
11130	0	0	0	542	0	
12085	0	0	0	603	0	
11799	0	0	0	615	0	
11959	0	0	0	586	1	
11289	0	0	0	549	0	
9598	0	0	0	488	0	
10851	0	0	0	553	0	
9461	0	0	0	517	0	
8682	0	0	0	480	0	
9936	0	0	0	561	0	
11910	0	0	0	619	0	
11701	0	0	0	605	0	
9543	0	0	0	515	0	
10194	0	0	0	562	0	
12099	0	0	0	636	0	
10312	0	0	0	536	0	
8643	0	0	0	476	0	
11608	0	0	0	624	0	
11409	0	0	0	652	0	
8228	0	0	0	464	0	
10481	0	0	0	563	0	
10162	0	0	0	528	0	
11804	0	0	0	622	0	
11690	0	0	0	625	0	
11159	0	0	0	592	0	
10847	0	0	0	543	0	
9815	0	0	0	492	0	
11737	0	0	0	598	0	
11681	0	0	0	577	0	
11676	0	0	0	585	0	
12241	0	0	0	598	0	
8928	0	0	0	441	0	
11333	0	0	0	573	0	
11137	0	0	0	563	0	
11782	0	0	0	626	0	
8198	0	0	0	442	0	
11898	0	0	0	639	0	
8778	0	0	0	546	0	
8534	0	0	0	448	0	
10330	0	0	0	540	0	
10759	0	0	0	577	0	
9721	0	0	0	544	0	
8970	0	0	0	484	0	
9293	0	0	0	550	0	
6800	0	0	0	767	0	
1064	0	0	0	2062	0	
11398	0	0	0	617	0	
12248	0	0	0	635	0	
11962	0	0	0	633	0	
11302	0	0	0	595	0	
9058	0	0	0	567	0	
10869	0	0	0	575	0	
11420	0	0	0	573	0	
11861	0	0	0	588	0	
8671	0	0	0	502	0	
11042	1	0	0	533	0	
8651	0	0	0	466	0	
10351	0	0	0	535	0	
11910	0	0	0	604	0	
8747	0	0	0	456	0	
9149	0	0	0	499	0	
11694	0	0	0	577	0	
10414	0	0	0	630	0	
12034	0	0	0	585	0	
11928	0	0	0	578	0	
9578	0	0	0	539	0	
9332	0	0	0	531	0	
10369	0	6	0	388	0	
9196	0	8	0	314	0	
12395	0	9	0	397	0	
12250	0	9	0	400	0	
11815	0	8	0	409	0	
12082	0	8	0	419	0	
12001	0	8	0	418	0	
12836	0	9	0	420	0	
11342	0	8	0	393	0	
8028	0	5	0	319	0	
9008	0	9	0	346	0	
9775	0	7	0	384	0	
10662	0	9	0	425	0	
10381	0	8	0	483	0	
9713	0	10	0	368	0	
9967	0	8	0	381	0	
11583	0	8	0	438	0	
8494	0	7	0	431	0	
10459	0	9	0	368	0	
12253	0	9	0	431	0	
11367	0	8	0	413	0	
11283	0	8	0	410	0	
10241	0	8	0	404	0	
12220	0	8	0	445	0	
6612	0	10	0	256	0	
12206	0	9	0	417	0	
8390	0	7	0	329	0	
11925	0	9	0	423	0	
8959	0	7	0	351	0	
10878	0	8	0	394	0	
12375	0	9	0	432	0	
12091	0	11	0	493	0	
9491	0	8	0	340	0	
11520	0	9	0	411	0	
12606	0	9	0	439	0	
12183	0	8	0	439	0	
11742	0	8	0	418	0	
11958	0	9	0	414	0	
11353	0	9	0	400	0	
11578	0	8	0	427	0	
9625	0	7	0	396	0	
9309	0	5	0	422	0	
9032	0	5	0	363	0	
12096	0	6	0	488	0	
12158	0	6	0	484	0	
10068	0	4	0	426	0	
10543	0	5	0	443	0	
9542	0	5	0	475	0	
10094	0	6	0	432	0	
11731	0	8	0	430	0	
8464	0	4	0	505	0	
8458	0	4	0	354	0	
11049	0	5	0	476	0	
11387	0	6	0	459	0	
8296	0	5	0	357	0	
10956	0	5	0	468	0	
7971	0	6	0	381	0	
10966	0	6	0	426	0	
10977	0	5	0	461	0	
10249	0	7	0	383	0	
10811	0	5	0	432	0	
8689	0	5	0	358	0	
8963	0	5	0	382	0	
9658	0	5	0	408	0	
11339	0	5	0	483	0	
11591	0	6	0	475	0	
11675	0	6	0	468	0	
11305	0	5	0	470	0	
11711	0	5	0	477	0	
9269	0	5	0	392	0	
11556	0	6	0	468	0	
11710	0	5	0	485	0	
11538	0	6	0	460	0	
11027	0	5	0	470	0	
11127	0	5	0	452	0	
8888	0	5	0	465	0	
11724	0	5	0	468	0	
11200	0	6	0	456	0	
11604	0	7	0	443	0	
11072	0	5	0	457	0	
5349	0	4	0	337	0	
10485	0	5	0	519	0	
12378	0	6	0	503	0	
9329	0	10	0	323	0	
8606	0	22	0	187	0	
11909	0	24	0	140	0	
11780	0	22	0	161	0	
10602	0	26	0	96	0	
10522	0	19	0	177	0	
8554	0	24	0	104	0	
12081	0	26	0	88	0	
10407	0	29	0	86	0	
7711	0	27	0	81	0	
11932	0	26	0	82	0	
12065	0	26	0	77	0	
8667	0	27	0	143	0	
8553	0	26	0	101	0	
11635	0	26	0	66	0	
8099	0	27	0	86	0	
11357	0	34	0	103	0	
12097	0	26	0	90	0	
8652	0	24	0	153	0	
11061	0	25	0	70	0	
11120	0	31	0	122	0	
10521	0	29	0	92	0	
10925	0	27	0	76	0	
11099	0	27	0	69	0	
12229	0	27	0	69	0	
8820	0	20	0	115	0	
9703	0	22	0	136	0	
12141	0	25	0	97	0	
8335	0	22	0	108	0	
12030	0	27	0	64	0	
12362	0	27	0	81	0	
10483	0	29	0	129	0	
10903	0	27	0	68	0	
12206	0	25	0	107	0	
12291	0	26	0	76	0	
12315	0	24	0	127	0	
7996	0	27	0	81	0	
7568	0	22	0	50	0	
11124	0	29	0	59	0	
9727	0	24	0	44	0	
11676	0	26	0	81	0	
10709	0	25	0	250	0	
11198	0	29	0	48	0	
11959	0	27	0	43	0	
12099	0	26	0	91	0	
11821	0	27	0	80	0	
8885	0	26	0	122	0	
11837	0	25	0	109	0	
12226	0	26	0	83	0	
7053	0	20	0	85	0	
11150	0	28	0	58	0	
12251	0	27	0	78	0	
11287	0	26	0	76	0	
12179	0	27	0	67	0	
11947	0	27	0	68	0	
11896	0	26	0	76	0	
11869	0	27	0	75	0	
12118	0	25	0	99	0	
12010	0	29	0	97	0	
9341	0	26	0	91	0	
11888	0	27	0	56	0	
11850	0	27	0	80	0	
12025	0	26	0	78	0	
11832	0	26	0	88	0	
11971	0	26	0	86	0	
9280	0	21	0	57	0	
12120	0	26	0	97	0	
8365	0	22	0	65	0	
9342	0	30	0	82	0	
12251	0	28	0	53	0	
11265	0	25	0	104	0	
9614	0	26	0	115	0	
11778	0	26	0	76	0	
11018	0	27	0	45	0	
10279	0	28	0	74	0	
9610	0	22	0	114	0	
11260	0	31	0	82	0	
7718	0	26	0	74	0	
12080	0	24	0	143	0	
11436	0	24	0	114	0	
8772	0	24	0	161	0	
9606	0	22	0	170	0	
9727	0	25	0	88	0	
9427	0	16	0	198	0	
11322	0	24	0	130	0	
8914	0	25	0	122	0	
11111	0	22	0	148	0	
3195	0	24	0	201	0	
12001	0	26	0	58	0	
11894	0	27	0	79	0	
11581	0	25	0	94	0	
11677	0	26	0	77	0	
12217	0	25	0	122	0	
8125	0	25	0	77	0	
11583	0	25	0	109	0	
10868	0	24	0	105	0	
9630	0	23	0	184	0	
12037	0	27	0	66	0	
9227	0	25	0	63	0	
8365	0	26	0	89	0	
8060	0	26	0	123	0	
11276	0	28	0	50	0	
12306	0	26	0	81	0	
12098	0	24	0	127	0	
12221	0	26	0	88	0	
8998	0	27	0	106	0	
12335	0	26	0	81	0	
12243	0	21	0	208	0	
10843	0	25	0	93	0	
11100	0	24	0	118	0	
12008	0	25	0	93	0	
11970	0	25	0	119	0	
11995	0	24	0	109	0	
11653	0	26	0	97	0	
8469	0	18	0	191	0	
8322	0	25	0	94	0	
12003	0	24	0	138	0	
11288	0	26	0	82	0	
7421	0	22	0	157	0	
10758	0	26	0	231	0	
10920	0	25	0	97	0	
11912	0	25	0	99	0	
10675	0	26	0	132	0	
0	0	23	0	419	0	
0	0	25	0	344	0	
0	0	26	0	277	0	
0	0	25	0	311	0	
0	0	25	0	292	0	
0	0	26	0	245	0	
0	0	27	0	218	0	
0	0	27	0	197	0	
0	0	25	0	283	0	
0	0	27	0	261	0	
0	0	24	0	386	0	
0	0	23	0	421	0	
0	0	27	0	230	0	
0	0	25	0	284	0	
0	0	27	0	200	0	
0	0	26	0	253	0	
0	0	25	0	367	0	
0	0	24	0	418	0	
0	0	27	0	268	0	
0	0	24	0	394	0	
0	0	25	0	309	0	
0	0	25	0	343	0	
0	0	26	0	224	0	
0	0	26	0	296	0	
0	0	26	0	266	0	
0	0	24	0	444	0	
0	0	25	0	338	0	
0	0	24	0	398	0	
0	0	26	0	295	0	
0	0	24	0	407	0	
0	0	24	0	313	0	
0	0	25	0	352	0	
0	0	24	0	353	0	
0	0	24	0	345	0	
0	0	24	0	411	0	
0	0	25	0	372	0	
0	0	25	0	309	0	
0	0	25	0	372	0	
0	0	24	0	401	0	
0	0	24	0	325	0	
0	0	24	0	477	0	
0	0	25	0	313	0	
0	0	24	0	334	0	
0	0	25	0	354	0	
0	0	23	0	357	0	
0	0	26	0	287	0	
0	0	25	0	276	0	
0	0	25	0	351	0	
0	0	25	0	323	0	
0	0	25	0	273	0	
0	0	26	0	263	0	
0	0	25	0	313	0	
0	0	25	0	339	0	
0	0	23	0	385	0	
0	0	25	0	323	0	
0	0	25	0	291	0	
0	0	26	0	242	0	
0	0	27	0	212	0	
0	0	24	0	379	0	
0	0	28	0	115	0	
0	0	27	0	196	0	
0	0	26	0	276	0	
0	0	26	0	264	0	
0	0	26	0	252	0	
0	0	27	0	216	0	
0	0	26	0	286	0	
0	0	23	0	409	0	
0	0	23	0	498	0	
0	0	25	0	349	0	
0	0	24	0	428	0	
0	0	25	0	316	0	
0	0	22	0	798	0	
0	0	25	0	339	0	
0	0	25	0	275	0	
0	0	26	0	288	0	
0	0	24	0	358	0	
0	0	24	0	328	0	
0	0	25	0	398	0	
0	0	28	0	141	0	
0	0	27	0	211	0	
0	0	26	0	256	0	
0	0	27	0	206	0	
0	0	28	0	129	0	
0	0	27	0	169	0	
0	0	27	0	169	0	
0	0	27	0	198	0	
0	0	28	0	149	0	
0	0	27	0	186	0	
0	0	27	0	227	0	
0	0	24	0	394	0	
0	0	26	0	275	0	
0	0	26	0	234	0	
0	0	26	0	288	0	
0	0	30	0	30	0	
0	0	29	0	39	0	
0	0	29	0	38	0	
0	0	29	0	95	0	
0	0	27	0	200	0	
0	0	21	0	555	0	
0	0	16	0	873	0	
0	0	15	0	999	0	
0	0	18	0	808	0	
0	0	28	0	68	0	
0	0	30	0	30	0	
0	0	30	0	30	0	
0	0	30	0	30	0	
0	0	29	0	29	0	
0	0	30	0	30	0	
0	0	30	0	31	0	
0	0	30	0	30	0	
0	0	30	0	30	0	
0	0	29	0	29	0	
0	0	30	0	31	0	
0	0	30	0	31	0	
0	0	30	0	30	0	
0	0	30	0	30	0	
0	0	30	0	30	0	
0	0	30	0	30	0	
0	0	29	0	29	0	
0	0	30	0	30	0	
0	0	29	0	121	0	
0	0	30	0	31	0	
0	0	30	0	30	0	
0	0	29	0	29	0	
0	0	30	0	30	0	
0	0	30	0	31	0	
0	0	30	0	30	0	
0	0	28	0	188	0	
0	0	29	0	29	0	
0	0	16	0	1224	0	
0	0	10	0	1723	0	
0	0	10	0	1557	0	
0	0	11	0	1523	0	
0	0	9	0	1631	0	
0	0	10	0	1473	0	
0	0	10	0	1515	0	
0	0	9	0	1686	0	
0	0	9	0	1566	0	
0	0	10	0	1852	0	
0	0	9	0	1661	0	
0	0	10	0	1363	0	
0	0	10	0	1376	0	
0	0	10	0	1620	0	
0	0	10	0	1660	0	
0	0	10	0	1464	0	
0	0	10	0	1484	0	
0	0	10	0	1484	0	
0	0	10	0	1730	0	
0	0	11	0	1726	0	
0	0	10	0	1634	0	
0	0	10	0	1565	0	
0	0	10	0	1537	0	
0	0	11	0	1473	0	
0	0	10	0	1463	0	
0	0	10	0	1483	0	
0	0	10	0	1755	0	
0	0	11	0	1563	0	
0	0	10	0	1577	0	
0	0	10	0	1487	0	
0	0	10	0	1590	0	
0	0	10	0	535	0	
0	0	11	0	18	0	
0	0	10	0	18	0	
0	0	11	0	18	0	
0	0	10	0	18	0	
0	0	10	0	19	0	
0	0	11	0	17	0	
0	0	10	0	19	0	
0	0	10	0	18	0	
0	0	11	0	18	0	
0	0	10	0	18	0	
0	0	11	0	18	0	
0	0	10	0	18	0	
0	0	10	0	18	0	
0	0	11	0	18	0	
0	0	11	0	17	0	
0	0	10	0	19	0	
0	0	11	0	17	0	
0	0	11	0	18	0	
0	0	10	0	18	0	
0	0	11	0	18	0	
0	0	10	0	18	0	
0	0	11	0	17	0	
0	0	9	0	19	0	
0	0	11	0	18	0	
0	0	10	0	17	0	
0	0	10	0	16	0	
0	0	12	0	17	0	
0	0	9	0	15	0	
0	0	11	0	16	0	
0	0	11	0	15	0	
0	0	10	0	11	0	
0	0	11	0	11	0	
0	0	11	0	13	0	
0	0	11	0	1162	0	
0	0	11	0	1429	0	
0	0	10	0	1474	0	
0	0	11	0	1434	0	
0	0	11	0	1437	0	
0	0	10	0	1570	0	
0	0	11	0	1629	0	
0	0	11	0	1554	0	
0	0	11	0	1364	0	
0	0	10	0	1398	0	
0	0	11	0	1394	0	
0	0	10	0	1571	0	
0	0	10	0	1551	0	
0	0	11	0	1436	0	
0	0	10	0	1282	0	
0	0	11	0	1669	0	
0	0	11	0	1724	0	
0	0	11	0	1695	0	
0	0	10	0	1677	0	
0	0	10	0	1489	0	
0	0	11	0	1511	0	
0	0	11	0	1471	0	
0	0	11	0	1372	0	
0	0	10	0	1398	0	
0	0	11	0	1309	0	
0	0	11	0	1334	0	
0	0	10	0	1398	0	
0	0	11	0	1301	0	
0	0	10	0	1514	0	
0	0	11	0	1522	0	
0	0	11	0	1426	0	
0	0	11	0	1403	0	
0	0	11	0	1347	0	
0	0	10	0	1480	0	
0	0	11	0	1533	0	
0	0	10	0	1296	0	
0	0	11	0	1416	0	
0	0	11	0	1454	0	
0	0	11	0	1371	0	
0	0	11	0	1261	0	
0	0	11	0	1376	0	
0	0	11	0	1619	0	
0	0	11	0	1355	0	
0	0	11	0	1322	0	
0	0	11	0	1409	0	
0	0	10	0	1494	0	
0	0	11	0	1314	0	
0	0	11	0	1306	0	
0	0	11	0	1483	0	
0	0	10	0	1567	0	
0	0	11	0	1531	0	
0	0	11	0	1463	0	
0	0	11	0	1472	0	
0	0	3	0	1699	0	
0	0	7	0	1516	0	
0	0	6	0	1567	0	
0	0	5	0	1540	0	
0	0	4	0	1688	0	
0	0	5	0	1567	0	
0	0	5	0	1571	0	
0	0	6	0	1460	0	
0	0	5	0	1607	0	
0	0	6	0	1643	0	
0	0	5	0	1595	0	
0	0	6	0	1526	0	
5242	0	3	1	1018	2799	
9631	0	0	0	536	3343	
9550	0	0	0	549	2363	
9397	0	0	0	522	1905	
10042	0	0	0	536	1649	
10074	0	0	0	542	1395	
9702	0	0	0	546	1229	
10139	0	0	0	540	1070	
10616	0	0	0	565	960	
9722	0	0	0	509	935	
9624	0	0	0	508	743	
10237	0	0	0	541	727	
10229	0	0	0	571	618	
8176	0	0	0	615	519	
9742	0	0	0	528	537	
9639	0	0	0	523	481	
9987	0	0	0	626	396	
10329	0	0	0	553	1492	
9504	0	0	0	521	1300	
10436	0	0	0	549	1291	
10022	0	0	0	520	1178	
10008	0	0	0	536	999	
9563	0	0	0	531	883	
10057	0	0	0	544	861	
10056	0	0	0	541	761	
10164	0	0	0	545	712	
8623	0	0	0	476	1079	
9639	0	0	0	529	1360	
10255	0	0	0	536	1245	
9669	0	0	0	512	1118	
9594	0	0	0	584	1074	
8458	0	0	0	509	821	
7934	0	0	0	739	707	
9673	0	0	0	498	833	
10362	0	0	0	543	819	
9609	0	0	0	682	734	
10561	0	0	0	554	1257	
10480	0	0	0	552	1070	
9883	0	0	0	550	996	
10967	0	0	0	586	1065	
9038	0	0	0	523	772	
9432	0	0	0	500	760	
9204	0	0	0	562	601	
10437	0	0	0	553	689	
8477	0	0	0	632	508	
9505	0	0	0	599	546	
8396	0	0	0	537	471	
9602	0	0	0	634	744	
8702	0	0	0	489	590	
8759	0	0	0	470	566	
10041	0	0	0	520	626	
9868	0	0	0	517	552	
9892	0	0	0	516	543	
10122	0	0	0	544	454	
9853	0	0	0	526	473	
9999	0	0	0	526	404	
10571	0	0	0	555	395	
7338	0	0	0	409	264	
9953	0	0	0	517	299	
8490	0	0	0	555	262	
9542	0	0	0	577	375	
9410	0	0	0	508	399	
9249	0	0	0	555	335	
7774	0	0	0	458	289	
9995	0	0	0	543	348	
10176	0	0	0	543	273	
9452	0	0	0	493	263	
9970	0	0	0	518	257	
8402	0	0	0	484	194	
9611	0	0	0	506	174	
9344	0	0	0	506	178	
10881	0	0	0	599	212	
6285	0	0	0	395	97	
10291	0	0	0	558	158	
10446	0	0	0	554	149	
9037	0	0	0	576	139	
10542	0	0	0	601	204	
7880	0	0	0	546	151	
8481	0	0	0	603	159	
10521	0	0	0	614	157	
9292	0	0	0	505	133	
9554	0	0	0	510	149	
10648	0	0	0	558	151	
11170	0	0	0	587	137	
11127	0	0	0	585	97	
8941	0	0	0	491	83	
10154	0	0	0	538	83	
9190	0	0	0	518	72	
10597	0	0	0	555	63	
9510	0	0	0	530	64	
10277	0	0	0	549	74	
8119	0	0	0	569	50	
10649	0	0	0	567	56	
9016	0	0	0	522	129	
7960	0	0	0	449	125	
10031	0	0	0	532	139	
10915	0	0	0	594	129	
10529	0	0	0	559	110	
9622	0	0	0	523	119	
10657	0	0	0	559	122	
10719	0	0	0	565	109	
8639	0	0	0	543	79	
10346	0	0	0	553	71	
8218	0	0	0	481	83	
10985	0	0	0	596	67	
10248	0	0	0	563	57	
7871	0	0	0	546	48	
10842	0	0	0	602	56	
9193	0	0	0	550	49	
10247	0	0	0	618	48	
10190	0	0	0	560	47	
7980	0	0	0	512	33	
10661	0	0	0	596	38	
10453	0	0	0	550	31	
10285	0	0	0	545	24	
10659	0	0	0	559	30	
11011	0	0	0	576	22	
9345	0	0	0	505	17	
9700	0	0	0	516	26	
10075	0	0	0	536	19	
8915	0	0	0	517	23	
8792	0	0	0	637	10	
8213	0	0	0	455	15	
10683	0	0	0	576	17	
9222	0	0	0	519	13	
9445	0	0	0	538	16	
7139	0	0	0	463	12	
11148	0	0	0	604	14	
8508	0	0	0	495	10	
10103	0	0	0	548	43	
10105	0	0	0	558	61	
9815	0	0	0	564	55	
7674	0	0	0	514	41	
10490	0	0	0	551	49	
10171	0	0	0	541	41	
10904	0	0	0	591	37	
7865	0	0	0	430	22	
9917	0	0	0	571	23	
9808	0	0	0	551	27	
10737	0	0	0	573	34	
9078	0	0	0	486	19	
7902	0	0	0	415	31	
10301	0	0	0	546	22	
8799	0	0	0	471	16	
8750	0	0	0	618	22	
9041	0	0	0	554	16	
10296	0	0	0	574	13	
10411	0	0	0	555	15	
10399	0	0	0	544	61	
10335	0	0	0	541	55	
8697	0	0	0	495	54	
10211	0	0	0	538	51	
10539	0	0	0	557	46	
9776	0	0	0	524	52	
8305	0	0	0	479	27	
10592	0	0	0	578	48	
9551	0	0	0	514	28	
10498	0	0	0	564	34	
10553	0	0	0	681	23	
10571	0	0	0	619	20	
9130	0	0	0	586	24	
9770	0	0	0	525	14	
10000	0	0	0	529	24	
10345	0	0	0	564	14	
10094	0	0	0	546	19	
9301	0	0	0	517	15	
10620	0	0	0	554	63	
8834	0	0	0	500	54	
9741	0	0	0	516	43	
10610	0	0	0	574	62	
10049	0	0	0	551	37	
10823	0	0	0	585	47	
8144	0	0	0	557	33	
9872	0	0	0	556	38	
9181	0	0	0	564	35	
10499	0	0	0	544	36	
8573	0	0	0	548	17	
10233	0	0	0	548	31	
10423	0	0	0	562	30	
8697	0	0	0	498	18	
9892	0	0	0	523	18	
7468	0	0	0	396	19	
9954	0	0	0	515	16	
10574	0	0	0	555	19	
9421	0	0	0	500	12	
10545	0	0	0	571	74	
9992	0	0	0	543	65	
8718	0	0	0	490	48	
9883	0	0	0	523	47	
7125	0	0	0	455	35	
10393	0	0	0	542	58	
9071	0	0	0	500	27	
9382	0	0	0	559	29	
10246	0	0	0	631	37	
9001	0	0	0	485	26	
10170	0	0	0	541	23	
7726	0	0	0	537	20	
8728	0	0	0	617	20	
10594	0	0	0	564	15	
10238	0	0	0	534	19	
8851	0	0	0	472	13	
10098	0	0	0	524	11	
10708	0	0	0	564	19	
10979	0	0	0	588	52	
9949	0	0	0	578	65	
9449	0	0	0	514	64	
10374	0	0	0	554	65	
8199	0	0	0	438	57	
10247	0	0	0	532	53	
9678	0	0	0	503	42	
7806	0	0	0	416	23	
8885	0	0	0	670	40	
9762	0	0	0	534	34	
10694	0	0	0	622	24	
8628	0	0	0	517	27	
10480	0	0	0	562	20	
10440	0	0	0	541	12	
10851	0	0	0	568	28	
8925	0	0	0	487	19	
9443	0	0	0	516	16	
10291	0	0	0	543	16	
8242	0	0	0	495	9	
9704	0	0	0	513	45	
8588	0	0	0	509	62	
10114	0	0	0	535	58	
10413	0	0	0	543	54	
9686	0	0	0	508	49	
10338	0	0	0	545	43	
9217	0	0	0	654	29	
8536	0	0	0	581	21	
9046	0	0	0	536	35	
10507	0	0	0	554	44	
9810	0	0	0	527	30	
10608	0	0	0	558	36	
8899	0	0	0	508	20	
10774	0	0	0	576	31	
10207	0	0	0	533	24	
9944	0	0	0	553	15	
9907	0	0	0	542	12	
8464	0	0	0	484	17	
9970	0	0	0	533	22	
10163	0	0	0	533	72	
8760	0	0	0	480	65	
9637	0	0	0	525	40	
9564	0	0	0	496	55	
7185	0	0	0	373	46	
9887	0	0	0	76	52	
8185	0	0	0	15	26	
7709	0	0	0	19	31	
10090	0	0	0	26	36	
9888	0	0	0	24	38	
10746	0	0	0	26	30	
10527	0	0	0	26	28	
8083	0	0	0	21	25	
9927	0	0	0	25	15	
10970	0	0	0	25	27	
7429	0	0	0	20	12	
10078	0	0	0	25	10	
9788	0	0	0	26	17	
10431	0	0	0	25	23	
7355	0	0	0	18	66	
9803	0	0	0	24	66	
9881	0	0	0	26	62	
10383	0	0	0	25	55	
8810	0	0	0	24	47	
8310	0	0	0	22	33	
10649	0	0	0	25	51	
8950	0	0	0	21	33	
8347	0	0	0	20	24	
10604	0	0	0	31	41	
9932	0	0	0	530	41	
10451	0	0	0	559	30	
10722	0	0	0	578	26	
9673	0	0	0	587	27	
9983	0	0	0	573	25	
10657	0	0	0	577	14	
10367	0	0	0	538	16	
8999	0	0	0	628	18	
10193	0	0	0	566	57	
10279	0	0	0	570	87	
9342	0	0	0	535	72	
10124	0	0	0	540	66	
10374	0	0	0	563	54	
10546	0	0	0	554	49	
8663	0	0	0	499	36	
10657	0	0	0	566	45	
9944	0	0	0	580	32	
9887	0	0	0	537	35	
9485	0	0	0	535	18	
9870	0	0	0	523	35	
10665	0	0	0	556	28	
10953	0	0	0	567	29	
10519	0	0	0	555	28	
10245	0	0	0	541	17	
9204	0	0	0	539	19	
7942	0	0	0	487	10	
10020	0	0	0	573	61	
9682	0	0	0	579	67	
10011	0	0	0	659	68	
8585	0	0	0	568	46	
10776	0	0	0	559	57	
9148	0	0	0	554	47	
11747	0	0	0	626	58	
8645	0	0	0	468	43	
9605	0	0	0	540	23	
7137	0	0	0	449	18	
11485	0	0	0	618	39	
11692	0	0	0	622	46	
11193	0	0	0	606	32	
9727	0	0	0	585	22	
7831	0	0	0	574	12	
11258	0	0	0	622	21	
11461	0	0	0	621	19	
11527	0	0	0	622	16	
11810	0	0	0	633	82	
10282	0	0	0	615	72	
9739	0	0	0	531	51	
11143	0	0	0	615	61	
10980	0	0	0	742	67	
8444	0	0	0	529	29	
10849	0	0	0	627	45	
9389	0	0	0	514	42	
10146	0	0	0	631	24	
10256	0	0	0	542	31	
7912	0	0	0	415	20	
8701	0	0	0	505	21	
12156	0	0	0	660	35	
10965	0	0	0	599	19	
8899	0	0	0	596	18	
10548	0	0	0	648	18	
11299	0	0	0	678	23	
11400	0	0	0	636	53	
10842	0	0	0	591	66	
10478	0	0	0	580	75	
12164	0	0	0	652	74	
9917	0	0	0	592	63	
8998	0	0	0	615	36	
11012	0	0	0	595	60	
11108	0	0	0	692	34	
9589	0	0	0	604	24	
9858	0	0	0	580	31	
11655	0	0	0	629	31	
10618	0	0	0	558	26	
8753	0	0	0	477	20	
11173	0	0	0	624	31	
10082	0	0	0	568	22	
10340	0	0	0	576	16	
11012	0	0	0	589	21	
9470	0	0	0	598	24	
11830	0	0	0	635	98	
12021	0	0	0	651	76	
9011	0	0	0	527	50	
10001	0	0	0	559	61	
9118	0	0	0	574	38	
11039	0	0	0	589	52	
11560	0	0	0	619	54	
11026	0	0	0	592	35	
12116	0	0	0	655	39	
11712	0	0	0	650	23	
10804	0	0	0	590	29	
8650	0	0	0	475	26	
8625	0	0	0	543	15	
9956	0	0	0	726	18	
8785	0	0	0	519	14	
10056	0	0	0	573	18	
11473	0	0	0	624	16	
11487	0	0	0	625	88	
11618	0	0	0	617	74	
11517	0	0	0	609	58	
9194	0	0	0	519	48	
11346	0	0	0	621	58	
11388	0	0	0	619	52	
10232	0	0	0	577	39	
10804	0	0	0	777	39	
11616	0	0	0	645	37	
12247	0	0	0	649	34	
11793	0	0	0	637	36	
11833	0	0	0	631	28	
8680	0	0	0	463	22	
10682	0	0	0	606	20	
11878	0	0	0	645	18	
11287	0	0	0	617	12	
10327	0	0	0	556	62	
11536	0	0	0	637	88	
11550	0	0	0	621	63	
10329	0	0	0	618	58	
10014	0	0	0	589	43	
11410	0	0	0	614	62	
11135	0	0	0	596	40	
11958	0	0	0	643	60	
11612	0	0	0	641	36	
10918	0	0	0	584	22	
11617	0	0	0	618	38	
9584	0	0	0	576	19	
10933	0	0	0	596	25	
11815	0	0	0	632	17	
9286	0	0	0	523	18	
10289	0	0	0	626	6	
10666	0	0	0	594	45	
8293	0	0	0	462	49	
9567	0	0	0	514	59	
10075	0	0	0	529	56	
9695	0	0	0	550	61	
10324	0	0	0	540	46	
10364	0	0	0	552	47	
11024	0	0	0	599	48	
10136	0	0	0	546	33	
10962	0	0	0	589	46	
9552	0	0	0	518	34	
10893	0	0	0	588	19	
10352	0	0	0	602	35	
9015	0	0	0	548	22	
11155	0	0	0	615	22	
10860	0	0	0	615	28	
9213	0	0	0	494	18	
11409	0	0	0	624	21	
11471	0	0	0	646	61	
10241	0	0	0	651	85	
10938	0	0	0	583	61	
11442	0	0	0	603	48	
9823	0	0	0	542	36	
12072	0	0	0	651	60	
12039	0	0	0	644	50	
10902	0	0	0	588	36	
10806	0	0	0	575	40	
11721	0	0	0	636	33	
8159	0	0	0	466	30	
11767	0	0	0	639	37	
11640	0	0	0	619	30	
12028	0	0	0	648	18	
10897	0	0	0	594	27	
9510	0	0	0	546	16	
11721	0	0	0	633	35	
11743	0	0	0	643	92	
10786	0	0	0	602	72	
10612	0	0	0	563	58	
7899	0	0	0	495	49	
10544	0	0	0	552	64	
9578	0	0	0	538	58	
10863	0	0	0	586	45	
8331	0	0	0	618	40	
11841	0	0	0	632	31	
7442	0	0	0	679	17	
11354	0	0	0	617	31	
9531	0	0	0	546	21	
11443	0	0	0	612	22	
11063	0	0	0	589	16	
10499	0	0	0	564	17	
11376	0	0	0	615	17	
10348	0	0	0	647	29	
9295	0	0	0	567	76	
10832	0	0	0	578	72	
11182	0	0	0	595	62	
11800	0	0	0	625	54	
11104	0	0	0	606	54	
11861	0	0	0	640	61	
11702	0	0	0	630	48	
7670	0	0	0	473	23	
10733	0	0	0	568	28	
9245	0	0	0	507	36	
8881	0	0	0	481	22	
11276	0	0	0	610	23	
10694	0	0	0	578	17	
11983	0	0	0	651	29	
9786	0	0	0	563	21	
9554	0	0	0	611	21	
8223	0	0	0	558	9	
11674	0	0	0	639	72	
10927	0	0	0	642	89	
9292	0	0	0	580	61	
11354	0	0	0	603	59	
11986	0	0	0	654	53	
12049	0	0	0	653	60	
9326	0	0	0	560	37	
8502	0	0	0	456	30	
10835	0	0	0	603	39	
6691	0	0	0	531	20	
11687	0	0	0	630	28	
9302	0	0	0	531	21	
9009	0	0	0	488	21	
11894	0	0	0	625	21	
12079	0	0	0	645	16	
10910	0	0	0	591	20	
10981	0	0	0	604	13	
8652	0	0	0	468	51	
11734	0	0	0	632	98	
11563	0	0	0	621	79	
10408	0	0	0	622	60	
11662	0	0	0	679	61	
12241	0	0	0	665	45	
8474	0	0	0	466	37	
10583	0	0	0	559	31	
8916	0	0	0	488	33	
10829	0	0	0	622	38	
10921	0	0	0	591	29	
9208	0	0	0	581	26	
11611	0	0	0	623	32	
12139	0	0	0	643	30	
10586	0	0	0	565	15	
10330	0	0	0	555	17	
9979	0	0	0	609	18	
7422	0	0	0	634	57	
9855	0	0	0	603	65	
10846	0	0	0	585	75	
11435	0	0	0	613	74	
12054	0	0	0	639	72	
11538	0	0	0	620	42	
12048	0	0	0	655	46	
11291	0	0	0	620	46	
11241	0	0	0	603	38	
10201	0	0	0	560	33	
9132	0	0	0	598	31	
11363	0	0	0	613	29	
11687	0	0	0	633	29	
11692	0	0	0	628	20	
11388	0	0	0	619	28	
11539	0	0	0	622	18	
9625	0	0	0	527	35	
10614	0	0	0	565	77	
9565	0	0	0	563	59	
10499	0	0	0	593	61	
10078	0	0	0	575	56	
11648	0	0	0	648	77	
8986	0	0	0	574	38	
10096	0	0	0	527	41	
10157	0	0	0	534	43	
9351	0	0	0	522	21	
7101	0	0	0	439	25	
11335	0	0	0	608	25	
9246	0	0	0	508	25	
11659	0	0	0	627	22	
9408	0	0	0	513	16	
10520	0	0	0	555	19	
10586	0	0	0	590	20	
8111	0	0	0	463	9	
11183	0	0	0	608	53	
11748	0	0	0	651	68	
11663	0	0	0	632	70	
11320	0	0	0	633	66	
10266	0	0	0	582	56	
10427	0	0	0	601	58	
10206	0	0	0	653	54	
9352	0	0	0	611	39	
8979	0	0	0	526	31	
11146	0	0	0	628	33	
11257	0	0	0	609	35	
10896	0	0	0	593	31	
8704	0	0	0	515	24	
10543	0	0	0	614	16	
9014	0	0	0	543	21	
10128	0	0	0	555	17	
10433	0	0	0	558	14	
10994	0	0	0	583	41	
11628	0	0	0	632	73	
8342	0	0	0	505	51	
9760	0	0	0	554	60	
9926	0	0	0	668	46	
10339	0	0	0	574	68	
11446	0	0	0	609	52	
9656	0	0	0	676	41	
11991	0	0	0	635	39	
10617	0	0	0	610	27	
7846	0	0	0	445	30	
9806	0	0	0	522	26	
10173	0	0	0	562	22	
9116	0	0	0	528	22	
10990	0	0	0	607	20	
9003	0	0	0	527	12	
10522	0	0	0	588	23	
11412	0	0	0	674	15	
12121	0	0	0	647	84	
12192	0	0	0	649	74	
12321	0	0	0	671	71	
8479	0	0	0	470	55	
11211	0	0	0	607	68	
11442	0	0	0	623	53	
8992	0	0	0	487	35	
8711	0	0	0	601	26	
11610	0	0	0	639	42	
10047	0	0	0	568	23	
12222	0	0	0	650	31	
9371	0	0	0	536	24	
10812	0	0	0	583	28	
9196	0	0	0	500	15	
9188	0	0	0	571	22	
10238	0	0	0	598	25	
9794	0	0	0	623	14	
10085	0	0	0	637	72	
11622	0	0	0	630	81	
9524	0	0	0	523	52	
11291	0	0	0	615	70	
10591	0	0	0	614	58	
8204	0	0	0	518	36	
9431	0	0	0	510	22	
7996	0	0	0	438	33	
11548	0	0	0	644	33	
11178	0	0	0	662	36	
397	0	0	0	2387	2	
0	0	0	0	2466	0	
0	0	0	0	2356	0	
0	0	0	0	2171	0	
0	0	0	0	2114	0	
0	0	0	0	2150	0	
0	0	0	0	1161	0	
0	0	0	0	731	0	
0	0	0	0	11	0	
0	0	0	0	0	0	
