153.18 30.67 111.35
0.00 0.00 0.00
64.03 0.00 0.00
0.00 0.00 0.00
0.00 0.00 0.00
0.00 0.00 0.00
172.12 20.00 0.00
193.59 0.00 0.00
194.60 0.00 0.00
195.10 0.00 0.00
206.69 7.00 6.93
210.20 7.00 5.90
210.20 6.00 5.98
211.71 6.00 5.77
210.20 8.00 7.84
211.70 6.00 5.91
210.21 6.00 5.90
207.70 6.00 6.93
207.20 8.00 6.96
210.20 6.00 5.82
210.20 6.00 5.95
211.20 8.00 7.93
209.70 6.00 5.78
209.70 6.00 5.75
210.70 6.00 5.75
211.71 8.00 7.70
211.70 6.00 5.98
209.20 6.00 5.95
210.71 8.00 7.87
212.21 6.00 5.62
211.70 6.00 5.95
207.70 6.00 5.91
209.20 8.00 7.87
210.20 6.00 5.88
208.20 6.00 5.99
207.70 6.00 6.39
208.70 8.00 7.30
209.20 6.00 5.94
208.20 6.00 5.76
206.20 6.00 6.02
208.20 8.00 7.81
209.20 6.00 5.62
208.20 6.00 5.74
206.20 6.00 5.85
206.70 8.00 7.74
209.20 6.00 5.80
208.70 6.00 5.98
207.20 6.00 5.88
206.70 8.00 7.64
207.20 6.00 5.89
207.71 6.00 5.92
207.70 6.00 5.95
206.70 8.00 7.92
210.20 6.00 5.81
212.20 6.00 5.96
210.20 6.00 7.36
212.20 8.00 6.25
213.21 6.00 5.97
212.21 6.00 5.98
212.21 8.00 7.88
210.20 6.00 5.86
211.70 6.00 5.91
211.20 8.00 7.93
209.71 6.00 5.95
210.20 6.00 5.84
210.20 6.00 6.37
210.95 8.00 7.29
210.46 6.00 5.93
210.70 6.00 5.98
210.21 8.00 7.89
210.71 6.00 5.95
210.20 6.00 5.80
210.20 6.00 6.00
209.70 8.00 7.73
210.20 6.00 5.92
210.71 6.00 5.77
209.20 8.00 7.93
209.11 5.94 5.90
210.20 6.00 5.86
209.20 6.00 5.81
209.70 8.00 7.82
211.71 6.00 5.92
210.70 6.00 5.98
209.20 8.00 7.63
208.71 6.00 5.98
208.70 0.00 5.85
208.70 0.00 5.95
207.20 2.00 7.88
204.70 6.00 5.80
203.70 6.00 5.94
202.69 6.00 5.96
203.20 6.00 5.87
204.70 6.00 5.89
199.69 8.00 7.81
204.70 6.00 5.78
202.20 6.00 5.74
202.69 6.00 5.93
201.70 6.00 5.97
202.19 6.00 5.88
200.69 8.00 7.73
203.70 6.00 5.80
203.69 6.00 5.56
202.70 6.00 5.86
203.19 6.00 5.86
202.69 6.00 5.84
198.70 8.00 7.86
201.69 6.00 5.87
201.70 6.00 5.97
204.20 6.00 5.73
204.20 6.00 5.58
204.20 6.00 5.92
200.19 8.00 7.93
202.20 6.00 5.73
203.20 6.00 5.98
204.70 6.00 5.83
201.19 6.00 5.91
204.20 6.00 5.88
200.70 7.50 7.91
201.69 6.50 5.92
201.70 6.00 5.36
202.20 6.00 5.97
202.20 6.00 5.27
202.70 6.00 5.80
202.70 6.00 5.95
198.69 8.00 7.65
203.20 6.00 5.85
204.70 6.00 5.95
202.69 6.00 5.76
202.70 6.00 5.85
201.19 6.00 5.73
200.69 8.00 7.77
203.70 6.00 5.63
203.69 6.00 5.95
202.20 6.00 5.89
202.70 6.00 5.87
203.20 6.00 5.91
201.19 6.00 5.83
201.19 8.00 7.92
203.70 6.00 5.95
203.19 6.00 5.69
203.20 6.00 5.98
201.70 6.00 5.88
202.20 6.00 5.93
198.69 8.00 7.62
204.20 6.00 5.88
203.19 6.00 5.77
202.70 6.00 5.93
201.69 6.00 5.82
203.70 6.00 5.77
200.19 8.00 7.98
202.20 6.00 5.92
203.70 6.00 5.91
203.20 6.00 5.75
202.70 6.00 5.84
202.20 6.00 5.88
200.19 7.50 7.64
202.70 6.50 6.20
203.70 6.00 5.85
202.20 6.00 5.82
203.69 6.00 5.91
204.20 6.00 5.62
200.70 6.00 6.46
200.19 8.00 7.42
201.20 6.00 5.60
204.20 6.00 5.97
205.20 6.00 5.84
204.20 6.00 5.87
202.20 6.00 5.98
201.20 8.00 7.94
204.20 6.00 5.93
204.70 6.00 5.95
203.19 6.00 5.82
202.70 6.00 6.01
201.20 6.00 5.94
199.69 8.00 7.98
202.70 6.00 5.98
202.70 6.00 5.98
203.20 6.00 5.98
202.20 6.00 5.92
201.19 6.00 5.87
199.19 8.00 7.70
203.45 6.00 5.88
203.45 6.00 5.98
202.69 6.00 5.97
202.70 6.00 5.95
204.20 6.00 5.73
199.19 8.00 7.76
202.20 6.00 5.83
202.20 6.00 5.74
202.20 6.00 6.01
203.70 6.00 5.88
200.70 6.00 5.87
202.69 6.00 5.93
199.19 8.00 7.80
202.70 6.00 5.97
201.69 6.00 5.84
202.20 6.00 5.86
203.19 6.00 5.92
202.70 6.00 5.95
201.19 6.00 5.90
199.19 8.00 7.88
203.20 6.00 5.99
202.20 6.00 6.00
201.69 6.00 5.84
202.70 6.00 5.74
202.69 6.00 5.98
199.70 8.00 7.15
202.69 6.00 5.93
202.70 6.00 5.92
204.70 6.00 5.93
204.20 6.00 5.74
202.20 6.00 5.89
199.69 8.00 8.00
204.20 6.00 5.44
203.20 6.00 5.78
204.20 6.00 5.74
204.20 6.00 5.89
202.20 6.00 5.94
199.19 8.00 7.83
202.69 6.00 5.85
202.70 6.00 4.91
202.69 6.00 5.56
203.70 6.00 5.52
202.20 6.00 5.93
202.20 6.00 5.88
199.69 8.00 7.88
201.70 6.00 5.78
203.70 6.00 5.82
203.70 6.00 5.43
202.70 6.00 5.57
203.20 6.00 5.83
199.69 8.00 7.65
204.69 6.00 5.87
203.70 6.00 5.91
204.70 6.00 5.89
201.69 6.00 5.73
201.69 6.00 5.73
199.70 8.00 7.83
202.20 6.00 5.66
201.69 6.00 5.56
203.20 6.00 5.88
202.70 6.00 5.50
202.69 6.00 5.79
200.70 6.00 5.98
200.20 8.00 7.83
204.20 6.00 5.26
201.69 6.00 5.62
202.70 6.00 5.98
202.19 6.00 5.95
202.20 6.00 5.91
200.69 8.00 7.96
200.69 5.94 5.93
203.20 6.00 5.89
202.20 6.00 5.74
203.20 6.00 5.87
202.20 6.00 5.91
199.19 8.00 7.57
204.20 6.00 5.90
203.20 6.00 5.47
205.20 6.00 5.96
205.20 6.00 5.94
206.20 6.00 5.95
203.20 8.00 7.78
204.70 6.00 5.82
204.70 6.00 6.00
205.70 6.00 5.73
206.20 6.00 5.98
202.70 8.00 7.77
205.20 6.00 5.88
205.70 6.00 5.95
205.70 6.00 5.71
202.69 6.00 5.83
201.70 8.00 7.89
206.20 6.00 5.87
205.20 6.00 5.89
205.70 6.00 5.92
205.20 6.00 5.91
202.70 8.00 7.85
206.20 6.00 5.80
206.20 6.00 5.96
206.20 6.00 5.95
206.20 6.00 5.91
203.20 8.00 7.91
206.70 6.00 5.48
206.20 6.00 6.02
206.70 6.00 5.93
205.20 6.00 6.50
204.20 8.00 7.47
206.20 6.00 5.96
207.20 6.00 5.91
206.20 6.00 5.96
204.20 8.00 7.95
208.20 6.00 5.88
207.20 6.00 5.98
207.70 6.00 5.91
206.70 6.00 5.89
205.70 8.00 7.89
207.20 6.00 5.94
206.70 6.00 5.96
207.70 6.00 5.80
203.70 8.00 7.71
202.69 6.00 5.90
203.70 6.00 5.96
202.69 6.00 5.96
203.20 6.00 5.97
204.70 6.00 5.93
200.69 8.00 7.99
201.70 6.00 5.91
202.69 6.00 5.98
202.70 6.00 6.01
204.20 6.00 5.95
202.20 6.00 5.70
200.19 8.00 7.98
203.94 6.00 5.69
202.45 6.00 5.95
203.20 6.00 5.91
202.69 6.00 5.92
204.70 6.00 5.90
199.19 8.00 7.85
203.69 6.00 5.74
203.70 6.00 5.93
203.20 6.00 5.86
202.70 6.00 5.86
201.19 6.00 5.89
200.70 8.00 7.73
203.19 6.00 5.81
203.70 6.00 5.60
203.20 6.00 6.00
203.70 6.00 5.91
204.20 6.00 5.88
200.19 8.00 7.70
201.69 6.00 6.00
203.70 6.00 5.52
203.20 6.00 5.91
203.20 6.00 5.84
203.69 6.00 5.79
200.70 8.00 7.66
204.20 6.00 5.89
203.20 6.00 5.90
203.20 6.00 5.66
204.20 6.00 5.82
204.70 6.00 5.75
200.70 8.00 7.84
203.69 6.00 5.91
203.70 6.00 5.82
204.20 6.00 6.00
203.69 6.00 5.55
202.70 6.00 5.80
201.19 8.00 7.93
203.20 6.00 5.93
203.69 6.00 5.69
203.20 6.00 5.87
203.70 6.00 5.95
204.20 6.00 5.68
200.69 8.00 7.66
203.70 6.00 5.79
203.20 6.00 5.89
203.20 6.00 5.93
204.20 6.00 5.82
202.89 6.00 5.97
200.50 8.00 7.67
203.20 6.00 5.80
203.70 6.00 6.04
203.19 6.00 5.91
203.70 6.00 5.93
204.20 6.00 5.90
200.69 8.00 7.78
203.70 6.00 5.92
203.20 6.00 5.84
203.20 6.00 5.83
204.20 6.00 5.99
202.20 6.00 5.89
201.20 8.00 7.95
203.20 6.00 5.84
203.69 6.00 5.96
203.20 6.00 5.94
203.70 6.00 4.92
202.20 7.50 7.70
203.20 6.50 6.18
202.20 6.00 5.92
202.19 6.00 5.83
203.69 6.00 5.88
203.70 6.00 5.56
202.20 6.50 6.96
202.20 7.50 6.85
203.69 6.00 5.91
203.70 6.00 5.83
204.20 6.00 5.82
203.20 6.00 5.97
200.19 8.00 7.89
203.20 6.00 5.74
203.69 6.00 5.95
203.70 6.00 5.60
203.20 6.00 5.90
204.20 6.00 5.88
199.69 8.00 7.87
203.19 6.00 5.73
203.70 6.00 5.15
203.70 6.00 5.95
202.70 6.00 5.97
203.69 6.00 5.98
201.20 8.00 7.92
203.20 6.00 5.87
203.70 6.00 5.94
203.20 6.00 5.82
203.20 6.00 5.86
204.19 6.00 6.00
199.19 8.00 7.88
202.69 6.00 5.54
203.20 6.00 5.99
203.20 6.00 5.80
203.70 6.00 5.83
203.20 6.00 5.84
202.20 8.00 7.86
203.69 6.00 5.74
203.20 6.00 5.96
203.70 6.00 5.88
202.69 6.00 5.88
203.70 6.00 5.98
200.19 8.00 7.90
204.20 6.00 5.75
203.20 6.00 5.54
203.19 6.00 5.86
201.69 6.00 5.91
202.70 6.00 5.89
201.19 8.00 7.80
203.70 6.00 5.74
200.19 5.94 5.89
203.70 6.00 5.53
203.20 6.00 5.79
204.20 6.00 5.84
200.69 8.00 7.77
204.20 6.00 5.30
203.70 6.00 5.39
203.69 6.00 5.74
203.70 6.00 5.78
206.70 6.00 5.98
202.70 8.00 7.80
203.70 6.00 5.93
203.19 6.00 5.92
203.70 6.00 5.89
203.20 6.00 5.91
202.20 6.00 5.80
201.19 8.00 7.42
203.70 6.00 5.88
203.70 6.00 5.99
203.20 6.00 5.95
203.20 6.00 5.92
202.19 6.50 6.39
202.20 7.50 7.37
203.20 6.00 5.91
203.70 6.00 5.86
202.70 6.00 5.88
203.69 6.00 5.98
201.70 7.00 6.97
200.69 7.00 6.50
203.70 6.00 6.00
203.69 6.00 5.97
203.70 6.00 5.93
201.20 6.00 5.96
204.20 6.50 6.42
206.20 7.50 7.09
205.70 6.00 5.53
202.70 6.00 5.98
203.20 6.00 5.88
203.69 6.00 5.98
200.70 8.00 7.24
202.69 6.00 5.41
202.70 6.00 5.90
203.70 6.00 5.88
203.70 6.00 5.74
202.69 6.00 5.91
200.70 8.00 7.88
205.20 6.00 5.81
203.20 6.00 5.95
203.20 6.00 5.97
203.20 6.00 5.97
203.20 6.00 5.84
200.19 8.00 7.95
202.69 6.00 5.85
203.20 6.00 5.85
203.20 6.00 5.88
203.19 6.00 5.95
203.20 6.00 5.89
199.19 8.00 7.67
204.70 6.00 5.73
204.20 6.00 5.95
204.20 6.00 5.75
203.69 6.00 5.80
204.20 6.00 5.99
199.69 8.00 7.91
201.69 6.00 5.93
203.20 6.00 5.98
203.70 6.00 5.67
202.69 6.00 5.89
202.70 6.00 6.02
200.19 8.00 7.97
205.20 6.00 5.55
203.69 6.00 5.85
203.20 6.00 5.95
203.20 6.00 5.86
203.19 6.00 5.94
200.70 8.00 7.46
203.70 6.00 5.83
203.70 6.00 5.98
204.20 6.00 5.84
203.20 6.00 5.30
204.20 6.00 5.81
203.70 8.00 7.96
206.70 6.00 5.94
206.70 6.00 5.92
203.70 6.00 5.90
204.20 6.00 5.47
200.69 8.00 7.98
203.70 6.00 5.91
203.70 6.00 5.92
203.70 6.00 5.52
203.70 6.00 5.80
202.69 6.00 5.85
199.19 8.00 7.91
203.69 6.00 5.91
204.70 6.00 5.42
203.20 6.00 5.93
203.20 6.00 5.82
203.20 6.00 5.85
201.69 8.00 7.96
203.70 6.00 5.66
202.69 6.00 5.76
203.70 6.00 5.89
203.70 6.00 5.70
201.70 6.50 6.93
202.20 7.50 6.79
204.20 6.00 5.84
204.69 6.00 5.87
202.70 6.00 5.88
204.20 6.00 5.95
200.69 8.00 7.80
204.20 6.00 5.91
203.20 6.00 5.34
202.19 6.00 5.97
203.70 6.00 5.71
202.69 6.00 5.99
200.70 8.00 7.74
203.20 6.00 5.32
203.20 6.00 5.84
206.70 6.00 5.43
204.20 6.00 5.84
203.70 6.00 5.96
200.69 8.00 7.86
203.20 6.00 5.96
204.70 6.00 5.93
203.69 6.00 5.96
203.70 6.00 5.94
203.20 6.00 5.94
200.19 8.00 7.19
201.69 6.00 6.01
203.19 6.00 5.77
205.20 6.00 5.97
203.20 6.00 5.96
203.70 6.00 5.94
200.69 8.00 7.66
203.70 6.00 5.78
203.69 6.00 5.95
203.70 6.00 5.82
203.70 6.00 4.70
202.70 6.00 5.88
201.19 8.00 7.85
203.20 6.00 5.73
203.20 6.00 6.00
204.20 6.00 5.92
203.70 6.00 5.90
201.70 6.00 6.17
201.69 8.00 7.47
203.70 6.00 5.79
203.20 6.00 5.81
200.69 6.00 5.92
203.20 6.00 5.88
202.70 6.00 5.62
200.19 8.00 7.95
201.20 6.00 5.84
203.20 6.00 5.97
204.70 6.00 5.92
203.70 6.00 5.79
203.20 6.00 5.93
200.19 8.00 7.90
204.95 6.00 5.91
206.95 6.00 5.62
205.70 6.00 5.28
206.20 6.00 5.87
204.20 8.00 7.96
205.20 6.00 5.94
204.20 6.00 5.98
206.20 6.00 5.95
207.70 6.00 5.94
203.19 8.00 7.88
204.70 6.00 5.76
201.19 5.94 5.87
204.20 6.00 5.98
204.20 6.00 5.93
200.19 8.00 7.91
203.70 6.00 5.88
203.70 6.00 5.96
203.20 6.00 5.97
202.70 6.00 5.99
203.19 6.00 5.90
201.70 8.00 7.96
203.20 6.00 5.91
204.20 6.00 5.74
204.20 6.00 5.80
203.20 6.00 5.73
205.20 6.00 5.80
198.19 8.00 7.81
203.69 6.00 5.72
203.70 6.00 5.88
203.20 6.00 5.71
201.19 6.00 5.94
204.20 6.00 5.99
201.69 8.00 7.78
203.70 6.00 6.02
202.69 6.00 5.92
204.20 6.00 5.80
203.70 6.00 5.55
203.20 6.00 5.59
200.19 8.00 7.90
203.69 6.00 5.89
203.70 6.00 5.90
203.20 6.00 5.84
204.20 6.00 5.49
202.20 6.00 5.84
201.69 8.00 7.84
203.20 6.00 5.55
203.70 6.00 5.67
203.20 6.00 5.80
203.28 6.00 5.91
203.12 6.00 5.52
201.19 8.00 7.93
203.20 6.00 5.70
203.70 6.00 5.95
202.70 6.00 5.92
201.19 6.00 5.70
203.20 6.00 5.51
202.20 8.00 7.38
203.70 6.00 5.83
203.70 6.00 5.92
203.69 6.00 5.75
203.70 6.00 5.77
204.20 6.00 5.87
199.19 8.00 7.55
203.20 6.00 5.55
204.20 6.00 5.95
203.69 6.00 6.00
201.70 6.00 5.26
203.19 6.00 5.90
201.19 8.00 7.95
203.69 6.00 5.89
203.70 6.00 5.87
203.20 6.00 5.88
203.69 6.00 5.83
203.20 6.00 5.95
198.69 8.00 7.78
202.69 6.00 5.97
203.70 6.00 5.44
203.69 6.00 5.88
203.20 6.00 5.81
203.19 6.00 6.02
201.20 8.00 7.34
203.70 6.00 5.98
203.20 6.00 5.99
203.20 6.00 5.79
203.69 6.00 5.94
204.20 6.00 5.91
200.69 8.00 7.97
203.20 6.00 5.59
203.69 6.00 5.94
203.70 6.00 5.91
203.69 6.00 5.95
203.70 6.00 5.93
201.20 8.00 7.88
203.20 6.00 5.97
203.20 6.00 5.96
204.20 6.00 5.87
203.20 6.00 5.64
202.20 6.00 5.93
202.20 8.00 7.98
203.69 6.00 5.91
203.70 6.00 5.75
203.20 6.00 5.73
203.20 6.00 5.84
201.19 7.50 7.36
204.20 6.50 6.32
204.20 6.00 5.80
203.20 6.00 5.98
203.20 6.00 5.91
203.70 6.00 5.90
200.69 8.00 7.84
201.19 6.00 6.04
203.20 6.00 5.70
204.19 6.00 5.83
203.70 6.00 5.88
202.70 6.00 5.98
201.20 8.00 7.99
204.70 6.00 5.67
203.70 6.00 5.91
203.20 6.00 5.99
203.69 6.00 5.87
203.70 6.00 5.62
200.69 8.00 7.89
202.20 6.00 5.96
203.70 6.00 5.27
203.20 6.00 5.81
203.20 6.00 5.95
203.19 6.00 5.66
200.19 8.00 7.84
204.70 6.00 5.93
203.70 6.00 5.83
203.20 6.00 5.60
203.20 6.00 5.91
202.69 6.00 5.80
200.19 8.00 7.75
202.70 6.00 5.97
202.69 6.00 5.99
203.20 6.00 5.96
203.70 6.00 5.98
203.20 6.00 5.74
199.19 8.00 7.96
207.45 6.00 5.71
206.95 6.00 5.92
204.20 6.00 5.76
205.70 6.00 5.86
200.70 7.00 6.93
203.20 7.00 6.89
203.20 6.00 5.85
203.20 6.00 5.94
204.70 6.00 5.82
202.70 6.00 5.95
200.19 7.50 6.48
201.69 6.50 7.42
204.20 6.00 5.98
206.70 6.00 5.97
205.20 6.00 5.97
203.20 6.00 5.71
200.19 8.00 7.89
203.20 6.00 5.99
203.69 6.00 5.85
203.20 6.00 5.95
203.70 6.00 5.95
203.69 6.00 6.01
197.70 8.00 7.89
203.69 6.00 5.88
204.95 6.00 5.84
206.45 6.00 5.92
203.70 6.00 5.94
203.20 6.00 5.62
199.19 8.00 7.45
203.20 6.00 5.95
203.20 6.00 6.02
203.20 6.00 5.99
203.20 6.00 5.94
203.20 6.00 5.93
200.19 8.00 7.91
203.20 6.00 5.94
204.20 6.00 5.94
201.18 5.94 5.95
203.20 6.00 5.91
203.20 6.00 5.80
201.19 8.00 7.58
203.69 6.00 5.94
203.70 6.00 5.94
203.69 6.00 5.97
203.20 6.00 5.94
203.70 6.00 6.01
199.19 8.00 7.68
203.20 6.00 5.86
204.20 6.00 5.89
203.20 6.00 5.98
203.69 6.00 5.95
203.20 6.00 5.17
200.69 8.00 7.94
203.20 6.00 5.98
203.69 6.00 5.89
203.70 6.00 5.78
202.69 6.00 5.97
202.70 6.00 5.98
200.69 8.00 7.62
203.70 6.00 5.93
204.69 6.00 5.95
202.70 6.00 6.00
202.20 6.00 5.95
203.20 6.00 5.96
200.69 8.00 7.77
204.20 6.00 5.76
202.20 6.00 5.66
203.70 6.00 5.78
203.20 6.00 5.95
203.19 6.00 5.84
200.19 8.00 7.80
203.69 6.00 6.01
204.20 6.00 6.01
203.19 6.00 5.95
201.70 6.00 5.89
203.20 6.00 5.82
200.19 8.00 7.78
203.20 6.00 5.93
203.20 6.00 5.93
203.20 6.00 5.75
203.20 6.00 6.00
202.69 6.00 5.75
199.19 8.00 7.57
203.70 6.00 5.90
204.20 6.00 5.91
202.69 6.00 5.96
203.70 6.00 5.96
203.69 6.00 6.01
200.19 8.00 7.79
203.20 6.00 5.79
200.70 6.00 5.93
203.20 6.00 5.71
203.20 6.00 5.72
204.20 6.00 5.97
199.19 8.00 7.69
202.69 6.00 5.83
205.20 6.00 5.98
203.70 6.00 5.52
202.69 6.00 5.72
203.19 6.00 5.86
200.70 8.00 7.65
202.69 6.00 5.85
200.70 6.00 5.94
203.69 6.00 5.84
203.70 6.00 5.77
203.20 6.00 5.94
202.19 6.50 6.22
202.20 7.50 7.43
205.20 6.00 5.93
203.20 6.00 5.86
201.69 6.00 5.74
202.70 6.00 5.94
202.19 6.50 6.26
202.69 7.50 7.34
201.70 6.00 5.45
202.69 6.00 5.88
203.20 6.00 5.87
203.70 6.00 6.01
201.19 6.00 5.88
199.19 8.00 7.59
204.20 6.00 5.91
203.20 6.00 5.98
202.19 6.00 6.01
202.69 6.00 5.98
203.20 6.00 5.98
199.70 8.00 8.02
202.70 6.00 5.99
203.20 6.00 5.90
203.19 6.00 5.94
203.20 6.00 5.91
201.19 6.00 6.00
200.70 8.00 7.94
204.20 6.00 5.65
203.69 6.00 5.90
203.20 6.00 5.96
203.70 6.00 5.79
202.69 6.00 5.87
200.20 8.00 7.97
202.70 6.00 5.93
203.69 6.00 5.41
203.70 6.00 5.97
203.70 6.00 5.98
203.19 6.00 6.01
200.20 8.00 7.73
204.70 6.00 5.96
203.20 6.00 5.93
203.20 6.00 5.99
203.69 6.00 5.90
203.20 6.00 5.96
200.19 8.00 7.68
203.70 6.00 5.66
203.20 6.00 5.99
203.20 6.00 5.90
203.20 6.00 5.95
202.20 6.00 5.80
200.69 8.00 7.67
204.20 6.00 5.72
203.70 6.00 5.63
203.20 6.00 5.97
203.20 6.00 5.83
203.20 6.00 5.91
200.19 8.00 7.98
203.70 6.00 5.52
203.70 6.00 5.91
204.20 6.00 5.78
202.70 6.00 5.94
204.20 6.00 5.93
200.70 8.00 7.30
205.20 6.00 5.77
204.20 6.00 5.88
203.20 6.00 5.73
204.20 6.00 5.91
203.20 6.00 5.92
200.69 8.00 7.60
203.70 6.00 5.94
204.20 6.00 5.90
203.20 6.00 5.96
203.20 6.00 5.89
203.69 6.00 5.88
200.70 8.00 7.70
204.70 6.00 5.83
203.70 6.00 5.54
203.20 6.00 5.88
203.20 6.00 5.77
202.20 6.50 6.42
202.69 7.50 7.31
202.70 6.00 5.86
203.20 6.00 5.99
203.20 6.00 5.98
203.20 6.00 5.75
202.19 6.00 5.98
201.19 8.00 7.55
204.20 6.00 5.77
203.20 6.00 5.79
201.20 6.00 5.61
203.20 6.00 5.84
203.20 6.00 5.98
200.69 8.00 7.75
203.70 6.00 5.90
203.20 6.00 5.91
205.20 6.00 5.90
205.20 6.00 5.59
200.69 8.00 7.43
203.19 6.00 5.95
204.70 6.00 5.81
203.20 6.00 5.95
203.69 6.00 5.86
203.70 6.00 5.87
200.69 8.00 7.89
203.70 6.00 5.91
203.70 6.00 5.96
203.70 6.00 5.89
203.69 6.00 5.97
203.20 6.00 5.90
198.19 8.00 7.99
202.19 6.00 5.88
204.70 6.00 5.96
203.20 6.00 5.26
203.69 6.00 6.01
202.70 6.00 5.94
200.69 8.00 7.93
203.70 6.00 5.84
201.19 5.94 5.92
203.20 6.00 5.83
203.20 6.00 5.77
203.20 6.00 5.69
200.19 8.00 7.87
203.20 6.00 5.98
204.20 6.00 5.95
203.19 6.00 5.96
203.69 6.00 5.84
203.20 6.00 5.95
200.19 8.00 7.86
203.70 6.00 5.77
203.20 6.00 5.98
202.69 6.00 5.98
202.70 6.00 6.02
203.69 6.00 5.95
199.70 7.50 7.33
203.20 6.50 5.99
204.20 6.00 5.95
203.20 6.00 5.93
203.20 6.00 6.00
202.69 6.00 5.98
201.20 8.00 7.86
204.20 6.00 5.98
202.70 6.00 5.93
204.20 6.00 5.67
203.20 6.00 5.90
203.70 6.00 5.80
200.69 8.00 7.73
203.20 6.00 5.89
204.69 6.00 5.95
203.20 6.00 5.92
203.70 6.00 5.38
203.20 6.00 5.96
201.19 8.00 7.98
203.20 6.00 5.92
203.20 6.00 5.87
202.20 6.00 5.89
203.69 6.00 5.43
203.20 6.00 5.90
200.70 8.00 7.88
203.70 6.00 5.74
204.70 6.00 5.19
203.20 6.00 5.95
203.20 6.00 5.95
203.20 6.00 5.45
201.19 8.00 7.49
203.20 6.00 5.84
203.20 6.00 5.71
203.20 6.00 5.91
204.20 6.00 5.82
203.20 6.00 5.80
201.20 8.00 7.91
203.70 6.00 5.85
204.70 6.00 5.91
203.70 6.00 5.94
203.70 6.00 5.84
203.20 6.00 5.91
200.69 8.00 7.93
202.70 6.00 5.95
203.69 6.00 5.83
203.70 6.00 5.72
202.69 6.00 5.79
203.70 6.00 5.74
199.69 8.00 7.73
203.70 6.00 5.70
204.20 6.00 5.91
202.70 6.00 5.91
203.19 6.00 5.95
203.70 6.00 5.95
200.69 8.00 7.92
202.70 6.00 5.74
202.20 6.00 5.98
203.69 6.00 5.94
203.70 6.00 5.96
203.20 6.00 5.87
198.19 8.00 7.86
204.20 6.00 5.84
205.20 6.00 5.55
204.20 6.00 5.64
202.69 6.00 5.93
203.20 6.00 5.95
201.20 8.00 7.98
204.70 6.00 5.93
202.69 6.00 5.90
202.70 6.00 5.95
204.20 6.00 5.28
202.19 6.50 6.36
200.69 7.50 7.32
203.70 6.00 5.95
205.20 6.00 5.92
203.20 6.00 5.96
202.20 6.00 5.02
202.20 6.50 5.87
201.70 7.50 7.93
203.20 6.00 5.94
203.70 6.00 5.90
202.70 6.00 6.00
203.20 6.00 5.97
202.69 6.00 5.94
200.69 8.00 7.71
203.70 6.00 6.00
204.20 6.00 5.85
203.20 6.00 5.84
203.70 6.00 5.93
201.70 7.50 6.84
203.19 6.50 6.46
203.20 6.00 5.98
203.70 6.00 5.78
203.19 6.00 5.87
203.70 6.00 5.58
200.19 8.00 7.93
202.69 6.00 5.42
203.70 6.00 5.94
204.20 6.00 5.92
202.69 6.00 5.86
202.70 6.00 5.81
201.19 8.00 7.51
203.20 6.00 5.74
203.69 6.00 5.90
201.70 6.00 5.65
203.20 6.00 5.79
203.20 6.00 5.81
202.20 6.00 5.21
199.19 8.00 7.46
203.20 6.00 5.25
204.70 6.00 5.91
203.70 6.00 5.86
202.19 6.00 5.96
203.20 6.00 5.92
200.69 8.00 7.85
203.70 6.00 5.98
202.20 6.00 5.75
203.20 6.00 5.84
204.20 6.00 5.95
202.70 6.00 5.44
198.69 8.00 7.17
203.70 6.00 6.00
204.70 6.00 5.91
203.20 6.00 5.45
201.69 6.00 5.58
202.70 6.00 5.20
201.19 8.00 7.91
204.69 6.00 5.93
201.19 6.00 5.92
202.70 6.00 5.59
204.20 6.00 5.93
203.20 6.00 5.89
199.69 8.00 7.91
202.70 6.00 5.88
204.70 6.00 5.60
202.70 6.00 5.93
201.19 6.00 5.99
203.20 6.00 5.84
200.69 8.00 7.81
203.70 6.00 5.90
202.69 6.00 5.94
203.20 6.00 5.93
203.70 6.00 5.78
203.70 6.00 5.73
198.69 8.00 7.55
202.20 6.00 5.88
205.20 6.00 5.91
203.20 6.00 5.99
203.70 6.00 5.90
203.19 6.00 5.98
200.20 8.00 7.63
203.70 6.00 5.98
202.20 6.00 5.38
204.20 6.00 5.96
203.70 6.00 6.01
203.70 6.00 5.94
200.69 8.00 7.01
203.70 6.00 5.95
204.20 6.00 5.37
203.20 6.00 5.95
203.20 6.00 5.69
203.20 6.00 5.73
200.69 8.00 7.68
201.68 5.94 5.82
202.20 6.00 5.70
202.69 6.00 5.91
203.20 6.00 5.41
202.70 6.00 5.80
200.19 7.00 6.72
201.20 7.00 6.67
204.20 6.00 5.88
203.69 6.00 5.26
201.69 6.00 5.84
203.69 6.00 5.92
202.70 6.50 6.21
202.20 7.50 7.40
203.20 6.00 5.68
204.20 6.00 5.85
203.20 6.00 5.92
203.69 6.00 5.91
200.70 6.00 5.93
200.19 8.00 6.83
203.69 6.00 5.98
203.20 6.00 5.95
202.20 6.00 5.92
203.70 6.00 5.95
203.20 6.00 5.62
201.19 8.00 8.02
203.20 6.00 5.88
203.69 6.00 4.91
203.70 6.00 5.92
203.20 6.00 5.89
202.20 6.00 5.48
200.19 8.00 7.51
205.20 6.00 6.02
203.20 6.00 5.98
202.69 6.00 5.85
203.19 6.00 5.92
203.70 6.00 5.73
200.20 8.00 7.80
203.20 6.00 5.83
203.20 6.00 5.95
204.20 6.00 5.55
203.20 6.00 5.98
201.20 6.00 5.84
201.19 8.00 7.20
204.69 6.00 5.92
203.70 6.00 5.87
203.20 6.00 5.86
203.70 6.00 5.81
202.70 6.00 5.86
201.69 8.00 7.98
202.70 6.00 5.83
203.69 6.00 5.99
203.70 6.00 5.80
203.70 6.00 5.91
201.70 6.00 5.90
200.19 8.00 7.70
204.70 6.00 5.63
202.70 6.00 5.92
202.69 6.00 5.93
203.70 6.00 5.97
203.19 6.00 5.09
201.20 8.00 7.25
203.20 6.00 5.85
203.20 6.00 6.01
203.20 6.00 5.22
203.70 6.00 5.71
202.70 6.00 6.00
201.69 8.00 7.36
204.70 6.00 6.02
203.20 6.00 5.80
203.69 6.00 5.97
203.20 6.00 5.77
200.70 7.50 7.76
203.20 6.50 5.96
202.20 6.00 5.90
203.70 6.00 5.91
203.70 6.00 5.94
203.20 6.00 5.70
201.20 7.00 6.96
202.69 7.00 6.84
204.70 6.00 5.91
203.20 6.00 5.91
203.70 6.00 5.73
203.70 6.00 5.84
200.69 8.00 7.87
204.70 6.00 5.84
202.20 6.00 5.91
203.20 6.00 5.97
203.69 6.00 5.98
205.70 6.00 5.82
203.69 8.00 7.83
206.20 6.00 5.98
204.70 6.00 5.84
202.69 6.00 5.91
203.20 6.00 5.77
200.70 8.00 7.81
203.20 6.00 6.00
203.20 6.00 5.89
203.20 6.00 5.88
203.20 6.00 5.94
203.69 6.00 5.69
200.70 7.50 7.47
206.45 6.50 6.32
207.45 6.00 6.02
207.20 6.00 5.81
206.70 6.00 5.95
204.69 8.00 7.43
204.20 6.00 5.80
203.20 6.00 5.92
203.70 6.00 5.96
203.70 6.00 5.91
202.70 6.00 5.97
201.69 8.00 7.86
203.70 6.00 5.87
203.70 6.00 5.85
203.19 6.00 6.01
204.70 6.00 5.99
201.19 8.00 7.78
201.69 6.00 5.87
203.20 6.00 5.40
203.20 6.00 5.98
202.70 6.00 5.91
201.20 6.00 5.69
202.19 6.00 5.95
200.19 8.00 8.01
203.20 6.00 5.59
202.69 6.00 5.88
202.70 6.00 5.72
204.70 6.00 5.55
202.70 6.00 5.95
200.69 8.00 7.12
203.20 6.00 5.65
203.19 6.00 5.84
203.20 6.00 5.98
202.70 6.00 5.85
203.20 6.00 5.73
200.69 8.00 7.86
203.19 6.00 5.85
200.70 6.00 5.79
203.69 6.00 5.95
205.20 6.00 5.82
203.70 6.00 5.84
199.69 8.00 7.69
204.20 6.00 5.80
204.20 6.00 5.92
204.70 6.00 5.80
203.69 6.00 5.80
203.70 6.00 5.96
200.19 8.00 7.92
204.20 6.00 6.00
203.20 6.00 5.19
203.70 6.00 5.41
204.70 6.00 5.98
202.19 6.00 5.96
198.69 8.00 7.58
203.70 6.00 5.86
203.20 6.00 5.81
203.69 6.00 5.87
203.70 6.00 5.93
203.20 6.00 5.80
200.69 8.00 7.87
202.70 6.00 5.84
202.20 6.00 5.87
203.20 6.00 5.93
204.20 6.00 5.92
203.20 6.00 5.80
200.19 8.00 7.57
203.20 6.00 5.83
203.20 6.00 5.98
203.20 6.00 5.83
203.20 6.00 5.79
203.20 6.00 5.34
200.69 8.00 7.73
203.70 6.00 5.80
202.20 6.00 5.96
201.68 5.94 4.91
204.70 6.00 5.90
203.20 6.00 5.98
200.19 8.00 7.77
204.20 6.00 5.83
203.20 6.00 5.58
202.69 6.00 5.96
203.70 6.00 5.48
204.20 6.00 5.84
200.69 8.00 7.73
204.20 6.00 5.87
201.70 6.00 5.84
203.20 6.00 5.96
204.69 6.00 5.84
202.70 6.00 5.79
199.19 8.00 7.93
203.20 6.00 5.70
203.20 6.00 5.98
203.69 6.00 5.83
202.70 6.00 5.94
203.70 6.00 5.55
200.70 8.00 7.45
203.20 6.00 5.92
201.69 6.00 5.98
202.20 6.00 5.91
204.70 6.00 5.77
203.20 6.00 5.84
199.19 8.00 7.86
203.20 6.00 4.81
203.20 6.00 5.97
204.20 6.00 6.00
202.19 6.00 5.98
202.70 6.00 5.88
200.70 8.00 7.91
203.70 6.00 4.88
202.19 6.00 5.82
202.70 6.00 5.94
205.20 6.00 5.80
203.70 6.00 5.52
199.19 8.00 7.18
202.70 6.00 5.04
204.20 6.00 5.47
204.20 6.00 5.90
201.19 6.00 5.53
202.20 6.00 5.86
201.19 8.00 7.51
203.69 6.00 6.26
202.70 6.00 5.85
202.20 6.00 5.87
204.69 6.00 5.74
203.70 6.00 5.89
200.19 6.00 6.00
200.19 8.00 7.93
204.20 6.00 5.92
203.69 6.00 5.92
201.19 6.00 5.50
203.20 6.00 5.95
203.70 6.00 5.84
200.69 8.00 7.64
201.70 6.00 5.84
203.69 6.00 5.73
204.70 6.00 5.66
203.20 6.00 5.98
202.70 6.00 5.31
199.69 8.00 7.59
204.20 6.00 5.92
203.70 6.00 5.91
201.70 6.00 5.95
203.20 6.00 5.91
203.20 6.00 5.76
200.19 8.00 7.93
203.70 6.00 5.92
203.19 6.00 5.70
204.70 6.00 5.85
203.20 6.00 5.88
200.19 6.00 5.98
200.19 8.00 7.73
203.20 6.00 5.90
203.20 6.00 5.72
203.20 6.00 5.91
203.20 6.00 5.94
203.20 6.00 5.97
199.69 8.00 7.19
203.70 6.00 5.93
202.20 6.00 5.81
204.20 6.00 5.79
203.20 6.00 5.84
202.69 6.00 5.99
200.20 8.00 7.90
203.70 6.00 5.98
204.20 6.00 5.95
203.20 6.00 5.93
203.20 6.00 5.76
203.20 6.00 6.00
200.19 8.00 7.96
203.70 6.00 5.87
203.19 6.00 5.95
204.20 6.00 5.98
203.70 6.00 5.93
202.20 6.00 6.01
200.19 8.00 7.95
203.20 6.00 5.81
203.69 6.00 5.95
202.70 6.00 5.73
203.20 6.00 6.02
204.20 6.00 5.91
200.19 8.00 7.91
201.19 6.00 5.98
202.69 6.00 5.85
204.70 6.00 5.69
203.20 6.00 5.70
203.20 6.00 6.01
201.19 6.50 6.33
201.69 7.50 6.96
203.20 6.00 5.92
202.19 6.00 5.27
203.20 6.00 5.88
203.19 6.00 5.91
202.70 6.00 6.01
201.19 8.00 7.53
203.69 6.00 5.86
204.70 6.00 5.59
203.69 6.00 5.72
202.70 6.00 5.41
202.20 6.50 6.96
202.69 7.50 6.80
203.70 6.00 5.79
203.70 6.00 5.93
203.70 6.00 5.77
204.20 6.00 5.58
200.19 8.00 7.67
202.19 6.00 5.72
202.69 6.00 5.58
204.70 6.00 5.66
203.70 6.00 5.91
203.70 6.00 5.90
200.69 8.00 7.70
203.70 6.00 5.84
203.70 6.00 5.52
203.70 6.00 5.95
203.20 6.00 5.37
203.20 6.00 5.85
200.19 8.00 7.78
204.20 6.00 5.94
202.70 6.00 5.98
205.20 6.00 5.90
202.70 6.00 5.27
201.70 6.00 5.81
200.19 8.00 7.61
203.70 6.00 5.97
204.20 6.00 5.95
203.20 6.00 5.85
203.20 6.00 5.93
203.69 6.00 5.90
199.70 8.00 7.45
201.19 6.00 5.68
204.20 6.00 5.95
204.95 6.00 5.88
202.45 6.00 5.88
204.20 6.00 5.82
200.69 8.00 7.84
204.70 6.00 5.96
203.70 6.00 5.82
203.20 6.00 5.90
201.68 5.94 5.86
203.20 6.00 5.82
200.69 8.00 7.91
203.19 6.00 5.97
203.70 6.00 5.72
204.70 6.00 6.00
204.20 6.00 5.89
203.20 6.00 5.85
200.19 8.00 7.79
203.20 6.00 5.97
203.70 6.00 5.91
203.69 6.00 5.97
203.70 6.00 5.74
203.69 6.00 5.86
200.70 8.00 7.90
202.20 6.00 5.74
203.20 6.00 5.82
205.20 6.00 5.55
203.70 6.00 5.99
202.70 6.00 5.89
201.19 8.00 7.80
204.20 6.00 5.66
203.70 6.00 5.73
203.20 6.00 5.79
203.70 6.00 5.88
201.20 7.00 7.36
202.69 7.00 6.23
200.70 6.00 5.89
203.20 6.00 6.00
204.70 6.00 5.86
203.70 6.00 5.86
201.19 6.00 5.79
199.69 8.00 7.80
203.70 6.00 5.88
203.70 6.00 5.94
203.19 6.00 5.94
203.20 6.00 5.98
203.20 6.00 5.86
201.19 8.00 7.94
203.70 6.00 5.85
203.69 6.00 5.96
204.70 6.00 5.88
203.70 6.00 5.98
201.70 6.00 5.89
201.69 8.00 7.86
203.70 6.00 6.00
203.70 6.00 5.98
203.19 6.00 5.95
203.20 6.00 5.94
201.70 6.50 6.45
202.20 7.50 7.07
203.69 6.00 5.87
203.20 6.00 5.98
204.20 6.00 5.91
203.70 6.00 5.80
200.69 8.00 7.84
203.70 6.00 5.91
203.69 6.00 5.96
203.70 6.00 5.96
202.69 6.00 5.96
203.19 6.00 5.94
199.70 8.00 7.98
203.20 6.00 5.84
202.20 6.00 5.93
203.70 6.00 5.61
204.70 6.00 5.58
203.20 6.00 5.98
200.19 6.50 6.47
201.69 7.50 7.50
205.20 6.00 6.01
205.20 6.00 5.95
202.70 6.00 5.41
203.70 6.00 5.98
200.70 8.00 7.98
202.20 6.00 5.88
202.20 6.00 5.92
203.69 6.00 5.73
205.19 6.00 5.83
203.70 6.00 5.88
200.19 8.00 7.63
203.70 6.00 5.64
203.70 6.00 5.64
203.69 6.00 5.95
203.70 6.00 5.77
203.20 6.00 5.86
201.20 8.00 7.85
203.20 6.00 5.76
204.20 6.00 5.91
204.20 6.00 5.86
204.69 6.00 5.85
203.70 6.00 5.87
198.19 8.00 7.85
204.20 6.00 5.85
203.70 6.00 5.95
202.70 6.00 5.77
204.20 6.00 5.32
203.20 6.00 5.97
200.19 8.00 7.91
203.69 6.00 5.93
203.20 6.00 5.98
203.70 6.00 5.88
204.69 6.00 5.82
203.70 6.00 5.95
199.19 8.00 7.64
203.69 6.00 5.95
203.20 6.00 5.80
204.70 6.00 5.82
202.20 6.00 5.90
203.20 6.00 5.73
200.44 8.00 7.91
203.45 6.00 5.84
202.70 6.00 5.73
204.20 6.00 5.88
203.20 6.00 5.91
203.20 6.00 5.96
200.69 8.00 7.74
203.70 6.00 5.96
203.70 6.00 5.89
204.20 6.00 5.78
203.70 6.00 5.57
202.20 6.50 6.32
202.20 7.50 7.49
203.69 6.00 5.79
202.19 6.00 5.92
203.70 6.00 5.97
204.69 6.00 5.90
200.70 8.00 7.77
201.19 6.00 5.52
203.70 6.00 5.71
203.19 6.00 5.92
203.20 6.00 5.99
203.70 6.00 5.98
202.20 6.50 6.42
201.69 7.50 7.43
203.70 6.00 5.98
203.20 6.00 5.79
204.20 6.00 5.73
205.20 6.00 5.98
200.19 8.00 7.75
201.19 6.00 5.84
203.20 6.00 5.90
204.20 6.00 5.93
203.20 6.00 5.96
203.20 6.00 5.88
201.19 7.50 7.41
203.20 6.50 5.82
203.70 6.00 5.88
203.45 6.00 5.96
203.45 6.00 5.72
205.20 6.00 5.79
200.19 8.00 7.93
203.70 6.00 5.95
203.70 6.00 5.85
203.20 6.00 5.95
203.20 6.00 5.39
204.19 6.00 5.69
200.19 8.00 7.60
203.69 6.00 6.02
203.70 6.00 5.84
200.69 5.94 5.82
202.70 6.00 5.77
204.70 6.00 5.84
200.70 8.00 7.88
203.20 6.00 5.91
203.20 6.00 5.90
203.20 6.00 5.98
204.20 6.00 5.95
200.69 6.00 5.92
199.69 8.00 7.85
203.70 6.00 6.02
203.70 6.00 5.99
202.20 6.00 5.67
203.20 6.00 5.86
204.20 6.00 5.98
200.69 8.00 7.94
203.70 6.00 5.98
203.20 6.00 5.89
203.69 6.00 6.01
202.70 6.00 5.20
203.20 6.00 5.93
199.69 8.00 7.94
203.70 6.00 5.69
203.20 6.00 5.77
202.20 6.00 5.96
203.20 6.00 5.81
204.70 6.00 5.91
200.70 8.00 7.84
201.69 6.00 5.91
202.70 6.00 5.88
203.20 6.00 5.98
203.20 6.00 5.99
203.20 6.00 5.70
202.19 6.50 6.48
202.20 7.50 6.87
203.69 6.00 5.85
203.70 6.00 5.89
203.20 6.00 5.98
204.70 6.00 5.55
199.70 8.00 7.91
201.19 6.00 5.88
203.20 6.00 5.93
203.69 6.00 5.91
203.20 6.00 5.72
201.70 6.00 5.32
202.70 6.00 5.84
200.19 8.00 6.91
203.70 6.00 5.84
202.69 6.00 5.92
203.70 6.00 5.76
204.20 6.00 5.96
203.20 6.00 5.85
200.19 8.00 7.73
203.20 6.00 5.29
203.20 6.00 5.84
203.20 6.00 5.51
201.19 6.00 5.98
203.20 6.00 5.92
200.69 8.00 7.88
203.19 6.00 5.91
202.20 6.00 5.80
203.70 6.00 5.91
204.70 6.00 5.91
203.70 6.00 5.80
200.19 8.00 7.88
203.20 6.00 5.85
203.20 6.00 5.94
203.20 6.00 5.93
203.70 6.00 5.87
202.70 6.00 5.96
199.19 8.00 7.98
203.20 6.00 5.72
202.20 6.00 5.91
203.20 6.00 5.82
204.20 6.00 5.95
203.20 6.00 5.97
200.19 8.00 7.97
203.20 6.00 5.99
203.20 6.00 5.96
203.20 6.00 5.85
202.69 6.00 5.87
203.19 6.00 6.00
199.70 8.00 7.64
202.69 6.00 5.82
203.20 6.00 5.93
203.70 6.00 5.87
204.70 6.00 5.93
203.70 6.00 5.88
200.19 8.00 7.70
203.20 6.00 5.30
203.20 6.00 5.94
203.20 6.00 5.70
203.20 6.00 5.92
203.19 6.00 5.80
200.19 8.00 7.69
203.20 6.00 5.24
203.69 6.00 5.96
203.20 6.00 5.70
204.20 6.00 5.81
203.19 6.00 5.91
199.70 8.00 6.99
203.20 6.00 6.90
203.20 6.00 5.91
204.20 6.00 5.90
203.70 6.00 5.93
203.70 6.00 5.96
200.69 8.00 7.61
204.20 6.00 6.00
203.20 6.00 5.97
203.70 6.00 6.00
204.20 6.00 5.73
203.69 6.00 5.90
198.70 8.00 7.95
203.70 6.00 5.91
203.70 6.00 5.84
203.20 6.00 5.99
203.69 6.00 5.97
203.70 6.00 5.92
200.19 8.00 7.94
204.20 6.00 5.95
202.70 6.00 5.84
202.70 6.00 5.83
204.20 6.00 5.84
204.20 6.00 5.92
198.69 8.00 7.73
203.70 6.00 5.83
204.20 6.00 5.96
204.20 6.00 5.91
202.20 6.00 5.96
203.69 6.00 5.77
199.70 8.00 8.01
203.20 6.00 5.97
200.69 6.00 5.92
203.20 6.00 5.50
204.70 6.00 5.87
203.20 6.00 5.56
200.19 8.00 8.02
203.70 6.00 5.91
203.19 6.00 5.93
203.20 6.00 5.96
202.70 6.00 5.91
204.20 6.00 5.91
200.19 8.00 7.86
203.20 6.00 5.88
202.69 6.00 5.93
203.70 6.00 5.78
204.70 6.00 5.84
202.70 6.00 5.49
199.19 7.00 6.29
202.20 7.00 7.22
203.20 6.00 5.92
202.69 6.00 5.91
201.19 6.00 6.00
202.20 6.00 5.95
203.70 6.00 5.78
199.69 8.00 7.84
201.70 6.00 5.74
202.20 6.00 5.91
204.70 6.00 5.84
202.70 6.00 5.96
200.19 6.00 5.88
201.19 8.00 7.08
203.70 6.00 5.99
200.69 5.94 4.90
202.20 6.00 5.48
203.20 6.00 5.32
204.20 6.00 5.96
200.19 8.00 7.34
203.20 6.00 5.91
203.20 6.00 5.96
204.20 6.00 5.82
203.70 6.00 5.81
203.19 6.00 5.92
200.70 8.00 7.92
203.70 6.00 5.63
202.70 6.00 5.97
201.20 6.00 5.95
202.20 6.00 5.55
204.20 6.00 4.99
202.19 6.00 6.42
202.20 8.00 7.30
206.20 6.00 5.77
207.20 6.00 5.30
206.20 6.00 5.83
203.20 6.00 5.75
204.20 8.00 7.70
207.20 6.00 5.39
205.20 6.00 5.62
202.69 6.00 5.94
204.20 6.00 5.95
200.69 8.00 7.52
204.20 6.00 5.94
203.69 6.00 5.73
203.20 6.00 6.00
204.70 6.00 5.72
202.20 6.00 5.95
200.19 8.00 7.91
204.20 6.00 5.93
203.20 6.00 5.99
203.20 6.00 5.97
203.70 6.00 5.89
202.70 6.00 5.96
201.20 8.00 7.80
203.70 6.00 5.90
203.70 6.00 5.93
204.20 6.00 5.94
204.69 6.00 5.92
199.70 8.00 7.91
201.69 6.00 5.62
203.70 6.00 5.91
203.20 6.00 6.00
203.20 6.00 5.80
203.20 6.00 5.96
202.20 6.50 6.46
201.69 7.50 6.81
203.70 6.00 5.92
202.19 6.00 5.98
203.20 6.00 5.91
204.20 6.00 5.92
202.20 6.00 5.88
200.69 8.00 7.79
202.70 6.00 5.99
203.20 6.00 5.73
203.20 6.00 5.92
203.20 6.00 5.91
203.20 6.00 5.54
200.19 8.00 7.71
203.20 6.00 5.95
200.69 6.00 5.95
203.70 6.00 5.91
204.69 6.00 5.98
203.70 6.00 5.99
200.19 8.00 7.98
203.20 6.00 6.00
206.70 6.00 5.96
205.70 6.00 6.02
203.69 6.00 6.00
201.20 8.00 7.81
203.20 6.00 6.02
203.70 6.00 4.89
204.20 6.00 5.91
203.20 6.00 5.93
205.20 6.00 5.73
200.19 8.00 7.44
204.20 6.00 5.41
203.20 6.00 4.73
204.20 6.00 5.45
204.20 6.00 5.91
203.20 6.00 5.87
200.69 8.00 7.96
203.20 6.00 5.95
203.20 6.00 5.60
204.19 6.00 5.96
203.20 6.00 5.95
204.70 6.00 5.99
201.19 8.00 7.32
201.69 6.00 5.52
203.20 6.00 5.95
207.20 6.00 5.79
207.20 6.00 5.72
200.19 8.00 7.83
203.20 6.00 5.97
207.20 6.00 6.02
207.20 6.00 5.65
205.20 6.00 6.02
199.70 8.00 7.95
204.20 6.00 5.97
202.69 6.00 5.79
202.70 6.00 5.97
202.69 6.00 5.92
202.70 6.00 5.80
201.20 6.00 5.82
199.69 8.00 7.80
203.20 6.00 5.77
202.70 6.00 5.88
202.20 6.00 5.95
202.20 6.00 6.00
202.20 6.00 5.87
200.69 8.00 7.91
203.20 6.00 5.97
202.70 6.00 5.92
202.69 6.00 5.75
202.70 6.00 6.01
202.69 6.00 6.02
199.70 6.50 6.45
200.69 7.50 7.33
202.19 6.00 6.00
203.20 6.00 6.02
202.19 6.00 5.93
202.70 6.00 5.92
203.70 6.00 5.98
198.69 8.00 7.95
204.20 6.00 5.84
204.20 6.00 5.81
204.20 6.00 2.45
204.69 6.00 0.00
203.70 4.78 0.00
205.19 0.00 7.03
207.19 0.00 5.52
205.19 0.00 6.02
207.19 0.00 7.53
207.19 0.00 6.02
208.69 0.00 6.02
207.19 0.00 6.02
206.70 0.00 6.02
207.19 0.00 6.02
207.19 0.00 6.02
207.69 0.00 6.02
205.69 0.00 6.02
207.19 0.00 6.02
206.69 0.00 6.02
205.19 0.00 6.02
202.69 0.00 6.02
204.69 0.00 6.02
204.69 0.00 6.02
203.69 0.00 6.02
202.69 0.00 6.02
204.69 0.00 6.02
204.19 0.00 6.02
204.19 0.00 6.02
203.69 0.00 6.02
205.69 0.00 6.02
205.69 0.00 6.02
207.19 0.00 6.04
206.19 0.00 6.02
206.19 0.00 6.02
207.69 0.00 6.02
206.69 0.00 6.02
206.19 0.00 6.02
206.69 0.00 6.02
206.69 0.00 6.02
206.69 0.00 6.02
206.69 0.00 6.02
207.19 0.00 6.02
204.64 0.00 5.96
206.19 0.00 6.02
204.70 0.00 6.02
207.19 0.00 6.02
209.20 0.00 6.02
207.19 0.00 6.02
207.19 0.00 6.02
206.19 0.00 6.02
206.69 0.00 6.02
206.70 0.00 6.02
205.69 0.00 6.02
207.70 0.00 6.02
207.20 0.00 6.02
208.20 0.00 6.02
205.69 0.00 6.02
207.19 0.00 6.02
208.70 0.00 6.02
207.19 0.00 6.02
207.19 0.00 6.02
207.20 0.00 6.04
207.69 0.00 6.02
206.69 0.00 6.02
205.19 0.00 6.02
207.19 0.00 6.02
207.19 0.00 6.02
206.19 0.00 6.02
204.19 0.00 6.02
206.69 0.00 6.02
208.19 0.00 6.02
206.20 0.00 6.02
205.69 0.00 6.02
206.19 0.00 6.02
206.69 0.00 6.02
207.19 0.00 6.02
206.19 0.00 6.02
207.20 0.00 6.02
206.70 0.00 6.02
207.20 0.00 6.02
206.19 0.00 6.02
206.69 0.00 6.02
207.70 0.00 6.02
206.69 0.00 6.02
206.70 0.00 6.02
206.19 0.00 6.02
207.20 0.00 6.02
206.19 0.00 6.02
204.69 0.00 6.02
205.70 0.00 6.02
205.69 0.00 6.53
204.69 0.00 7.04
204.19 0.00 6.02
207.20 0.00 6.53
208.19 0.00 6.02
205.19 0.00 6.02
204.19 0.00 6.02
207.20 0.00 6.02
207.20 0.00 6.02
207.19 0.00 6.02
206.69 0.00 6.02
207.20 0.00 6.02
207.20 0.00 6.02
206.19 0.00 6.02
204.70 0.00 6.02
206.69 0.00 6.02
207.20 0.00 6.02
206.70 0.00 6.02
207.19 0.00 6.02
207.19 0.00 6.02
207.20 0.00 6.02
207.20 0.00 6.02
206.69 0.00 6.02
206.70 0.00 6.02
206.69 0.00 6.02
206.70 0.00 6.02
207.19 0.00 6.02
207.19 0.00 6.02
207.69 0.00 6.02
205.69 0.00 6.02
205.19 0.00 6.03
206.69 0.00 8.04
206.70 0.00 6.02
206.69 0.00 6.02
206.70 0.00 6.02
207.19 0.00 6.02
207.19 0.00 6.02
206.19 0.00 6.02
207.19 0.00 6.02
206.69 0.00 6.02
207.69 0.00 6.02
206.19 0.00 6.02
207.19 0.00 6.02
206.69 0.00 6.02
206.70 0.00 6.02
208.19 0.00 6.02
205.19 0.00 6.02
206.19 0.00 6.02
207.19 0.00 6.02
206.44 0.00 6.02
206.44 0.00 6.02
206.70 0.00 6.02
208.20 0.00 6.02
206.69 0.00 6.02
205.69 0.00 6.02
206.19 0.00 6.02
206.19 0.00 6.53
206.69 0.00 7.53
206.70 0.00 6.02
206.69 0.00 6.02
206.69 0.00 6.02
206.19 0.00 6.02
206.19 0.00 6.04
207.19 0.00 6.02
207.69 0.00 6.02
207.20 0.00 6.02
206.70 0.00 6.02
207.19 0.00 6.02
207.19 0.00 6.02
206.19 0.00 6.02
205.69 0.00 6.02
206.70 0.00 6.02
207.19 0.00 6.02
207.19 0.00 6.02
207.19 0.00 6.02
207.19 0.00 6.02
208.19 0.00 6.02
206.19 0.00 6.02
205.19 0.00 6.02
207.19 0.00 6.02
206.19 0.00 6.02
207.19 0.00 6.02
206.69 0.00 6.02
206.70 0.00 6.02
207.19 0.00 6.02
204.69 0.00 6.02
204.19 0.00 6.02
205.70 0.00 6.03
208.20 0.00 8.03
206.69 0.00 6.02
206.70 0.00 6.02
206.19 0.00 6.02
207.19 0.00 6.04
206.19 0.00 6.02
206.19 0.00 6.02
207.19 0.00 6.02
206.69 0.00 6.02
206.70 0.00 6.02
206.19 0.00 6.02
207.19 0.00 6.02
207.69 0.00 6.02
206.70 0.00 6.02
205.69 0.00 6.02
206.70 0.00 6.02
206.69 0.00 6.02
207.70 0.00 6.02
204.19 0.00 6.02
207.19 0.00 6.02
206.69 0.00 6.02
206.70 0.00 6.02
204.19 0.00 6.02
207.69 0.00 6.02
208.70 0.00 6.02
206.19 0.00 6.02
206.19 0.00 6.02
205.94 0.00 7.03
206.44 0.00 7.03
207.19 0.00 6.02
206.69 0.00 6.02
208.19 0.00 6.02
211.70 0.00 6.02
210.69 0.00 6.02
208.70 0.00 6.04
210.70 0.00 6.02
211.70 0.00 6.02
210.69 0.00 6.02
208.70 0.00 6.02
211.20 0.00 6.02
209.69 0.00 6.53
210.70 0.00 7.53
209.70 0.00 6.02
206.69 0.00 6.02
205.14 0.00 5.96
206.69 0.00 6.02
206.19 0.00 6.02
206.70 0.00 6.02
207.69 0.00 6.02
206.69 0.00 6.02
204.19 0.00 6.02
207.19 0.00 6.02
207.19 0.00 6.02
206.69 0.00 6.02
207.70 0.00 6.02
207.19 0.00 6.02
207.19 0.00 6.02
206.19 0.00 6.02
151.14 0.00 5.70
0.00 0.00 0.00
0.00 0.00 0.00
0.00 0.00 0.00
