2082 0 0 0 0 0 23728 0
2833.5 0 0 0 0 0 22170 0
3207.67 0 0 0 0 0 14741 0
3424.25 0 0 0 0 0 12684 0
3574.4 0 0 0 0 0 11661 0
3664.83 0 0 0 0 0 10309 0
3727.29 0 0 0 0 0 9615 0
3779.25 0 0 0 0 0 8243 0
3828.33 0 0 0 0 0 7752 0
3863.5 0 0 0 0 0 6677 0
3536.27 0 0 0 0 0 382 0
3573 0 0 0 0 0 5645 0
3639.54 0 0 0 0 0 5618 0
3686.64 0 0 0 0 0 4919 0
3736.2 0 0 0 0 0 4501 0
3775.69 0 0 0 0 0 4101 0
3811.29 0 0 0 0 0 3734 0
3827.61 0 0 0 0 0 3042 0
3842.32 0 0 0 0 0 2876 0
3833.15 0 0 0 0 0 2396 0
3917.05 0 0 0 0 0 2280 0
3933.1 0 0 0 0 0 2233 0
3922.9 0 0 0 0 0 2015 0
3916.65 0 0 0 0 0 1993 0
3915.3 0 0 0 0 0 1937 0
3902.1 0 0 0 0 0 1832 0
3893.85 0 0 0 0 0 1661 0
3897.8 0 0 0 0 0 1708 0
3876.65 0 0 0 0 0 1536 0
3855.6 0 0 0 0 0 1344 0
4056.25 0 0 0 0 0 1387 0
4073.55 0 0 0 0 0 1372 0
4067.65 0 0 0 0 0 1328 0
4080 0 0 0 0 0 1351 0
4062.8 0 0 0 0 0 1206 0
4060.65 0 0 0 0 0 1177 0
4030.55 0 0 0 0 0 1013 0
4015.2 0 0 0 0 0 946 0
4013.2 0 0 0 0 0 964 0
4050.45 0 0 0 0 0 973 0
4055.3 0 0 0 0 0 816 0
4048.35 0 0 0 0 0 794 0
4062.35 0 0 0 0 0 815 0
4058.25 0 0 0 0 0 736 0
4062.8 0 0 0 0 0 744 0
4076.2 0 0 0 0 0 761 0
4106.35 0 0 0 0 0 804 0
4096.15 0 0 0 0 0 646 0
4134.55 0 0 0 0 0 750 0
4172.85 0 0 0 0 0 671 0
4152.95 0 0 0 0 0 575 0
4159.3 0 0 0 0 0 594 0
4165.05 0 0 0 0 0 577 0
4136.2 0 0 0 0 0 512 0
4150.6 0 0 0 0 0 547 0
4155.1 0 0 0 0 0 534 0
4157 0 0 0 0 0 481 0
4190.55 0 0 0 0 0 498 0
4206.9 0 0 0 0 0 472 0
4191.15 0 0 0 0 0 413 0
4225.3 0 0 0 0 0 509 0
4262.4 0 0 0 0 0 451 0
4289.15 0 0 0 0 0 424 0
4297 0 0 0 0 0 339 0
4286 0 0 0 0 0 345 0
4275.05 0 0 0 0 0 338 0
4248.6 0 0 0 0 0 328 0
4274.8 0 0 0 0 0 383 0
4271.85 0 0 0 0 0 338 0
4270.05 0 0 0 0 0 331 0
4276.45 0 0 0 0 0 260 0
4275.2 0 0 0 0 0 326 0
4260.8 0 0 0 0 0 281 0
4281.2 0 0 0 0 0 290 0
4263 0 0 0 0 0 218 0
4267.8 0 0 0 0 0 246 0
4296.8 0 0 0 0 0 238 0
4293.85 0 0 0 0 0 233 0
4259.4 0 0 0 0 0 190 0
4276.3 0 0 0 0 0 264 0
4277.5 0 0 0 0 0 236 0
4263.5 0 0 0 0 0 212 0
4237.1 0 0 0 0 0 177 0
4237.3 0 0 0 0 0 193 0
4255.05 0 0 0 0 0 190 0
4272.85 0 0 0 0 0 173 0
4271.3 0 0 0 0 0 149 0
4264.1 0 0 0 0 0 153 0
4262.15 0 0 0 0 0 185 0
4240.2 0 0 0 0 0 145 0
4254.15 0 0 0 0 0 164 0
4259.8 0 0 0 0 0 155 0
4261.95 0 0 0 0 0 134 0
4251.3 0 0 0 0 0 136 0
4261.05 0 0 0 0 0 127 0
4266.65 0 0 0 0 0 166 0
4277.2 0 0 0 0 0 150 0
4284.4 0 0 0 0 0 127 0
4315.4 0 0 0 0 0 122 0
4315.15 0 0 0 0 0 137 0
4304.6 0 0 0 0 0 109 0
4315.8 0 0 0 0 0 127 0
4327.65 0 0 0 0 0 105 0
4357.4 0 0 0 0 0 120 0
4343.9 0 0 0 0 0 80 0
4350.05 0 0 0 0 0 97 0
4378.05 0 0 0 0 0 116 0
4371 0 0 0 0 0 81 0
4351.8 0 0 0 0 0 77 0
4371.8 0 0 0 0 0 88 0
4385.1 0 0 0 0 0 94 0
4387.9 0 0 0 0 0 101 0
4406.65 0 0 0 0 0 94 0
4415.1 0 0 0 0 0 76 0
4430.95 0 0 0 0 0 71 0
4399.15 0 0 0 0 0 57 0
4381.35 0 0 0 0 0 71 0
4356.9 0 0 0 0 0 71 0
4357.45 0 0 0 0 0 77 0
4345.25 0 0 0 0 0 55 0
4347.75 0 0 0 0 0 45 0
4350.5 0 0 0 0 0 71 0
4366.2 0 0 0 0 0 62 0
4339.65 0 0 0 0 0 57 0
4354.5 0 0 0 0 0 53 0
4358.4 0 0 0 0 0 52 0
4342.55 0 0 0 0 0 52 0
4325.8 0 0 0 0 0 43 0
4331.4 0 0 0 0 0 49 0
4315.25 0 0 0 0 0 54 0
4297.7 0 0 0 0 0 37 0
4284.35 0 0 0 0 0 50 0
4260.4 0 0 0 0 0 49 0
4250.5 0 0 0 0 0 33 0
4243.25 0 0 0 0 0 42 0
4262.85 0 0 0 0 0 33 0
4275.15 0 0 0 0 0 45 0
4294.2 0 0 0 0 0 39 0
4299.6 0 0 0 0 0 37 0
4308.5 0 0 0 0 0 26 0
4308.6 0 0 0 0 0 37 0
4304.7 0 0 0 0 0 39 0
4289.8 0 0 0 0 0 38 0
4305.15 0 0 0 0 0 25 0
4307.4 0 0 0 0 0 25 0
4275.5 0 0 0 0 0 36 0
4287.85 0 0 0 0 0 29 0
4291.75 0 0 0 0 0 29 0
4303.9 0 0 0 0 0 27 0
4305 0 0 0 0 0 30 0
4312.3 0 0 0 0 0 22 0
4323.7 0 0 0 0 0 25 0
4316.6 0 0 0 0 0 19 0
4329.3 0 0 0 0 0 31 0
4327.55 0 0 0 0 0 23 0
4336.15 0 0 0 0 0 32 0
4309.65 0 0 0 0 0 19 0
4288 0 0 0 0 0 23 0
4289.15 0 0 0 0 0 28 0
4296.9 0 0 0 0 0 32 0
4307.6 0 0 0 0 0 22 0
4307.7 0 0 0 0 0 24 0
4302.4 0 0 0 0 0 18 0
4312.45 0 0 0 0 0 21 0
4317.35 0 0 0 0 0 24 0
4344 0 0 0 0 0 16 0
4324.8 0 0 0 0 0 14 0
4338 0 0 0 0 0 17 0
4337.7 0 0 0 0 0 13 0
4344.9 0 0 0 0 0 17 0
4351.65 0 0 0 0 0 16 0
4350.2 0 0 0 0 0 14 0
4366.45 0 0 0 0 0 17 0
4345.6 0 0 0 0 0 18 0
4344.35 0 0 0 0 0 17 0
4325.3 0 0 0 0 0 16 0
4356.85 0 0 0 0 0 19 0
4376.2 0 0 0 0 0 11 0
4376.6 0 0 0 0 0 13 0
4372.85 0 0 0 0 0 11 0
4367.95 0 0 0 0 0 17 0
4368.95 0 0 0 0 0 16 0
4384 0 0 0 0 0 12 0
4384.95 0 0 0 0 0 16 0
4384.2 0 0 0 0 0 9 0
4387.35 0 0 0 0 0 9 0
4404.25 0 0 0 0 0 9 0
4413.4 0 0 0 0 0 15 0
4412.7 0 0 0 0 0 7 0
4416 0 0 0 0 0 8 0
4402.2 0 0 0 0 0 11 0
4373.3 0 0 0 0 0 7 0
4379.5 0 0 0 0 0 8 0
4399.4 0 0 0 0 0 7 0
4395.65 0 0 0 0 0 7 0
4402.45 0 0 0 0 0 8 0
4394.85 0 0 0 0 0 13 0
4397.05 0 0 0 0 0 14 0
4389.65 0 0 0 0 0 8 0
4394.05 0 0 0 0 0 11 0
4391.75 0 0 0 0 0 4 0
4391 0 0 0 0 0 5 0
4382.7 0 0 0 0 0 9 0
4365.1 0 0 0 0 0 7 0
4342.1 0 0 0 0 0 6 0
4329.15 0 0 0 0 0 6 0
4313.7 0 0 0 0 0 11 0
4314.3 0 0 0 0 0 7 0
4308.5 0 0 0 0 0 7 0
4312.2 0 0 0 0 0 5 0
4319.15 0 0 0 0 0 6 0
4341.75 0 0 0 0 0 3 0
4347.75 0 0 0 0 0 3 0
4345.25 0 0 0 0 0 9 0
4357.85 0 0 0 0 0 7 0
4365.1 0 0 0 0 0 7 0
4360.7 0 0 0 0 0 9 0
4345.35 0 0 0 0 0 6 0
4336.75 0 0 0 0 0 4 0
4330.8 0 0 0 0 0 6 0
4329.25 0 0 0 0 0 3 0
4318.9 0 0 0 0 0 3 0
4326.1 0 0 0 0 0 7 0
4334.25 0 0 0 0 0 5 0
4349 0 0 0 0 0 3 0
4350.35 0 0 0 0 0 0 0
4347.95 0 0 0 0 0 2 0
4347.5 0 0 0 0 0 2 0
4353.35 0 0 0 0 0 2 0
4345.9 0 0 0 0 0 3 0
4349.85 0 0 0 0 0 2 0
4356.8 0 0 0 0 0 2 0
4337 0 0 0 0 0 4 0
4349.3 0 0 0 0 0 3 0
4350.25 0 0 0 0 0 4 0
4354.05 0 0 0 0 0 3 0
4349 0 0 0 0 0 1 0
4361.2 0 0 0 0 0 4 0
4356.75 0 0 0 0 0 2 0
4359.75 0 0 0 0 0 6 0
4365.75 0 0 0 0 0 3 0
4373.9 0 0 0 0 0 2 0
4374.2 0 0 0 0 0 6 0
4369.5 0 0 0 0 0 0 0
4375.3 0 0 0 0 0 1 0
4388.05 0 0 0 0 0 3 0
4395.8 0 0 0 0 0 0 0
4394 0 0 0 0 0 1 0
4397.3 0 0 0 0 0 3 0
4407.5 0 0 0 0 0 2 0
4416.15 0 0 0 0 0 1 0
4421.95 0 0 0 0 0 1 0
4446.15 0 0 0 0 0 3 0
4430.25 0 0 0 0 0 5 0
4425.85 0 0 0 0 0 2 0
4403.75 0 0 0 0 0 2 0
4400.85 0 0 0 0 0 2 0
4393.8 0 0 0 0 0 1 0
4402.5 0 0 0 0 0 2 0
4391.2 0 0 0 0 0 1 0
4358.8 0 0 0 0 0 3 0
4352.2 0 0 0 0 0 3 0
4348.45 0 0 0 0 0 1 0
4352.45 0 0 0 0 0 0 0
4340.9 0 0 0 0 0 2 0
4345.1 0 0 0 0 0 1 0
4348.65 0 0 0 0 0 2 0
4333 0 0 0 0 0 0 0
4316.2 0 0 0 0 0 2 0
4316.9 0 0 0 0 0 1 0
4312.6 0 0 0 0 0 0 0
4287.35 0 0 0 0 0 0 0
4259.2 0 0 0 0 0 1 0
4270.85 0 0 0 0 0 1 0
4265.05 0 0 0 0 0 2 0
4284.3 0 0 0 0 0 2 0
4296.6 0 0 0 0 0 1 0
4308.5 0 0 0 0 0 2 0
4324.85 0 0 0 0 0 1 0
4338.45 0 0 0 0 0 4 0
4368.55 0 0 0 0 0 0 0
4366.05 0 0 0 0 0 1 0
4360.3 0 0 0 0 0 0 0
4352.1 0 0 0 0 0 2 0
4352.25 0 0 0 0 0 2 0
4348.85 0 0 0 0 0 3 0
4359 0 0 0 0 0 2 0
4354.8 0 0 0 0 0 0 0
4361.5 0 0 0 0 0 0 0
4354.75 0 0 0 0 0 0 0
4350.65 0 0 0 0 0 0 0
4365.5 0 0 0 0 0 0 0
4388.05 0 0 0 0 0 2 0
4388.3 0 0 0 0 0 0 0
4388.6 0 0 0 0 0 0 0
4382.85 0 0 0 0 0 0 0
4358.35 0 0 0 0 0 0 0
4352.8 0 0 0 0 0 0 0
4353.3 0 0 0 0 0 1 0
4346.4 0 0 0 0 0 1 0
4345.25 0 0 0 0 0 1 0
4360.6 0 0 0 0 0 0 0
4369.95 0 0 0 0 0 1 0
4383.2 0 0 0 0 0 0 0
4393.25 0 0 0 0 0 0 0
4393.35 0 0 0 0 0 1 0
4390.1 0 0 0 0 0 1 0
4399.5 0 0 0 0 0 0 0
4390.3 0 0 0 0 0 0 0
4376.15 0 0 0 0 0 0 0
4350.6 0 0 0 0 0 1 0
4349.55 1 0 0 0 0 0 0
4343.25 0 0 0 4334.13 0 0 -28.8667
4337.65 0 0 0 4334.13 0 0 -39.8667
4340.4 0 0 0 4334.13 0 0 -35.8667
4347.55 0 0 0 4334.13 0 0 -163.867
4361.3 0 0 0 4334.13 0 0 103.133
4355 0 0 0 4334.13 0 0 93.1333
4351.5 0 0 0 4334.13 0 0 -172.867
4355.6 0 0 0 4334.13 0 0 -120.867
4352.7 0 0 0 4334.13 0 0 -102.867
4348 0 0 0 4334.13 0 0 -89.8667
4343.95 0 0 0 4334.13 0 0 -52.8667
4337.25 0 0 0 4334.13 0 0 -48.8667
4334.3 0 0 0 4334.13 0 0 -59.8667
4321.85 0 0 0 4334.13 0 0 125.133
4316.6 0 0 0 4334.13 0 0 8.13333
4322.7 0 0 0 4334.13 0 0 7.13333
4330.15 0 0 0 4334.13 0 0 85.1333
4329.75 0 0 0 4334.13 0 0 258.133
4352.15 0 0 0 4334.13 0 0 -31.8667
4335.4 0 0 0 4334.13 0 0 243.133
4219.15 0 0 0 4334.13 0 0 2296.13
4000.9 0 2 0 4334.13 0.1 2 4325.13
3783 0 3 0 4334.13 0.25 3 4322.13
3558.65 0 3 0 4334.13 0.4 3 4323.13
3347.8 0 3 0 4334.13 0.55 4 4320.13
3136.3 0 3 0 4334.13 0.7 3 4323.13
2911.35 0 3 0 4334.13 0.85 3 4326.13
2689.05 0 2 0 4334.13 0.95 2 4325.13
2467.45 0 3 0 4334.13 1.1 3 4329.13
2247 0 2 0 4334.13 1.2 2 4319.13
2028.15 0 3 0 4334.13 1.35 3 4324.13
1809.25 0 3 0 4334.13 1.5 3 4329.13
1589.95 0 3 0 4334.13 1.65 4 4326.13
1380 0 3 0 4334.13 1.8 3 4324.13
1164.4 0 3 0 4334.13 1.95 4 4320.13
948.45 0 3 0 4334.13 2.1 3 4326.13
736.2 0 2 0 4334.13 2.2 3 4330.13
533.05 0 3 0 4334.13 2.35 4 4321.13
314.9 0 3 0 4334.13 2.5 3 4331.13
111.15 0 3 0 4334.13 2.65 3 4318.13
9.7 0 3 0 4334.13 2.8 3 4325.13
9.55 0 3 0 4334.13 2.85 3 4328.13
9.8 0 3 0 4334.13 2.85 5 4317.13
9.55 0 2 0 4334.13 2.8 2 4328.13
9.7 0 3 0 4334.13 2.8 3 4317.13
9.35 0 3 0 4334.13 2.8 3 4330.13
9.45 0 3 0 4334.13 2.8 4 4324.13
9.25 0 3 0 4334.13 2.85 3 4329.13
9.65 0 3 0 4334.13 2.85 4 4321.13
9.4 0 3 0 4334.13 2.9 3 4324.13
9.4 0 3 0 4334.13 2.9 4 4324.13
9.55 0 3 0 4334.13 2.9 4 4326.13
10.4 0 3 0 4334.13 2.9 7 4309.13
10.7 0 3 0 4334.13 2.9 4 4318.13
10.8 0 3 0 4334.13 2.9 5 4318.13
10.5 0 2 0 4334.13 2.85 2 4332.13
10.55 0 3 0 4334.13 2.9 4 4329.13
11 0 3 0 4334.13 2.9 4 4312.13
11.45 0 3 0 4334.13 2.9 4 4322.13
11.25 0 3 0 4334.13 2.9 3 4322.13
11.1 0 3 0 4334.13 2.9 4 4328.13
11.3 0 3 0 4334.13 2.9 3 4324.13
10.65 0 2 0 4334.13 2.85 3 4330.13
10.8 0 3 0 4334.13 2.9 3 4325.13
10.5 0 3 0 4334.13 2.9 5 4323.13
11.4 0 3 0 4334.13 2.9 7 4312.13
11.8 0 3 0 4334.13 2.9 5 4316.13
13.1 0 3 0 4334.13 2.9 7 4303.13
13.55 0 3 0 4334.13 2.9 4 4312.13
13.25 0 2 0 4334.13 2.85 2 4330.13
13.25 0 3 0 4334.13 2.85 3 4324.13
13.45 0 3 0 4334.13 2.85 3 4322.13
12.75 0 3 0 4334.13 2.85 5 4323.13
12.55 0 3 0 4334.13 2.85 5 4322.13
12.8 0 3 0 4334.13 2.85 6 4313.13
13.15 0 3 0 4334.13 2.9 4 4325.13
13.35 0 1 0 4334.13 2.8 2 4325.13
12.7 0 3 0 4334.13 2.8 5 4325.13
12.8 0 3 0 4334.13 2.8 5 4320.13
13.65 0 2 0 4334.13 2.75 9 4305.13
13.95 0 1 0 4334.13 2.65 3 4322.13
14.25 0 3 0 4334.13 2.65 6 4318.13
15.9 0 3 0 4334.13 2.7 12 4297.13
16.05 0 2 0 4334.13 2.65 3 4322.13
16.15 0 3 0 4334.13 2.65 7 4321.13
15.85 0 3 0 4334.13 2.65 6 4318.13
15.8 0 3 0 4334.13 2.65 4 4317.13
15.15 0 3 0 4334.13 2.65 4 4316.13
16.75 0 2 0 4334.13 2.6 12 4280.13
17.15 0 3 0 4334.13 2.65 4 4322.13
18.55 0 3 0 4334.13 2.65 9 4296.13
19.8 0 3 0 4334.13 2.65 11 4297.13
20.2 0 3 0 4334.13 2.65 8 4315.13
20.55 0 3 0 4334.13 2.65 10 4315.13
20 0 3 0 4334.13 2.65 3 4324.13
20.3 0 3 0 4334.13 2.65 5 4319.13
20.2 0 2 0 4334.13 2.7 3 4327.13
20.65 0 3 0 4334.13 2.7 8 4316.13
22.15 0 3 0 4334.13 2.7 11 4290.13
22.6 0 3 0 4334.13 2.75 9 4296.13
22.9 0 3 0 4334.13 2.85 7 4316.13
23.3 0 3 0 4334.13 2.85 9 4310.13
23.1 0 2 0 4334.13 2.8 8 4301.13
22.75 0 3 0 4334.13 2.85 3 4329.13
23.65 0 3 0 4334.13 2.85 5 4303.13
24.45 0 3 0 4334.13 2.85 6 4302.13
24.45 0 3 0 4334.13 2.85 5 4317.13
24.95 0 3 0 4334.13 2.85 9 4306.13
22.55 0 3 0 4334.13 2.9 3 4328.13
22.35 0 2 0 4334.13 2.85 3 4326.13
21.25 0 3 0 4334.13 2.85 4 4318.13
20.3 0 3 0 4334.13 2.85 5 4316.13
21.35 0 3 0 4334.13 2.85 14 4294.13
21.05 0 3 0 4334.13 2.85 6 4321.13
22.25 0 3 0 4334.13 2.85 12 4300.13
24.6 0 3 0 4334.13 2.85 20 4272.13
30.55 0 3 0 4334.13 2.9 34 4208.13
30.85 0 2 0 4334.13 2.85 9 4310.13
31.15 0 3 0 4334.13 2.85 14 4284.13
32.3 0 3 0 4334.13 2.85 18 4273.13
33.65 0 3 0 4334.13 2.85 15 4289.13
35.65 0 3 0 4334.13 2.85 16 4270.13
36.4 0 3 0 4334.13 2.9 15 4286.13
39.65 0 3 0 4334.13 2.9 19 4264.13
44.2 0 3 0 4334.13 2.9 33 4212.13
47.85 0 3 0 4334.13 2.9 29 4229.13
48.55 0 2 0 4334.13 2.85 8 4303.13
48.2 0 3 0 4334.13 2.85 10 4313.13
54.95 0 3 0 4334.13 2.85 35 4193.13
66.85 0 3 0 4334.13 2.9 62 4088.13
82.6 0 3 0 4334.13 2.9 63 4003.13
82.65 0 2 0 4334.13 2.85 6 4315.13
83.5 0 3 0 4334.13 2.85 25 4277.13
85.1 0 3 0 4334.13 2.85 13 4289.13
85.4 0 3 0 4334.13 2.85 15 4294.13
84.05 0 2 0 4334.13 2.8 15 4299.13
104.4 0 3 0 4334.13 2.8 112 3801.13
112.85 0 3 0 4334.13 2.85 38 4141.13
114.6 0 3 0 4334.13 2.85 30 4249.13
114.65 0 3 0 4334.13 2.85 19 4272.13
119.1 0 3 0 4334.13 2.85 35 4200.13
135.4 0 3 0 4334.13 2.85 93 3944.13
181.15 0 3 0 4334.13 2.85 176 3371.13
262.3 0 3 0 4334.13 2.85 188 2641.13
349.4 0 3 0 4334.13 2.85 174 2470.13
440.3 0 3 0 4334.13 2.85 146 2411.13
538.6 0 3 0 4334.13 2.9 162 2337.13
627.35 0 3 0 4334.13 2.9 49 2538.13
741.25 0 3 0 4334.13 2.9 200 1915.13
864.35 0 3 0 4334.13 2.9 333 1626.13
1002.65 0 3 0 4334.13 2.9 351 1237.13
1156.3 0 3 0 4334.13 2.95 357 1242.13
1324.95 0 3 0 4334.13 2.95 372 904.133
1498.6 0 3 0 4334.13 2.95 379 816.133
1682 0 3 0 4334.13 2.95 367 626.133
1863.3 0 2 0 4334.13 2.95 309 673.133
2032.85 0 2 0 4334.13 2.9 303 410.133
2200.35 0 3 0 4334.13 2.9 246 791.133
2380.55 0 2 0 4334.13 2.85 192 645.133
2559.7 0 3 0 4334.13 2.85 205 689.133
2737.5 0 2 0 4334.13 2.8 173 644.133
2902.3 0 3 0 4334.13 2.8 144 648.133
3041.8 0 2 0 4334.13 2.75 121 581.133
3139.55 0 3 0 4334.13 2.75 102 686.133
3227.8 0 2 0 4334.13 2.7 100 705.133
3340 0 3 0 4334.13 2.7 94 167.133
3467.35 0 3 0 4334.13 2.7 84 -209.867
3581.5 0 2 0 4334.13 2.65 56 255.133
3647 0 3 0 4334.13 2.65 52 605.133
3711.4 0 3 0 4334.13 2.65 50 338.133
3762.5 0 3 0 4334.13 2.65 42 215.133
3800.85 0 2 0 4334.13 2.6 29 475.133
3841 0 3 0 4334.13 2.6 43 101.133
3892.75 0 3 0 4334.13 2.6 36 -218.867
3914.2 0 3 0 4334.13 2.6 29 197.133
3933.3 0 3 0 4334.13 2.65 26 291.133
3963.9 0 3 0 4334.13 2.7 22 -201.867
3996.25 0 2 0 4334.13 2.65 31 144.133
4007.1 0 3 0 4334.13 2.7 19 428.133
4033.95 0 3 0 4334.13 2.7 16 152.133
4032.1 0 3 0 4334.13 2.75 15 681.133
4075.95 0 3 0 4334.13 2.75 12 -228.867
4108.9 0 3 0 4334.13 2.8 15 -77.8667
4115.65 0 3 0 4334.13 2.8 11 551.133
4124.85 0 1 1 4334.13 2.75 10 0
4116.75 0 0 0 4334.13 2.6 13 0
4081.85 0 0 0 4334.13 2.45 6 0
4063.2 0 0 0 4334.13 2.35 6 0
4076.95 0 0 0 4334.13 2.2 13 0
4081.05 0 0 0 4334.13 2.05 7 0
4101.75 0 0 0 4334.13 1.9 8 0
4136.1 0 0 0 4334.13 1.8 9 0
4127.6 0 0 0 4334.13 1.65 8 0
4122.6 0 0 0 4334.13 1.5 4 0
4133.9 0 0 0 4334.13 1.35 5 0
4131.2 0 0 0 4334.13 1.2 4 0
4128.3 0 0 0 4334.13 1.05 10 0
4139.75 0 0 0 4334.13 0.95 5 0
4155.25 0 0 0 4334.13 0.8 10 0
4166.75 0 0 0 4334.13 0.65 8 0
4204.95 0 0 0 4334.13 0.5 6 0
4198.05 0 0 0 4334.13 0.35 5 0
4185.85 0 0 0 4334.13 0.2 2 0
4191.6 0 0 0 4334.13 0.05 2 0
4223.95 0 0 0 4334.13 0 6 0
4245.65 0 0 0 4334.13 0 6 0
4268.4 0 0 0 4334.13 0 7 0
4305.45 0 0 0 4334.13 0 10 0
4327.8 0 0 0 4334.13 0 12 0
4344.5 0 0 0 4334.13 0 5 0
4343.15 0 0 0 4334.13 0 18 0
4336.3 0 0 0 4334.13 0 8 0
4359 0 0 0 4334.13 0 10 0
4363.05 0 0 0 4334.13 0 8 0
4356.1 0 0 0 4334.13 0 7 0
4377.4 0 0 0 4334.13 0 12 0
4371.55 0 0 0 4334.13 0 8 0
4354.2 0 0 0 4334.13 0 8 0
4364.6 0 0 0 4334.13 0 5 0
4365.8 0 0 0 4334.13 0 5 0
4364.9 0 0 0 4334.13 0 8 0
4365.9 0 0 0 4334.13 0 8 0
4363.9 0 0 0 4334.13 0 4 0
4396.2 0 0 0 4334.13 0 3 0
4400.5 0 0 0 4334.13 0 7 0
4406 0 0 0 4334.13 0 6 0
4419.55 0 0 0 4334.13 0 9 0
4422.25 0 0 0 4334.13 0 8 0
4423.6 0 0 0 4334.13 0 7 0
4415.55 0 0 0 4334.13 0 6 0
4411.6 0 0 0 4334.13 0 10 0
4410.2 0 0 0 4334.13 0 11 0
4406.5 0 0 0 4334.13 0 15 0
4406.2 0 0 0 4334.13 0 13 0
4422.05 0 0 0 4334.13 0 6 0
4411.15 0 0 0 4334.13 0 9 0
4398.05 0 0 0 4334.13 0 7 0
4416 0 0 0 4334.13 0 18 0
4420.9 0 0 0 4334.13 0 15 0
4417.6 0 0 0 4334.13 0 8 0
4386.35 0 0 0 4334.13 0 12 0
4378.8 0 0 0 4334.13 0 11 0
4390.55 0 0 0 4334.13 0 12 0
4385.85 0 0 0 4334.13 0 16 0
4381.1 0 0 0 4334.13 0 9 0
4370.65 0 0 0 4334.13 0 11 0
4363.65 0 0 0 4334.13 0 11 0
4364.1 0 0 0 4334.13 0 13 0
4366 0 0 0 4334.13 0 8 0
4372.1 0 0 0 4334.13 0 11 0
4369.8 0 0 0 4334.13 0 11 0
4370.4 0 0 0 4334.13 0 7 0
4362.7 0 0 0 4334.13 0 9 0
4341.95 0 0 0 4334.13 0 13 0
4326.45 0 0 0 4334.13 0 15 0
4331.6 0 0 0 4334.13 0 18 0
4337.75 0 0 0 4334.13 0 12 0
4323.85 0 0 0 4334.13 0 15 0
4324.45 0 0 0 4334.13 0 11 0
4313.45 0 0 0 4334.13 0 15 0
4334.3 0 0 0 4334.13 0 10 0
4314.65 0 0 0 4334.13 0 15 0
4298.25 0 0 0 4334.13 0 8 0
4301.4 0 0 0 4334.13 0 12 0
4304.3 0 0 0 4334.13 0 7 0
4304.15 0 0 0 4334.13 0 13 0
4303.35 0 0 0 4334.13 0 10 0
4296.7 0 0 0 4334.13 0 13 0
4278.7 0 0 0 4334.13 0 14 0
4281.15 0 0 0 4334.13 0 16 0
4277.45 0 0 0 4334.13 0 14 0
4284.1 0 0 0 4334.13 0 12 0
4283.75 0 0 0 4334.13 0 9 0
4305.45 0 0 0 4334.13 0 7 0
4304.9 0 0 0 4334.13 0 15 0
4309.45 0 0 0 4334.13 0 15 0
4299.45 0 0 0 4334.13 0 27 0
4315.3 0 0 0 4334.13 0 121 0
4305.45 0 0 0 4334.13 0 109 0
4318.65 0 0 0 4334.13 0 145 0
4315.95 0 0 0 4334.13 0 167 0
4335.55 0 0 0 4334.13 0 124 0
4349.05 0 0 0 4334.13 0 107 0
4346.15 0 0 0 4334.13 0 132 0
4331.35 0 0 0 4334.13 0 116 0
4335.75 0 0 0 4334.13 0 122 0
4338.95 0 0 0 4334.13 0 106 0
4345.15 0 0 0 4334.13 0 125 0
4359.95 0 0 0 4334.13 0 116 0
4362.55 0 0 0 4334.13 0 123 0
4370.1 0 0 0 4334.13 0 98 0
4356.3 0 0 0 4334.13 0 96 0
4355.3 0 0 0 4334.13 0 91 0
4353.8 0 0 0 4334.13 0 83 0
4362.1 0 0 0 4334.13 0 86 0
4363 0 0 0 4334.13 0 99 0
4385.85 0 0 0 4334.13 0 390 0
4386.5 0 0 0 4334.13 0 321 0
4396.9 0 0 0 4334.13 0 387 0
4404.85 0 0 0 4334.13 0 339 0
4422.5 0 0 0 4334.13 0 327 0
4433.05 0 0 0 4334.13 0 272 0
4443.55 0 0 0 4334.13 0 348 0
4447.55 0 0 0 4334.13 0 275 0
4470.25 0 0 0 4334.13 0 257 0
4480.35 0 0 0 4334.13 0 318 0
4475.9 0 0 0 4334.13 0 273 0
4477.4 0 0 0 4334.13 0 263 0
4460.9 0 0 0 4334.13 0 228 0
4453.5 0 0 0 4334.13 0 240 0
4452.05 0 0 0 4334.13 0 205 0
4449.8 0 0 0 4334.13 0 192 0
4457.15 0 0 0 4334.13 0 218 0
4440.95 0 0 0 4334.13 0 159 0
4446.95 0 0 0 4334.13 0 192 0
4455.2 0 0 0 4334.13 0 204 0
4455.55 0 0 0 4334.13 0 174 0
4455.45 0 0 0 4334.13 0 190 0
4448.95 0 0 0 4334.13 0 141 0
4422.2 0 0 0 4334.13 0 143 0
4425.5 0 0 0 4334.13 0 164 0
4418.25 0 0 0 4334.13 0 162 0
4410.7 0 0 0 4334.13 0 107 0
4403.9 0 0 0 4334.13 0 159 0
4381.8 0 0 0 4334.13 0 140 0
4365.35 0 0 0 4334.13 0 126 0
4352.95 0 0 0 4334.13 0 105 0
4339.7 0 0 0 4334.13 0 137 0
4339.25 0 0 0 4334.13 0 114 0
4329 0 0 0 4334.13 0 108 0
4332.15 0 0 0 4334.13 0 129 0
4341.25 0 0 0 4334.13 0 122 0
4333.1 0 0 0 4334.13 0 109 0
4340.65 0 0 0 4334.13 0 104 0
4310.8 0 0 0 4334.13 0 95 0
4288.3 0 0 0 4334.13 0 103 0
4289.05 0 0 0 4334.13 0 89 0
4288.95 0 0 0 4334.13 0 108 0
4280.65 0 0 0 4334.13 0 104 0
4304.55 0 0 0 4334.13 0 90 0
4303.6 0 0 0 4334.13 0 94 0
4312.75 0 0 0 4334.13 0 101 0
4318.55 0 0 0 4334.13 0 92 0
4315.25 0 0 0 4334.13 0 77 0
4316.4 0 0 0 4334.13 0 70 0
4327.85 0 0 0 4334.13 0 71 0
4346.85 0 0 0 4334.13 0 69 0
4361.9 0 0 0 4334.13 0 74 0
4376.05 0 0 0 4334.13 0 62 0
4388.15 0 0 0 4334.13 0 60 0
4378.9 0 0 0 4334.13 0 60 0
4375.95 0 0 0 4334.13 0 67 0
4353.65 0 0 0 4334.13 0 57 0
4363.7 0 0 0 4334.13 0 57 0
4392.95 0 0 0 4334.13 0 60 0
4402.6 0 0 0 4334.13 0 42 0
4402.2 0 0 0 4334.13 0 72 0
4405.7 0 0 0 4334.13 0 48 0
4416.8 0 0 0 4334.13 0 47 0
4407.95 0 0 0 4334.13 0 61 0
4408.45 0 0 0 4334.13 0 46 0
4391.65 0 0 0 4334.13 0 47 0
4376.65 0 0 0 4334.13 0 68 0
4360.7 0 0 0 4334.13 0 36 0
4356.5 0 0 0 4334.13 0 30 0
4353.35 0 0 0 4334.13 0 41 0
4349.65 0 0 0 4334.13 0 41 0
4340.9 0 0 0 4334.13 0 50 0
4344.15 0 0 0 4334.13 0 45 0
4348.5 0 0 0 4334.13 0 46 0
4352.25 0 0 0 4334.13 0 39 0
4356.7 0 0 0 4334.13 0 39 0
4377.55 0 0 0 4334.13 0 32 0
4369.5 0 0 0 4334.13 0 40 0
4360.2 0 0 0 4334.13 0 33 0
4368.1 0 0 0 4334.13 0 34 0
4366.3 0 0 0 4334.13 0 35 0
4357.1 0 0 0 4334.13 0 39 0
4348.9 0 0 0 4334.13 0 36 0
4352.5 0 0 0 4334.13 0 24 0
4349.95 0 0 0 4334.13 0 31 0
4357.6 0 0 0 4334.13 0 46 0
4371.2 0 0 0 4334.13 0 34 0
4391.75 0 0 0 4334.13 0 38 0
4404.35 0 0 0 4334.13 0 31 0
4405.8 0 0 0 4334.13 0 25 0
4403.65 0 0 0 4334.13 0 32 0
4393.1 0 0 0 4334.13 0 28 0
4380.8 0 0 0 4334.13 0 32 0
4382.45 0 0 0 4334.13 0 24 0
4375.2 0 0 0 4334.13 0 27 0
4373.8 0 0 0 4334.13 0 29 0
4383.4 0 0 0 4334.13 0 27 0
4386.55 0 0 0 4334.13 0 28 0
4398.45 0 0 0 4334.13 0 40 0
4381.75 0 0 0 4334.13 0 22 0
4369.85 0 0 0 4334.13 0 31 0
4367.7 0 0 0 4334.13 0 23 0
4359.65 0 0 0 4334.13 0 24 0
4341.9 0 0 0 4334.13 0 19 0
4334.9 0 0 0 4334.13 0 28 0
4330 0 0 0 4334.13 0 24 0
4333.15 0 0 0 4334.13 0 26 0
4334.3 0 0 0 4334.13 0 19 0
4340.9 0 0 0 4334.13 0 39 0
4340.05 0 0 0 4334.13 0 24 0
4345.5 0 0 0 4334.13 0 35 0
4361.45 0 0 0 4334.13 0 29 0
4374.55 0 0 0 4334.13 0 24 0
4361.4 0 0 0 4334.13 0 33 0
4371.35 0 0 0 4334.13 0 31 0
4369.45 0 0 0 4334.13 0 35 0
4347.75 0 0 0 4334.13 0 27 0
4332.05 0 0 0 4334.13 0 21 0
4332.5 0 0 0 4334.13 0 23 0
4332.6 0 0 0 4334.13 0 23 0
4334.9 0 0 0 4334.13 0 26 0
4335.4 0 0 0 4334.13 0 26 0
4358.05 0 0 0 4334.13 0 23 0
4379.65 0 0 0 4334.13 0 31 0
4387 0 0 0 4334.13 0 26 0
4401.3 0 0 0 4334.13 0 32 0
4401.35 0 0 0 4334.13 0 27 0
4408.95 0 0 0 4334.13 0 25 0
4399.75 0 0 0 4334.13 0 32 0
4401.7 0 0 0 4334.13 0 21 0
4402.9 0 0 0 4334.13 0 22 0
4394.35 0 0 0 4334.13 0 18 0
4379.95 0 0 0 4334.13 0 27 0
4383.55 0 0 0 4334.13 0 24 0
4380.5 0 0 0 4334.13 0 21 0
4382.6 0 0 0 4334.13 0 21 0
4377.1 0 0 0 4334.13 0 15 0
4382.9 0 0 0 4334.13 0 40 0
4371.65 0 0 0 4334.13 0 27 0
4377.5 0 0 0 4334.13 0 15 0
4386.15 0 0 0 4334.13 0 28 0
4386.85 0 0 0 4334.13 0 23 0
4376.05 0 0 0 4334.13 0 37 0
4349.25 0 0 0 4334.13 0 36 0
4337.3 0 0 0 4334.13 0 20 0
4321.2 0 0 0 4334.13 0 9 0
4315.35 0 0 0 4334.13 0 26 0
4276.05 0 0 0 4334.13 0 26 0
4271.75 0 0 0 4334.13 0 16 0
4265.75 0 0 0 4334.13 0 21 0
4263.45 0 0 0 4334.13 0 20 0
4258.2 0 0 0 4334.13 0 22 0
4263.8 0 0 0 4334.13 0 21 0
4273.75 0 0 0 4334.13 0 14 0
4275.15 0 0 0 4334.13 0 36 0
4265 0 0 0 4334.13 0 16 0
4291.75 0 0 0 4334.13 0 20 0
4303.15 0 0 0 4334.13 0 23 0
4307.85 0 0 0 4334.13 0 20 0
4281.5 0 0 0 4334.13 0 17 0
4269.25 0 0 0 4334.13 0 12 0
4275.5 0 0 0 4334.13 0 21 0
4269.2 0 0 0 4334.13 0 19 0
4289.05 0 0 0 4334.13 0 25 0
4288.05 0 0 0 4334.13 0 19 0
4299.5 0 0 0 4334.13 0 20 0
4301.8 0 0 0 4334.13 0 22 0
4323.2 0 0 0 4334.13 0 31 0
4334.8 0 0 0 4334.13 0 27 0
4314.25 0 0 0 4334.13 0 25 0
4312.65 0 0 0 4334.13 0 27 0
4332.9 0 0 0 4334.13 0 27 0
4339.65 0 0 0 4334.13 0 18 0
4336 0 0 0 4334.13 0 24 0
4327 0 0 0 4334.13 0 15 0
4339.1 0 0 0 4334.13 0 31 0
4308.65 0 0 0 4334.13 0 23 0
4312.75 0 0 0 4334.13 0 31 0
4317.5 0 0 0 4334.13 0 23 0
4346.5 0 0 0 4334.13 0 29 0
4353.65 0 0 0 4334.13 0 25 0
4344.75 0 0 0 4334.13 0 15 0
4354.05 0 0 0 4334.13 0 29 0
4361.45 0 0 0 4334.13 0 20 0
4366.4 0 0 0 4334.13 0 23 0
4369.75 0 0 0 4334.13 0 24 0
4361 0 0 0 4334.13 0 18 0
4371.4 0 0 0 4334.13 0 30 0
4187.5 0 0 0 4334.13 0 4 0
