0.31 0.23 1.09
0.00 0.00 0.00
0.00 0.00 0.00
14.01 0.00 0.00
0.00 0.00 0.00
0.00 0.00 0.00
0.00 0.00 0.00
81.03 96.00 87.73
122.80 188.50 135.04
157.57 235.50 142.98
91.29 144.00 142.51
101.55 145.50 142.38
100.04 147.00 145.77
96.04 143.00 141.61
98.54 148.50 149.90
101.55 144.00 143.93
95.79 144.00 141.89
99.30 141.00 139.60
99.04 146.50 145.60
96.04 144.50 144.39
100.04 139.00 137.28
99.04 145.50 144.36
94.54 139.50 140.69
96.55 145.00 142.89
88.04 143.00 139.79
93.04 140.00 138.91
93.04 142.50 140.73
92.04 141.50 142.27
88.04 144.00 141.15
95.55 144.50 139.66
92.54 143.50 141.84
93.04 147.00 142.75
94.04 141.50 141.71
90.79 143.50 142.71
93.30 144.00 141.96
91.04 144.00 141.89
89.79 144.00 141.11
95.79 144.00 141.52
99.55 141.00 139.11
104.04 146.00 144.74
100.29 139.00 139.12
92.29 142.00 142.72
95.55 144.00 141.76
101.04 142.00 141.53
106.04 140.00 138.36
100.04 145.50 144.86
94.04 140.50 141.88
97.54 144.00 142.60
97.55 144.00 142.91
102.54 145.00 143.76
97.55 143.50 143.75
90.04 143.50 142.62
96.04 144.00 141.64
92.29 144.00 143.05
90.80 138.00 134.59
91.04 142.00 142.79
95.29 144.00 143.01
98.29 144.00 142.97
92.55 144.00 143.25
91.04 142.50 138.16
92.04 141.00 141.34
87.04 139.50 137.56
94.04 145.00 143.84
91.04 143.00 139.49
91.04 137.00 137.97
88.04 137.50 133.64
91.54 142.50 140.87
88.55 139.00 134.97
93.04 141.50 142.73
90.04 140.50 136.90
93.04 139.00 140.26
90.04 143.50 139.10
93.04 141.00 138.71
93.04 139.50 140.99
112.04 136.50 134.95
216.03 127.50 143.29
214.53 160.00 144.95
214.03 41.00 140.41
215.53 119.00 116.36
218.03 150.50 104.31
219.53 24.00 104.30
216.53 145.50 104.30
217.53 125.50 104.31
218.53 34.50 104.31
217.53 160.00 104.31
218.53 108.50 106.80
220.53 56.50 112.33
219.53 155.00 111.83
217.52 142.50 110.33
221.53 47.50 112.33
219.53 130.00 110.56
219.03 160.00 106.08
221.53 48.50 112.33
219.03 111.50 112.32
216.03 155.75 104.31
205.03 56.50 104.31
189.03 103.50 88.26
192.52 101.50 88.26
192.53 58.50 88.39
192.53 147.50 88.26
194.03 12.50 88.26
193.03 160.00 88.26
194.03 0.00 88.26
193.03 160.00 88.76
191.53 48.00 87.76
190.03 112.00 88.26
191.52 83.50 88.26
191.53 76.50 88.26
192.03 112.00 88.26
195.03 0.00 86.74
55.01 0.00 26.49
0.00 0.00 0.00
