0 0 0 0 0 2 4662 0
0 0 0 0 0 2 4578 0
0 0 0 0 0 2 4587 0
0 0 0 0 0 1 4245 0
0 0 0 0 0 298 4499 0
0 0 0 0 0 77 4584 0
0 0 0 0 0 104 4692 0
0 0 0 0 0 8 4528 0
0 0 0 0 0 278 4633 0
0 0 0 0 0 6 4549 0
0 0 0 0 0 184 4808 0
0 0 0 0 0 85 4720 0
0 0 0 0 0 12 4624 0
0 0 0 0 0 272 4717 0
0 0 0 0 0 19 4580 0
0 0 0 0 0 287 4707 0
0 0 0 0 0 22 4754 0
0 0 0 0 0 234 4700 0
0 0 0 0 0 23 4564 0
0 0 0 0 0 265 4620 0
0 0 0 0 0 30 4699 0
0 0 0 0 0 271 4730 0
0 0 0 0 0 29 4543 0
0 0 0 0 0 85 4862 0
0 0 0 0 0 189 4777 0
0 0 0 0 0 32 4832 0
0 0 0 0 0 256 4652 0
0 0 0 0 0 36 4539 0
0 0 0 0 0 253 4739 0
0 0 0 0 0 39 4410 0
0 0 0 0 0 271 4136 0
0 0 0 0 0 47 4562 0
0 0 0 0 0 257 4761 0
0 0 0 0 0 49 4381 0
0 0 0 0 0 243 4347 0
0 0 0 0 0 54 4237 0
0 0 0 0 0 255 4615 0
0 0 0 0 0 256 4143 0
0 0 0 0 0 37 4495 0
0 0 0 0 0 70 4350 0
0 0 0 0 0 240 4478 0
0 0 0 0 0 42 4269 0
0 0 0 0 0 24 4552 0
0 0 0 0 0 224 4405 0
0 0 0 0 0 136 4116 0
0 0 0 0 0 88 4530 0
0 0 0 0 0 44 4454 0
0 0 0 0 0 71 4070 0
0 0 0 0 0 202 4435 0
0 0 0 0 0 2 4426 0
0 0 0 0 0 69 3961 0
0 0 0 0 0 220 4361 0
0 0 0 0 0 71 4307 0
0 0 0 0 0 213 4733 0
0 0 0 0 0 43 4655 0
0 0 0 0 0 232 4780 0
0 0 0 0 0 55 4501 0
0 0 0 0 0 236 4772 0
0 0 0 0 0 71 4178 0
0 0 0 0 0 181 4549 0
0 0 0 0 0 69 4167 0
0 0 0 0 0 217 4432 0
0 0 0 0 0 2 4325 0
0 0 0 0 0 18 4487 0
0 0 0 0 0 26 4645 0
0 0 0 0 0 8 4350 0
0 0 0 0 0 24 4343 0
0 0 0 0 0 105 3934 0
0 0 0 0 0 237 4141 0
0 0 0 0 0 14 4332 0
0 0 0 0 0 18 4304 0
0 0 0 0 0 14 4311 0
0 0 0 0 0 4 4369 0
0 0 0 0 0 94 3989 0
0 0 0 0 0 211 4233 0
0 0 0 0 0 68 4007 0
0 0 0 0 0 195 4273 0
0 0 0 0 0 83 4167 0
0 0 0 0 0 177 4394 0
0 0 0 0 0 98 4911 0
0 0 0 0 0 191 5133 0
0 0 0 0 0 101 4893 0
0 0 0 0 0 203 5095 0
0 0 0 0 0 100 4852 0
0 0 0 0 0 174 5197 0
0 0 0 0 0 63 4869 0
0 0 0 0 0 239 5103 0
0 0 0 0 0 98 5583 0
0 0 0 0 0 192 6150 0
0 0 0 0 0 2 6108 0
0 0 0 0 0 98 5484 0
0 0 0 0 0 162 5972 0
0 0 0 0 0 52 5320 0
0 0 0 0 0 132 5326 0
0 0 0 0 0 182 5178 0
0 0 0 0 0 2 5366 0
0 0 0 0 0 137 4908 0
0 0 0 0 0 178 5200 0
0 0 0 0 0 144 4986 0
0 0 0 0 0 169 5199 0
0 0 0 0 0 24 5029 0
0 0 0 0 0 2 6119 0
0 0 0 0 0 97 5248 0
0 0 0 0 0 169 5151 0
0 0 0 0 0 170 4904 0
0 0 0 0 0 144 5317 0
0 0 0 0 0 164 4795 0
0 0 0 0 0 151 5140 0
0 0 0 0 0 97 4906 0
0 0 0 0 0 2 5984 0
0 0 0 0 0 89 4927 0
0 0 0 0 0 123 5909 0
0 0 0 0 0 141 5374 0
0 0 0 0 0 172 5729 0
0 0 0 0 0 193 4810 0
0 0 0 0 0 122 5442 0
0 0 0 0 0 122 5160 0
0 0 0 0 0 50 5441 0
0 0 0 0 0 2 5477 0
0 0 0 0 0 8 4564 0
0 0 0 0 0 108 5442 0
0 0 0 0 0 62 4538 0
0 0 0 0 0 108 5299 0
0 0 0 0 0 101 5283 0
0 0 0 0 0 2 5295 0
0 0 0 0 0 141 5518 0
0 0 0 0 0 172 5751 0
0 0 0 0 0 80 5503 0
0 0 0 0 0 4 6175 0
0 0 0 0 0 225 5079 0
0 0 0 0 0 81 5288 0
0 0 0 0 0 246 5455 0
0 0 0 0 0 68 6179 0
0 0 0 0 0 2 5944 0
0 0 0 0 0 53 4742 0
0 0 0 0 0 83 4399 0
0 0 0 0 0 80 5044 0
0 0 0 0 0 88 4864 0
0 0 0 0 0 2 6205 0
0 0 0 0 0 89 4760 0
0 0 0 0 0 103 5477 0
0 0 0 0 0 199 5106 0
0 0 0 0 0 63 5998 0
0 0 0 0 0 51 5041 0
0 0 0 0 0 314 4574 0
0 0 0 0 0 225 4917 0
0 0 0 0 0 90 5512 0
0 0 0 0 0 225 4948 0
0 0 0 0 0 88 5486 0
0 0 0 0 0 2 5977 0
0 0 0 0 0 25 5400 0
0 0 0 0 0 3 6183 0
0 0 0 0 0 100 4474 0
0 0 0 0 0 71 5096 0
0 0 0 0 0 88 4558 0
0 0 0 0 0 165 5445 0
0 0 0 0 0 47 6076 0
0 0 0 0 0 246 5361 0
0 0 0 0 0 4 5528 0
0 0 0 0 0 101 5918 0
0 0 0 0 0 189 5087 0
0 0 0 0 0 124 6098 0
0 0 0 0 0 48 4964 0
0 0 0 0 0 129 4691 0
0 0 0 0 0 39 5312 0
0 0 0 0 0 111 5321 0
0 0 0 0 0 64 5924 0
0 0 0 0 0 103 5314 0
0 0 0 0 0 188 5513 0
0 0 0 0 0 295 4709 0
0 0 0 0 0 55 5076 0
0 0 0 0 0 78 3992 0
0 0 0 0 0 213 4967 0
0 0 0 0 0 60 5498 0
0 0 0 0 0 51 6033 0
0 0 0 0 0 211 5032 0
0 0 0 0 0 11 4561 0
0 0 0 0 0 275 4941 0
0 0 0 0 0 14 4854 0
0 0 0 0 0 300 4939 0
0 0 0 0 0 16 4773 0
0 0 0 0 0 83 5065 0
0 0 0 0 0 65 5115 0
0 0 0 0 0 41 4698 0
0 0 0 0 0 176 5028 0
0 0 0 0 0 5 4742 0
0 0 0 0 0 225 4943 0
0 0 0 0 0 35 4268 0
0 0 0 0 0 164 4432 0
0 0 0 0 0 116 4499 0
0 0 0 0 0 40 4201 0
0 0 0 0 0 117 4481 0
0 0 0 0 0 44 4208 0
0 0 0 0 0 39 4588 0
0 0 0 0 0 188 4531 0
0 0 0 0 0 199 4477 0
0 0 0 0 0 54 4520 0
0 0 0 0 0 22 5101 0
0 0 0 0 0 29 5379 0
0 0 0 0 0 173 4935 0
0 0 0 0 0 49 4981 0
0 0 0 0 0 197 4922 0
0 0 0 0 0 48 4653 0
0 0 0 0 0 167 5128 0
0 0 0 0 0 52 4671 0
0 0 0 0 0 95 5190 0
0 0 0 0 0 64 4737 0
0 0 0 0 0 97 5160 0
0 0 0 0 0 30 4700 0
0 0 0 0 0 115 4991 0
0 0 0 0 0 60 5400 0
0 0 0 0 0 112 4971 0
0 0 0 0 0 24 5229 0
0 0 0 0 0 138 5819 0
0 0 0 0 0 20 5096 0
0 0 0 0 0 156 5526 0
0 0 0 0 0 62 5623 0
0 0 0 0 0 109 5952 0
0 0 0 0 0 57 5309 0
0 0 0 0 0 108 5068 0
0 0 0 0 0 65 4585 0
0 0 0 0 0 206 4937 0
0 0 0 0 0 90 4662 0
0 0 0 0 0 201 4976 0
0 0 0 0 0 70 4648 0
0 0 0 0 0 199 4898 0
0 0 0 0 0 99 4621 0
0 0 0 0 0 203 4873 0
0 0 0 0 0 272 4670 0
0 0 0 0 0 30 5162 0
0 0 0 0 0 40 4903 0
0 0 0 0 0 17 5321 0
0 0 0 0 0 38 4926 0
0 0 0 0 0 93 4863 0
0 0 0 0 0 26 5566 0
0 0 0 0 0 63 4889 0
0 0 0 0 0 205 5050 0
0 0 0 0 0 123 5127 0
0 0 0 0 0 178 5149 0
0 0 0 0 0 30 4958 0
0 0 0 0 0 39 5252 0
0 0 0 0 0 27 4926 0
0 0 0 0 0 2 5310 0
0 0 0 0 0 89 4891 0
0 0 0 0 0 118 4853 0
0 0 0 0 0 160 5184 0
0 0 0 0 0 137 4794 0
0 0 0 0 0 165 5102 0
0 0 0 0 0 19 4894 0
0 0 0 0 0 61 5285 0
0 0 0 0 0 18 4944 0
0 0 0 0 0 27 4952 0
0 0 0 0 0 65 5233 0
0 0 0 0 0 145 4834 0
0 0 0 0 0 143 5124 0
0 0 0 0 0 143 4969 0
0 0 0 0 0 158 5113 0
0 0 0 0 0 10 4868 0
0 0 0 0 0 83 5164 0
0 0 0 0 0 8 4975 0
0 0 0 0 0 4 5798 0
0 0 0 0 0 130 5442 0
0 0 0 0 0 163 4513 0
0 0 0 0 0 142 5481 0
0 0 0 0 0 157 5869 0
0 0 0 0 0 101 5108 0
0 0 0 0 0 2 5252 0
0 0 0 0 0 14 4589 0
0 0 0 0 0 127 4358 0
0 0 0 0 0 170 5116 0
0 0 0 0 0 138 4716 0
0 0 0 0 0 152 4881 0
0 0 0 0 0 113 5794 0
0 0 0 0 0 4 6000 0
0 0 0 0 0 18 5484 0
0 0 0 0 0 160 5177 0
0 0 0 0 0 131 5830 0
0 0 0 0 0 180 5244 0
0 0 0 0 0 99 5713 0
0 0 0 0 0 47 5295 0
0 0 0 0 0 69 5835 0
0 0 0 0 0 8 5751 0
0 0 0 0 0 28 5016 0
0 0 0 0 0 183 4897 0
0 0 0 0 0 35 5941 0
0 0 0 0 0 117 4630 0
0 0 0 0 0 77 4929 0
0 0 0 0 0 75 4999 0
0 0 0 0 0 88 5800 0
0 0 0 0 0 48 4961 0
0 0 0 0 0 19 5908 0
0 0 0 0 0 115 4789 0
0 0 0 0 0 22 5922 0
0 0 0 0 0 8 5374 0
0 0 0 0 0 37 5813 0
0 0 0 0 0 40 5961 0
0 0 0 0 0 96 4668 0
0 0 0 0 0 222 4760 0
0 0 0 0 0 80 4909 0
0 0 0 0 0 178 4474 0
0 0 0 0 0 78 4965 0
0 0 0 0 0 29 4591 0
0 0 0 0 0 74 4924 0
0 0 0 0 0 26 5310 0
0 0 0 0 0 62 4630 0
0 0 0 0 0 74 4928 0
0 0 0 0 0 13 5502 0
0 0 0 0 0 35 5932 0
0 0 0 0 0 26 5266 0
0 0 0 0 0 15 5989 0
0 0 0 0 0 97 4374 0
0 0 0 0 0 37 4993 0
0 0 0 0 0 29 5899 0
0 0 0 0 0 55 5445 0
0 0 0 0 0 93 5059 0
0 0 0 0 0 26 5240 0
0 0 0 0 0 39 4601 0
0 0 0 0 0 20 5065 0
0 0 0 0 0 77 4573 0
0 0 0 0 0 50 4930 0
0 0 0 0 0 238 4501 0
0 0 0 0 0 227 4512 0
0 0 0 0 0 70 4719 0
0 0 0 0 0 146 4618 0
0 0 0 0 0 228 4610 0
0 0 0 0 0 13 4961 0
0 0 0 0 0 226 4469 0
0 0 0 0 0 7 4716 0
0 0 0 0 0 34 5023 0
0 0 0 0 0 62 4501 0
0 0 0 0 0 1 4629 0
0 0 0 0 0 99 5027 0
0 0 0 0 0 44 4957 0
0 0 0 0 0 5 4675 0
0 0 0 0 0 111 4920 0
0 0 0 0 0 34 4613 0
0 0 0 0 0 79 4977 0
0 0 0 0 0 45 5520 0
0 0 0 0 0 10 5509 0
0 0 0 0 0 107 5809 0
0 0 0 0 0 70 4966 0
0 0 0 0 0 47 5942 0
0 0 0 0 0 9 4371 0
0 0 0 0 0 106 5285 0
0 0 0 0 0 81 5823 0
0 0 0 0 0 44 5037 0
0 0 0 0 0 18 4569 0
0 0 0 0 0 189 4844 0
0 0 0 0 0 25 4577 0
0 0 0 0 0 162 4848 0
0 0 0 0 0 38 4479 0
0 0 0 0 0 153 4873 0
0 0 0 0 0 34 4561 0
3276 0 0 0 0 293 14262 0
5776 0 0 0 0 663 18778 0
6080 0 0 0 0 680 18377 0
6231 0 0 0 0 660 19065 0
6513 0 0 0 0 610 17866 0
7049 0 0 0 0 553 17657 0
7603 0 0 0 0 629 17186 0
7336 0 0 0 0 653 17308 0
7459 0 0 0 0 625 16583 0
8145 0 0 0 0 636 16119 0
7889 0 0 0 0 577 14278 0
7823 0 0 0 0 550 12572 0
8593 0 0 0 0 591 13080 0
9295 0 0 0 0 619 12857 0
9195 0 0 0 0 609 11635 0
8823 0 0 0 0 560 10529 0
9813 0 0 0 0 618 10961 0
10050 0 0 0 0 629 10695 0
10048 0 0 0 0 608 9876 0
10003 0 0 0 0 596 9345 0
10058 0 0 0 0 613 8998 0
10273 0 0 0 0 642 8455 0
9451 0 0 0 0 680 7164 0
9611 0 0 0 0 560 7001 0
10867 0 0 0 0 617 7384 0
10362 0 0 0 0 575 6598 0
10708 0 0 0 0 595 6514 0
11393 0 0 0 0 605 6638 0
10631 0 0 0 0 568 5921 0
10284 0 0 0 0 568 5420 0
9764 0 0 0 0 538 4942 0
11143 0 0 0 0 623 5412 0
10610 0 0 0 0 586 4760 0
11521 0 0 0 0 626 5081 0
10606 0 0 0 0 576 4419 0
10414 0 0 0 0 563 4087 0
10323 0 0 0 0 561 4082 0
10624 0 0 0 0 554 4002 0
9769 0 0 0 0 529 3394 0
9946 0 0 0 0 511 3383 0
11344 0 0 0 0 592 3733 0
11451 0 0 0 0 607 3727 0
11125 0 0 0 0 592 3299 0
11153 0 0 0 0 594 3377 0
11220 0 0 0 0 600 3167 0
10434 0 0 0 0 540 2776 0
9979 0 0 0 0 526 2608 0
10755 0 0 0 0 568 2779 0
10345 0 0 0 0 542 2544 0
11463 0 0 0 0 594 2795 0
10869 0 0 0 0 575 2515 0
10871 0 0 0 0 549 2450 0
11334 0 0 0 0 576 2477 0
10420 0 0 0 0 573 2251 0
10444 0 0 0 0 553 2323 0
8199 0 0 0 0 541 1695 0
10185 0 0 0 0 530 2048 0
11413 0 0 0 0 599 2232 0
10538 0 0 0 0 549 2038 0
11050 0 0 0 0 580 2015 0
11502 0 0 0 0 621 2122 0
10457 0 0 0 0 550 1844 0
10942 0 0 0 0 561 1831 0
11449 0 0 0 0 609 1855 0
11324 0 0 0 0 567 1850 0
11605 0 0 0 0 573 1892 0
9985 0 0 0 0 502 1666 0
11367 0 0 0 0 634 1736 0
10691 0 0 0 0 583 1659 0
10601 0 0 0 0 559 1533 0
9951 0 0 0 0 522 1316 0
8078 0 0 0 0 545 1117 0
11502 0 0 0 0 600 1598 0
11326 0 0 0 0 603 1583 0
10542 0 0 0 0 547 1473 0
10915 0 0 0 0 557 1445 0
10863 0 0 0 0 532 1406 0
11828 0 0 0 0 594 1557 0
11485 0 0 0 0 598 1330 0
9888 0 0 0 0 512 1189 0
10285 0 0 0 0 530 1234 0
10888 0 0 0 0 580 1356 0
10753 0 0 0 0 569 1237 0
10522 0 0 0 0 563 1196 0
10121 0 0 0 0 531 1111 0
10204 0 0 0 0 539 1126 0
10136 0 0 0 0 540 1081 0
10077 0 0 0 0 524 1043 0
10514 0 0 0 0 540 1141 0
10845 0 0 0 0 529 1110 0
10096 0 0 0 0 515 978 0
10692 0 0 0 0 562 1064 0
10639 0 0 0 0 559 1080 0
10572 0 0 0 0 543 1030 0
10506 0 0 0 0 556 968 0
11028 0 0 0 0 582 1070 0
11865 0 0 0 0 609 1040 0
12394 0 0 0 0 651 1103 0
11936 0 0 0 0 633 1115 0
10595 0 0 0 0 558 915 0
10459 0 0 0 0 518 952 0
10186 0 0 0 0 548 822 0
7246 0 0 0 0 398 633 0
10035 0 0 0 0 501 857 0
10654 0 0 0 0 543 909 0
11439 0 0 0 0 583 878 0
10970 0 0 0 0 569 824 0
10503 0 0 0 0 542 862 0
9941 0 0 0 0 510 729 0
10716 0 0 0 0 554 876 0
10296 0 0 0 0 550 812 0
9967 0 0 0 0 531 733 0
10844 0 0 0 0 568 825 0
10532 0 0 0 0 535 784 0
10480 0 0 0 0 543 776 0
10254 0 0 0 0 509 768 0
9622 0 0 0 0 477 751 0
10415 0 0 0 0 541 671 0
10315 0 0 0 0 546 681 0
9849 0 0 0 0 520 662 0
9955 0 0 0 0 526 683 0
10609 0 0 0 0 559 754 0
10282 0 0 0 0 524 680 0
10500 0 0 0 0 541 646 0
10002 0 0 0 0 560 677 0
11033 0 0 0 0 595 776 0
10160 0 0 0 0 515 639 0
10193 0 0 0 0 536 635 0
10396 0 0 0 0 509 593 0
10802 0 0 0 0 525 593 0
10317 0 0 0 0 526 633 0
9401 0 0 0 0 488 568 0
10050 0 0 0 0 513 688 0
10359 0 0 0 0 540 541 0
10273 0 0 0 0 546 576 0
7552 0 0 0 0 453 413 0
10407 0 0 0 0 539 571 0
11105 0 0 0 0 567 591 0
10090 0 0 0 0 524 548 0
9853 0 0 0 0 529 523 0
10803 0 0 0 0 537 599 0
10625 0 0 0 0 524 538 0
10640 0 0 0 0 529 566 0
9953 0 0 0 0 523 513 0
10178 0 0 0 0 523 493 0
11018 0 0 0 0 567 560 0
10706 0 0 0 0 550 531 0
11253 0 0 0 0 597 529 0
10201 0 0 0 0 556 508 0
10645 0 0 0 0 554 527 0
10027 0 0 0 0 533 511 0
10039 0 0 0 0 542 468 0
7552 0 0 0 0 415 355 0
11035 0 0 0 0 545 499 0
9832 0 0 0 0 475 448 0
10194 0 0 0 0 496 480 0
10649 0 0 0 0 558 471 0
10230 0 0 0 0 570 437 0
10533 0 0 0 0 541 465 0
10247 0 0 0 0 526 439 0
9992 0 0 0 0 545 558 0
10256 0 0 0 0 531 488 0
10591 0 0 0 0 545 489 0
10664 0 0 0 0 578 570 0
10789 0 0 0 0 569 471 0
11115 0 0 0 0 579 490 0
10370 0 0 0 0 508 445 0
10079 0 0 0 0 492 430 0
9711 0 0 0 0 490 364 0
10404 0 0 0 0 551 473 0
10106 0 0 0 0 516 440 0
10430 0 0 0 0 529 458 0
10086 0 0 0 0 515 445 0
10628 0 0 0 0 551 481 0
10050 0 0 0 0 565 397 0
10667 0 0 0 0 564 416 0
10263 0 0 0 0 544 434 0
10422 0 0 0 0 544 413 0
10834 0 0 0 0 580 387 0
11224 0 0 0 0 552 439 0
11388 0 0 0 0 551 411 0
11259 0 0 0 0 541 382 0
10387 0 0 0 0 549 418 0
11117 0 0 0 0 630 416 0
10933 0 0 0 0 579 421 0
11277 0 0 0 0 595 442 0
9015 0 0 0 0 482 356 0
11650 0 0 0 0 630 460 0
11240 0 0 0 0 576 398 0
11348 0 0 0 0 586 473 0
10921 0 0 0 0 565 394 0
6899 0 0 0 0 390 210 0
10888 0 0 0 0 545 343 0
11410 0 0 0 0 555 442 0
11075 0 0 0 0 540 375 0
10785 0 0 0 0 592 399 0
11689 0 0 0 0 612 462 0
11458 0 0 0 0 603 410 0
10547 0 0 0 0 543 411 0
10971 0 0 0 0 590 421 0
10535 0 0 0 0 557 399 0
11353 0 0 0 0 593 341 0
11519 0 0 0 0 603 436 0
11536 0 0 0 0 593 390 0
12151 0 0 0 0 577 381 0
11063 0 0 0 0 558 373 0
11503 0 0 0 0 590 374 0
10565 0 0 0 0 551 354 0
10379 0 0 0 0 554 389 0
10649 0 0 0 0 562 358 0
9995 0 0 0 0 513 284 0
10006 0 0 0 0 517 347 0
10696 0 0 0 0 554 385 0
10319 0 0 0 0 532 261 0
10841 0 0 0 0 562 347 0
10427 0 0 0 0 535 305 0
10748 0 0 0 0 552 304 0
10697 0 0 0 0 541 337 0
7592 0 0 0 0 379 264 0
10452 0 0 0 0 520 306 0
9813 0 0 0 0 511 309 0
11057 0 0 0 0 598 352 0
10509 0 0 0 0 535 306 0
10520 0 0 0 0 540 321 0
10101 0 0 0 0 528 298 0
10789 0 0 0 0 563 398 0
10386 0 0 0 0 534 355 0
10404 0 0 0 0 538 324 0
10065 0 0 0 0 510 305 0
11198 0 0 0 0 439 371 0
10511 0 0 0 0 453 297 0
11526 0 0 0 0 571 284 0
7700 0 0 0 0 454 295 0
10738 0 0 0 0 570 353 0
10533 0 0 0 0 541 312 0
11203 0 0 0 0 574 344 0
10855 0 0 0 0 555 331 0
10894 0 0 0 0 594 259 0
11209 0 0 0 0 585 294 0
10752 0 0 0 0 551 295 0
10954 0 0 0 0 568 310 0
11998 0 0 0 0 625 400 0
10935 0 0 0 0 570 309 0
10912 0 0 0 0 583 298 0
10715 0 0 0 0 534 278 0
10984 0 0 0 0 531 322 0
10866 0 0 0 0 564 372 0
10315 0 0 0 0 534 304 0
10858 0 0 0 0 560 321 0
10285 0 0 0 0 526 248 0
10998 0 0 0 0 580 338 0
9608 0 0 0 0 514 257 0
10021 0 0 0 0 527 249 0
11905 0 0 0 0 655 300 0
11144 0 0 0 0 575 325 0
11197 0 0 0 0 537 310 0
10515 0 0 0 0 512 252 0
10625 0 0 0 0 522 317 0
11123 0 0 0 0 603 276 0
11524 0 0 0 0 615 277 0
10954 0 0 0 0 566 295 0
7971 0 0 0 0 504 217 0
11329 0 0 0 0 601 253 0
11408 0 0 0 0 609 288 0
11113 0 0 0 0 574 320 0
11875 0 0 0 0 623 260 0
11261 0 0 0 0 572 284 0
11298 0 0 0 0 590 319 0
10786 0 0 0 0 540 277 0
11169 0 0 0 0 573 245 0
11849 0 0 0 0 574 297 0
11816 0 0 0 0 607 288 0
10900 0 0 0 0 572 335 0
11386 0 0 0 0 603 285 0
10346 0 0 0 0 559 273 0
10991 0 0 0 0 576 281 0
10936 0 0 0 0 580 281 0
10495 0 0 0 0 547 239 0
10829 0 0 0 0 548 269 0
11125 0 0 0 0 575 257 0
9828 0 0 0 0 482 272 0
11084 0 0 0 0 553 278 0
10841 0 0 0 0 553 331 0
10713 0 0 0 0 550 246 0
11185 0 0 0 0 583 249 0
8810 0 0 0 0 483 203 0
10230 0 0 0 0 532 243 0
11429 0 0 0 0 581 259 0
11106 0 0 0 0 563 309 0
11306 0 0 0 0 588 264 0
10694 0 0 0 0 582 210 0
10943 0 0 0 0 548 268 0
11721 0 0 0 0 617 308 0
10373 0 0 0 0 509 227 0
10490 0 0 0 0 509 278 0
11459 0 0 0 0 594 280 0
9899 0 0 0 0 553 241 0
11741 0 0 0 0 595 286 0
11079 0 0 0 0 570 200 0
10783 0 0 0 0 567 289 0
11291 0 0 0 0 637 267 0
11097 0 0 0 0 591 243 0
11259 0 0 0 0 611 298 0
11730 0 0 0 0 624 301 0
11997 0 0 0 0 574 257 0
10582 0 0 0 0 564 240 0
11175 0 0 0 0 547 276 0
11088 0 0 0 0 586 284 0
10909 0 0 0 0 572 290 0
10113 0 0 0 0 550 203 0
10556 0 0 0 0 542 245 0
8659 0 0 0 0 450 188 0
10977 0 0 0 0 594 254 0
11264 0 0 0 0 578 288 0
11909 0 0 0 0 615 270 0
11420 0 0 0 0 597 259 0
11833 0 0 0 0 616 314 0
11583 0 0 0 0 569 265 0
10243 0 0 0 0 490 216 0
11010 0 0 0 0 553 246 0
11143 0 0 0 0 588 233 0
10826 0 0 0 0 586 245 0
11896 0 0 0 0 613 281 0
10412 0 0 0 0 536 232 0
11689 0 0 0 0 609 287 0
10767 0 0 0 0 554 261 0
10653 0 0 0 0 579 235 0
12238 0 0 0 0 615 239 0
11591 0 0 0 0 605 262 0
11042 0 0 0 0 539 239 0
6452 0 0 0 0 317 164 0
11630 0 0 0 0 566 265 0
12141 0 0 0 0 638 300 0
11124 0 0 0 0 574 247 0
10798 0 0 0 0 558 254 0
11468 0 0 0 0 598 235 0
8780 0 0 0 0 521 177 0
11769 0 0 0 0 618 255 0
11188 0 0 0 0 582 229 0
11313 0 0 0 0 588 289 0
10771 0 0 0 0 556 262 0
10999 0 0 0 0 529 237 0
10620 0 0 0 0 536 231 0
11401 0 0 0 0 566 212 0
11595 0 0 0 0 618 310 0
11208 0 0 0 0 602 225 0
10634 0 0 0 0 554 202 0
11439 0 0 0 0 599 253 0
11423 0 0 0 0 592 234 0
10999 0 0 0 0 575 241 0
11838 0 0 0 0 615 235 0
11526 0 0 0 0 606 257 0
11760 0 0 0 0 642 238 0
11069 0 0 0 0 543 280 0
10335 0 0 0 0 521 169 0
10708 0 0 0 0 548 231 0
10592 0 0 0 0 544 221 0
10695 0 0 0 0 553 212 0
11622 0 0 0 0 600 227 0
11460 0 0 0 0 595 204 0
8964 0 0 0 0 464 163 0
10827 0 0 0 0 567 248 0
10244 0 0 0 0 523 192 0
11021 0 0 0 0 580 201 0
11469 0 0 0 0 584 220 0
11086 0 0 0 0 579 206 0
11144 0 0 0 0 561 200 0
10748 0 0 0 0 536 213 0
11367 0 0 0 0 561 202 0
11312 0 0 0 0 599 227 0
11082 0 0 0 0 578 241 0
10254 0 0 0 0 536 211 0
11670 0 0 0 0 602 251 0
10753 0 0 0 0 561 226 0
11139 0 0 0 0 585 234 0
11676 0 0 0 0 613 236 0
11446 0 0 0 0 617 287 0
11381 0 0 0 0 580 175 0
11012 0 0 0 0 558 205 0
12000 0 0 0 0 592 200 0
10740 0 0 0 0 546 186 0
10837 0 0 0 0 557 234 0
11451 0 0 0 0 596 255 0
10652 0 0 0 0 583 189 0
11867 0 0 0 0 616 223 0
11099 0 0 0 0 588 267 0
10602 0 0 0 0 571 211 0
11260 0 0 0 0 602 219 0
8083 0 0 0 0 467 130 0
10898 0 0 0 0 548 214 0
9514 0 0 0 0 484 215 0
11693 0 0 0 0 568 252 0
11043 0 0 0 0 540 219 0
10373 0 0 0 0 523 201 0
7229 0 0 0 0 433 132 0
10327 0 0 0 0 543 164 0
11788 0 0 0 0 627 243 0
10909 0 0 0 0 572 259 0
11819 0 0 0 0 617 196 0
10563 0 0 0 0 551 216 0
10372 0 0 0 0 565 238 0
11034 0 0 0 0 580 217 0
10963 0 0 0 0 546 239 0
10561 0 0 0 0 557 247 0
11145 0 0 0 0 550 180 0
9881 0 0 0 0 484 189 0
11450 0 0 0 0 589 193 0
11999 0 0 0 0 616 218 0
12047 0 0 0 0 650 225 0
11002 0 0 0 0 585 220 0
10288 0 0 0 0 564 173 0
10712 0 0 0 0 560 208 0
10491 0 0 0 0 549 176 0
10187 0 0 0 0 539 176 0
10179 0 0 0 0 522 193 0
10883 0 0 0 0 563 183 0
10202 0 0 0 0 494 207 0
11163 0 0 0 0 542 158 0
11217 0 0 0 0 595 177 0
10627 0 0 0 0 583 162 0
11328 0 0 0 0 598 194 0
10263 0 0 0 0 544 161 0
10327 0 0 0 0 544 209 0
10499 0 0 0 0 544 192 0
10528 0 0 0 0 541 222 0
11284 0 0 0 0 589 176 0
11318 0 0 0 0 590 224 0
10199 0 0 0 0 514 194 0
11494 0 0 0 0 590 294 0
11472 0 0 0 0 555 194 0
11270 0 0 0 0 591 226 0
11607 0 0 0 0 620 195 0
8320 0 0 0 0 514 161 0
10527 0 0 0 0 540 207 0
10606 0 0 0 0 538 209 0
10560 0 0 0 0 538 190 0
10195 0 0 0 0 594 182 0
10080 0 0 0 0 523 149 0
9990 0 0 0 0 525 181 0
10503 0 0 0 0 569 170 0
10557 0 0 0 0 530 164 0
10728 0 0 0 0 539 178 0
10189 0 0 0 0 496 213 0
9899 0 0 0 0 486 156 0
10710 0 0 0 0 556 179 0
9694 0 0 0 0 494 161 0
9934 0 0 0 0 505 181 0
9857 0 0 0 0 548 193 0
10687 0 0 0 0 540 166 0
10169 0 0 0 0 524 173 0
10573 0 0 0 0 537 185 0
10686 0 0 0 0 557 192 0
10663 0 0 0 0 556 208 0
10540 0 0 0 0 542 163 0
10128 0 0 0 0 518 165 0
7292 0 0 0 0 428 112 0
10599 0 0 0 0 516 183 0
10396 0 0 0 0 538 187 0
10049 0 0 0 0 532 152 0
10377 0 0 0 0 532 205 0
10596 0 0 0 0 549 207 0
9891 0 0 0 0 518 161 0
10054 0 0 0 0 529 193 0
10026 0 0 0 0 517 187 0
10653 0 0 0 0 632 161 0
10861 0 0 0 0 559 175 0
10303 0 0 0 0 530 169 0
11490 0 0 0 0 556 208 0
11589 0 0 0 0 564 192 0
11087 0 0 0 0 572 230 0
11306 0 0 0 0 595 184 0
10723 0 0 0 0 560 209 0
11448 0 0 0 0 595 185 0
11192 0 0 0 0 572 211 0
10738 0 0 0 0 559 161 0
11234 0 0 0 0 617 199 0
11119 0 0 0 0 582 187 0
10935 0 0 0 0 571 153 0
11308 0 0 0 0 590 174 0
11427 0 0 0 0 563 152 0
8897 0 0 0 0 590 108 0
10607 0 0 0 0 512 139 0
11641 0 0 0 0 570 191 0
10662 0 0 0 0 554 208 0
11069 0 0 0 0 579 223 0
10728 0 0 0 0 548 203 0
11368 0 0 0 0 594 175 0
11459 0 0 0 0 630 238 0
11948 0 0 0 0 643 221 0
10849 0 0 0 0 563 206 0
11408 0 0 0 0 621 173 0
10930 0 0 0 0 561 187 0
11985 0 0 0 0 591 214 0
10184 0 0 0 0 489 212 0
11295 0 0 0 0 561 141 0
10470 0 0 0 0 545 187 0
12254 0 0 0 0 659 213 0
11197 0 0 0 0 573 179 0
11040 0 0 0 0 569 202 0
11464 0 0 0 0 595 178 0
11374 0 0 0 0 599 218 0
11235 0 0 0 0 614 157 0
10011 0 0 0 0 527 146 0
11125 0 0 0 0 563 172 0
11552 0 0 0 0 567 154 0
11258 0 0 0 0 554 207 0
11845 0 0 0 0 628 183 0
11571 0 0 0 0 584 188 0
12423 0 0 0 0 657 180 0
10198 0 0 0 0 531 141 0
10275 0 0 0 0 534 174 0
11884 0 0 0 0 661 147 0
11263 0 0 0 0 603 159 0
10936 0 0 0 0 570 156 0
8587 0 0 0 0 573 113 0
11526 0 0 0 0 581 175 0
10583 0 0 0 0 659 120 0
11476 0 0 0 0 555 158 0
10822 0 0 0 0 521 169 0
11709 0 0 0 0 599 165 0
11857 0 0 0 0 615 200 0
11330 0 0 0 0 584 178 0
11711 0 0 0 0 624 187 0
11655 0 0 0 0 598 172 0
12220 0 0 0 0 626 238 0
11491 0 0 0 0 597 152 0
11953 0 0 0 0 666 220 0
11835 0 0 0 0 571 184 0
11332 0 0 0 0 604 148 0
11338 0 0 0 0 550 158 0
11579 0 0 0 0 581 162 0
11322 0 0 0 0 622 179 0
12064 0 0 0 0 617 184 0
11118 0 0 0 0 573 193 0
11587 0 0 0 0 618 180 0
11558 0 0 0 0 604 212 0
11444 0 0 0 0 624 152 0
11634 0 0 0 0 610 216 0
11526 0 0 0 0 601 139 0
11681 0 0 0 0 563 194 0
11484 0 0 0 0 566 170 0
11895 0 0 0 0 617 211 0
12229 0 0 0 0 633 158 0
8307 0 0 0 0 442 115 0
11878 0 0 0 0 641 160 0
10499 0 0 0 0 546 153 0
11499 0 0 0 0 618 172 0
11500 0 0 0 0 609 179 0
11142 0 0 0 0 587 144 0
11258 0 0 0 0 592 174 0
12190 0 0 0 0 626 154 0
11108 0 0 0 0 570 169 0
11482 0 0 0 0 604 137 0
10377 0 0 0 0 501 173 0
9903 0 0 0 0 488 125 0
10365 0 0 0 0 550 153 0
11744 0 0 0 0 610 133 0
10358 0 0 0 0 533 120 0
10466 0 0 0 0 534 171 0
10947 0 0 0 0 564 140 0
10723 0 0 0 0 566 179 0
10597 0 0 0 0 570 157 0
10887 0 0 0 0 574 168 0
10339 0 0 0 0 534 172 0
11758 0 0 0 0 573 163 0
11181 0 0 0 0 548 167 0
12025 0 0 0 0 615 158 0
10733 0 0 0 0 581 163 0
11704 0 0 0 0 611 156 0
10319 0 0 0 0 533 150 0
10466 0 0 0 0 539 132 0
11131 0 0 0 0 588 141 0
9659 0 0 0 0 632 172 0
10248 0 0 0 0 557 164 0
10445 0 0 0 0 546 136 0
6431 0 0 0 0 348 95 0
10784 0 0 0 0 561 132 0
11190 0 0 0 0 559 143 0
9667 0 0 0 0 497 152 0
9618 0 0 0 0 477 160 0
10818 0 0 0 0 556 135 0
10570 0 0 0 0 546 177 0
10396 0 0 0 0 533 147 0
10867 0 0 0 0 554 137 0
11857 0 0 0 0 609 174 0
11205 0 0 0 0 593 208 0
10862 0 0 0 0 554 146 0
10855 0 0 0 0 568 127 0
10618 0 0 0 0 557 143 0
11304 0 0 0 0 582 182 0
11495 0 0 0 0 588 157 0
11718 0 0 0 0 572 165 0
11711 0 0 0 0 576 151 0
11151 0 0 0 0 576 156 0
10134 0 0 0 0 537 160 0
11707 0 0 0 0 605 144 0
11257 0 0 0 0 572 149 0
11101 0 0 0 0 581 145 0
10710 0 0 0 0 564 128 0
6592 1 0 0 0 868 66 0
25 0 0 0 10791.1 2453 0 10766.1
0 0 0 0 10791.1 1976 0 10791.1
0 0 0 0 10791.1 2018 0 10791.1
0 0 0 0 10791.1 1959 0 10791.1
0 0 1 0 10791.1 1860 1 10791.1
0 0 3 0 10791.1 1174 3 10791.1
337 0 2 0 10791.1 1181 2 10454.1
3 0 3 0 10791.1 1435 3 10788.1
268 0 3 0 10791.1 1280 3 10523.1
254 0 3 0 10791.1 1113 3 10537.1
0 0 3 0 10791.1 1267 3 10791.1
68 0 2 0 10791.1 1327 2 10723.1
114 0 3 0 10791.1 1228 3 10677.1
305 0 3 0 10791.1 1204 3 10486.1
35 0 3 0 10791.1 1217 3 10756.1
327 0 3 0 10791.1 1008 3 10464.1
160 0 2 0 10791.1 1236 2 10631.1
203 0 3 0 10791.1 1313 3 10588.1
404 0 3 0 10791.1 1130 3 10387.1
303 0 3 0 10791.1 1111 3 10488.1
21 0 3 0 10791.1 1216 3 10770.1
82 0 2 0 10791.1 1373 2 10709.1
387 0 3 0 10791.1 1433 3 10404.1
375 0 3 0 10791.1 1230 3 10416.1
257 0 3 0 10791.1 1211 3 10534.1
167 0 3 0 10791.1 1265 3 10624.1
185 0 2 0 10791.1 1299 2 10606.1
750 0 3 0 10791.1 1136 3 10041.1
0 0 3 0 10791.1 1371 3 10791.1
0 0 3 0 10791.1 1282 3 10791.1
479 0 3 0 10791.1 1207 3 10312.1
24 0 3 0 10791.1 1297 3 10767.1
0 0 2 0 10791.1 1532 2 10791.1
252 0 3 0 10791.1 1474 3 10539.1
14 0 3 0 10791.1 1323 3 10777.1
180 0 3 0 10791.1 1190 4 10611.1
135 0 3 0 10791.1 1296 3 10656.1
264 0 2 0 10791.1 1336 2 10527.1
145 0 3 0 10791.1 1341 3 10646.1
844 0 3 0 10791.1 938 3 9947.07
469 0 3 0 10791.1 1014 3 10322.1
215 0 3 0 10791.1 1059 3 10576.1
0 0 2 0 10791.1 1211 2 10791.1
372 0 3 0 10791.1 1100 3 10419.1
0 0 3 0 10791.1 1246 3 10791.1
177 0 3 0 10791.1 1158 4 10614.1
528 0 3 0 10791.1 922 4 10263.1
486 0 2 0 10791.1 1086 2 10305.1
154 0 3 0 10791.1 1407 4 10637.1
42 0 3 0 10791.1 1368 3 10749.1
853 0 3 0 10791.1 828 3 9938.07
113 0 3 0 10791.1 1090 4 10678.1
431 0 2 0 10791.1 1510 2 10360.1
740 0 3 0 10791.1 1230 4 10051.1
807 0 3 0 10791.1 1081 3 9984.07
0 0 3 0 10791.1 1293 4 10791.1
510 0 2 0 10791.1 1112 2 10281.1
4 0 3 0 10791.1 1333 3 10787.1
387 0 3 0 10791.1 1280 4 10404.1
54 0 3 0 10791.1 1208 3 10737.1
105 0 3 0 10791.1 1219 3 10686.1
578 0 2 0 10791.1 1125 3 10213.1
686 0 3 0 10791.1 1196 3 10105.1
169 0 3 0 10791.1 1254 4 10622.1
0 0 3 0 10791.1 1470 4 10791.1
333 0 3 0 10791.1 1217 3 10458.1
110 0 3 0 10791.1 1324 3 10681.1
184 0 2 0 10791.1 1106 2 10607.1
335 0 3 0 10791.1 1236 4 10456.1
147 0 3 0 10791.1 1261 3 10644.1
0 0 3 0 10791.1 1097 3 10791.1
22 0 3 0 10791.1 917 3 10769.1
0 0 2 0 10791.1 1354 2 10791.1
737 0 3 0 10791.1 1188 3 10054.1
133 0 3 0 10791.1 1462 3 10658.1
619 0 3 0 10791.1 1049 4 10172.1
1071 0 3 0 10791.1 914 3 9720.07
471 0 3 0 10791.1 991 3 10320.1
411 0 2 0 10791.1 1118 3 10380.1
124 0 3 0 10791.1 1282 4 10667.1
357 0 3 0 10791.1 1244 3 10434.1
74 0 3 0 10791.1 1141 3 10717.1
79 0 3 0 10791.1 1279 3 10712.1
199 0 3 0 10791.1 1354 3 10592.1
288 0 2 0 10791.1 1348 2 10503.1
362 0 2 0 10791.1 1039 2 10429.1
212 0 3 0 10791.1 1261 3 10579.1
134 0 3 0 10791.1 1294 5 10657.1
558 0 3 0 10791.1 1174 3 10233.1
344 0 3 0 10791.1 1254 4 10447.1
885 0 2 0 10791.1 1175 4 9906.07
185 0 3 0 10791.1 1538 3 10606.1
132 0 3 0 10791.1 1322 3 10659.1
136 0 3 0 10791.1 1140 3 10655.1
1084 0 3 0 10791.1 991 3 9707.07
166 0 3 0 10791.1 1123 3 10625.1
0 0 2 0 10791.1 2028 2 10791.1
42 0 2 0 10791.1 1395 4 10749.1
32 0 3 0 10791.1 1264 3 10759.1
221 0 3 0 10791.1 1242 4 10570.1
492 0 3 0 10791.1 1165 3 10299.1
787 0 2 0 10791.1 1109 3 10004.1
312 0 3 0 10791.1 1298 4 10479.1
190 0 3 0 10791.1 1179 4 10601.1
226 0 3 0 10791.1 1170 5 10565.1
132 0 3 0 10791.1 1206 5 10659.1
439 0 2 0 10791.1 953 3 10352.1
468 0 3 0 10791.1 1334 3 10323.1
265 0 3 0 10791.1 1037 3 10526.1
674 0 3 0 10791.1 986 5 10117.1
646 0 3 0 10791.1 1024 4 10145.1
21 0 3 0 10791.1 1176 3 10770.1
251 0 2 0 10791.1 1243 3 10540.1
134 0 3 0 10791.1 1411 4 10657.1
490 0 3 0 10791.1 1258 4 10301.1
472 0 3 0 10791.1 1074 5 10319.1
421 0 3 0 10791.1 1047 4 10370.1
312 0 3 0 10791.1 1164 3 10479.1
95 0 2 0 10791.1 1289 2 10696.1
729 0 3 0 10791.1 1070 3 10062.1
946 0 3 0 10791.1 927 4 9845.07
446 0 3 0 10791.1 1098 5 10345.1
419 0 3 0 10791.1 1088 3 10372.1
33 0 2 0 10791.1 1322 2 10758.1
44 0 3 0 10791.1 1365 3 10747.1
604 0 3 0 10791.1 1231 7 10187.1
0 0 3 0 10791.1 1374 4 10791.1
150 0 3 0 10791.1 1196 3 10641.1
478 0 3 0 10791.1 1142 2 10313.1
92 0 2 0 10791.1 1372 3 10699.1
0 0 3 0 10791.1 1415 3 10791.1
415 0 3 0 10791.1 1024 3 10376.1
270 0 3 0 10791.1 1156 3 10521.1
0 0 3 0 10791.1 1185 3 10791.1
264 0 2 0 10791.1 1322 2 10527.1
1483 0 3 0 10791.1 1054 7 9308.07
178 0 3 0 10791.1 1230 4 10613.1
14 0 3 0 10791.1 1230 4 10777.1
170 0 2 0 10791.1 1499 3 10621.1
25 0 2 0 10791.1 1195 2 10766.1
67 0 3 0 10791.1 1292 3 10724.1
536 0 3 0 10791.1 1208 4 10255.1
1 0 3 0 10791.1 1219 3 10790.1
91 0 3 0 10791.1 1246 3 10700.1
831 0 2 0 10791.1 1183 2 9960.07
84 0 3 0 10791.1 1511 3 10707.1
402 0 3 0 10791.1 1157 3 10389.1
579 0 3 0 10791.1 1030 4 10212.1
0 0 3 0 10791.1 1236 3 10791.1
225 0 3 0 10791.1 1154 3 10566.1
494 0 2 0 10791.1 1195 2 10297.1
135 0 3 0 10791.1 1380 4 10656.1
264 0 3 0 10791.1 1254 5 10527.1
430 0 3 0 10791.1 1184 4 10361.1
36 0 3 0 10791.1 1247 3 10755.1
309 0 2 0 10791.1 1356 2 10482.1
159 0 3 0 10791.1 1454 6 10632.1
41 0 3 0 10791.1 1262 3 10750.1
260 0 3 0 10791.1 1131 4 10531.1
146 0 3 0 10791.1 1275 5 10645.1
388 0 3 0 10791.1 1216 4 10403.1
325 0 2 0 10791.1 1298 5 10466.1
128 0 3 0 10791.1 1422 3 10663.1
61 0 3 0 10791.1 1327 5 10730.1
222 0 3 0 10791.1 1080 3 10569.1
130 0 3 0 10791.1 1207 3 10661.1
0 0 3 0 10791.1 1193 4 10791.1
168 0 2 0 10791.1 1096 3 10623.1
679 0 3 0 10791.1 1040 3 10112.1
212 0 3 0 10791.1 1317 3 10579.1
338 0 3 0 10791.1 1225 5 10453.1
162 0 3 0 10791.1 1181 3 10629.1
168 0 3 0 10791.1 1291 4 10623.1
14 0 2 0 10791.1 1580 3 10777.1
137 0 3 0 10791.1 1362 4 10654.1
368 0 3 0 10791.1 1071 4 10423.1
306 0 3 0 10791.1 1132 3 10485.1
380 0 3 0 10791.1 1161 4 10411.1
479 0 2 0 10791.1 1186 3 10312.1
48 0 3 0 10791.1 1643 6 10743.1
153 0 3 0 10791.1 1165 3 10638.1
106 0 3 0 10791.1 16 3 10685.1
352 0 3 0 10791.1 17 4 10439.1
324 0 2 0 10791.1 19 6 10467.1
404 0 3 0 10791.1 18 6 10387.1
56 0 3 0 10791.1 17 3 10735.1
363 0 3 0 10791.1 17 4 10428.1
100 0 2 0 10791.1 18 6 10691.1
855 0 3 0 10791.1 19 6 9936.07
317 0 3 0 10791.1 17 3 10474.1
518 0 3 0 10791.1 16 8 10273.1
54 0 2 0 10791.1 19 2 10737.1
20 0 3 0 10791.1 18 3 10771.1
224 0 3 0 10791.1 17 4 10567.1
107 0 3 0 10791.1 66 4 10684.1
375 0 2 0 10791.1 1254 3 10416.1
116 0 3 0 10791.1 1598 4 10675.1
150 0 3 0 10791.1 1327 3 10641.1
24 0 3 0 10791.1 1205 4 10767.1
94 0 3 0 10791.1 1144 3 10697.1
848 0 2 0 10791.1 993 6 9943.07
0 0 3 0 10791.1 1334 3 10791.1
930 0 3 0 10791.1 961 7 9861.07
231 0 3 0 10791.1 1233 6 10560.1
323 0 3 0 10791.1 1171 4 10468.1
274 0 2 0 10791.1 1078 3 10517.1
263 0 3 0 10791.1 1312 3 10528.1
438 0 3 0 10791.1 1093 3 10353.1
952 0 3 0 10791.1 910 5 9839.07
324 0 2 0 10791.1 1266 3 10467.1
526 0 3 0 10791.1 1116 6 10265.1
856 0 3 0 10791.1 1028 4 9935.07
852 0 3 0 10791.1 859 3 9939.07
358 0 2 0 10791.1 1025 3 10433.1
122 0 3 0 10791.1 1361 4 10669.1
464 0 3 0 10791.1 1089 8 10327.1
534 0 3 0 10791.1 1111 3 10257.1
106 0 3 0 10791.1 1138 4 10685.1
406 0 2 0 10791.1 1152 6 10385.1
42 0 3 0 10791.1 1260 3 10749.1
141 0 3 0 10791.1 1128 7 10650.1
183 0 3 0 10791.1 1136 6 10608.1
192 0 3 0 10791.1 1084 3 10599.1
30 0 2 0 10791.1 1222 2 10761.1
738 0 3 0 10791.1 1116 3 10053.1
523 0 3 0 10791.1 1056 3 10268.1
461 0 3 0 10791.1 1044 5 10330.1
607 0 3 0 10791.1 1122 4 10184.1
340 0 2 0 10791.1 1218 2 10451.1
102 0 3 0 10791.1 1264 5 10689.1
492 0 3 0 10791.1 1058 3 10299.1
1006 0 3 0 10791.1 1002 7 9785.07
210 0 2 0 10791.1 1162 3 10581.1
144 0 3 0 10791.1 1476 4 10647.1
546 0 3 0 10791.1 1197 9 10245.1
245 0 3 0 10791.1 1163 3 10546.1
173 0 3 0 10791.1 1001 4 10618.1
478 0 3 0 10791.1 1069 8 10313.1
764 0 3 0 10791.1 1040 3 10027.1
721 0 2 0 10791.1 1185 3 10070.1
301 0 3 0 10791.1 1496 6 10490.1
329 0 3 0 10791.1 1416 5 10462.1
748 0 3 0 10791.1 1195 4 10043.1
768 0 3 0 10791.1 1143 3 10023.1
173 0 2 0 10791.1 1358 5 10618.1
196 0 3 0 10791.1 1552 5 10595.1
272 0 3 0 10791.1 1161 6 10519.1
452 0 3 0 10791.1 986 6 10339.1
341 0 3 0 10791.1 1160 5 10450.1
771 0 2 0 10791.1 1174 6 10020.1
824 0 3 0 10791.1 1059 5 9967.07
1138 0 3 0 10791.1 941 7 9653.07
653 0 3 0 10791.1 1075 7 10138.1
53 0 3 0 10791.1 1106 3 10738.1
305 0 2 0 10791.1 1168 3 10486.1
1012 0 3 0 10791.1 1110 9 9779.07
831 0 3 0 10791.1 1153 8 9960.07
164 0 3 0 10791.1 1178 5 10627.1
4 0 3 0 10791.1 1163 3 10787.1
357 0 3 0 10791.1 1178 4 10434.1
426 0 2 0 10791.1 1136 2 10365.1
16 0 3 0 10791.1 1355 4 10775.1
261 0 3 0 10791.1 1221 3 10530.1
307 0 3 0 10791.1 1197 3 10484.1
229 0 3 0 10791.1 1192 4 10562.1
590 0 2 0 10791.1 920 3 10201.1
299 0 3 0 10791.1 1236 4 10492.1
555 0 3 0 10791.1 1092 5 10236.1
703 0 3 0 10791.1 1145 6 10088.1
146 0 3 0 10791.1 1214 5 10645.1
144 0 3 0 10791.1 1115 5 10647.1
342 0 2 0 10791.1 1210 3 10449.1
500 0 3 0 10791.1 1303 5 10291.1
495 0 3 0 10791.1 1085 4 10296.1
603 0 3 0 10791.1 1051 4 10188.1
265 0 2 0 10791.1 1467 2 10526.1
1122 0 3 0 10791.1 1227 6 9669.07
71 0 3 0 10791.1 1292 3 10720.1
1101 0 3 0 10791.1 1010 9 9690.07
332 0 3 0 10791.1 1144 6 10459.1
343 0 2 0 10791.1 1245 6 10448.1
1663 0 3 0 10791.1 1251 6 9128.07
300 0 3 0 10791.1 1421 3 10491.1
384 0 3 0 10791.1 1233 3 10407.1
140 0 3 0 10791.1 1409 5 10651.1
277 0 2 0 10791.1 1359 5 10514.1
367 0 3 0 10791.1 1374 5 10424.1
290 0 3 0 10791.1 1147 7 10501.1
591 0 3 0 10791.1 1048 5 10200.1
686 0 3 0 10791.1 1011 5 10105.1
737 0 2 0 10791.1 1077 7 10054.1
240 0 3 0 10791.1 1329 3 10551.1
366 0 3 0 10791.1 1176 5 10425.1
92 0 3 0 10791.1 1190 3 10699.1
1120 0 3 0 10791.1 1040 4 9671.07
10 0 3 0 10791.1 1241 3 10781.1
298 0 2 0 10791.1 1189 2 10493.1
515 0 3 0 10791.1 1227 3 10276.1
699 0 3 0 10791.1 1140 6 10092.1
201 0 3 0 10791.1 1205 3 10590.1
2 0 3 0 10791.1 1216 4 10789.1
332 0 3 0 10791.1 1171 4 10459.1
171 0 2 0 10791.1 1338 3 10620.1
54 0 3 0 10791.1 1306 5 10737.1
386 0 3 0 10791.1 1205 6 10405.1
317 0 3 0 10791.1 943 5 10474.1
528 0 3 0 10791.1 1014 6 10263.1
399 0 3 0 10791.1 1212 3 10392.1
1451 0 2 0 10791.1 913 4 9340.07
373 0 3 0 10791.1 1342 5 10418.1
1093 0 3 0 10791.1 1111 3 9698.07
261 0 3 0 10791.1 1208 6 10530.1
849 0 3 0 10791.1 1039 3 9942.07
10 0 3 0 10791.1 1269 3 10781.1
79 0 2 0 10791.1 1244 2 10712.1
393 0 3 0 10791.1 1227 5 10398.1
861 0 3 0 10791.1 861 10 9930.07
444 0 3 0 10791.1 1047 8 10347.1
477 0 3 0 10791.1 1105 5 10314.1
777 0 2 0 10791.1 1045 8 10014.1
562 0 3 0 10791.1 1270 3 10229.1
221 0 3 0 10791.1 1299 5 10570.1
390 0 3 0 10791.1 1236 5 10401.1
623 0 2 0 10791.1 1092 4 10168.1
338 0 3 0 10791.1 1302 7 10453.1
658 0 3 0 10791.1 986 8 10133.1
188 0 3 0 10791.1 1157 7 10603.1
686 0 3 0 10791.1 983 5 10105.1
429 0 3 0 10791.1 1102 6 10362.1
193 0 2 0 10791.1 1333 5 10598.1
350 0 3 0 10791.1 1301 7 10441.1
625 0 3 0 10791.1 1061 3 10166.1
237 0 3 0 10791.1 1165 9 10554.1
122 0 3 0 10791.1 1211 4 10669.1
521 0 3 0 10791.1 1066 3 10270.1
438 0 2 0 10791.1 1118 8 10353.1
801 0 3 0 10791.1 1107 6 9990.07
184 0 3 0 10791.1 1206 7 10607.1
82 0 3 0 10791.1 1225 4 10709.1
99 0 2 0 10791.1 1199 3 10692.1
182 0 3 0 10791.1 1344 7 10609.1
162 0 3 0 10791.1 1317 4 10629.1
209 0 3 0 10791.1 1089 3 10582.1
732 0 3 0 10791.1 948 5 10059.1
540 0 3 0 10791.1 1110 6 10251.1
363 0 2 0 10791.1 1128 2 10428.1
594 0 3 0 10791.1 1148 6 10197.1
276 0 3 0 10791.1 1194 8 10515.1
662 0 3 0 10791.1 980 3 10129.1
414 0 3 0 10791.1 1041 8 10377.1
432 0 2 0 10791.1 1139 4 10359.1
251 0 3 0 10791.1 1228 3 10540.1
424 0 3 0 10791.1 1028 7 10367.1
287 0 3 0 10791.1 1084 4 10504.1
798 0 2 0 10791.1 1094 4 9993.07
873 0 3 0 10791.1 1101 12 9918.07
242 0 3 0 10791.1 1091 10 10549.1
642 0 3 0 10791.1 1014 5 10149.1
643 0 3 0 10791.1 989 7 10148.1
1177 0 2 0 10791.1 890 14 9614.07
351 0 3 0 10791.1 1113 5 10440.1
674 0 3 0 10791.1 1141 7 10117.1
72 0 3 0 10791.1 1139 6 10719.1
258 0 3 0 10791.1 1250 4 10533.1
522 0 3 0 10791.1 1123 4 10269.1
708 0 2 0 10791.1 1121 6 10083.1
187 0 3 0 10791.1 1287 3 10604.1
711 0 3 0 10791.1 1090 14 10080.1
794 0 3 0 10791.1 1138 8 9997.07
151 0 3 0 10791.1 1114 9 10640.1
96 0 3 0 10791.1 1159 3 10695.1
601 0 2 0 10791.1 1027 6 10190.1
853 0 3 0 10791.1 971 8 9938.07
412 0 3 0 10791.1 1181 5 10379.1
371 0 3 0 10791.1 1207 5 10420.1
1997 0 3 0 10791.1 945 10 8794.07
231 0 2 0 10791.1 1236 3 10560.1
1033 0 3 0 10791.1 1001 7 9758.07
564 0 3 0 10791.1 1203 9 10227.1
749 0 3 0 10791.1 1026 7 10042.1
117 0 3 0 10791.1 1047 5 10674.1
643 0 2 0 10791.1 887 4 10148.1
543 0 3 0 10791.1 1164 11 10248.1
270 0 3 0 10791.1 1248 5 10521.1
315 0 3 0 10791.1 1307 6 10476.1
342 0 3 0 10791.1 1182 5 10449.1
1344 0 2 0 10791.1 877 9 9447.07
674 0 3 0 10791.1 1218 17 10117.1
853 0 3 0 10791.1 1163 5 9938.07
445 0 3 0 10791.1 1221 3 10346.1
460 0 3 0 10791.1 1226 12 10331.1
120 0 3 0 10791.1 1297 4 10671.1
509 0 2 0 10791.1 1277 3 10282.1
126 0 3 0 10791.1 1598 3 10665.1
291 0 3 0 10791.1 1382 4 10500.1
727 0 3 0 10791.1 1113 8 10064.1
79 0 3 0 10791.1 1305 4 10712.1
597 0 3 0 10791.1 1056 6 10194.1
856 0 2 0 10791.1 1049 4 9935.07
189 0 3 0 10791.1 1354 4 10602.1
81 0 3 0 10791.1 1233 4 10710.1
195 0 3 0 10791.1 1199 10 10596.1
284 0 3 0 10791.1 1232 5 10507.1
494 0 2 0 10791.1 1127 4 10297.1
722 0 3 0 10791.1 1292 7 10069.1
382 0 3 0 10791.1 1208 6 10409.1
262 0 3 0 10791.1 1168 7 10529.1
828 0 3 0 10791.1 953 14 9963.07
1130 0 3 0 10791.1 986 11 9661.07
185 0 2 0 10791.1 621 4 10606.1
387 0 3 0 10791.1 16 5 10404.1
215 0 3 0 10791.1 12 6 10576.1
245 0 3 0 10791.1 15 5 10546.1
529 0 2 0 10791.1 17 4 10262.1
119 0 3 0 10791.1 14 9 10672.1
538 0 3 0 10791.1 12 4 10253.1
95 0 3 0 10791.1 14 5 10696.1
789 0 2 0 10791.1 16 7 10002.1
599 0 3 0 10791.1 10 8 10192.1
414 0 3 0 10791.1 13 6 10377.1
1126 0 2 0 10791.1 14 4 9665.07
829 0 3 0 10791.1 13 6 9962.07
457 0 3 0 10791.1 15 9 10334.1
330 0 3 0 10791.1 14 6 10461.1
257 0 2 0 10791.1 15 3 10534.1
509 0 3 0 10791.1 17 14 10282.1
0 0 3 0 10791.1 16 6 10791.1
183 0 3 0 10791.1 13 3 10608.1
1605 0 2 0 10791.1 18 9 9186.07
300 0 3 0 10791.1 14 8 10491.1
68 0 3 0 10791.1 12 3 10723.1
72 0 3 0 10791.1 12 3 10719.1
581 0 2 0 10791.1 16 8 10210.1
32 0 3 0 10791.1 14 3 10759.1
199 0 2 0 10791.1 12 6 10592.1
966 0 3 0 10791.1 16 8 9825.07
100 0 3 0 10791.1 10 4 10691.1
326 0 2 0 10791.1 13 6 10465.1
243 0 3 0 10791.1 14 4 10548.1
1219 0 3 0 10791.1 422 7 9572.07
406 0 3 0 10791.1 1413 8 10385.1
1068 0 3 0 10791.1 872 13 9723.07
673 0 3 0 10791.1 1198 11 10118.1
135 0 2 0 10791.1 1489 8 10656.1
255 0 3 0 10791.1 1550 5 10536.1
400 0 3 0 10791.1 1289 3 10391.1
407 0 3 0 10791.1 1424 7 10384.1
1396 0 3 0 10791.1 1065 13 9395.07
41 0 2 0 10791.1 1242 5 10750.1
1152 0 3 0 10791.1 962 11 9639.07
848 0 3 0 10791.1 1091 6 9943.07
563 0 3 0 10791.1 982 5 10228.1
316 0 3 0 10791.1 1037 9 10475.1
568 0 2 0 10791.1 1184 4 10223.1
1114 0 3 0 10791.1 919 12 9677.07
456 0 3 0 10791.1 988 9 10335.1
69 0 3 0 10791.1 1200 6 10722.1
245 0 2 0 10791.1 1230 6 10546.1
113 0 3 0 10791.1 1252 3 10678.1
300 0 3 0 10791.1 1228 7 10491.1
42 0 3 0 10791.1 1372 4 10749.1
807 0 3 0 10791.1 937 12 9984.07
346 0 2 0 10791.1 1233 6 10445.1
835 0 3 0 10791.1 1179 9 9956.07
151 0 3 0 10791.1 1161 5 10640.1
424 0 3 0 10791.1 944 14 10367.1
1292 0 2 0 10791.1 839 9 9499.07
559 0 3 0 10791.1 1231 8 10232.1
241 0 3 0 10791.1 1260 3 10550.1
331 0 3 0 10791.1 1053 9 10460.1
412 0 3 0 10791.1 1119 11 10379.1
758 0 2 0 10791.1 1129 5 10033.1
376 0 3 0 10791.1 1353 10 10415.1
62 0 3 0 10791.1 1258 5 10729.1
634 0 2 0 10791.1 1278 8 10157.1
749 0 3 0 10791.1 1077 11 10042.1
187 0 3 0 10791.1 1203 6 10604.1
278 0 3 0 10791.1 1006 4 10513.1
798 0 2 0 10791.1 1075 9 9993.07
1387 0 3 0 10791.1 871 14 9404.07
608 0 3 0 10791.1 1248 4 10183.1
1415 0 3 0 10791.1 802 10 9376.07
105 0 3 0 10791.1 1133 3 10686.1
918 0 2 0 10791.1 1101 11 9873.07
276 0 3 0 10791.1 1307 6 10515.1
1629 0 3 0 10791.1 762 20 9162.07
986 0 3 0 10791.1 927 7 9805.07
497 0 3 0 10791.1 1009 5 10294.1
812 0 2 0 10791.1 1119 9 9979.07
143 0 3 0 10791.1 1424 4 10648.1
693 0 3 0 10791.1 1018 8 10098.1
166 0 3 0 10791.1 1051 6 10625.1
12 0 3 0 10791.1 1349 4 10779.1
1241 0 2 0 10791.1 1072 5 9550.07
457 0 3 0 10791.1 1261 8 10334.1
332 0 3 0 10791.1 1088 4 10459.1
1282 0 3 0 10791.1 811 5 9509.07
2021 0 3 0 10791.1 716 25 8770.07
2181 0 2 0 10791.1 933 19 8610.07
849 0 3 0 10791.1 1185 12 9942.07
852 0 3 0 10791.1 964 11 9939.07
119 0 3 0 10791.1 1285 7 10672.1
1049 0 3 0 10791.1 1008 11 9742.07
1395 0 2 0 10791.1 867 8 9396.07
1025 0 3 0 10791.1 1049 10 9766.07
564 0 3 0 10791.1 1074 8 10227.1
709 0 3 0 10791.1 1005 6 10082.1
858 0 3 0 10791.1 1044 7 9933.07
529 0 2 0 10791.1 1296 7 10262.1
501 0 3 0 10791.1 1357 5 10290.1
457 0 3 0 10791.1 1382 7 10334.1
399 0 3 0 10791.1 1177 11 10392.1
870 0 3 0 10791.1 1030 5 9921.07
624 0 3 0 10791.1 917 10 10167.1
252 0 2 0 10791.1 1243 4 10539.1
444 0 3 0 10791.1 1072 5 10347.1
269 0 3 0 10791.1 1131 9 10522.1
1223 0 3 0 10791.1 864 13 9568.07
258 0 3 0 10791.1 967 5 10533.1
1594 0 3 0 10791.1 744 16 9197.07
445 0 2 0 10791.1 1152 3 10346.1
536 0 3 0 10791.1 1318 6 10255.1
307 0 3 0 10791.1 1318 8 10484.1
696 0 3 0 10791.1 1170 9 10095.1
443 0 3 0 10791.1 1328 9 10348.1
886 0 2 0 10791.1 1312 9 9905.07
843 0 3 0 10791.1 1382 6 9948.07
661 0 3 0 10791.1 1018 16 10130.1
468 0 3 0 10791.1 1121 7 10323.1
254 0 3 0 10791.1 1293 6 10537.1
75 0 2 0 10791.1 1459 6 10716.1
900 0 3 0 10791.1 1227 10 9891.07
34 0 3 0 10791.1 1465 12 10757.1
289 0 3 0 10791.1 1034 6 10502.1
150 0 3 0 10791.1 1353 7 10641.1
728 0 2 0 10791.1 970 6 10063.1
324 0 3 0 10791.1 1485 5 10467.1
675 0 3 0 10791.1 1265 13 10116.1
605 0 3 0 10791.1 992 10 10186.1
466 0 3 0 10791.1 1171 5 10325.1
141 0 2 0 10791.1 1290 5 10650.1
1020 0 3 0 10791.1 984 19 9771.07
197 0 3 0 10791.1 1196 5 10594.1
928 0 3 0 10791.1 768 6 9863.07
726 0 3 0 10791.1 575 11 10065.1
76 0 2 0 10791.1 1177 5 10715.1
1557 0 3 0 10791.1 908 11 9234.07
1410 0 3 0 10791.1 930 22 9381.07
1654 0 3 0 10791.1 809 24 9137.07
462 0 3 0 10791.1 972 17 10329.1
283 0 2 0 10791.1 1059 9 10508.1
1651 0 3 0 10791.1 709 17 9140.07
1127 0 3 0 10791.1 1208 7 9664.07
916 0 3 0 10791.1 1032 10 9875.07
423 0 3 0 10791.1 1091 5 10368.1
830 0 2 0 10791.1 954 6 9961.07
145 0 3 0 10791.1 1359 9 10646.1
1513 0 3 0 10791.1 1110 15 9278.07
1252 0 3 0 10791.1 1064 14 9539.07
874 0 3 0 10791.1 1166 7 9917.07
455 0 2 0 10791.1 1241 5 10336.1
995 0 3 0 10791.1 1090 16 9796.07
167 0 3 0 10791.1 1169 4 10624.1
253 0 3 0 10791.1 1198 4 10538.1
194 0 3 0 10791.1 1322 8 10597.1
717 0 2 0 10791.1 1090 11 10074.1
896 0 3 0 10791.1 1273 13 9895.07
776 0 3 0 10791.1 1399 15 10015.1
687 0 3 0 10791.1 1287 11 10104.1
253 0 3 0 10791.1 1408 8 10538.1
595 0 3 0 10791.1 1332 9 10196.1
562 0 2 0 10791.1 1427 12 10229.1
794 0 3 0 10791.1 1425 12 9997.07
77 0 3 0 10791.1 1457 11 10714.1
865 0 3 0 10791.1 1162 8 9926.07
1853 0 3 0 10791.1 812 31 8938.07
1649 0 2 0 10791.1 904 12 9142.07
1082 0 3 0 10791.1 1007 16 9709.07
444 0 3 0 10791.1 1009 9 10347.1
842 0 3 0 10791.1 1040 8 9949.07
307 0 3 0 10791.1 1151 8 10484.1
1149 0 2 0 10791.1 964 20 9642.07
565 0 3 0 10791.1 1115 10 10226.1
283 0 3 0 10791.1 1176 7 10508.1
299 0 3 0 10791.1 1033 8 10492.1
342 0 3 0 10791.1 1121 5 10449.1
435 0 2 0 10791.1 1093 5 10356.1
332 0 3 0 10791.1 1068 7 10459.1
966 0 3 0 10791.1 1082 12 9825.07
1244 0 3 0 10791.1 735 15 9547.07
870 0 3 0 10791.1 737 19 9921.07
239 0 2 0 10791.1 993 5 10552.1
902 0 3 0 10791.1 1026 16 9889.07
385 0 3 0 10791.1 1023 5 10406.1
285 0 3 0 10791.1 1055 6 10506.1
490 0 3 0 10791.1 1154 12 10301.1
800 0 2 0 10791.1 1015 8 9991.07
451 0 3 0 10791.1 1017 6 10340.1
792 0 3 0 10791.1 927 10 9999.07
921 0 3 0 10791.1 818 5 9870.07
500 0 2 0 10791.1 1003 4 10291.1
1148 0 3 0 10791.1 999 19 9643.07
385 0 3 0 10791.1 1097 4 10406.1
828 0 3 0 10791.1 1014 10 9963.07
475 0 3 0 10791.1 1231 10 10316.1
511 0 2 0 10791.1 1281 5 10280.1
920 0 3 0 10791.1 685 17 9871.07
2553 0 3 0 10791.1 6 22 8238.07
948 0 3 0 10791.1 538 14 9843.07
887 0 2 0 10791.1 1161 21 9904.07
831 0 3 0 10791.1 1156 22 9960.07
1024 0 3 0 10791.1 747 17 9767.07
1376 0 3 0 10791.1 745 13 9415.07
836 0 2 0 10791.1 982 11 9955.07
1643 0 3 0 10791.1 832 14 9148.07
1355 0 3 0 10791.1 1058 13 9436.07
1388 0 2 0 10791.1 731 18 9403.07
935 0 3 0 10791.1 836 17 9856.07
1321 0 3 0 10791.1 790 21 9470.07
2603 0 3 0 10791.1 603 39 8188.07
2001 0 2 0 10791.1 773 26 8790.07
1029 0 3 0 10791.1 868 14 9762.07
1111 0 3 0 10791.1 974 14 9680.07
1025 0 3 0 10791.1 879 5 9766.07
240 0 3 0 10791.1 1229 7 10551.1
1051 0 2 0 10791.1 1030 8 9740.07
819 0 3 0 10791.1 1156 7 9972.07
1736 0 3 0 10791.1 906 28 9055.07
2195 0 3 0 10791.1 860 22 8596.07
1363 0 3 0 10791.1 850 21 9428.07
711 0 2 0 10791.1 1286 7 10080.1
634 0 3 0 10791.1 1325 13 10157.1
359 0 3 0 10791.1 1092 4 10432.1
1072 0 3 0 10791.1 840 6 9719.07
611 0 3 0 10791.1 945 9 10180.1
938 0 2 0 10791.1 964 17 9853.07
658 0 3 0 10791.1 1086 21 10133.1
721 0 3 0 10791.1 918 12 10070.1
489 0 3 0 10791.1 1039 7 10302.1
401 0 2 0 10791.1 1138 4 10390.1
918 0 3 0 10791.1 1018 13 9873.07
2134 0 3 0 10791.1 995 13 8657.07
2302 0 3 0 10791.1 798 32 8489.07
314 0 3 0 10791.1 1122 3 10477.1
1389 0 2 0 10791.1 1087 11 9402.07
735 0 3 0 10791.1 1213 7 10056.1
1223 0 3 0 10791.1 1067 24 9568.07
596 0 3 0 10791.1 1082 14 10195.1
686 0 3 0 10791.1 1053 10 10105.1
1052 0 2 0 10791.1 1167 12 9739.07
1351 0 3 0 10791.1 975 19 9440.07
809 0 3 0 10791.1 1110 11 9982.07
806 0 3 0 10791.1 1164 20 9985.07
965 0 2 0 10791.1 1142 10 9826.07
1291 0 3 0 10791.1 1179 19 9500.07
181 0 3 0 10791.1 1062 3 10610.1
468 0 2 0 10791.1 995 3 10323.1
898 0 3 0 10791.1 656 14 9893.07
1057 0 3 0 10791.1 699 20 9734.07
1057 0 3 0 10791.1 877 21 9734.07
1056 0 3 0 10791.1 793 12 9735.07
2190 0 2 0 10791.1 581 23 8601.07
949 0 3 0 10791.1 1000 16 9842.07
308 0 3 0 10791.1 1099 17 10483.1
581 0 3 0 10791.1 921 19 10210.1
206 0 2 0 10791.1 1204 4 10585.1
1691 0 3 0 10791.1 736 29 9100.07
492 0 3 0 10791.1 1023 18 10299.1
1194 0 3 0 10791.1 784 29 9597.07
2025 0 2 0 10791.1 674 28 8766.07
1633 0 3 0 10791.1 813 24 9158.07
245 0 3 0 10791.1 949 6 10546.1
1426 0 3 0 10791.1 730 18 9365.07
1293 0 3 0 10791.1 783 19 9498.07
1657 0 2 0 10791.1 842 14 9134.07
2813 0 3 0 10791.1 692 25 7978.07
895 0 3 0 10791.1 971 16 9896.07
947 0 2 0 10791.1 1014 12 9844.07
2643 0 3 0 10791.1 657 30 8148.07
1012 0 3 0 10791.1 776 13 9779.07
1500 0 3 0 10791.1 705 22 9291.07
1058 0 2 0 10791.1 992 23 9733.07
545 0 3 0 10791.1 1019 14 10246.1
742 0 3 0 10791.1 949 15 10049.1
1619 0 2 0 10791.1 1008 21 9172.07
1086 0 3 0 10791.1 1004 16 9705.07
685 0 3 0 10791.1 1025 10 10106.1
1145 0 3 0 10791.1 884 16 9646.07
1317 0 2 0 10791.1 851 12 9474.07
2712 0 3 0 10791.1 673 27 8079.07
1821 0 3 0 10791.1 1040 19 8970.07
556 0 3 0 10791.1 1230 12 10235.1
1328 0 3 0 10791.1 828 13 9463.07
745 0 2 0 10791.1 1280 10 10046.1
2105 0 3 0 10791.1 430 21 8686.07
2206 0 3 0 10791.1 989 18 8585.07
1254 0 3 0 10791.1 851 27 9537.07
2669 0 3 0 10791.1 572 50 8122.07
3116 0 2 0 10791.1 792 39 7675.07
1909 0 3 0 10791.1 891 30 8882.07
578 0 3 0 10791.1 1141 8 10213.1
427 0 3 0 10791.1 1226 7 10364.1
746 0 3 0 10791.1 987 9 10045.1
1955 0 2 0 10791.1 987 23 8836.07
1047 0 3 0 10791.1 1305 13 9744.07
1917 0 3 0 10791.1 976 21 8874.07
2311 0 3 0 10791.1 741 22 8480.07
4121 0 3 0 10791.1 637 44 6670.07
3126 0 2 0 10791.1 710 27 7665.07
3818 0 3 0 10791.1 549 39 6973.07
2125 0 3 0 10791.1 687 24 8666.07
307 0 3 0 10791.1 1069 11 10484.1
2476 0 3 0 10791.1 694 37 8315.07
1175 0 2 0 10791.1 1233 14 9616.07
956 0 3 0 10791.1 1086 17 9835.07
2367 0 3 0 10791.1 634 28 8424.07
1602 0 3 0 10791.1 779 25 9189.07
383 0 3 0 10791.1 701 9 10408.1
372 0 2 0 10791.1 1075 8 10419.1
935 0 3 0 10791.1 1054 16 9856.07
812 0 3 0 10791.1 1380 8 9979.07
1450 0 3 0 10791.1 952 9 9341.07
1343 0 3 0 10791.1 979 23 9448.07
828 0 2 0 10791.1 1036 9 9963.07
547 0 3 0 10791.1 784 7 10244.1
1565 0 3 0 10791.1 765 11 9226.07
1414 0 3 0 10791.1 941 16 9377.07
357 0 3 0 10791.1 1189 6 10434.1
2102 0 2 0 10791.1 748 17 8689.07
2479 0 3 0 10791.1 793 30 8312.07
2427 0 3 0 10791.1 608 18 8364.07
491 0 3 0 10791.1 1000 17 10300.1
1150 0 2 0 10791.1 945 26 9641.07
656 0 3 0 10791.1 1599 18 10135.1
1083 0 3 0 10791.1 1166 21 9708.07
1639 0 2 0 10791.1 1029 15 9152.07
2036 0 3 0 10791.1 960 24 8755.07
2296 0 3 0 10791.1 899 35 8495.07
3158 0 3 0 10791.1 732 39 7633.07
3137 0 3 0 10791.1 765 42 7654.07
3426 0 3 0 10791.1 793 38 7365.07
3043 0 2 0 10791.1 853 29 7748.07
2262 0 3 0 10791.1 1015 27 8529.07
1039 0 3 0 10791.1 929 13 9752.07
807 0 3 0 10791.1 1041 9 9984.07
2165 0 3 0 10791.1 425 25 8626.07
4353 0 2 0 10791.1 471 37 6438.07
970 0 3 0 10791.1 980 11 9821.07
1776 0 3 0 10791.1 913 18 9015.07
1853 0 3 0 10791.1 710 19 8938.07
1798 0 3 0 10791.1 773 17 8993.07
2574 0 2 0 10791.1 702 25 8217.07
1108 0 3 0 10791.1 964 17 9683.07
2734 0 3 0 10791.1 530 28 8057.07
1242 0 3 0 10791.1 834 12 9549.07
1222 0 2 0 10791.1 901 8 9569.07
1223 0 3 0 10791.1 1183 21 9568.07
1041 0 3 0 10791.1 1193 10 9750.07
1978 0 3 0 10791.1 748 29 8813.07
2009 0 3 0 10791.1 601 22 8782.07
1601 0 2 0 10791.1 836 10 9190.07
558 0 3 0 10791.1 1104 9 10233.1
1679 0 3 0 10791.1 962 11 9112.07
1980 0 3 0 10791.1 820 26 8811.07
982 0 3 0 10791.1 1022 14 9809.07
747 0 2 0 10791.1 1230 10 10044.1
1206 0 3 0 10791.1 1159 19 9585.07
395 0 3 0 10791.1 1301 6 10396.1
564 0 3 0 10791.1 1260 12 10227.1
2024 0 3 0 10791.1 752 19 8767.07
2505 0 2 0 10791.1 932 36 8286.07
1524 0 3 0 10791.1 984 11 9267.07
1733 0 3 0 10791.1 799 22 9058.07
2250 0 3 0 10791.1 754 25 8541.07
2362 0 3 0 10791.1 699 32 8429.07
1257 0 2 0 10791.1 927 16 9534.07
1609 0 3 0 10791.1 1238 24 9182.07
2917 0 3 0 10791.1 762 35 7874.07
1807 0 3 0 10791.1 961 23 8984.07
1793 0 3 0 10791.1 885 29 8998.07
2899 0 2 0 10791.1 785 30 7892.07
2462 0 3 0 10791.1 862 38 8329.07
3631 0 3 0 10791.1 567 62 7160.07
2377 0 3 0 10791.1 732 26 8414.07
437 0 3 0 10791.1 1325 8 10354.1
2177 0 2 0 10791.1 964 26 8614.07
1216 0 3 0 10791.1 908 30 9575.07
365 0 3 0 10791.1 1354 8 10426.1
2377 0 3 0 10791.1 1011 14 8414.07
3387 0 2 0 10791.1 607 24 7404.07
2331 0 3 0 10791.1 759 29 8460.07
1382 0 3 0 10791.1 1062 34 9409.07
1752 0 3 0 10791.1 950 21 9039.07
2297 0 3 0 10791.1 776 28 8494.07
1473 0 2 0 10791.1 766 25 9318.07
2281 0 3 0 10791.1 719 17 8510.07
2566 0 3 0 10791.1 624 22 8225.07
3228 0 3 0 10791.1 566 53 7563.07
2442 0 3 0 10791.1 714 20 8349.07
1410 0 2 0 10791.1 1098 18 9381.07
1532 0 3 0 10791.1 1113 23 9259.07
1608 0 3 0 10791.1 849 36 9183.07
1506 0 3 0 10791.1 971 20 9285.07
3289 0 3 0 10791.1 731 28 7502.07
1631 0 2 0 10791.1 675 21 9160.07
1504 0 3 0 10791.1 1019 16 9287.07
2622 0 3 0 10791.1 741 31 8169.07
1985 0 3 0 10791.1 886 19 8806.07
4665 0 2 0 10791.1 521 43 6126.07
3620 0 3 0 10791.1 683 68 7171.07
2201 0 3 0 10791.1 961 23 8590.07
782 0 3 0 10791.1 1161 15 10009.1
789 0 3 0 10791.1 569 13 10002.1
1042 0 2 0 10791.1 1085 19 9749.07
1977 0 3 0 10791.1 813 38 8814.07
1636 0 3 0 10791.1 693 46 9155.07
2397 0 3 0 10791.1 756 21 8394.07
1599 0 2 0 10791.1 828 44 9192.07
5449 0 3 0 10791.1 519 79 5342.07
7002 0 3 0 10791.1 457 93 3789.07
2106 0 3 0 10791.1 887 35 8685.07
2150 0 3 0 10791.1 847 43 8641.07
412 0 2 0 10791.1 1452 9 10379.1
2576 0 3 0 10791.1 921 25 8215.07
2853 0 3 0 10791.1 780 38 7938.07
3255 0 3 0 10791.1 659 33 7536.07
1749 0 2 0 10791.1 889 23 9042.07
1719 0 3 0 10791.1 989 12 9072.07
3077 0 3 0 10791.1 565 46 7714.07
3351 0 3 0 10791.1 543 35 7440.07
3406 0 3 0 10791.1 500 40 7385.07
3577 0 2 0 10791.1 556 31 7214.07
2199 0 3 0 10791.1 318 41 8592.07
3179 0 3 0 10791.1 778 30 7612.07
2747 0 3 0 10791.1 809 30 8044.07
3669 0 3 0 10791.1 567 59 7122.07
3949 0 2 0 10791.1 570 57 6842.07
2900 0 3 0 10791.1 601 64 7891.07
4434 0 3 0 10791.1 492 53 6357.07
3914 0 3 0 10791.1 543 50 6877.07
2879 0 3 0 10791.1 664 29 7912.07
3415 0 2 0 10791.1 568 37 7376.07
3624 0 3 0 10791.1 786 49 7167.07
3173 0 3 0 10791.1 686 54 7618.07
2120 0 3 0 10791.1 767 28 8671.07
1835 0 3 0 10791.1 896 32 8956.07
3945 0 2 0 10791.1 436 72 6846.07
2896 0 3 0 10791.1 772 46 7895.07
2506 0 3 0 10791.1 783 49 8285.07
1414 0 3 0 10791.1 919 17 9377.07
441 0 3 0 10791.1 1051 7 10350.1
2326 0 2 0 10791.1 683 20 8465.07
1443 0 3 0 10791.1 1121 11 9348.07
1933 0 3 0 10791.1 972 24 8858.07
2227 0 3 0 10791.1 853 32 8564.07
2729 0 3 0 10791.1 772 28 8062.07
3474 0 3 0 10791.1 702 53 7317.07
4867 0 2 0 10791.1 706 66 5924.07
3924 0 3 0 10791.1 658 35 6867.07
1865 0 3 0 10791.1 819 21 8926.07
355 0 3 0 10791.1 1236 4 10436.1
1839 0 2 0 10791.1 1229 26 8952.07
2067 0 3 0 10791.1 855 32 8724.07
2179 0 3 0 10791.1 859 31 8612.07
2296 0 3 0 10791.1 811 29 8495.07
3017 0 2 0 10791.1 671 28 7774.07
3078 0 3 0 10791.1 720 44 7713.07
694 0 3 0 10791.1 1145 26 10097.1
1580 0 3 0 10791.1 671 42 9211.07
2450 0 3 0 10791.1 554 22 8341.07
3122 0 3 0 10791.1 387 44 7669.07
2517 0 2 0 10791.1 786 38 8274.07
2552 0 3 0 10791.1 949 38 8239.07
3260 0 3 0 10791.1 756 49 7531.07
2639 0 3 0 10791.1 819 41 8152.07
2368 0 3 0 10791.1 982 39 8423.07
2035 0 3 0 10791.1 939 36 8756.07
2747 0 2 0 10791.1 958 38 8044.07
1845 0 3 0 10791.1 1063 19 8946.07
2698 0 3 0 10791.1 579 50 8093.07
4116 0 3 0 10791.1 566 32 6675.07
4421 0 3 0 10791.1 541 56 6370.07
3509 0 2 0 10791.1 693 28 7282.07
3916 0 3 0 10791.1 663 42 6875.07
4878 0 3 0 10791.1 452 63 5913.07
6831 0 3 0 10791.1 398 98 3960.07
4748 0 3 0 10791.1 535 65 6043.07
4839 0 2 0 10791.1 661 45 5952.07
1448 0 3 0 10791.1 1175 29 9343.07
2014 0 3 0 10791.1 791 27 8777.07
3613 0 3 0 10791.1 713 56 7178.07
4044 0 3 0 10791.1 581 64 6747.07
6422 0 2 0 10791.1 523 67 4369.07
7498 0 3 0 10791.1 443 85 3293.07
6338 0 3 0 10791.1 438 71 4453.07
6253 0 3 0 10791.1 553 83 4538.07
4296 0 2 0 10791.1 540 49 6495.07
3172 0 3 0 10791.1 724 63 7619.07
2002 0 3 0 10791.1 892 37 8789.07
3444 0 3 0 10791.1 681 55 7347.07
2083 0 3 0 10791.1 947 28 8708.07
3877 0 3 0 10791.1 618 78 6914.07
5568 0 2 0 10791.1 489 89 5223.07
4677 0 3 0 10791.1 602 78 6114.07
5484 0 3 0 10791.1 501 71 5307.07
3067 0 3 0 10791.1 641 44 7724.07
3849 0 3 0 10791.1 627 63 6942.07
6277 0 2 0 10791.1 564 68 4514.07
5049 0 3 0 10791.1 581 73 5742.07
5087 0 3 0 10791.1 527 59 5704.07
5762 0 3 0 10791.1 489 69 5029.07
4015 0 3 0 10791.1 581 54 6776.07
4073 0 3 0 10791.1 516 59 6718.07
2724 0 2 0 10791.1 792 40 8067.07
4174 0 3 0 10791.1 670 75 6617.07
6088 0 3 0 10791.1 547 97 4703.07
6880 0 3 0 10791.1 463 92 3911.07
6283 0 2 0 10791.1 359 74 4508.07
6212 0 3 0 10791.1 593 90 4579.07
2753 0 3 0 10791.1 918 37 8038.07
2615 0 3 0 10791.1 692 40 8176.07
3879 0 3 0 10791.1 478 57 6912.07
6450 0 3 0 10791.1 354 105 4341.07
8012 0 2 0 10791.1 409 94 2779.07
6098 0 3 0 10791.1 496 74 4693.07
6999 0 3 0 10791.1 403 109 3792.07
5312 0 3 0 10791.1 538 49 5479.07
2639 0 3 0 10791.1 781 40 8152.07
5724 0 2 0 10791.1 623 71 5067.07
5265 0 3 0 10791.1 645 68 5526.07
4813 0 3 0 10791.1 590 70 5978.07
5844 0 3 0 10791.1 556 59 4947.07
5107 0 3 0 10791.1 543 75 5684.07
6710 0 2 0 10791.1 481 97 4081.07
7079 0 3 0 10791.1 499 101 3712.07
5609 0 3 0 10791.1 527 71 5182.07
4103 0 3 0 10791.1 578 48 6688.07
5005 0 2 0 10791.1 501 67 5786.07
7380 0 3 0 10791.1 378 113 3411.07
8584 0 3 0 10791.1 372 111 2207.07
6244 0 3 0 10791.1 423 90 4547.07
5651 0 2 0 10791.1 532 62 5140.07
5984 0 3 0 10791.1 523 96 4807.07
5799 0 3 0 10791.1 556 83 4992.07
7993 0 3 0 10791.1 392 139 2798.07
7485 0 3 0 10791.1 405 92 3306.07
5732 0 2 0 10791.1 507 84 5059.07
4505 0 3 0 10791.1 570 56 6286.07
3300 0 3 0 10791.1 525 28 7491.07
5583 0 3 0 10791.1 480 52 5208.07
5418 0 3 0 10791.1 578 78 5373.07
2224 0 2 0 10791.1 932 26 8567.07
7162 0 3 0 10791.1 475 88 3629.07
7873 0 3 0 10791.1 410 99 2918.07
6476 0 3 0 10791.1 449 87 4315.07
5993 0 3 0 10791.1 464 58 4798.07
8131 0 2 0 10791.1 456 95 2660.07
8349 0 3 0 10791.1 428 150 2442.07
8661 0 4 0 10791.1 220 126 2130.07
8286 0 2 0 10791.1 428 70 2505.07
9909 0 0 0 10791.1 684 132 882.067
4858 0 0 0 10791.1 809 41 5933.07
3145 0 0 0 10791.1 1264 39 7646.07
638 0 0 0 10791.1 2404 12 10153.1
0 0 0 0 10791.1 2699 0 10791.1
0 0 0 0 10791.1 2637 0 10791.1
0 0 0 0 10791.1 2475 0 10791.1
0 0 0 0 10791.1 2443 0 10791.1
0 0 0 0 10791.1 2313 0 10791.1
0 0 0 0 10791.1 2215 0 10791.1
0 0 0 0 10791.1 2320 0 10791.1
0 0 0 0 10791.1 2418 0 10791.1
0 0 0 0 10791.1 2350 0 10791.1
69 0 2 0 10791.1 1666 1 10722.1
5084 0 2 0 10791.1 640 56 5707.07
6478 0 3 0 10791.1 530 64 4313.07
9819 0 3 0 10791.1 385 129 972.067
8295 0 3 0 10791.1 378 92 2496.07
6889 0 3 0 10791.1 274 91 3902.07
9841 0 2 0 10791.1 370 114 950.067
9992 0 3 0 10791.1 398 139 799.067
8544 0 3 0 10791.1 447 115 2247.07
7681 0 3 0 10791.1 448 89 3110.07
8758 0 3 0 10791.1 431 124 2033.07
9526 0 3 0 10791.1 332 122 1265.07
8669 0 3 0 10791.1 368 88 2122.07
7450 0 2 0 10791.1 390 102 3341.07
7492 0 3 0 10791.1 488 88 3299.07
8598 0 3 0 10791.1 445 120 2193.07
5743 0 2 0 10791.1 260 52 5048.07
7837 0 3 0 10791.1 311 103 2954.07
9873 0 2 0 10791.1 397 109 918.067
9262 0 3 0 10791.1 402 107 1529.07
9355 0 3 0 10791.1 493 116 1436.07
7926 0 3 0 10791.1 365 115 2865.07
8039 0 3 0 10791.1 405 103 2752.07
9843 0 3 0 10791.1 396 111 948.067
5741 0 2 0 10791.1 367 69 5050.07
8972 0 3 0 10791.1 415 121 1819.07
8323 0 3 0 10791.1 384 84 2468.07
9289 0 3 0 10791.1 265 110 1502.07
7860 0 4 0 10791.1 352 99 2931.07
8371 0 2 0 10791.1 383 104 2420.07
9176 0 3 0 10791.1 339 107 1615.07
8847 0 3 0 10791.1 319 122 1944.07
9433 0 2 0 10791.1 375 93 1358.07
8771 0 5 0 10791.1 349 104 2020.07
9252 0 2 0 10791.1 492 93 1539.07
9082 0 3 0 10791.1 393 89 1709.07
7703 0 3 0 10791.1 410 95 3088.07
7855 0 3 0 10791.1 503 81 2936.07
6774 0 2 0 10791.1 527 73 4017.07
9078 0 3 0 10791.1 422 109 1713.07
8170 0 2 0 10791.1 404 122 2621.07
8488 0 3 0 10791.1 414 117 2303.07
7426 0 3 0 10791.1 308 72 3365.07
8536 0 3 0 10791.1 391 178 2255.07
7342 0 3 0 10791.1 274 81 3449.07
9640 0 2 0 10791.1 396 126 1151.07
8703 0 2 0 10791.1 363 97 2088.07
10048 0 2 0 10791.1 396 130 743.067
9817 0 3 0 10791.1 379 127 974.067
6900 0 3 0 10791.1 374 90 3891.07
5840 0 8 0 10791.1 8 84 4951.07
8274 0 3 0 10791.1 352 136 2517.07
9720 0 3 0 10791.1 327 121 1071.07
7048 0 2 0 10791.1 331 89 3743.07
9545 0 4 0 10791.1 371 117 1246.07
9383 0 3 0 10791.1 314 135 1408.07
8354 0 3 0 10791.1 261 106 2437.07
7570 0 5 0 10791.1 276 124 3221.07
10643 0 3 0 10791.1 330 111 148.067
9393 0 3 0 10791.1 313 126 1398.07
10088 0 3 0 10791.1 330 103 703.067
8563 0 2 0 10791.1 458 78 2228.07
10119 0 3 0 10791.1 363 153 672.067
8343 0 3 0 10791.1 332 105 2448.07
9798 0 3 0 10791.1 342 124 993.067
9865 0 2 0 10791.1 376 115 926.067
10295 0 4 0 10791.1 245 121 496.067
10321 0 5 0 10791.1 206 130 470.067
11158 0 4 0 10791.1 289 115 -366.933
8870 0 3 0 10791.1 204 88 1921.07
10361 0 4 0 10791.1 294 136 430.067
10143 0 3 0 10791.1 336 113 648.067
8207 0 2 0 10791.1 468 94 2584.07
9516 0 4 0 10791.1 301 133 1275.07
8076 0 2 0 10791.1 330 77 2715.07
8773 0 3 0 10791.1 308 126 2018.07
9664 0 2 0 10791.1 470 111 1127.07
9691 0 3 0 10791.1 290 79 1100.07
8572 0 2 0 10791.1 339 119 2219.07
10404 0 4 0 10791.1 258 130 387.067
7528 0 4 0 10791.1 432 76 3263.07
6914 0 3 0 10791.1 440 63 3877.07
7710 0 5 0 10791.1 162 71 3081.07
9882 0 4 0 10791.1 328 161 909.067
8030 0 4 0 10791.1 220 114 2761.07
7929 0 3 0 10791.1 330 114 2862.07
8591 0 3 0 10791.1 302 92 2200.07
9906 0 3 0 10791.1 402 111 885.067
10324 0 3 0 10791.1 316 148 467.067
10371 0 4 0 10791.1 302 162 420.067
10888 0 3 0 10791.1 367 151 -96.9333
10985 0 4 0 10791.1 284 139 -193.933
8732 0 3 0 10791.1 278 81 2059.07
8824 0 4 0 10791.1 220 95 1967.07
10203 0 4 0 10791.1 264 132 588.067
5490 0 3 0 10791.1 411 61 5301.07
8747 0 3 0 10791.1 393 119 2044.07
10558 0 3 0 10791.1 367 154 233.067
7625 0 3 0 10791.1 394 91 3166.07
9841 0 3 0 10791.1 278 129 950.067
8577 0 3 0 10791.1 424 111 2214.07
8270 0 4 0 10791.1 316 109 2521.07
10216 0 4 0 10791.1 252 158 575.067
9392 0 4 0 10791.1 224 87 1399.07
9670 0 2 0 10791.1 357 134 1121.07
8990 0 4 0 10791.1 210 99 1801.07
9734 0 3 0 10791.1 351 137 1057.07
8870 0 3 0 10791.1 381 119 1921.07
7218 0 3 0 10791.1 327 100 3573.07
11422 0 2 0 10791.1 449 131 -630.933
10289 0 3 0 10791.1 264 114 502.067
9296 0 3 0 10791.1 355 122 1495.07
7349 0 4 0 10791.1 219 84 3442.07
9207 0 4 0 10791.1 205 125 1584.07
8638 0 4 0 10791.1 281 112 2153.07
9910 0 3 0 10791.1 301 104 881.067
9802 0 3 0 10791.1 295 124 989.067
9644 0 5 0 10791.1 175 134 1147.07
9971 0 3 0 10791.1 317 123 820.067
8852 0 6 0 10791.1 75 92 1939.07
8494 0 3 0 10791.1 434 118 2297.07
8890 0 3 0 10791.1 326 125 1901.07
9651 0 4 0 10791.1 424 128 1140.07
9172 0 4 0 10791.1 242 120 1619.07
7719 0 3 0 10791.1 276 149 3072.07
9649 0 4 0 10791.1 238 131 1142.07
7918 0 3 0 10791.1 243 81 2873.07
9710 0 4 0 10791.1 241 129 1081.07
11308 0 2 0 10791.1 431 154 -516.933
10253 0 3 0 10791.1 335 94 538.067
8075 0 4 0 10791.1 267 92 2716.07
10052 0 3 0 10791.1 367 118 739.067
5714 0 3 0 10791.1 290 53 5077.07
6535 0 5 0 10791.1 324 98 4256.07
10366 0 3 0 10791.1 378 122 425.067
10430 0 3 0 10791.1 315 121 361.067
7762 0 4 0 10791.1 352 100 3029.07
9573 0 4 0 10791.1 244 166 1218.07
9462 0 2 0 10791.1 382 134 1329.07
9119 0 4 0 10791.1 223 137 1672.07
9656 0 5 0 10791.1 183 107 1135.07
9683 0 2 0 10791.1 340 155 1108.07
10678 0 4 0 10791.1 276 118 113.067
10530 0 3 0 10791.1 316 144 261.067
9608 0 4 0 10791.1 247 115 1183.07
9199 0 3 0 10791.1 319 128 1592.07
9351 0 3 0 10791.1 330 113 1440.07
7556 0 7 0 10791.1 7 98 3235.07
6586 0 8 0 10791.1 7 104 4205.07
9963 0 3 0 10791.1 326 136 828.067
7409 0 7 0 10791.1 9 92 3382.07
8227 0 7 0 10791.1 7 85 2564.07
9756 0 5 0 10791.1 265 157 1035.07
9861 0 4 0 10791.1 233 104 930.067
8746 0 4 0 10791.1 322 98 2045.07
7715 0 2 0 10791.1 405 105 3076.07
10000 0 2 0 10791.1 366 99 791.067
9066 0 3 0 10791.1 361 94 1725.07
9657 0 2 0 10791.1 385 110 1134.07
9085 0 3 0 10791.1 309 112 1706.07
10033 0 5 0 10791.1 252 145 758.067
8515 0 4 0 10791.1 148 112 2276.07
10461 0 3 0 10791.1 347 135 330.067
8991 0 3 0 10791.1 250 127 1800.07
10533 0 3 0 10791.1 375 169 258.067
10578 0 3 0 10791.1 385 117 213.067
10613 0 5 0 10791.1 333 129 178.067
10277 0 2 0 10791.1 384 87 514.067
9625 0 4 0 10791.1 262 153 1166.07
8691 0 4 0 10791.1 361 102 2100.07
10597 0 3 0 10791.1 280 152 194.067
9139 0 4 0 10791.1 287 122 1652.07
9568 0 4 0 10791.1 247 163 1223.07
10046 0 3 0 10791.1 275 113 745.067
9628 0 3 0 10791.1 356 142 1163.07
9816 0 3 0 10791.1 322 171 975.067
9368 0 3 0 10791.1 275 99 1423.07
9643 0 4 0 10791.1 258 139 1148.07
8877 0 3 0 10791.1 282 140 1914.07
7821 0 3 0 10791.1 406 91 2970.07
8863 0 2 0 10791.1 364 96 1928.07
10620 0 4 0 10791.1 241 129 171.067
9823 0 3 0 10791.1 380 141 968.067
7094 0 3 0 10791.1 429 88 3697.07
9771 0 3 0 10791.1 396 127 1020.07
9984 0 2 0 10791.1 445 98 807.067
10059 0 3 0 10791.1 427 133 732.067
10499 0 2 0 10791.1 383 150 292.067
9640 0 4 0 10791.1 246 92 1151.07
9626 0 4 0 10791.1 210 129 1165.07
6316 0 2 0 10791.1 538 93 4475.07
8566 0 4 0 10791.1 204 124 2225.07
8526 0 3 0 10791.1 322 123 2265.07
10393 0 3 0 10791.1 313 127 398.067
9689 0 4 0 10791.1 245 140 1102.07
9932 0 3 0 10791.1 300 122 859.067
9012 0 4 0 10791.1 225 126 1779.07
9141 0 3 0 10791.1 381 116 1650.07
9637 0 4 0 10791.1 242 127 1154.07
8382 0 4 0 10791.1 255 134 2409.07
9889 0 3 0 10791.1 313 117 902.067
9827 0 2 0 10791.1 334 121 964.067
8654 0 3 0 10791.1 324 156 2137.07
8361 0 3 0 10791.1 237 100 2430.07
7583 0 6 0 10791.1 141 92 3208.07
9357 0 5 0 10791.1 155 147 1434.07
10231 0 4 0 10791.1 279 126 560.067
9741 0 4 0 10791.1 232 105 1050.07
9862 0 4 0 10791.1 242 141 929.067
10422 0 2 0 10791.1 324 110 369.067
8243 0 3 0 10791.1 415 144 2548.07
9235 0 4 0 10791.1 197 103 1556.07
7700 0 3 0 10791.1 325 118 3091.07
9416 0 6 0 10791.1 122 109 1375.07
9090 0 4 0 10791.1 195 118 1701.07
7154 0 8 0 10791.1 8 74 3637.07
8278 0 7 0 10791.1 7 89 2513.07
9858 0 4 0 10791.1 271 94 933.067
6534 0 7 0 10791.1 8 69 4257.07
5118 0 7 0 10791.1 221 50 5673.07
8164 0 4 0 10791.1 223 84 2627.07
7914 0 4 0 10791.1 303 111 2877.07
8128 0 5 0 10791.1 202 133 2663.07
8328 0 5 0 10791.1 152 101 2463.07
9394 0 3 0 10791.1 311 132 1397.07
9951 0 2 0 10791.1 369 132 840.067
8367 0 6 0 10791.1 107 93 2424.07
9564 0 2 0 10791.1 347 102 1227.07
10271 0 3 0 10791.1 302 143 520.067
9995 0 4 0 10791.1 239 117 796.067
10018 0 3 0 10791.1 281 108 773.067
8276 0 5 0 10791.1 202 118 2515.07
9961 0 3 0 10791.1 297 142 830.067
8070 0 2 0 10791.1 337 111 2721.07
9514 0 3 0 10791.1 277 77 1277.07
8951 0 4 0 10791.1 308 95 1840.07
9891 0 2 0 10791.1 360 115 900.067
10051 0 2 0 10791.1 323 100 740.067
9962 0 3 0 10791.1 339 150 829.067
10071 0 2 0 10791.1 320 117 720.067
9200 0 5 0 10791.1 214 126 1591.07
8668 0 5 0 10791.1 133 99 2123.07
6805 0 6 0 10791.1 66 127 3986.07
8870 0 5 0 10791.1 279 120 1921.07
7760 0 5 0 10791.1 179 120 3031.07
8337 0 6 0 10791.1 106 96 2454.07
6556 0 7 0 10791.1 8 95 4235.07
8577 0 6 0 10791.1 144 128 2214.07
9454 0 4 0 10791.1 243 134 1337.07
9065 0 4 0 10791.1 217 75 1726.07
7157 0 6 0 10791.1 99 115 3634.07
8336 0 6 0 10791.1 99 126 2455.07
10695 0 4 0 10791.1 297 122 96.0667
10461 0 5 0 10791.1 190 121 330.067
9405 0 4 0 10791.1 230 99 1386.07
7387 0 7 0 10791.1 7 90 3404.07
9009 0 6 0 10791.1 143 118 1782.07
7805 0 3 0 10791.1 325 76 2986.07
10392 0 2 0 10791.1 385 136 399.067
10360 0 3 0 10791.1 317 101 431.067
10804 0 3 0 10791.1 339 81 -12.9333
10905 0 3 0 10791.1 334 72 -113.933
8957 0 3 0 10791.1 342 46 1834.07
10553 0 3 0 10791.1 322 55 238.067
8260 0 3 0 10791.1 268 39 2531.07
11354 0 2 0 10791.1 352 47 -562.933
8375 0 3 0 10791.1 337 29 2416.07
10702 0 3 0 10791.1 350 54 89.0667
8682 0 3 0 10791.1 368 36 2109.07
10228 0 3 0 10791.1 292 38 563.067
8366 0 2 0 10791.1 344 24 2425.07
8195 0 3 0 10791.1 284 41 2596.07
9377 0 4 0 10791.1 303 41 1414.07
9573 0 2 0 10791.1 335 33 1218.07
10388 0 3 0 10791.1 316 24 403.067
9893 0 3 0 10791.1 280 50 898.067
10248 0 3 0 10791.1 308 41 543.067
11067 0 3 0 10791.1 327 34 -275.933
10087 0 3 0 10791.1 283 44 704.067
11278 0 3 0 10791.1 346 37 -486.933
8134 0 3 0 10791.1 223 27 2657.07
10409 0 3 0 10791.1 322 53 382.067
10413 0 3 0 10791.1 320 64 378.067
9485 0 3 0 10791.1 273 49 1306.07
10538 0 3 0 10791.1 317 40 253.067
10737 0 3 0 10791.1 325 35 54.0667
10307 0 2 0 10791.1 343 33 484.067
10059 0 3 0 10791.1 316 45 732.067
10206 0 3 0 10791.1 413 25 585.067
10601 0 3 0 10791.1 299 49 190.067
9410 0 3 0 10791.1 271 58 1381.07
9272 0 3 0 10791.1 291 28 1519.07
10064 0 3 0 10791.1 327 34 727.067
11314 0 2 0 10791.1 427 43 -522.933
10507 0 3 0 10791.1 304 56 284.067
9862 0 3 0 10791.1 290 39 929.067
9996 0 3 0 10791.1 302 45 795.067
10631 0 3 0 10791.1 317 55 160.067
10268 0 3 0 10791.1 307 43 523.067
10474 0 3 0 10791.1 314 44 317.067
5150 0 2 0 10791.1 187 20 5641.07
10650 0 4 0 10791.1 327 41 141.067
10513 0 2 0 10791.1 306 32 278.067
8412 0 4 0 10791.1 336 46 2379.07
9932 0 3 0 10791.1 340 54 859.067
10251 0 3 0 10791.1 304 56 540.067
7910 0 3 0 10791.1 303 32 2881.07
10207 0 3 0 10791.1 311 46 584.067
9067 0 3 0 10791.1 245 30 1724.07
11079 0 3 0 10791.1 352 48 -287.933
10082 0 2 0 10791.1 306 46 709.067
9565 0 4 0 10791.1 294 56 1226.07
9957 0 3 0 10791.1 308 56 834.067
10123 0 3 0 10791.1 296 44 668.067
7414 0 1 1 10791.1 242 26 0
9903 0 0 0 10791.1 513 62 0
10242 0 0 0 10791.1 536 67 0
11423 0 0 0 10791.1 597 68 0
10177 0 0 0 10791.1 527 87 0
9740 0 0 0 10791.1 512 109 0
10025 0 0 0 10791.1 527 94 0
10564 0 0 0 10791.1 551 117 0
10048 0 0 0 10791.1 525 77 0
10439 0 0 0 10791.1 563 96 0
9538 0 0 0 10791.1 521 89 0
9996 0 0 0 10791.1 633 127 0
9682 0 0 0 10791.1 543 127 0
10443 0 0 0 10791.1 583 100 0
10281 0 0 0 10791.1 533 107 0
10347 0 0 0 10791.1 539 160 0
10274 0 0 0 10791.1 533 93 0
9041 0 0 0 10791.1 493 117 0
10353 0 0 0 10791.1 556 131 0
10599 0 0 0 10791.1 546 125 0
10204 0 0 0 10791.1 525 94 0
9878 0 0 0 10791.1 516 127 0
10169 0 0 0 10791.1 521 142 0
10318 0 0 0 10791.1 528 143 0
9601 0 0 0 10791.1 542 157 0
10545 0 0 0 10791.1 547 146 0
10317 0 0 0 10791.1 535 147 0
9982 0 0 0 10791.1 514 144 0
9260 0 0 0 10791.1 475 97 0
11092 0 0 0 10791.1 577 167 0
9084 0 0 0 10791.1 530 140 0
11773 0 0 0 10791.1 617 146 0
10649 0 0 0 10791.1 559 142 0
11344 0 0 0 10791.1 591 146 0
11719 0 0 0 10791.1 616 178 0
11995 0 0 0 10791.1 631 158 0
6832 0 0 0 10791.1 349 102 0
11159 0 0 0 10791.1 587 167 0
11092 0 0 0 10791.1 582 149 0
11269 0 0 0 10791.1 605 185 0
10439 0 0 0 10791.1 548 148 0
10496 0 0 0 10791.1 559 134 0
10279 0 0 0 10791.1 538 134 0
10354 0 0 0 10791.1 542 148 0
11102 0 0 0 10791.1 587 151 0
9936 0 0 0 10791.1 516 142 0
9966 0 0 0 10791.1 525 122 0
10375 0 0 0 10791.1 531 87 0
10269 0 0 0 10791.1 531 154 0
10315 0 0 0 10791.1 535 148 0
10383 0 0 0 10791.1 536 169 0
9968 0 0 0 10791.1 567 168 0
10169 0 0 0 10791.1 524 153 0
10556 0 0 0 10791.1 544 130 0
10637 0 0 0 10791.1 556 178 0
9832 0 0 0 10791.1 504 143 0
9672 0 0 0 10791.1 497 129 0
9024 0 0 0 10791.1 491 135 0
9840 0 0 0 10791.1 515 140 0
10210 0 0 0 10791.1 530 129 0
9396 0 0 0 10791.1 483 149 0
10089 0 0 0 10791.1 523 117 0
9967 0 0 0 10791.1 521 179 0
11283 0 0 0 10791.1 627 186 0
8278 0 0 0 10791.1 428 115 0
9447 0 0 0 10791.1 494 155 0
10061 0 0 0 10791.1 530 140 0
10239 0 0 0 10791.1 534 136 0
9807 0 0 0 10791.1 507 174 0
10023 0 0 0 10791.1 529 129 0
9957 0 0 0 10791.1 512 163 0
10409 0 0 0 10791.1 540 148 0
10278 0 0 0 10791.1 540 142 0
11684 0 0 0 10791.1 622 183 0
11579 0 0 0 10791.1 617 113 0
11626 0 0 0 10791.1 619 198 0
11703 0 0 0 10791.1 636 125 0
11343 0 0 0 10791.1 619 156 0
12125 0 0 0 10791.1 651 162 0
12514 0 0 0 10791.1 691 162 0
12265 0 0 0 10791.1 651 206 0
11999 0 0 0 10791.1 643 146 0
11919 0 0 0 10791.1 631 159 0
11635 0 0 0 10791.1 640 137 0
10587 0 0 0 10791.1 741 125 0
12133 0 0 0 10791.1 647 141 0
12001 0 0 0 10791.1 634 163 0
12296 0 0 0 10791.1 658 173 0
11560 0 0 0 10791.1 613 178 0
11623 0 0 0 10791.1 643 176 0
11617 0 0 0 10791.1 625 182 0
12865 0 0 0 10791.1 690 155 0
11744 0 0 0 10791.1 622 150 0
9249 0 0 0 10791.1 494 137 0
11751 0 0 0 10791.1 641 178 0
12702 0 0 0 10791.1 682 163 0
11841 0 0 0 10791.1 634 152 0
11352 0 0 0 10791.1 609 175 0
12110 0 0 0 10791.1 656 188 0
12099 0 0 0 10791.1 673 162 0
11252 0 0 0 10791.1 596 155 0
12019 0 0 0 10791.1 641 113 0
12107 0 0 0 10791.1 642 169 0
11878 0 0 0 10791.1 626 148 0
11630 0 0 0 10791.1 614 154 0
11509 0 0 0 10791.1 608 157 0
8687 0 0 0 10791.1 499 101 0
12186 0 0 0 10791.1 651 174 0
11978 0 0 0 10791.1 630 138 0
12152 0 0 0 10791.1 664 149 0
12248 0 0 0 10791.1 654 208 0
12501 0 0 0 10791.1 673 155 0
11336 0 0 0 10791.1 603 160 0
11726 0 0 0 10791.1 652 173 0
12467 0 0 0 10791.1 682 165 0
12322 0 0 0 10791.1 658 169 0
12015 0 0 0 10791.1 645 153 0
11733 0 0 0 10791.1 624 164 0
11785 0 0 0 10791.1 665 160 0
11651 0 0 0 10791.1 624 181 0
11676 0 0 0 10791.1 655 112 0
12204 0 0 0 10791.1 656 167 0
12247 0 0 0 10791.1 656 161 0
11761 0 0 0 10791.1 655 140 0
10383 0 0 0 10791.1 553 123 0
11863 0 0 0 10791.1 625 172 0
11553 0 0 0 10791.1 618 160 0
11456 0 0 0 10791.1 645 137 0
11339 0 0 0 10791.1 639 106 0
9624 0 0 0 10791.1 761 102 0
10154 0 0 0 10791.1 750 135 0
11731 0 0 0 10791.1 665 129 0
11746 0 0 0 10791.1 627 141 0
11664 0 0 0 10791.1 626 150 0
11205 0 0 0 10791.1 594 191 0
11613 0 0 0 10791.1 618 134 0
11554 0 0 0 10791.1 618 134 0
8001 0 0 0 10791.1 477 111 0
12430 0 0 0 10791.1 664 161 0
12457 0 0 0 10791.1 668 130 0
12418 0 0 0 10791.1 671 156 0
11549 0 0 0 10791.1 622 170 0
12276 0 0 0 10791.1 664 158 0
12293 0 0 0 10791.1 667 154 0
12293 0 0 0 10791.1 660 159 0
11758 0 0 0 10791.1 625 160 0
11959 0 0 0 10791.1 644 122 0
12260 0 0 0 10791.1 645 185 0
10546 0 0 0 10791.1 600 130 0
11892 0 0 0 10791.1 641 131 0
12458 0 0 0 10791.1 679 130 0
11933 0 0 0 10791.1 640 159 0
11315 0 0 0 10791.1 609 166 0
11654 0 0 0 10791.1 663 181 0
12094 0 0 0 10791.1 648 150 0
12429 0 0 0 10791.1 670 211 0
11132 0 0 0 10791.1 591 106 0
11155 0 0 0 10791.1 589 161 0
11338 0 0 0 10791.1 645 165 0
11822 0 0 0 10791.1 633 179 0
11323 0 0 0 10791.1 599 187 0
11390 0 0 0 10791.1 605 159 0
11839 0 0 0 10791.1 626 140 0
11716 0 0 0 10791.1 644 176 0
8920 0 0 0 10791.1 589 116 0
9146 0 0 0 10791.1 522 125 0
11651 0 0 0 10791.1 630 152 0
12644 0 0 0 10791.1 672 198 0
11720 0 0 0 10791.1 622 151 0
11887 0 0 0 10791.1 629 137 0
11453 0 0 0 10791.1 611 166 0
11379 0 0 0 10791.1 602 153 0
11617 0 0 0 10791.1 617 159 0
11793 0 0 0 10791.1 625 147 0
12310 0 0 0 10791.1 677 153 0
12133 0 0 0 10791.1 647 153 0
11859 0 0 0 10791.1 638 150 0
11615 0 0 0 10791.1 620 124 0
11159 0 0 0 10791.1 599 174 0
11890 0 0 0 10791.1 648 143 0
11646 0 0 0 10791.1 622 118 0
11304 0 0 0 10791.1 600 126 0
12072 0 0 0 10791.1 642 139 0
11877 0 0 0 10791.1 659 165 0
12034 0 0 0 10791.1 647 205 0
11597 0 0 0 10791.1 614 123 0
12203 0 0 0 10791.1 650 167 0
10222 0 0 0 10791.1 537 136 0
9768 0 0 0 10791.1 522 132 0
10177 0 0 0 10791.1 551 121 0
10495 0 0 0 10791.1 546 124 0
10656 0 0 0 10791.1 555 150 0
9988 0 0 0 10791.1 574 163 0
9399 0 0 0 10791.1 567 124 0
9338 0 0 0 10791.1 544 149 0
11056 0 0 0 10791.1 578 134 0
10614 0 0 0 10791.1 547 155 0
10078 0 0 0 10791.1 517 164 0
10440 0 0 0 10791.1 531 163 0
10623 0 0 0 10791.1 548 139 0
10452 0 0 0 10791.1 535 114 0
10265 0 0 0 10791.1 532 152 0
11293 0 0 0 10791.1 590 134 0
11829 0 0 0 10791.1 611 167 0
10434 0 0 0 10791.1 534 106 0
10583 0 0 0 10791.1 570 170 0
9923 0 0 0 10791.1 510 106 0
10601 0 0 0 10791.1 551 142 0
9205 0 0 0 10791.1 474 124 0
11388 0 0 0 10791.1 597 100 0
10702 0 0 0 10791.1 560 148 0
10418 0 0 0 10791.1 543 147 0
10767 0 0 0 10791.1 557 156 0
9828 0 0 0 10791.1 514 133 0
10688 0 0 0 10791.1 548 119 0
7973 0 0 0 10791.1 442 85 0
9674 0 0 0 10791.1 509 127 0
9472 0 0 0 10791.1 481 140 0
10487 0 0 0 10791.1 544 131 0
11062 0 0 0 10791.1 570 132 0
10371 0 0 0 10791.1 544 100 0
10086 0 0 0 10791.1 524 143 0
9612 0 0 0 10791.1 521 144 0
10776 0 0 0 10791.1 131 157 0
10311 0 0 0 10791.1 19 120 0
9922 0 0 0 10791.1 0 144 0
10471 0 0 0 10791.1 83 153 0
10545 0 0 0 10791.1 580 128 0
9794 0 0 0 10791.1 513 139 0
9871 0 0 0 10791.1 519 133 0
10295 0 0 0 10791.1 540 132 0
10356 0 0 0 10791.1 539 116 0
9876 0 0 0 10791.1 515 134 0
9178 0 0 0 10791.1 618 116 0
9809 0 0 0 10791.1 570 133 0
11054 0 0 0 10791.1 585 138 0
11255 0 0 0 10791.1 591 144 0
10983 0 0 0 10791.1 574 147 0
10213 0 0 0 10791.1 530 132 0
10722 0 0 0 10791.1 557 175 0
10633 0 0 0 10791.1 543 125 0
10108 0 0 0 10791.1 521 91 0
10013 0 0 0 10791.1 513 148 0
10577 0 0 0 10791.1 554 120 0
9746 0 0 0 10791.1 508 100 0
9976 0 0 0 10791.1 525 156 0
9930 0 0 0 10791.1 1142 151 0
10158 0 0 0 10791.1 531 104 0
10177 0 0 0 10791.1 526 152 0
10280 0 0 0 10791.1 551 112 0
7781 0 0 0 10791.1 914 120 0
10608 0 0 0 10791.1 549 155 0
8512 0 0 0 10791.1 449 96 0
8680 0 0 0 10791.1 540 129 0
10724 0 0 0 10791.1 562 111 0
10771 0 0 0 10791.1 576 129 0
10276 0 0 0 10791.1 583 115 0
8001 0 0 0 10791.1 459 119 0
10424 0 0 0 10791.1 546 166 0
10092 0 0 0 10791.1 527 142 0
9874 0 0 0 10791.1 514 137 0
9794 0 0 0 10791.1 516 122 0
9528 0 0 0 10791.1 544 155 0
10410 0 0 0 10791.1 545 156 0
10226 0 0 0 10791.1 536 126 0
10266 0 0 0 10791.1 541 125 0
10360 0 0 0 10791.1 541 148 0
10313 0 0 0 10791.1 571 131 0
10362 0 0 0 10791.1 539 140 0
10096 0 0 0 10791.1 528 133 0
10372 0 0 0 10791.1 541 139 0
10581 0 0 0 10791.1 549 132 0
9895 0 0 0 10791.1 514 115 0
8194 0 0 0 10791.1 520 69 0
10192 0 0 0 10791.1 527 117 0
11602 0 0 0 10791.1 601 123 0
10212 0 0 0 10791.1 532 98 0
9914 0 0 0 10791.1 517 134 0
11049 0 0 0 10791.1 581 134 0
10088 0 0 0 10791.1 549 139 0
9806 0 0 0 10791.1 509 155 0
9853 0 0 0 10791.1 516 117 0
10569 0 0 0 10791.1 551 124 0
10466 0 0 0 10791.1 541 195 0
10275 0 0 0 10791.1 553 104 0
10327 0 0 0 10791.1 543 127 0
9760 0 0 0 10791.1 503 126 0
10368 0 0 0 10791.1 534 152 0
9766 0 0 0 10791.1 512 116 0
10006 0 0 0 10791.1 517 121 0
10726 0 0 0 10791.1 639 144 0
11279 0 0 0 10791.1 601 175 0
11653 0 0 0 10791.1 629 160 0
12217 0 0 0 10791.1 663 115 0
12152 0 0 0 10791.1 657 163 0
11520 0 0 0 10791.1 671 177 0
8304 0 0 0 10791.1 482 98 0
11602 0 0 0 10791.1 618 131 0
11724 0 0 0 10791.1 623 223 0
11741 0 0 0 10791.1 631 165 0
11654 0 0 0 10791.1 622 167 0
11684 0 0 0 10791.1 624 121 0
11808 0 0 0 10791.1 630 142 0
11983 0 0 0 10791.1 642 163 0
11267 0 0 0 10791.1 597 156 0
11886 0 0 0 10791.1 652 141 0
11892 0 0 0 10791.1 659 168 0
11273 0 0 0 10791.1 600 114 0
11150 0 0 0 10791.1 602 169 0
11391 0 0 0 10791.1 614 142 0
11704 0 0 0 10791.1 619 211 0
10996 0 0 0 10791.1 615 133 0
11855 0 0 0 10791.1 631 115 0
11336 0 0 0 10791.1 612 130 0
11779 0 0 0 10791.1 633 156 0
12544 0 0 0 10791.1 677 151 0
12021 0 0 0 10791.1 669 129 0
11840 0 0 0 10791.1 633 156 0
12317 0 0 0 10791.1 665 161 0
11509 0 0 0 10791.1 617 123 0
11931 0 0 0 10791.1 656 154 0
8202 0 0 0 10791.1 520 109 0
12115 0 0 0 10791.1 650 142 0
12534 0 0 0 10791.1 674 131 0
12111 0 0 0 10791.1 650 119 0
12578 0 0 0 10791.1 689 146 0
12083 0 0 0 10791.1 643 187 0
10830 0 0 0 10791.1 574 119 0
11924 0 0 0 10791.1 640 167 0
11506 0 0 0 10791.1 612 173 0
11776 0 0 0 10791.1 650 151 0
11474 0 0 0 10791.1 607 165 0
11042 0 0 0 10791.1 613 165 0
10689 0 0 0 10791.1 644 145 0
8096 0 0 0 10791.1 537 117 0
10728 0 0 0 10791.1 683 122 0
9810 0 0 0 10791.1 870 119 0
11371 0 0 0 10791.1 606 127 0
12198 0 0 0 10791.1 649 117 0
12102 0 0 0 10791.1 642 168 0
12103 0 0 0 10791.1 647 176 0
11324 0 0 0 10791.1 644 184 0
9016 0 0 0 10791.1 523 111 0
10491 0 0 0 10791.1 559 142 0
11367 0 0 0 10791.1 597 167 0
11814 0 0 0 10791.1 624 154 0
12151 0 0 0 10791.1 661 145 0
12525 0 0 0 10791.1 673 160 0
11540 0 0 0 10791.1 612 138 0
11120 0 0 0 10791.1 594 104 0
11983 0 0 0 10791.1 634 173 0
11560 0 0 0 10791.1 637 190 0
12107 0 0 0 10791.1 651 207 0
12211 0 0 0 10791.1 650 182 0
12620 0 0 0 10791.1 679 148 0
11366 0 0 0 10791.1 597 154 0
11126 0 0 0 10791.1 598 115 0
10993 0 0 0 10791.1 581 142 0
12253 0 0 0 10791.1 663 180 0
12518 0 0 0 10791.1 661 188 0
10745 0 0 0 10791.1 568 164 0
7760 0 0 0 10791.1 1272 98 0
11262 0 0 0 10791.1 765 154 0
11839 0 0 0 10791.1 625 151 0
11311 0 0 0 10791.1 606 139 0
11869 0 0 0 10791.1 625 143 0
12485 0 0 0 10791.1 677 137 0
11428 0 0 0 10791.1 609 123 0
10149 0 0 0 10791.1 530 142 0
10957 0 0 0 10791.1 595 134 0
11873 0 0 0 10791.1 634 160 0
11913 0 0 0 10791.1 632 201 0
12065 0 0 0 10791.1 654 136 0
11159 0 0 0 10791.1 598 151 0
12088 0 0 0 10791.1 662 127 0
11799 0 0 0 10791.1 642 140 0
9426 0 0 0 10791.1 519 140 0
11936 0 0 0 10791.1 641 154 0
12777 0 0 0 10791.1 689 156 0
12096 0 0 0 10791.1 650 171 0
10554 0 0 0 10791.1 555 146 0
11374 0 0 0 10791.1 610 130 0
11672 0 0 0 10791.1 618 152 0
11596 0 0 0 10791.1 624 130 0
11680 0 0 0 10791.1 625 169 0
11728 0 0 0 10791.1 675 137 0
12197 0 0 0 10791.1 661 158 0
12481 0 0 0 10791.1 678 151 0
11530 0 0 0 10791.1 616 154 0
11880 0 0 0 10791.1 642 162 0
12313 0 0 0 10791.1 659 145 0
11997 0 0 0 10791.1 641 158 0
12146 0 0 0 10791.1 646 162 0
11953 0 0 0 10791.1 649 117 0
10995 0 0 0 10791.1 596 121 0
11806 0 0 0 10791.1 640 140 0
11600 0 0 0 10791.1 617 205 0
11133 0 0 0 10791.1 595 135 0
11249 0 0 0 10791.1 597 147 0
8820 0 0 0 10791.1 503 111 0
11576 0 0 0 10791.1 626 100 0
11079 0 0 0 10791.1 576 130 0
11057 0 0 0 10791.1 586 141 0
11880 0 0 0 10791.1 633 163 0
12029 0 0 0 10791.1 643 136 0
11742 0 0 0 10791.1 631 157 0
11825 0 0 0 10791.1 630 135 0
11692 0 0 0 10791.1 628 132 0
12016 0 0 0 10791.1 642 169 0
11469 0 0 0 10791.1 625 178 0
8666 0 0 0 10791.1 458 90 0
12332 0 0 0 10791.1 659 144 0
11258 0 0 0 10791.1 597 120 0
11833 0 0 0 10791.1 641 144 0
12166 0 0 0 10791.1 668 135 0
12172 0 0 0 10791.1 655 126 0
11657 0 0 0 10791.1 629 158 0
11391 0 0 0 10791.1 615 140 0
10843 0 0 0 10791.1 571 180 0
11812 0 0 0 10791.1 658 172 0
12098 0 0 0 10791.1 644 155 0
12241 0 0 0 10791.1 664 176 0
12248 0 0 0 10791.1 653 158 0
12040 0 0 0 10791.1 647 131 0
11714 0 0 0 10791.1 664 188 0
12006 0 0 0 10791.1 646 127 0
11624 0 0 0 10791.1 620 152 0
12375 0 0 0 10791.1 669 132 0
12237 0 0 0 10791.1 656 179 0
11924 0 0 0 10791.1 674 155 0
12181 0 0 0 10791.1 655 134 0
11893 0 0 0 10791.1 635 142 0
12075 0 0 0 10791.1 646 185 0
12127 0 0 0 10791.1 667 150 0
12072 0 0 0 10791.1 638 163 0
12230 0 0 0 10791.1 657 164 0
11713 0 0 0 10791.1 628 119 0
12109 0 0 0 10791.1 658 158 0
11667 0 0 0 10791.1 641 175 0
11341 0 0 0 10791.1 603 157 0
11715 0 0 0 10791.1 631 113 0
11494 0 0 0 10791.1 613 128 0
11913 0 0 0 10791.1 622 185 0
11627 0 0 0 10791.1 627 105 0
9037 0 0 0 10791.1 584 121 0
11611 0 0 0 10791.1 625 157 0
12165 0 0 0 10791.1 647 133 0
11539 0 0 0 10791.1 606 149 0
11155 0 0 0 10791.1 599 205 0
11604 0 0 0 10791.1 612 158 0
12883 0 0 0 10791.1 704 178 0
12251 0 0 0 10791.1 658 152 0
11949 0 0 0 10791.1 636 137 0
11844 0 0 0 10791.1 660 143 0
12069 0 0 0 10791.1 637 156 0
7836 0 0 0 10791.1 462 72 0
12287 0 0 0 10791.1 662 146 0
11933 0 0 0 10791.1 652 143 0
11759 0 0 0 10791.1 662 166 0
11933 0 0 0 10791.1 632 152 0
11981 0 0 0 10791.1 645 178 0
12032 0 0 0 10791.1 651 144 0
11544 0 0 0 10791.1 622 120 0
11938 0 0 0 10791.1 682 131 0
11354 0 0 0 10791.1 724 129 0
10268 0 0 0 10791.1 691 95 0
10339 0 0 0 10791.1 757 130 0
11786 0 0 0 10791.1 625 122 0
12018 0 0 0 10791.1 651 119 0
12103 0 0 0 10791.1 648 135 0
12075 0 0 0 10791.1 635 168 0
11117 0 0 0 10791.1 593 153 0
11375 0 0 0 10791.1 602 160 0
10143 0 0 0 10791.1 547 111 0
11771 0 0 0 10791.1 624 167 0
11668 0 0 0 10791.1 613 156 0
11683 0 0 0 10791.1 620 157 0
10936 0 0 0 10791.1 579 132 0
12213 0 0 0 10791.1 672 183 0
11973 0 0 0 10791.1 633 108 0
11829 0 0 0 10791.1 617 148 0
11603 0 0 0 10791.1 619 157 0
12434 0 0 0 10791.1 658 170 0
11685 0 0 0 10791.1 617 169 0
11999 0 0 0 10791.1 634 178 0
11346 0 0 0 10791.1 608 139 0
9161 0 0 0 10791.1 543 107 0
11688 0 0 0 10791.1 624 129 0
10931 0 0 0 10791.1 577 162 0
12219 0 0 0 10791.1 657 164 0
12348 0 0 0 10791.1 659 154 0
11739 0 0 0 10791.1 627 167 0
9160 0 0 0 10791.1 486 72 0
11261 0 0 0 10791.1 617 128 0
10662 0 0 0 10791.1 551 147 0
10899 0 0 0 10791.1 569 135 0
10610 0 0 0 10791.1 559 179 0
10973 0 0 0 10791.1 587 145 0
11498 0 0 0 10791.1 604 158 0
11736 0 0 0 10791.1 622 144 0
10642 0 0 0 10791.1 557 160 0
10457 0 0 0 10791.1 542 146 0
10032 0 0 0 10791.1 527 122 0
10134 0 0 0 10791.1 521 110 0
9964 0 0 0 10791.1 516 130 0
10201 0 0 0 10791.1 531 140 0
10090 0 0 0 10791.1 527 124 0
10617 0 0 0 10791.1 547 159 0
10771 0 0 0 10791.1 555 116 0
10123 0 0 0 10791.1 541 119 0
10472 0 0 0 10791.1 541 100 0
9950 0 0 0 10791.1 509 135 0
10149 0 0 0 10791.1 529 114 0
10094 0 0 0 10791.1 527 139 0
11058 0 0 0 10791.1 575 162 0
10156 0 0 0 10791.1 565 156 0
10841 0 0 0 10791.1 574 136 0
10688 0 0 0 10791.1 559 150 0
10279 0 0 0 10791.1 535 103 0
10090 0 0 0 10791.1 521 114 0
10524 0 0 0 10791.1 546 111 0
9929 0 0 0 10791.1 527 122 0
10282 0 0 0 10791.1 536 152 0
10393 0 0 0 10791.1 540 149 0
10494 0 0 0 10791.1 549 127 0
9740 0 0 0 10791.1 520 105 0
10299 0 0 0 10791.1 552 142 0
11867 0 0 0 10791.1 615 132 0
11634 0 0 0 10791.1 604 141 0
11154 0 0 0 10791.1 585 129 0
11642 0 0 0 10791.1 602 125 0
11889 0 0 0 10791.1 630 121 0
11333 0 0 0 10791.1 589 145 0
10798 0 0 0 10791.1 571 130 0
11206 0 0 0 10791.1 592 118 0
11453 0 0 0 10791.1 608 151 0
10741 0 0 0 10791.1 574 124 0
9806 0 0 0 10791.1 522 106 0
10350 0 0 0 10791.1 542 143 0
10809 0 0 0 10791.1 566 131 0
9885 0 0 0 10791.1 515 106 0
10144 0 0 0 10791.1 527 113 0
10196 0 0 0 10791.1 555 121 0
8693 0 0 0 10791.1 562 107 0
10440 0 0 0 10791.1 544 147 0
10157 0 0 0 10791.1 523 140 0
10364 0 0 0 10791.1 539 130 0
10020 0 0 0 10791.1 522 103 0
8008 0 0 0 10791.1 475 84 0
9714 0 0 0 10791.1 544 126 0
10615 0 0 0 10791.1 556 125 0
10238 0 0 0 10791.1 538 124 0
9952 0 0 0 10791.1 517 125 0
10084 0 0 0 10791.1 528 151 0
10227 0 0 0 10791.1 557 116 0
10526 0 0 0 10791.1 553 158 0
10360 0 0 0 10791.1 533 130 0
9376 0 0 0 10791.1 488 111 0
10118 0 0 0 10791.1 528 109 0
10211 0 0 0 10791.1 535 169 0
9859 0 0 0 10791.1 526 123 0
9757 0 0 0 10791.1 508 125 0
10113 0 0 0 10791.1 528 161 0
9691 0 0 0 10791.1 500 117 0
9836 0 0 0 10791.1 515 111 0
10204 0 0 0 10791.1 548 126 0
10724 0 0 0 10791.1 561 138 0
10808 0 0 0 10791.1 559 117 0
10155 0 0 0 10791.1 528 139 0
9487 0 0 0 10791.1 485 97 0
10064 0 0 0 10791.1 522 133 0
10693 0 0 0 10791.1 564 159 0
9693 0 0 0 10791.1 494 114 0
9763 0 0 0 10791.1 501 128 0
11549 0 0 0 10791.1 608 148 0
11311 0 0 0 10791.1 588 120 0
9599 0 0 0 10791.1 493 93 0
10037 0 0 0 10791.1 515 119 0
10152 0 0 0 10791.1 533 124 0
10851 0 0 0 10791.1 579 154 0
10651 0 0 0 10791.1 551 101 0
9878 0 0 0 10791.1 516 129 0
9817 0 0 0 10791.1 530 145 0
11613 0 0 0 10791.1 613 141 0
10244 0 0 0 10791.1 548 162 0
10088 0 0 0 10791.1 530 130 0
9971 0 0 0 10791.1 519 132 0
9532 0 0 0 10791.1 523 128 0
10116 0 0 0 10791.1 527 127 0
9671 0 0 0 10791.1 505 137 0
10513 0 0 0 10791.1 552 155 0
9707 0 0 0 10791.1 516 116 0
11980 0 0 0 10791.1 644 130 0
11919 0 0 0 10791.1 664 166 0
10280 0 0 0 10791.1 537 108 0
10104 0 0 0 10791.1 525 143 0
10071 0 0 0 10791.1 524 100 0
9950 0 0 0 10791.1 523 123 0
9865 0 0 0 10791.1 530 128 0
9910 0 0 0 10791.1 511 103 0
2458 0 0 0 10791.1 1998 24 0
0 0 0 0 10791.1 3003 0 0
0 0 0 0 10791.1 2749 0 0
0 0 0 0 10791.1 1530 0 0
