0 restore_end page_write
0 0 0
0 0 0
0 0 0
0 0 0
0 0 0
0 0 0
0 0 0
0 0 0
0 0 0
0 0 0
0 0 0
0 0 0
0 0 0
0 0 0
0 0 0
0 0 219
0 0 4254
0 0 4513
0 0 5275
0 2 4662
0 0 3412
0 0 5142
0 0 4433
0 0 4374
0 0 4416
0 0 4814
0 0 4368
0 0 4514
0 0 4347
0 0 4432
0 0 4367
0 0 4224
0 0 4342
0 0 4271
0 0 4463
0 0 4789
0 0 4732
0 0 4517
0 0 4533
0 0 4484
0 0 4710
0 0 4926
0 0 4656
0 0 4636
0 0 4909
0 0 4732
0 0 4596
0 0 4907
0 0 4858
0 0 4947
0 0 4920
0 0 4520
0 0 4512
0 0 4695
0 0 4882
0 0 4685
0 0 4563
0 0 4849
0 0 4924
0 0 4843
0 0 4800
0 0 4474
0 0 4587
0 0 4641
0 0 4648
0 0 4683
0 0 4939
0 0 4850
0 0 4580
0 0 4923
0 0 4785
0 0 4542
0 0 4897
0 0 4940
0 0 4866
0 0 4888
0 0 4573
0 0 4502
0 0 4546
0 0 4560
0 0 4575
0 0 4512
0 0 4796
0 0 4828
0 0 4852
0 0 4899
0 0 4847
0 0 4919
0 0 4585
0 0 4518
0 0 4545
0 0 4511
0 0 4879
0 0 4791
0 0 4826
0 0 4833
0 0 4552
0 0 4805
0 0 4887
0 0 4825
0 0 4893
0 0 4584
0 0 4491
0 0 4552
0 0 4568
0 0 4476
0 0 4794
0 0 4941
0 0 4940
0 0 4871
0 0 4827
0 0 4917
0 0 4614
0 0 4522
0 0 4566
0 0 4794
0 0 4876
0 0 4839
0 0 4759
0 0 4499
0 0 4489
0 0 4570
0 0 4564
0 0 4675
0 0 4925
0 0 4874
0 0 4916
0 0 4768
0 0 4590
0 0 4890
0 0 4825
0 0 4899
0 0 4798
0 0 4498
0 0 4806
0 0 4920
0 0 4979
0 0 4864
0 0 4798
0 0 4941
0 0 4879
0 0 4952
0 0 4905
0 0 4916
0 0 4850
0 0 4826
0 0 4856
0 0 4908
0 0 4640
0 0 4557
0 0 4918
0 0 4738
0 0 4525
0 0 4540
0 0 4826
0 0 4890
0 0 4490
0 0 4741
0 0 4893
0 0 4670
0 0 4694
0 0 4863
0 0 4847
0 0 4969
0 0 4890
0 0 5048
0 0 4915
0 0 4859
0 0 4848
0 0 4919
0 0 4891
0 0 4484
0 0 4853
0 0 4947
0 0 4592
0 0 4765
0 0 5019
0 0 4839
0 0 4890
0 0 4888
0 0 4808
0 0 4805
0 0 4968
0 0 4901
0 0 4914
0 0 4825
0 0 4862
0 0 4924
0 0 4978
0 0 5131
0 0 4524
0 0 4546
0 0 4874
0 0 4923
0 0 4903
0 0 4862
0 0 4853
0 0 4820
0 0 4549
0 0 4561
0 0 4533
0 0 4479
0 0 4599
0 0 5092
0 0 4880
0 0 4515
0 0 4848
0 0 4922
0 0 4549
0 0 4759
0 0 4876
0 0 4594
0 0 4502
0 0 4638
0 0 4956
0 0 4872
0 0 4900
0 0 4869
0 0 4502
0 0 4859
0 0 5035
0 0 4486
0 0 4654
0 0 4458
0 0 4407
0 0 4485
0 0 4573
0 0 4445
0 0 4537
0 2 4578
0 0 4604
0 0 5279
0 0 4759
0 0 4521
0 0 4935
0 0 4851
0 0 4458
0 0 4552
0 0 4683
0 0 4901
0 0 4676
0 0 4667
0 0 4904
0 0 4850
0 0 4920
0 0 4903
0 0 5038
0 0 4816
0 0 4847
0 0 4746
0 0 4506
0 0 4460
0 0 4736
0 0 4985
0 0 4547
0 0 4631
0 0 4471
0 0 4547
0 0 4507
0 0 4621
0 0 4415
0 0 4523
0 0 4597
0 0 5485
0 0 4708
0 0 4521
0 0 4616
0 0 4461
0 0 4785
0 0 4946
0 0 4886
0 0 4845
0 2 4587
0 0 4473
0 0 4578
0 0 4461
0 0 4892
0 0 4843
0 0 4616
0 0 4681
0 0 4922
0 0 4804
0 0 4902
0 0 4862
0 0 4931
0 0 4773
0 0 4896
0 0 4586
0 0 4626
0 0 4825
0 0 4894
0 0 4814
0 0 4855
0 0 4521
0 0 4782
0 0 4922
0 0 4476
0 0 4668
0 0 4633
0 0 4874
0 0 4705
0 0 4454
0 0 4538
0 0 4817
0 0 4815
0 0 4444
0 0 4507
0 0 4570
0 0 4485
0 0 4526
0 0 4567
0 0 4662
0 0 4725
0 0 4942
0 0 4865
0 0 5198
0 0 4523
0 0 4726
0 0 4935
0 0 5225
0 0 4478
0 0 4520
0 0 4634
0 0 4800
0 0 4879
0 0 4493
0 0 4501
0 0 4699
0 0 4842
0 0 4659
0 0 4453
0 0 4822
0 0 4794
0 0 4452
0 0 4529
0 0 4503
0 0 4462
0 0 4556
0 0 4886
0 0 4812
0 0 4530
0 0 4805
0 0 4896
0 0 4523
0 0 4736
0 0 4825
0 0 4640
0 0 4724
0 0 4850
0 0 4634
0 0 4457
0 0 4831
0 0 4904
0 0 4514
0 0 4538
0 0 4515
0 0 4545
0 0 4490
0 0 4486
0 0 4457
0 0 4456
0 0 4528
0 0 4577
0 0 4457
0 0 4466
0 0 4520
0 0 4531
0 0 4485
0 0 4682
0 0 4929
0 0 4932
0 0 4889
0 0 5167
0 0 5738
0 0 5625
0 0 5535
0 0 5152
0 0 5521
0 0 5586
0 0 5570
0 0 5626
0 0 5484
0 0 5540
0 0 4702
0 0 4548
0 0 4617
0 0 4564
0 0 4764
0 0 4785
0 0 4742
0 0 4729
0 0 4706
0 0 4537
0 0 4742
0 0 4794
0 0 4817
0 0 4672
0 0 4650
0 0 4733
0 0 4732
0 0 4644
0 0 4663
0 0 4759
0 0 4729
0 0 4652
0 0 4639
0 0 4535
0 0 4491
0 0 4603
0 0 4458
0 0 4667
0 0 4543
0 0 4447
0 0 4608
0 0 4613
0 0 4554
0 0 4511
0 0 4611
0 0 4478
0 0 4616
0 0 4617
0 0 4608
0 0 4578
0 0 4638
0 0 4608
0 0 4553
0 0 4682
0 0 4793
0 0 4690
0 0 4644
0 0 4707
0 0 4731
0 0 4733
0 0 4674
0 0 4713
0 0 4666
0 0 4658
0 0 4626
0 0 4815
0 0 4741
0 0 4663
0 0 4653
0 0 4627
0 0 4700
0 0 4620
0 0 4615
0 0 4680
0 0 4705
0 0 4751
0 0 4616
0 0 4608
0 0 4643
0 0 4623
0 0 4615
0 0 4659
0 0 4686
0 0 4660
0 0 4562
0 0 4615
0 0 4634
0 0 4624
0 0 4550
0 0 4584
0 0 4606
0 0 4643
0 0 4686
0 0 4780
0 0 4584
0 0 4638
0 0 4656
0 0 4594
0 0 4661
0 0 4426
0 0 4404
0 0 4567
0 0 4624
0 0 4426
0 0 4527
0 0 4497
0 0 4723
0 0 4613
0 0 4625
0 0 4577
0 0 4669
0 0 4677
0 0 4673
0 0 4512
0 0 4241
0 0 4188
0 0 4115
0 0 4174
0 0 4113
0 0 4206
0 0 4183
0 0 4123
0 0 4232
0 0 4023
0 0 4150
0 0 4153
0 0 4149
0 0 4252
0 0 4065
0 0 4272
0 0 4107
0 0 4081
0 0 4110
0 0 4221
0 0 4205
0 0 4104
0 0 4185
0 0 4066
0 0 4393
0 0 4165
0 0 4158
0 0 4493
0 0 4291
0 0 4268
0 0 4061
0 0 4253
0 0 4346
0 0 4376
0 0 4253
0 0 4313
0 0 4255
0 0 4227
0 0 4048
0 0 4319
0 0 4207
0 0 4080
0 0 4237
0 0 4130
0 0 4095
0 0 4120
0 0 4205
0 0 4186
0 0 4117
0 0 4304
0 0 4230
0 0 4312
0 0 4285
0 0 4232
0 0 4472
0 0 4501
0 0 4126
0 0 4134
0 0 4135
0 0 4096
0 0 4245
0 0 4375
0 0 4272
0 0 4445
0 0 4173
0 0 4224
0 0 4121
0 0 3983
0 0 3903
0 0 4244
0 0 4075
0 0 3922
0 0 3948
0 0 3881
0 0 4032
0 0 3880
0 0 3895
0 0 3925
0 0 4105
0 0 4068
0 0 3952
0 0 3870
0 0 3908
0 0 4035
0 0 3913
0 0 4144
0 0 3893
0 0 3929
0 0 3965
0 0 3872
0 0 3970
0 0 3857
0 0 3852
0 0 3783
0 0 3950
0 0 4021
0 0 3969
0 0 3920
0 0 3934
0 0 4008
0 0 3856
0 0 3889
0 0 3826
0 0 3840
0 0 4055
0 0 3934
0 0 3787
0 0 4011
0 0 3971
0 0 3965
0 0 3920
0 0 3968
0 0 4066
0 0 4003
0 0 3844
0 0 3868
0 0 4002
0 0 3868
0 0 3874
0 0 3953
0 0 3977
0 0 3863
0 0 3823
0 0 4042
0 0 3996
0 0 3933
0 0 4071
0 0 3926
0 0 3922
0 0 3938
0 0 3874
0 0 3896
0 0 3938
0 0 3901
0 0 3892
0 0 3931
0 0 3981
0 0 3987
0 0 3994
0 0 4024
0 0 3953
0 0 3927
0 0 3977
0 0 3882
0 0 4062
0 0 4089
0 0 3961
0 0 4041
0 0 4043
0 0 4070
0 0 3974
0 0 4042
0 0 3955
0 0 3948
0 0 3940
0 0 4123
0 0 3941
0 0 4148
0 0 4038
0 0 4096
0 0 4012
0 0 3924
0 0 4007
0 0 4122
0 0 3950
0 0 3977
0 0 4089
0 0 4156
0 0 4090
0 0 3991
0 0 4036
0 0 4073
0 0 4053
0 0 4106
0 0 4106
0 0 4451
0 0 4233
0 0 4247
0 0 4220
0 0 4153
0 0 4353
0 0 4345
0 0 4212
0 0 3966
0 0 4033
0 0 4033
0 0 4146
0 0 4086
0 0 4081
0 0 4141
0 0 4249
0 0 3983
0 0 3959
0 0 4044
0 0 4002
0 0 3738
0 0 3929
0 0 3929
0 0 3974
0 0 3834
0 0 4013
0 0 4085
0 0 3957
0 0 3889
0 0 4063
0 0 3960
0 0 4022
0 0 3948
0 0 3934
0 0 3883
0 0 4099
0 0 4034
0 0 4120
0 0 4144
0 0 3911
0 0 3944
0 0 3969
0 0 4083
0 0 4266
0 0 4205
0 0 4117
0 0 3969
0 0 4307
0 0 4141
0 0 4094
0 0 3950
0 0 4034
0 0 4142
0 0 4216
0 0 4018
0 0 3962
0 0 4126
0 0 4173
0 0 4091
0 0 4001
0 0 4089
0 0 4097
0 0 3984
0 0 4135
0 0 4044
0 0 4102
0 0 4107
0 0 3996
0 0 4164
0 0 4446
0 0 4141
0 0 4112
0 0 4029
0 0 4082
0 0 4012
0 0 3989
0 0 4121
0 0 4053
0 0 3984
0 0 3872
0 0 4012
0 0 3996
0 0 4119
0 0 4094
0 0 4020
0 0 4177
0 0 4246
0 0 4458
0 0 4304
0 0 4424
0 0 4584
0 0 4388
0 0 4511
0 0 4653
0 0 4554
0 0 4532
0 0 4532
0 0 4469
0 0 4595
0 0 4577
0 0 4554
0 0 4641
0 0 4524
0 0 4569
0 0 4513
0 0 4586
0 0 4670
0 0 4700
0 0 4455
0 0 4612
0 0 4486
0 0 4600
0 0 4721
0 0 4625
0 0 4722
0 0 4430
0 0 4667
0 0 4912
0 0 4542
0 0 4524
0 0 4607
0 0 4544
0 0 4536
0 0 4636
0 0 4603
0 0 4676
0 0 4768
0 0 4680
0 0 4656
0 0 4683
0 0 4716
0 0 4768
0 0 4789
0 0 4585
0 0 4598
0 0 4596
0 0 4578
0 0 4690
0 0 4640
0 0 4719
0 0 4593
0 0 4617
0 0 4654
0 0 4580
0 0 4712
0 0 4600
0 0 4594
0 0 4530
0 0 4288
0 0 4260
0 0 4388
0 0 4317
0 0 4185
0 0 4280
0 0 4249
0 0 4154
0 0 4321
0 0 4239
0 0 4216
0 0 4250
0 0 4366
0 0 4234
0 0 4237
0 0 4158
0 0 4122
0 0 4261
0 0 4196
0 0 4270
0 0 4277
0 0 4255
0 0 4247
0 0 4208
0 0 4289
0 0 4246
0 0 4325
0 0 4369
0 0 4230
0 0 4275
0 0 4359
0 0 4225
0 0 4144
0 0 4200
0 0 4371
0 0 4369
0 0 4269
0 0 4316
0 0 4279
0 0 4332
0 0 4335
0 0 4280
0 0 4192
0 0 4302
0 0 4251
0 0 4217
0 0 4239
0 0 4243
0 0 4188
0 0 4285
0 0 4274
0 0 4174
0 0 4236
0 0 4225
0 0 4198
0 0 4221
0 0 4276
0 0 4268
0 0 4240
0 0 4257
0 0 4242
0 0 4127
0 0 4243
0 0 4152
0 0 4245
0 0 4233
0 0 4252
0 0 4233
0 0 4203
0 0 4255
0 0 4262
0 0 4245
0 0 4269
0 0 4252
0 0 4164
0 0 4240
0 0 4184
0 0 4157
0 0 4207
0 0 4200
0 0 4322
0 0 4285
0 0 4269
0 0 4302
0 0 4394
0 0 4283
0 0 4282
0 0 4212
0 0 4277
0 0 4251
0 0 4197
0 0 4249
0 0 4450
0 0 4151
0 0 4294
0 0 4382
0 0 4414
0 0 4268
0 0 4320
0 0 4353
0 0 4274
0 0 4307
0 0 4390
0 0 4338
0 0 4247
0 0 4298
0 0 4292
0 0 4172
0 0 4369
0 0 4187
0 0 4217
0 0 4175
0 0 4264
0 0 4195
0 0 4347
0 0 4281
0 0 4417
0 0 4098
0 0 4204
0 0 4207
0 0 4183
0 0 4257
0 0 4175
0 0 4204
0 0 4196
0 0 4203
0 0 4216
0 0 4179
0 0 4390
0 0 4493
0 0 4342
0 0 4451
0 0 4519
0 0 4488
0 0 4472
0 0 4428
0 0 4589
0 0 4624
0 0 4369
0 0 4518
0 0 4710
0 0 4516
0 0 4495
0 0 4459
0 0 4604
0 0 4644
0 0 4428
0 0 4478
0 0 4537
0 0 4441
0 0 4603
0 0 4496
0 0 4213
0 0 4206
0 0 4165
0 0 4343
0 0 4362
0 0 4172
0 0 4244
0 0 4276
0 0 4155
0 0 4212
0 0 4196
0 0 4277
0 0 4237
0 0 4195
0 0 4223
0 0 4760
0 0 5001
0 0 5019
0 0 4985
0 0 4777
0 0 4232
0 0 4072
0 0 4221
0 0 4220
0 0 4180
0 0 4190
0 0 4485
0 0 4945
0 0 4954
0 0 4932
0 0 4265
0 0 4264
0 0 4275
0 0 4411
0 0 4324
0 0 4245
0 0 4252
0 0 4166
0 0 4219
0 0 4505
0 0 4516
0 0 4540
0 0 4399
0 0 4466
0 0 4494
0 0 3469
0 0 4481
0 0 4462
0 0 4609
0 0 4277
0 0 4423
0 0 4426
0 0 4431
0 0 4053
0 0 4481
0 0 4430
0 0 4491
0 0 4052
0 0 4473
0 1 4245
0 298 4499
0 0 4563
0 0 4561
0 0 4576
0 0 4696
0 0 4650
0 0 4580
0 0 4563
0 0 4678
0 77 4584
0 104 4692
0 0 4872
0 0 4907
0 0 4869
0 0 4919
0 0 4876
0 0 5025
0 0 4952
0 8 4528
0 278 4633
0 0 4874
0 0 4852
0 0 4915
0 0 4869
0 0 4807
0 0 4853
0 0 4851
0 6 4549
0 184 4808
0 85 4720
0 0 4928
0 0 5685
0 0 5640
0 0 5640
0 0 5581
0 0 5170
0 12 4624
0 272 4717
0 0 4856
0 0 4884
0 0 4942
0 0 4948
0 0 4830
0 0 4801
0 0 4823
0 19 4580
0 287 4707
0 0 4946
0 0 4922
0 0 4881
0 0 4906
0 0 4836
0 0 4892
0 0 4873
0 0 4492
0 22 4754
0 234 4700
0 0 4893
0 0 4939
0 0 4984
0 0 4895
0 0 4816
0 0 4832
0 0 4886
0 23 4564
0 265 4620
0 0 4860
0 0 4845
0 0 4929
0 0 4851
0 0 4868
0 0 4875
0 0 4985
0 30 4699
0 271 4730
0 0 4854
0 0 4961
0 0 4778
0 0 4771
0 0 4923
0 0 4835
0 0 4890
0 29 4543
0 85 4862
0 189 4777
0 0 4869
0 0 4895
0 0 5245
0 0 5127
0 0 4865
0 0 4831
0 0 4653
0 32 4832
0 256 4652
0 0 4879
0 0 4833
0 0 4897
0 0 4859
0 0 4840
0 0 4832
0 0 4993
0 36 4539
0 253 4739
0 0 4862
0 0 4985
0 0 4971
0 0 4869
0 0 4871
0 0 5027
0 0 4954
0 39 4410
0 271 4136
0 0 5012
0 0 5233
0 0 4852
0 0 4871
0 0 5093
0 0 4935
0 0 4900
0 47 4562
0 257 4761
0 0 4825
0 0 4834
0 0 4840
0 0 4715
0 0 4569
0 0 4624
0 0 4511
0 0 4702
0 49 4381
0 243 4347
0 0 4592
0 0 4674
0 0 4954
0 0 4538
0 0 4449
0 0 4513
0 0 4502
0 0 4503
0 54 4237
0 255 4615
0 0 4611
0 0 4500
0 0 4501
0 0 4715
0 0 4938
0 0 4572
0 0 4519
0 0 4326
0 256 4143
0 37 4495
0 0 4553
0 0 4460
0 0 4477
0 0 4432
0 0 4515
0 0 4552
0 0 4754
0 0 4420
0 70 4350
0 240 4478
0 0 4685
0 0 4597
0 0 4502
0 0 4629
0 0 4468
0 0 4504
0 0 4513
0 42 4269
0 24 4552
0 224 4405
0 0 4531
0 0 4532
0 0 4546
0 0 4722
0 0 4532
0 0 4652
0 0 4911
0 136 4116
0 88 4530
0 44 4454
0 0 4543
0 0 4522
0 0 4607
0 0 4668
0 0 4643
0 0 4565
0 0 4522
0 71 4070
0 202 4435
0 0 4536
0 0 4215
0 2 4426
0 0 4628
0 0 4336
0 0 4375
0 0 4495
0 0 4406
0 69 3961
0 0 4271
0 220 4361
0 0 4430
0 0 4284
0 0 4353
0 0 4335
0 0 4344
0 0 4342
0 0 4673
0 0 4635
0 71 4307
0 213 4733
0 0 4498
0 0 4402
0 0 4379
0 0 5035
0 0 4984
0 0 5024
0 0 4962
0 43 4655
0 232 4780
0 0 5313
0 0 5018
0 0 5079
0 0 5096
0 0 5045
0 0 4925
0 0 5049
0 55 4501
0 236 4772
0 0 4756
0 0 4347
0 0 4403
0 0 4492
0 0 4398
0 0 4655
0 0 4577
0 0 4386
0 71 4178
0 181 4549
0 0 4696
0 0 4883
0 0 4921
0 0 4337
0 0 4549
0 0 4718
0 0 4802
0 0 4716
0 69 4167
0 217 4432
0 0 4416
0 0 4343
0 2 4325
0 18 4487
0 26 4645
0 8 4350
0 24 4343
0 0 4280
0 105 3934
0 237 4141
0 14 4332
0 18 4304
0 14 4311
0 0 4325
0 4 4369
0 0 4475
0 0 4356
0 0 4345
0 94 3989
0 0 4481
0 211 4233
0 0 4398
0 0 4370
0 0 4459
0 0 4305
0 0 4323
0 0 4237
0 0 4326
0 0 4320
0 68 4007
0 195 4273
0 0 4291
0 0 4293
0 0 4323
0 0 4355
0 0 4345
0 0 4402
0 0 4284
0 0 4315
0 83 4167
0 177 4394
0 0 5294
0 0 5312
0 0 5568
0 0 5366
0 0 5369
0 0 5405
0 0 5507
0 98 4911
0 191 5133
0 0 5292
0 0 5352
0 0 5371
0 0 5352
0 0 5331
0 0 5262
0 101 4893
0 0 5356
0 203 5095
0 0 5538
0 0 5297
0 0 5321
0 0 5318
0 0 5341
0 0 5389
0 100 4852
0 174 5197
0 0 5469
0 0 5602
0 0 5291
0 0 5353
0 0 5472
0 0 5466
0 63 4869
0 239 5103
0 0 5339
0 0 5358
0 0 5344
0 0 5372
0 0 5408
0 0 5295
0 0 5328
0 98 5583
0 192 6150
0 2 6108
0 0 6166
0 0 6116
0 0 6071
0 0 6108
0 98 5484
0 162 5972
0 0 6083
0 0 5903
0 0 5306
0 0 5324
0 0 5457
0 0 5317
0 0 4594
0 0 5461
0 0 5510
0 0 5393
0 0 5167
0 0 5018
0 0 5376
0 0 5451
0 0 5459
0 0 5078
0 0 5334
0 0 5350
0 0 5353
0 0 5356
0 0 5330
0 0 5315
0 0 5275
0 0 4862
0 52 5320
0 0 5401
0 0 5372
0 0 5362
0 0 5463
0 0 5893
0 0 5335
0 0 5005
0 132 5326
0 182 5178
0 2 5366
0 0 5414
0 0 5447
0 0 5698
0 0 6120
0 0 6056
0 137 4908
0 178 5200
0 0 5376
0 0 5360
0 0 5413
0 0 5298
0 0 5326
0 0 5373
0 144 4986
0 169 5199
0 0 5352
0 0 5333
0 0 5310
0 0 5295
0 0 5325
0 0 5354
0 0 5385
0 24 5029
0 0 5313
0 0 5345
0 0 5380
0 0 5408
0 0 5403
0 0 5388
0 0 5310
0 0 5037
0 0 5368
0 0 5356
0 0 5324
0 0 5358
0 0 5428
0 0 5340
0 0 5320
0 0 5056
0 0 5409
0 0 5359
0 0 5712
0 2 6119
0 0 6151
0 0 6067
0 0 6128
0 97 5248
0 169 5151
0 0 5320
0 0 5356
0 0 5380
0 0 5367
0 0 5276
0 0 5363
0 0 5365
0 170 4904
0 144 5317
0 0 5342
0 0 5290
0 0 5362
0 0 5302
0 0 5335
0 0 5359
0 164 4795
0 151 5140
0 0 5391
0 0 5300
0 0 5299
0 0 5377
0 0 5347
0 0 5298
0 0 5316
0 97 4906
0 0 5364
0 0 5344
0 0 5337
0 0 5290
0 0 5354
0 0 5315
0 0 5318
0 0 5037
0 0 5387
0 0 5225
0 2 5984
0 0 6209
0 0 6265
0 0 5861
0 0 5245
0 0 5043
0 0 5341
0 0 5400
0 0 5637
0 0 5827
0 0 5209
0 0 5247
0 0 5309
0 89 4927
0 0 5835
0 123 5909
0 0 6081
0 0 6045
0 0 6121
0 0 5965
0 0 6014
0 141 5374
0 172 5729
0 0 5287
0 0 5271
0 0 5270
0 0 5352
0 0 5300
0 0 5342
0 193 4810
0 0 5501
0 122 5442
0 0 5343
0 0 6057
0 0 6066
0 0 5960
0 0 5971
0 122 5160
0 50 5441
0 0 5412
0 0 5284
0 2 5477
0 0 5282
0 0 5164
0 0 5228
0 0 5184
0 0 4745
0 0 5225
0 0 5302
0 0 5146
0 0 5334
0 0 5272
0 0 5330
0 0 5359
0 8 4564
0 108 5442
0 0 5732
0 0 5264
0 0 5298
0 0 5241
0 0 5328
0 0 5254
0 0 5280
0 62 4538
0 108 5299
0 0 5279
0 0 5307
0 0 5341
0 0 5294
0 0 5337
0 0 5272
0 0 4707
0 0 5238
0 0 5244
0 0 5354
0 0 5332
0 0 5357
0 0 5273
0 0 5376
0 0 5353
0 0 4840
0 101 5283
0 0 5284
0 2 5295
0 0 5275
0 0 5149
0 0 5380
0 0 5238
0 0 5196
0 141 5518
0 0 998
0 172 5751
0 0 5318
0 0 5353
0 0 5274
0 0 5327
0 0 5291
0 0 5728
0 80 5503
0 0 6150
0 0 6073
0 0 6076
0 0 6109
0 0 6113
0 0 6090
0 0 5798
0 4 6175
0 0 6211
0 0 6207
0 0 6200
0 0 6146
0 0 5934
0 0 5060
0 225 5079
0 81 5288
0 0 5394
0 0 5354
0 0 5361
0 0 5331
0 0 5357
0 0 5411
0 246 5455
0 68 6179
0 0 6163
0 2 5944
0 0 6183
0 0 5341
0 0 5342
0 0 5325
0 53 4742
0 0 5302
0 0 5160
0 0 5281
0 0 5208
0 0 5408
0 0 5310
0 0 5437
0 0 4773
0 0 5302
0 0 5302
0 0 5290
0 0 5264
0 0 5215
0 0 5298
0 0 5233
0 0 5057
0 83 4399
0 80 5044
0 0 5281
0 0 5341
0 0 5133
0 0 5051
0 0 5299
0 0 5188
0 0 5286
0 88 4864
0 0 6093
0 0 5645
0 0 5312
0 0 5295
0 0 5062
0 0 5615
0 0 6073
0 0 5731
0 0 6183
0 0 6218
0 0 6181
0 2 6205
0 0 6205
0 0 5957
0 89 4760
0 103 5477
0 0 5991
0 0 5996
0 0 6009
0 0 5419
0 0 5011
0 0 5067
0 0 4928
0 199 5106
0 63 5998
0 0 6059
0 0 6089
0 0 6045
0 0 6042
0 0 6084
0 0 5365
0 0 6137
0 0 6065
0 0 6235
0 0 6220
0 0 6221
0 0 6069
0 0 5867
0 0 5820
0 0 5980
0 0 6179
0 0 6210
0 0 6175
0 0 6242
0 0 6144
0 0 5031
0 51 5041
0 0 5276
0 0 5088
0 0 5266
0 0 5254
0 0 5326
0 0 5200
0 0 5305
0 314 4574
0 0 5274
0 0 5307
0 0 5331
0 0 5316
0 0 5288
0 0 5546
0 0 6191
0 225 4917
0 90 5512
0 0 6058
0 0 5800
0 0 5243
0 0 5277
0 0 5259
0 0 5174
0 225 4948
0 88 5486
0 0 5152
0 0 5114
0 2 5977
0 0 5997
0 0 5974
0 0 6102
0 25 5400
0 0 5744
0 0 6020
0 0 6049
0 0 5844
0 0 5890
0 0 6130
0 0 5961
0 0 5548
0 3 6183
0 0 6166
0 0 6194
0 0 6015
0 0 5037
0 0 5087
0 0 5461
0 100 4474
0 71 5096
0 0 5093
0 0 5096
0 0 5172
0 0 5136
0 0 5042
0 0 5066
0 0 5092
0 88 4558
0 0 5611
0 0 6076
0 0 6082
0 0 6068
0 0 6116
0 0 6114
0 0 5502
0 0 6087
0 0 6114
0 0 6074
0 0 6131
0 0 6169
0 0 5906
0 0 6197
0 165 5445
0 47 6076
0 0 5339
0 0 5090
0 0 5399
0 0 5123
0 0 5076
0 0 5289
0 246 5361
0 0 6028
0 0 6029
0 0 6166
0 0 6095
0 0 6127
0 0 6092
0 0 5722
0 0 6079
0 0 6181
0 0 6149
0 0 6153
0 0 6122
0 0 6247
0 0 6299
0 4 5528
0 101 5918
0 0 6102
0 0 5878
0 0 5816
0 0 5187
0 0 5277
0 0 5194
0 189 5087
0 124 6098
0 0 6135
0 0 5806
0 0 4964
0 0 5251
0 0 5187
0 0 5294
0 48 4964
0 0 5295
0 0 5258
0 0 5354
0 0 5324
0 0 5270
0 0 5222
0 0 5274
0 0 5291
0 0 4844
0 0 5423
0 0 5330
0 0 5253
0 0 5302
0 0 5353
0 0 5362
0 0 5208
0 129 4691
0 39 5312
0 0 5327
0 0 5353
0 0 5336
0 0 5268
0 0 5288
0 0 5340
0 0 5567
0 111 5321
0 64 5924
0 0 5898
0 0 5517
0 0 5744
0 0 6049
0 0 5943
0 103 5314
0 0 5933
0 0 6095
0 0 6105
0 0 6050
0 0 5813
0 0 5357
0 0 5292
0 0 5074
0 0 5285
0 0 5347
0 0 5331
0 0 5255
0 0 5329
0 0 5255
0 0 5325
0 0 5197
0 188 5513
0 0 6110
0 0 6173
0 0 6213
0 0 6073
0 0 6175
0 0 5812
0 295 4709
0 0 5543
0 0 6138
0 0 6065
0 0 6107
0 0 6207
0 0 6156
0 0 6135
0 0 4872
0 0 5862
0 0 5821
0 0 5835
0 0 5708
0 0 5908
0 0 6084
0 0 5879
0 0 4677
0 55 5076
0 0 5655
0 0 5549
0 0 5315
0 0 5022
0 0 4735
0 0 4780
0 78 3992
0 0 5128
0 213 4967
0 0 5092
0 0 5119
0 0 5136
0 0 4969
0 0 4845
0 0 5896
0 60 5498
0 51 6033
0 0 6075
0 0 6121
0 0 6048
0 0 6133
0 0 6117
0 0 6102
0 0 5330
0 0 5244
0 0 5187
0 0 5394
0 0 5197
0 0 5144
0 0 5091
0 0 5416
0 0 4646
0 0 5065
0 0 5054
0 0 5140
0 0 5242
0 0 5144
0 0 5109
0 0 5051
0 0 5083
0 0 4652
0 211 5032
0 0 5145
0 0 5127
0 0 5034
0 0 5126
0 0 5116
0 0 5124
0 0 5105
0 11 4561
0 275 4941
0 0 5078
0 0 5154
0 0 5226
0 0 5178
0 0 5161
0 0 5135
0 0 5152
0 14 4854
0 300 4939
0 0 5120
0 0 5198
0 0 5213
0 0 5152
0 0 5116
0 0 5034
0 0 5118
0 16 4773
0 83 5065
0 0 5144
0 0 5096
0 0 5205
0 0 5201
0 0 5310
0 0 5144
0 0 4669
0 65 5115
0 0 5133
0 0 5281
0 0 5122
0 0 5171
0 0 5157
0 0 5453
0 0 5155
0 0 4836
0 0 5287
0 0 5529
0 0 5346
0 0 5152
0 0 5131
0 0 5172
0 0 5125
0 0 5101
0 41 4698
0 176 5028
0 0 5152
0 0 5184
0 0 5179
0 0 5469
0 0 5055
0 0 5060
0 5 4742
0 0 5288
0 225 4943
0 0 5158
0 0 5158
0 0 5281
0 0 5146
0 0 5115
0 0 4986
0 35 4268
0 164 4432
0 116 4499
0 0 4547
0 0 4717
0 0 4468
0 0 4538
0 0 4593
0 0 4625
0 0 4512
0 40 4201
0 117 4481
0 0 4655
0 0 4518
0 0 4600
0 0 4414
0 0 4567
0 0 4496
0 0 4515
0 0 4587
0 44 4208
0 39 4588
0 0 4491
0 0 4601
0 0 4792
0 0 4512
0 0 4552
0 0 4580
0 0 4506
0 0 4433
0 0 4285
0 188 4531
0 0 4563
0 0 4494
0 0 4530
0 0 4527
0 0 4457
0 0 4600
0 0 4491
0 0 4575
0 0 4240
0 199 4477
0 0 4570
0 0 4492
0 0 4796
0 0 4500
0 0 4459
0 0 4538
0 0 4700
0 0 4560
0 54 4520
0 22 5101
0 0 5418
0 0 5091
0 0 5104
0 0 4956
0 0 5329
0 0 5028
0 0 5036
0 0 4763
0 29 5379
0 0 5063
0 0 5024
0 0 5042
0 0 5092
0 0 5046
0 0 5087
0 0 5108
0 0 4603
0 173 4935
0 0 5086
0 0 5058
0 0 5219
0 0 5066
0 0 5088
0 0 4961
0 0 4883
0 49 4981
0 197 4922
0 0 5084
0 0 5177
0 0 5070
0 0 4934
0 0 5047
0 0 5252
0 48 4653
0 0 5070
0 167 5128
0 0 5451
0 0 5027
0 0 5030
0 0 5050
0 0 5150
0 0 5087
0 52 4671
0 95 5190
0 0 4993
0 0 5067
0 0 5032
0 0 5037
0 0 5058
0 0 5020
0 0 5061
0 64 4737
0 97 5160
0 0 5044
0 0 5045
0 0 5024
0 0 5100
0 0 5086
0 0 5041
0 0 4987
0 30 4700
0 115 4991
0 0 5078
0 0 5103
0 0 5065
0 0 5084
0 0 5061
0 0 5023
0 0 5381
0 60 5400
0 112 4971
0 0 5093
0 0 5030
0 0 5119
0 0 5101
0 0 5923
0 0 5824
0 24 5229
0 138 5819
0 0 5751
0 0 5856
0 0 5739
0 0 5855
0 0 5814
0 0 5756
0 20 5096
0 156 5526
0 0 5085
0 0 5015
0 0 5038
0 0 4999
0 0 5236
0 0 5860
0 0 5901
0 62 5623
0 109 5952
0 0 5879
0 0 5910
0 0 5894
0 0 5952
0 0 5912
0 57 5309
0 108 5068
0 0 4963
0 0 5011
0 0 4987
0 0 5021
0 0 5047
0 0 5152
0 0 5059
0 65 4585
0 206 4937
0 0 5278
0 0 5097
0 0 5085
0 0 5065
0 0 5090
0 0 4983
0 0 5050
0 90 4662
0 201 4976
0 0 5026
0 0 5045
0 0 5037
0 0 5211
0 0 5058
0 0 5052
0 0 5036
0 70 4648
0 199 4898
0 0 5069
0 0 4963
0 0 5405
0 0 5117
0 0 5024
0 0 5011
0 0 5254
0 99 4621
0 203 4873
0 0 5804
0 0 5412
0 0 4968
0 0 5031
0 0 4867
0 0 5013
0 0 5330
0 272 4670
0 30 5162
0 0 5307
0 0 5406
0 0 5389
0 0 5473
0 0 5339
0 0 5175
0 40 4903
0 17 5321
0 0 5335
0 0 5334
0 0 5301
0 0 5165
0 0 5573
0 0 5328
0 0 5318
0 38 4926
0 0 5283
0 0 5323
0 0 5187
0 0 5327
0 0 5440
0 0 5275
0 0 5257
0 93 4863
0 26 5566
0 0 5194
0 0 5250
0 0 5121
0 0 5392
0 0 5263
0 0 5293
0 0 5260
0 63 4889
0 205 5050
0 0 5225
0 0 5280
0 0 5597
0 0 5260
0 0 5147
0 0 5262
0 123 5127
0 0 5578
0 178 5149
0 0 5268
0 0 5621
0 0 5230
0 0 5298
0 0 5207
0 0 5318
0 30 4958
0 39 5252
0 0 5298
0 0 5534
0 0 5415
0 0 5301
0 0 5276
0 0 5319
0 27 4926
0 0 5285
0 0 5375
0 0 5234
0 0 5285
0 0 5267
0 2 5310
0 0 5279
0 0 5216
0 89 4891
0 0 5460
0 0 5545
0 0 5278
0 0 5299
0 0 5300
0 0 5511
0 0 5320
0 118 4853
0 160 5184
0 0 5325
0 0 5309
0 0 5288
0 0 5214
0 0 5327
0 0 5294
0 0 5295
0 137 4794
0 165 5102
0 0 5230
0 0 5300
0 0 5193
0 0 5680
0 0 5324
0 0 5313
0 19 4894
0 61 5285
0 0 5138
0 0 5251
0 0 5220
0 0 5275
0 0 5284
0 0 5326
0 0 5178
0 18 4944
0 0 5286
0 0 5275
0 0 5279
0 0 5612
0 0 5341
0 0 5243
0 0 5257
0 27 4952
0 65 5233
0 0 5254
0 0 5269
0 0 5491
0 0 5253
0 0 5332
0 0 5418
0 0 5576
0 145 4834
0 143 5124
0 0 5324
0 0 5250
0 0 5325
0 0 5243
0 0 5302
0 0 5638
0 143 4969
0 0 5270
0 158 5113
0 0 5298
0 0 5327
0 0 5287
0 0 5318
0 0 5384
0 0 5298
0 10 4868
0 83 5164
0 0 5607
0 0 5301
0 0 5284
0 0 5289
0 0 5448
0 0 5238
0 8 4975
0 0 5244
0 0 5591
0 0 5355
0 0 5295
0 0 5134
0 0 5245
0 0 5929
0 0 6116
0 4 5798
0 0 6168
0 0 6155
0 0 6120
0 0 6070
0 0 6094
0 0 6044
0 130 5442
0 163 4513
0 0 5518
0 0 5402
0 0 5512
0 0 6193
0 0 6124
0 0 6126
0 142 5481
0 157 5869
0 0 6074
0 0 6071
0 0 6144
0 0 6100
0 0 6146
0 0 5656
0 0 4711
0 101 5108
0 0 5220
0 0 5255
0 0 5244
0 0 5222
0 0 5242
0 0 5184
0 0 4620
0 2 5252
0 0 5388
0 0 5235
0 0 5223
0 0 5096
0 0 5291
0 0 5285
0 0 5235
0 14 4589
0 0 5120
0 0 5066
0 0 5046
0 0 5060
0 0 5105
0 0 4972
0 0 4978
0 0 4993
0 127 4358
0 170 5116
0 0 5841
0 0 5858
0 0 5929
0 0 5907
0 0 5489
0 0 5792
0 138 4716
0 152 4881
0 0 5030
0 0 5069
0 0 4996
0 0 5303
0 0 5736
0 0 5721
0 0 5724
0 0 5529
0 113 5794
0 0 5886
0 0 5938
0 0 5944
0 0 5817
0 0 5888
0 0 5338
0 4 6000
0 0 5988
0 0 6014
0 0 5990
0 0 5967
0 0 5976
0 0 5890
0 0 5501
0 18 5484
0 0 5010
0 0 4906
0 0 5020
0 0 4888
0 0 4791
0 0 4938
0 0 5036
0 160 5177
0 131 5830
0 0 5504
0 0 5719
0 0 5767
0 0 5828
0 0 5811
0 0 5919
0 180 5244
0 99 5713
0 0 5930
0 0 5956
0 0 5904
0 0 5751
0 0 5884
0 47 5295
0 69 5835
0 8 5751
0 0 6175
0 0 5991
0 0 5911
0 0 5852
0 0 5516
0 0 4760
0 0 5026
0 0 5100
0 0 5014
0 0 4985
0 0 4965
0 0 5012
0 0 5030
0 0 5043
0 0 4725
0 28 5016
0 0 5036
0 0 5064
0 0 4987
0 0 5059
0 0 4924
0 0 5558
0 0 5120
0 183 4897
0 35 5941
0 0 5940
0 0 5710
0 0 4975
0 0 5128
0 0 4999
0 0 4997
0 117 4630
0 77 4929
0 75 4999
0 0 5449
0 0 5863
0 0 5895
0 0 5975
0 0 5947
0 0 5516
0 88 5800
0 48 4961
0 0 5015
0 0 5021
0 0 4976
0 0 5432
0 0 5113
0 0 5364
0 0 5326
0 19 5908
0 0 5869
0 0 5837
0 0 5875
0 0 5834
0 0 5396
0 0 4789
0 115 4789
0 22 5922
0 0 5905
0 0 5871
0 0 5894
0 0 5924
0 0 5754
0 0 5871
0 8 5374
0 37 5813
0 0 5933
0 0 5802
0 0 5804
0 0 5460
0 0 5013
0 0 5110
0 0 5452
0 40 5961
0 0 5507
0 0 4850
0 0 5010
0 0 4996
0 0 5004
0 0 5369
0 0 5045
0 96 4668
0 0 4971
0 0 4987
0 0 5557
0 0 5741
0 0 5778
0 0 5911
0 0 5853
0 222 4760
0 80 4909
0 0 4994
0 0 5055
0 0 5150
0 0 5001
0 0 5021
0 0 5006
0 0 5426
0 178 4474
0 78 4965
0 0 5030
0 0 5505
0 0 5136
0 0 4972
0 0 4987
0 0 4996
0 0 5020
0 29 4591
0 74 4924
0 0 5228
0 0 4946
0 0 4970
0 0 5032
0 0 5193
0 0 5048
0 0 5012
0 0 4512
0 26 5310
0 0 4990
0 0 5029
0 0 4973
0 0 5011
0 0 4934
0 0 4966
0 0 5054
0 62 4630
0 74 4928
0 0 5049
0 0 5027
0 0 5314
0 0 5358
0 0 5901
0 0 5804
0 13 5502
0 35 5932
0 0 5982
0 0 5777
0 0 5812
0 0 5828
0 0 5823
0 0 5863
0 26 5266
0 15 5989
0 0 6035
0 0 5520
0 0 4989
0 0 4950
0 0 4900
0 0 4863
0 97 4374
0 37 4993
0 0 4851
0 0 5010
0 0 5003
0 0 5040
0 0 5010
0 0 5016
0 0 5011
0 0 5423
0 29 5899
0 0 5788
0 0 5877
0 0 5001
0 0 4974
0 0 5370
0 0 5796
0 55 5445
0 0 6102
0 0 6037
0 0 6133
0 0 6062
0 0 6097
0 0 6112
0 0 6140
0 93 5059
0 26 5240
0 0 5211
0 0 5422
0 0 5183
0 0 5236
0 0 5304
0 0 5284
0 0 4769
0 0 5254
0 0 5258
0 0 5310
0 0 5289
0 0 5278
0 0 5279
0 0 5249
0 0 4937
0 39 4601
0 20 5065
0 0 5089
0 0 4982
0 0 5062
0 0 5015
0 0 4916
0 0 5051
0 0 5026
0 77 4573
0 50 4930
0 0 4997
0 0 4991
0 0 4932
0 0 4902
0 0 4994
0 0 4975
0 0 4987
0 238 4501
0 0 5009
0 0 5120
0 0 5031
0 0 5013
0 0 5036
0 0 5034
0 0 5103
0 0 5052
0 227 4512
0 0 4948
0 0 5081
0 0 4998
0 0 4985
0 0 4993
0 0 4954
0 0 5083
0 0 5099
0 0 4766
0 0 5058
0 0 5057
0 0 5078
0 0 5076
0 0 5014
0 0 4989
0 0 5037
0 0 5042
0 70 4719
0 0 5079
0 0 5035
0 0 4939
0 0 5005
0 0 5010
0 0 4946
0 0 4968
0 0 4998
0 146 4618
0 0 5058
0 0 5063
0 0 5012
0 0 4976
0 0 4938
0 0 5075
0 0 5008
0 0 5043
0 228 4610
0 13 4961
0 0 5054
0 0 5043
0 0 4972
0 0 5050
0 0 5002
0 0 4970
0 0 5007
0 226 4469
0 0 4961
0 0 5042
0 0 5047
0 0 5018
0 0 4997
0 0 5068
0 0 5043
0 0 5103
0 7 4716
0 34 5023
0 0 5044
0 0 4970
0 0 5030
0 0 5081
0 0 4931
0 0 5002
0 0 4929
0 62 4501
0 0 4968
0 0 4948
0 0 4982
0 0 4860
0 0 5084
0 0 5071
0 0 4911
0 0 4987
0 1 4629
0 99 5027
0 0 4968
0 0 5039
0 0 5017
0 0 5036
0 0 4953
0 0 5059
0 0 4977
0 0 4658
0 44 4957
0 0 5011
0 0 4960
0 0 5040
0 0 5077
0 0 5026
0 0 5055
0 0 5094
0 5 4675
0 111 4920
0 0 4991
0 0 5267
0 0 5808
0 0 5987
0 0 5477
0 0 4954
0 0 4995
0 34 4613
0 79 4977
0 0 5029
0 0 5078
0 0 5364
0 0 5061
0 0 5044
0 0 5029
0 0 4973
0 0 4545
0 45 5520
0 0 5860
0 0 5902
0 0 5889
0 0 5787
0 0 5790
0 0 5911
0 10 5509
0 107 5809
0 0 5948
0 0 5916
0 0 5602
0 0 5671
0 0 5097
0 0 5081
0 0 4625
0 70 4966
0 0 5434
0 0 5841
0 0 5911
0 0 5947
0 0 5882
0 0 5923
0 0 5396
0 47 5942
0 0 5753
0 0 5985
0 0 5448
0 0 5003
0 0 4976
0 0 5023
0 9 4371
0 106 5285
0 0 5840
0 0 5898
0 0 5761
0 0 5726
0 0 5842
0 0 5830
0 0 5421
0 81 5823
0 0 5840
0 0 5949
0 0 5912
0 0 5958
0 0 5844
0 0 6132
0 0 5008
0 44 5037
0 0 5001
0 0 4967
0 0 5020
0 0 4921
0 0 5012
0 0 4946
0 0 4948
0 18 4569
0 189 4844
0 0 4974
0 0 5000
0 0 4883
0 0 4966
0 0 4938
0 0 4963
0 0 4971
0 25 4577
0 162 4848
0 0 4934
0 0 4976
0 0 4959
0 0 4960
0 0 5042
0 0 4977
0 0 5066
0 38 4479
0 153 4873
0 0 5032
0 0 5001
0 0 5111
0 0 5003
0 0 5043
0 0 4911
0 0 5082
0 34 4561
3276 293 14262
9052 663 18778
15132 680 18377
21363 660 19065
27876 610 17866
34925 553 17657
42528 629 17186
49864 653 17308
57323 625 16583
65468 636 16119
73357 577 14278
81180 550 12572
89773 591 13080
99068 619 12857
108263 609 11635
117086 560 10529
126899 618 10961
136949 629 10695
146997 608 9876
157000 596 9345
167058 613 8998
177331 642 8455
186782 680 7164
196393 560 7001
207260 617 7384
217622 575 6598
228330 595 6514
239723 605 6638
250354 568 5921
260638 568 5420
270402 538 4942
281545 623 5412
292155 586 4760
303676 626 5081
314282 576 4419
324696 563 4087
335019 561 4082
345643 554 4002
355412 529 3394
365358 511 3383
376702 592 3733
388153 607 3727
399278 592 3299
410431 594 3377
421651 600 3167
432085 540 2776
442064 526 2608
452819 568 2779
463164 542 2544
474627 594 2795
485496 575 2515
496367 549 2450
507701 576 2477
518121 573 2251
528565 553 2323
536764 541 1695
546949 530 2048
558362 599 2232
568900 549 2038
579950 580 2015
591452 621 2122
601909 550 1844
612851 561 1831
624300 609 1855
635624 567 1850
647229 573 1892
657214 502 1666
668581 634 1736
679272 583 1659
689873 559 1533
699824 522 1316
707902 545 1117
719404 600 1598
730730 603 1583
741272 547 1473
752187 557 1445
763050 532 1406
774878 594 1557
786363 598 1330
796251 512 1189
806536 530 1234
817424 580 1356
828177 569 1237
838699 563 1196
848820 531 1111
859024 539 1126
869160 540 1081
879237 524 1043
889751 540 1141
900596 529 1110
910692 515 978
921384 562 1064
932023 559 1080
942595 543 1030
953101 556 968
964129 582 1070
975994 609 1040
988388 651 1103
1000324 633 1115
1010919 558 915
1021378 518 952
1031564 548 822
1038810 398 633
1048845 501 857
1059499 543 909
1070938 583 878
1081908 569 824
1092411 542 862
1102352 510 729
1113068 554 876
1123364 550 812
1133331 531 733
1144175 568 825
1154707 535 784
1165187 543 776
1175441 509 768
1185063 477 751
1195478 541 671
1205793 546 681
1215642 520 662
1225597 526 683
1236206 559 754
1246488 524 680
1256988 541 646
1266990 560 677
1278023 595 776
1288183 515 639
1298376 536 635
1308772 509 593
1319574 525 593
1329891 526 633
1339292 488 568
1349342 513 688
1359701 540 541
1369974 546 576
1377526 453 413
1387933 539 571
1399038 567 591
1409128 524 548
1418981 529 523
1429784 537 599
1440409 524 538
1451049 529 566
1461002 523 513
1471180 523 493
1482198 567 560
1492904 550 531
1504157 597 529
1514358 556 508
1525003 554 527
1535030 533 511
1545069 542 468
1552621 415 355
1563656 545 499
1573488 475 448
1583682 496 480
1594331 558 471
1604561 570 437
1615094 541 465
1625341 526 439
1635333 545 558
1645589 531 488
1656180 545 489
1666844 578 570
1677633 569 471
1688748 579 490
1699118 508 445
1709197 492 430
1718908 490 364
1729312 551 473
1739418 516 440
1749848 529 458
1759934 515 445
1770562 551 481
1780612 565 397
1791279 564 416
1801542 544 434
1811964 544 413
1822798 580 387
1834022 552 439
1845410 551 411
1856669 541 382
1867056 549 418
1878173 630 416
1889106 579 421
1900383 595 442
1909398 482 356
1921048 630 460
1932288 576 398
1943636 586 473
1954557 565 394
1961456 390 210
1972344 545 343
1983754 555 442
1994829 540 375
2005614 592 399
2017303 612 462
2028761 603 410
2039308 543 411
2050279 590 421
2060814 557 399
2072167 593 341
2083686 603 436
2095222 593 390
2107373 577 381
2118436 558 373
2129939 590 374
2140504 551 354
2150883 554 389
2161532 562 358
2171527 513 284
2181533 517 347
2192229 554 385
2202548 532 261
2213389 562 347
2223816 535 305
2234564 552 304
2245261 541 337
2252853 379 264
2263305 520 306
2273118 511 309
2284175 598 352
2294684 535 306
2305204 540 321
2315305 528 298
2326094 563 398
2336480 534 355
2346884 538 324
2356949 510 305
2368147 439 371
2378658 453 297
2390184 571 284
2397884 454 295
2408622 570 353
2419155 541 312
2430358 574 344
2441213 555 331
2452107 594 259
2463316 585 294
2474068 551 295
2485022 568 310
2497020 625 400
2507955 570 309
2518867 583 298
2529582 534 278
2540566 531 322
2551432 564 372
2561747 534 304
2572605 560 321
2582890 526 248
2593888 580 338
2603496 514 257
2613517 527 249
2625422 655 300
2636566 575 325
2647763 537 310
2658278 512 252
2668903 522 317
2680026 603 276
2691550 615 277
2702504 566 295
2710475 504 217
2721804 601 253
2733212 609 288
2744325 574 320
2756200 623 260
2767461 572 284
2778759 590 319
2789545 540 277
2800714 573 245
2812563 574 297
2824379 607 288
2835279 572 335
2846665 603 285
2857011 559 273
2868002 576 281
2878938 580 281
2889433 547 239
2900262 548 269
2911387 575 257
2921215 482 272
2932299 553 278
2943140 553 331
2953853 550 246
2965038 583 249
2973848 483 203
2984078 532 243
2995507 581 259
3006613 563 309
3017919 588 264
3028613 582 210
3039556 548 268
3051277 617 308
3061650 509 227
3072140 509 278
3083599 594 280
3093498 553 241
3105239 595 286
3116318 570 200
3127101 567 289
3138392 637 267
3149489 591 243
3160748 611 298
3172478 624 301
3184475 574 257
3195057 564 240
3206232 547 276
3217320 586 284
3228229 572 290
3238342 550 203
3248898 542 245
3257557 450 188
3268534 594 254
3279798 578 288
3291707 615 270
3303127 597 259
3314960 616 314
3326543 569 265
3336786 490 216
3347796 553 246
3358939 588 233
3369765 586 245
3381661 613 281
3392073 536 232
3403762 609 287
3414529 554 261
3425182 579 235
3437420 615 239
3449011 605 262
3460053 539 239
3466505 317 164
3478135 566 265
3490276 638 300
3501400 574 247
3512198 558 254
3523666 598 235
3532446 521 177
3544215 618 255
3555403 582 229
3566716 588 289
3577487 556 262
3588486 529 237
3599106 536 231
3610507 566 212
3622102 618 310
3633310 602 225
3643944 554 202
3655383 599 253
3666806 592 234
3677805 575 241
3689643 615 235
3701169 606 257
3712929 642 238
3723998 543 280
3734333 521 169
3745041 548 231
3755633 544 221
3766328 553 212
3777950 600 227
3789410 595 204
3798374 464 163
3809201 567 248
3819445 523 192
3830466 580 201
3841935 584 220
3853021 579 206
3864165 561 200
3874913 536 213
3886280 561 202
3897592 599 227
3908674 578 241
3918928 536 211
3930598 602 251
3941351 561 226
3952490 585 234
3964166 613 236
3975612 617 287
3986993 580 175
3998005 558 205
4010005 592 200
4020745 546 186
4031582 557 234
4043033 596 255
4053685 583 189
4065552 616 223
4076651 588 267
4087253 571 211
4098513 602 219
4106596 467 130
4117494 548 214
4127008 484 215
4138701 568 252
4149744 540 219
4160117 523 201
4167346 433 132
4177673 543 164
4189461 627 243
4200370 572 259
4212189 617 196
4222752 551 216
4233124 565 238
4244158 580 217
4255121 546 239
4265682 557 247
4276827 550 180
4286708 484 189
4298158 589 193
4310157 616 218
4322204 650 225
4333206 585 220
4343494 564 173
4354206 560 208
4364697 549 176
4374884 539 176
4385063 522 193
4395946 563 183
4406148 494 207
4417311 542 158
4428528 595 177
4439155 583 162
4450483 598 194
4460746 544 161
4471073 544 209
4481572 544 192
4492100 541 222
4503384 589 176
4514702 590 224
4524901 514 194
4536395 590 294
4547867 555 194
4559137 591 226
4570744 620 195
4579064 514 161
4589591 540 207
4600197 538 209
4610757 538 190
4620952 594 182
4631032 523 149
4641022 525 181
4651525 569 170
4662082 530 164
4672810 539 178
4682999 496 213
4692898 486 156
4703608 556 179
4713302 494 161
4723236 505 181
4733093 548 193
4743780 540 166
4753949 524 173
4764522 537 185
4775208 557 192
4785871 556 208
4796411 542 163
4806539 518 165
4813831 428 112
4824430 516 183
4834826 538 187
4844875 532 152
4855252 532 205
4865848 549 207
4875739 518 161
4885793 529 193
4895819 517 187
4906472 632 161
4917333 559 175
4927636 530 169
4939126 556 208
4950715 564 192
4961802 572 230
4973108 595 184
4983831 560 209
4995279 595 185
5006471 572 211
5017209 559 161
5028443 617 199
5039562 582 187
5050497 571 153
5061805 590 174
5073232 563 152
5082129 590 108
5092736 512 139
5104377 570 191
5115039 554 208
5126108 579 223
5136836 548 203
5148204 594 175
5159663 630 238
5171611 643 221
5182460 563 206
5193868 621 173
5204798 561 187
5216783 591 214
5226967 489 212
5238262 561 141
5248732 545 187
5260986 659 213
5272183 573 179
5283223 569 202
5294687 595 178
5306061 599 218
5317296 614 157
5327307 527 146
5338432 563 172
5349984 567 154
5361242 554 207
5373087 628 183
5384658 584 188
5397081 657 180
5407279 531 141
5417554 534 174
5429438 661 147
5440701 603 159
5451637 570 156
5460224 573 113
5471750 581 175
5482333 659 120
5493809 555 158
5504631 521 169
5516340 599 165
5528197 615 200
5539527 584 178
5551238 624 187
5562893 598 172
5575113 626 238
5586604 597 152
5598557 666 220
5610392 571 184
5621724 604 148
5633062 550 158
5644641 581 162
5655963 622 179
5668027 617 184
5679145 573 193
5690732 618 180
5702290 604 212
5713734 624 152
5725368 610 216
5736894 601 139
5748575 563 194
5760059 566 170
5771954 617 211
5784183 633 158
5792490 442 115
5804368 641 160
5814867 546 153
5826366 618 172
5837866 609 179
5849008 587 144
5860266 592 174
5872456 626 154
5883564 570 169
5895046 604 137
5905423 501 173
5915326 488 125
5925691 550 153
5937435 610 133
5947793 533 120
5958259 534 171
5969206 564 140
5979929 566 179
5990526 570 157
6001413 574 168
6011752 534 172
6023510 573 163
6034691 548 167
6046716 615 158
6057449 581 163
6069153 611 156
6079472 533 150
6089938 539 132
6101069 588 141
6110728 632 172
6120976 557 164
6131421 546 136
6137852 348 95
6148636 561 132
6159826 559 143
6169493 497 152
6179111 477 160
6189929 556 135
6200499 546 177
6210895 533 147
6221762 554 137
6233619 609 174
6244824 593 208
6255686 554 146
6266541 568 127
6277159 557 143
6288463 582 182
6299958 588 157
6311676 572 165
6323387 576 151
6334538 576 156
6344672 537 160
6356379 605 144
6367636 572 149
6378737 581 145
6389447 564 128
6396039 868 66
6396064 2453 0
6396064 1976 0
6396064 2018 0
6396064 1959 0
6396064 1860 1
6396064 1174 3
6396401 1181 2
6396404 1435 3
6396672 1280 3
6396926 1113 3
6396926 1267 3
6396994 1327 2
6397108 1228 3
6397413 1204 3
6397448 1217 3
6397775 1008 3
6397935 1236 2
6398138 1313 3
6398542 1130 3
6398845 1111 3
6398866 1216 3
6398948 1373 2
6399335 1433 3
6399710 1230 3
6399967 1211 3
6400134 1265 3
6400319 1299 2
6401069 1136 3
6401069 1371 3
6401069 1282 3
6401548 1207 3
6401572 1297 3
6401572 1532 2
6401824 1474 3
6401838 1323 3
6402018 1190 4
6402153 1296 3
6402417 1336 2
6402562 1341 3
6403406 938 3
6403875 1014 3
6404090 1059 3
6404090 1211 2
6404462 1100 3
6404462 1246 3
6404639 1158 4
6405167 922 4
6405653 1086 2
6405807 1407 4
6405849 1368 3
6406702 828 3
6406815 1090 4
6407246 1510 2
6407986 1230 4
6408793 1081 3
6408793 1293 4
6409303 1112 2
6409307 1333 3
6409694 1280 4
6409748 1208 3
6409853 1219 3
6410431 1125 3
6411117 1196 3
6411286 1254 4
6411286 1470 4
6411619 1217 3
6411729 1324 3
6411913 1106 2
6412248 1236 4
6412395 1261 3
6412395 1097 3
6412417 917 3
6412417 1354 2
6413154 1188 3
6413287 1462 3
6413906 1049 4
6414977 914 3
6415448 991 3
6415859 1118 3
6415983 1282 4
6416340 1244 3
6416414 1141 3
6416493 1279 3
6416692 1354 3
6416980 1348 2
6417342 1039 2
6417554 1261 3
6417688 1294 5
6418246 1174 3
6418590 1254 4
6419475 1175 4
6419660 1538 3
6419792 1322 3
6419928 1140 3
6421012 991 3
6421178 1123 3
6421178 2028 2
6421220 1395 4
6421252 1264 3
6421473 1242 4
6421965 1165 3
6422752 1109 3
6423064 1298 4
6423254 1179 4
6423480 1170 5
6423612 1206 5
6424051 953 3
6424519 1334 3
6424784 1037 3
6425458 986 5
6426104 1024 4
6426125 1176 3
6426376 1243 3
6426510 1411 4
6427000 1258 4
6427472 1074 5
6427893 1047 4
6428205 1164 3
6428300 1289 2
6429029 1070 3
6429975 927 4
6430421 1098 5
6430840 1088 3
6430873 1322 2
6430917 1365 3
6431521 1231 7
6431521 1374 4
6431671 1196 3
6432149 1142 2
6432241 1372 3
6432241 1415 3
6432656 1024 3
6432926 1156 3
6432926 1185 3
6433190 1322 2
6434673 1054 7
6434851 1230 4
6434865 1230 4
6435035 1499 3
6435060 1195 2
6435127 1292 3
6435663 1208 4
6435664 1219 3
6435755 1246 3
6436586 1183 2
6436670 1511 3
6437072 1157 3
6437651 1030 4
6437651 1236 3
6437876 1154 3
6438370 1195 2
6438505 1380 4
6438769 1254 5
6439199 1184 4
6439235 1247 3
6439544 1356 2
6439703 1454 6
6439744 1262 3
6440004 1131 4
6440150 1275 5
6440538 1216 4
6440863 1298 5
6440991 1422 3
6441052 1327 5
6441274 1080 3
6441404 1207 3
6441404 1193 4
6441572 1096 3
6442251 1040 3
6442463 1317 3
6442801 1225 5
6442963 1181 3
6443131 1291 4
6443145 1580 3
6443282 1362 4
6443650 1071 4
6443956 1132 3
6444336 1161 4
6444815 1186 3
6444863 1643 6
6445016 1165 3
6445122 16 3
6445474 17 4
6445798 19 6
6446202 18 6
6446258 17 3
6446621 17 4
6446721 18 6
6447576 19 6
6447893 17 3
6448411 16 8
6448465 19 2
6448485 18 3
6448709 17 4
6448816 66 4
6449191 1254 3
6449307 1598 4
6449457 1327 3
6449481 1205 4
6449575 1144 3
6450423 993 6
6450423 1334 3
6451353 961 7
6451584 1233 6
6451907 1171 4
6452181 1078 3
6452444 1312 3
6452882 1093 3
6453834 910 5
6454158 1266 3
6454684 1116 6
6455540 1028 4
6456392 859 3
6456750 1025 3
6456872 1361 4
6457336 1089 8
6457870 1111 3
6457976 1138 4
6458382 1152 6
6458424 1260 3
6458565 1128 7
6458748 1136 6
6458940 1084 3
6458970 1222 2
6459708 1116 3
6460231 1056 3
6460692 1044 5
6461299 1122 4
6461639 1218 2
6461741 1264 5
6462233 1058 3
6463239 1002 7
6463449 1162 3
6463593 1476 4
6464139 1197 9
6464384 1163 3
6464557 1001 4
6465035 1069 8
6465799 1040 3
6466520 1185 3
6466821 1496 6
6467150 1416 5
6467898 1195 4
6468666 1143 3
6468839 1358 5
6469035 1552 5
6469307 1161 6
6469759 986 6
6470100 1160 5
6470871 1174 6
6471695 1059 5
6472833 941 7
6473486 1075 7
6473539 1106 3
6473844 1168 3
6474856 1110 9
6475687 1153 8
6475851 1178 5
6475855 1163 3
6476212 1178 4
6476638 1136 2
6476654 1355 4
6476915 1221 3
6477222 1197 3
6477451 1192 4
6478041 920 3
6478340 1236 4
6478895 1092 5
6479598 1145 6
6479744 1214 5
6479888 1115 5
6480230 1210 3
6480730 1303 5
6481225 1085 4
6481828 1051 4
6482093 1467 2
6483215 1227 6
6483286 1292 3
6484387 1010 9
6484719 1144 6
6485062 1245 6
6486725 1251 6
6487025 1421 3
6487409 1233 3
6487549 1409 5
6487826 1359 5
6488193 1374 5
6488483 1147 7
6489074 1048 5
6489760 1011 5
6490497 1077 7
6490737 1329 3
6491103 1176 5
6491195 1190 3
6492315 1040 4
6492325 1241 3
6492623 1189 2
6493138 1227 3
6493837 1140 6
6494038 1205 3
6494040 1216 4
6494372 1171 4
6494543 1338 3
6494597 1306 5
6494983 1205 6
6495300 943 5
6495828 1014 6
6496227 1212 3
6497678 913 4
6498051 1342 5
6499144 1111 3
6499405 1208 6
6500254 1039 3
6500264 1269 3
6500343 1244 2
6500736 1227 5
6501597 861 10
6502041 1047 8
6502518 1105 5
6503295 1045 8
6503857 1270 3
6504078 1299 5
6504468 1236 5
6505091 1092 4
6505429 1302 7
6506087 986 8
6506275 1157 7
6506961 983 5
6507390 1102 6
6507583 1333 5
6507933 1301 7
6508558 1061 3
6508795 1165 9
6508917 1211 4
6509438 1066 3
6509876 1118 8
6510677 1107 6
6510861 1206 7
6510943 1225 4
6511042 1199 3
6511224 1344 7
6511386 1317 4
6511595 1089 3
6512327 948 5
6512867 1110 6
6513230 1128 2
6513824 1148 6
6514100 1194 8
6514762 980 3
6515176 1041 8
6515608 1139 4
6515859 1228 3
6516283 1028 7
6516570 1084 4
6517368 1094 4
6518241 1101 12
6518483 1091 10
6519125 1014 5
6519768 989 7
6520945 890 14
6521296 1113 5
6521970 1141 7
6522042 1139 6
6522300 1250 4
6522822 1123 4
6523530 1121 6
6523717 1287 3
6524428 1090 14
6525222 1138 8
6525373 1114 9
6525469 1159 3
6526070 1027 6
6526923 971 8
6527335 1181 5
6527706 1207 5
6529703 945 10
6529934 1236 3
6530967 1001 7
6531531 1203 9
6532280 1026 7
6532397 1047 5
6533040 887 4
6533583 1164 11
6533853 1248 5
6534168 1307 6
6534510 1182 5
6535854 877 9
6536528 1218 17
6537381 1163 5
6537826 1221 3
6538286 1226 12
6538406 1297 4
6538915 1277 3
6539041 1598 3
6539332 1382 4
6540059 1113 8
6540138 1305 4
6540735 1056 6
6541591 1049 4
6541780 1354 4
6541861 1233 4
6542056 1199 10
6542340 1232 5
6542834 1127 4
6543556 1292 7
6543938 1208 6
6544200 1168 7
6545028 953 14
6546158 986 11
6546343 621 4
6546730 16 5
6546945 12 6
6547190 15 5
6547719 17 4
6547838 14 9
6548376 12 4
6548471 14 5
6549260 16 7
6549859 10 8
6550273 13 6
6551399 14 4
6552228 13 6
6552685 15 9
6553015 14 6
6553272 15 3
6553781 17 14
6553781 16 6
6553964 13 3
6555569 18 9
6555869 14 8
6555937 12 3
6556009 12 3
6556590 16 8
6556622 14 3
6556821 12 6
6557787 16 8
6557887 10 4
6558213 13 6
6558456 14 4
6559675 422 7
6560081 1413 8
6561149 872 13
6561822 1198 11
6561957 1489 8
6562212 1550 5
6562612 1289 3
6563019 1424 7
6564415 1065 13
6564456 1242 5
6565608 962 11
6566456 1091 6
6567019 982 5
6567335 1037 9
6567903 1184 4
6569017 919 12
6569473 988 9
6569542 1200 6
6569787 1230 6
6569900 1252 3
6570200 1228 7
6570242 1372 4
6571049 937 12
6571395 1233 6
6572230 1179 9
6572381 1161 5
6572805 944 14
6574097 839 9
6574656 1231 8
6574897 1260 3
6575228 1053 9
6575640 1119 11
6576398 1129 5
6576774 1353 10
6576836 1258 5
6577470 1278 8
6578219 1077 11
6578406 1203 6
6578684 1006 4
6579482 1075 9
6580869 871 14
6581477 1248 4
6582892 802 10
6582997 1133 3
6583915 1101 11
6584191 1307 6
6585820 762 20
6586806 927 7
6587303 1009 5
6588115 1119 9
6588258 1424 4
6588951 1018 8
6589117 1051 6
6589129 1349 4
6590370 1072 5
6590827 1261 8
6591159 1088 4
6592441 811 5
6594462 716 25
6596643 933 19
6597492 1185 12
6598344 964 11
6598463 1285 7
6599512 1008 11
6600907 867 8
6601932 1049 10
6602496 1074 8
6603205 1005 6
6604063 1044 7
6604592 1296 7
6605093 1357 5
6605550 1382 7
6605949 1177 11
6606819 1030 5
6607443 917 10
6607695 1243 4
6608139 1072 5
6608408 1131 9
6609631 864 13
6609889 967 5
6611483 744 16
6611928 1152 3
6612464 1318 6
6612771 1318 8
6613467 1170 9
6613910 1328 9
6614796 1312 9
6615639 1382 6
6616300 1018 16
6616768 1121 7
6617022 1293 6
6617097 1459 6
6617997 1227 10
6618031 1465 12
6618320 1034 6
6618470 1353 7
6619198 970 6
6619522 1485 5
6620197 1265 13
6620802 992 10
6621268 1171 5
6621409 1290 5
6622429 984 19
6622626 1196 5
6623554 768 6
6624280 575 11
6624356 1177 5
6625913 908 11
6627323 930 22
6628977 809 24
6629439 972 17
6629722 1059 9
6631373 709 17
6632500 1208 7
6633416 1032 10
6633839 1091 5
6634669 954 6
6634814 1359 9
6636327 1110 15
6637579 1064 14
6638453 1166 7
6638908 1241 5
6639903 1090 16
6640070 1169 4
6640323 1198 4
6640517 1322 8
6641234 1090 11
6642130 1273 13
6642906 1399 15
6643593 1287 11
6643846 1408 8
6644441 1332 9
6645003 1427 12
6645797 1425 12
6645874 1457 11
6646739 1162 8
6648592 812 31
6650241 904 12
6651323 1007 16
6651767 1009 9
6652609 1040 8
6652916 1151 8
6654065 964 20
6654630 1115 10
6654913 1176 7
6655212 1033 8
6655554 1121 5
6655989 1093 5
6656321 1068 7
6657287 1082 12
6658531 735 15
6659401 737 19
6659640 993 5
6660542 1026 16
6660927 1023 5
6661212 1055 6
6661702 1154 12
6662502 1015 8
6662953 1017 6
6663745 927 10
6664666 818 5
6665166 1003 4
6666314 999 19
6666699 1097 4
6667527 1014 10
6668002 1231 10
6668513 1281 5
6669433 685 17
6671986 6 22
6672934 538 14
6673821 1161 21
6674652 1156 22
6675676 747 17
6677052 745 13
6677888 982 11
6679531 832 14
6680886 1058 13
6682274 731 18
6683209 836 17
6684530 790 21
6687133 603 39
6689134 773 26
6690163 868 14
6691274 974 14
6692299 879 5
6692539 1229 7
6693590 1030 8
6694409 1156 7
6696145 906 28
6698340 860 22
6699703 850 21
6700414 1286 7
6701048 1325 13
6701407 1092 4
6702479 840 6
6703090 945 9
6704028 964 17
6704686 1086 21
6705407 918 12
6705896 1039 7
6706297 1138 4
6707215 1018 13
6709349 995 13
6711651 798 32
6711965 1122 3
6713354 1087 11
6714089 1213 7
6715312 1067 24
6715908 1082 14
6716594 1053 10
6717646 1167 12
6718997 975 19
6719806 1110 11
6720612 1164 20
6721577 1142 10
6722868 1179 19
6723049 1062 3
6723517 995 3
6724415 656 14
6725472 699 20
6726529 877 21
6727585 793 12
6729775 581 23
6730724 1000 16
6731032 1099 17
6731613 921 19
6731819 1204 4
6733510 736 29
6734002 1023 18
6735196 784 29
6737221 674 28
6738854 813 24
6739099 949 6
6740525 730 18
6741818 783 19
6743475 842 14
6746288 692 25
6747183 971 16
6748130 1014 12
6750773 657 30
6751785 776 13
6753285 705 22
6754343 992 23
6754888 1019 14
6755630 949 15
6757249 1008 21
6758335 1004 16
6759020 1025 10
6760165 884 16
6761482 851 12
6764194 673 27
6766015 1040 19
6766571 1230 12
6767899 828 13
6768644 1280 10
6770749 430 21
6772955 989 18
6774209 851 27
6776878 572 50
6779994 792 39
6781903 891 30
6782481 1141 8
6782908 1226 7
6783654 987 9
6785609 987 23
6786656 1305 13
6788573 976 21
6790884 741 22
6795005 637 44
6798131 710 27
6801949 549 39
6804074 687 24
6804381 1069 11
6806857 694 37
6808032 1233 14
6808988 1086 17
6811355 634 28
6812957 779 25
6813340 701 9
6813712 1075 8
6814647 1054 16
6815459 1380 8
6816909 952 9
6818252 979 23
6819080 1036 9
6819627 784 7
6821192 765 11
6822606 941 16
6822963 1189 6
6825065 748 17
6827544 793 30
6829971 608 18
6830462 1000 17
6831612 945 26
6832268 1599 18
6833351 1166 21
6834990 1029 15
6837026 960 24
6839322 899 35
6842480 732 39
6845617 765 42
6849043 793 38
6852086 853 29
6854348 1015 27
6855387 929 13
6856194 1041 9
6858359 425 25
6862712 471 37
6863682 980 11
6865458 913 18
6867311 710 19
6869109 773 17
6871683 702 25
6872791 964 17
6875525 530 28
6876767 834 12
6877989 901 8
6879212 1183 21
6880253 1193 10
6882231 748 29
6884240 601 22
6885841 836 10
6886399 1104 9
6888078 962 11
6890058 820 26
6891040 1022 14
6891787 1230 10
6892993 1159 19
6893388 1301 6
6893952 1260 12
6895976 752 19
6898481 932 36
6900005 984 11
6901738 799 22
6903988 754 25
6906350 699 32
6907607 927 16
6909216 1238 24
6912133 762 35
6913940 961 23
6915733 885 29
6918632 785 30
6921094 862 38
6924725 567 62
6927102 732 26
6927539 1325 8
6929716 964 26
6930932 908 30
6931297 1354 8
6933674 1011 14
6937061 607 24
6939392 759 29
6940774 1062 34
6942526 950 21
6944823 776 28
6946296 766 25
6948577 719 17
6951143 624 22
6954371 566 53
6956813 714 20
6958223 1098 18
6959755 1113 23
6961363 849 36
6962869 971 20
6966158 731 28
6967789 675 21
6969293 1019 16
6971915 741 31
6973900 886 19
6978565 521 43
6982185 683 68
6984386 961 23
6985168 1161 15
6985957 569 13
6986999 1085 19
6988976 813 38
6990612 693 46
6993009 756 21
6994608 828 44
7000057 519 79
7007059 457 93
7009165 887 35
7011315 847 43
7011727 1452 9
7014303 921 25
7017156 780 38
7020411 659 33
7022160 889 23
7023879 989 12
7026956 565 46
7030307 543 35
7033713 500 40
7037290 556 31
7039489 318 41
7042668 778 30
7045415 809 30
7049084 567 59
7053033 570 57
7055933 601 64
7060367 492 53
7064281 543 50
7067160 664 29
7070575 568 37
7074199 786 49
7077372 686 54
7079492 767 28
7081327 896 32
7085272 436 72
7088168 772 46
7090674 783 49
7092088 919 17
7092529 1051 7
7094855 683 20
7096298 1121 11
7098231 972 24
7100458 853 32
7103187 772 28
7106661 702 53
7111528 706 66
7115452 658 35
7117317 819 21
7117672 1236 4
7119511 1229 26
7121578 855 32
7123757 859 31
7126053 811 29
7129070 671 28
7132148 720 44
7132842 1145 26
7134422 671 42
7136872 554 22
7139994 387 44
7142511 786 38
7145063 949 38
7148323 756 49
7150962 819 41
7153330 982 39
7155365 939 36
7158112 958 38
7159957 1063 19
7162655 579 50
7166771 566 32
7171192 541 56
7174701 693 28
7178617 663 42
7183495 452 63
7190326 398 98
7195074 535 65
7199913 661 45
7201361 1175 29
7203375 791 27
7206988 713 56
7211032 581 64
7217454 523 67
7224952 443 85
7231290 438 71
7237543 553 83
7241839 540 49
7245011 724 63
7247013 892 37
7250457 681 55
7252540 947 28
7256417 618 78
7261985 489 89
7266662 602 78
7272146 501 71
7275213 641 44
7279062 627 63
7285339 564 68
7290388 581 73
7295475 527 59
7301237 489 69
7305252 581 54
7309325 516 59
7312049 792 40
7316223 670 75
7322311 547 97
7329191 463 92
7335474 359 74
7341686 593 90
7344439 918 37
7347054 692 40
7350933 478 57
7357383 354 105
7365395 409 94
7371493 496 74
7378492 403 109
7383804 538 49
7386443 781 40
7392167 623 71
7397432 645 68
7402245 590 70
7408089 556 59
7413196 543 75
7419906 481 97
7426985 499 101
7432594 527 71
7436697 578 48
7441702 501 67
7449082 378 113
7457666 372 111
7463910 423 90
7469561 532 62
7475545 523 96
7481344 556 83
7489337 392 139
7496822 405 92
7502554 507 84
7507059 570 56
7510359 525 28
7515942 480 52
7521360 578 78
7523584 932 26
7530746 475 88
7538619 410 99
7545095 449 87
7551088 464 58
7559219 456 95
7567568 428 150
7576229 220 126
7584515 428 70
7594424 684 132
7599282 809 41
7602427 1264 39
7603065 2404 12
7603065 2699 0
7603065 2637 0
7603065 2475 0
7603065 2443 0
7603065 2313 0
7603065 2215 0
7603065 2320 0
7603065 2418 0
7603065 2350 0
7603134 1666 1
7608218 640 56
7614696 530 64
7624515 385 129
7632810 378 92
7639699 274 91
7649540 370 114
7659532 398 139
7668076 447 115
7675757 448 89
7684515 431 124
7694041 332 122
7702710 368 88
7710160 390 102
7717652 488 88
7726250 445 120
7731993 260 52
7739830 311 103
7749703 397 109
7758965 402 107
7768320 493 116
7776246 365 115
7784285 405 103
7794128 396 111
7799869 367 69
7808841 415 121
7817164 384 84
7826453 265 110
7834313 352 99
7842684 383 104
7851860 339 107
7860707 319 122
7870140 375 93
7878911 349 104
7888163 492 93
7897245 393 89
7904948 410 95
7912803 503 81
7919577 527 73
7928655 422 109
7936825 404 122
7945313 414 117
7952739 308 72
7961275 391 178
7968617 274 81
7978257 396 126
7986960 363 97
7997008 396 130
8006825 379 127
8013725 374 90
8019565 8 84
8027839 352 136
8037559 327 121
8044607 331 89
8054152 371 117
8063535 314 135
8071889 261 106
8079459 276 124
8090102 330 111
8099495 313 126
8109583 330 103
8118146 458 78
8128265 363 153
8136608 332 105
8146406 342 124
8156271 376 115
8166566 245 121
8176887 206 130
8188045 289 115
8196915 204 88
8207276 294 136
8217419 336 113
8225626 468 94
8235142 301 133
8243218 330 77
8251991 308 126
8261655 470 111
8271346 290 79
8279918 339 119
8290322 258 130
8297850 432 76
8304764 440 63
8312474 162 71
8322356 328 161
8330386 220 114
8338315 330 114
8346906 302 92
8356812 402 111
8367136 316 148
8377507 302 162
8388395 367 151
8399380 284 139
8408112 278 81
8416936 220 95
8427139 264 132
8432629 411 61
8441376 393 119
8451934 367 154
8459559 394 91
8469400 278 129
8477977 424 111
8486247 316 109
8496463 252 158
8505855 224 87
8515525 357 134
8524515 210 99
8534249 351 137
8543119 381 119
8550337 327 100
8561759 449 131
8572048 264 114
8581344 355 122
8588693 219 84
8597900 205 125
8606538 281 112
8616448 301 104
8626250 295 124
8635894 175 134
8645865 317 123
8654717 75 92
8663211 434 118
8672101 326 125
8681752 424 128
8690924 242 120
8698643 276 149
8708292 238 131
8716210 243 81
8725920 241 129
8737228 431 154
8747481 335 94
8755556 267 92
8765608 367 118
8771322 290 53
8777857 324 98
8788223 378 122
8798653 315 121
8806415 352 100
8815988 244 166
8825450 382 134
8834569 223 137
8844225 183 107
8853908 340 155
8864586 276 118
8875116 316 144
8884724 247 115
8893923 319 128
8903274 330 113
8910830 7 98
8917416 7 104
8927379 326 136
8934788 9 92
8943015 7 85
8952771 265 157
8962632 233 104
8971378 322 98
8979093 405 105
8989093 366 99
8998159 361 94
9007816 385 110
9016901 309 112
9026934 252 145
9035449 148 112
9045910 347 135
9054901 250 127
9065434 375 169
9076012 385 117
9086625 333 129
9096902 384 87
9106527 262 153
9115218 361 102
9125815 280 152
9134954 287 122
9144522 247 163
9154568 275 113
9164196 356 142
9174012 322 171
9183380 275 99
9193023 258 139
9201900 282 140
9209721 406 91
9218584 364 96
9229204 241 129
9239027 380 141
9246121 429 88
9255892 396 127
9265876 445 98
9275935 427 133
9286434 383 150
9296074 246 92
9305700 210 129
9312016 538 93
9320582 204 124
9329108 322 123
9339501 313 127
9349190 245 140
9359122 300 122
9368134 225 126
9377275 381 116
9386912 242 127
9395294 255 134
9405183 313 117
9415010 334 121
9423664 324 156
9432025 237 100
9439608 141 92
9448965 155 147
9459196 279 126
9468937 232 105
9478799 242 141
9489221 324 110
9497464 415 144
9506699 197 103
9514399 325 118
9523815 122 109
9532905 195 118
9540059 8 74
9548337 7 89
9558195 271 94
9564729 8 69
9569847 221 50
9578011 223 84
9585925 303 111
9594053 202 133
9602381 152 101
9611775 311 132
9621726 369 132
9630093 107 93
9639657 347 102
9649928 302 143
9659923 239 117
9669941 281 108
9678217 202 118
9688178 297 142
9696248 337 111
9705762 277 77
9714713 308 95
9724604 360 115
9734655 323 100
9744617 339 150
9754688 320 117
9763888 214 126
9772556 133 99
9779361 66 127
9788231 279 120
9795991 179 120
9804328 106 96
9810884 8 95
9819461 144 128
9828915 243 134
9837980 217 75
9845137 99 115
9853473 99 126
9864168 297 122
9874629 190 121
9884034 230 99
9891421 7 90
9900430 143 118
9908235 325 76
9918627 385 136
9928987 317 101
9939791 339 81
9950696 334 72
9959653 342 46
9970206 322 55
9978466 268 39
9989820 352 47
9998195 337 29
10008897 350 54
10017579 368 36
10027807 292 38
10036173 344 24
10044368 284 41
10053745 303 41
10063318 335 33
10073706 316 24
10083599 280 50
10093847 308 41
10104914 327 34
10115001 283 44
10126279 346 37
10134413 223 27
10144822 322 53
10155235 320 64
10164720 273 49
10175258 317 40
10185995 325 35
10196302 343 33
10206361 316 45
10216567 413 25
10227168 299 49
10236578 271 58
10245850 291 28
10255914 327 34
10267228 427 43
10277735 304 56
10287597 290 39
10297593 302 45
10308224 317 55
10318492 307 43
10328966 314 44
10334116 187 20
10344766 327 41
10355279 306 32
10363691 336 46
10373623 340 54
10383874 304 56
10391784 303 32
10401991 311 46
10411058 245 30
10422137 352 48
10432219 306 46
10441784 294 56
10451741 308 56
10461864 296 44
10469278 242 26
10479181 513 62
10489423 536 67
10500846 597 68
10511023 527 87
10520763 512 109
10530788 527 94
10541352 551 117
10551400 525 77
10561839 563 96
10571377 521 89
10581373 633 127
10591055 543 127
10601498 583 100
10611779 533 107
10622126 539 160
10632400 533 93
10641441 493 117
10651794 556 131
10662393 546 125
10672597 525 94
10682475 516 127
10692644 521 142
10702962 528 143
10712563 542 157
10723108 547 146
10733425 535 147
10743407 514 144
10752667 475 97
10763759 577 167
10772843 530 140
10784616 617 146
10795265 559 142
10806609 591 146
10818328 616 178
10830323 631 158
10837155 349 102
10848314 587 167
10859406 582 149
10870675 605 185
10881114 548 148
10891610 559 134
10901889 538 134
10912243 542 148
10923345 587 151
10933281 516 142
10943247 525 122
10953622 531 87
10963891 531 154
10974206 535 148
10984589 536 169
10994557 567 168
11004726 524 153
11015282 544 130
11025919 556 178
11035751 504 143
11045423 497 129
11054447 491 135
11064287 515 140
11074497 530 129
11083893 483 149
11093982 523 117
11103949 521 179
11115232 627 186
11123510 428 115
11132957 494 155
11143018 530 140
11153257 534 136
11163064 507 174
11173087 529 129
11183044 512 163
11193453 540 148
11203731 540 142
11215415 622 183
11226994 617 113
11238620 619 198
11250323 636 125
11261666 619 156
11273791 651 162
11286305 691 162
11298570 651 206
11310569 643 146
11322488 631 159
11334123 640 137
11344710 741 125
11356843 647 141
11368844 634 163
11381140 658 173
11392700 613 178
11404323 643 176
11415940 625 182
11428805 690 155
11440549 622 150
11449798 494 137
11461549 641 178
11474251 682 163
11486092 634 152
11497444 609 175
11509554 656 188
11521653 673 162
11532905 596 155
11544924 641 113
11557031 642 169
11568909 626 148
11580539 614 154
11592048 608 157
11600735 499 101
11612921 651 174
11624899 630 138
11637051 664 149
11649299 654 208
11661800 673 155
11673136 603 160
11684862 652 173
11697329 682 165
11709651 658 169
11721666 645 153
11733399 624 164
11745184 665 160
11756835 624 181
11768511 655 112
11780715 656 167
11792962 656 161
11804723 655 140
11815106 553 123
11826969 625 172
11838522 618 160
11849978 645 137
11861317 639 106
11870941 761 102
11881095 750 135
11892826 665 129
11904572 627 141
11916236 626 150
11927441 594 191
11939054 618 134
11950608 618 134
11958609 477 111
11971039 664 161
11983496 668 130
11995914 671 156
12007463 622 170
12019739 664 158
12032032 667 154
12044325 660 159
12056083 625 160
12068042 644 122
12080302 645 185
12090848 600 130
12102740 641 131
12115198 679 130
12127131 640 159
12138446 609 166
12150100 663 181
12162194 648 150
12174623 670 211
12185755 591 106
12196910 589 161
12208248 645 165
12220070 633 179
12231393 599 187
12242783 605 159
12254622 626 140
12266338 644 176
12275258 589 116
12284404 522 125
12296055 630 152
12308699 672 198
12320419 622 151
12332306 629 137
12343759 611 166
12355138 602 153
12366755 617 159
12378548 625 147
12390858 677 153
12402991 647 153
12414850 638 150
12426465 620 124
12437624 599 174
12449514 648 143
12461160 622 118
12472464 600 126
12484536 642 139
12496413 659 165
12508447 647 205
12520044 614 123
12532247 650 167
12542469 537 136
12552237 522 132
12562414 551 121
12572909 546 124
12583565 555 150
12593553 574 163
12602952 567 124
12612290 544 149
12623346 578 134
12633960 547 155
12644038 517 164
12654478 531 163
12665101 548 139
12675553 535 114
12685818 532 152
12697111 590 134
12708940 611 167
12719374 534 106
12729957 570 170
12739880 510 106
12750481 551 142
12759686 474 124
12771074 597 100
12781776 560 148
12792194 543 147
12802961 557 156
12812789 514 133
12823477 548 119
12831450 442 85
12841124 509 127
12850596 481 140
12861083 544 131
12872145 570 132
12882516 544 100
12892602 524 143
12902214 521 144
12912990 131 157
12923301 19 120
12933223 0 144
12943694 83 153
12954239 580 128
12964033 513 139
12973904 519 133
12984199 540 132
12994555 539 116
13004431 515 134
13013609 618 116
13023418 570 133
13034472 585 138
13045727 591 144
13056710 574 147
13066923 530 132
13077645 557 175
13088278 543 125
13098386 521 91
13108399 513 148
13118976 554 120
13128722 508 100
13138698 525 156
13148628 1142 151
13158786 531 104
13168963 526 152
13179243 551 112
13187024 914 120
13197632 549 155
13206144 449 96
13214824 540 129
13225548 562 111
13236319 576 129
13246595 583 115
13254596 459 119
13265020 546 166
13275112 527 142
13284986 514 137
13294780 516 122
13304308 544 155
13314718 545 156
13324944 536 126
13335210 541 125
13345570 541 148
13355883 571 131
13366245 539 140
13376341 528 133
13386713 541 139
13397294 549 132
13407189 514 115
13415383 520 69
13425575 527 117
13437177 601 123
13447389 532 98
13457303 517 134
13468352 581 134
13478440 549 139
13488246 509 155
13498099 516 117
13508668 551 124
13519134 541 195
13529409 553 104
13539736 543 127
13549496 503 126
13559864 534 152
13569630 512 116
13579636 517 121
13590362 639 144
13601641 601 175
13613294 629 160
13625511 663 115
13637663 657 163
13649183 671 177
13657487 482 98
13669089 618 131
13680813 623 223
13692554 631 165
13704208 622 167
13715892 624 121
13727700 630 142
13739683 642 163
13750950 597 156
13762836 652 141
13774728 659 168
13786001 600 114
13797151 602 169
13808542 614 142
13820246 619 211
13831242 615 133
13843097 631 115
13854433 612 130
13866212 633 156
13878756 677 151
13890777 669 129
13902617 633 156
13914934 665 161
13926443 617 123
13938374 656 154
13946576 520 109
13958691 650 142
13971225 674 131
13983336 650 119
13995914 689 146
14007997 643 187
14018827 574 119
14030751 640 167
14042257 612 173
14054033 650 151
14065507 607 165
14076549 613 165
14087238 644 145
14095334 537 117
14106062 683 122
14115872 870 119
14127243 606 127
14139441 649 117
14151543 642 168
14163646 647 176
14174970 644 184
14183986 523 111
14194477 559 142
14205844 597 167
14217658 624 154
14229809 661 145
14242334 673 160
14253874 612 138
14264994 594 104
14276977 634 173
14288537 637 190
14300644 651 207
14312855 650 182
14325475 679 148
14336841 597 154
14347967 598 115
14358960 581 142
14371213 663 180
14383731 661 188
14394476 568 164
14402236 1272 98
14413498 765 154
14425337 625 151
14436648 606 139
14448517 625 143
14461002 677 137
14472430 609 123
14482579 530 142
14493536 595 134
14505409 634 160
14517322 632 201
14529387 654 136
14540546 598 151
14552634 662 127
14564433 642 140
14573859 519 140
14585795 641 154
14598572 689 156
14610668 650 171
14621222 555 146
14632596 610 130
14644268 618 152
14655864 624 130
14667544 625 169
14679272 675 137
14691469 661 158
14703950 678 151
14715480 616 154
14727360 642 162
14739673 659 145
14751670 641 158
14763816 646 162
14775769 649 117
14786764 596 121
14798570 640 140
14810170 617 205
14821303 595 135
14832552 597 147
14841372 503 111
14852948 626 100
14864027 576 130
14875084 586 141
14886964 633 163
14898993 643 136
14910735 631 157
14922560 630 135
14934252 628 132
14946268 642 169
14957737 625 178
14966403 458 90
14978735 659 144
14989993 597 120
15001826 641 144
15013992 668 135
15026164 655 126
15037821 629 158
15049212 615 140
15060055 571 180
15071867 658 172
15083965 644 155
15096206 664 176
15108454 653 158
15120494 647 131
15132208 664 188
15144214 646 127
15155838 620 152
15168213 669 132
15180450 656 179
15192374 674 155
15204555 655 134
15216448 635 142
15228523 646 185
15240650 667 150
15252722 638 163
15264952 657 164
15276665 628 119
15288774 658 158
15300441 641 175
15311782 603 157
15323497 631 113
15334991 613 128
15346904 622 185
15358531 627 105
15367568 584 121
15379179 625 157
15391344 647 133
15402883 606 149
15414038 599 205
15425642 612 158
15438525 704 178
15450776 658 152
15462725 636 137
15474569 660 143
15486638 637 156
15494474 462 72
15506761 662 146
15518694 652 143
15530453 662 166
15542386 632 152
15554367 645 178
15566399 651 144
15577943 622 120
15589881 682 131
15601235 724 129
15611503 691 95
15621842 757 130
15633628 625 122
15645646 651 119
15657749 648 135
15669824 635 168
15680941 593 153
15692316 602 160
15702459 547 111
15714230 624 167
15725898 613 156
15737581 620 157
15748517 579 132
15760730 672 183
15772703 633 108
15784532 617 148
15796135 619 157
15808569 658 170
15820254 617 169
15832253 634 178
15843599 608 139
15852760 543 107
15864448 624 129
15875379 577 162
15887598 657 164
15899946 659 154
15911685 627 167
15920845 486 72
15932106 617 128
15942768 551 147
15953667 569 135
15964277 559 179
15975250 587 145
15986748 604 158
15998484 622 144
16009126 557 160
16019583 542 146
16029615 527 122
16039749 521 110
16049713 516 130
16059914 531 140
16070004 527 124
16080621 547 159
16091392 555 116
16101515 541 119
16111987 541 100
16121937 509 135
16132086 529 114
16142180 527 139
16153238 575 162
16163394 565 156
16174235 574 136
16184923 559 150
16195202 535 103
16205292 521 114
16215816 546 111
16225745 527 122
16236027 536 152
16246420 540 149
16256914 549 127
16266654 520 105
16276953 552 142
16288820 615 132
16300454 604 141
16311608 585 129
16323250 602 125
16335139 630 121
16346472 589 145
16357270 571 130
16368476 592 118
16379929 608 151
16390670 574 124
16400476 522 106
16410826 542 143
16421635 566 131
16431520 515 106
16441664 527 113
16451860 555 121
16460553 562 107
16470993 544 147
16481150 523 140
16491514 539 130
16501534 522 103
16509542 475 84
16519256 544 126
16529871 556 125
16540109 538 124
16550061 517 125
16560145 528 151
16570372 557 116
16580898 553 158
16591258 533 130
16600634 488 111
16610752 528 109
16620963 535 169
16630822 526 123
16640579 508 125
16650692 528 161
16660383 500 117
16670219 515 111
16680423 548 126
16691147 561 138
16701955 559 117
16712110 528 139
16721597 485 97
16731661 522 133
16742354 564 159
16752047 494 114
16761810 501 128
16773359 608 148
16784670 588 120
16794269 493 93
16804306 515 119
16814458 533 124
16825309 579 154
16835960 551 101
16845838 516 129
16855655 530 145
16867268 613 141
16877512 548 162
16887600 530 130
16897571 519 132
16907103 523 128
16917219 527 127
16926890 505 137
16937403 552 155
16947110 516 116
16959090 644 130
16971009 664 166
16981289 537 108
16991393 525 143
17001464 524 100
17011414 523 123
17021279 530 128
17031189 511 103
17033647 1998 24
17033647 3003 0
17033647 2749 0
17033647 1530 0
17033647 0 0
