35 GB
0
0
0
0
0
1.6
6.4
9.6
14.4
19.2
24
28.8
32
36.8
41.6
46.4
51.2
54.4
59.2
64
68.8
73.6
76.8
81.6
86.4
89.6
89.6
89.6
89.6
89.6
89.6
89.6
91.2
89.6
89.6
89.6
89.6
91.2
89.6
89.6
89.6
89.6
91.2
89.6
89.6
89.6
89.6
91.2
89.6
89.6
89.6
89.6
89.6
89.6
89.6
89.6
89.6
88
89.6
89.6
89.6
89.6
88
89.6
89.6
89.6
89.6
89.6
89.6
89.6
89.6
89.6
89.6
89.6
89.6
89.6
89.6
91.2
91.2
89.6
89.6
89.6
91.2
91.2
91.2
89.6
88
88
89.6
89.6
89.6
88
88
89.6
89.6
89.6
89.6
88
86.4
88
88
88
86.4
86.4
86.4
88
89.6
88
88
88
88
89.6
89.6
88
88
88
88
89.6
91.2
89.6
89.6
89.6
91.2
91.2
89.6
89.6
89.6
91.2
91.2
91.2
89.6
89.6
89.6
91.2
91.2
89.6
89.6
89.6
89.6
89.6
88
88
88
88
89.6
88
88
88
88
88
89.6
88
88
88
88
89.6
88
88
88
89.6
91.2
91.2
89.6
89.6
89.6
91.2
91.2
91.2
89.6
89.6
89.6
91.2
91.2
91.2
89.6
89.6
91.2
91.2
91.2
89.6
89.6
89.6
91.2
91.2
89.6
89.6
89.6
89.6
89.6
89.6
89.6
89.6
88
88
89.6
89.6
88
88
88
89.6
89.6
88
88
88
89.6
89.6
88
88
89.6
89.6
88
88
89.6
89.6
88
88
89.6
89.6
89.6
88
88
89.6
89.6
89.6
88
88
89.6
89.6
89.6
88
89.6
89.6
89.6
88
89.6
89.6
89.6
89.6
89.6
91.2
89.6
89.6
89.6
89.6
91.2
89.6
89.6
89.6
89.6
91.2
89.6
89.6
89.6
91.2
91.2
89.6
89.6
89.6
89.6
89.6
91.2
89.6
89.6
89.6
89.6
91.2
89.6
89.6
89.6
89.6
91.2
91.2
89.6
89.6
89.6
91.2
89.6
89.6
89.6
89.6
89.6
89.6
89.6
89.6
89.6
89.6
89.6
89.6
89.6
89.6
89.6
88
89.6
89.6
89.6
89.6
91.2
89.6
89.6
89.6
89.6
91.2
91.2
89.6
89.6
89.6
91.2
91.2
91.2
89.6
89.6
91.2
91.2
91.2
91.2
89.6
89.6
91.2
91.2
91.2
89.6
89.6
89.6
91.2
89.6
89.6
89.6
89.6
89.6
91.2
89.6
89.6
89.6
89.6
89.6
91.2
89.6
89.6
89.6
89.6
89.6
89.6
89.6
89.6
91.2
91.2
89.6
89.6
89.6
89.6
91.2
89.6
89.6
89.6
89.6
88
89.6
89.6
89.6
89.6
89.6
89.6
89.6
89.6
89.6
89.6
89.6
89.6
89.6
89.6
89.6
91.2
89.6
89.6
89.6
91.2
91.2
89.6
89.6
89.6
91.2
91.2
89.6
89.6
89.6
89.6
91.2
89.6
89.6
89.6
89.6
89.6
91.2
89.6
89.6
89.6
89.6
91.2
91.2
89.6
89.6
89.6
91.2
91.2
89.6
89.6
89.6
91.2
91.2
91.2
89.6
89.6
89.6
91.2
89.6
89.6
89.6
89.6
88
89.6
89.6
88
88
88
89.6
88
88
88
88
86.4
88
88
88
86.4
88
86.4
86.4
86.4
86.4
86.4
86.4
88
88
88
86.4
88
88
88
88
88
88
88
88
89.6
88
89.6
89.6
89.6
89.6
89.6
89.6
89.6
89.6
88
89.6
89.6
89.6
88
88
89.6
89.6
89.6
88
88
89.6
88
88
88
89.6
88
88
88
88
89.6
88
88
88
89.6
89.6
88
88
88
89.6
89.6
88
89.6
89.6
89.6
89.6
89.6
89.6
89.6
89.6
89.6
89.6
89.6
89.6
89.6
89.6
89.6
89.6
89.6
89.6
89.6
91.2
89.6
89.6
89.6
89.6
91.2
91.2
89.6
89.6
89.6
91.2
91.2
89.6
89.6
89.6
91.2
91.2
89.6
89.6
89.6
89.6
91.2
89.6
89.6
89.6
89.6
89.6
89.6
89.6
89.6
89.6
89.6
89.6
89.6
89.6
89.6
89.6
89.6
89.6
89.6
89.6
89.6
89.6
89.6
89.6
89.6
89.6
89.6
89.6
89.6
89.6
89.6
89.6
89.6
89.6
89.6
89.6
91.2
89.6
89.6
89.6
89.6
91.2
89.6
89.6
89.6
89.6
91.2
89.6
89.6
89.6
89.6
91.2
89.6
89.6
89.6
89.6
89.6
89.6
89.6
89.6
89.6
89.6
89.6
89.6
89.6
89.6
88
89.6
89.6
89.6
89.6
88
89.6
89.6
89.6
88
88
89.6
89.6
88
88
88
88
88
88
88
88
88
88
88
88
88
88
88
88
89.6
88
88
88
89.6
89.6
88
89.6
89.6
89.6
88
89.6
89.6
89.6
89.6
88
89.6
89.6
89.6
89.6
88
89.6
89.6
89.6
88
88
89.6
88
88
88
89.6
89.6
88
88
88
89.6
88
88
88
88
88
88
88
88
89.6
88
88
89.6
88
88
88
88
88
88
88
86.4
88
88
88
86.4
88
88
88
88
86.4
88
88
88
89.6
88
88
88
89.6
89.6
88
89.6
89.6
89.6
89.6
89.6
89.6
89.6
89.6
89.6
89.6
89.6
89.6
89.6
89.6
89.6
89.6
89.6
89.6
89.6
89.6
89.6
89.6
89.6
89.6
89.6
89.6
89.6
89.6
88
89.6
89.6
88
88
88
89.6
89.6
89.6
88
88
89.6
89.6
89.6
88
88
89.6
89.6
89.6
88
89.6
89.6
89.6
89.6
89.6
89.6
89.6
89.6
88
89.6
89.6
89.6
89.6
88
89.6
89.6
89.6
89.6
88
89.6
89.6
89.6
89.6
89.6
89.6
89.6
89.6
89.6
89.6
89.6
89.6
89.6
89.6
89.6
89.6
89.6
89.6
88
89.6
89.6
89.6
89.6
88
89.6
89.6
89.6
89.6
88
89.6
89.6
89.6
89.6
88
89.6
89.6
89.6
88
89.6
89.6
89.6
89.6
88
89.6
89.6
89.6
88
88
89.6
89.6
89.6
88
88
89.6
89.6
88
88
89.6
89.6
89.6
88
88
89.6
89.6
89.6
88
89.6
89.6
89.6
89.6
88
89.6
89.6
89.6
89.6
89.6
89.6
89.6
89.6
89.6
89.6
89.6
89.6
89.6
89.6
91.2
89.6
89.6
89.6
89.6
89.6
89.6
89.6
89.6
88
89.6
89.6
89.6
89.6
89.6
89.6
89.6
89.6
89.6
89.6
89.6
89.6
89.6
89.6
89.6
91.2
89.6
89.6
89.6
91.2
91.2
89.6
89.6
89.6
89.6
91.2
89.6
89.6
89.6
89.6
88
89.6
89.6
89.6
89.6
89.6
89.6
89.6
89.6
89.6
89.6
89.6
89.6
89.6
89.6
89.6
91.2
89.6
89.6
89.6
91.2
89.6
89.6
89.6
89.6
89.6
91.2
89.6
89.6
89.6
89.6
91.2
89.6
89.6
89.6
89.6
89.6
89.6
89.6
89.6
89.6
89.6
89.6
89.6
89.6
88
88
89.6
89.6
89.6
88
88
89.6
89.6
89.6
88
88
89.6
89.6
89.6
88
89.6
91.2
89.6
84.8
81.6
76.8
72
67.2
62.4
59.2
54.4
49.6
44.8
40
36.8
32
30.4
28.8
28.8
30.4
30.4
28.8
28.8
33.6
38.4
43.2
48
52.8
57.6
60.8
65.6
70.4
73.6
78.4
81.6
86.4
88
89.6
89.6
89.6
88
88
89.6
89.6
91.2
89.6
89.6
89.6
88
92.8
91.2
91.2
92.8
92.8
92.8
92.8
91.2
91.2
91.2
91.2
92.8
91.2
89.6
88
86.4
88
96
96
97.6
92.8
96
96
96
99.2
100.8
100.8
102.4
100.8
100.8
100.8
100.8
100.8
104
108.8
110.4
110.4
104
104
102.4
105.6
102.4
102.4
100.8
97.6
96
97.6
99.2
100.8
104
105.6
107.2
108.8
107.2
104
102.4
104
102.4
104
105.6
105.6
108.8
108.8
110.4
110.4
112
110.4
108.8
110.4
108.8
108.8
105.6
107.2
107.2
107.2
107.2
104
104
102.4
104
104
104
104
104
107.2
107.2
112
112
110.4
110.4
110.4
112
112
112
113.6
112
113.6
115.2
115.2
113.6
115.2
113.6
113.6
115.2
113.6
112
108.8
112
110.4
110.4
108.8
110.4
108.8
108.8
113.6
123.2
123.2
128
134.4
137.6
136
137.6
136
132.8
131.2
131.2
129.6
129.6
132.8
131.2
131.2
129.6
129.6
132.8
124.8
118.4
120
113.6
108.8
107.2
105.6
104
105.6
107.2
108.8
110.4
110.4
105.6
105.6
105.6
105.6
105.6
104
100.8
100.8
100.8
100.8
99.2
99.2
97.6
97.6
99.2
99.2
100.8
99.2
100.8
102.4
104
100.8
100.8
100.8
105.6
110.4
112
115.2
115.2
112
113.6
113.6
113.6
118.4
118.4
126.4
131.2
132.8
137.6
142.4
144
147.2
150.4
153.6
148.8
144
147.2
144
142.4
145.6
145.6
147.2
147.2
140.8
139.2
132.8
124.8
121.6
115.2
107.2
108.8
110.4
112
112
115.2
121.6
123.2
129.6
131.2
131.2
136
137.6
139.2
144
145.6
150.4
156.8
158.4
156.8
158.4
155.2
152
147.2
144
140.8
134.4
128
123.2
121.6
120
113.6
108.8
108.8
104
102.4
96
91.2
91.2
92.8
92.8
92.8
92.8
92.8
92.8
92.8
94.4
92.8
92.8
92.8
92.8
94.4
94.4
92.8
92.8
92.8
92.8
92.8
92.8
92.8
92.8
91.2
92.8
91.2
92.8
92.8
92.8
94.4
94.4
94.4
94.4
92.8
94.4
94.4
96
