0.00 0.00 0.00
22.01 0.00 0.00
0.00 0.00 0.00
0.00 0.00 0.00
0.00 0.00 0.00
0.50 66.50 0.00
67.05 108.00 0.00
90.04 106.50 0.00
94.04 39.00 0.00
94.05 0.00 0.00
94.05 0.00 0.00
92.55 0.00 0.00
101.53 0.00 0.00
100.05 0.00 0.00
57.54 0.00 24.38
51.04 64.00 81.00
48.04 75.00 81.88
48.03 70.00 63.96
56.04 47.00 64.00
45.53 83.00 64.48
53.03 74.00 64.00
52.54 79.00 64.00
49.03 76.00 64.03
49.04 69.50 67.54
45.03 66.50 73.04
47.03 64.00 77.50
49.04 64.00 89.55
48.04 68.00 76.18
47.53 73.00 64.02
52.54 54.00 63.95
45.03 77.50 64.04
47.03 70.00 64.04
50.04 69.50 64.00
50.54 76.00 64.00
49.54 72.50 63.65
49.04 76.50 72.54
48.04 67.00 82.98
46.53 64.00 75.01
48.54 64.00 85.52
47.53 68.50 67.98
47.54 74.00 64.04
49.03 76.00 64.03
52.03 71.50 64.00
48.03 75.00 64.03
50.03 76.00 64.03
49.54 71.00 79.54
46.54 64.00 80.27
48.04 64.00 78.02
49.04 66.00 81.85
48.03 71.00 64.09
48.53 75.00 63.95
50.54 74.50 63.99
51.53 76.50 64.00
51.54 77.00 64.03
50.04 66.00 64.02
48.04 70.00 81.80
49.04 64.00 80.50
49.04 64.00 91.02
49.04 73.50 66.53
46.53 73.50 63.93
50.54 71.50 63.92
50.04 73.00 64.02
48.03 71.50 64.04
49.03 71.00 64.04
50.03 52.50 63.97
49.03 75.00 64.01
47.03 76.50 63.89
48.04 66.00 69.98
49.54 64.00 90.54
46.03 64.00 75.98
48.54 64.00 70.68
50.04 72.50 76.35
49.04 75.50 64.01
48.53 74.50 63.96
48.03 69.50 63.74
48.54 70.00 64.02
50.04 72.00 64.04
50.04 78.00 75.03
49.04 64.00 86.96
48.04 64.00 79.49
51.04 64.00 67.99
50.04 77.00 74.22
53.04 76.00 64.00
51.04 81.50 64.00
49.03 72.50 64.00
48.04 76.00 68.43
47.53 65.00 82.54
49.04 64.00 83.05
48.54 64.00 85.83
48.03 75.00 63.96
49.03 69.00 63.97
51.04 72.00 63.94
51.04 73.00 64.00
52.04 81.50 63.98
48.04 77.50 69.88
48.03 64.00 77.97
48.53 64.00 82.53
48.54 64.00 87.05
50.04 73.50 66.52
52.04 75.50 64.00
51.53 82.50 63.99
50.04 74.00 63.93
49.54 76.00 77.52
50.04 66.50 89.04
49.04 64.00 79.50
49.40 72.50 73.93
50.17 76.50 64.00
48.54 77.00 64.01
54.04 71.00 64.04
50.54 83.50 75.04
48.54 67.50 80.04
47.04 64.00 84.14
48.54 64.00 80.41
48.54 75.50 64.03
49.03 74.50 64.00
49.03 69.00 63.90
49.03 72.50 64.01
55.04 60.00 64.04
49.03 82.50 64.03
50.04 71.50 64.01
51.04 70.50 74.53
47.04 64.00 85.55
51.04 64.00 80.94
50.04 64.00 79.03
49.53 79.50 64.03
52.54 81.00 64.04
51.04 75.00 64.04
50.53 77.00 64.00
48.03 71.50 82.50
48.54 64.00 83.50
49.04 64.00 85.55
50.04 70.00 68.46
50.53 78.00 64.03
51.53 77.50 64.00
48.53 76.50 64.01
50.54 74.50 64.48
50.04 71.50 84.54
48.04 64.00 88.03
49.04 64.00 78.54
46.03 67.50 68.57
47.04 71.00 64.02
50.04 74.00 63.94
51.04 78.50 63.86
51.04 75.00 64.01
47.03 74.00 64.04
49.53 72.00 82.51
47.54 64.00 80.48
48.04 64.00 84.51
49.04 69.50 72.50
50.03 77.00 64.04
52.04 76.00 64.02
51.04 80.00 63.89
50.04 74.50 68.95
48.04 71.00 83.55
46.03 64.00 75.50
50.04 64.00 86.02
49.54 74.50 69.71
49.54 84.00 64.00
49.03 72.50 64.00
51.04 70.50 63.94
50.04 76.50 66.76
49.04 70.00 91.45
49.03 64.00 77.00
49.04 66.50 84.36
49.04 73.50 64.04
50.04 77.50 64.00
50.04 75.50 64.03
50.04 72.50 64.03
49.54 80.00 69.93
46.54 66.50 80.48
47.53 64.00 78.54
48.54 64.00 82.50
47.04 70.50 72.44
49.04 72.00 63.98
50.03 79.00 64.01
47.03 74.00 64.02
52.04 70.50 64.03
50.04 78.50 68.49
49.04 67.50 85.05
46.03 64.00 71.54
48.04 64.00 82.25
52.53 26.78 12.50
52.54 0.00 64.04
56.03 0.00 5.50
48.55 0.00 57.95
57.03 0.00 3.00
49.03 0.00 61.02
55.53 0.00 0.00
81.55 0.00 63.98
71.43 0.00 64.04
85.67 0.00 48.03
89.05 0.00 16.01
72.05 0.00 64.04
102.05 0.00 16.01
82.05 0.00 48.02
73.55 0.00 64.04
101.05 0.00 0.00
75.05 0.00 64.04
90.55 0.00 42.02
90.55 0.00 22.01
71.04 0.00 64.04
97.55 0.00 10.51
80.55 0.00 53.53
71.55 0.00 64.04
102.55 0.00 0.00
74.05 0.00 64.09
84.55 0.00 56.03
92.55 0.00 8.00
75.55 0.00 64.04
90.05 0.00 36.02
88.05 0.00 28.02
71.54 0.00 64.04
99.55 0.00 0.00
70.04 0.00 64.04
80.55 0.00 64.04
95.05 0.00 0.00
72.55 0.00 64.04
90.05 0.00 35.52
81.54 0.00 28.52
73.55 0.00 64.04
99.05 0.00 1.50
75.05 0.00 62.53
76.55 0.00 64.04
36.52 0.00 23.69
0.00 0.00 0.00
0.00 0.00 0.00
