0 restore_end page_write
0 0 0
0 0 0
0 0 0
0 0 0
0 0 0
0 0 0
0 0 0
0 0 0
0 0 0
0 0 0
0 0 0
0 0 0
0 0 0
0 0 0
0 0 0
0 0 0
0 0 0
0 0 0
0 0 0
0 0 1
0 0 0
0 0 0
0 0 0
0 0 0
0 0 73
8 0 73
8 0 0
8 0 0
8 0 0
8 1 16
1242 10 21596
3255 636 21083
4926 587 13546
7435 570 15937
10088 608 14982
13383 596 17041
16085 436 12552
19856 514 15866
23704 494 14742
26589 352 9920
29859 391 10671
35555 612 17191
39963 469 11959
44020 389 10422
49291 476 12075
54575 447 11162
61008 521 12937
67732 529 12655
75697 87 13745
80925 100 8414
87742 499 10142
94482 465 9581
100636 433 8237
107712 482 8980
113924 421 7601
122481 567 10023
130870 548 9015
137536 447 7004
144442 438 7032
150536 389 5750
157400 429 6046
165865 513 7256
175430 587 7822
181338 359 4733
189291 478 6104
194490 332 3954
201624 444 5085
208658 430 4730
218794 616 6635
225267 410 3954
231529 386 3789
238872 442 4433
245215 379 3392
251473 380 3580
259200 466 4243
269343 588 5146
277505 476 3808
286025 478 4111
292948 380 3185
302019 532 3944
309315 421 3060
317996 496 3587
324830 387 2772
331080 352 2509
336585 341 2086
346318 565 3791
352555 359 2183
359215 381 2337
367726 488 2969
376906 514 2952
387505 587 3410
397970 583 3107
407970 562 3049
413933 338 1764
421858 447 2217
431151 499 2561
437755 374 1822
446685 517 2411
452704 341 1578
460905 480 2035
466862 334 1542
473633 380 1767
482782 513 2201
490523 420 1794
500586 550 2328
510986 596 2345
521933 596 2376
530280 469 1732
539658 582 1930
546981 425 1458
556083 503 1806
565260 498 1808
576042 559 2060
586816 564 1919
597221 572 1856
606795 542 1651
617105 567 1766
626902 539 1626
633677 366 1072
643649 551 1642
653153 520 1397
663736 602 1657
673348 551 1438
681780 471 1251
691266 524 1398
699349 418 1115
709218 507 1402
719302 526 1441
728434 500 1339
737446 498 1149
744118 366 991
752403 444 1094
760423 439 993
770773 572 1344
781383 570 1373
790557 500 1111
799252 464 1094
809971 580 1357
821310 607 1270
830868 511 1188
840170 470 1027
848796 459 954
859082 567 1153
867772 474 878
876156 451 860
886127 546 1077
893183 405 813
898634 307 565
908227 521 967
918050 530 974
928982 583 1074
939847 580 1122
949473 525 910
960105 564 1024
968247 426 820
976936 448 827
984622 421 740
995507 581 892
1003614 425 676
1012978 508 807
1023070 555 873
1032989 529 864
1044362 597 984
1054654 540 879
1063587 502 727
1073838 586 832
1083899 557 892
1093758 535 737
1104752 550 878
1114082 472 748
1122903 480 657
1131030 450 628
1138519 399 576
1149157 597 795
1159566 566 713
1169488 544 690
1180304 585 788
1191003 597 759
1200884 534 680
1210852 537 721
1219347 465 576
1230322 553 786
1240819 529 732
1251239 558 672
1259921 476 562
1269522 522 658
1280956 596 735
1291645 559 599
1298650 379 473
1306475 476 493
1315394 478 522
1324693 506 574
1335528 578 626
1347023 612 686
1357517 564 646
1367725 531 601
1376713 465 497
1386849 529 549
1394330 409 472
1402220 436 458
1412714 580 587
1421148 457 421
1429045 449 398
1437779 469 506
1448875 591 558
1457528 452 480
1467543 545 499
1476274 471 442
1487083 576 538
1497250 508 548
1508092 530 527
1518585 525 531
1527918 506 491
1538070 585 513
1548174 532 514
1556150 431 367
1564487 469 387
1575783 583 519
1586251 576 480
1595097 833 412
1605809 565 549
1613905 447 400
1624930 599 477
1633300 452 360
1640764 399 355
1650603 516 503
1659894 464 392
1668433 478 439
1678557 522 426
1688926 548 433
1696528 423 336
1707197 612 450
1718099 586 441
1729214 593 453
1738201 491 362
1749096 588 504
1758099 488 383
1767583 518 389
1777155 506 377
1784641 375 327
1793777 470 317
1801930 460 369
1810784 470 374
1818050 401 258
1828111 609 415
1836839 465 320
1846632 534 385
1856054 497 385
1866763 564 422
1875788 494 374
1883083 419 256
1892585 517 347
1899357 378 246
1910281 586 469
1920204 522 379
1929941 501 356
1940307 546 382
1948726 456 323
1957127 464 319
1966336 505 341
1974593 458 371
1985130 576 391
1996284 605 437
2007912 632 472
2019324 627 416
2028740 481 390
2036761 441 285
2047429 536 386
2057829 563 335
2066293 458 338
2075316 492 284
2086478 610 419
2094904 456 290
2105510 585 368
2116036 606 333
2124384 485 288
2134952 591 373
2143217 440 258
2153971 576 397
2165784 612 368
2177232 607 375
2188747 575 331
2198747 532 307
2207540 483 322
2216738 498 301
2227403 590 280
2235680 578 256
2247029 609 395
2258980 627 368
2268269 508 295
2277900 561 260
2286300 475 286
2297664 640 415
2308456 578 391
2316845 422 296
2328829 588 418
2340544 585 360
2350734 554 344
2360041 513 285
2368235 450 247
2377901 530 316
2387043 500 255
2398480 617 283
2409567 609 358
2418220 467 299
2427793 502 310
2439550 595 346
2450585 579 309
2462271 573 346
2471845 480 271
2482629 578 360
2493977 593 415
2503266 502 322
2514356 613 340
2525336 594 330
2536635 593 288
2548447 644 358
2560031 613 347
2568031 422 240
2578789 546 333
2588009 466 291
2597756 508 298
2606504 493 190
2615958 526 264
2627144 619 284
2635539 481 237
2645148 524 277
2655248 544 276
2664578 510 248
2676201 628 361
2687337 607 376
2697164 568 241
2708171 582 310
2716756 438 260
2726378 494 273
2733222 377 201
2742230 482 243
2752570 558 271
2761386 463 246
2770546 483 294
2778810 444 196
2789493 581 290
2797274 422 175
2806053 513 242
2816876 593 275
2825925 485 270
2837473 623 324
2846715 467 219
2858736 603 365
2869381 573 218
2878823 510 215
2887437 475 208
2895851 436 227
2904622 461 247
2916380 606 308
2927147 676 264
2935908 481 213
2947473 612 324
2955280 422 213
2966716 623 331
2977830 587 260
2988533 579 234
2998822 516 224
3008618 519 294
3021042 641 341
3031871 569 268
3041879 538 244
3050864 491 197
3061855 599 263
3070529 464 204
3081265 586 261
3091083 512 229
3102788 642 264
3114918 628 277
3125378 521 259
3137686 609 300
3148014 530 264
3154164 331 150
3162583 455 198
3170649 422 190
3181814 571 267
3190718 468 185
3199925 483 245
3209325 514 235
3218249 548 232
3226643 449 180
3237981 589 268
3249205 586 247
3260265 541 243
3270970 554 267
3278206 382 190
3287930 519 182
3296694 459 165
3305879 483 217
3315102 485 240
3325289 535 222
3336331 591 275
3347826 621 261
3359359 608 299
3370777 598 266
3382521 597 268
3393711 604 235
3403961 526 224
3414026 535 161
3422561 461 145
3433401 574 244
3442077 457 154
3449420 421 177
3459274 513 199
3469435 549 195
3479333 536 191
3490929 650 240
3499667 244 191
3508778 0 207
3520560 361 251
3532209 575 229
3543847 586 235
3555353 603 244
3565170 576 180
3574305 502 234
3585477 624 273
3597003 622 224
3607896 582 268
3616971 485 181
3626606 509 255
3636161 513 231
3644839 454 150
3656593 613 294
3667030 532 219
3676848 519 181
3686505 494 207
3698197 601 249
3709138 579 260
3720322 591 221
3731623 613 213
3743074 614 224
3753373 550 198
3762029 466 172
3773725 607 258
3785474 586 200
3796383 540 235
3807793 556 231
3819718 623 255
3829959 535 213
3841015 579 284
3851797 614 241
3863276 602 249
3874676 608 266
3882428 409 168
3893354 594 260
3902545 489 194
3912880 574 235
3923603 549 233
3934926 570 258
3944790 494 163
3953136 442 178
3965047 642 226
3977105 612 229
3988918 625 244
3998698 526 220
4006992 445 188
4016762 529 182
4026266 523 232
4036906 569 195
4048186 597 234
4060063 577 235
4071366 570 236
4082642 596 208
4093216 559 227
4104249 588 255
4116046 614 239
4127522 593 273
4138446 590 236
4150080 620 237
4162238 634 264
4173954 616 205
4184725 552 214
4193642 470 199
4203977 539 201
4215425 564 204
4226942 561 234
4239014 640 243
4250325 601 206
4261631 620 238
4272532 588 202
4283921 626 238
4294881 580 221
4305880 588 211
4315958 545 175
4327092 588 190
4339025 577 164
4350809 582 181
4362282 594 240
4370958 534 169
4381657 586 168
4393340 618 190
4404496 584 230
4415554 566 196
4427167 649 205
4438329 599 169
4448407 548 177
4456843 464 178
4467833 570 194
4479470 599 193
4489595 512 197
4500431 573 196
4511863 596 194
4519584 408 152
4530734 599 202
4539245 498 179
4546903 420 144
4554869 432 151
4565239 556 178
4575510 545 189
4586514 589 168
4597081 606 213
4607503 548 213
4618548 562 213
4628854 520 201
4639656 582 186
4650360 556 184
4660729 540 147
4672098 585 167
4684030 629 210
4695162 639 185
4706557 635 183
4717501 619 180
4729043 616 212
4739533 518 185
4748622 442 155
4760039 574 228
4769780 524 193
4780409 568 228
4788967 450 110
4800011 586 215
4811596 612 202
4821865 553 189
4831946 590 172
4839933 435 138
4850502 567 223
4861844 584 181
4873062 559 214
4883659 539 183
4894682 599 215
4905405 559 192
4916937 597 189
4929062 631 190
4940543 586 166
4951671 625 196
4960425 466 151
4970886 571 162
4982444 645 196
4993547 589 189
5005226 625 198
5017057 580 160
5028945 579 187
5039821 560 167
5050595 577 169
5060949 582 183
5071728 597 180
5082146 547 199
5092664 568 211
5103181 556 169
5114623 607 207
5125640 609 167
5137286 569 197
5145679 424 155
5156778 580 201
5168071 622 203
5179232 591 181
5188353 481 121
5197585 483 126
5209375 622 178
5220186 577 194
5228206 430 159
5238923 591 186
5249764 584 199
5259894 557 163
5271429 587 154
5281893 537 212
5291850 500 147
5302290 563 171
5314011 628 194
5324663 568 156
5335267 575 197
5343156 436 151
5354408 605 211
5365222 560 211
5375855 570 178
5387324 610 183
5398939 632 228
5410172 560 183
5421057 562 191
5431690 546 183
5442980 618 137
5454728 625 201
5465463 580 191
5476841 581 174
5488858 623 146
5499848 587 197
5510562 564 203
5521435 613 194
5532337 575 151
5543658 549 171
5555208 565 188
5566732 609 231
5575877 540 131
5584004 450 165
5595107 600 188
5605668 568 168
5617374 621 193
5628304 578 201
5639617 627 154
5651297 607 137
5662675 597 170
5672325 511 171
5681071 485 119
5681998 1784 0
5681998 2121 0
5681998 1941 0
5681998 1877 0
5681998 1924 0
5682074 1360 3
5682195 1196 3
5682631 1114 3
5682683 1194 3
5683119 1122 3
5683297 1128 3
5683411 1158 3
5683802 1123 3
5683917 1186 3
5684243 1158 3
5684403 1214 3
5684631 1212 3
5684650 1381 3
5684890 1204 3
5685283 1113 3
5685483 1160 4
5685617 1166 3
5685617 1224 3
5685786 1178 3
5685984 1215 3
5686166 1196 3
5686384 1285 3
5686559 1141 3
5686721 1363 3
5686727 1416 3
5686727 1421 4
5686993 997 4
5687114 1065 3
5687575 1138 3
5687846 1176 3
5688039 1239 3
5688039 1121 3
5688098 1252 3
5688192 1228 3
5688325 1245 3
5688325 1244 3
5688491 1186 3
5688545 1206 3
5688741 1134 4
5688916 1232 3
5688973 1262 3
5689004 1298 3
5689007 1453 3
5689121 1382 3
5689211 1234 4
5689211 1336 3
5689885 1218 3
5690125 1360 3
5690219 1320 3
5690219 1270 4
5690376 1250 4
5690913 1186 5
5691059 1321 3
5691192 1241 3
5691329 1276 4
5691649 1049 4
5691649 1467 3
5692093 1157 4
5692093 1270 3
5692704 1119 3
5692782 1283 5
5693345 1098 3
5693345 1298 3
5693405 1424 3
5693405 1355 3
5693578 1299 3
5693578 1279 3
5693781 1176 3
5693814 1197 4
5693863 1168 3
5693877 1215 4
5693913 1330 3
5693913 1339 3
5694464 1184 6
5694501 1312 3
5694800 1278 3
5695239 1109 3
5695706 1078 3
5696552 1009 6
5696866 1075 3
5696912 1136 5
5696912 1075 3
5697012 1090 4
5697216 1075 3
5698026 981 4
5698056 1108 3
5698406 1052 3
5698406 1171 3
5698953 1090 5
5699225 1112 3
5699225 1137 3
5699646 1132 5
5700233 1121 3
5700732 1165 3
5700811 1237 3
5701225 1101 7
5701528 1121 4
5702034 972 4
5702059 1115 3
5702059 1147 3
5702175 1107 3
5702232 1144 4
5702232 1151 4
5702668 1081 3
5702907 1004 3
5703395 1060 3
5703487 1131 3
5703624 1129 3
5703728 1129 3
5704446 1059 5
5704781 1090 4
5704781 1142 3
5705021 1161 2
5705134 1089 3
5705134 1167 4
5705836 859 4
5706725 1042 6
5707061 1375 4
5707204 1085 7
5707736 991 6
5708111 1119 3
5708244 1064 3
5708564 1031 3
5708591 1112 3
5708841 1116 4
5709214 1115 7
5709333 1121 4
5709534 1124 5
5709831 1136 3
5710036 1162 4
5710244 1102 3
5710280 1157 2
5710973 1049 8
5711192 1235 4
5711648 1155 3
5712484 1010 3
5713019 1103 4
5713442 1070 3
5713702 1097 5
5713842 1159 3
5714257 1087 5
5714454 1099 3
5714552 1045 3
5714615 1103 4
5714894 1083 5
5715276 1123 6
5715362 1082 4
5715714 1185 5
5715737 1345 4
5716017 1219 3
5716060 1241 3
5716384 1129 4
5717465 1058 3
5717793 1167 4
5717876 1118 4
5718239 1071 3
5719171 1025 5
5719453 1246 5
5720024 1008 5
5720506 1070 6
5720649 1179 4
5720729 1210 5
5720949 1103 4
5721033 1074 4
5721081 1112 4
5721125 1102 4
5721126 1222 3
5721138 1144 3
5721183 1172 5
5721952 1001 6
5722239 1057 6
5722477 1066 4
5722718 1227 3
5722735 1198 3
5723002 1224 6
5723126 1157 4
5723207 1382 5
5723425 1269 4
5723700 1270 6
5724490 986 9
5724825 1062 5
5724862 1140 5
5725217 1111 4
5725494 1029 5
5725678 1120 3
5726849 926 4
5726883 1103 3
5727005 1074 3
5727146 1214 3
5727164 1104 4
5727720 1086 4
5727837 1156 5
5727912 1104 4
5728252 1078 4
5728487 1149 3
5728487 1154 3
5728665 1128 5
5728677 1171 3
5728842 1111 3
5728842 1205 3
5729487 1069 6
5730396 985 5
5730633 1152 5
5730906 1120 3
5731555 1062 8
5731850 1122 4
5732099 1037 7
5732276 1168 3
5732276 1265 4
5732561 1171 5
5732974 1054 5
5733434 1016 4
5733784 1142 3
5734779 1025 4
5735407 883 10
5735517 1064 3
5735741 930 6
5735872 1089 3
5736216 1146 5
5736393 1181 5
5736525 1254 3
5736949 1150 7
5737214 1196 4
5737459 1277 5
5738207 1200 9
5738245 1349 7
5738577 1134 4
5738678 1239 3
5738933 1161 7
5739193 1344 7
5739404 1122 6
5740093 1060 7
5740251 1148 5
5741537 855 7
5742847 912 5
5742847 1089 3
5742861 1054 4
5742925 979 4
5743087 1043 3
5743433 1104 4
5743474 1271 4
5744655 865 8
5744859 1286 4
5745047 1157 4
5745846 1146 5
5746181 955 5
5746333 1112 4
5746657 1068 3
5747101 1136 10
5747345 1120 6
5747843 1203 4
5748442 999 6
5749761 888 4
5750128 1026 8
5750421 1098 4
5751186 992 5
5751266 1204 4
5751312 1176 4
5751399 1151 3
5751584 1058 8
5752623 749 6
5753047 1006 6
5753432 1097 4
5753760 1029 6
5754658 1015 6
5755151 1094 4
5755764 976 4
5756318 1033 5
5756435 1076 3
5756888 1098 8
5756896 584 2
5757164 10 3
5757762 13 4
5758565 8 5
5759011 10 6
5759220 9 5
5759377 9 5
5759541 7 3
5759677 9 6
5759878 7 8
5760052 11 4
5760396 8 4
5760747 14 6
5761155 14 4
5761662 16 5
5761979 16 4
5762170 12 3
5762414 14 6
5762460 15 4
5762460 11 4
5762711 14 7
5762720 9 4
5763235 12 8
5763573 11 3
5763686 7 6
5763921 7 5
5764212 9 5
5764299 4 3
5764799 7 7
5765537 10 10
5766078 12 5
5766300 13 9
5766554 9 3
5767118 12 4
5767506 2 4
5768077 780 6
5768471 1053 6
5768707 1041 5
5769251 1031 5
5770010 972 9
5770020 1134 3
5770835 965 8
5771562 1108 10
5772086 954 6
5772457 1066 3
5772524 1161 6
5773364 980 13
5773951 1002 5
5774041 1003 5
5774135 1116 6
5775626 772 3
5776782 992 8
5777009 1037 3
5777614 1027 7
5778564 996 8
5778614 1087 5
5778929 1141 11
5779475 1129 7
5779541 1281 4
5780142 1088 5
5780877 1082 4
5781415 1162 7
5782025 1146 5
5782836 1118 3
5782932 1153 5
5783083 989 5
5783146 1202 4
5783604 1134 7
5784022 1248 4
5785118 970 8
5785567 1139 5
5785825 1161 4
5787087 1012 11
5787176 1212 3
5787673 1150 7
5787727 1261 4
5788030 1161 6
5788267 1176 7
5788367 1349 4
5790140 642 11
5790499 1045 6
5790819 1144 7
5791050 1215 9
5791442 1196 5
5792285 1058 11
5793086 871 8
5793524 1188 8
5793802 1113 5
5793881 1205 4
5794003 1088 6
5796106 804 8
5797033 1004 5
5797294 1274 4
5797877 1027 11
5798020 1180 4
5798384 1060 8
5798493 1057 7
5798901 1059 7
5799251 1146 6
5799657 1059 3
5800012 1059 6
5800745 981 10
5800859 1200 3
5801037 1147 6
5801403 1048 9
5802154 954 10
5802873 1001 7
5803131 1009 4
5803310 1040 4
5804217 920 8
5804326 1168 4
5804782 977 4
5805260 1033 6
5805486 997 6
5805968 1021 5
5806531 1008 4
5807157 942 9
5807918 967 9
5808161 1145 4
5808915 912 10
5810235 683 17
5811926 834 11
5812266 1073 8
5813497 856 14
5813786 1168 11
5814482 917 7
5814989 1126 5
5815316 1146 7
5815847 1085 8
5816629 981 9
5816886 1184 4
5817096 1152 5
5817211 1148 5
5818642 852 16
5818761 1115 3
5819741 940 10
5820137 1040 5
5820765 970 7
5821399 978 12
5821884 991 9
5822094 918 4
5823592 930 16
5824280 946 3
5825714 893 9
5826558 1039 12
5826893 1092 10
5827263 1182 4
5827708 1080 6
5828435 1103 8
5829827 871 6
5831593 862 21
5831972 822 7
5832301 1054 8
5832366 1113 7
5832455 1214 7
5833448 974 12
5834159 1030 10
5834238 1133 6
5834899 1021 7
5835283 1063 7
5835509 1048 5
5836588 897 9
5837723 875 11
5838722 1002 12
5839685 910 16
5839745 973 7
5839842 1083 4
5840507 1094 3
5841166 1024 8
5841367 1214 8
5842013 1012 4
5842292 1294 9
5842899 1176 5
5842912 1163 3
5844253 871 13
5844567 1254 4
5845243 989 10
5845568 1046 5
5845891 1119 5
5846083 1083 4
5847194 965 6
5849626 823 10
5849656 1221 12
5849659 1219 3
5849663 1287 4
5849666 1177 4
5850482 799 4
5854185 706 33
5854777 1089 4
5855025 1089 6
5855965 937 11
5857130 892 11
5857901 1031 13
5859326 918 8
5860284 989 11
5860869 1162 7
5861310 1196 8
5861314 1078 4
5862594 1159 20
5863693 923 13
5863933 1128 3
5864441 1104 10
5864790 1233 4
5865504 1151 12
5866412 1134 14
5866941 870 8
5867828 828 13
5868533 1019 16
5869180 1074 11
5869803 986 12
5870771 929 10
5871437 1016 6
5871926 1017 12
5873014 952 10
5873264 1056 11
5873662 1068 12
5873686 1184 3
5874980 931 13
5875637 977 9
5876433 956 9
5877669 980 18
5878031 1167 5
5879172 774 15
5879974 982 8
5881019 900 11
5882142 928 16
5882501 1125 10
5882773 1137 5
5883362 1070 10
5883601 934 9
5884641 601 15
5885274 1046 11
5885797 930 4
5885854 1150 4
5886739 953 12
5887439 1062 12
5887541 1238 4
5887876 1235 9
5888436 924 8
5889000 1009 5
5889300 1085 3
5891172 822 22
5893351 856 26
5893856 1084 11
5894806 850 13
5895721 999 10
5896019 1226 4
5896126 1130 6
5896742 428 5
5897054 6 6
5897197 10 9
5898074 13 16
5898287 8 3
5900057 10 18
5901416 11 40
5902701 14 16
5903429 15 11
5903575 15 3
5903711 11 6
5904488 14 14
5906355 11 22
5906853 16 12
5909149 15 16
5909685 14 9
5910335 13 11
5910868 14 5
5911196 14 9
5912252 0 17
5913238 895 10
5914494 1004 4
5915623 1061 8
5916249 975 6
5917358 1009 8
5918558 902 19
5919878 935 9
5921201 815 13
5923113 883 11
5923852 1015 9
5924407 981 7
5924916 1120 6
5925949 929 20
5926752 981 9
5927120 1061 5
5927465 1099 8
5927706 1174 8
5929107 1028 15
5929671 1172 6
5931364 863 12
5933177 925 11
5934506 930 17
5935516 966 16
5936122 1136 6
5938391 718 29
5939471 1024 14
5940371 1024 9
5940955 1056 7
5941274 1055 5
5941970 973 14
5942100 1299 5
5943422 781 11
5944038 1254 6
5944414 1145 7
5945030 1064 7
5945881 940 9
5947527 831 19
5947996 1061 13
5948514 1098 11
5948514 1159 5
5948682 1218 5
5949965 913 22
5950296 1032 13
5950299 1156 5
5951299 993 12
5952202 991 12
5952833 1004 14
5953244 1123 6
5955550 821 31
5955905 1200 11
5956246 1126 12
5956822 1025 7
5957075 1121 4
5957696 1058 12
5959359 804 20
5960787 911 17
5960996 1146 11
5961002 1056 4
5961005 1170 3
5961007 1434 4
5961011 1289 4
5965197 617 52
5967246 958 16
5968164 982 12
5968770 943 9
5970092 995 13
5971436 968 27
5973153 837 22
5974681 872 25
5976105 887 19
5977259 1093 13
5977631 1233 5
5979647 770 17
5981400 911 13
5984306 750 21
5986038 858 18
5987339 978 17
5987648 1231 5
5988204 1085 16
5989519 909 21
5991143 943 20
5991877 1051 9
5993849 854 33
5995535 903 27
5996609 957 14
5997374 1020 11
5998691 891 17
5999681 1063 10
6000424 1092 17
6001075 1053 19
6001643 1139 12
6002150 963 16
6002311 1033 10
6003874 807 17
6004944 965 20
6006585 783 16
6008578 755 16
6009852 905 15
6011817 843 25
6012817 1107 11
6013976 953 10
6016037 795 38
6016682 1000 14
6017967 959 17
6018935 1031 7
6019284 1241 7
6020732 718 21
6020983 904 15
6021562 929 5
6022495 1001 15
6023548 972 16
6024507 1053 8
6025247 850 13
6025677 690 11
6026620 977 13
6030772 566 30
6031912 1123 15
6033216 1118 15
6035303 731 19
6036933 858 33
6039924 746 32
6041288 914 24
6042016 1055 15
6043327 894 13
6045765 755 33
6047939 792 15
6049476 905 28
6050649 949 21
6052890 730 33
6054952 827 47
6056048 1019 12
6057120 944 19
6058334 917 21
6060818 718 26
6062696 855 32
6063152 1190 8
6063518 1157 13
6064024 1204 10
6064175 1036 13
6065249 946 20
6066381 1003 9
6069233 741 34
6071357 792 27
6072280 977 9
6073749 888 19
6073907 1342 8
6075213 1007 12
6077066 829 34
6078680 831 18
6080879 730 30
6084135 662 32
6086861 703 26
6089184 872 25
6091311 869 24
6094995 706 58
6097364 880 29
6099817 784 20
6102031 807 35
6104157 790 26
6105828 879 20
6105901 1269 6
6106391 1229 12
6106469 1231 7
6108140 925 16
6110238 723 35
6111963 891 30
6115726 681 52
6116365 1063 15
6117526 962 27
6118833 975 14
6121391 761 29
6123365 888 27
6124548 924 15
6125941 997 22
6126774 1232 15
6128400 954 15
6130766 834 35
6131831 1012 12
6133393 916 25
6136217 669 26
6138563 816 32
6141257 657 39
6144406 614 38
6146538 774 27
6147929 918 28
6148975 908 25
6150050 975 18
6150990 992 25
6152682 816 22
6154013 1016 23
6156274 737 42
6158851 386 38
6160832 826 24
6163894 732 41
6167080 645 33
6168276 1005 22
6169528 1032 21
6170727 906 25
6173367 755 28
6176145 535 40
6180556 503 40
6183722 627 44
6187675 554 52
6190077 767 24
6191689 794 33
6193898 623 26
6195096 839 21
6199161 590 45
6201709 809 30
6203660 455 29
6206283 736 24
6208276 746 27
6210163 892 51
6211742 874 32
6215155 525 43
6217533 710 28
6221203 635 74
6223185 876 25
6224537 989 34
6226902 746 65
6228614 944 35
6231306 481 42
6234733 709 62
6236176 994 20
6239686 654 41
6241562 800 22
6245511 572 42
6250226 551 58
6252624 777 61
6254859 760 33
6256769 873 31
6258177 954 25
6259999 796 31
6262223 808 21
6263974 849 24
6266513 816 23
6271121 601 59
6275590 611 68
6280119 532 52
6284271 525 56
6287240 681 41
6290747 666 56
6292992 623 42
6294583 12 28
6297661 36 45
6300631 639 63
6303801 683 35
6308025 614 52
6312479 618 62
6317239 610 49
6318842 987 20
6320611 887 23
6323011 827 24
6325804 654 31
6329834 657 60
6334478 624 65
6339087 564 55
6341952 773 42
6342623 984 13
6344223 886 15
6346038 765 38
6349456 653 41
6353220 692 51
6356324 688 32
6359934 643 66
6363870 645 49
6366984 693 49
6368715 804 33
6370586 673 47
6373849 350 19
6379382 582 83
6383283 677 46
6385233 900 33
6389322 619 44
6393304 602 66
6398727 418 90
6404920 494 66
6410298 571 101
6414856 572 63
6422365 433 107
6429005 363 71
6436209 459 60
6443681 506 87
6449825 469 89
6455102 480 112
6459407 521 60
6462525 530 46
6467256 418 65
6471192 584 62
6476360 545 78
6480537 584 84
6484956 594 85
6490604 564 73
6496572 451 49
6502095 485 77
6507271 550 95
6511214 651 66
6514977 779 45
6516989 812 45
6520809 629 52
6524720 620 60
6527595 569 22
6531838 536 55
6537135 561 73
6543723 499 67
6550288 513 90
6556616 516 82
6562810 511 90
6568459 544 72
6573243 597 120
6576563 671 46
6579481 693 63
6582817 470 39
6589102 421 83
6594017 603 77
6598579 580 53
6604298 526 105
6611092 477 84
6618083 504 74
6626677 419 122
6632980 505 82
6637426 516 67
6643345 482 92
6649151 526 68
6655295 554 107
6662008 520 94
6669743 507 112
6675352 573 104
6677921 869 56
6681687 640 52
6685929 683 49
6689974 669 34
6694886 574 67
6702647 462 102
6708814 503 64
6713188 608 66
6717640 424 54
6722353 598 59
6725650 473 33
6733023 475 107
6739244 527 64
6747282 476 90
6756563 415 131
6762879 285 68
6770773 449 118
6777973 381 115
6781829 809 52
6790674 660 114
6797270 850 102
6802540 950 68
6805357 1022 40
6806764 1389 18
6806994 1838 4
6806994 2006 0
6806994 2135 0
6806994 2112 0
6806994 1924 0
6806994 2043 0
6806994 2028 0
6809768 865 36
6817206 472 93
6825882 435 110
6833650 450 130
6841140 428 113
6846764 442 84
6850777 550 38
6857461 470 66
6866111 389 103
6875985 400 170
6884944 420 159
6891208 512 89
6897729 503 76
6904764 482 86
6912539 465 74
6917922 617 56
6920968 394 37
6927708 446 91
6933293 297 87
6941776 469 130
6949333 470 133
6955189 369 90
6963124 463 112
6971298 461 137
6980104 399 155
6990304 329 148
7001047 344 116
7011356 358 138
7020211 398 113
7030066 370 133
7039390 337 180
7050140 342 159
7060364 356 184
7070742 333 198
7080316 363 142
7090564 420 181
7100565 355 150
7108716 418 133
7118266 355 167
7125791 226 92
7136092 379 134
7146586 375 145
7156021 409 141
7165423 441 118
7175317 335 136
7186655 345 207
7195460 304 153
7206366 372 135
7216993 356 141
7226439 241 113
7237791 388 181
7248721 411 155
7259576 377 125
7269120 392 98
7280012 294 110
7291153 334 142
7299923 297 133
7309147 345 134
7319448 279 159
7330563 291 150
7341469 321 173
7351802 196 122
7362696 243 119
7373253 333 157
7383799 286 147
7392595 315 108
7403865 359 182
7414304 335 127
7425916 397 135
7436304 361 137
7446645 292 149
7457166 266 115
7467542 278 128
7478613 359 142
7487293 250 128
7497945 241 157
7509339 321 138
7519366 244 132
7530465 343 146
7541625 341 170
7551765 386 138
7561027 373 122
7571610 314 140
7582382 329 162
7592433 275 164
7603201 307 132
7613982 351 150
7624190 372 118
7635430 359 140
7645205 371 133
7653738 386 93
7662301 369 104
7670642 447 117
7670642 1206 1
7678983 444 78
7686876 210 74
7697218 356 168
7707728 236 129
7718434 372 165
7727456 390 137
7737994 316 130
7747639 454 156
7754579 284 108
7764127 336 144
7774379 345 134
7785382 272 138
7796475 305 185
7807587 389 170
7818492 368 152
7828966 253 134
7838383 216 138
7848548 264 115
7859268 214 137
7869675 348 170
7880316 347 129
7890190 351 111
7900364 366 127
7911293 375 190
7921274 363 151
7928407 230 118
7939527 370 148
7948644 366 87
7958283 443 105
7969059 446 146
7972758 906 40
7981886 215 125
7992312 193 135
8002541 264 125
8013061 325 174
8022465 234 140
8032932 377 131
8039927 257 99
8050524 356 118
8061346 355 146
8071843 331 125
8082498 266 181
8094385 372 141
8104878 353 149
8111838 235 119
8122480 419 158
8132473 244 154
8143301 298 172
8154270 353 139
8164949 375 136
8175121 251 149
8185330 313 156
8195320 346 134
8202436 264 132
8213775 356 166
8224557 354 130
8235393 386 157
8244655 552 128
8255739 259 122
8266669 241 130
8276289 261 126
8286479 238 144
8296838 365 170
8308529 371 137
8319701 288 131
8330844 383 147
8341983 289 176
8353696 374 153
8364884 247 163
8376735 341 167
8387123 252 113
8396493 328 128
8407707 296 115
8419032 405 166
8430014 309 138
8437126 143 131
8447905 285 136
8458878 386 156
8469453 321 142
8477203 200 88
8488827 342 170
8500287 313 124
8508330 323 72
8518371 193 142
8527839 206 125
8538558 365 108
8549472 324 136
8561110 383 155
8573122 417 161
8584621 356 108
8595663 350 131
8605320 109 106
8616249 368 172
8626458 273 164
8635069 288 116
8646710 350 123
8657837 335 125
8668354 318 167
8679013 328 116
8689547 359 134
8699761 324 118
8708576 230 126
8720201 363 145
8731489 348 147
8743326 366 139
8754529 342 144
8765513 359 118
8777256 361 146
8788815 357 183
8799660 309 151
8807540 237 100
8819002 333 167
8829812 301 157
8840994 341 107
8852523 345 156
8861656 267 120
8871885 345 152
8882660 278 142
8894017 337 172
8905629 370 142
8917082 391 170
8927559 321 130
8938581 330 176
8949851 308 135
8961534 343 159
8973453 356 154
8983557 296 97
8995049 340 125
9006154 378 141
9017716 373 181
9028348 355 161
9038351 348 152
9048333 308 143
9059371 366 110
9067546 199 74
9077893 292 127
9086214 238 120
9097060 299 118
9107185 420 149
9118489 369 146
9129777 369 152
9140635 359 176
9150132 292 115
9161325 335 150
9172515 355 119
9184308 349 191
9195626 348 150
9207225 358 108
9218533 370 168
9229521 358 202
9237510 207 121
9248624 344 134
9257485 238 107
9269450 363 162
9280940 372 157
9292137 360 124
9303813 289 107
9315067 398 125
9326414 337 129
9337428 351 131
9347286 315 180
9357380 309 137
9368827 355 141
9380336 370 124
9391349 358 203
9402225 343 127
9410047 254 118
9421114 332 156
9432766 330 137
9444214 349 157
9456358 439 159
9463517 155 110
9474749 213 107
9485276 231 128
9496039 309 177
9507192 300 125
9518987 354 145
9530435 302 144
9542095 349 127
9553016 334 180
9562573 348 131
9570677 256 70
9582150 410 116
9593825 378 118
9605548 372 88
9617203 454 88
9629134 369 60
9640941 364 47
9651648 391 76
9661506 307 42
9672334 355 43
9683948 398 46
9695534 356 51
9707531 352 40
9719665 373 42
9730102 347 54
9740983 350 63
9752134 357 53
9763760 364 37
9775393 372 59
9787084 396 68
9798661 359 70
9809572 344 45
9820945 348 47
9831375 304 47
9841933 357 41
9851121 303 38
9862182 372 68
9874034 378 72
9882931 355 45
9893853 403 81
9905731 429 40
9917540 382 60
9928756 376 59
9938584 362 67
9946399 257 34
9957238 314 44
9966932 313 47
9978729 443 56
9990503 361 43
10002684 393 46
10014420 450 56
10025458 346 54
10033243 246 34
10041119 273 18
10045442 151 27
10054175 257 29
10066321 474 42
10077011 335 53
10087949 384 51
10098655 365 46
10110522 394 53
10121744 350 54
10132615 338 51
10136834 94 22
10136852 8 0
10136880 8 0
10136903 11 0
10138112 88 4
10147182 513 53
10156892 547 80
10168765 665 92
10180656 658 86
10192116 669 122
10203919 621 109
10214951 587 124
10226707 630 103
10237687 598 142
10248026 608 126
10259886 639 114
10272017 652 131
10283987 641 140
10295334 586 125
10306969 646 142
10318788 638 149
10331067 675 156
10342472 618 109
10353666 604 138
10363938 568 189
10375883 631 181
10384640 463 97
10393451 463 140
10404934 607 166
10416733 637 184
10428592 637 142
10440162 621 138
10452401 663 193
10464793 664 179
10476429 631 151
10488593 647 179
10499968 598 151
10511922 637 177
10523139 603 169
10530030 373 120
10540113 540 152
10552488 644 143
10561554 479 125
10572863 590 173
10584671 637 155
10596161 630 187
10607911 643 205
10619335 620 127
10631362 640 170
10642803 598 155
10647214 255 52
10647239 11 0
10647262 8 0
10647280 7 0
10647299 7 0
10647317 7 0
10647330 8 0
10647341 5 0
10647360 6 0
10647371 5 0
10647388 6 0
10647396 5 0
10647406 5 0
10647420 5 0
10647439 8 0
10647455 6 0
10647472 5 0
10647490 6 2
10647509 7 0
10647526 6 0
10647543 9 1
10647563 8 0
10647588 7 0
10647602 6 0
10647616 6 0
10647633 7 0
10647656 9 2
10647669 5 0
10647684 6 0
10647705 8 0
10647726 9 1
10647752 8 0
10647765 7 0
10647783 6 3
10647804 8 1
10647817 6 0
10647830 7 0
10647844 5 0
10647854 6 0
10647864 4 0
10647882 9 0
10647916 13 0
10655129 410 106
10660719 317 97
10668574 444 122
10679647 630 206
10691630 676 132
10703604 659 168
10715542 666 145
10727845 685 179
10740544 700 174
10753381 704 185
10765278 662 195
10777761 680 196
10789954 644 215
10802326 660 168
10814051 611 171
10825980 665 181
10837955 642 143
10849292 598 159
10861597 646 155
10874010 652 179
10886440 672 166
10899384 684 157
10911566 649 181
10923795 649 212
10935790 639 174
10948056 690 178
10960506 665 175
10972908 662 164
10984665 625 170
10996939 652 191
11008644 614 159
11020945 639 170
11032419 604 152
11044956 678 175
11056626 653 211
11068536 631 164
11080566 630 173
11092838 658 172
11104499 647 178
11115996 661 149
11128317 678 206
11140753 684 142
11152152 623 174
11164331 637 122
11176071 638 134
11188176 636 115
11199616 613 181
11211663 652 163
11223579 643 160
11235498 674 177
11247215 614 149
11258814 606 177
11270730 634 149
11282775 641 195
11294432 644 126
11306074 627 142
11318117 648 189
11330266 645 139
11340420 525 146
11352228 615 181
11362344 527 140
11374536 672 198
11385707 600 173
11397784 647 177
11409911 657 195
11421570 600 145
11432641 579 123
11443752 586 166
11455292 621 165
11466788 627 128
11477966 597 155
11489528 616 147
11501126 616 118
11512570 592 115
11523741 592 144
11535469 616 166
11547735 660 206
11559797 652 187
11571462 626 162
11583500 638 201
11596194 664 183
11608635 652 142
11620045 598 169
11631502 619 151
11642941 612 165
11653537 568 139
11663901 554 129
11673616 531 168
11685768 661 138
11697727 656 156
11709794 654 181
11720686 589 189
11731903 592 146
11743204 635 140
11755218 655 151
11767204 640 137
11778204 590 125
11789820 623 125
11800460 608 143
11811549 647 120
11819523 449 103
11830082 580 111
11841490 627 143
11853562 648 179
11866146 672 136
11877646 603 151
11889398 626 162
11900941 635 183
11912116 640 140
11922361 558 127
11933842 602 151
11945562 630 171
11955332 525 121
11963377 433 145
11974193 639 111
11985207 618 137
11996746 627 169
12008046 615 129
12019808 633 152
12031319 626 160
12043502 636 200
12054445 572 126
12066243 641 149
12078241 653 129
12089772 647 150
12097577 419 103
12108969 595 188
12118350 487 109
12129636 599 126
12141049 620 127
12150615 533 133
12160512 536 155
12172596 656 172
12183416 577 129
12194332 566 146
12205097 568 124
12217368 656 198
12229255 648 201
12240990 651 173
12252763 640 168
12264711 676 159
12276344 615 140
12285109 456 95
12293996 467 145
12306061 648 179
12317498 610 129
12328955 614 152
12340792 638 176
12353356 680 157
12365792 662 161
12377217 626 171
12388895 609 160
12400944 629 133
12412236 605 172
12423866 617 147
12435386 626 126
12443946 451 95
12455535 597 151
12466771 584 161
12479222 650 174
12491349 646 158
12502104 586 169
12512093 524 177
12523004 572 158
12534282 591 156
12545744 608 134
12557027 594 181
12568712 632 178
12580990 674 185
12592119 613 135
12603578 654 127
12613011 531 126
12625325 654 119
12635504 549 130
12647594 650 155
12659766 659 175
12672205 676 164
12684364 664 164
12696828 680 135
12709243 667 188
12720975 660 107
12732762 619 135
12744035 583 174
12756073 627 162
12768676 663 153
12776777 467 142
12785011 443 143
12796002 576 144
12807122 581 108
12816747 508 149
12826932 540 127
12838208 623 131
12850254 637 169
12862426 643 153
12874779 663 157
12886542 104 169
12898549 18 142
12907730 0 118
12919559 458 166
12931238 625 150
12942429 603 132
12951626 516 135
12963431 632 183
12975963 664 146
12988491 663 200
12998239 513 124
13009940 646 157
13021932 652 131
13034080 657 167
13044964 582 122
13056039 582 151
13067871 634 120
13080090 640 148
13091843 614 136
13102787 591 147
13114580 630 149
13126777 668 120
13138702 639 141
13151067 643 173
13163486 644 162
13175342 632 142
13183571 433 136
13193814 531 126
13204523 556 184
13215178 553 128
13225524 538 128
13235517 527 174
13247279 611 142
13259687 650 147
13267616 520 118
13279458 628 151
13291512 649 145
13303576 647 158
13314983 601 188
13325890 577 143
13336707 568 127
13344111 404 83
13354977 569 179
13366811 631 147
13378622 636 185
13390837 659 151
13402922 668 154
13415319 650 151
13427697 657 153
13437165 508 146
13449243 651 209
13460095 619 111
13471411 608 142
13483587 658 129
13496058 656 203
13508259 636 180
13520387 664 151
13532754 666 189
13542285 515 134
13552311 524 133
13562126 514 126
13572908 561 131
13584129 589 163
13595798 611 211
13607932 644 135
13619655 626 153
13631260 626 139
13643193 639 188
13654972 631 140
13666395 600 131
13678015 614 134
13689891 645 114
13702391 674 179
13714138 622 119
13725735 615 137
13734934 489 103
13747131 675 178
13758635 618 138
13770519 629 150
13782038 612 161
13794079 636 161
13805678 622 173
13814881 548 131
13826646 630 135
13839076 660 210
13848686 529 140
13857409 470 146
13868975 613 161
13881127 654 144
13893662 680 156
13905093 661 166
13917266 660 148
13929654 655 155
13941363 619 154
13952467 584 142
13964128 641 150
13975504 650 175
13984808 503 84
13996942 656 163
14009070 657 169
14021866 683 204
14033314 633 124
14045078 632 172
14056709 631 151
14066716 539 109
14078915 668 127
14090522 644 125
14102329 622 161
14114571 644 155
14125871 596 129
14137019 583 174
14145378 469 149
14157740 667 179
14169210 611 164
14181302 650 135
14193470 639 144
14204640 602 137
14216007 601 168
14227343 603 129
14235659 461 122
14247489 639 136
14258487 583 133
14270007 606 155
14281710 609 169
14293997 647 150
14302586 449 110
14313685 593 152
14325239 613 197
14336511 607 174
14347003 553 132
14358788 615 138
14370690 657 133
14383113 655 154
14393958 591 132
14404779 606 172
14413728 490 122
14425629 642 164
14436879 603 150
14448520 623 135
14460163 613 173
14472115 639 116
14483113 654 163
14487828 1847 82
14499878 678 145
14512022 673 158
14523884 637 176
14535612 639 140
14543536 454 129
14555863 653 195
14567120 609 149
14575541 461 113
14584838 506 126
14596166 609 123
14607599 613 125
14619256 611 134
14628412 482 157
14640371 642 157
14651916 615 137
14663135 603 140
14675055 639 167
14687385 673 210
14696258 497 137
14708235 633 186
14720048 610 155
14732441 650 134
14741373 505 107
14752881 620 174
14764431 634 176
14776590 662 123
14787937 594 166
14799591 603 133
14811587 628 149
14823883 654 161
14835579 616 152
14846971 607 155
14857978 585 155
14866995 542 151
14878493 602 128
14890366 629 129
14900658 604 129
14912677 653 195
14924072 606 152
14935389 628 147
14946741 609 159
14957962 599 185
14969908 626 108
14981692 623 154
14993474 637 129
15005466 634 182
15017395 633 142
15026787 508 141
15038560 640 178
15050403 648 194
15062579 647 127
15074032 607 119
15084566 585 165
15096616 653 148
15107731 622 144
15119484 636 177
15131127 634 150
15142603 603 131
15154140 613 154
15165598 653 149
15177103 616 163
15189142 644 186
15197530 449 114
15208094 552 112
15219517 607 144
15229378 522 94
15241478 632 193
15253296 622 154
15264985 620 124
15276876 649 178
15287612 564 132
15299207 619 157
15311226 631 110
15323428 638 135
15335033 619 139
15346959 635 166
15358880 639 128
15370825 691 127
15382311 611 140
15394925 665 177
15407508 655 199
15417473 532 107
15429899 668 163
15440164 537 134
15452031 657 168
15464066 644 149
15475055 591 167
15487044 623 187
15498801 606 196
15510054 602 197
15518994 462 118
15530978 642 148
15543398 676 131
15555225 630 169
15566614 591 133
15577057 553 133
15588234 591 140
15597426 542 90
15608885 614 171
15620418 612 167
15632507 647 174
15644663 649 166
15656494 624 149
15667593 574 145
15677250 591 102
15689452 651 190
15700620 606 121
15712541 645 139
15724652 671 158
15736519 662 123
15748992 661 170
15761333 648 141
15773340 642 181
15785438 651 178
15793933 490 96
15804385 549 168
15816009 625 183
15827967 637 157
15840208 630 171
15852322 629 139
15862009 518 132
15873831 632 126
15884550 565 141
15895472 572 128
15906189 554 146
15918116 624 153
15930572 647 186
15942818 648 155
15951327 454 81
15963444 660 147
15974566 585 129
15986003 605 95
15997536 606 158
16009146 601 155
16020318 593 177
16029468 498 115
16041293 621 134
16051959 555 106
16062227 536 110
16073076 564 129
16083858 559 142
16095964 631 155
16108005 621 171
16117663 538 114
16128334 575 137
16140662 659 153
16152159 610 123
16164256 642 161
16175721 595 148
16187287 624 146
16195479 438 84
16206800 602 144
16215520 482 121
16227224 633 145
16238909 621 112
16249939 610 137
16261131 581 130
16273254 636 158
16285342 637 166
16297187 645 173
16308506 640 160
16320478 666 199
16328971 459 118
16339349 575 121
16339351 2693 0
16339351 2887 0
16339351 2861 0
16339351 2799 0
16339351 1069 0
16339351 0 0
