#xct_latency_in_nsec
0
0
0
0
0
0
0
0
0
0
0
0
0
0
0
0
0
0
0
0
0
21003830
26761691
11433842
9529328
7056905
5202804
5941809
6060767
5691872
5307858
4106392
3719064
4617523
4060257
4677147
2315223
3732855
2787601
2395981
2824800
2307825
2809261
3248007
2041168
2030857
2281085
2220895
1948930
1802727
0
0
0
0
0
0
0
0
0
0
0
0
0
0
0
0
0
0
0
0
551799
0
0
0
0
0
0
0
0
0
0
0
0
611657
0
0
0
0
0
0
0
0
0
0
0
0
580094
0
0
0
0
0
0
0
0
0
0
0
0
0
588384
0
0
0
0
0
0
0
0
0
0
0
0
543640
0
0
0
0
0
0
0
0
0
0
0
0
620284
0
0
0
0
0
0
0
0
0
0
0
0
742992
0
0
0
0
0
0
0
0
0
0
0
0
0
635411
0
0
0
0
0
0
0
0
0
0
0
0
522337
0
0
0
0
0
0
0
0
0
0
0
0
617783
0
0
0
0
0
0
0
0
0
0
0
0
613857
0
0
0
0
0
0
0
0
0
0
0
0
616200
0
0
0
0
0
0
0
0
0
0
0
0
0
630806
0
0
0
0
0
0
0
0
0
0
0
0
575840
0
0
0
0
0
0
0
0
0
0
0
0
606554
0
0
0
0
0
0
0
0
0
0
0
0
605148
0
0
0
0
0
0
0
0
0
0
0
0
0
578893
0
0
0
0
0
0
0
0
0
0
0
0
619869
0
0
0
0
0
0
0
0
0
0
0
0
628187
0
0
0
0
0
0
0
0
0
0
0
0
0
621678
0
0
0
0
0
0
0
0
0
0
0
0
605661
0
0
0
0
0
0
0
0
0
0
0
0
0
599887
0
0
0
0
0
0
0
0
0
0
0
0
615608
0
0
0
0
0
0
0
0
0
0
0
0
0
612196
0
0
0
0
0
0
0
0
0
0
0
0
632401
0
0
0
0
0
0
0
0
0
0
0
0
0
627362
0
0
0
0
0
0
0
0
0
0
0
0
620476
0
0
0
0
0
0
0
0
0
0
0
0
0
626594
0
0
0
0
0
0
0
0
0
0
0
0
732407
0
0
0
0
0
0
0
0
0
0
0
0
0
683033
0
0
0
0
0
0
0
0
0
0
0
0
0
598074
0
0
0
0
0
0
0
0
0
0
0
0
594626
0
0
0
0
0
0
0
0
0
0
0
0
0
630231
0
0
0
0
0
0
0
0
0
0
0
0
764276
0
0
0
0
0
0
0
0
0
0
0
0
0
637256
0
0
0
0
0
0
0
0
0
0
2015572797
2314159
2098424
2074230
1700367
1919130
1952045
2095509
1817384
2025377
2007997
2135402
2026374
2004485
1862169
1774523
1984915
1962722
1947540
2025725
1846747
1797980
2003156
1908732
1813955
1862867
2142564
1793661
1593578
1713461
1761601
0
