236 0 0 0 0 0 5849 0
947.5 0 0 0 0 186 14268 0
1074.67 0 0 0 0 815 14205 0
1288.75 0 0 0 0 552 14216.5 0
1536.2 0 0 0 0 602 14596.2 0
1840.17 0 0 0 0 691 15222.2 0
1894.57 0 0 0 0 416 14614 0
2056.38 0 0 0 0 545 14586 0
2196 0 0 0 0 551 14590.9 0
2273.1 0 0 0 0 439 14329.6 0
2367.09 0 0 0 0 433 14160.1 0
2438.33 0 0 0 0 651 13909.8 0
2739.62 0 0 0 0 344 14392 0
2720.93 0 0 0 0 0 13883.6 0
2895.2 0 0 0 0 492 13890.5 0
2937 0 0 0 0 372 13571.9 0
3191.29 0 0 0 0 634 13679 0
3330.67 0 0 0 0 471 13519.1 0
3473.74 0 0 0 0 475 13358.2 0
3602.4 0 0 0 0 482 13148.1 0
3956.7 0 0 0 0 552 13367.5 0
4176.1 0 0 0 0 428 12597.4 0
4433.55 0 0 0 0 447 12253.6 0
4707.45 0 0 0 0 498 11900.6 0
5038.25 0 0 0 0 590 11494.7 0
5249.65 0 0 0 0 477 10868.1 0
5552.75 0 0 0 0 525 10611.5 0
5773.45 0 0 0 0 470 10139.3 0
6086 0 0 0 0 583 9688.85 0
6342.25 0 0 0 0 494 9299.85 0
6574.35 0 0 0 0 476 8866.75 0
6828.65 0 0 0 0 500 8489.4 0
6911.7 0 0 0 0 459 7638.65 0
7226.1 0 0 0 0 510 7428.95 0
7531.2 0 0 0 0 661 6924.65 0
7684.55 0 0 0 0 398 6592.75 0
7745.25 0 0 0 0 496 5944.85 0
7808.65 0 0 0 0 404 5501.75 0
8007.45 0 0 0 0 581 5107.9 0
8108 0 0 0 0 471 4746.4 0
8317.15 0 0 0 0 676 4360.6 0
8457.6 0 0 0 0 512 4082.35 0
8683.8 0 0 0 0 618 3820.05 0
8868.45 0 0 0 0 628 3553.05 0
8964.4 0 0 0 0 632 3239.35 0
9030.85 0 0 0 0 535 3011.65 0
9086.95 0 0 0 0 568 2791.3 0
9132.9 0 0 0 0 483 2598.05 0
9135.5 0 0 0 0 533 2373.35 0
9151 0 0 0 0 444 2214.3 0
9067.3 0 0 0 0 334 2060.6 0
9087.3 0 0 0 0 449 1926.4 0
9161.75 0 0 0 0 489 1817.85 0
9185.25 0 0 0 0 509 1708.65 0
9075 0 0 0 0 489 1557.5 0
9212.6 0 0 0 0 500 1491.9 0
9193.2 0 0 0 0 421 1403.5 0
9230.9 0 0 0 0 399 1335.55 0
9292 0 0 0 0 592 1252.3 0
9265.85 0 0 0 0 424 1184.3 0
9166.25 0 0 0 0 533 1094.1 0
9178.5 0 0 0 0 523 1037.1 0
9179.45 0 0 0 0 614 973.6 0
9189.1 0 0 0 0 626 915.15 0
9082.15 0 0 0 0 495 855.9 0
9206.8 0 0 0 0 629 822.55 0
9323 0 0 0 0 633 783.35 0
9459 0 0 0 0 606 759.95 0
9488.6 0 0 0 0 596 729.5 0
9633.55 0 0 0 0 637 706.2 0
9727.3 0 0 0 0 466 687.5 0
9582.6 0 0 0 0 339 654.5 0
9680.05 0 0 0 0 654 630.35 0
9670.05 0 0 0 0 487 602.95 0
9556.7 0 0 0 0 375 573.75 0
9483.55 0 0 0 0 430 546.25 0
9422.6 0 0 0 0 382 527.95 0
9442.75 0 0 0 0 466 514.1 0
9463.85 0 0 0 0 614 488.95 0
9581.45 0 0 0 0 535 480 0
9695.45 0 0 0 0 612 462.95 0
9810.9 0 0 0 0 605 454.95 0
9843.05 0 0 0 0 618 440.6 0
9690.55 0 0 0 0 450 421.2 0
9641.4 0 0 0 0 436 405.7 0
9604.4 0 0 0 0 583 393.6 0
9374.55 0 0 0 0 392 371.65 0
9213.85 0 0 0 0 434 353.7 0
9091 0 0 0 0 439 340.85 0
9116.2 0 0 0 0 633 330.4 0
9171.6 0 0 0 0 508 324.3 0
9443.15 0 0 0 0 598 326.8 0
9384.75 0 0 0 0 554 317.25 0
9340.4 0 0 0 0 459 312.15 0
9533.45 0 0 0 0 621 310.55 0
9668.2 0 0 0 0 591 309.2 0
9917.8 0 0 0 0 657 309.3 0
10091.4 0 0 0 0 621 307.1 0
9911.05 0 0 0 0 438 295.45 0
9892.15 0 0 0 0 530 288 0
9772.5 0 0 0 0 527 280.65 0
9677.25 0 0 0 0 527 271.2 0
9648.55 0 0 0 0 587 263.1 0
9830.1 0 0 0 0 635 263.1 0
9914.4 0 0 0 0 482 261.65 0
9920.35 0 0 0 0 559 255.3 0
10091.2 0 0 0 0 535 256.9 0
10256.2 0 0 0 0 582 256.25 0
10397.4 0 0 0 0 590 255.85 0
10316.5 0 0 0 0 552 248.75 0
10366.4 0 0 0 0 573 246.6 0
10391.2 0 0 0 0 638 244.7 0
10332 0 0 0 0 501 237.9 0
10428.8 0 0 0 0 533 235.15 0
10426.7 0 0 0 0 581 231.9 0
10422.6 0 0 0 0 564 228.45 0
10319 0 0 0 0 559 223 0
10313.2 0 0 0 0 627 220.65 0
10448 0 0 0 0 585 221.6 0
10503.2 0 0 0 0 569 218.65 0
10606.9 0 0 0 0 610 216.4 0
10607.7 0 0 0 0 513 212.65 0
10634 0 0 0 0 649 211.85 0
10643.6 0 0 0 0 676 207.3 0
10589.9 0 0 0 0 480 206.65 0
10589.2 0 0 0 0 597 203.35 0
10511.8 0 0 0 0 490 199.25 0
10555.1 0 0 0 0 647 197.95 0
10591.9 0 0 0 0 576 193.55 0
10668.2 0 0 0 0 635 192.65 0
10747.8 0 0 0 0 602 191.6 0
10757.3 0 0 0 0 612 186.8 0
10822 0 0 0 0 541 185.65 0
10820 0 0 0 0 524 183.75 0
10826.9 0 0 0 0 609 182.1 0
10885.1 0 0 0 0 619 180.05 0
10919.9 0 0 0 0 567 177.7 0
10863 0 0 0 0 553 174.15 0
10848 0 0 0 0 554 171.4 0
10878.2 0 0 0 0 604 171.7 0
10774 0 0 0 0 530 169.15 0
10777.2 0 0 0 0 539 167.25 0
10783.8 0 0 0 0 629 163.2 0
10716.5 0 0 0 0 565 159.1 0
10869 0 0 0 0 594 156.65 0
10886.8 0 0 0 0 583 155.35 0
11001.2 0 0 0 0 626 153.95 0
10944.5 0 0 0 0 630 149.6 0
10814.5 0 0 0 0 484 147.5 0
10707 0 0 0 0 540 143.9 0
10645.2 0 0 0 0 592 142.5 0
10520 0 0 0 0 500 139.85 0
10389.2 0 0 0 0 395 136.6 0
10493.9 0 0 0 0 618 135.65 0
10518.6 0 0 0 0 589 133.95 0
10542.2 0 0 0 0 604 134.35 0
10614.6 0 0 0 0 608 133.85 0
10664.6 0 0 0 0 585 134.05 0
10715.8 0 0 0 0 588 133 0
10760.1 0 0 0 0 627 130.35 0
10883.4 0 0 0 0 614 131.15 0
10996.8 0 0 0 0 634 132.05 0
10969.8 0 0 0 0 595 131.55 0
11036.6 0 0 0 0 649 131.7 0
10989 0 0 0 0 579 130.3 0
10928.1 0 0 0 0 557 127.9 0
10760.4 0 0 0 0 419 125.75 0
10808.1 0 0 0 0 641 126.4 0
10924.8 0 0 0 0 579 125.85 0
11005.3 0 0 0 0 583 125.2 0
11027.7 0 0 0 0 599 125.25 0
11166.3 0 0 0 0 666 124.2 0
11221.3 0 0 0 0 493 123.5 0
11170.9 0 0 0 0 630 121.95 0
11044.5 0 0 0 0 483 120.8 0
10883.6 0 0 0 0 497 116.7 0
10884.6 0 0 0 0 599 116.05 0
10859.5 0 0 0 0 554 113.55 0
10876.9 0 0 0 0 595 112.4 0
10787.2 0 0 0 0 538 111.25 0
10762.5 0 0 0 0 562 109.65 0
10721.9 0 0 0 0 557 107.8 0
10707.5 0 0 0 0 569 106.15 0
10599.2 0 0 0 0 508 104.2 0
10591.5 0 0 0 0 557 103.45 0
10567.6 0 0 0 0 516 103.2 0
10674.6 0 0 0 0 527 102.65 0
10689.6 0 0 0 0 647 101.05 0
10677.1 0 0 0 0 580 100.45 0
10598.4 0 0 0 0 522 98.75 0
10601.9 0 0 0 0 605 96.45 0
10577.6 0 0 0 0 652 95.4 0
10640.5 0 0 0 0 536 96.1 0
10608.3 0 0 0 0 558 94.25 0
10639.6 0 0 0 0 508 93 0
10730.2 0 0 0 0 571 93.4 0
10685.2 0 0 0 0 587 91.55 0
10642.8 0 0 0 0 554 90.3 0
10524.4 0 0 0 0 515 88.85 0
10491.5 0 0 0 0 522 86.6 0
10332.7 0 0 0 0 458 83.75 0
10258.5 0 0 0 0 520 82.8 0
10218.5 0 0 0 0 517 81.1 0
10336.5 0 0 0 0 621 80.85 0
10299.6 0 0 0 0 512 80.1 0
10369.2 0 0 0 0 597 79.5 0
10321.5 0 0 0 0 507 78.35 0
10201.6 0 0 0 0 521 76.25 0
10223.6 0 0 0 0 578 75.2 0
10327.2 0 0 0 0 576 75.6 0
10322.2 0 0 0 0 548 74.35 0
10341.4 0 0 0 0 650 74.25 0
10414.5 0 0 0 0 620 73.45 0
10439.5 0 0 0 0 621 73.15 0
10490.1 0 0 0 0 576 71.9 0
10437.8 0 0 0 0 521 69.95 0
10276.8 0 0 0 0 438 68 0
10289.5 0 0 0 0 551 68.45 0
10342.8 0 0 0 0 560 67.95 0
10401.9 0 0 0 0 577 67.9 0
10430 0 0 0 0 466 67.55 0
10366.4 0 0 0 0 457 66.4 0
10267.8 0 0 0 0 457 65.75 0
10090.5 0 0 0 0 475 63.7 0
10115.4 0 0 0 0 565 61.9 0
10002 0 0 0 0 477 61.3 0
10126.6 0 0 0 0 632 62.45 0
10193 0 0 0 0 610 62.35 0
10167.2 0 0 0 0 590 61.45 0
10167.4 0 0 0 0 607 61.1 0
10202.5 0 0 0 0 617 60.4 0
10159 0 0 0 0 605 60 0
10129.5 0 0 0 0 576 59.6 0
10164.1 0 0 0 0 599 59.4 0
10197.9 0 0 0 0 571 59.45 0
10312.9 0 0 0 0 598 60.8 0
10452 0 0 0 0 559 61.2 0
10505.8 0 0 0 0 624 60.25 0
10523.6 0 0 0 0 582 59.85 0
10568 0 0 0 0 648 59.35 0
10583.9 0 0 0 0 501 59.35 0
10680 0 0 0 0 541 59.1 0
10743.8 0 0 0 0 557 58.55 0
10838.6 0 0 0 0 593 58.1 0
10752.4 0 0 0 0 464 57.8 0
10775.7 0 0 0 0 496 56.65 0
10670.8 0 0 0 0 527 54.6 0
10551.5 0 0 0 0 481 54.65 0
10469.3 0 0 0 0 499 54.35 0
10294.4 0 0 0 0 440 52.85 0
10259.4 0 0 0 0 585 52.85 0
10309 0 0 0 0 646 51.65 0
10313.8 0 0 0 0 619 50.9 0
10270 0 0 0 0 604 51.1 0
10291.3 0 0 0 0 613 50.9 0
10256.8 0 0 0 0 617 49.8 0
10291.6 0 0 0 0 581 49.2 0
10261.7 0 0 0 0 565 48.4 0
10251.4 0 0 0 0 532 47.2 0
10283 0 0 0 0 600 47.75 0
10241.5 0 0 0 0 421 46.75 0
10184 0 0 0 0 473 46.6 0
10258.3 0 0 0 0 589 46.5 0
10332.5 0 0 0 0 651 47.8 0
10362.8 0 0 0 0 509 47.95 0
10461.5 0 0 0 0 576 48.55 0
10533.5 0 0 0 0 588 48.95 0
10656.8 0 0 0 0 604 47.65 0
10668 0 0 0 0 494 45.75 0
10827.9 0 0 0 0 594 46 0
10794 0 0 0 0 275 45.3 0
10552.6 0 0 0 0 0 43.9 0
10535.9 0 0 0 0 493 43.15 0
10466.9 0 0 0 0 512 41.55 0
10426.8 0 0 0 0 570 41.15 0
10400.3 0 0 0 0 565 40.9 0
10439 0 0 0 0 663 41.2 0
10377.6 0 0 0 0 517 40.55 0
10259.7 0 0 0 0 463 40.45 0
10138.9 0 0 0 0 550 38.65 0
10162.5 0 0 0 0 473 38.1 0
10298.5 0 0 0 0 588 38.1 0
10324.7 0 0 0 0 593 38.15 0
10290.3 0 0 0 0 584 37.65 0
10398.2 0 0 0 0 563 37.25 0
10434.4 0 0 0 0 595 36.45 0
10455.9 0 0 0 0 585 35.9 0
10441.6 0 0 0 0 563 35.45 0
10491.9 0 0 0 0 550 36.25 0
10476.7 0 0 0 0 573 36.2 0
10545.3 0 0 0 0 610 36 0
10750.8 0 0 0 0 620 36.55 0
10779.8 0 0 0 0 614 36.1 0
10866.9 0 0 0 0 602 36.35 0
10866.5 0 0 0 0 574 35.7 0
10883 0 0 0 0 611 34.5 0
10830.9 0 0 0 0 596 33.45 0
10922.9 0 0 0 0 587 33.7 0
11102.8 0 0 0 0 612 33.7 0
11218.5 0 0 0 0 636 33.95 0
11360.6 0 0 0 0 618 34.5 0
11325 0 0 0 0 632 33.35 0
11330.2 0 0 0 0 636 32.8 0
11340.8 0 0 0 0 629 32.1 0
11321.3 0 0 0 0 592 32.2 0
11293 0 0 0 0 584 31.55 0
11233.1 0 0 0 0 521 31.6 0
11290.5 0 0 0 0 606 31.45 0
11371.5 0 0 0 0 600 31.45 0
11388.4 0 0 0 0 601 31.15 0
11374 0 0 0 0 596 30.55 0
11381 0 0 0 0 601 30.75 0
11367.9 0 0 0 0 617 30.35 0
11379.6 0 0 0 0 623 29.75 0
11433.5 0 0 0 0 622 29.65 0
11489.1 0 0 0 0 654 29.5 0
11470.7 0 0 0 0 563 28.9 0
11422.5 0 0 0 0 539 28.3 0
11405.2 0 0 0 0 633 27.9 0
11337 0 0 0 0 585 27.15 0
11258 0 0 0 0 551 26.65 0
11242.4 0 0 0 0 572 26.8 0
11274.8 0 0 0 0 637 26.7 0
11253.1 0 0 0 0 577 26.25 0
11254.9 0 0 0 0 572 26.05 0
11252.8 0 0 0 0 600 26.7 0
11304.3 0 0 0 0 621 26.1 0
11263.5 0 0 0 0 632 25.2 0
11189.4 0 0 0 0 569 24.6 0
11107.7 0 0 0 0 517 24 0
11126.2 0 0 0 0 630 23.85 0
11161 0 0 0 0 631 22.95 0
11202.5 0 0 0 0 585 22.65 0
11248.4 0 0 0 0 605 22.75 0
11243.5 0 0 0 0 598 22.7 0
11138.6 0 0 0 0 516 22.4 0
11148.3 0 0 0 0 596 22.35 0
11173.2 0 0 0 0 607 22.4 0
11159.7 0 0 0 0 619 21.9 0
11183 0 0 0 0 601 21.75 0
11255.6 0 0 0 0 595 22.3 0
11280.1 0 0 0 0 587 21.4 0
11234.4 0 0 0 0 601 20.85 0
11269.5 0 0 0 0 650 20.65 0
11193.4 0 0 0 0 514 20.1 0
11090.3 0 0 0 0 490 19.05 0
11046.6 0 0 0 0 586 19.1 0
11027.5 0 0 0 0 576 19.35 0
11040.8 0 0 0 0 564 18.9 0
11076.4 0 0 0 0 557 18.9 0
10989 0 0 0 0 548 18.35 0
10894.2 0 0 0 0 568 18.5 0
10810.2 0 0 0 0 542 18.65 0
10692.8 0 0 0 0 539 18.2 0
10578.1 0 0 0 0 497 17.55 0
10632 0 0 0 0 571 17.15 0
10635.1 0 0 0 0 532 17.3 0
10609.1 0 0 0 0 518 16.95 0
10556.1 0 0 0 0 532 17.15 0
10507.1 0 0 0 0 530 17 0
10415.2 0 0 0 0 503 15.75 0
10354 0 0 0 0 541 16.25 0
10277 0 0 0 0 522 15.95 0
10224.6 0 0 0 0 569 16.2 0
10299.5 0 0 0 0 595 16.25 0
10378.5 0 0 0 0 576 16.2 0
10372.1 0 0 0 0 564 16.25 0
10364.1 0 0 0 0 580 16.6 0
10335.9 0 0 0 0 547 16.6 0
10297.8 0 0 0 0 539 16.1 0
10279.5 0 0 0 0 520 16.1 0
10314.2 0 0 0 0 589 15.5 0
10376.9 0 0 0 0 612 14.85 0
10327.5 0 0 0 0 495 14.8 0
10298.6 0 0 0 0 482 14.25 0
10205 0 0 0 0 513 14.2 0
10131.8 0 0 0 0 514 13.6 0
10017.6 0 0 0 0 449 13.3 0
9968.9 0 0 0 0 523 13.1 0
9948.3 0 0 0 0 563 12.9 0
9973.85 0 0 0 0 519 13.1 0
9984.5 0 0 0 0 541 12.9 0
10012.5 0 0 0 0 519 13.2 0
10000.9 0 0 0 0 527 13.1 0
9940.7 0 0 0 0 499 12.65 0
9940.55 0 0 0 0 537 12.7 0
9903.05 0 0 0 0 491 12 0
9902.6 0 0 0 0 596 11.55 0
9936.6 0 0 0 0 568 11.45 0
9986.6 0 0 0 0 563 11.55 0
10016.4 0 0 0 0 566 11.35 0
9976.15 0 0 0 0 557 11.6 0
9920.2 0 0 0 0 543 11.75 0
9960.05 0 0 0 0 532 11.6 0
9982.6 0 0 0 0 519 12 0
9994.85 0 0 0 0 536 12.15 0
9985.3 0 0 0 0 503 12.4 0
10105.4 0 0 0 0 559 12.2 0
10026.1 0 0 0 0 422 11.85 0
10031.7 0 0 0 0 543 12 0
10021 0 0 0 0 545 11.8 0
9973.85 0 0 0 0 496 11.45 0
9859.6 0 0 0 0 440 10.8 0
9845.6 0 0 0 0 552 10 0
9815.7 0 0 0 0 478 9.75 0
9798.2 0 0 0 0 567 9.55 0
9821.3 0 0 0 0 552 9.95 0
9782.85 0 0 0 0 525 9.85 0
9734.75 0 0 0 0 530 9.6 0
9629.8 0 0 0 0 485 9.25 0
9589.7 0 0 0 0 513 9.2 0
9607.9 0 0 0 0 541 9.05 0
9443.9 0 0 0 0 353 8.85 0
9487.1 0 0 0 0 534 8.75 0
9557.85 0 0 0 0 532 8.6 0
9607.4 0 0 0 0 537 8.4 0
9642.45 0 0 0 0 517 8.2 0
9659.3 0 0 0 0 588 8.3 0
9779 0 0 0 0 533 8.45 0
9825.15 0 0 0 0 570 8.25 0
9876.6 0 0 0 0 575 8.2 0
9916.75 0 0 0 0 549 8.15 0
10003.9 0 0 0 0 523 8.4 0
9999.9 0 0 0 0 543 8.3 0
10080.2 0 0 0 0 559 8.55 0
10065.7 0 0 0 0 528 8.45 0
10083.8 0 0 0 0 563 8.3 0
10164.8 0 0 0 0 604 8.3 0
10113.9 0 0 0 0 452 8.5 0
10146.8 0 0 0 0 495 8.75 0
10154 0 0 0 0 531 8.65 0
10124.8 0 0 0 0 553 8.1 0
10269 0 0 0 0 563 8.15 0
10242.4 0 0 0 0 551 8.25 0
10250.8 0 0 0 0 558 8.15 0
10298.9 0 0 0 0 610 8.25 0
10364 0 0 0 0 565 8.05 0
10345.7 0 0 0 0 519 7.9 0
10355.5 0 0 0 0 528 7.9 0
10333.2 0 0 0 0 536 7.9 0
10362.1 0 0 0 0 576 7.9 0
10322.9 0 0 0 0 517 7.75 0
10394 0 0 0 0 588 7.6 0
10457.1 0 0 0 0 606 7.5 0
10363.4 0 0 0 0 488 7.2 0
10283.7 0 0 0 0 463 7.1 0
10302.4 0 0 0 0 562 7 0
10251.1 0 0 0 0 561 7.1 0
10326.7 0 0 0 0 579 6.95 0
10347.7 0 0 0 0 532 7 0
10432.4 0 0 0 0 599 7.2 0
10467 0 0 0 0 563 7.35 0
10486.8 0 0 0 0 523 7.3 0
10485.8 0 0 0 0 531 7.05 0
10445.9 0 0 0 0 557 7.1 0
10419.5 0 0 0 0 586 7 0
10373.5 0 0 0 0 565 7.05 0
10307.4 0 0 0 0 511 6.8 0
10307 0 0 0 0 552 6.95 0
10331.9 0 0 0 0 599 6.95 0
10288.7 0 0 0 0 537 7.05 0
10379 0 0 0 0 557 7.1 0
10347.7 0 0 0 0 582 7.25 0
10294.3 0 0 0 0 545 7.5 0
10382.8 0 0 0 0 541 7.55 0
10414.4 0 0 0 0 486 7.35 0
10419 0 0 0 0 542 7.4 0
10361.2 0 0 0 0 481 7.25 0
10390.5 0 0 0 0 587 7.45 0
10412.2 0 0 0 0 514 7.2 0
10317.6 0 0 0 0 503 6.9 0
10311 0 0 0 0 577 6.6 0
10273.1 0 0 0 0 529 6.5 0
10255.8 0 0 0 0 519 6.3 0
10264.6 0 0 0 0 541 5.9 0
10257.4 0 0 0 0 572 5.95 0
10212.1 0 0 0 0 499 5.95 0
10247.3 0 0 0 0 527 6.6 0
10229.7 0 0 0 0 525 6.55 0
10201.4 0 0 0 0 583 6.2 0
10189.5 0 0 0 0 581 6.1 0
10136.1 0 0 0 0 542 6 0
10149.6 0 0 0 0 581 5.8 0
10184.8 0 0 0 0 583 5.6 0
10188.8 0 0 0 0 558 5.45 0
10247.1 0 0 0 0 537 5.5 0
10250.4 0 0 0 0 539 5.2 0
10265.5 0 0 0 0 522 4.85 0
10199.2 0 0 0 0 497 4.45 0
10192.6 0 0 0 0 511 4.4 0
10281.1 0 0 0 0 556 4.65 0
10311.1 0 0 0 0 562 4.75 0
10347.7 0 0 0 0 508 4.95 0
10371.8 0 0 0 0 538 5.05 0
10368.5 0 0 0 0 549 5 0
10336.5 0 0 0 0 532 4.7 0
10375 0 0 0 0 544 4.6 0
10376.8 0 0 0 0 525 4.2 0
10427.6 0 0 0 0 566 3.75 0
10455.4 0 0 0 0 584 3.8 0
10477.2 0 0 0 0 582 3.65 0
10545.5 0 0 0 0 585 3.7 0
10516 0 0 0 0 538 3.6 0
10493.7 0 0 0 0 571 3.7 0
10455.5 0 0 0 0 531 3.75 0
10356.1 0 0 0 0 464 3.75 0
10289.5 0 0 0 0 513 3.75 0
10371.5 0 0 0 0 594 3.9 0
10449.2 0 0 0 0 584 4 0
10499.2 0 0 0 0 575 3.95 0
10459.6 0 0 0 0 546 3.75 0
10448 0 0 0 0 591 3.65 0
10471.1 0 0 0 0 540 3.7 0
10508.1 0 0 0 0 555 3.7 0
10483 0 0 0 0 514 3.75 0
10490 0 0 0 0 541 3.8 0
10557.5 0 0 0 0 568 4 0
10615.8 0 0 0 0 554 3.85 0
10609 0 0 0 0 557 3.85 0
10588.5 0 0 0 0 539 3.85 0
10530.5 0 0 0 0 520 3.8 0
10446.2 0 0 0 0 505 3.7 0
10476.4 0 0 0 0 589 3.85 0
10407 0 0 0 0 486 3.7 0
10410 0 0 0 0 539 3.75 0
10534.8 0 0 0 0 558 3.65 0
10605.6 0 0 0 0 557 3.65 0
10578.9 0 0 0 0 564 3.6 0
10508.3 0 0 0 0 523 3.6 0
10404 0 0 0 0 485 3.6 0
10439.9 0 0 0 0 606 3.5 0
10448.9 0 0 0 0 604 3.65 0
10467.5 0 0 0 0 589 3.4 0
10425.1 0 0 0 0 548 3.3 0
10492.3 0 0 0 0 584 3.35 0
10533.3 0 0 0 0 585 3.25 0
10445 0 0 0 0 529 3 0
10345.9 0 0 0 0 496 3.05 0
10295.9 0 0 0 0 506 2.95 0
10263.4 0 0 0 0 539 2.9 0
10323.5 0 0 0 0 562 2.85 0
10373.1 0 0 0 0 531 2.75 0
10393 0 0 0 0 552 2.55 0
10492 0 0 0 0 558 2.5 0
10517.4 0 0 0 0 514 2.4 0
10518.8 0 0 0 0 538 2.55 0
10507.6 0 0 0 0 546 2.85 0
10469.3 0 0 0 0 545 3.1 0
10497.2 0 0 0 0 551 3.05 0
10568 0 0 0 0 539 2.95 0
10585.2 0 0 0 0 593 3.05 0
10580 0 0 0 0 577 3.15 0
10564.7 0 0 0 0 589 3 0
10590.1 0 0 0 0 593 3.1 0
10597.6 0 0 0 0 610 3.1 0
10581.6 0 0 0 0 587 3.25 0
10571 0 0 0 0 511 3.2 0
10619.4 0 0 0 0 530 3.05 0
10639.5 0 0 0 0 536 3.05 0
10595.5 0 0 0 0 487 3.15 0
10563.5 0 0 0 0 550 3.05 0
10531.4 0 0 0 0 537 3.05 0
10479.2 0 0 0 0 560 3.3 0
10442.9 0 0 0 0 558 3.25 0
10400.2 0 0 0 0 493 3.4 0
10352.9 0 0 0 0 536 3.2 0
10353.2 0 0 0 0 529 3 0
10398.7 0 0 0 0 543 2.7 0
10419.8 0 0 0 0 522 2.65 0
10415.2 0 0 0 0 508 2.7 0
10370.5 0 0 0 0 524 2.65 0
10368.4 0 0 0 0 589 2.5 0
10310.5 0 0 0 0 513 2.55 0
10267.7 0 0 0 0 517 2.35 0
10253 0 0 0 0 592 2.3 0
10263 0 0 0 0 580 2.35 0
10339.2 0 0 0 0 592 2.3 0
10389.8 0 0 0 0 592 2.4 0
10413 0 0 0 0 585 2.55 0
10484 0 0 0 0 557 2.4 0
10470 0 0 0 0 542 2.4 0
10482.2 0 0 0 0 556 2.4 0
10519.4 0 0 0 0 565 2.35 0
10535 0 0 0 0 576 2.5 0
10562.5 0 0 0 0 540 2.35 0
10587.4 0 0 0 0 558 2.35 0
10571.1 0 0 0 0 567 2.15 0
10517.8 0 0 0 0 560 2.1 0
10452.6 0 0 0 0 516 2 0
10473.5 0 0 0 0 554 1.9 0
10452 0 0 0 0 535 1.75 0
10441.5 0 0 0 0 557 1.75 0
10501.8 0 0 0 0 543 1.85 0
10549.2 0 0 0 0 564 1.9 0
10538.5 0 0 0 0 552 1.9 0
10519.5 0 0 0 0 539 1.65 0
10497.6 0 0 0 0 530 1.9 0
10425.6 0 0 0 0 491 1.85 0
10438.5 0 0 0 0 585 1.75 0
10458.1 0 0 0 0 578 1.8 0
10506 0 0 0 0 560 1.95 0
10530.7 0 0 0 0 565 2.05 0
10479.2 0 0 0 0 531 1.9 0
10458.5 0 0 0 0 583 1.8 0
10416.3 0 0 0 0 505 1.7 0
10434.1 0 0 0 0 576 1.8 0
10410.6 0 0 0 0 535 1.9 0
10441.6 0 0 0 0 569 1.85 0
10444.8 0 0 0 0 499 1.9 0
10480 0 0 0 0 582 2 0
10543.1 0 0 0 0 590 1.95 0
10508.6 0 0 0 0 573 1.8 0
10460.4 0 0 0 0 535 1.7 0
10422.1 0 0 0 0 542 1.7 0
10318.3 0 0 0 0 469 1.7 0
10307 0 0 0 0 559 1.75 0
10236.2 0 0 0 0 471 1.6 0
10148.2 0 0 0 0 395 1.5 0
10151.6 0 0 0 0 557 1.55 0
10080.4 0 0 0 0 480 1.5 0
10004.5 0 0 0 0 494 1.45 0
9896.9 0 0 0 0 468 1.3 0
9870 0 0 0 0 496 1.35 0
9833.7 0 0 0 0 530 1.25 0
9879.85 0 0 0 0 519 1.45 0
9861.35 0 0 0 0 534 1.35 0
9783.55 0 0 0 0 439 1.25 0
9774.95 0 0 0 0 559 1.25 0
9769.2 0 0 0 0 500 1.25 0
9612.7 0 0 0 0 448 1.1 0
9413.75 0 0 0 0 420 1.1 0
9374.65 0 0 0 0 535 1.15 0
9358.6 0 0 0 0 513 1.05 0
9351.4 0 0 0 0 516 1 0
9384.15 0 0 0 0 497 0.9 0
9358.75 0 0 0 0 529 0.85 0
9315.75 0 0 0 0 446 0.9 0
9357 0 0 0 0 451 0.9 0
9279.25 0 0 0 0 525 0.75 0
9295.75 0 0 0 0 522 0.8 0
9205.65 0 0 0 0 405 0.75 0
9198.8 0 0 0 0 469 0.75 0
9289 0 0 0 0 587 0.6 0
9209.55 0 0 0 0 460 0.6 0
9207.05 0 0 0 0 582 0.4 0
9116.55 0 0 0 0 428 0.4 0
9161.3 0 0 0 0 503 0.4 0
9062.4 0 0 0 0 429 0.4 0
9135.8 0 0 0 0 573 0.4 0
9293.8 0 0 0 0 582 0.45 0
9287.65 0 0 0 0 384 0.5 0
9272.5 0 0 0 0 468 0.6 0
9141.65 0 0 0 0 361 0.6 0
9042.35 0 0 0 0 397 0.6 0
8967.4 0 0 0 0 428 0.65 0
8970.5 0 0 0 0 544 0.75 0
8983.4 0 0 0 0 474 0.6 0
9047.35 0 0 0 0 528 0.65 0
9049.65 0 0 0 0 521 0.75 0
8981.55 0 0 0 0 459 0.75 0
9015.25 0 0 0 0 435 0.7 0
9026.95 0 0 0 0 492 0.75 0
8978.8 0 0 0 0 542 0.75 0
9065.2 0 0 0 0 523 0.85 0
9033.35 0 0 0 0 529 0.95 0
9047.3 0 0 0 0 478 1 0
9122.8 0 0 0 0 572 1 0
9199.35 0 0 0 0 528 1 0
9072.5 0 0 0 0 444 1.15 0
8990.85 0 0 0 0 530 1.2 0
9123.05 0 0 0 0 555 1.15 0
9139.6 0 0 0 0 520 1 0
9253.7 0 0 0 0 491 1 0
9270.45 0 0 0 0 441 1 0
9384.8 0 0 0 0 540 0.95 0
9314.05 0 0 0 0 452 0.9 0
9235.15 0 0 0 0 375 0.95 0
9071 0 0 0 0 363 0.9 0
9006.35 0 0 0 0 458 0.95 0
8942.3 0 0 0 0 369 0.95 0
8965.4 0 0 0 0 451 0.95 0
8902.85 0 0 0 0 395 0.9 0
8799.9 0 0 0 0 414 0.9 0
8710.25 0 0 0 0 402 0.8 0
8625.6 0 0 0 0 453 0.7 0
8609.5 0 0 0 0 487 0.65 0
8601.75 0 0 0 0 580 0.75 0
8520.05 0 0 0 0 458 0.7 0
8563.55 0 0 0 0 492 0.55 0
8613.2 0 0 0 0 596 0.55 0
8616.6 0 0 0 0 527 0.55 0
8531.55 0 0 0 0 409 0.55 0
8524 0 0 0 0 478 0.6 0
8625.5 0 0 0 0 543 0.65 0
8678.1 0 0 0 0 622 0.65 0
8661.1 0 0 0 0 455 0.6 0
8832.1 0 0 0 0 557 0.55 0
8993.75 0 0 0 0 526 0.55 0
9111.05 0 0 0 0 573 0.4 0
9151.55 0 0 0 0 416 0.35 0
9137.35 0 0 0 0 451 0.35 0
9240.9 0 0 0 0 523 0.35 0
9246.35 0 0 0 0 450 0.35 0
9277 0 0 0 0 477 0.5 0
9257.9 0 0 0 0 409 0.5 0
9324.45 0 0 0 0 519 0.5 0
9266.1 0 0 0 0 488 0.45 0
9276.7 0 0 0 0 427 0.5 0
9241.4 0 0 0 0 439 0.45 0
9173.35 0 0 0 0 464 0.4 0
9069.55 0 0 0 0 408 0.4 0
9095.75 0 0 0 0 430 0.4 0
9171.15 0 0 0 0 557 0.35 0
9013.8 0 0 0 0 381 0.3 0
8982.85 0 0 0 0 553 0.3 0
9040.05 0 0 0 0 486 0.3 0
9000.7 0 0 0 0 521 0.45 0
8999 0 0 0 0 522 0.45 0
8926.1 0 0 0 0 483 0.5 0
9005.4 0 0 0 0 491 0.55 0
9006.2 0 0 0 0 457 0.6 0
8938.35 0 0 0 0 446 0.65 0
8972.15 0 0 0 0 448 0.65 0
9036.4 0 0 0 0 519 0.5 0
9187.75 0 0 0 0 558 0.5 0
9078.65 0 0 0 0 408 0.5 0
9140.05 0 0 0 0 562 0.45 0
9077.8 0 0 0 0 406 0.45 0
9145.2 0 0 0 0 552 0.45 0
9025.05 0 0 0 0 385 0.4 0
9146.2 0 0 0 0 552 0.5 0
9127.45 0 0 0 0 415 0.5 0
9048.4 0 0 0 0 473 0.5 0
9205.15 0 0 0 0 538 0.5 0
9182.4 0 0 0 0 532 0.6 0
9228.15 0 0 0 0 503 0.6 0
9157.5 0 0 0 0 438 0.45 0
9059.15 0 0 0 0 399 0.45 0
9189.1 0 0 0 0 572 0.45 0
9136.4 0 0 0 0 421 0.4 0
9196.9 0 0 0 0 474 0.35 0
9257.9 0 0 0 0 475 0.35 0
9233.8 0 0 0 0 442 0.4 0
9243.9 0 0 0 0 548 0.4 0
9137 0 0 0 0 472 0.4 0
9203.35 0 0 0 0 495 0.5 0
9130.8 0 0 0 0 482 0.55 0
9189.3 0 0 0 0 438 0.5 0
9194.2 0 0 0 0 512 0.5 0
9352.95 0 0 0 0 536 0.5 0
9312 0 0 0 0 521 0.5 0
9354.1 0 0 0 0 464 0.55 0
9373.15 0 0 0 0 506 0.55 0
9247.65 0 0 0 0 451 0.6 0
9172.7 0 0 0 0 454 0.5 0
9046 0 0 0 0 415 0.55 0
8976.15 0 0 0 0 378 0.55 0
9097.75 0 0 0 0 544 0.55 0
9006.95 0 0 0 0 554 0.55 0
9083.75 0 0 0 0 557 0.55 0
9090.05 0 0 0 0 523 0.65 0
9074.05 0 0 0 0 498 0.6 0
9138.9 0 0 0 0 532 0.55 0
9064.3 0 0 0 0 455 0.6 0
9172.15 0 0 0 0 527 0.7 0
9265.4 0 0 0 0 567 0.65 0
9298.85 0 0 0 0 520 0.65 0
9196.75 0 0 0 0 341 0.65 0
9157.2 0 0 0 0 466 0.7 0
9143.35 0 0 0 0 506 0.7 0
9081.4 0 0 0 0 417 0.6 0
9014.85 0 0 0 0 378 0.55 0
8880.65 0 0 0 0 356 0.55 0
9028.95 0 0 0 0 565 0.5 0
8946.4 0 0 0 0 375 0.5 0
8962.25 0 0 0 0 441 0.55 0
9075.3 0 0 0 0 500 0.55 0
8990.7 0 0 0 0 450 0.55 0
8934.25 0 0 0 0 452 0.5 0
8853.35 0 0 0 0 437 0.5 0
8839.8 0 0 0 0 491 0.4 0
8837.15 0 0 0 0 499 0.4 0
8786.2 0 0 0 0 482 0.4 0
8817.25 0 0 0 0 504 0.35 0
8720.3 0 0 0 0 474 0.3 0
8714.35 0 0 0 0 568 0.25 0
8606.05 0 0 0 0 398 0.25 0
8752.9 0 0 0 0 481 0.25 0
8730.4 0 0 0 0 458 0.3 0
8755.85 0 0 0 0 564 0.4 0
8722.65 0 0 0 0 412 0.4 0
8870.65 0 0 0 0 549 0.4 0
8967.5 0 0 0 0 463 0.4 0
8931.55 0 0 0 0 520 0.4 0
9128.35 0 0 0 0 571 0.4 0
9246.15 0 0 0 0 521 0.4 0
9330.1 0 0 0 0 529 0.45 0
9431.85 0 0 0 0 588 0.5 0
9482.25 0 0 0 0 485 0.5 0
9447 0 0 0 0 396 0.5 0
9472.2 0 0 0 0 518 0.5 0
9556.75 0 0 0 0 533 0.5 0
9627.35 0 0 0 0 524 0.6 0
9566 0 0 0 0 420 0.6 0
9695.65 0 0 0 0 577 0.55 0
9594.05 0 0 0 0 463 0.55 0
9704.35 0 0 0 0 526 0.55 0
9697.45 0 0 0 0 488 0.55 0
9765.45 0 0 0 0 532 0.45 0
9679.3 0 0 0 0 448 0.45 0
9737.25 0 0 0 0 463 0.45 0
9656.25 0 0 0 0 458 0.45 0
9624.9 0 0 0 0 423 0.55 0
9631.85 0 0 0 0 532 0.55 0
9495.55 0 0 0 0 422 0.55 0
9377.3 0 0 0 0 446 0.45 0
9301.1 0 0 0 0 506 0.4 0
9294.95 0 0 0 0 573 0.35 0
9212.65 0 0 0 0 422 0.35 0
9279.6 0 0 0 0 480 0.35 0
9138.3 0 0 0 0 381 0.35 0
9109.2 0 0 0 0 560 0.4 0
9097.3 0 0 0 0 525 0.3 0
9192 0 0 0 0 531 0.35 0
9116.5 0 0 0 0 516 0.35 0
9231.65 0 0 0 0 559 0.4 0
9155.8 0 0 0 0 447 0.35 0
9027.65 0 0 0 0 342 0.35 0
8899 0 0 0 0 379 0.35 0
8826.65 0 0 0 0 360 0.25 0
8904.05 0 0 0 0 512 0.25 0
8908.95 0 0 0 0 445 0.25 0
8854.95 0 0 0 0 373 0.15 0
8837.5 0 0 0 0 518 0.15 0
8889 0 0 0 0 495 0.15 0
8976.65 0 0 0 0 528 0.15 0
8945.75 0 0 0 0 470 0.15 0
8765.45 0 0 0 0 368 0.15 0
8783.5 0 0 0 0 448 0.2 0
8829.5 0 0 0 0 531 0.2 0
8871.65 0 0 0 0 427 0.2 0
8741.5 0 0 0 0 414 0.15 0
8665.15 0 0 0 0 444 0.15 0
8583.4 0 0 0 0 289 0.1 0
8640.55 0 0 0 0 19 0.1 0
8610.85 0 0 0 0 20 0.05 0
8579.85 0 0 0 0 20 0.05 0
8674.25 0 0 0 0 22 0.05 0
8839.4 0 0 0 0 27 0.05 0
8995.5 0 0 0 0 23 0.05 0
8990.3 0 0 0 0 28 0.05 0
8980.6 0 0 0 0 21 0.05 0
9193.75 0 0 0 0 27 0.05 0
9289.7 0 0 0 0 26 0.15 0
9368 0 0 0 0 22 0.15 0
9242.8 0 0 0 0 0 0.15 0
9323.2 0 0 0 0 483 0.2 0
9395.9 0 0 0 0 430 0.2 0
9455.9 0 0 0 0 491 0.15 0
9480.75 0 0 0 0 535 0.15 0
9595 0 0 0 0 505 0.15 0
9751.45 0 0 0 0 532 0.15 0
9747.25 0 0 0 0 427 0.15 0
9753.75 0 0 0 0 451 0.15 0
9707.1 0 0 0 0 529 0.15 0
9664.6 0 0 0 0 498 0.25 0
9782.65 0 0 0 0 561 0.25 0
9825.55 0 0 0 0 503 0.25 0
9771.5 0 0 0 0 503 0.25 0
9647.5 0 0 0 0 414 0.25 0
9607.7 0 0 0 0 503 0.25 0
9681.8 0 0 0 0 534 0.25 0
9617 0 0 0 0 529 0.25 0
9564.15 0 0 0 0 553 0.15 0
9474.15 0 0 0 0 500 0.15 0
9567.95 0 0 0 0 488 0.15 0
9525 0 0 0 0 492 0.1 0
9602.15 0 0 0 0 515 0.1 0
9539.9 0 0 0 0 461 0.1 0
9517.3 0 0 0 0 569 0.1 0
9528.3 0 0 0 0 581 0.15 0
9310.7 0 0 0 0 327 0.15 0
9430.8 0 0 0 0 547 0.15 0
9395.55 0 0 0 0 402 0.15 0
9420.1 0 0 0 0 526 0.15 0
9306.75 0 0 0 0 386 0.05 0
9288.45 0 0 0 0 493 0.05 0
9203.75 0 0 0 0 392 0.05 0
9079.2 0 0 0 0 361 0.05 0
9129.3 0 0 0 0 444 0.1 0
9073.45 0 0 0 0 439 0.1 0
9085.9 0 0 0 0 535 0.1 0
9023.1 0 0 0 0 464 0.1 0
8971.25 0 0 0 0 502 0.1 0
8970.9 0 0 0 0 479 0.15 0
9017.45 0 0 0 0 539 0.15 0
8986.4 0 0 0 0 478 0.15 0
8911.45 0 0 0 0 453 0.15 0
8969.3 0 0 0 0 508 0.2 0
8912.15 0 0 0 0 455 0.2 0
8912.25 0 0 0 0 545 0.15 0
9114.75 0 0 0 0 540 0.15 0
9077.45 0 0 0 0 534 0.15 0
9100.35 0 0 0 0 442 0.15 0
9080.55 0 0 0 0 540 0.15 0
9082.75 0 0 0 0 388 0.15 0
9037.3 0 0 0 0 474 0.15 0
9207.9 0 0 0 0 600 0.15 0
9319.6 0 0 0 0 494 0.15 0
9394.3 0 0 0 0 546 0.1 0
9447.95 0 0 0 0 498 0.1 0
9413.15 0 0 0 0 482 0.1 0
9460.5 0 0 0 0 500 0.1 0
9476.15 0 0 0 0 512 0.1 0
9421 0 0 0 0 418 0.05 0
9414.85 0 0 0 0 500 0.05 0
9451.95 0 0 0 0 470 0.05 0
9555.55 0 0 0 0 515 0.05 0
9592.1 0 0 0 0 515 0 0
9712.05 0 0 0 0 591 0 0
9609.7 0 0 0 0 446 0 0
9540.05 0 0 0 0 495 0 0
9472.1 0 0 0 0 458 0 0
9506.3 0 0 0 0 472 0 0
9581.25 0 0 0 0 610 0 0
9648.15 0 0 0 0 461 0 0
9673.35 0 0 0 0 498 0 0
9517.7 0 0 0 0 433 0 0
9612.8 0 0 0 0 590 0 0
9544.45 0 0 0 0 474 0 0
9504.7 0 0 0 0 466 0.05 0
9521.6 0 0 0 0 519 0.05 0
9534.65 0 0 0 0 508 0.05 0
9569.8 0 0 0 0 540 0.05 0
9696.9 0 0 0 0 540 0.05 0
9713.35 0 0 0 0 559 0.05 0
9725.4 0 0 0 0 535 0.05 0
9589.45 0 0 0 0 428 0.05 0
9585.15 0 0 0 0 553 0.05 0
9571.55 0 0 0 0 586 0.05 0
9684.25 0 0 0 0 521 0.05 0
9633.6 0 0 0 0 416 0.05 0
9710.75 0 0 0 0 523 0.05 0
9706.3 0 0 0 0 442 0.05 0
9611 0 0 0 0 479 0.05 0
9537.9 0 0 0 0 358 0.15 0
9543.65 0 0 0 0 484 0.15 0
9546.3 0 0 0 0 422 0.15 0
9406.25 0 0 0 0 466 0.15 0
9476.55 0 0 0 0 552 0.15 0
9458.7 0 0 0 0 442 0.1 0
9459.9 0 0 0 0 518 0.1 0
9487.75 0 0 0 0 558 0.1 0
9485.9 0 0 0 0 558 0.1 0
9333.45 0 0 0 0 391 0.1 0
9333.05 0 0 0 0 556 0.1 0
9238.4 0 0 0 0 422 0.1 0
9250.4 0 0 0 0 424 0.1 0
9214 0 0 0 0 518 0.1 0
9173.05 0 0 0 0 540 0.1 0
9040.05 0 0 0 0 428 0.1 0
9120.5 0 0 0 0 518 0.1 0
9023.35 0 0 0 0 429 0.1 0
9097.5 0 0 0 0 559 0.1 0
9111.9 0 0 0 0 519 0.1 0
9248 0 0 0 0 539 0 0
9290.1 0 0 0 0 540 0 0
9444.65 0 0 0 0 606 0 0
9406.35 0 0 0 0 405 0 0
9139.45 0 0 0 0 264 0 0
9189.6 0 0 0 0 470 0 0
9189.9 0 0 0 0 536 0 0
9194.95 0 0 0 0 528 0 0
9145.7 0 0 0 0 472 0 0
9177.1 0 0 0 0 405 0 0
9218.1 0 0 0 0 551 0 0
9353.65 0 0 0 0 532 0 0
9470.95 0 0 0 0 530 0 0
9379.25 0 0 0 0 414 0 0
9342.2 0 0 0 0 513 0 0
9429.35 0 0 0 0 538 0 0
9437.35 0 0 0 0 531 0 0
9549.65 0 0 0 0 553 0 0
9614.5 0 0 0 0 615 0 0
9655.9 0 0 0 0 556 0 0
9738.65 0 0 0 0 602 0 0
9703.2 0 0 0 0 498 0 0
9684.3 0 0 0 0 574 0 0
9807.55 0 0 0 0 553 0.05 0
10026.1 0 0 0 0 497 0.05 0
10078.7 0 0 0 0 553 0.05 0
10132.5 0 0 0 0 585 0.05 0
10118.6 0 0 0 0 547 0.05 0
10157.5 0 0 0 0 544 0.05 0
10184.5 0 0 0 0 447 0.05 0
9987.45 0 0 0 0 391 0.05 0
9961.95 0 0 0 0 505 0.05 0
9927.75 0 0 0 0 518 0.05 0
10089.4 0 0 0 0 537 0.05 0
10153.2 0 0 0 0 566 0.05 0
10153.5 0 0 0 0 491 0.05 0
10041.8 0 0 0 0 376 0.05 0
10025.6 0 0 0 0 504 0.05 0
9951.45 0 0 0 0 506 0.05 0
9813.7 0 0 0 0 420 0.05 0
9717.45 0 0 0 0 526 0.05 0
9735.95 0 0 0 0 542 0.05 0
9569.05 0 0 0 0 390 0.05 0
9493.4 0 0 0 0 455 0 0
9498.5 0 0 0 0 504 0 0
9521.3 0 0 0 0 562 0 0
9391.55 0 0 0 0 443 0 0
9342.3 0 0 0 0 497 0 0
9226.7 0 0 0 0 437 0 0
9155.75 0 0 0 0 391 0 0
9334.8 0 0 0 0 573 0 0
9322.95 0 0 0 0 509 0 0
9338.75 0 0 0 0 510 0 0
9351.9 0 0 0 0 576 0 0
9346.05 0 0 0 0 579 0 0
9343.3 0 0 0 0 532 0 0
9436.55 0 0 0 0 513 0 0
9440.7 0 0 0 0 548 0 0
9453.75 0 0 0 0 569 0 0
9514.55 0 0 0 0 454 0 0
9420.75 0 0 0 0 413 0 0
9445.8 0 0 0 0 540 0 0
9514.5 0 0 0 0 475 0 0
9576.8 0 0 0 0 502 0 0
9560.6 0 0 0 0 465 0 0
9524.6 0 0 0 0 506 0 0
9624.55 0 0 0 0 533 0 0
9655.9 0 0 0 0 527 0 0
9675.7 0 0 0 0 437 0.05 0
9841.25 0 0 0 0 553 0.05 0
9827.65 0 0 0 0 548 0.05 0
9833.05 0 0 0 0 526 0.05 0
9865.95 0 0 0 0 568 0.05 0
9844.3 0 0 0 0 566 0.05 0
9837.1 0 0 0 0 555 0.05 0
9842.85 0 0 0 0 524 0.05 0
9875.4 0 0 0 0 534 0.05 0
9747.9 0 0 0 0 405 0.05 0
9647.1 0 0 0 0 450 0.05 0
9631.1 0 0 0 0 475 0.05 0
9780.6 0 0 0 0 567 0.05 0
9677.4 0 0 0 0 450 0.05 0
9755.1 0 0 0 0 553 0.05 0
9623.95 0 0 0 0 387 0.05 0
9612.75 0 0 0 0 480 0.05 0
9657.8 0 0 0 0 583 0.05 0
9622.5 0 0 0 0 521 0.05 0
9647.35 0 0 0 0 535 0.05 0
9630.6 0 0 0 0 396 0 0
9616.9 0 0 0 0 529 0 0
9505.5 0 0 0 0 457 0.05 0
9490.8 0 0 0 0 488 0.05 0
9341.55 0 0 0 0 390 0.05 0
9260.25 0 0 0 0 451 0.05 0
9159.05 0 0 0 0 420 0.05 0
9107.85 0 0 0 0 443 0.05 0
9089.6 0 0 0 0 514 0.05 0
9203.4 0 0 0 0 521 0.05 0
9171.95 0 0 0 0 406 0.05 0
9138.9 0 0 0 0 441 0.05 0
9059.8 0 0 0 0 498 0.05 0
9064.45 0 0 0 0 453 0.05 0
9088.35 0 0 0 0 563 0.05 0
9139.95 0 0 0 0 439 0.05 0
9193.9 0 0 0 0 522 0.05 0
9062.45 0 0 0 0 432 0.05 0
9071.65 0 0 0 0 521 0.05 0
8959.1 0 0 0 0 427 0.05 0
9048.55 0 0 0 0 523 0.05 0
9018.6 0 0 0 0 510 0.05 0
9147.85 0 0 0 0 554 0 0
9202.9 0 0 0 0 564 0 0
9354.65 0 0 0 0 563 0 0
9401.75 0 0 0 0 534 0 0
9460.15 0 0 0 0 525 0 0
9505.5 0 0 0 0 547 0 0
9505.8 0 0 0 0 526 0.1 0
9525.1 0 0 0 0 522 0.1 0
9566.25 0 0 0 0 438 0.1 0
9622.45 0 0 0 0 473 0.1 0
9694.1 0 0 0 0 522 0.1 0
9748.1 0 0 0 0 480 0.1 0
9711.85 0 0 0 0 519 0.1 0
9796.5 0 0 0 0 513 0.1 0
9768.7 0 0 0 0 526 0.1 0
9859.8 0 0 0 0 547 0.1 0
9827 0 0 0 0 484 0.1 0
9874.35 0 0 0 0 475 0.1 0
9789.2 0 0 0 0 425 0.1 0
9834.8 0 0 0 0 541 0.1 0
9799.95 0 0 0 0 521 0.1 0
9800.5 0 0 0 0 562 0.1 0
9759.8 0 0 0 0 521 0.1 0
9626.15 0 0 0 0 396 0.1 0
9692.65 0 0 0 0 582 0.1 0
9698.35 0 0 0 0 508 0.1 0
9692.9 0 0 0 0 497 0 0
9649.5 0 0 0 0 494 0 0
9756.25 0 0 0 0 562 0 0
9780 0 0 0 0 524 0 0
9787.7 0 0 0 0 580 0 0
9840.5 0 0 0 0 578 0 0
9885.9 0 0 0 0 593 0 0
9798.75 0 0 0 0 456 0 0
9911.8 0 0 0 0 597 0 0
9968.25 0 0 0 0 574 0 0
10101.8 0 0 0 0 607 0 0
10176.4 0 0 0 0 518 0 0
10280.7 0 0 0 0 501 0 0
10288.6 0 0 0 0 531 0 0
10311.6 0 0 0 0 527 0 0
10267.3 0 0 0 0 509 0 0
10316.7 0 0 0 0 558 0 0
10475.8 0 0 0 0 555 0 0
10314.6 0 0 0 0 401 0 0
10354.2 0 0 0 0 558 0 0
10356.2 0 0 0 0 516 0 0
10364.5 0 0 0 0 511 0 0
10347.9 0 0 0 0 556 0 0
10387 0 0 0 0 556 0 0
10296 0 0 0 0 466 0 0
10299.9 0 0 0 0 552 0 0
10189.5 0 0 0 0 469 0 0
10192 0 0 0 0 437 0 0
10012 0 0 0 0 434 0 0
9876.9 0 0 0 0 451 0 0
9764.4 0 0 0 0 507 0 0
9735 0 0 0 0 523 0 0
9722 0 0 0 0 542 0 0
9630.2 0 0 0 0 460 0 0
9590.55 0 0 0 0 518 0.05 0
9537.75 0 0 0 0 462 0.05 0
9516.75 0 0 0 0 520 0.05 0
9381.75 0 0 0 0 429 0.05 0
9526.35 0 0 0 0 552 0.05 0
9368.25 0 0 0 0 382 0.05 0
9387.95 0 0 0 0 507 0.05 0
9449.75 0 0 0 0 548 0.05 0
9338.8 0 0 0 0 412 0.05 0
9340.45 0 0 0 0 558 0.05 0
9341.25 0 0 0 0 455 0.05 0
9289.45 0 0 0 0 505 0.05 0
9266.7 0 0 0 0 448 0.05 0
9271.85 0 0 0 0 469 0.05 0
9264.95 0 0 0 0 428 0.05 0
9341.15 0 0 0 0 541 0.05 0
9250.35 0 0 0 0 420 0.05 0
9251.4 0 0 0 0 542 0.05 0
9198.25 0 0 0 0 463 0.05 0
9307.75 0 0 0 0 577 0.05 0
9212.9 0 0 0 0 420 0 0
9222.3 0 0 0 0 492 0 0
9231.85 0 0 0 0 578 0 0
9240.65 0 0 0 0 420 0 0
9232.85 0 0 0 0 561 0 0
9363.9 0 0 0 0 538 0 0
9377.55 0 0 0 0 534 0 0
9372.55 0 0 0 0 559 0 0
9473.45 0 0 0 0 532 0 0
9465.35 0 0 0 0 550 0 0
9505.65 0 0 0 0 486 0 0
9505.65 0 0 0 0 525 0 0
9489.9 0 0 0 0 404 0 0
9426 0 0 0 0 383 0 0
9521.4 0 0 0 0 512 0 0
9549.7 0 0 0 0 534 0 0
9550.1 0 0 0 0 406 0 0
9544.55 0 0 0 0 509 0 0
9624.9 0 0 0 0 537 0 0
9440.75 0 0 0 0 389 0 0
9565.3 0 0 0 0 560 0 0
9632.2 0 0 0 0 542 0 0
9657.75 0 0 0 0 570 0 0
9774.4 0 0 0 0 524 0 0
9697.15 0 0 0 0 481 0 0
9703.45 0 0 0 0 544 0 0
9698.75 0 0 0 0 533 0 0
9646.15 0 0 0 0 518 0 0
9651.4 0 0 0 0 541 0 0
9658.6 0 0 0 0 563 0 0
9734.85 0 0 0 0 570 0 0
9801.1 0 0 0 0 573 0 0
9901.85 0 0 0 0 527 0 0
10068.4 0 0 0 0 579 0 0
9972.8 0 0 0 0 432 0 0
9961.8 0 0 0 0 556 0 0
9934.4 0 0 0 0 393 0 0
9958.25 0 0 0 0 556 0 0
9967.15 1 0 0 0 533 0 0
10191 0 0 0 9596.77 573 0 -2158.23
10174.4 0 0 0 9596.77 492 0 -533.233
10152 0 0 0 9596.77 492 0 -354.233
10091.5 0 0 0 9596.77 499 0 -344.233
10076.1 0 0 0 9596.77 502 0 -431.233
10157 0 0 0 9596.77 521 0 -933.233
10168.5 0 0 0 9596.77 526 0 -908.233
10198.1 0 0 0 9596.77 539 0 -1190.23
10271.2 0 0 0 9596.77 550 0 -1543.23
10274.7 0 0 0 9596.77 510 0 -732.233
10051.2 0 0 0 9596.77 305 0 3479.77
10056.2 0 0.1 0 9596.77 394 0 -1722.23
10086.4 0 0.2 0 9596.77 408 0 -2021.23
10132.1 0 0.3 0 9596.77 388 0 -1394.23
10039.6 0 0.4 0 9596.77 285 0 920.767
10086.2 0 0.5 0 9596.77 245 0 626.767
10125 0 0.65 0 9596.77 393 0 -1621.23
10193.2 0 0.75 0 9596.77 279 0 845.767
10194.8 0 0.85 0 9596.77 397 0 -871.233
10252.1 0 0.95 0 9596.77 425 0 -2221.23
10145.5 0 1.05 0 9596.77 320 0 -26.2333
10200 0 1.15 0 9596.77 391 0 -1623.23
10242.8 0 1.25 0 9596.77 390 0 -1210.23
10326.5 0 1.35 0 9596.77 377 0 -2017.23
10367.2 0 1.5 0 9596.77 329 0 -1247.23
10378.1 0 1.6 0 9596.77 370 0 -1150.23
10413.8 0 1.7 0 9596.77 399 0 -1621.23
10448 0 1.8 0 9596.77 401 0 -1876.23
10337.8 0 1.95 0 9596.77 221 0 661.767
10366.5 0 2.05 0 9596.77 373 0 -1307.23
10602.8 0 2.15 0 9596.77 383 0 -1244.23
10559 0 2.2 0 9596.77 358 0 -848.233
10567.2 0 2.2 0 9596.77 410 0 -2185.23
10578.6 0 2.2 0 9596.77 383 0 -1621.23
10746.5 0 2.2 0 9596.77 389 0 -2436.23
10862.1 0 2.25 0 9596.77 378 0 -1686.23
10914 0 2.2 0 9596.77 431 0 -2660.23
11063.8 0 2.2 0 9596.77 406 0 -2148.23
11101.5 0 2.2 0 9596.77 377 0 -1627.23
11067.6 0 2.25 0 9596.77 338 0 -1542.23
10759 0 2.25 0 9596.77 904 0 6146.77
10533.5 0 2.25 0 9596.77 834 0 2885.77
10512.5 0 2.25 0 9596.77 364 0 -790.233
10493.7 0 2.3 0 9596.77 351 0 -1641.23
10546 0 2.25 0 9596.77 418 0 -2294.23
10568.1 0 2.25 0 9596.77 393 0 -1592.23
10386.5 0 2.25 0 9596.77 197 0 2010.77
10335.3 0 2.3 0 9596.77 333 0 -851.233
10337.4 0 2.25 0 9596.77 288 0 620.767
10317 0 2.3 0 9596.77 307 0 -899.233
10195 0 2.3 0 9596.77 325 0 1194.77
10229 0 2.3 0 9596.77 343 0 -1527.23
10161.8 0 2.35 0 9596.77 302 0 -842.233
10121.9 0 2.35 0 9596.77 334 0 -822.233
10084.9 0 2.45 0 9596.77 321 0 -1697.23
9962.8 0 2.45 0 9596.77 280 0 755.767
9907.95 0 2.45 0 9596.77 320 0 -1563.23
9856.95 0 2.6 0 9596.77 171 0 -1128.23
9817.55 0 2.8 0 9596.77 173 0 -839.233
9789.35 0 2.95 0 9596.77 90 0 -978.233
10170.2 0 3.1 0 9596.77 140 0 -1470.23
10311.5 0 3.3 0 9596.77 164 0 60.7667
10277.2 0 3.45 0 9596.77 130 0 -106.233
10200.1 0 3.6 0 9596.77 149 0 -99.2333
10132.6 0 3.75 0 9596.77 168 0 -943.233
10019.5 0 3.85 0 9596.77 185 0 669.767
10144 0 4 0 9596.77 158 0 -478.233
10167 0 4.2 0 9596.77 94 0 -1311.23
10111.9 0 4.25 0 9596.77 106 0 1722.77
10101.9 0 4.4 0 9596.77 95 0 -700.233
10212.4 0 4.6 0 9596.77 136 0 -1014.23
10086.8 0 4.75 0 9596.77 95 0 983.767
10099.8 0 4.8 0 9596.77 197 0 -1101.23
9994.05 0 5 0 9596.77 52 0 1291.77
9959.2 0 5.05 0 9596.77 125 0 -1000.23
9935.1 0 5.2 0 9596.77 61 0 1237.77
9927.25 0 5.35 0 9596.77 185 0 -1406.23
9907.9 0 5.4 0 9596.77 112 0 -741.233
9818.2 0 5.35 0 9596.77 105 0 954.767
9826.45 0 5.3 0 9596.77 133 0 -1143.23
9715.95 0 5.3 0 9596.77 202 0 739.767
9801.7 0 5.3 0 9596.77 95 0 -1654.23
9842.1 0 5.3 0 9596.77 154 0 -914.233
9782.65 0 5.25 0 9596.77 72 0 1089.77
9792.1 0 5.25 0 9596.77 148 0 -1132.23
9846.9 0 5.35 0 9596.77 134 0 -426.233
9849.95 0 5.35 0 9596.77 107 0 -539.233
9741.65 0 5.25 0 9596.77 85 0 854.767
9777.45 0 5.4 0 9596.77 119 0 1006.77
9769.9 0 5.3 0 9596.77 244 0 -549.233
9624.7 0 5.2 0 9596.77 244 0 1889.77
9720.8 0 5.2 0 9596.77 138 0 -938.233
9727.55 0 5.25 0 9596.77 169 0 -1236.23
9760.4 0 5.2 0 9596.77 112 0 634.767
9746.9 0 5.2 0 9596.77 129 0 -730.233
9871.2 0 5.2 0 9596.77 152 0 -1248.23
9691.1 0 5.15 0 9596.77 137 0 2195.77
9710.75 0 5.1 0 9596.77 148 0 -1134.23
9783.45 0 5.15 0 9596.77 121 0 -499.233
9823.3 0 5.2 0 9596.77 138 0 -1940.23
9811.3 0 5.2 0 9596.77 106 0 979.767
9785.1 0 5.15 0 9596.77 152 0 -1130.23
9764.45 0 5.2 0 9596.77 104 0 -501.233
9792.25 0 5.25 0 9596.77 124 0 533.767
9785.4 0 5.2 0 9596.77 178 0 -995.233
9819.2 0 5.2 0 9596.77 116 0 -1102.23
9871.55 0 5.2 0 9596.77 157 0 -1586.23
9901.75 0 5.2 0 9596.77 101 0 250.767
10005.5 0 5.2 0 9596.77 158 0 -1068.23
10049.6 0 5.25 0 9596.77 149 0 -1431.23
10094.8 0 5.3 0 9596.77 100 0 986.767
10143.3 0 5.3 0 9596.77 125 0 -1909.23
10091 0 5.3 0 9596.77 151 0 -189.233
10050.2 0 5.3 0 9596.77 137 0 1449.77
10080.5 0 5.3 0 9596.77 181 0 -1336.23
9977.95 0 5.25 0 9596.77 77 0 802.767
10158 0 5.3 0 9596.77 149 0 -1406.23
10180.7 0 5.35 0 9596.77 135 0 -1587.23
10110.4 0 5.3 0 9596.77 154 0 906.767
10037.4 0 5.25 0 9596.77 89 0 -479.233
10158.6 0 5.3 0 9596.77 164 0 -1445.23
10167.4 0 5.3 0 9596.77 143 0 -1306.23
10200.6 0 5.3 0 9596.77 144 0 -1165.23
10213 0 5.25 0 9596.77 105 0 284.767
10088.7 0 5.3 0 9596.77 94 0 1491.77
10096.5 0 5.25 0 9596.77 212 0 -1259.23
10104.6 0 5.3 0 9596.77 92 0 -1748.23
10222.8 0 5.35 0 9596.77 152 0 -2111.23
10239.5 0 5.3 0 9596.77 125 0 -1404.23
10201.2 0 5.35 0 9596.77 137 0 -665.233
10284.8 0 5.4 0 9596.77 130 0 -683.233
10237.5 0 5.35 0 9596.77 148 0 -963.233
10263.9 0 5.4 0 9596.77 131 0 -718.233
10354.4 0 5.4 0 9596.77 122 0 -359.233
10365 0 5.45 0 9596.77 131 0 -1549.23
10366 0 5.45 0 9596.77 159 0 783.767
10248 0 5.45 0 9596.77 93 0 952.767
10247.5 0 5.35 0 9596.77 214 0 -1577.23
10346.2 0 5.45 0 9596.77 102 0 -1067.23
10312.6 0 5.35 0 9596.77 209 0 191.767
10293.5 0 5.35 0 9596.77 115 0 -1061.23
10290.4 0 5.45 0 9596.77 92 0 -1245.23
10315.9 0 5.35 0 9596.77 208 0 -1674.23
10414.6 0 5.4 0 9596.77 111 0 -1691.23
10563.8 0 5.45 0 9596.77 165 0 -1491.23
10568 0 5.45 0 9596.77 127 0 -1344.23
10497.9 0 5.45 0 9596.77 155 0 -344.233
10452.2 0 5.45 0 9596.77 124 0 -1198.23
10442.9 0 5.45 0 9596.77 185 0 -1218.23
10368.2 0 5.4 0 9596.77 76 0 827.767
10381.8 0 5.3 0 9596.77 174 0 -954.233
10414 0 5.4 0 9596.77 87 0 -1606.23
10454 0 5.35 0 9596.77 183 0 -1519.23
10492.9 0 5.35 0 9596.77 199 0 -1136.23
10501.6 0 5.4 0 9596.77 45 0 -1724.23
10639.8 0 5.4 0 9596.77 155 0 -1980.23
10788.7 0 5.4 0 9596.77 205 0 -2025.23
10640.2 0 5.45 0 9596.77 63 0 1391.77
10653.9 0 5.3 0 9596.77 206 0 -1340.23
10740.5 0 5.45 0 9596.77 149 0 -1540.23
10706.4 0 5.45 0 9596.77 107 0 -378.233
10692.8 0 5.35 0 9596.77 108 0 -974.233
10681.8 0 5.45 0 9596.77 175 0 -1454.23
10660.4 0 5.35 0 9596.77 232 0 -1263.23
10669.1 0 5.35 0 9596.77 134 0 -1666.23
10671.8 0 5.4 0 9596.77 107 0 -1397.23
10718.1 0 5.35 0 9596.77 173 0 -1271.23
10775 0 5.3 0 9596.77 160 0 -2336.23
10664.9 0 5.3 0 9596.77 144 0 985.767
10759.4 0 5.35 0 9596.77 115 0 -1063.23
10748.5 0 5.4 0 9596.77 141 0 -735.233
10720.3 0 5.35 0 9596.77 138 0 -1043.23
10537.6 0 5.3 0 9596.77 109 0 2134.77
10531.5 0 5.3 0 9596.77 165 0 -1014.23
10494.2 0 5.25 0 9596.77 109 0 -979.233
10393.8 0 5.25 0 9596.77 190 0 29.7667
10385.4 0 5.3 0 9596.77 86 0 -1858.23
10530.9 0 5.35 0 9596.77 148 0 -1518.23
10474.1 0 5.4 0 9596.77 130 0 -204.233
10463.1 0 5.4 0 9596.77 171 0 -1321.23
10473.1 0 5.3 0 9596.77 204 0 -578.233
10453.6 0 5.35 0 9596.77 113 0 -583.233
10422.3 0 5.35 0 9596.77 133 0 -828.233
10348 0 5.35 0 9596.77 156 0 223.767
10315.2 0 5.3 0 9596.77 151 0 -1011.23
10260 0 5.3 0 9596.77 163 0 -293.233
10270 0 5.3 0 9596.77 112 0 -1471.23
10233 0 5.35 0 9596.77 185 0 -1595.23
10349.9 0 5.35 0 9596.77 165 0 -1353.23
10345.8 0 5.35 0 9596.77 107 0 -981.233
10346.9 0 5.35 0 9596.77 130 0 -757.233
10391.8 0 5.3 0 9596.77 185 0 -1941.23
10520.3 0 5.4 0 9596.77 148 0 -435.233
10438.5 0 5.35 0 9596.77 151 0 620.767
10437.4 0 5.3 0 9596.77 182 0 -956.233
10502.5 0 5.35 0 9596.77 123 0 -1273.23
10441.2 0 5.35 0 9596.77 120 0 -632.233
10424.8 0 5.35 0 9596.77 144 0 -1188.23
10482.5 0 5.35 0 9596.77 168 0 -1360.23
10382.7 0 5.3 0 9596.77 99 0 675.767
10253.1 0 5.35 0 9596.77 228 0 2012.77
10303.1 0 5.35 0 9596.77 104 0 -1583.23
10319.2 0 5.3 0 9596.77 187 0 -1149.23
10424.9 0 5.4 0 9596.77 110 0 -1890.23
10474.1 0 5.4 0 9596.77 169 0 -1995.23
10514.8 0 5.4 0 9596.77 131 0 -1107.23
10471.7 0 5.35 0 9596.77 198 0 -609.233
10398.6 0 5.35 0 9596.77 115 0 -134.233
10342 0 5.4 0 9596.77 97 0 -221.233
10324.5 0 5.4 0 9596.77 104 0 -630.233
10357.4 0 5.4 0 9596.77 189 0 -1415.23
10374.3 0 5.45 0 9596.77 101 0 -2279.23
10426.9 0 5.4 0 9596.77 181 0 -1486.23
10532.5 0 5.5 0 9596.77 121 0 -1491.23
10569.7 0 5.45 0 9596.77 189 0 -1701.23
10446.6 0 5.45 0 9596.77 66 0 1188.77
10436.9 0 5.4 0 9596.77 156 0 -437.233
10393.5 0 5.35 0 9596.77 184 0 -322.233
10340.8 0 5.4 0 9596.77 83 0 -304.233
10454.5 0 5.4 0 9596.77 143 0 -1600.23
10614 0 5.45 0 9596.77 171 0 -1176.23
10452.2 0 5.35 0 9596.77 101 0 1651.77
10495.4 0 5.4 0 9596.77 153 0 -2012.23
10502.7 0 5.45 0 9596.77 73 0 -2036.23
10494.2 0 5.45 0 9596.77 159 0 -1826.23
10498.1 0 5.4 0 9596.77 128 0 -1185.23
10511 0 5.5 0 9596.77 153 0 -866.233
10552.2 0 5.5 0 9596.77 109 0 -958.233
10628.2 0 5.45 0 9596.77 111 0 -1742.23
10659.9 0 5.45 0 9596.77 146 0 -1263.23
10476 0 5.4 0 9596.77 136 0 2261.77
10430.2 0 5.4 0 9596.77 104 0 -1363.23
10420.5 0 5.3 0 9596.77 294 0 -1290.23
10427.2 0 5.3 0 9596.77 110 0 -1627.23
10403.2 0 5.4 0 9596.77 133 0 -1220.23
10554.9 0 5.35 0 9596.77 202 0 -1844.23
10601 0 5.4 0 9596.77 83 0 -1361.23
10633 0 5.4 0 9596.77 169 0 -961.233
10689.6 0 5.4 0 9596.77 103 0 -1436.23
10690.4 0 5.45 0 9596.77 128 0 -1615.23
10687.2 0 5.45 0 9596.77 134 0 -1113.23
10834.5 0 5.5 0 9596.77 137 0 -1293.23
10776.5 0 5.4 0 9596.77 268 0 -852.233
10666.1 0 5.4 0 9596.77 21 0 169.767
10608.8 0 5.35 0 9596.77 195 0 -679.233
10431.6 0 5.3 0 9596.77 143 0 2358.77
10370.9 0 5.3 0 9596.77 94 0 347.767
10421.1 0 5.25 0 9596.77 163 0 -1963.23
10379.8 0 5.25 0 9596.77 196 0 -915.233
10368.8 0 5.25 0 9596.77 109 0 -1043.23
10579.8 0 5.3 0 9596.77 188 0 -1957.23
10460.4 0 5.2 0 9596.77 285 0 1023.77
10487.9 0 5.35 0 9596.77 89 0 -1839.23
10418.4 0 5.3 0 9596.77 152 0 -237.233
10389 0 5.3 0 9596.77 98 0 -632.233
10358.9 0 5.35 0 9596.77 137 0 -1242.23
10343.3 0 5.3 0 9596.77 145 0 -1050.23
10263.1 0 5.3 0 9596.77 88 0 641.767
10181 0 5.3 0 9596.77 165 0 205.767
10188 0 5.2 0 9596.77 244 0 -1755.23
10187.8 0 5.2 0 9596.77 112 0 -1107.23
10225.7 0 5.25 0 9596.77 162 0 -2052.23
10257 0 5.35 0 9596.77 124 0 -1477.23
10337.5 0 5.25 0 9596.77 123 0 -1442.23
10345 0 5.35 0 9596.77 154 0 -828.233
10518.8 0 5.4 0 9596.77 143 0 -1117.23
10596 0 5.4 0 9596.77 109 0 -1195.23
10482.4 0 5.4 0 9596.77 130 0 308.767
10474.6 0 5.45 0 9596.77 136 0 -760.233
10479.5 0 5.45 0 9596.77 124 0 -1142.23
10493.5 0 5.45 0 9596.77 152 0 -2237.23
10588 0 5.55 0 9596.77 162 0 -864.233
10535.6 0 5.5 0 9596.77 118 0 -792.233
10490.1 0 5.5 0 9596.77 221 0 671.767
10502.7 0 5.45 0 9596.77 181 0 -883.233
10421 0 5.45 0 9596.77 16 0 392.767
10484.1 0 5.45 0 9596.77 146 0 -2313.23
10441.1 0 5.4 0 9596.77 141 0 1501.77
10543.2 0 5.4 0 9596.77 139 0 -1836.23
10521.1 0 5.45 0 9596.77 161 0 -1313.23
10422.4 0 5.35 0 9596.77 148 0 867.767
10342 0 5.4 0 9596.77 83 0 -446.233
10330 0 5.35 0 9596.77 111 0 -1235.23
10295.8 0 5.35 0 9596.77 209 0 -759.233
10329.2 0 5.4 0 9596.77 67 0 -1496.23
10308.5 0 5.4 0 9596.77 150 0 -703.233
10196.9 0 5.3 0 9596.77 175 0 1036.77
10247.6 0 5.35 0 9596.77 136 0 -706.233
10267.7 0 5.3 0 9596.77 189 0 -1161.23
10282.1 0 5.25 0 9596.77 164 0 -1431.23
10256.6 0 5.25 0 9596.77 139 0 -1726.23
10277.1 0 5.25 0 9596.77 88 0 -1274.23
10298.4 0 5.3 0 9596.77 165 0 -1218.23
10405.4 0 5.35 0 9596.77 106 0 -1468.23
10393.8 0 5.35 0 9596.77 118 0 -651.233
10448 0 5.35 0 9596.77 149 0 -690.233
10223.7 0 5.3 0 9596.77 169 0 2171.77
10347.8 0 5.4 0 9596.77 113 0 -980.233
10233.6 0 5.3 0 9596.77 118 0 446.767
10271.6 0 5.35 0 9596.77 163 0 -2073.23
10277.8 0 5.4 0 9596.77 89 0 744.767
10153.9 0 5.3 0 9596.77 75 0 2032.77
10164.5 0 5.3 0 9596.77 173 0 -1447.23
10169.5 0 5.3 0 9596.77 138 0 -860.233
10147.9 0 5.2 0 9596.77 193 0 -1064.23
10067 0 5.25 0 9596.77 79 0 914.767
10198.6 0 5.3 0 9596.77 152 0 -1595.23
10151.5 0 5.3 0 9596.77 127 0 235.767
10139.9 0 5.25 0 9596.77 184 0 -929.233
10131.4 0 5.3 0 9596.77 163 0 -1261.23
10091.9 0 5.35 0 9596.77 120 0 -935.233
10122 0 5.35 0 9596.77 88 0 -1877.23
10155.4 0 5.3 0 9596.77 214 0 -1885.23
10158.7 0 5.3 0 9596.77 60 0 -1535.23
10190.1 0 5.3 0 9596.77 167 0 -1279.23
10244 0 5.3 0 9596.77 155 0 -1769.23
10405.9 0 5.35 0 9596.77 149 0 -1064.23
10402 0 5.3 0 9596.77 150 0 -904.233
10477.1 0 5.4 0 9596.77 134 0 -1055.23
10299.5 0 5.4 0 9596.77 89 0 1479.77
10343.1 0 5.35 0 9596.77 199 0 -127.233
10509.8 0 5.35 0 9596.77 169 0 -1301.23
10447.7 0 5.4 0 9596.77 117 0 -205.233
10485 0 5.4 0 9596.77 182 0 -1607.23
10498.5 0 5.45 0 9596.77 53 0 -1334.23
10590.6 0 5.4 0 9596.77 179 0 -927.233
10588.8 0 5.45 0 9596.77 182 0 -1558.23
10560.4 0 5.3 0 9596.77 161 0 804.767
10591.6 0 5.3 0 9596.77 325 0 -1555.23
10603.2 0 5.15 0 9596.77 272 0 -1493.23
10630.4 0 5.25 0 9596.77 13 0 -1478.23
10611.5 0 5.2 0 9596.77 161 0 -1498.23
10584.3 0 5.2 0 9596.77 157 0 -1342.23
10567.5 0 5.15 0 9596.77 202 0 -1200.23
10565 0 5.25 0 9596.77 34 0 -1227.23
10556.6 0 5.3 0 9596.77 7 0 -1603.23
10564.6 0 5.4 0 9596.77 48 0 -1224.23
10595.5 0 5.55 0 9596.77 9 0 -1520.23
10590 0 5.55 0 9596.77 96 0 -946.233
10587 0 5.5 0 9596.77 179 0 1540.77
10652.9 0 5.55 0 9596.77 171 0 -1445.23
10545 0 5.55 0 9596.77 135 0 856.767
10620.6 0 5.5 0 9596.77 118 0 -1719.23
10518.2 0 5.6 0 9596.77 60 0 440.767
10431.5 0 5.6 0 9596.77 53 0 400.767
10423.6 0 5.7 0 9596.77 65 0 -769.233
10422.3 0 5.7 0 9596.77 142 0 -1532.23
10530.6 0 5.9 0 9596.77 7 0 -1362.23
10485.6 0 6 0 9596.77 128 0 -654.233
10454.5 0 6.2 0 9596.77 57 0 -870.233
10469 0 6.05 0 9596.77 140 0 -1768.23
10307 0 6.05 0 9596.77 140 0 1740.77
10285.1 0 6.05 0 9596.77 159 0 -904.233
10289.6 0 6.15 0 9596.77 53 0 -1290.23
10288.9 0 6.05 0 9596.77 173 0 -1212.23
10196 0 6.05 0 9596.77 36 0 252.767
10194.9 0 6.05 0 9596.77 72 0 -1201.23
10058.5 0 5.9 0 9596.77 92 0 1206.77
10055.1 0 5.95 0 9596.77 39 0 -878.233
10025.2 0 5.85 0 9596.77 185 0 2138.77
10008.8 0 5.9 0 9596.77 150 0 -1116.23
10107 0 5.95 0 9596.77 107 0 -1106.23
10100.5 0 6.05 0 9596.77 40 0 -1591.23
10156 0 5.95 0 9596.77 125 0 -667.233
10184.6 0 5.95 0 9596.77 142 0 -172.233
10179.8 0 5.85 0 9596.77 116 0 -672.233
10161.8 0 5.75 0 9596.77 316 0 -1173.23
10168.5 0 5.5 0 9596.77 336 0 -1497.23
10182.6 0 5.3 0 9596.77 418 0 -936.233
10178.5 0 5.1 0 9596.77 292 0 -788.233
10147.5 0 5 0 9596.77 311 0 -1146.23
10276 0 4.9 0 9596.77 310 0 -831.233
10294 0 4.75 0 9596.77 361 0 -1263.23
10261.6 0 4.45 0 9596.77 399 0 -643.233
10072.1 0 4.35 0 9596.77 175 0 2578.77
10147.2 0 4.15 0 9596.77 301 0 -1249.23
10157.2 0 3.9 0 9596.77 395 0 -1401.23
10293.2 0 3.7 0 9596.77 408 0 -1514.23
10342.9 0 3.5 0 9596.77 390 0 -1870.23
10494.6 0 3.55 0 9596.77 226 0 -897.233
10504.6 0 3.4 0 9596.77 316 0 -1316.23
10544.5 0 3.15 0 9596.77 436 0 -1902.23
10562 0 2.95 0 9596.77 355 0 -1942.23
10561.9 0 2.85 0 9596.77 315 0 -664.233
10617.8 0 2.7 0 9596.77 322 0 -1291.23
10570.2 0 2.55 0 9596.77 282 0 278.767
10587.8 0 2.5 0 9596.77 391 0 -1524.23
10549.8 0 2.45 0 9596.77 403 0 -736.233
10560.8 0 2.5 0 9596.77 320 0 -1157.23
10580.6 0 2.5 0 9596.77 314 0 -1184.23
10613.2 0 2.5 0 9596.77 337 0 -1798.23
10647.1 0 2.45 0 9596.77 325 0 -1510.23
10641.5 0 2.45 0 9596.77 355 0 -1149.23
10660.4 0 2.55 0 9596.77 385 0 -1021.23
10662.6 0 2.55 0 9596.77 140 0 2532.77
10663.2 0 2.5 0 9596.77 384 0 -1261.23
10609.8 0 2.55 0 9596.77 339 0 -331.233
10571.5 0 2.6 0 9596.77 359 0 -748.233
10538.3 0 2.6 0 9596.77 306 0 -1207.23
10519.5 0 2.55 0 9596.77 271 0 -521.233
10503.5 0 2.55 0 9596.77 307 0 -996.233
10472.9 0 2.6 0 9596.77 330 0 -1290.23
10478 0 2.55 0 9596.77 362 0 -2045.23
10491 0 2.5 0 9596.77 372 0 -922.233
10489.8 0 2.5 0 9596.77 331 0 -1268.23
10563.1 0 2.55 0 9596.77 288 0 -1188.23
10544.6 0 2.55 0 9596.77 309 0 -1154.23
10541.5 0 2.65 0 9596.77 275 0 -672.233
10498.4 0 2.6 0 9596.77 336 0 -296.233
10420.3 0 2.6 0 9596.77 293 0 377.767
10455.5 0 2.6 0 9596.77 330 0 -2503.23
10429.9 0 2.55 0 9596.77 394 0 -997.233
10436 0 2.6 0 9596.77 348 0 -1272.23
10433.5 0 2.6 0 9596.77 276 0 -970.233
10457.5 0 2.6 0 9596.77 141 0 2053.77
10461.4 0 2.6 0 9596.77 375 0 -1340.23
10488.5 0 2.55 0 9596.77 298 0 -872.233
10523.8 0 2.6 0 9596.77 316 0 -1455.23
10551 0 2.55 0 9596.77 365 0 -1751.23
10554 0 2.55 0 9596.77 333 0 -581.233
10537.7 0 2.55 0 9596.77 271 0 -670.233
10510.2 0 2.6 0 9596.77 314 0 -740.233
10491.5 0 2.65 0 9596.77 263 0 -1672.23
10502.2 0 2.7 0 9596.77 343 0 -1136.23
10513.9 0 2.65 0 9596.77 350 0 -1501.23
10501.8 0 2.6 0 9596.77 343 0 -945.233
10350.7 0 2.6 0 9596.77 184 0 1866.77
10379.9 0 2.6 0 9596.77 350 0 -1256.23
10452.6 0 2.65 0 9596.77 331 0 -1751.23
10523.5 0 2.65 0 9596.77 287 0 -1040.23
10483.3 0 2.65 0 9596.77 245 0 -1698.23
10464.6 0 2.7 0 9596.77 386 0 -624.233
10466.4 0 2.7 0 9596.77 281 0 -1306.23
10308 0 2.7 0 9596.77 193 0 2197.77
10424.6 0 2.65 0 9596.77 314 0 -280.233
10392.5 0 2.7 0 9596.77 278 0 -698.233
10438.7 0 2.75 0 9596.77 313 0 -1795.23
10440.4 0 2.75 0 9596.77 305 0 -1489.23
10421.8 0 2.8 0 9596.77 302 0 -1379.23
10488.9 0 2.75 0 9596.77 345 0 -1922.23
10546.3 0 2.75 0 9596.77 354 0 -1819.23
10583.1 0 2.75 0 9596.77 293 0 -1477.23
10593.8 0 2.7 0 9596.77 346 0 -1884.23
10597.7 0 2.7 0 9596.77 336 0 -1215.23
10462.5 0 2.7 0 9596.77 278 0 1201.77
10456.5 0 2.8 0 9596.77 205 0 -823.233
10593 0 2.8 0 9596.77 281 0 -865.233
10571 0 2.8 0 9596.77 282 0 -814.233
10510.1 0 2.75 0 9596.77 287 0 -535.233
10518 0 2.75 0 9596.77 343 0 -1196.23
10472.6 0 2.75 0 9596.77 298 0 -792.233
10523.2 0 2.8 0 9596.77 308 0 -1635.23
10340 0 2.75 0 9596.77 219 0 2357.77
10500 0 2.75 0 9596.77 304 0 -1001.23
10538.4 0 2.75 0 9596.77 407 0 -1049.23
10557.5 0 2.75 0 9596.77 216 0 -1080.23
10475.9 0 2.8 0 9596.77 265 0 -163.233
10473.9 0 2.8 0 9596.77 305 0 -1449.23
10514 0 2.8 0 9596.77 313 0 -2180.23
10475.6 0 2.85 0 9596.77 284 0 -1155.23
10456.2 0 2.8 0 9596.77 299 0 -1432.23
10414.4 0 2.8 0 9596.77 311 0 -640.233
10422.6 0 2.85 0 9596.77 369 0 -2048.23
10329.7 0 2.75 0 9596.77 365 0 642.767
10438.3 0 2.85 0 9596.77 207 0 -970.233
10463 0 2.75 0 9596.77 379 0 -1318.23
10356.5 0 2.8 0 9596.77 168 0 1264.77
10368.5 0 2.8 0 9596.77 245 0 -1054.23
10415.2 0 2.8 0 9596.77 381 0 -1469.23
10464.5 0 2.8 0 9596.77 312 0 -2180.23
10555.9 0 2.8 0 9596.77 338 0 -2620.23
10547.4 0 2.8 0 9596.77 301 0 -1465.23
10753.5 0 2.85 0 9596.77 327 0 -1766.23
10771.7 0 2.8 0 9596.77 320 0 -1364.23
10811.9 0 2.85 0 9596.77 314 0 -1852.23
10826.6 0 2.85 0 9596.77 321 0 -1375.23
10857.3 0 2.85 1 9596.77 304 0 0
10841.5 0 2.7 0 9596.77 587 0 0
10808.8 0 2.55 0 9596.77 598 0 0
10801 0 2.4 0 9596.77 568 0 0
10663.1 0 2.3 0 9596.77 447 0 0
10669 0 2.15 0 9596.77 565 0 0
10618.5 0 2 0 9596.77 574 0 0
10670.1 0 1.95 0 9596.77 547 0 0
10676.5 0 1.75 0 9596.77 583 0 0
10627.1 0 1.65 0 9596.77 536 0 0
10762.6 0 1.45 0 9596.77 594 0 0
10705.7 0 1.3 0 9596.77 503 0 0
10658 0 1.2 0 9596.77 547 0 0
10553.2 0 1.05 0 9596.77 524 0 0
10464 0 0.9 0 9596.77 573 0 0
10423.8 0 0.75 0 9596.77 550 0 0
10355.3 0 0.6 0 9596.77 551 0 0
10325.2 0 0.5 0 9596.77 576 0 0
10275.9 0 0.35 0 9596.77 568 0 0
10223.7 0 0.2 0 9596.77 534 0 0
10194.1 0 0 0 9596.77 516 0 0
10162.8 0 0 0 9596.77 533 0 0
10166.3 0 0 0 9596.77 603 0 0
10043.4 0 0 0 9596.77 435 0 0
10165.5 0 0 0 9596.77 582 0 0
10153.5 0 0 0 9596.77 560 0 0
10107.6 0 0 0 9596.77 547 0 0
10105.7 0 0 0 9596.77 545 0 0
10065 0 0 0 9596.77 532 0 0
10037.9 0 0 0 9596.77 496 0 0
10026.7 0 0 0 9596.77 578 0 0
10066.8 0 0 0 9596.77 550 0 0
10063.8 0 0 0 9596.77 531 0 0
10104.5 0 0 0 9596.77 564 0 0
10063.5 0 0 0 9596.77 517 0 0
10051 0 0 0 9596.77 539 0 0
10060.5 0 0 0 9596.77 542 0 0
10043.4 0 0 0 9596.77 551 0 0
10042 0 0 0 9596.77 572 0 0
10047 0 0 0 9596.77 525 0 0
9949.35 0 0 0 9596.77 415 0 0
9985.75 0 0 0 9596.77 576 0 0
9948.35 0 0 0 9596.77 561 0 0
9934.3 0 0 0 9596.77 433 0 0
9901.2 0 0 0 9596.77 562 0 0
9893.6 0 0 0 9596.77 547 0 0
9906.8 0 0 0 9596.77 549 0 0
9953.75 0 0 0 9596.77 600 0 0
10004.1 0 0 0 9596.77 582 0 0
10082.5 0 0 0 9596.77 576 0 0
10085.3 0 0 0 9596.77 566 0 0
10124.8 0 0 0 9596.77 588 0 0
10026.4 0 0 0 9596.77 439 0 0
10032.5 0 0 0 9596.77 570 0 0
9936.05 0 0 0 9596.77 411 0 0
9941.85 0 0 0 9596.77 548 0 0
9841.2 0 0 0 9596.77 452 0 0
9844.45 0 0 0 9596.77 527 0 0
9749.6 0 0 0 9596.77 445 0 0
9768.15 0 0 0 9596.77 553 0 0
9887.15 0 0 0 9596.77 544 0 0
9758.15 0 0 0 9596.77 456 0 0
9736.8 0 0 0 9596.77 551 0 0
9860.05 0 0 0 9596.77 28 0 0
9779.4 0 0 0 9596.77 23 0 0
9808.4 0 0 0 9596.77 28 0 0
9730.05 0 0 0 9596.77 24 0 0
9721.35 0 0 0 9596.77 27 0 0
9611.9 0 0 0 9596.77 23 0 0
9587.55 0 0 0 9596.77 28 0 0
9433.15 0 0 0 9596.77 22 0 0
9369.45 0 0 0 9596.77 27 0 0
9350.3 0 0 0 9596.77 22 0 0
9272 0 0 0 9596.77 25 0 0
9391.25 0 0 0 9596.77 28 0 0
9419.75 0 0 0 9596.77 27 0 0
9528.9 0 0 0 9596.77 28 0 0
9535.9 0 0 0 9596.77 27 0 0
9638.1 0 0 0 9596.77 26 0 0
9613.55 0 0 0 9596.77 26 0 0
9537.05 0 0 0 9596.77 23 0 0
9580.85 0 0 0 9596.77 23 0 0
9556.75 0 0 0 9596.77 22 0 0
9462.05 0 0 0 9596.77 21 0 0
9565.1 0 0 0 9596.77 26 0 0
9483.8 0 0 0 9596.77 23 0 0
9570.35 0 0 0 9596.77 9 0 0
9488.75 0 0 0 9596.77 74 0 0
9493.65 0 0 0 9596.77 480 0 0
9317.3 0 0 0 9596.77 377 0 0
9424.3 0 0 0 9596.77 569 0 0
9410.25 0 0 0 9596.77 538 0 0
9503.05 0 0 0 9596.77 515 0 0
9550.6 0 0 0 9596.77 537 0 0
9466.35 0 0 0 9596.77 444 0 0
9429.85 0 0 0 9596.77 534 0 0
9307.4 0 0 0 9596.77 422 0 0
9353.1 0 0 0 9596.77 607 0 0
9324.6 0 0 0 9596.77 548 0 0
9325.75 0 0 0 9596.77 527 0 0
9412.75 0 0 0 9596.77 560 0 0
9493.4 0 0 0 9596.77 586 0 0
9556.4 0 0 0 9596.77 581 0 0
9551.45 0 0 0 9596.77 454 0 0
9511.25 0 0 0 9596.77 521 0 0
9574.65 0 0 0 9596.77 544 0 0
9554.7 0 0 0 9596.77 535 0 0
9565.95 0 0 0 9596.77 525 0 0
9631.15 0 0 0 9596.77 557 0 0
9819.1 0 0 0 9596.77 569 0 0
9831.25 0 0 0 9596.77 543 0 0
9787.8 0 0 0 9596.77 459 0 0
9828.05 0 0 0 9596.77 544 0 0
9814.6 0 0 0 9596.77 527 0 0
9909.5 0 0 0 9596.77 558 0 0
9913.5 0 0 0 9596.77 543 0 0
9933.35 0 0 0 9596.77 460 0 0
9917.75 0 0 0 9596.77 585 0 0
9955.85 0 0 0 9596.77 562 0 0
10002.6 0 0 0 9596.77 574 0 0
9998.7 0 0 0 9596.77 549 0 0
9999.2 0 0 0 9596.77 560 0 0
9971.85 0 0 0 9596.77 556 0 0
10055.1 0 0 0 9596.77 542 0 0
10047.9 0 0 0 9596.77 533 0 0
10051.5 0 0 0 9596.77 578 0 0
10083.1 0 0 0 9596.77 561 0 0
10128.8 0 0 0 9596.77 535 0 0
9973.25 0 0 0 9596.77 365 0 0
9900.8 0 0 0 9596.77 486 0 0
9895.85 0 0 0 9596.77 536 0 0
9887.6 0 0 0 9596.77 467 0 0
9865.9 0 0 0 9596.77 539 0 0
9789.35 0 0 0 9596.77 443 0 0
9777.45 0 0 0 9596.77 547 0 0
9782.7 0 0 0 9596.77 542 0 0
9823.3 0 0 0 9596.77 487 0 0
9797.6 0 0 0 9596.77 562 0 0
9656.25 0 0 0 9596.77 444 0 0
9630.15 0 0 0 9596.77 565 0 0
9603.65 0 0 0 9596.77 543 0 0
9602.15 0 0 0 9596.77 574 0 0
9600.4 0 0 0 9596.77 556 0 0
9625.15 0 0 0 9596.77 579 0 0
9673.3 0 0 0 9596.77 558 0 0
9713.35 0 0 0 9596.77 592 0 0
9623.6 0 0 0 9596.77 448 0 0
9676.25 0 0 0 9596.77 598 0 0
9866.3 0 0 0 9596.77 586 0 0
9919.55 0 0 0 9596.77 567 0 0
9948 0 0 0 9596.77 580 0 0
9986.55 0 0 0 9596.77 514 0 0
9952.75 0 0 0 9596.77 508 0 0
10099.1 0 0 0 9596.77 605 0 0
10178.6 0 0 0 9596.77 621 0 0
10229.8 0 0 0 9596.77 598 0 0
10201.5 0 0 0 9596.77 462 0 0
10132.1 0 0 0 9596.77 482 0 0
10244.2 0 0 0 9596.77 552 0 0
10131.7 0 0 0 9596.77 447 0 0
10083.6 0 0 0 9596.77 479 0 0
9999.65 0 0 0 9596.77 500 0 0
9892.15 0 0 0 9596.77 441 0 0
9826.4 0 0 0 9596.77 511 0 0
9798.3 0 0 0 9596.77 535 0 0
9798.3 0 0 0 9596.77 588 0 0
9915.4 0 0 0 9596.77 584 0 0
9825.6 0 0 0 9596.77 510 0 0
9787.95 0 0 0 9596.77 546 0 0
9785.75 0 0 0 9596.77 574 0 0
9767.2 0 0 0 9596.77 546 0 0
9801.55 0 0 0 9596.77 552 0 0
9842.8 0 0 0 9596.77 537 0 0
9822.65 0 0 0 9596.77 584 0 0
9764.75 0 0 0 9596.77 563 0 0
9757.5 0 0 0 9596.77 594 0 0
9696.15 0 0 0 9596.77 401 0 0
9776.7 0 0 0 9596.77 565 0 0
9757.65 0 0 0 9596.77 524 0 0
9826.5 0 0 0 9596.77 515 0 0
9905.2 0 0 0 9596.77 566 0 0
9963.5 0 0 0 9596.77 542 0 0
10084.6 0 0 0 9596.77 548 0 0
10130.6 0 0 0 9596.77 542 0 0
10128.9 0 0 0 9596.77 537 0 0
10097.5 0 0 0 9596.77 566 0 0
9949.3 0 0 0 9596.77 437 0 0
9971.45 0 0 0 9596.77 550 0 0
9952.7 0 0 0 9596.77 522 0 0
9990.4 0 0 0 9596.77 595 0 0
10019.1 0 0 0 9596.77 578 0 0
10062.7 0 0 0 9596.77 575 0 0
9957.1 0 0 0 9596.77 425 0 0
9960.8 0 0 0 9596.77 582 0 0
9919.05 0 0 0 9596.77 521 0 0
9837 0 0 0 9596.77 501 0 0
9958.2 0 0 0 9596.77 539 0 0
9961.2 0 0 0 9596.77 579 0 0
9936.95 0 0 0 9596.77 514 0 0
9945.5 0 0 0 9596.77 523 0 0
9934.4 0 0 0 9596.77 553 0 0
9956.6 0 0 0 9596.77 563 0 0
9941.25 0 0 0 9596.77 550 0 0
9986.9 0 0 0 9596.77 599 0 0
10018.4 0 0 0 9596.77 562 0 0
9991.15 0 0 0 9596.77 542 0 0
10066.7 0 0 0 9596.77 507 0 0
10045.8 0 0 0 9596.77 521 0 0
10076.2 0 0 0 9596.77 535 0 0
10047.2 0 0 0 9596.77 549 0 0
10041.7 0 0 0 9596.77 567 0 0
9878 0 0 0 9596.77 411 0 0
9981.65 0 0 0 9596.77 550 0 0
9930.65 0 0 0 9596.77 531 0 0
9918.75 0 0 0 9596.77 516 0 0
9926.05 0 0 0 9596.77 525 0 0
9971.4 0 0 0 9596.77 574 0 0
9992 0 0 0 9596.77 590 0 0
10058.2 0 0 0 9596.77 555 0 0
10093.5 0 0 0 9596.77 544 0 0
10086 0 0 0 9596.77 539 0 0
10101.1 0 0 0 9596.77 598 0 0
10081.6 0 0 0 9596.77 538 0 0
10088.8 0 0 0 9596.77 600 0 0
10041.8 0 0 0 9596.77 534 0 0
10053.4 0 0 0 9596.77 531 0 0
10052.7 0 0 0 9596.77 495 0 0
10063.4 0 0 0 9596.77 506 0 0
10070.9 0 0 0 9596.77 550 0 0
10099.8 0 0 0 9596.77 604 0 0
9840.4 0 0 0 9596.77 315 0 0
9933.15 0 0 0 9596.77 528 0 0
9931.75 0 0 0 9596.77 555 0 0
10003.5 0 0 0 9596.77 607 0 0
10030 0 0 0 9596.77 525 0 0
10040.5 0 0 0 9596.77 519 0 0
10016.8 0 0 0 9596.77 534 0 0
9958.3 0 0 0 9596.77 533 0 0
9929.7 0 0 0 9596.77 545 0 0
9932.2 0 0 0 9596.77 569 0 0
9935.05 0 0 0 9596.77 551 0 0
9872.05 0 0 0 9596.77 540 0 0
9889.45 0 0 0 9596.77 538 0 0
9816.7 0 0 0 9596.77 542 0 0
9817.75 0 0 0 9596.77 527 0 0
9817.5 0 0 0 9596.77 538 0 0
9773.05 0 0 0 9596.77 466 0 0
9794.85 0 0 0 9596.77 551 0 0
9778 0 0 0 9596.77 550 0 0
9778.85 0 0 0 9596.77 604 0 0
9868.65 0 0 0 9596.77 401 0 0
9876.3 0 0 0 9596.77 512 0 0
9861.05 0 0 0 9596.77 516 0 0
9793.5 0 0 0 9596.77 523 0 0
9777.55 0 0 0 9596.77 522 0 0
9754.7 0 0 0 9596.77 524 0 0
9730.15 0 0 0 9596.77 534 0 0
9759.05 0 0 0 9596.77 575 0 0
9738.55 0 0 0 9596.77 526 0 0
9710.75 0 0 0 9596.77 532 0 0
9721.35 0 0 0 9596.77 545 0 0
9760.7 0 0 0 9596.77 553 0 0
9772.95 0 0 0 9596.77 551 0 0
9786.9 0 0 0 9596.77 537 0 0
9809 0 0 0 9596.77 543 0 0
9695.75 0 0 0 9596.77 429 0 0
9727.15 0 0 0 9596.77 516 0 0
9719.2 0 0 0 9596.77 565 0 0
9712.35 0 0 0 9596.77 553 0 0
9715.2 0 0 0 9596.77 591 0 0
9824.15 0 0 0 9596.77 503 0 0
9718.3 0 0 0 9596.77 400 0 0
9733.7 0 0 0 9596.77 530 0 0
9775.35 0 0 0 9596.77 584 0 0
9825.35 0 0 0 9596.77 575 0 0
9877.15 0 0 0 9596.77 566 0 0
9906.05 0 0 0 9596.77 549 0 0
9914.75 0 0 0 9596.77 569 0 0
9949.05 0 0 0 9596.77 547 0 0
9991.9 0 0 0 9596.77 567 0 0
9956.3 0 0 0 9596.77 514 0 0
9877.75 0 0 0 9596.77 485 0 0
9862.55 0 0 0 9596.77 544 0 0
9852.7 0 0 0 9596.77 552 0 0
9853.55 0 0 0 9596.77 560 0 0
9982.6 0 0 0 9596.77 572 0 0
10013.6 0 0 0 9596.77 528 0 0
10007.1 0 0 0 9596.77 520 0 0
10019.6 0 0 0 9596.77 548 0 0
9997.8 0 0 0 9596.77 569 0 0
10046.1 0 0 0 9596.77 552 0 0
10099 0 0 0 9596.77 460 0 0
10118.9 0 0 0 9596.77 560 0 0
10126.7 0 0 0 9596.77 587 0 0
10134.6 0 0 0 9596.77 582 0 0
10134.4 0 0 0 9596.77 560 0 0
10123 0 0 0 9596.77 532 0 0
10090 0 0 0 9596.77 530 0 0
10058.5 0 0 0 9596.77 518 0 0
10034.7 0 0 0 9596.77 561 0 0
10087.9 0 0 0 9596.77 583 0 0
10149.8 0 0 0 9596.77 554 0 0
10115.2 0 0 0 9596.77 504 0 0
10008.1 0 0 0 9596.77 416 0 0
10014.4 0 0 0 9596.77 536 0 0
10016.3 0 0 0 9596.77 553 0 0
10008.8 0 0 0 9596.77 508 0 0
10020.7 0 0 0 9596.77 528 0 0
9991.4 0 0 0 9596.77 523 0 0
9974.5 0 0 0 9596.77 569 0 0
9939.6 0 0 0 9596.77 534 0 0
10009.4 0 0 0 9596.77 561 0 0
9978.4 0 0 0 9596.77 548 0 0
9942.7 0 0 0 9596.77 539 0 0
9768.25 0 0 0 9596.77 380 0 0
9772.4 0 0 0 9596.77 545 0 0
9796.85 0 0 0 9596.77 560 0 0
9848.45 0 0 0 9596.77 591 0 0
9848.25 0 0 0 9596.77 520 0 0
9834.35 0 0 0 9596.77 533 0 0
9826.55 0 0 0 9596.77 573 0 0
9826.2 0 0 0 9596.77 537 0 0
9877.9 0 0 0 9596.77 548 0 0
10015.5 0 0 0 9596.77 545 0 0
9986.25 0 0 0 9596.77 517 0 0
9832.55 0 0 0 9596.77 407 0 0
9821.35 0 0 0 9596.77 515 0 0
9795.85 0 0 0 9596.77 545 0 0
9797.6 0 0 0 9596.77 535 0 0
9784.55 0 0 0 9596.77 549 0 0
9817.3 0 0 0 9596.77 554 0 0
9807.3 0 0 0 9596.77 516 0 0
9850.15 0 0 0 9596.77 557 0 0
9771.4 0 0 0 9596.77 459 0 0
9901.5 0 0 0 9596.77 537 0 0
9889.5 0 0 0 9596.77 553 0 0
9868.35 0 0 0 9596.77 544 0 0
9836.4 0 0 0 9596.77 564 0 0
9867.65 0 0 0 9596.77 545 0 0
9907.05 0 0 0 9596.77 563 0 0
9888.25 0 0 0 9596.77 538 0 0
9950.5 0 0 0 9596.77 608 0 0
9937.2 0 0 0 9596.77 543 0 0
9903.4 0 0 0 9596.77 547 0 0
9959.15 0 0 0 9596.77 593 0 0
10112.1 0 0 0 9596.77 584 0 0
10181 0 0 0 9596.77 601 0 0
10260.5 0 0 0 9596.77 599 0 0
10275.9 0 0 0 9596.77 521 0 0
10195.5 0 0 0 9596.77 451 0 0
10200.7 0 0 0 9596.77 566 0 0
10220.8 0 0 0 9596.77 552 0 0
10229.5 0 0 0 9596.77 590 0 0
10321.7 0 0 0 9596.77 556 0 0
10347.8 0 0 0 9596.77 562 0 0
10310.1 0 0 0 9596.77 506 0 0
10179.5 0 0 0 9596.77 404 0 0
10140 0 0 0 9596.77 495 0 0
10064.8 0 0 0 9596.77 464 0 0
10052 0 0 0 9596.77 554 0 0
9992.55 0 0 0 9596.77 484 0 0
9931.2 0 0 0 9596.77 570 0 0
9855.05 0 0 0 9596.77 478 0 0
9898.7 0 0 0 9596.77 574 0 0
9842.65 0 0 0 9596.77 517 0 0
9820.95 0 0 0 9596.77 555 0 0
9768.75 0 0 0 9596.77 518 0 0
9633.75 0 0 0 9596.77 452 0 0
9684.35 0 0 0 9596.77 578 0 0
9811.7 0 0 0 9596.77 577 0 0
9797.75 0 0 0 9596.77 555 0 0
9793 0 0 0 9596.77 542 0 0
9615.85 0 0 0 9596.77 395 0 0
9608.85 0 0 0 9596.77 544 0 0
9578.35 0 0 0 9596.77 539 0 0
9627 0 0 0 9596.77 560 0 0
9794.8 0 0 0 9596.77 575 0 0
9829.6 0 0 0 9596.77 537 0 0
9948 0 0 0 9596.77 602 0 0
9895.1 0 0 0 9596.77 504 0 0
9982.55 0 0 0 9596.77 592 0 0
9979.3 0 0 0 9596.77 566 0 0
10027.5 0 0 0 9596.77 526 0 0
10029.8 0 0 0 9596.77 578 0 0
10096.7 0 0 0 9596.77 571 0 0
10032.1 0 0 0 9596.77 466 0 0
10043.6 0 0 0 9596.77 531 0 0
10143 0 0 0 9596.77 552 0 0
10076.2 0 0 0 9596.77 512 0 0
10024 0 0 0 9596.77 530 0 0
9998.15 0 0 0 9596.77 526 0 0
9958.8 0 0 0 9596.77 491 0 0
10012.1 0 0 0 9596.77 455 0 0
9990.25 0 0 0 9596.77 518 0 0
10025 0 0 0 9596.77 551 0 0
9992.45 0 0 0 9596.77 508 0 0
9937.05 0 0 0 9596.77 526 0 0
9923.3 0 0 0 9596.77 541 0 0
9884.65 0 0 0 9596.77 566 0 0
9929.25 0 0 0 9596.77 561 0 0
9922.55 0 0 0 9596.77 595 0 0
9972.2 0 0 0 9596.77 615 0 0
10013.3 0 0 0 9596.77 559 0 0
9966 0 0 0 9596.77 520 0 0
9829.7 0 0 0 9596.77 439 0 0
9922.45 0 0 0 9596.77 556 0 0
9949.6 0 0 0 9596.77 558 0 0
9924.85 0 0 0 9596.77 539 0 0
9991.7 0 0 0 9596.77 597 0 0
10000.1 0 0 0 9596.77 560 0 0
10007 0 0 0 9596.77 529 0 0
9972.65 0 0 0 9596.77 457 0 0
10102.9 0 0 0 9596.77 580 0 0
10134.6 0 0 0 9596.77 551 0 0
10139.5 0 0 0 9596.77 578 0 0
10181.8 0 0 0 9596.77 564 0 0
10217.6 0 0 0 9596.77 563 0 0
10220.6 0 0 0 9596.77 540 0 0
10166.8 0 0 0 9596.77 508 0 0
10144.7 0 0 0 9596.77 533 0 0
10176.4 0 0 0 9596.77 592 0 0
10128.8 0 0 0 9596.77 530 0 0
10116.6 0 0 0 9596.77 540 0 0
10152.8 0 0 0 9596.77 559 0 0
10148.2 0 0 0 9596.77 434 0 0
10123.6 0 0 0 9596.77 565 0 0
10084.1 0 0 0 9596.77 525 0 0
10104.6 0 0 0 9596.77 564 0 0
10079.5 0 0 0 9596.77 553 0 0
10106.6 0 0 0 9596.77 563 0 0
10127 0 0 0 9596.77 541 0 0
10204.1 0 0 0 9596.77 538 0 0
10088 0 0 0 9596.77 463 0 0
10091.8 0 0 0 9596.77 569 0 0
10065.6 0 0 0 9596.77 541 0 0
10027.9 0 0 0 9596.77 530 0 0
10004.6 0 0 0 9596.77 526 0 0
10011.9 0 0 0 9596.77 525 0 0
10036.2 0 0 0 9596.77 515 0 0
10056.5 0 0 0 9596.77 539 0 0
10037.2 0 0 0 9596.77 583 0 0
9923 0 0 0 9596.77 429 0 0
9906.6 0 0 0 9596.77 540 0 0
9914.05 0 0 0 9596.77 574 0 0
10006.4 0 0 0 9596.77 557 0 0
10042.5 0 0 0 9596.77 588 0 0
10134.5 0 0 0 9596.77 626 0 0
10180.1 0 0 0 9596.77 618 0 0
10189.2 0 0 0 9596.77 572 0 0
10151.4 0 0 0 9596.77 536 0 0
10048.4 0 0 0 9596.77 440 0 0
10041.2 0 0 0 9596.77 539 0 0
10122.4 0 0 0 9596.77 556 0 0
10093.4 0 0 0 9596.77 532 0 0
10117.5 0 0 0 9596.77 557 0 0
10180.6 0 0 0 9596.77 585 0 0
10218.4 0 0 0 9596.77 567 0 0
10224.1 0 0 0 9596.77 535 0 0
10248 0 0 0 9596.77 557 0 0
10229 0 0 0 9596.77 529 0 0
10078.2 0 0 0 9596.77 432 0 0
10211 0 0 0 9596.77 563 0 0
10214 0 0 0 9596.77 548 0 0
10133.4 0 0 0 9596.77 491 0 0
10199.5 0 0 0 9596.77 608 0 0
10155.6 0 0 0 9596.77 540 0 0
9972.9 0 0 0 9596.77 428 0 0
9890 0 0 0 9596.77 522 0 0
9866.75 0 0 0 9596.77 553 0 0
9795.9 0 0 0 9596.77 459 0 0
9752.95 0 0 0 9596.77 400 0 0
9757.95 0 0 0 9596.77 537 0 0
9754.55 0 0 0 9596.77 535 0 0
9764.25 0 0 0 9596.77 536 0 0
9780 0 0 0 9596.77 576 0 0
9734.4 0 0 0 9596.77 536 0 0
9744.15 0 0 0 9596.77 600 0 0
9727.2 0 0 0 9596.77 536 0 0
9728.15 0 0 0 9596.77 567 0 0
9694.15 0 0 0 9596.77 510 0 0
9844.3 0 0 0 9596.77 598 0 0
9803.85 0 0 0 9596.77 512 0 0
9812.6 0 0 0 9596.77 541 0 0
9897.85 0 0 0 9596.77 557 0 0
9897.25 0 0 0 9596.77 610 0 0
9915.75 0 0 0 9596.77 581 0 0
9904.35 0 0 0 9596.77 424 0 0
9932.45 0 0 0 9596.77 553 0 0
9953.75 0 0 0 9596.77 575 0 0
10063.6 0 0 0 9596.77 589 0 0
10236.8 0 0 0 9596.77 567 0 0
10236.6 0 0 0 9596.77 536 0 0
10295.5 0 0 0 9596.77 604 0 0
10184.6 0 0 0 9596.77 422 0 0
10111.8 0 0 0 9596.77 514 0 0
10088 0 0 0 9596.77 526 0 0
10079.9 0 0 0 9596.77 593 0 0
10083.9 0 0 0 9596.77 552 0 0
10059.2 0 0 0 9596.77 539 0 0
10151.1 0 0 0 9596.77 589 0 0
10207.4 0 0 0 9596.77 635 0 0
10269 0 0 0 9596.77 579 0 0
10287.8 0 0 0 9596.77 559 0 0
10230.8 0 0 0 9596.77 519 0 0
10070.8 0 0 0 9596.77 453 0 0
10035.8 0 0 0 9596.77 515 0 0
10054.8 0 0 0 9596.77 445 0 0
10045.9 0 0 0 9596.77 544 0 0
9942.3 0 0 0 9596.77 468 0 0
9961.15 0 0 0 9596.77 572 0 0
9959.6 0 0 0 9596.77 579 0 0
9967.4 0 0 0 9596.77 544 0 0
9780.65 0 0 0 9596.77 420 0 0
9870.2 0 0 0 9596.77 524 0 0
9913.7 0 0 0 9596.77 553 0 0
9912.2 0 0 0 9596.77 523 0 0
9846.55 0 0 0 9596.77 516 0 0
9854.95 0 0 0 9596.77 543 0 0
9882.45 0 0 0 9596.77 555 0 0
9861.3 0 0 0 9596.77 563 0 0
9812.25 0 0 0 9596.77 586 0 0
9769.85 0 0 0 9596.77 545 0 0
9738.15 0 0 0 9596.77 547 0 0
9758.35 0 0 0 9596.77 551 0 0
9850.45 0 0 0 9596.77 543 0 0
9870.55 0 0 0 9596.77 543 0 0
9981.25 0 0 0 9596.77 540 0 0
9954.75 0 0 0 9596.77 503 0 0
10035.1 0 0 0 9596.77 534 0 0
9980.15 0 0 0 9596.77 542 0 0
9933.7 0 0 0 9596.77 536 0 0
9954.05 0 0 0 9596.77 573 0 0
10090.2 0 0 0 9596.77 557 0 0
10086.9 0 0 0 9596.77 514 0 0
10107.7 0 0 0 9596.77 567 0 0
10021.4 0 0 0 9596.77 422 0 0
10058.9 0 0 0 9596.77 538 0 0
10046.4 0 0 0 9596.77 524 0 0
10023.9 0 0 0 9596.77 533 0 0
9963.85 0 0 0 9596.77 517 0 0
9963.35 0 0 0 9596.77 594 0 0
9964.4 0 0 0 9596.77 559 0 0
9947.05 0 0 0 9596.77 534 0 0
9944.05 0 0 0 9596.77 529 0 0
9952.1 0 0 0 9596.77 532 0 0
9799.1 0 0 0 9596.77 371 0 0
9801.75 0 0 0 9596.77 539 0 0
9817.8 0 0 0 9596.77 516 0 0
9852.8 0 0 0 9596.77 586 0 0
9882.8 0 0 0 9596.77 573 0 0
9866.75 0 0 0 9596.77 518 0 0
9870.75 0 0 0 9596.77 578 0 0
9880.8 0 0 0 9596.77 557 0 0
9883.9 0 0 0 9596.77 503 0 0
9853.25 0 0 0 9596.77 532 0 0
9976.65 0 0 0 9596.77 542 0 0
9988.2 0 0 0 9596.77 575 0 0
9870.9 0 0 0 9596.77 423 0 0
9882.55 0 0 0 9596.77 565 0 0
9919.8 0 0 0 9596.77 601 0 0
9891.85 0 0 0 9596.77 585 0 0
9878.5 0 0 0 9596.77 527 0 0
9916 0 0 0 9596.77 548 0 0
9924.75 0 0 0 9596.77 534 0 0
9903.05 0 0 0 9596.77 518 0 0
10049.4 0 0 0 9596.77 514 0 0
10032.5 0 0 0 9596.77 543 0 0
10075 0 0 0 9596.77 581 0 0
10038.7 0 0 0 9596.77 547 0 0
10039 0 0 0 9596.77 561 0 0
10083.8 0 0 0 9596.77 561 0 0
10081.8 0 0 0 9596.77 555 0 0
10094.5 0 0 0 9596.77 563 0 0
10111.4 0 0 0 9596.77 532 0 0
10120.7 0 0 0 9596.77 555 0 0
10107.1 0 0 0 9596.77 547 0 0
10104.5 0 0 0 9596.77 571 0 0
10243.4 0 0 0 9596.77 560 0 0
10243.5 0 0 0 9596.77 551 0 0
10237.1 0 0 0 9596.77 536 0 0
10230.4 0 0 0 9596.77 541 0 0
10117.2 0 0 0 9596.77 409 0 0
10104.5 0 0 0 9596.77 538 0 0
10096.6 0 0 0 9596.77 540 0 0
10142.3 0 0 0 9596.77 580 0 0
10137.1 0 0 0 9596.77 529 0 0
10135.7 0 0 0 9596.77 540 0 0
10119.4 0 0 0 9596.77 559 0 0
10152.9 0 0 0 9596.77 575 0 0
10108.8 0 0 0 9596.77 510 0 0
10069.1 0 0 0 9596.77 507 0 0
10019.1 0 0 0 9596.77 512 0 0
9996.95 0 0 0 9596.77 562 0 0
9995.8 0 0 0 9596.77 551 0 0
9974.95 0 0 0 9596.77 527 0 0
9829.65 0 0 0 9596.77 392 0 0
9851.2 0 0 0 9596.77 570 0 0
9878.3 0 0 0 9596.77 584 0 0
9735 0 0 0 9596.77 885 0 0
9232.95 0 0 0 9596.77 2675 0 0
8720.75 0 0 0 9596.77 2340 0 0
8342.2 0 0 0 9596.77 2057 0 0
7843.4 0 0 0 9596.77 1971 0 0
7350 0 0 0 9596.77 2110 0 0
6820.9 0 0 0 9596.77 1060 0 0
