1246 0 0 0 0 0 16257 0
2929 0 0 0 0 0 21536 0
3065 0 0 0 0 0 15389 0
3526 0 0 0 0 0 12372 0
3596 0 0 0 0 0 11575 0
4062 0 0 0 0 0 11977 0
4162 0 0 0 0 0 10702 0
4187 0 0 0 0 0 10095 0
4200 0 0 0 0 0 8496 0
4170 0 0 0 0 0 7672 0
1560 0 0 0 0 0 2662 0
2134 0 0 0 0 0 3549 0
3502 0 0 0 0 0 5061 0
3620 0 0 0 0 0 4882 0
3386 0 0 0 0 0 4219 0
3687 0 0 0 0 0 4218 0
4310 0 0 0 0 0 4542 0
4401 0 0 0 0 0 4202 0
4081 0 0 0 0 0 3680 0
4452 0 0 0 0 0 3469 0
4380 0 0 0 0 0 3184 0
4360 0 0 0 0 0 2984 0
4509 0 0 0 0 0 2945 0
4464 0 0 0 0 0 2542 0
4570 0 0 0 0 0 2559 0
4466 0 0 0 0 0 2282 0
4564 0 0 0 0 0 2159 0
4442 0 0 0 0 0 2035 0
4426 0 0 0 0 0 1964 0
4463 0 0 0 0 0 1797 0
4454 0 0 0 0 0 1774 0
4479 0 0 0 0 0 1602 0
4529 0 0 0 0 0 1623 0
4508 0 0 0 0 0 1563 0
4475 0 0 0 0 0 1438 0
4480 0 0 0 0 0 1398 0
4518 0 0 0 0 0 1314 0
4477 0 0 0 0 0 1262 0
4431 0 0 0 0 0 1177 0
4534 0 0 0 0 0 1181 0
4426 0 0 0 0 0 1038 0
4441 0 0 0 0 0 1078 0
4169 0 0 0 0 0 962 0
4500 0 0 0 0 0 1017 0
4583 0 0 0 0 0 972 0
4411 0 0 0 0 0 930 0
4441 0 0 0 0 0 873 0
4135 0 0 0 0 0 798 0
4551 0 0 0 0 0 804 0
4488 0 0 0 0 0 784 0
4428 0 0 0 0 0 736 0
4479 0 0 0 0 0 754 0
4558 0 0 0 0 0 733 0
4610 0 0 0 0 0 722 0
4459 0 0 0 0 0 689 0
4502 0 0 0 0 0 668 0
4494 0 0 0 0 0 628 0
4454 0 0 0 0 0 606 0
4542 0 0 0 0 0 638 0
4607 0 0 0 0 0 646 0
4446 0 0 0 0 0 575 0
4652 0 0 0 0 0 558 0
4555 0 0 0 0 0 526 0
4460 0 0 0 0 0 577 0
4462 0 0 0 0 0 493 0
4522 0 0 0 0 0 506 0
4516 0 0 0 0 0 468 0
4480 0 0 0 0 0 450 0
4584 0 0 0 0 0 472 0
4533 0 0 0 0 0 432 0
4579 0 0 0 0 0 441 0
4530 0 0 0 0 0 465 0
4371 0 0 0 0 0 416 0
4300 0 0 0 0 0 390 0
4399 0 0 0 0 0 344 0
4457 0 0 0 0 0 373 0
4357 0 0 0 0 0 319 0
4520 0 0 0 0 0 391 0
4581 0 0 0 0 0 343 0
4442 0 0 0 0 0 338 0
4493 0 0 0 0 0 325 0
4305 0 0 0 0 0 325 0
4476 0 0 0 0 0 304 0
4387 0 0 0 0 0 310 0
4537 0 0 0 0 0 307 0
4471 0 0 0 0 0 288 0
4406 0 0 0 0 0 280 0
4456 0 0 0 0 0 319 0
4492 0 0 0 0 0 291 0
4428 0 0 0 0 0 291 0
4526 0 0 0 0 0 288 0
4461 0 0 0 0 0 265 0
4421 0 0 0 0 0 251 0
4523 0 0 0 0 0 292 0
4511 0 0 0 0 0 283 0
4519 0 0 0 0 0 263 0
4485 0 0 0 0 0 263 0
4395 0 0 0 0 0 214 0
4467 0 0 0 0 0 259 0
4512 0 0 0 0 0 226 0
4505 0 0 0 0 0 221 0
4621 0 0 0 0 0 248 0
4618 0 0 0 0 0 211 0
4429 0 0 0 0 0 214 0
4493 0 0 0 0 0 228 0
4688 0 0 0 0 0 187 0
4561 0 0 0 0 0 231 0
4514 0 0 0 0 0 191 0
4449 0 0 0 0 0 197 0
4565 0 0 0 0 0 218 0
4572 0 0 0 0 0 179 0
4431 0 0 0 0 0 200 0
4494 0 0 0 0 0 194 0
4424 0 0 0 0 0 171 0
4501 0 0 0 0 0 181 0
4587 0 0 0 0 0 187 0
4564 0 0 0 0 0 195 0
4661 0 0 0 0 0 187 0
4599 0 0 0 0 0 169 0
4639 0 0 0 0 0 179 0
4568 0 0 0 0 0 190 0
4542 0 0 0 0 0 176 0
4580 0 0 0 0 0 175 0
4470 0 0 0 0 0 161 0
4536 0 0 0 0 0 166 0
4565 0 0 0 0 0 150 0
4445 0 0 0 0 0 161 0
4600 0 0 0 0 0 173 0
4548 0 0 0 0 0 183 0
4685 0 0 0 0 0 169 0
4556 0 0 0 0 0 150 0
4542 0 0 0 0 0 121 0
4440 0 0 0 0 0 169 0
4533 0 0 0 0 0 168 0
4575 0 0 0 0 0 170 0
4608 0 0 0 0 0 145 0
4634 0 0 0 0 0 160 0
4461 0 0 0 0 0 134 0
4524 0 0 0 0 0 162 0
4520 0 0 0 0 0 135 0
4535 0 0 0 0 0 117 0
4571 0 0 0 0 0 141 0
4465 0 0 0 0 0 139 0
4550 0 0 0 0 0 155 0
4449 0 0 0 0 0 139 0
4402 0 0 0 0 0 135 0
4586 0 0 0 0 0 133 0
4651 0 0 0 0 0 112 0
4572 0 0 0 0 0 120 0
4604 0 0 0 0 0 126 0
4549 0 0 0 0 0 124 0
4440 0 0 0 0 0 124 0
4487 0 0 0 0 0 124 0
4506 0 0 0 0 0 113 0
4484 0 0 0 0 0 129 0
4530 0 0 0 0 0 106 0
4545 0 0 0 0 0 117 0
4522 0 0 0 0 0 109 0
4572 0 0 0 0 0 122 0
4446 0 0 0 0 0 120 0
4476 0 0 0 0 0 137 0
4455 0 0 0 0 0 104 0
4506 0 0 0 0 0 123 0
4489 0 0 0 0 0 102 0
4499 0 0 0 0 0 112 0
4438 0 0 0 0 0 112 0
4610 0 0 0 0 0 85 0
4492 0 0 0 0 0 127 0
4503 0 0 0 0 0 101 0
4567 0 0 0 0 0 98 0
4535 0 0 0 0 0 101 0
4572 0 0 0 0 0 113 0
4534 0 0 0 0 0 115 0
4526 0 0 0 0 0 95 0
4563 0 0 0 0 0 99 0
4499 0 0 0 0 0 96 0
4484 0 0 0 0 0 106 0
4553 0 0 0 0 0 88 0
4455 0 0 0 0 0 91 0
4460 0 0 0 0 0 110 0
4536 0 0 0 0 0 98 0
4469 0 0 0 0 0 83 0
4461 0 0 0 0 0 99 0
4553 0 0 0 0 0 90 0
4440 0 0 0 0 0 88 0
4531 0 0 0 0 0 71 0
4436 0 0 0 0 0 106 0
4534 0 0 0 0 0 85 0
4516 0 0 0 0 0 88 0
4525 0 0 0 0 0 95 0
4561 0 0 0 0 0 87 0
4493 0 0 0 0 0 91 0
4485 0 0 0 0 0 84 0
4501 0 0 0 0 0 96 0
4574 0 0 0 0 0 102 0
4453 0 0 0 0 0 87 0
4502 0 0 0 0 0 96 0
4415 0 0 0 0 0 81 0
4306 0 0 0 0 0 90 0
4397 0 0 0 0 0 76 0
4569 0 0 0 0 0 97 0
4376 0 0 0 0 0 89 0
4495 0 0 0 0 0 75 0
4385 0 0 0 0 0 99 0
4483 0 0 0 0 0 91 0
4495 0 0 0 0 0 76 0
4388 0 0 0 0 0 85 0
4445 0 0 0 0 0 75 0
4472 0 0 0 0 0 91 0
4514 0 0 0 0 0 89 0
4546 0 0 0 0 0 94 0
4564 0 0 0 0 0 88 0
4477 0 0 0 0 0 68 0
4465 0 0 0 0 0 79 0
4452 0 0 0 0 0 78 0
4530 0 0 0 0 0 89 0
4548 0 0 0 0 0 76 0
4428 0 0 0 0 0 82 0
4458 0 0 0 0 0 74 0
4524 0 0 0 0 0 75 0
4374 0 0 0 0 0 94 0
4438 0 0 0 0 0 72 0
4488 0 0 0 0 0 81 0
4493 0 0 0 0 0 94 0
4509 0 0 0 0 0 77 0
4532 0 0 0 0 0 66 0
4523 0 0 0 0 0 88 0
4455 0 0 0 0 0 64 0
4550 0 0 0 0 0 56 0
4491 0 0 0 0 0 89 0
4495 0 0 0 0 0 65 0
4641 0 0 0 0 0 75 0
4517 0 0 0 0 0 66 0
4561 0 0 0 0 0 77 0
4552 0 0 0 0 0 86 0
4555 0 0 0 0 0 56 0
4465 0 0 0 0 0 66 0
4431 0 0 0 0 0 70 0
4471 0 0 0 0 0 89 0
4464 0 0 0 0 0 75 0
4509 0 0 0 0 0 153 0
4474 0 0 0 0 0 373 0
4516 0 0 0 0 0 313 0
4521 0 0 0 0 0 259 0
4502 0 0 0 0 0 213 0
4478 0 0 0 0 0 192 0
4467 0 0 0 0 0 150 0
4503 0 0 0 0 0 141 0
4459 0 0 0 0 0 118 0
4420 0 0 0 0 0 446 0
4419 0 0 0 0 0 1037 0
4526 0 0 0 0 0 854 0
4442 0 0 0 0 0 711 0
4486 0 0 0 0 0 581 0
4439 0 0 0 0 0 483 0
4429 0 0 0 0 0 404 0
4499 0 0 0 0 0 352 0
4481 0 0 0 0 0 268 0
4433 0 0 0 0 0 258 0
4411 0 0 0 0 0 212 0
4463 0 0 0 0 0 195 0
4473 0 0 0 0 0 176 0
4501 0 0 0 0 0 146 0
4530 0 0 0 0 0 132 0
4437 0 0 0 0 0 120 0
4427 0 0 0 0 0 146 0
4463 0 0 0 0 0 107 0
4532 0 0 0 0 0 121 0
4463 0 0 0 0 0 98 0
4493 0 0 0 0 0 115 0
4502 0 0 0 0 0 91 0
4412 0 0 0 0 0 93 0
4453 0 0 0 0 0 81 0
4436 0 0 0 0 0 79 0
4499 0 0 0 0 0 80 0
4383 0 0 0 0 0 78 0
4494 0 0 0 0 0 68 0
4533 0 0 0 0 0 72 0
4519 0 0 0 0 0 81 0
4436 0 0 0 0 0 75 0
4577 0 0 0 0 0 72 0
4504 0 0 0 0 0 53 0
4350 0 0 0 0 0 66 0
4474 0 0 0 0 0 71 0
4504 0 0 0 0 0 57 0
4493 0 0 0 0 0 72 0
4519 0 0 0 0 126 66 0
4480 0 0 0 0 160 73 0
4522 0 0 0 0 161 51 0
4562 0 0 0 0 154 70 0
4482 0 0 0 0 160 63 0
4532 0 0 0 0 157 82 0
4505 0 0 0 0 162 70 0
4479 0 0 0 0 158 69 0
4324 0 0 0 0 159 64 0
4448 0 0 0 0 159 47 0
4473 0 0 0 0 158 77 0
4349 0 0 0 0 156 82 0
4486 0 0 0 0 162 59 0
4468 0 0 0 0 157 56 0
4498 0 0 0 0 154 61 0
4402 0 0 0 0 155 68 0
4348 0 0 0 0 158 69 0
4422 0 0 0 0 161 71 0
4385 0 0 0 0 157 58 0
4577 0 0 0 0 158 65 0
4399 0 0 0 0 156 75 0
4561 0 0 0 0 164 60 0
4435 0 0 0 0 155 71 0
4541 0 0 0 0 156 77 0
4491 0 0 0 0 157 61 0
3462 1 0 0 0 159 29 0
0 0 0 0 4452.02 158 0 4452.02
0 0 0 0 4452.02 155 0 4452.02
0 0 0 0 4452.02 159 0 4452.02
0 0 0 0 4452.02 157 0 4452.02
0 0 0 0 4452.02 156 0 4452.02
0 0 0 0 4452.02 158 0 4452.02
0 0 0 0 4452.02 159 0 4452.02
0 0 0 0 4452.02 173 0 4452.02
0 0 0 0 4452.02 159 0 4452.02
0 0 0 0 4452.02 160 0 4452.02
0 0 0 0 4452.02 165 0 4452.02
0 0 0 0 4452.02 164 0 4452.02
0 0 0 0 4452.02 162 0 4452.02
0 0 0 0 4452.02 161 0 4452.02
0 0 0 0 4452.02 162 0 4452.02
0 0 0 0 4452.02 161 0 4452.02
0 0 0 0 4452.02 157 0 4452.02
0 0 0 0 4452.02 156 0 4452.02
0 0 0 0 4452.02 163 0 4452.02
0 0 0 0 4452.02 157 0 4452.02
0 0 0 0 4452.02 156 0 4452.02
0 0 0 0 4452.02 155 0 4452.02
0 0 0 0 4452.02 161 0 4452.02
0 0 0 0 4452.02 154 0 4452.02
0 0 0 0 4452.02 160 0 4452.02
0 0 0 0 4452.02 152 0 4452.02
0 0 0 0 4452.02 160 0 4452.02
0 0 0 0 4452.02 158 0 4452.02
0 0 0 0 4452.02 156 0 4452.02
0 0 0 0 4452.02 152 0 4452.02
0 0 0 0 4452.02 157 0 4452.02
0 0 0 0 4452.02 157 0 4452.02
0 0 0 0 4452.02 163 0 4452.02
0 0 0 0 4452.02 151 0 4452.02
0 0 0 0 4452.02 152 0 4452.02
0 0 0 0 4452.02 157 0 4452.02
0 0 0 0 4452.02 154 0 4452.02
0 0 0 0 4452.02 171 0 4452.02
0 0 0 0 4452.02 165 0 4452.02
0 0 0 0 4452.02 162 0 4452.02
0 0 0 0 4452.02 159 0 4452.02
0 0 0 0 4452.02 161 0 4452.02
0 0 0 0 4452.02 156 0 4452.02
0 0 0 0 4452.02 151 0 4452.02
0 0 0 0 4452.02 147 0 4452.02
0 0 0 0 4452.02 147 0 4452.02
0 0 0 0 4452.02 136 0 4452.02
0 0 0 0 4452.02 154 0 4452.02
0 0 0 0 4452.02 147 0 4452.02
0 0 0 0 4452.02 150 0 4452.02
0 0 0 0 4452.02 152 0 4452.02
0 0 0 0 4452.02 146 0 4452.02
0 0 0 0 4452.02 156 0 4452.02
0 0 0 0 4452.02 154 0 4452.02
0 0 0 0 4452.02 152 0 4452.02
0 0 0 0 4452.02 147 0 4452.02
0 0 0 0 4452.02 152 0 4452.02
0 0 0 0 4452.02 148 0 4452.02
0 0 0 0 4452.02 162 0 4452.02
0 0 0 0 4452.02 154 0 4452.02
0 0 0 0 4452.02 151 0 4452.02
0 0 0 0 4452.02 151 0 4452.02
0 0 0 0 4452.02 143 0 4452.02
0 0 0 0 4452.02 150 0 4452.02
0 0 0 0 4452.02 161 0 4452.02
0 0 0 0 4452.02 160 0 4452.02
0 0 0 0 4452.02 155 0 4452.02
0 0 0 0 4452.02 185 0 4452.02
0 0 0 0 4452.02 166 0 4452.02
0 0 0 0 4452.02 163 0 4452.02
0 0 0 0 4452.02 163 0 4452.02
0 0 0 0 4452.02 165 0 4452.02
0 0 0 0 4452.02 165 0 4452.02
0 0 0 0 4452.02 160 0 4452.02
0 0 0 0 4452.02 163 0 4452.02
0 0 0 0 4452.02 167 0 4452.02
0 0 0 0 4452.02 160 0 4452.02
0 0 0 0 4452.02 164 0 4452.02
0 0 0 0 4452.02 164 0 4452.02
0 0 0 0 4452.02 160 0 4452.02
0 0 0 0 4452.02 159 0 4452.02
0 0 0 0 4452.02 156 0 4452.02
0 0 0 0 4452.02 161 0 4452.02
0 0 0 0 4452.02 159 0 4452.02
0 0 0 0 4452.02 159 0 4452.02
0 0 0 0 4452.02 158 0 4452.02
0 0 0 0 4452.02 160 0 4452.02
0 0 0 0 4452.02 157 0 4452.02
0 0 0 0 4452.02 159 0 4452.02
0 0 0 0 4452.02 163 0 4452.02
0 0 0 0 4452.02 166 0 4452.02
0 0 0 0 4452.02 160 0 4452.02
0 0 0 0 4452.02 161 0 4452.02
0 0 0 0 4452.02 163 0 4452.02
0 0 0 0 4452.02 160 0 4452.02
0 0 0 0 4452.02 158 0 4452.02
0 0 0 0 4452.02 157 0 4452.02
0 0 0 0 4452.02 180 0 4452.02
0 0 0 0 4452.02 161 0 4452.02
0 0 0 0 4452.02 169 0 4452.02
0 0 0 0 4452.02 160 0 4452.02
0 0 0 0 4452.02 161 0 4452.02
0 0 0 0 4452.02 161 0 4452.02
0 0 0 0 4452.02 158 0 4452.02
0 0 0 0 4452.02 160 0 4452.02
655 0 3 0 4452.02 86 4 3797.02
414 0 2 0 4452.02 101 3 4038.02
22 0 2 0 4452.02 105 3 4430.02
246 0 3 0 4452.02 93 3 4206.02
91 0 2 0 4452.02 110 2 4361.02
21 0 2 0 4452.02 107 2 4431.02
518 0 3 0 4452.02 94 6 3934.02
322 0 2 0 4452.02 99 4 4130.02
196 0 3 0 4452.02 91 4 4256.02
298 0 3 0 4452.02 91 4 4154.02
69 0 2 0 4452.02 113 2 4383.02
1091 0 3 0 4452.02 83 7 3361.02
523 0 2 0 4452.02 111 11 3929.02
170 0 3 0 4452.02 87 6 4282.02
182 0 1 0 4452.02 112 2 4270.02
1166 0 3 0 4452.02 92 9 3286.02
1607 0 3 0 4452.02 112 7 2845.02
130 0 2 0 4452.02 111 3 4322.02
104 0 2 0 4452.02 117 3 4348.02
1135 0 2 0 4452.02 103 7 3317.02
431 0 3 0 4452.02 95 8 4021.02
293 0 2 0 4452.02 111 3 4159.02
375 0 3 0 4452.02 78 3 4077.02
671 0 2 0 4452.02 108 4 3781.02
813 0 3 0 4452.02 89 8 3639.02
194 0 2 0 4452.02 89 2 4258.02
333 0 3 0 4452.02 106 10 4119.02
876 0 3 0 4452.02 88 6 3576.02
602 0 2 0 4452.02 104 3 3850.02
494 0 3 0 4452.02 92 7 3958.02
67 0 0 0 4452.02 156 0 4385.02
0 0 0 0 4452.02 160 0 4452.02
0 0 0 0 4452.02 156 0 4452.02
0 0 0 0 4452.02 154 0 4452.02
0 0 0 0 4452.02 152 0 4452.02
0 0 0 0 4452.02 153 0 4452.02
0 0 0 0 4452.02 160 0 4452.02
294 0 2 0 4452.02 114 4 4158.02
69 0 2 0 4452.02 108 2 4383.02
255 0 3 0 4452.02 85 5 4197.02
1095 0 2 0 4452.02 101 5 3357.02
1101 0 3 0 4452.02 97 15 3351.02
320 0 3 0 4452.02 91 4 4132.02
803 0 2 0 4452.02 110 9 3649.02
256 0 3 0 4452.02 86 11 4196.02
1911 0 3 0 4452.02 88 13 2541.02
2571 0 3 0 4452.02 84 13 1881.02
751 0 2 0 4452.02 93 8 3701.02
395 0 3 0 4452.02 96 4 4057.02
207 0 3 0 4452.02 96 10 4245.02
615 0 3 0 4452.02 84 8 3837.02
680 0 3 0 4452.02 87 3 3772.02
144 0 2 0 4452.02 104 5 4308.02
222 0 3 0 4452.02 87 5 4230.02
727 0 3 0 4452.02 88 8 3725.02
1364 0 3 0 4452.02 89 13 3088.02
244 0 3 0 4452.02 89 4 4208.02
111 0 3 0 4452.02 88 3 4341.02
633 0 2 0 4452.02 92 6 3819.02
225 0 3 0 4452.02 107 8 4227.02
762 0 2 0 4452.02 108 15 3690.02
1862 0 3 0 4452.02 85 18 2590.02
1758 0 3 0 4452.02 85 12 2694.02
553 0 2 0 4452.02 115 5 3899.02
285 0 2 0 4452.02 109 8 4167.02
113 0 2 0 4452.02 102 8 4339.02
173 0 3 0 4452.02 101 8 4279.02
534 0 2 0 4452.02 93 6 3918.02
2816 0 3 0 4452.02 107 24 1636.02
892 0 2 0 4452.02 109 15 3560.02
308 0 3 0 4452.02 85 8 4144.02
439 0 2 0 4452.02 96 13 4013.02
324 0 3 0 4452.02 102 9 4128.02
86 0 2 0 4452.02 109 4 4366.02
1379 0 3 0 4452.02 94 14 3073.02
306 0 3 0 4452.02 85 7 4146.02
1546 0 3 0 4452.02 88 16 2906.02
584 0 3 0 4452.02 85 19 3868.02
1214 0 2 0 4452.02 93 25 3238.02
740 0 3 0 4452.02 95 9 3712.02
1047 0 3 0 4452.02 90 19 3405.02
414 0 3 0 4452.02 87 6 4038.02
892 0 2 0 4452.02 99 21 3560.02
890 0 3 0 4452.02 92 13 3562.02
477 0 3 0 4452.02 87 14 3975.02
335 0 2 0 4452.02 109 4 4117.02
1830 0 2 0 4452.02 94 25 2622.02
1507 0 3 0 4452.02 97 26 2945.02
65 0 2 0 4452.02 97 3 4387.02
809 0 3 0 4452.02 100 19 3643.02
589 0 3 0 4452.02 89 6 3863.02
479 0 3 0 4452.02 87 10 3973.02
948 0 2 0 4452.02 99 10 3504.02
696 0 3 0 4452.02 92 10 3756.02
1340 0 3 0 4452.02 90 23 3112.02
1659 0 3 0 4452.02 86 21 2793.02
1394 0 3 0 4452.02 87 21 3058.02
2018 0 2 0 4452.02 93 37 2434.02
393 0 3 0 4452.02 100 8 4059.02
790 0 3 0 4452.02 93 17 3662.02
505 0 3 0 4452.02 82 15 3947.02
499 0 3 0 4452.02 83 10 3953.02
2775 0 2 0 4452.02 89 36 1677.02
2203 0 3 0 4452.02 88 27 2249.02
1058 0 3 0 4452.02 90 18 3394.02
2188 0 3 0 4452.02 89 25 2264.02
713 0 3 0 4452.02 90 11 3739.02
397 0 3 0 4452.02 88 11 4055.02
1481 0 3 0 4452.02 89 25 2971.02
2211 0 3 0 4452.02 86 24 2241.02
789 0 2 0 4452.02 89 13 3663.02
2852 0 3 0 4452.02 89 32 1600.02
2013 0 3 0 4452.02 90 41 2439.02
578 0 3 0 4452.02 81 17 3874.02
1477 0 3 0 4452.02 85 20 2975.02
1929 0 3 0 4452.02 85 30 2523.02
2476 0 3 0 4452.02 87 41 1976.02
929 0 2 0 4452.02 90 22 3523.02
2190 0 3 0 4452.02 92 35 2262.02
935 0 3 0 4452.02 86 31 3517.02
2899 0 3 0 4452.02 83 41 1553.02
1584 0 3 0 4452.02 84 31 2868.02
2018 0 2 0 4452.02 91 39 2434.02
2004 0 3 0 4452.02 96 37 2448.02
3400 0 3 0 4452.02 88 66 1052.02
1562 0 2 0 4452.02 99 33 2890.02
2824 0 3 0 4452.02 102 49 1628.02
1096 0 3 0 4452.02 97 28 3356.02
2513 0 3 0 4452.02 85 36 1939.02
3243 0 3 0 4452.02 83 49 1209.02
1959 0 3 0 4452.02 89 19 2493.02
553 0 2 0 4452.02 83 14 3899.02
245 0 3 0 4452.02 96 7 4207.02
1611 0 3 0 4452.02 83 29 2841.02
3495 0 3 0 4452.02 107 51 957.017
2477 0 3 0 4452.02 86 47 1975.02
1041 0 3 0 4452.02 91 28 3411.02
502 0 3 0 4452.02 81 21 3950.02
3934 0 3 0 4452.02 85 75 518.017
3746 0 2 0 4452.02 92 41 706.017
4005 0 3 0 4452.02 98 57 447.017
2701 0 3 0 4452.02 85 56 1751.02
1771 0 3 0 4452.02 78 40 2681.02
1728 0 3 0 4452.02 78 42 2724.02
1697 0 2 0 4452.02 84 49 2755.02
2789 0 3 0 4452.02 96 46 1663.02
2766 0 2 0 4452.02 113 63 1686.02
2277 0 3 0 4452.02 94 45 2175.02
2602 0 3 0 4452.02 81 53 1850.02
3463 0 3 0 4452.02 85 72 989.017
3681 0 2 0 4452.02 88 56 771.017
3676 0 3 0 4452.02 101 71 776.017
3660 0 3 0 4452.02 81 61 792.017
3782 0 2 0 4452.02 80 65 670.017
3803 0 3 0 4452.02 95 67 649.017
3874 0 3 0 4452.02 91 75 578.017
3776 0 3 0 4452.02 80 61 676.017
3806 0 2 0 4452.02 85 64 646.017
3793 0 3 0 4452.02 98 72 659.017
4003 0 3 0 4452.02 94 71 449.017
3743 0 3 0 4452.02 88 65 709.017
3969 0 2 0 4452.02 86 87 483.017
3805 0 3 0 4452.02 102 82 647.017
3695 0 3 0 4452.02 86 87 757.017
4089 0 3 0 4452.02 85 88 363.017
3898 0 2 0 4452.02 106 61 554.017
3790 0 3 0 4452.02 79 60 662.017
4009 0 3 0 4452.02 81 61 443.017
4002 0 3 0 4452.02 81 49 450.017
4121 0 2 0 4452.02 87 50 331.017
3819 0 3 0 4452.02 87 64 633.017
3640 0 3 0 4452.02 89 72 812.017
3703 0 3 0 4452.02 84 59 749.017
3838 0 3 0 4452.02 83 64 614.017
3824 0 3 0 4452.02 83 60 628.017
3780 0 3 0 4452.02 86 54 672.017
3830 0 3 0 4452.02 89 47 622.017
3796 0 3 0 4452.02 83 39 656.017
3950 0 1 1 4452.02 145 70 0
4005 0 0 0 4452.02 170 60 0
4295 0 0 0 4452.02 162 62 0
4384 0 0 0 4452.02 166 59 0
3898 0 0 0 4452.02 167 64 0
3541 0 0 0 4452.02 162 163 0
4236 0 0 0 4452.02 166 272 0
4280 0 0 0 4452.02 163 269 0
4328 0 0 0 4452.02 166 265 0
4368 0 0 0 4452.02 162 274 0
4337 0 0 0 4452.02 162 203 0
4365 0 0 0 4452.02 165 216 0
4355 0 0 0 4452.02 162 249 0
4378 0 0 0 4452.02 168 207 0
4400 0 0 0 4452.02 160 366 0
4366 0 0 0 4452.02 165 437 0
4425 0 0 0 4452.02 157 369 0
4316 0 0 0 4452.02 169 428 0
4373 0 0 0 4452.02 159 322 0
4376 0 0 0 4452.02 169 345 0
4443 0 0 0 4452.02 169 329 0
4302 0 0 0 4452.02 162 340 0
4345 0 0 0 4452.02 168 322 0
4405 0 0 0 4452.02 160 332 0
4334 0 0 0 4452.02 169 267 0
4237 0 0 0 4452.02 167 290 0
4387 0 0 0 4452.02 181 305 0
4358 0 0 0 4452.02 170 271 0
4393 0 0 0 4452.02 171 288 0
4271 0 0 0 4452.02 170 262 0
4328 0 0 0 4452.02 166 235 0
4317 0 0 0 4452.02 165 249 0
4381 0 0 0 4452.02 171 217 0
4405 0 0 0 4452.02 167 245 0
4334 0 0 0 4452.02 167 267 0
4477 0 0 0 4452.02 171 238 0
4437 0 0 0 4452.02 169 228 0
4332 0 0 0 4452.02 163 198 0
4380 0 0 0 4452.02 164 231 0
4343 0 0 0 4452.02 164 238 0
4307 0 0 0 4452.02 166 184 0
4299 0 0 0 4452.02 163 203 0
4327 0 0 0 4452.02 165 202 0
4396 0 0 0 4452.02 159 168 0
4248 0 0 0 4452.02 164 165 0
4364 0 0 0 4452.02 165 206 0
4404 0 0 0 4452.02 162 208 0
4446 0 0 0 4452.02 164 192 0
4319 0 0 0 4452.02 163 162 0
4314 0 0 0 4452.02 171 130 0
4418 0 0 0 4452.02 163 166 0
4460 0 0 0 4452.02 163 170 0
4339 0 0 0 4452.02 169 148 0
4279 0 0 0 4452.02 165 127 0
4341 0 0 0 4452.02 169 167 0
4394 0 0 0 4452.02 169 126 0
4351 0 0 0 4452.02 183 122 0
4399 0 0 0 4452.02 174 116 0
4394 0 0 0 4452.02 170 119 0
4456 0 0 0 4452.02 164 117 0
4389 0 0 0 4452.02 176 133 0
4422 0 0 0 4452.02 171 126 0
4392 0 0 0 4452.02 164 124 0
4430 0 0 0 4452.02 175 129 0
4441 0 0 0 4452.02 169 119 0
4480 0 0 0 4452.02 163 134 0
4480 0 0 0 4452.02 170 87 0
4437 0 0 0 4452.02 165 88 0
4391 0 0 0 4452.02 166 114 0
4010 0 0 0 4452.02 164 109 0
4160 0 0 0 4452.02 160 105 0
4298 0 0 0 4452.02 166 122 0
4333 0 0 0 4452.02 164 92 0
4343 0 0 0 4452.02 168 80 0
4362 0 0 0 4452.02 168 93 0
4403 0 0 0 4452.02 163 105 0
4437 0 0 0 4452.02 163 99 0
4311 0 0 0 4452.02 167 105 0
4380 0 0 0 4452.02 167 106 0
4419 0 0 0 4452.02 166 94 0
4280 0 0 0 4452.02 166 76 0
4393 0 0 0 4452.02 163 81 0
4359 0 0 0 4452.02 166 85 0
4108 0 0 0 4452.02 165 82 0
4385 0 0 0 4452.02 169 84 0
4448 0 0 0 4452.02 170 98 0
4467 0 0 0 4452.02 180 72 0
4427 0 0 0 4452.02 165 83 0
4405 0 0 0 4452.02 169 68 0
4386 0 0 0 4452.02 170 89 0
4393 0 0 0 4452.02 170 76 0
4335 0 0 0 4452.02 171 57 0
4354 0 0 0 4452.02 164 68 0
4304 0 0 0 4452.02 164 60 0
4328 0 0 0 4452.02 168 76 0
4336 0 0 0 4452.02 164 65 0
4378 0 0 0 4452.02 167 67 0
4337 0 0 0 4452.02 171 70 0
4424 0 0 0 4452.02 167 82 0
4445 0 0 0 4452.02 164 73 0
4276 0 0 0 4452.02 167 71 0
4360 0 0 0 4452.02 164 53 0
4410 0 0 0 4452.02 167 50 0
4400 0 0 0 4452.02 168 56 0
4357 0 0 0 4452.02 171 66 0
4342 0 0 0 4452.02 166 65 0
4360 0 0 0 4452.02 162 67 0
4374 0 0 0 4452.02 161 67 0
4389 0 0 0 4452.02 165 66 0
4366 0 0 0 4452.02 163 83 0
4433 0 0 0 4452.02 171 53 0
4411 0 0 0 4452.02 167 63 0
4352 0 0 0 4452.02 165 61 0
4376 0 0 0 4452.02 166 65 0
4409 0 0 0 4452.02 169 65 0
4403 0 0 0 4452.02 167 62 0
4386 0 0 0 4452.02 183 80 0
4414 0 0 0 4452.02 167 58 0
4038 0 0 0 4452.02 168 53 0
4411 0 0 0 4452.02 164 63 0
4401 0 0 0 4452.02 163 44 0
4373 0 0 0 4452.02 169 62 0
4400 0 0 0 4452.02 170 69 0
4404 0 0 0 4452.02 168 54 0
4477 0 0 0 4452.02 167 67 0
4489 0 0 0 4452.02 166 56 0
4423 0 0 0 4452.02 162 60 0
4344 0 0 0 4452.02 169 57 0
4449 0 0 0 4452.02 164 61 0
4392 0 0 0 4452.02 163 64 0
4398 0 0 0 4452.02 161 46 0
4382 0 0 0 4452.02 162 63 0
4350 0 0 0 4452.02 167 59 0
4383 0 0 0 4452.02 163 71 0
4319 0 0 0 4452.02 165 46 0
4409 0 0 0 4452.02 163 70 0
4332 0 0 0 4452.02 170 84 0
4445 0 0 0 4452.02 164 64 0
4380 0 0 0 4452.02 163 67 0
4416 0 0 0 4452.02 165 53 0
4318 0 0 0 4452.02 164 43 0
4348 0 0 0 4452.02 164 45 0
4330 0 0 0 4452.02 163 54 0
4317 0 0 0 4452.02 164 44 0
4392 0 0 0 4452.02 165 48 0
4327 0 0 0 4452.02 168 49 0
4434 0 0 0 4452.02 180 47 0
4459 0 0 0 4452.02 167 52 0
4350 0 0 0 4452.02 171 52 0
4523 0 0 0 4452.02 167 64 0
4460 0 0 0 4452.02 168 55 0
4493 0 0 0 4452.02 168 67 0
4524 0 0 0 4452.02 167 59 0
4443 0 0 0 4452.02 166 49 0
4333 0 0 0 4452.02 165 57 0
4458 0 0 0 4452.02 163 52 0
4405 0 0 0 4452.02 163 64 0
4413 0 0 0 4452.02 167 57 0
4434 0 0 0 4452.02 163 52 0
4355 0 0 0 4452.02 163 59 0
4449 0 0 0 4452.02 166 50 0
4445 0 0 0 4452.02 168 58 0
4411 0 0 0 4452.02 169 48 0
4515 0 0 0 4452.02 158 56 0
4397 0 0 0 4452.02 162 65 0
4455 0 0 0 4452.02 163 47 0
4372 0 0 0 4452.02 165 50 0
4394 0 0 0 4452.02 164 42 0
4485 0 0 0 4452.02 159 44 0
4319 0 0 0 4452.02 169 48 0
4372 0 0 0 4452.02 162 52 0
4381 0 0 0 4452.02 159 53 0
4476 0 0 0 4452.02 169 38 0
4363 0 0 0 4452.02 164 55 0
4343 0 0 0 4452.02 165 50 0
4478 0 0 0 4452.02 169 38 0
4441 0 0 0 4452.02 184 52 0
4438 0 0 0 4452.02 163 61 0
4512 0 0 0 4452.02 169 54 0
4462 0 0 0 4452.02 165 52 0
4463 0 0 0 4452.02 166 54 0
4380 0 0 0 4452.02 172 49 0
4399 0 0 0 4452.02 168 61 0
4266 0 0 0 4452.02 160 46 0
4384 0 0 0 4452.02 166 40 0
4440 0 0 0 4452.02 171 50 0
4429 0 0 0 4452.02 167 52 0
4396 0 0 0 4452.02 170 40 0
4474 0 0 0 4452.02 169 47 0
4346 0 0 0 4452.02 168 39 0
4406 0 0 0 4452.02 167 54 0
4383 0 0 0 4452.02 167 39 0
4423 0 0 0 4452.02 168 54 0
4388 0 0 0 4452.02 166 38 0
4391 0 0 0 4452.02 163 46 0
4459 0 0 0 4452.02 165 48 0
4465 0 0 0 4452.02 164 47 0
4424 0 0 0 4452.02 166 44 0
4241 0 0 0 4452.02 157 1466 0
4422 0 0 0 4452.02 161 274 0
4475 0 0 0 4452.02 165 141 0
4420 0 0 0 4452.02 165 133 0
4384 0 0 0 4452.02 166 141 0
4310 0 0 0 4452.02 161 139 0
4460 0 0 0 4452.02 162 102 0
4446 0 0 0 4452.02 167 100 0
4382 0 0 0 4452.02 185 122 0
4459 0 0 0 4452.02 167 220 0
4362 0 0 0 4452.02 159 162 0
4363 0 0 0 4452.02 169 171 0
4404 0 0 0 4452.02 167 149 0
4412 0 0 0 4452.02 166 168 0
4394 0 0 0 4452.02 169 156 0
4413 0 0 0 4452.02 169 133 0
4348 0 0 0 4452.02 165 135 0
4403 0 0 0 4452.02 163 121 0
4406 0 0 0 4452.02 169 143 0
4406 0 0 0 4452.02 166 188 0
4340 0 0 0 4452.02 159 160 0
4474 0 0 0 4452.02 168 174 0
4388 0 0 0 4452.02 163 166 0
4501 0 0 0 4452.02 165 158 0
4386 0 0 0 4452.02 163 159 0
4468 0 0 0 4452.02 165 151 0
4458 0 0 0 4452.02 170 127 0
4371 0 0 0 4452.02 163 126 0
4375 0 0 0 4452.02 163 130 0
4399 0 0 0 4452.02 166 143 0
4438 0 0 0 4452.02 167 141 0
4361 0 0 0 4452.02 161 153 0
4433 0 0 0 4452.02 161 147 0
4474 0 0 0 4452.02 165 137 0
4442 0 0 0 4452.02 164 142 0
4419 0 0 0 4452.02 165 118 0
4317 0 0 0 4452.02 164 120 0
4461 0 0 0 4452.02 167 124 0
4456 0 0 0 4452.02 184 121 0
4116 0 0 0 4452.02 166 118 0
4427 0 0 0 4452.02 170 126 0
4436 0 0 0 4452.02 171 127 0
4421 0 0 0 4452.02 167 120 0
4425 0 0 0 4452.02 171 131 0
4381 0 0 0 4452.02 167 114 0
4441 0 0 0 4452.02 164 102 0
4444 0 0 0 4452.02 164 101 0
4523 0 0 0 4452.02 168 112 0
4489 0 0 0 4452.02 168 118 0
4311 0 0 0 4452.02 168 112 0
4346 0 0 0 4452.02 160 154 0
4437 0 0 0 4452.02 166 167 0
4399 0 0 0 4452.02 163 168 0
4414 0 0 0 4452.02 167 141 0
4398 0 0 0 4452.02 164 120 0
4504 0 0 0 4452.02 170 119 0
4375 0 0 0 4452.02 164 102 0
4498 0 0 0 4452.02 161 114 0
4456 0 0 0 4452.02 165 98 0
4358 0 0 0 4452.02 165 102 0
4389 0 0 0 4452.02 161 567 0
4429 0 0 0 4452.02 157 1006 0
4348 0 0 0 4452.02 164 782 0
4336 0 0 0 4452.02 160 673 0
4402 0 0 0 4452.02 158 566 0
4408 0 0 0 4452.02 159 549 0
4513 0 0 0 4452.02 161 629 0
4439 0 0 0 4452.02 162 552 0
4478 0 0 0 4452.02 181 422 0
4406 0 0 0 4452.02 171 351 0
4452 0 0 0 4452.02 168 347 0
4417 0 0 0 4452.02 168 273 0
4423 0 0 0 4452.02 164 291 0
4453 0 0 0 4452.02 169 362 0
4487 0 0 0 4452.02 165 343 0
4448 0 0 0 4452.02 164 307 0
4270 0 0 0 4452.02 167 220 0
4510 0 0 0 4452.02 162 236 0
4475 0 0 0 4452.02 168 256 0
4385 0 0 0 4452.02 161 216 0
4444 0 0 0 4452.02 163 227 0
4335 0 0 0 4452.02 159 391 0
4482 0 0 0 4452.02 162 415 0
4298 0 0 0 4452.02 161 400 0
4398 0 0 0 4452.02 160 303 0
4330 0 0 0 4452.02 162 323 0
4438 0 0 0 4452.02 166 303 0
4418 0 0 0 4452.02 161 289 0
4246 0 0 0 4452.02 157 289 0
4355 0 0 0 4452.02 157 445 0
4440 0 0 0 4452.02 163 344 0
4388 0 0 0 4452.02 160 411 0
4439 0 0 0 4452.02 160 355 0
4365 0 0 0 4452.02 157 349 0
4356 0 0 0 4452.02 166 342 0
4356 0 0 0 4452.02 162 376 0
4060 0 0 0 4452.02 153 1531 0
4285 0 0 0 4452.02 160 369 0
4348 0 0 0 4452.02 179 349 0
4348 0 0 0 4452.02 163 374 0
4286 0 0 0 4452.02 167 305 0
4052 0 0 0 4452.02 164 299 0
1100 0 0 0 4452.02 42 98 0
