0.00 0.00 0.00
41.02 0.00 0.00
23.01 0.00 0.00
0.00 0.00 0.00
0.00 0.00 0.00
0.00 0.00 0.00
0.00 79.50 0.00
0.00 107.00 0.00
0.00 105.00 0.00
0.00 109.50 0.00
0.00 104.50 0.00
40.04 95.50 0.00
51.54 109.00 0.00
58.03 107.50 0.00
73.54 108.00 0.00
74.04 98.50 0.00
78.04 104.00 0.00
73.04 104.00 0.00
76.04 108.50 0.43
88.04 107.50 0.00
89.04 96.50 0.00
80.04 108.00 0.00
57.03 104.50 0.00
57.03 109.00 0.00
56.03 108.50 0.00
52.52 96.00 0.00
55.53 109.00 0.00
47.04 106.50 89.88
47.04 105.00 176.50
52.52 108.00 165.03
55.53 92.50 76.00
56.03 110.00 0.00
58.03 107.50 0.00
47.04 108.50 70.04
42.04 106.00 123.06
57.03 48.50 122.06
58.03 0.00 119.56
54.52 28.50 77.52
56.53 108.50 0.00
46.04 103.50 51.53
43.04 110.00 125.06
59.03 107.50 119.56
57.03 54.00 122.56
55.03 17.00 93.48
53.52 108.00 0.00
49.54 103.50 29.52
42.73 103.50 133.57
56.84 110.50 122.06
57.53 69.50 120.56
54.03 6.50 106.55
55.03 107.50 0.00
52.04 108.00 20.01
44.04 104.50 139.07
58.03 109.50 122.06
52.53 76.00 120.06
54.53 4.00 110.97
56.03 107.50 0.00
53.03 108.50 0.09
43.54 108.00 141.07
51.53 108.50 120.06
57.03 75.50 121.06
56.03 0.00 122.06
55.03 92.50 8.00
54.52 104.50 0.00
44.54 106.50 90.55
46.53 105.50 122.06
53.53 103.00 120.56
58.03 0.00 122.56
57.03 50.50 56.51
55.52 106.00 0.00
43.54 109.50 75.54
45.03 104.50 124.06
56.03 108.50 119.56
57.45 32.67 117.88
57.53 35.00 74.02
55.53 107.50 0.00
46.04 110.00 67.04
45.04 104.00 120.06
55.03 108.00 121.06
57.03 47.50 123.06
55.52 26.50 81.00
56.53 105.00 0.00
47.04 109.50 55.03
45.04 107.50 123.06
56.03 109.50 121.56
56.53 54.00 119.06
53.53 17.50 93.55
58.03 105.50 0.08
47.03 108.50 33.52
40.54 104.00 132.56
54.53 110.00 119.56
57.03 66.50 120.56
55.02 6.50 105.90
55.03 107.00 0.00
51.53 105.50 0.00
46.55 109.00 143.07
54.53 103.50 121.06
55.53 80.50 113.05
56.03 0.00 122.06
54.03 90.50 12.91
52.03 108.00 0.00
45.54 109.00 143.57
53.03 103.50 122.06
52.53 101.00 118.55
56.03 0.00 120.06
55.03 91.00 8.00
52.53 107.00 0.00
44.55 109.00 133.07
54.03 107.50 122.06
52.52 97.50 120.06
54.53 0.00 121.06
56.03 83.50 15.88
55.03 107.50 0.00
46.04 107.00 108.05
49.03 106.00 121.06
56.03 108.00 119.06
55.03 0.00 120.06
54.03 62.50 44.01
58.03 104.50 0.08
44.04 107.50 94.55
51.03 107.00 124.56
55.03 105.50 121.06
56.03 25.00 119.56
54.53 54.00 52.53
56.53 107.50 0.00
42.54 109.50 83.54
45.54 105.50 121.06
52.52 106.50 122.56
56.53 29.00 122.06
53.52 45.00 63.02
54.09 103.50 0.00
48.48 109.50 41.02
44.54 107.50 132.56
57.53 108.00 120.56
57.53 38.50 121.06
57.53 15.50 97.05
53.52 103.50 0.00
49.54 105.00 46.02
46.04 108.50 128.06
55.53 108.50 120.06
58.03 71.00 120.56
55.53 12.50 97.41
54.03 109.50 0.00
49.53 103.50 41.02
44.04 109.50 129.56
57.53 11.78 121.06
55.03 0.00 119.56
54.03 0.00 101.02
57.03 0.00 0.00
48.53 0.00 21.59
43.54 0.00 139.57
58.03 0.00 122.06
55.52 0.00 122.06
56.03 0.00 107.02
56.02 0.00 0.00
53.54 0.00 22.01
44.04 0.00 136.07
57.53 0.00 121.56
54.53 0.00 114.56
53.03 0.00 118.04
57.03 0.00 0.00
50.03 0.00 3.50
43.04 0.00 141.57
56.03 0.00 122.06
54.02 0.00 120.06
55.03 0.00 121.06
57.03 0.00 3.71
55.03 0.00 0.00
57.52 0.00 0.00
96.55 0.00 0.00
90.54 0.00 0.00
70.04 0.00 0.00
65.03 0.00 0.00
44.55 0.00 117.56
75.54 0.00 121.06
104.55 0.00 122.06
98.55 0.00 117.55
98.55 0.00 34.02
100.05 0.00 0.00
97.05 0.00 0.07
98.05 0.00 0.00
93.54 0.00 0.00
96.55 0.00 0.00
73.54 0.00 9.51
44.04 0.00 138.57
91.55 0.00 120.56
97.55 0.00 120.06
94.04 0.00 121.56
97.54 0.00 2.00
94.03 0.00 0.00
100.05 0.00 0.00
95.05 0.00 0.00
100.05 0.00 0.00
100.55 0.00 0.00
48.04 0.00 83.04
58.54 0.00 120.56
100.05 0.00 121.06
95.05 0.00 122.06
99.55 0.00 65.54
35.52 0.00 86.04
0.00 0.00 120.06
0.00 0.00 9.68
0.00 0.00 0.00
