0 restore_end page_write
0 0 0
0 0 0
0 0 0
0 0 0
0 0 0
0 0 0
0 0 0
0 0 0
0 0 0
0 0 0
0 0 0
0 0 0
0 0 0
0 0 0
0 0 0
0 0 0
0 0 0
307 0 5874
2113 80 25047
4043 767 16045
6956 752 17178
10351 771 17220
14175 715 17561
18362 659 15857
23457 686 17041
29125 694 16667
35883 680 16854
43326 665 15677
51500 658 15203
60101 634 13466
69313 630 12848
78793 646 11638
88394 596 9954
98670 0 9920
108337 249 8378
118052 590 7207
129142 661 7900
139146 568 6382
149272 661 6089
160146 625 6028
171339 665 5595
182685 631 5140
193511 615 4496
203478 660 3788
214554 632 3844
225723 610 3384
235230 526 2775
245631 623 2796
255783 543 2495
265139 507 2170
275834 592 2222
285229 509 1846
295468 561 1894
304593 521 1577
314734 535 1556
325112 521 1629
335397 512 1360
345527 501 1396
355586 499 1256
365532 504 1149
376186 545 1104
386291 515 1081
396403 545 895
405675 621 814
416250 554 832
426237 528 829
436679 569 750
446435 525 784
456104 532 651
466132 539 637
475968 509 595
485976 535 605
496873 575 653
507110 534 544
516742 556 501
526264 503 504
536392 534 567
546575 530 517
556467 495 460
566511 499 448
576901 577 456
587777 535 432
597827 497 412
608450 522 424
620014 576 407
630895 595 380
642236 611 365
654098 623 402
665455 599 412
677619 650 375
688503 653 333
699155 684 368
710913 610 371
721395 550 296
732549 592 302
744013 606 309
755445 642 311
766545 589 287
778490 624 266
790611 634 318
802266 638 337
813395 626 257
824769 578 251
836190 584 240
847526 565 269
858479 543 273
869078 585 213
880005 538 227
890447 518 224
900597 532 207
910991 553 213
922125 577 217
932886 560 202
943329 544 182
953077 512 202
962937 523 200
973645 564 208
983226 528 193
994254 565 174
1004822 551 183
1015907 583 193
1026335 547 201
1036095 517 167
1046555 556 188
1056768 541 201
1067769 580 201
1078750 575 197
1089869 582 192
1100374 519 167
1110399 526 153
1121307 526 187
1131654 507 151
1141858 513 168
1152515 523 161
1162533 515 153
1173004 543 173
1183665 555 157
1193369 501 134
1203192 537 157
1213796 553 161
1224040 546 139
1232988 466 115
1242781 501 149
1253502 564 151
1263856 554 162
1273875 534 149
1283842 508 123
1294181 549 118
1305017 576 139
1316198 624 118
1326293 522 128
1337153 567 162
1347995 568 137
1358380 536 122
1368487 528 155
1379264 535 129
1389802 536 116
1400197 515 125
1410347 504 142
1420447 508 124
1430851 516 112
1441047 506 130
1451212 525 162
1461265 530 136
1471997 545 105
1481969 559 133
1491983 513 112
1501794 521 111
1511974 532 109
1521682 492 101
1531628 512 101
1541675 540 104
1552205 536 114
1561915 497 97
1571729 513 86
1582169 559 105
1593005 594 92
1603000 542 83
1612854 516 74
1623042 527 111
1633654 528 99
1644432 559 93
1654687 511 85
1664430 515 100
1675197 547 90
1685550 522 95
1695142 476 89
1705284 510 77
1715081 516 79
1725575 536 109
1736235 553 87
1746474 537 82
1757287 564 75
1767529 539 89
1777795 522 93
1788441 554 77
1799133 553 93
1810220 563 90
1821016 543 90
1831571 577 83
1841911 554 68
1852115 547 77
1862297 549 65
1872763 560 70
1882717 543 72
1894280 608 83
1905156 551 71
1915642 528 85
1926849 589 91
1936659 505 81
1946820 504 66
1957235 515 69
1967685 509 68
1978048 560 69
1988341 537 73
1998439 549 65
2009106 549 55
2019646 544 64
2029165 508 63
2039162 521 69
2049988 558 62
2060255 539 70
2070063 498 47
2080239 535 60
2090398 526 70
2101050 545 76
2111037 538 55
2121263 523 62
2131644 537 53
2142321 588 61
2152390 551 59
2163190 584 66
2173832 589 49
2183397 479 53
2192734 492 32
2203228 525 62
2214579 570 60
2224200 553 59
2234711 513 55
2244985 507 52
2255530 536 60
2265507 548 57
2275819 527 51
2285790 529 47
2296861 565 57
2308405 611 53
2319371 579 58
2330900 634 47
2341254 587 45
2352163 558 49
2363852 610 56
2375417 590 48
2387577 636 50
2398982 619 44
2410304 595 38
2420839 552 51
2431923 575 38
2444157 611 46
2455975 654 63
2468241 592 42
2479335 538 30
2489637 503 45
2500029 508 51
2510890 540 39
2522498 595 62
2534430 604 48
2546268 624 53
2558162 615 56
2568827 573 49
2580053 579 47
2590963 564 30
2601977 572 46
2613765 623 40
2625432 629 43
2637053 603 38
2648805 613 31
2660018 649 42
2671170 581 31
2682055 559 39
2693088 633 32
2703633 555 47
2713840 528 33
2723491 477 26
2734147 535 39
2746107 612 43
2757264 549 34
2766040 521 29
2777812 579 37
2786631 665 28
2798466 587 36
2809641 581 28
2821568 620 45
2833222 607 31
2841713 461 17
2850594 508 35
2860778 535 33
2872761 616 46
2882843 597 36
2894490 600 35
2905600 605 28
2917820 634 30
2928710 555 30
2936360 481 15
2945292 511 20
2956498 634 42
2966830 553 29
2977169 526 24
2985965 450 20
2995727 590 31
3005137 517 17
3014103 552 14
3025588 620 34
3033513 432 20
3044035 607 23
3053148 440 25
3061665 671 20
3071493 680 17
3079994 614 25
3090414 532 24
3101020 536 19
3110921 616 22
3120539 527 22
3127948 386 14
3139731 640 33
3147699 455 18
3157707 513 16
3169041 601 22
3177882 486 12
3189190 623 26
3197876 635 19
3207721 583 25
3219359 359 26
3228103 0 22
3238779 389 17
3249567 599 13
3258809 532 22
3268757 488 22
3280127 591 38
3292259 583 34
3301613 497 15
3313091 558 22
3322872 508 22
3334546 570 14
3341431 416 10
3352795 599 20
3363598 569 17
3375354 615 20
3387399 632 21
3396767 519 16
3407793 570 29
3419298 615 24
3430906 613 21
3442268 584 19
3450794 467 21
3462529 603 22
3473983 605 22
3482789 485 7
3492258 614 18
3502924 579 11
3511761 485 13
3523103 600 22
3531382 432 16
3539563 488 15
3549331 504 8
3561530 632 14
3572724 558 12
3580725 452 11
3591668 552 22
3603464 577 15
3614456 532 18
3626262 613 18
3635938 610 11
3646152 630 12
3657988 615 13
3668915 602 9
3679270 541 22
3686927 391 14
3695802 507 8
3705199 527 13
3716651 595 12
3726208 488 12
3737654 604 9
3749010 602 11
3758482 529 7
3770648 636 21
3782164 595 14
3793434 600 14
3802873 495 10
3814563 580 17
3826304 605 17
3837579 577 5
3849575 576 13
3861274 563 12
3872480 536 18
3883515 555 10
3895901 675 14
3907487 606 8
3919090 601 17
3930697 616 15
3942134 618 24
3951451 562 5
3963207 613 11
3972747 509 14
3982727 622 12
3994221 595 18
4004985 557 12
4014004 590 7
4023641 582 13
4035881 635 8
4047345 624 10
4056493 504 11
4068533 624 10
4077068 457 3
4085579 504 14
4096333 574 9
4107800 581 10
4119512 569 8
4131410 576 19
4143552 589 13
4153631 541 9
4164563 573 7
4175412 564 10
4187344 626 11
4199541 640 9
4210523 561 11
4221395 587 7
4232590 579 9
4245024 651 10
4255023 523 8
4265891 572 11
4275822 504 8
4286491 560 7
4293498 370 2
4304801 596 6
4316742 636 11
4329097 649 13
4340580 597 10
4351991 559 3
4363592 618 5
4375502 576 13
4387633 609 3
4396257 449 3
4407863 567 7
4419396 564 10
4430184 560 7
4440351 512 7
4450848 543 8
4462949 633 11
4474195 600 3
4482770 493 5
4494246 594 6
4505960 600 10
4516780 558 8
4528331 605 5
4540341 621 9
4551741 594 6
4562550 636 4
4573340 566 10
4582772 499 7
4594642 625 7
4605506 571 8
4616873 568 9
4628289 585 5
4637866 464 4
4649176 590 4
4655956 475 3
4666384 525 2
4677534 539 3
4689620 576 9
4699413 484 3
4711204 622 7
4722673 622 10
4732156 498 3
4739710 389 5
4747905 500 3
4756840 481 1
4766911 515 6
4776152 474 4
4787909 658 2
4797367 504 2
4809176 605 6
4818520 509 2
4830186 615 7
4842025 646 6
4853791 622 6
4865527 616 7
4877394 639 13
4888311 529 12
4898711 565 8
4907623 437 5
4919617 627 11
4930678 559 3
4940928 492 1
4951636 521 7
4962966 558 3
4971831 464 0
4983396 605 4
4995083 611 4
5006904 605 9
5018571 615 7
5030634 628 6
5042479 625 3
5053619 592 9
5065041 619 3
5074015 520 2
5084032 597 1
5092000 470 4
5103927 629 6
5115452 598 4
5127551 660 3
5136373 473 1
5147065 568 4
5156191 499 3
5167301 565 3
5177153 553 6
5188562 571 2
5200286 572 6
5212308 576 3
5224169 577 4
5236401 627 3
5245355 584 5
5255957 702 6
5264429 440 2
5276051 604 3
5286529 533 5
5296099 585 2
5302980 418 3
5311639 506 2
5321555 575 1
5333229 632 0
5345208 627 5
5354219 512 3
5365183 555 5
5376979 603 2
5389212 631 5
5397764 623 2
5407269 596 4
5415988 471 2
5426727 536 2
5437373 540 3
5445718 433 1
5457283 553 1
5467509 559 1
5479077 561 0
5490382 550 13
5501204 553 2
5512475 579 4
5524057 615 0
5533447 510 0
5545823 642 0
5558166 629 6
5569867 604 1
5580907 591 1
5591517 551 9
5602224 556 5
5613344 579 2
5625142 617 4
5635458 520 2
5647374 619 0
5658922 607 4
5670064 585 7
5681475 602 4
5693186 611 0
5704913 614 8
5717127 593 3
5724171 483 1
5735779 584 3
5747200 555 0
5757503 495 4
5767729 506 1
5778504 542 3
5787123 462 1
5797251 534 0
5807016 508 1
5817763 577 0
5828567 552 4
5839401 558 1
5849912 545 2
5860711 564 1
5871758 569 0
5882023 539 2
5889666 443 0
5899063 596 0
5909080 634 1
5919430 621 3
5929979 605 2
5939149 584 4
5949977 580 3
5957472 396 1
5967431 521 0
5978072 545 3
5988024 517 4
5996228 481 1
6007457 545 4
6019902 609 1
6029172 450 5
6038985 570 0
6050277 595 4
6062175 611 1
6071210 497 2
6083073 629 0
6091163 502 2
6101908 582 1
6111865 538 1
6123414 597 2
6132319 518 0
6144156 615 1
6156058 634 1
6168098 641 0
6175824 392 0
6185789 536 0
6197128 610 0
6208706 620 0
6219779 584 1
6232053 639 2
6243828 600 2
6251063 431 2
6259652 423 0
6270250 538 1
6279263 509 0
6290209 524 3
6301297 537 0
6310730 499 0
6321726 622 2
6333573 602 1
6345753 623 1
6354810 530 1
6366058 584 4
6376624 549 1
6387315 549 0
6397345 584 0
6406277 559 1
6415981 507 1
6427762 624 1
6436961 505 1
6447547 547 0
6458431 548 0
6470350 619 0
6481994 615 3
6491216 498 0
6499938 561 3
6511933 596 1
6524335 631 3
6535987 586 0
6547583 568 0
6556740 522 6
6568078 566 1
6578202 559 1
6587594 479 0
6599029 613 1
6611581 659 2
6623334 592 2
6632050 473 0
6643291 586 1
6655300 634 0
6665542 546 1
6676540 606 1
6685299 589 1
6697446 649 3
6709465 608 3
6721490 609 1
6730966 518 4
6742395 601 1
6753183 562 1
6764477 602 2
6776957 648 2
6789507 611 0
6801574 630 0
6813711 579 2
6824442 538 5
6836324 607 1
6848540 599 1
6860749 590 0
6871993 592 0
6884250 628 0
6893327 618 0
6904936 634 2
6916503 595 2
6928195 603 1
6938826 569 2
6950639 620 0
6962213 610 3
6974151 611 3
6985325 568 0
6997048 606 0
7008417 628 0
7019906 615 0
7030047 544 0
7041267 582 0
7052206 572 0
7061403 489 1
7069186 458 0
7078523 490 0
7090234 574 0
7100358 503 1
7110844 524 1
7120033 469 0
7131906 587 1
7143366 606 0
7154668 585 0
7166466 600 1
7174636 740 0
7185537 563 0
7195189 507 0
7203231 464 0
7214499 600 0
7224707 568 1
7234752 538 0
7243669 484 0
7253829 587 0
7263585 538 0
7274270 552 0
7283717 514 0
7294139 635 2
7303012 458 0
7314057 578 0
7325554 570 1
7337617 598 1
7344979 602 0
7356809 595 0
7367561 539 0
7377484 543 1
7388445 553 2
7399429 539 0
7410969 599 0
7419787 460 0
7429047 483 0
7439202 539 0
7450767 600 0
7462895 657 0
7474247 579 0
7483558 538 1
7495466 617 0
7507200 603 0
7517519 555 0
7528691 574 1
7539950 583 1
7551900 627 0
7562598 566 0
7572646 527 0
7584017 594 2
7596509 605 1
7605032 451 0
7615883 550 0
7626352 535 0
7638057 568 0
7650139 589 1
7661204 535 2
7669332 448 0
7680991 617 1
7689688 484 0
7701198 614 0
7712635 588 0
7724134 608 0
7733399 510 0
7743945 549 0
7753738 502 0
7765481 612 0
7774456 476 0
7781911 481 0
7792065 547 0
7802828 545 0
7814963 637 0
7827058 641 0
7837759 562 0
7849211 636 1
7857787 467 0
7869775 625 1
7881406 589 0
7893135 579 0
7903793 517 1
7913895 482 0
7925477 566 0
7937708 610 0
7948562 551 0
7960267 639 0
7968499 571 0
7978583 521 0
7987446 502 0
7998684 595 0
8010686 627 1
8019708 492 5
8030542 583 0
8040049 531 0
8050646 560 0
8061669 570 0
8073153 589 0
8084495 490 1
8096016 28 0
8106487 27 0
8117263 27 1
8127530 26 0
8138575 27 0
8145537 17 0
8156118 24 0
8167528 27 0
8177013 22 0
8186673 20 1
8196628 24 0
8208074 25 0
8217909 20 0
8230263 46 0
8241822 632 0
8253684 608 0
8265541 601 0
8277790 640 0
8287984 552 0
8297233 544 1
8308411 587 0
8320068 592 0
8328716 556 0
8341065 661 0
8352405 580 0
8364493 653 0
8375280 561 0
8386171 571 0
8397969 635 0
8409654 591 1
8420175 546 0
8431411 573 0
8443386 575 0
8455450 585 0
8467224 566 0
8476186 480 0
8487112 557 1
8499065 608 0
8507352 459 0
8518023 553 0
8529815 603 0
8541083 573 0
8552671 602 0
8563216 556 2
8575170 626 1
8587440 633 0
8597913 561 0
8609650 610 0
8622112 639 0
8633008 555 0
8643665 545 0
8654752 612 0
8661631 489 0
8673563 625 0
8684740 567 0
8696012 560 0
8707973 624 0
8720310 604 0
8731350 527 0
8742189 531 0
8753520 553 0
8765781 648 0
8777498 595 0
8787984 544 0
8799354 590 0
8811393 621 0
8822462 584 0
8834023 592 1
8841896 476 0
8850515 544 0
8860887 576 0
8871381 540 1
8882495 599 0
8892223 538 0
8904019 608 0
8915694 608 0
8925432 538 0
8937172 622 0
8948646 558 0
8959221 576 0
8971172 593 1
8983610 603 0
8994028 521 2
9005822 572 0
9017203 555 0
9028881 614 1
9037692 568 0
9047471 607 0
9059090 612 0
9071308 660 0
9080940 483 0
9090852 499 0
9101608 539 0
9113324 628 1
9123922 553 0
9135002 570 0
9146520 599 0
9158447 643 0
9169268 579 0
9181028 608 0
9192722 619 2
9204470 611 0
9214323 516 0
9224492 523 0
9232313 409 0
9244309 587 0
9252071 454 2
9261959 479 0
9272736 521 0
9284153 597 0
9295818 628 0
9307296 587 0
9319045 597 0
9331237 639 2
9342477 615 0
9354216 605 0
9366099 613 0
9378418 641 0
9389222 568 0
9396831 501 0
9407459 558 0
9416067 458 2
9426865 554 0
9437006 521 0
9447300 526 0
9457954 576 0
9468289 538 0
9479027 560 0
9489593 536 0
9500751 570 0
9510655 513 0
9521211 532 0
9531849 516 0
9542540 530 0
9553403 573 0
9563830 521 0
9571335 381 0
9581917 537 0
9591839 522 0
9601797 517 0
9612007 527 0
9622481 544 1
9632266 511 0
9642308 533 0
9652323 543 0
9662636 546 0
9670661 433 0
9681721 592 0
9693550 605 0
9705730 643 0
9716122 542 0
9726960 574 0
9738444 620 0
9747599 490 0
9759409 600 0
9771084 609 0
9783281 583 0
9794859 637 0
9804876 503 2
9814884 498 0
9825631 534 0
9835275 516 0
9846332 577 0
9857907 616 0
9868890 572 0
9880902 632 0
9891962 572 0
9902196 538 0
9913034 582 0
9924712 616 0
9936036 618 0
9944500 546 0
9955975 605 0
9967652 615 0
9977866 520 0
9988165 536 0
9999357 586 0
10011278 621 0
10019015 409 0
10029991 532 0
10041410 591 0
10053316 580 0
10064074 517 0
10074741 528 0
10084838 516 0
10096720 580 0
10107712 604 0
10118840 575 0
10130844 622 0
10142583 638 0
10151853 488 0
10162856 568 0
10174361 592 0
10185891 601 0
10196559 562 0
10207616 579 0
10216417 454 0
10228762 650 0
10240114 573 0
10251543 589 0
10263115 622 0
10274641 613 0
10285365 562 0
10296447 557 0
10307334 587 0
10319315 574 0
10329896 546 0
10341223 558 0
10350886 499 0
10362613 572 0
10373326 532 0
10384454 555 0
10396078 612 0
10408027 639 0
10415805 425 0
10427303 595 0
10439215 609 0
10450708 607 0
10461469 558 0
10472456 573 0
10483552 622 0
10495031 614 0
10505568 572 0
10517244 602 0
10525226 419 0
10537126 619 0
10549009 625 0
10560385 597 0
10571448 555 0
10582631 554 0
10593430 611 0
10605020 573 0
10617247 597 0
10627857 628 1
10639553 567 0
10650560 557 0
10662133 598 0
10671936 566 0
10682833 555 0
10693700 561 0
10704817 572 0
10717180 646 0
10728959 610 0
10740936 626 0
10752522 601 0
10763517 616 0
10774663 579 0
10785953 589 0
10797579 614 0
10809578 643 0
10820006 566 0
10828727 465 0
10840130 560 0
10849593 523 0
10860813 559 0
10872327 611 0
10883913 594 0
10896079 588 0
10908076 579 0
10920070 579 0
10931435 555 0
10942874 626 0
10953622 562 0
10964777 577 0
10976196 587 0
10987400 588 0
10995640 524 0
11006168 544 0
11016185 506 0
11028102 615 0
11038761 546 0
11047066 472 0
11058356 577 0
11070115 604 0
11081255 590 0
11093370 643 0
11104399 602 0
11116035 567 0
11126831 550 0
11138292 591 0
11149285 537 0
11160280 536 0
11171490 554 0
11182536 536 0
11193248 588 0
11202568 498 0
11212750 565 0
11223537 586 0
11232558 502 0
11240558 516 0
11251674 577 0
11263411 619 0
11272168 576 0
11283468 619 0
11294097 543 0
11305175 575 0
11316616 596 0
11327914 604 0
11339081 589 0
11349926 563 0
11362328 651 0
11373419 574 0
11381881 528 0
11392067 531 0
11400495 449 0
11412232 620 0
11423488 549 0
11434487 537 0
11446228 579 0
11457545 550 0
11468782 554 0
11480309 594 0
11492270 664 0
11503289 590 0
11514591 590 0
11526243 607 0
11537680 603 0
11549446 609 0
11561025 617 0
11569226 505 0
11581075 622 0
11592467 610 0
11600898 498 0
11612098 585 0
11623867 655 0
11634892 582 0
11646091 586 0
11658102 598 0
11670367 594 0
11681565 609 0
11692807 546 1
11703954 551 0
11716052 593 0
11726460 511 0
11737882 592 0
11749207 582 0
11760683 607 0
11770002 505 0
11781125 582 0
11792455 579 0
11803646 586 0
11813582 514 0
11824549 573 0
11835903 586 0
11847724 612 0
11859412 618 0
11869759 523 0
11881137 599 0
11892439 600 0
11903704 621 0
11914883 583 0
11926863 590 0
11935326 452 0
11946311 558 0
11958113 620 0
11969852 579 0
11981506 570 0
11992260 523 0
12003800 568 0
12015145 585 0
12026882 620 0
12038111 584 0
12049769 602 0
12060670 556 0
12071840 575 0
12082249 556 0
12093374 634 0
12104593 587 0
12116255 606 0
12124874 444 0
12136068 605 0
12147918 631 0
12158632 563 0
12169135 554 0
12180704 613 0
12192340 642 0
12204347 580 0
12215595 581 0
12227113 580 0
12238685 563 0
12249748 578 0
12258270 417 0
12269932 573 0
12280947 580 0
12292379 606 0
12303298 579 0
12314871 615 0
12323217 510 0
12333790 540 0
12343466 489 0
12353571 522 0
12364195 582 0
12375646 601 0
12386869 574 0
12398185 586 0
12410104 632 0
12421304 597 0
12430097 522 0
12441704 614 0
12452314 578 0
12462873 656 0
12473674 536 0
12484700 584 0
12495665 542 0
12506987 554 0
12518447 557 0
12529930 548 0
12541504 575 0
12552863 607 0
12563430 555 0
12574580 582 0
12584762 575 0
12596254 601 0
12607999 626 0
12618398 531 0
12628635 526 0
12639587 593 0
12650396 565 0
12661563 573 0
12673021 582 0
12684099 579 0
12696276 650 0
12707969 644 0
12720197 647 0
12732395 620 0
12743839 553 0
12756057 596 0
12766870 553 0
12776259 484 0
12787182 620 0
12799522 606 0
12811760 600 0
12823782 600 0
12834861 536 0
12846395 563 0
12856786 505 0
12868284 551 0
12880374 619 0
12892458 581 0
12904194 566 0
12916506 599 0
12925780 507 0
12936453 538 0
12948305 580 0
12960707 609 0
12970228 534 0
12982120 589 0
12994063 596 0
13005705 559 0
13017017 551 0
13028378 563 0
13040227 582 0
13052342 602 0
13064051 573 0
13075546 548 0
13085450 475 0
13096103 503 0
13103413 383 0
13113926 503 0
13124538 509 0
13134879 490 0
13144962 484 0
13156294 546 0
13167927 572 0
13180212 592 0
13188726 405 0
13200723 356 0
13212427 273 0
13224642 348 0
13236938 271 0
13248865 318 0
13257170 179 0
13268110 299 0
13279961 272 0
13291910 298 0
13303953 307 0
13316297 300 0
13328089 348 0
13337297 231 0
13349756 318 0
13361847 311 0
13373361 243 0
13385240 14 0
13396217 15 0
13404689 12 0
13415595 13 0
13426303 15 0
13437416 13 0
13448405 14 0
13458852 14 0
13468844 13 0
13479544 15 0
13490667 15 0
13501451 14 0
13512547 15 0
13523804 13 0
13535122 15 0
13546163 13 0
13556630 15 0
13564859 12 0
13575580 13 0
13585838 16 0
13595799 12 0
13602647 10 0
13613082 15 0
13623772 14 0
13634109 15 0
13644958 12 0
13656030 15 0
13667069 15 0
13678118 13 0
13688657 14 0
13698908 13 0
13709379 14 0
13719411 14 0
13730537 15 0
13741690 13 0
13752052 14 0
13762585 7 0
13770749 21 0
13780991 418 0
13791852 282 0
13802751 264 0
13813047 259 0
13823542 240 0
13834216 297 0
13844831 245 0
13854815 282 0
13865421 254 0
13876020 292 0
13886856 258 0
13897042 269 0
13908253 277 0
13918500 267 0
13929461 267 0
13940888 290 0
13952134 253 0
13960702 281 0
13972727 291 0
13984067 312 0
13995820 282 0
14007339 318 0
14019097 263 0
14028421 311 0
14038199 299 0
14048652 331 0
14057279 272 0
14068795 304 0
14079688 240 0
14089795 292 0
14097577 312 0
14108424 294 0
14117792 323 0
14128600 293 0
14138078 391 0
14148788 284 0
14159144 264 0
14168817 270 0
14178542 232 0
14189427 293 0
14200642 282 0
14211774 318 0
14220416 271 0
14231402 279 0
14241870 281 0
14251900 288 0
14262864 308 0
14273242 252 0
14283071 284 0
14292514 242 0
14302995 277 0
14313585 261 0
14324417 286 0
14335092 259 0
14346069 280 0
14356826 265 0
14367110 268 0
14377444 262 0
14387631 242 0
14393522 614 0
14403956 251 0
14413815 242 0
14422160 262 0
14428007 220 0
14438126 275 0
14448040 294 0
14459373 254 0
14471348 326 0
14480009 224 0
14491404 260 0
14503149 314 0
14515419 305 0
14527032 301 0
14538109 281 0
14548727 326 0
14559917 321 0
14569938 257 0
14579918 270 0
14590481 277 0
14601087 272 0
14612154 285 0
14623156 282 0
14633649 259 0
14644214 279 0
14654545 262 0
14664826 264 0
14676186 305 0
14687905 275 0
14698226 298 0
14706484 222 0
14717156 302 0
14725857 260 0
14737565 324 0
14748674 237 0
14759580 254 0
14770917 289 0
14782035 247 0
14794022 316 0
14805848 312 0
14817360 289 0
14828237 254 0
14839740 261 0
14850871 289 0
14862848 279 0
14874943 274 0
14886347 284 0
14897492 298 0
14906510 268 0
14916547 382 0
14928260 287 0
14939714 326 0
14951499 283 0
14963430 321 0
14974829 275 0
14987149 361 0
14998023 240 0
15008595 300 0
15019653 262 0
15030809 288 0
15041740 281 0
15051722 263 0
15063026 293 0
15073575 294 0
15084857 290 0
15095764 270 0
15106310 287 0
15117613 262 0
15128446 310 0
15139730 252 0
15149532 364 0
15160385 319 0
15171203 237 0
15182175 326 0
15192223 257 0
15203437 292 0
15214059 307 0
15225048 248 0
15236153 307 0
15247160 250 0
15257732 291 0
15268366 261 0
15279158 286 0
15287052 290 0
15297904 297 0
15308421 272 0
15319330 280 0
15329014 313 0
15340901 346 0
15351114 246 0
15363587 341 0
15374233 261 0
15384501 261 0
15395127 270 0
15406048 281 0
15418204 330 0
15428999 257 0
15440158 301 0
15451818 289 0
15462994 298 0
15471270 325 0
15482617 259 0
15493095 299 0
15504291 251 0
15515468 258 0
15526129 289 0
15536330 229 0
15546734 266 0
15557241 268 0
15565324 199 0
15575784 309 0
15586237 242 0
15596871 295 0
15607730 276 0
15617767 258 0
15627683 246 0
15638182 284 0
15648786 264 0
15659138 280 0
15667939 272 0
15679498 279 0
15690629 318 0
15701258 233 0
15711109 243 0
15721897 266 0
15732534 238 0
15742957 297 0
15753821 267 0
15763817 268 0
15772229 290 0
15782838 263 0
15793152 297 0
15802844 231 0
15813315 301 0
15824152 251 0
15834376 291 0
15844926 255 0
15855251 284 0
15866521 272 0
15876860 264 0
15887042 256 0
15894838 245 0
15906444 328 0
15918216 291 0
15930851 345 0
15942239 271 0
15953177 247 0
15964188 296 0
15974719 252 0
15985560 279 0
15996725 281 0
16004803 262 0
16016451 323 0
16028412 306 0
16040142 304 0
16052283 348 0
16064068 274 0
16075652 330 0
16087119 297 0
16096420 252 0
16108438 273 0
16119293 239 0
16130825 320 0
16142395 305 0
16152661 250 0
16163732 312 0
16175223 271 0
16185642 297 0
16195654 239 0
16205708 269 0
16216740 290 0
16224582 228 0
16235361 307 0
16246074 289 0
16256190 260 0
16267083 283 0
16278240 280 0
16287996 283 0
16295990 310 0
16306549 296 0
16318893 358 0
16329600 247 0
16340411 308 0
16350613 225 0
16361752 319 0
16373295 294 0
16384849 298 0
16396196 321 0
16406900 244 0
16417413 306 0
16426030 247 0
16437273 316 0
16449390 296 0
16460680 294 0
16471749 263 0
16482363 275 0
16490535 339 0
16502063 263 0
16513545 313 0
16524292 239 0
16535187 306 0
16545433 233 0
16556239 300 0
16566828 259 0
16577512 250 0
16587976 276 0
16598851 262 0
16609087 251 0
16619725 282 0
16630386 261 0
16641429 300 0
16652192 251 0
16660770 268 0
16670550 362 0
16682010 270 0
16693217 288 0
16704244 285 0
16714272 242 0
16725080 298 0
16735589 255 0
16745701 277 0
16755886 272 0
16766395 278 0
16777654 314 0
16788598 252 0
16799127 304 0
16810890 278 0
16821894 298 0
16833877 312 0
16843512 253 0
16854998 337 0
16866518 284 0
16876695 302 0
16887316 286 0
16897737 258 0
16908052 306 0
16919290 259 0
16926036 225 0
16936785 268 0
16945479 243 0
16956548 290 0
16965658 320 0
16976163 314 0
16986931 254 0
16998371 327 0
17008788 242 0
17017368 383 0
17028028 276 0
17039103 283 0
17050242 311 0
17061401 269 0
17073527 348 0
17084649 243 0
17095198 309 0
17105401 240 0
17115840 391 0
17127263 319 0
17138810 271 0
17150381 318 0
17161492 260 0
17172015 299 0
17182377 236 0
17193768 323 0
17205013 263 0
17215989 315 0
17224297 220 0
17236842 336 0
17247792 275 0
17258808 292 0
17270326 309 0
17280479 249 0
17290616 281 0
17301394 248 0
17312705 334 0
17323815 265 0
17334354 308 0
17342684 255 0
17355148 338 0
17367253 349 0
17378580 264 0
17390067 335 0
17400388 230 0
17412918 338 0
17419840 238 0
17430611 287 0
17441050 268 0
17452283 277 0
17462958 247 0
17473413 267 0
17485139 287 0
17496107 287 0
17506249 256 0
17517929 311 0
17528615 269 0
17536996 322 0
17548210 300 0
17558149 231 0
17568418 290 0
17579749 278 0
17590360 292 0
17597325 182 0
17608393 257 0
17618908 308 0
17630170 306 0
17641068 273 0
17651840 304 0
17663225 274 0
17674269 308 0
17685349 249 0
17696180 319 0
17707111 266 0
17719116 337 0
17731030 346 0
17739655 215 0
17751873 320 0
17763838 323 0
17776223 315 0
17788888 355 0
17798741 287 0
17809993 317 0
17821856 306 0
17834041 352 0
17846333 278 0
17858353 355 0
17870397 305 0
17882673 339 0
17895011 302 0
17906690 323 0
17918519 288 0
17930344 314 0
17942062 308 0
17950933 350 0
17963305 363 0
17974918 267 0
17987720 364 0
17999772 294 0
18011808 327 0
18023272 329 0
18036053 304 0
18046883 353 0
18057859 238 0
18066350 179 0
18078833 326 0
18091457 112 0
18103386 98 0
18116149 103 0
18128969 57 0
18137585 101 0
18149493 129 0
18161480 81 0
18174228 45 0
18186143 80 0
18197451 80 0
18209256 52 0
18221394 49 0
18233182 87 0
18245170 93 0
18257203 67 0
18268478 96 0
18277363 60 0
18289264 136 0
18301781 121 0
18313926 125 0
18325831 108 0
18337673 99 0
18345819 114 0
18358181 112 0
18370080 83 0
18382221 95 0
18394644 56 0
18406930 50 0
18419232 61 0
18431310 54 0
18439921 73 0
18451395 44 0
18463281 62 0
18475182 60 0
18487384 56 0
18499875 65 0
18512078 95 0
18521064 81 0
18532288 92 0
18544560 94 0
18555990 112 0
18568394 119 0
18580642 96 0
18593060 107 0
18605177 121 0
18617300 99 0
18629653 115 0
18641698 175 0
18653949 134 0
18661971 121 0
18672426 103 0
18683529 66 0
18694953 110 0
18706401 65 0
18718971 88 0
18731129 97 0
18743564 101 0
18755571 88 0
18768216 108 0
18780167 93 0
18789828 74 0
18801053 74 0
18813001 66 0
18825955 74 0
18838298 56 0
18850356 182 0
18859659 355 0
18869067 260 0
18881125 458 0
18893444 377 0
18905540 410 0
18918573 395 0
18931416 458 0
18943774 341 0
18956679 389 0
18967724 400 0
18980497 389 0
18991848 400 0
19002907 322 0
19014327 424 0
19023840 312 0
19036110 375 0
19047595 435 0
19059202 347 0
19070411 404 0
19082595 362 0
19095028 449 0
19105431 349 0
19117715 365 0
19129904 422 0
19141678 362 0
19154432 424 0
19167063 389 0
19179447 375 0
19191153 446 0
19199874 280 0
19210315 369 0
19220281 318 0
19231029 358 0
19242364 416 0
19253351 371 0
19266233 428 0
19279147 358 0
19291155 440 0
19302830 365 0
19312896 428 0
19325508 438 0
19336887 355 0
19348658 343 0
19361006 411 0
19372827 350 0
19385380 351 0
19397439 412 0
19406999 378 0
19419625 425 0
19431916 394 0
19444278 431 0
19456909 351 0
19469430 449 0
19480889 332 0
19493771 437 0
19506126 371 0
19518815 434 0
19530152 328 0
19540152 378 0
19551813 362 0
19563484 407 0
19575859 362 0
19588082 425 0
19597715 404 0
19610388 349 0
19621882 406 0
19633906 379 0
19645451 401 0
19657788 390 0
19670118 444 0
19682540 355 0
19694773 366 0
19707288 441 0
19719113 358 0
19727900 391 0
19738434 314 0
19749443 402 0
19759558 288 0
19770139 378 0
19781479 335 0
19794003 444 0
19803041 425 0
19815198 355 0
19827289 441 0
19840089 385 0
19852551 454 0
19864580 360 0
19876653 452 0
19885756 373 0
19897218 396 0
19909219 378 0
19921119 343 0
19932916 423 0
19944284 337 0
19955914 420 0
19968228 369 0
19980668 458 0
19992623 377 0
20003918 395 0
20015863 355 0
20024310 375 0
20034924 352 0
20045439 324 0
20056367 382 0
20067477 354 0
20077748 348 0
20089722 343 0
20097630 307 0
20109896 398 0
20121776 387 0
20133599 394 0
20145905 423 0
20158497 404 0
20170387 407 0
20182618 403 0
20195315 391 0
20207910 436 0
20219604 358 0
20231455 440 0
20243837 379 0
20253174 389 0
20265064 373 0
20277129 378 0
20288935 414 0
20301307 438 0
20312578 353 0
20324616 351 0
20336882 378 0
20349332 346 0
20360581 312 0
20372313 340 0
20384261 339 0
20396541 371 0
20407298 324 0
20419161 338 0
20431242 371 0
20442724 375 0
20450553 255 0
20461379 312 0
20471587 345 0
20482025 463 0
20493178 328 0
20500116 233 0
20512191 347 0
20524427 348 0
20536526 339 0
20548812 343 0
20560844 362 0
20573422 380 0
20585469 362 0
20596304 308 0
20606312 293 0
20616339 301 0
20628892 358 0
20640788 342 0
20653001 348 0
20665275 343 0
20676795 340 0
20685230 297 0
20697172 340 0
20709750 366 0
20718912 317 0
20730761 357 0
20742974 360 0
20755140 361 0
20766841 345 0
20779022 346 0
20790932 355 0
20803061 348 0
20815292 383 0
20827174 347 0
20839653 372 0
20851473 361 0
20863532 358 0
20875185 324 0
20884277 304 0
20895527 303 0
20906182 305 0
20914398 237 0
20925370 317 0
20937311 360 0
20948916 333 0
20960625 337 0
20972467 341 0
20984063 320 0
20995633 333 0
21007800 342 0
21019827 359 0
21031784 356 0
21039476 267 0
21049575 288 0
21058416 349 0
21069543 314 0
21076709 334 0
21088402 339 0
21099956 333 0
21110771 314 0
21120581 284 0
21128328 301 0
21140577 380 0
21152107 365 0
21164493 367 0
21173437 352 0
21185687 339 0
21196940 341 0
21208687 342 0
21220716 341 0
21228860 284 0
21239949 333 0
21251830 345 0
21264233 350 0
21276741 350 0
21288873 336 0
21300957 352 0
21312569 336 0
21324365 329 0
21336860 357 0
21348861 349 0
21360183 341 0
21370544 299 0
21381449 319 0
21389028 242 0
21400394 336 0
21409635 411 0
21421220 350 0
21433274 348 0
21445229 345 0
21455091 308 0
21467826 377 0
21480066 362 0
21492115 349 0
21503437 314 0
21515311 339 0
21525769 307 0
21537250 341 0
21546962 325 0
21558498 333 0
21569159 277 0
21580226 305 0
21592218 353 0
21604295 349 0
21615985 338 0
21627050 324 0
21638005 322 0
21650735 383 0
21662408 323 0
21670936 235 0
21683504 377 0
21695652 366 0
21707180 350 0
21718962 347 0
21730753 351 0
21740120 374 0
21751382 343 0
21763091 345 0
21775349 349 0
21788094 365 0
21800439 346 0
21812653 350 0
21824476 341 0
21836720 348 0
21848485 341 0
21858415 422 0
21870791 349 0
21882396 325 0
21894457 346 0
21906238 384 0
21918562 349 0
21929872 323 0
21940915 316 0
21951970 328 0
21964122 348 0
21975794 328 0
21988120 365 0
22000407 375 0
22012474 353 0
22024621 351 0
22037217 358 0
22048553 328 0
22060825 381 0
22072686 333 0
22084244 338 0
22091433 317 0
22102413 321 0
22113288 310 0
22124237 300 0
22136002 336 0
22148304 355 0
22160635 363 0
22173062 391 0
22184283 302 0
22196914 380 0
22209020 365 0
22221082 365 0
22233455 364 0
22246048 363 0
22257102 313 0
22267446 301 0
22278534 322 0
22288605 389 0
22298418 333 0
22309506 319 0
22321508 354 0
22333759 353 0
22345820 337 0
22357035 314 0
22369200 358 0
22381418 353 0
22393282 360 0
22405476 357 0
22417518 353 0
22430089 372 0
22441423 329 0
22452853 359 0
22464952 357 0
22474944 291 0
22485956 312 0
22493571 242 0
22505070 333 0
22517024 391 0
22525963 261 0
22536614 296 0
22547943 327 0
22557517 332 0
22568770 334 0
22581024 349 0
22591854 309 0
22602379 307 0
22614599 347 0
22625410 312 0
22637476 346 0
22649745 347 0
22658068 254 0
22667987 286 0
22679842 338 0
22691634 343 0
22700961 312 0
22711847 332 0
22721568 388 0
22733251 336 0
22744600 329 0
22754517 370 0
22767249 356 0
22777024 289 0
22788405 323 0
22799721 332 0
22809311 308 0
22821548 346 0
22833071 326 0
22842083 266 0
22854321 350 0
22866279 348 0
22878273 352 0
22889364 336 0
22900357 333 0
22911292 307 0
22921572 294 0
22927485 264 0
22938412 318 0
22950561 348 0
22962042 353 0
22973698 343 0
22985810 361 0
22997893 334 0
23010113 350 0
23022152 369 0
23034826 373 0
23046658 336 0
23057977 311 0
23070061 371 0
23082553 371 0
23091196 303 0
23102835 332 0
23114294 343 0
23126416 372 0
23138179 349 0
23146194 300 0
23158014 339 0
23170932 376 0
23181831 313 0
23192483 292 0
23204633 357 0
23216636 350 0
23228478 347 0
23240800 367 0
23253080 360 0
23265380 369 0
23274057 293 0
23286047 346 0
23297808 341 0
23310222 360 0
23320284 296 0
23328987 262 0
23339885 309 0
23352258 368 0
23364215 360 0
23376565 361 0
23385304 242 0
23397318 345 0
23408239 311 0
23419385 323 0
23429157 275 0
23441496 358 0
23452925 328 0
23464782 344 0
23476646 363 0
23489143 365 0
23501473 342 0
23513697 350 0
23525761 343 0
23538179 361 0
23546575 249 0
23556802 306 0
23567362 305 0
23578196 309 0
23588380 294 0
23600897 365 0
23613661 361 0
23626442 364 0
23638639 358 0
23650362 346 0
23663147 382 0
23675599 373 0
23688444 369 0
23700403 347 0
23712707 352 0
23725220 364 0
23736850 320 0
23744341 202 0
23756603 349 0
23766406 246 0
23777566 315 0
23786629 275 0
23797966 323 0
23808639 315 0
23820154 333 0
23829584 248 0
23841318 341 0
23852959 341 0
23864742 345 0
23875470 335 0
23887318 337 0
23899079 346 0
23911071 339 0
23923013 352 0
23935495 356 0
23947633 345 0
23958857 78 0
23971132 15 0
23983315 16 0
23995822 17 0
24005615 12 0
24017562 16 0
24029206 16 0
24038306 11 0
24049125 17 0
24059479 16 0
24071028 15 0
24083564 16 0
24095669 15 0
24107872 16 0
24120173 16 0
24132443 16 0
24143167 16 0
24154120 16 0
24164614 16 0
24175396 15 0
24185757 15 0
24196884 15 0
24207878 15 0
24215883 10 0
24227664 16 0
24239506 16 0
24251280 17 0
24263896 17 0
24275644 15 0
24287890 16 0
24300372 15 0
24312293 16 0
24324016 15 0
24335455 16 0
24346977 16 0
24359066 17 0
24370393 10 0
24381795 0 0
24393388 271 0
24405652 348 0
24417940 363 0
24430148 353 0
24442431 378 0
24454736 360 0
24465568 298 0
24477881 350 0
24490159 359 0
24502177 356 0
24514154 341 0
24525968 337 0
24538675 364 0
24550678 370 0
24559876 572 0
24571445 333 0
24583203 340 0
24596023 368 0
24608113 359 0
24619002 684 0
24630679 335 0
24643291 357 0
24655066 334 0
24667326 351 0
24679972 363 0
24691817 353 0
24703416 343 0
24715323 352 0
24723198 336 0
24734132 318 0
24745350 339 0
24756342 319 0
24766419 291 0
24777321 310 0
24787979 301 0
24799930 343 0
24812713 374 0
24824433 328 0
24835717 380 0
24846152 304 0
24858790 361 0
24871322 355 0
24883790 355 0
24895519 354 0
24907735 370 0
24917383 350 0
24929790 359 0
24941967 352 0
24954508 364 0
24966604 346 0
24979038 356 0
24991763 362 0
25003035 308 0
25013595 339 0
25025361 339 0
25037750 361 0
25049963 347 0
25061034 311 0
25071662 315 0
25080473 242 0
25092646 354 0
25103682 310 0
25115006 325 0
25126978 344 0
25138008 326 0
25149546 338 0
25160734 307 0
25172165 322 0
25184588 364 0
25196748 349 0
25205698 339 0
25216262 299 0
25227374 326 0
25239757 380 0
25251155 323 0
25262610 343 0
25270604 225 0
25282379 350 0
25294448 371 0
25306378 354 0
25318149 349 0
25329685 334 0
25340521 310 0
25351260 319 0
25362444 329 0
25373742 323 0
25385767 337 0
25397324 327 0
25407771 310 0
25417774 277 0
25427825 286 0
25435038 241 0
25445084 384 0
25455553 339 0
25463743 284 0
25476098 369 0
25488433 363 0
25499985 348 0
25512337 371 0
25520679 314 0
25531317 326 0
25542114 314 0
25552559 312 0
25564151 346 0
25577121 377 0
25589384 374 0
25599353 389 0
25610555 319 0
25622663 347 0
25634278 341 0
25643903 417 0
25655766 358 0
25667763 355 0
25679702 365 0
25691427 343 0
25703000 370 0
25715461 374 0
25727550 354 0
25739945 355 0
25751942 355 0
25764192 353 0
25775957 326 0
25784788 245 0
25796840 344 0
25808544 360 0
25818754 489 0
25829394 296 0
25840385 306 0
25852153 345 0
25864269 344 0
25876335 349 0
25888816 362 0
25900888 337 0
25912801 343 0
25924930 360 0
25937296 377 0
25950004 387 0
25962822 379 0
25971135 248 0
25982346 358 0
25994521 347 0
26005879 323 0
26017848 356 0
26030049 344 0
26040653 301 0
26052535 351 0
26063532 300 0
26075688 352 0
26088453 366 0
26100427 348 0
26112620 356 0
26124177 323 0
26135675 315 0
26145063 349 0
26157261 386 0
26169693 358 0
26181985 352 0
26193571 335 0
26204645 314 0
26214901 320 0
26227315 362 0
26239466 346 0
26252089 364 0
26263785 336 0
26275449 354 0
26287139 343 0
26295635 301 0
26304722 362 0
26316777 349 0
26326173 267 0
26337456 333 0
26349045 332 0
26361580 360 0
26373298 349 0
26384182 599 0
26395758 630 0
26408143 648 0
26420267 638 0
26432670 644 0
26444806 649 0
26456545 618 0
26467816 595 0
26478224 544 0
26486997 662 0
26499196 655 0
26508941 620 0
26520685 624 0
26529642 597 0
26539674 547 0
26550881 594 0
26560559 506 0
26571106 552 0
26581635 543 0
26589646 516 0
26600391 561 0
26606898 510 0
26618470 644 0
26627321 541 0
26638524 585 0
26650585 645 0
26662908 662 0
26674132 641 0
26686095 632 0
26697842 619 0
26709383 614 0
26720722 609 0
26732532 666 0
26742491 513 0
26753700 585 0
26765243 616 0
26777206 622 0
26788655 634 0
26797455 474 0
26807218 507 0
26815146 513 0
26827628 671 0
26837815 622 0
26849432 639 0
26861029 616 0
26868901 448 0
26879539 549 0
26891258 615 0
26903454 640 0
26912570 474 0
26924382 634 0
26935814 609 0
26947451 615 0
26955965 503 0
26967035 586 0
26979044 643 0
26990768 613 0
27002282 602 0
27014038 640 0
27026189 664 0
27037930 620 0
27049897 628 0
27061953 642 0
27073144 603 0
27085303 654 0
27097698 668 0
27109665 627 0
27117670 539 0
27129756 671 0
27142378 682 0
27150891 450 0
27160945 528 0
27170932 524 0
27181144 529 0
27192256 577 0
27203259 578 0
27214830 617 0
27226952 654 0
27238712 648 0
27249793 591 0
27261804 632 0
27274329 672 0
27286120 620 0
27296706 572 0
27306170 495 0
27318862 673 0
27330374 611 0
27338304 425 0
27348410 528 0
27358626 558 0
27370794 652 0
27382414 619 0
27394630 659 0
27406895 650 0
27418510 609 0
27430871 648 0
27442807 622 0
27454122 597 0
27464627 551 0
27475731 599 0
27486262 554 0
27497627 605 0
27509326 616 0
27521538 638 0
27533570 638 0
27543702 619 0
27555433 616 0
27567763 665 0
27579168 614 0
27589916 559 0
27600432 555 0
27611412 587 0
27622724 609 0
27633258 555 0
27642529 480 0
27653787 600 0
27665502 622 0
27675023 532 0
27686924 632 0
27698909 637 0
27711086 654 0
27723573 658 0
27735652 637 0
27747851 678 0
27757177 573 0
27769358 649 0
27780978 626 0
27792104 573 0
27801722 510 0
27812577 566 0
27822732 532 0
27834027 605 0
27845608 609 0
27857660 634 0
27868967 610 0
27879888 577 0
27891690 632 0
27901109 614 0
27912435 601 0
27924146 618 0
27933525 584 0
27945057 610 0
27956441 602 0
27968259 627 0
27980114 641 0
27992276 648 0
28004056 630 0
28015760 626 0
28027337 622 0
28038842 618 0
28050871 627 0
28062872 633 0
28070629 430 0
28083416 684 0
28094958 625 0
28106516 618 0
28117697 596 0
28129877 650 0
28142028 648 0
28151898 550 0
28161389 541 0
28174315 692 0
28186356 643 0
28198658 673 0
28209942 620 0
28221977 639 0
28233752 628 0
28245565 605 0
28258014 654 0
28269950 665 0
28281793 630 0
28293466 625 0
28302677 551 0
28315511 688 0
28323976 510 0
28335790 624 0
28347605 636 0
28359905 661 0
28371449 625 0
28383057 639 0
28395542 678 0
28408069 677 0
28419940 637 0
28430719 574 0
28442853 664 0
28455449 675 0
28467846 675 0
28479045 589 0
28488876 612 0
28501079 643 0
28509698 516 0
28521153 607 0
28533760 683 0
28546220 665 0
28558239 657 0
28570550 664 0
28582545 642 0
28594976 675 0
28605727 581 0
28611397 1652 0
28623147 620 0
28635142 639 0
28646971 636 0
28658521 620 0
28670256 650 0
28682278 648 0
28689104 384 0
28699967 571 0
28708683 533 0
28720418 646 0
28731947 617 0
28740977 484 0
28752469 609 0
28764910 664 0
28775335 571 0
28787438 653 0
28799496 628 0
28810727 591 0
28821637 564 0
28831938 541 0
28844114 648 0
28856649 672 0
28869110 669 0
28880639 615 0
28889415 543 0
28901601 661 0
28913712 657 0
28925540 638 0
28937186 621 0
28949309 662 0
28957867 532 0
28969528 623 0
28980955 616 0
28993225 660 0
29004435 606 0
29016468 649 0
29028219 626 0
29040727 673 0
29052702 641 0
29064013 609 0
29076485 671 0
29089128 683 0
29100445 613 0
29107918 533 0
29119729 637 0
29131803 644 0
29142731 577 0
29153994 614 0
29166167 667 0
29178136 646 0
29188044 515 0
29199106 606 0
29211083 642 0
29223342 662 0
29233643 569 0
29244065 540 0
29254838 566 0
29266659 627 0
29277760 587 0
29289314 626 0
29301309 629 0
29310547 489 0
29318762 529 0
29330988 634 0
29343444 657 0
29355556 641 0
29367541 645 0
29379065 610 0
29391320 651 0
29403188 640 0
29415144 622 0
29425822 549 0
29435855 519 0
29447529 605 0
29458096 554 0
29468920 566 0
29480139 597 0
29490756 559 0
29501046 591 0
29512934 622 0
29520898 511 0
29529956 566 0
29539675 610 0
29549490 506 0
29559413 597 0
29571839 676 0
29580831 577 0
29592676 628 0
29604894 646 0
29617381 656 0
29628995 627 0
29637472 545 0
29647878 546 0
29659217 601 0
29670531 608 0
29682290 634 0
29691249 548 0
29702008 712 0
29713464 603 0
29722666 584 0
29734126 622 0
29746142 628 0
29754849 450 0
29764806 514 0
29776879 637 0
29789238 665 0
29801512 651 0
29812177 557 0
29821167 504 0
29833160 631 0
29845064 638 0
29856351 612 0
29868491 642 0
29881144 676 0
29893306 641 0
29905110 648 0
29916822 618 0
29925651 555 0
29937966 650 0
29950399 659 0
29962241 634 0
29974414 665 0
29986279 623 0
29998269 644 0
30009657 604 0
30021956 671 0
30031321 544 0
30043128 639 0
30055424 669 0
30067639 654 0
30079012 605 0
30090359 605 0
30102373 638 0
30112492 586 0
30124165 616 0
30135867 646 0
30147510 611 0
30159722 636 0
30171370 618 0
30182741 601 0
30194330 629 0
30205890 626 0
30217296 601 0
30229675 683 0
30241837 656 0
30253609 658 0
30264727 591 0
30276188 614 0
30288464 659 0
30298002 515 0
30309614 631 0
30321412 635 0
30334057 682 0
30345677 620 0
30357225 612 0
30368882 647 0
30381736 693 0
30394298 676 0
30406626 661 0
30418663 641 0
30427831 533 0
30439165 605 0
30450048 578 0
30460495 550 0
30470780 531 0
30481216 549 0
30491220 536 0
30503290 640 0
30515634 651 0
30526943 601 0
30538973 638 0
30550970 647 0
30563723 692 0
30574800 593 0
30585528 559 0
30595562 526 0
30607274 100 0
30616988 18 0
30626017 18 0
30637135 26 0
30649494 24 0
30661252 26 0
30673240 26 0
30685400 25 0
30696999 25 0
30708841 25 0
30720939 25 0
30733328 24 0
30745864 25 0
30757323 25 0
30768396 25 0
30779725 25 0
30792025 26 0
30803201 25 0
30811694 17 0
30823439 24 0
30835130 26 0
30845847 24 0
30857047 25 0
30868252 25 0
30880867 24 0
30892725 26 0
30904395 24 0
30916606 24 0
30929249 24 0
30941062 26 0
30952059 25 0
30963850 26 0
30976122 25 0
30985508 19 0
30997646 25 0
31006187 18 0
31017359 24 0
31029771 25 0
31041473 25 0
31053989 22 0
31065311 20 0
31076425 20 0
31086895 18 0
31097491 20 0
31108938 21 0
31120469 21 0
31132918 0 0
31145170 606 0
31155221 654 0
31163801 659 0
31173716 515 0
31185203 612 0
31197751 669 0
31210357 665 0
31222558 645 0
31234070 625 0
31246614 673 0
31257787 600 0
31269867 641 0
31281348 618 0
31293260 657 0
31305242 627 0
31317360 635 0
31329672 658 0
31341258 646 0
31353571 659 0
31365842 657 0
31377507 619 0
31386893 555 0
31399148 677 0
31410885 617 0
31422720 620 0
31433959 592 0
31445696 609 0
31455669 516 0
31465703 542 0
31477455 625 0
31489405 635 0
31501540 642 0
31513030 617 0
31524739 652 0
31535544 565 0
31547393 630 0
31559557 651 0
31572064 677 0
31583826 645 0
31593392 607 0
31604357 628 0
31615540 582 0
31627725 638 0
31639160 607 0
31651001 632 0
31663471 668 0
31674880 598 0
31686320 615 0
31698191 633 0
31710667 675 0
31721828 591 0
31733141 605 0
31744829 660 0
31757598 693 0
31769369 630 0
31779574 558 0
31791940 660 0
31804002 669 0
31815564 614 0
31823707 478 0
31834639 561 0
31845931 592 0
31856030 526 0
31866689 560 0
31878699 641 0
31891507 690 0
31902528 587 0
31912650 536 0
31922478 526 0
31934349 636 0
31945797 611 0
31957456 619 0
31968858 607 0
31978358 548 0
31989173 564 0
32000848 617 0
32012044 595 0
32020106 513 0
32032010 639 0
32044011 626 0
32055584 604 0
32067751 654 0
32079036 598 0
32091164 659 0
32102720 617 0
32114941 651 0
32126122 584 0
32137884 626 0
32149723 642 0
32158001 487 0
32168298 535 0
32178098 506 0
32188701 550 0
32199720 580 0
32211075 618 0
32223476 670 0
32232991 510 0
32243634 561 0
32255412 632 0
32266132 574 0
32277900 625 0
32289917 643 0
32301383 613 0
32312654 602 0
32324589 662 0
32336742 648 0
32348407 618 0
32357217 514 0
32369260 642 0
32380931 650 0
32392610 624 0
32405237 678 0
32417266 640 0
32429341 643 0
32440978 639 0
32452851 629 0
32461664 535 0
32473398 627 0
32484881 606 0
32496388 627 0
32508424 643 0
32520982 681 0
32533022 650 0
32541577 457 0
32553460 650 0
32565799 658 0
32576739 584 0
32588585 626 0
32599076 572 0
32611954 695 0
32623807 626 0
32635588 720 0
32646130 551 0
32656889 572 0
32667294 541 0
32679066 610 0
32691276 632 0
32703373 633 0
32715157 619 0
32723981 509 0
32735717 646 0
32746683 592 0
32756653 519 0
32766045 518 0
32776971 618 0
32788679 612 0
32796989 480 0
32805705 568 0
32816846 586 0
32828235 599 0
32838744 570 0
32848667 514 0
32859174 544 0
32869904 564 0
32880056 544 0
32891138 611 0
32901486 542 0
32912052 556 0
32921329 499 0
32932627 611 0
32943956 600 0
32953138 491 0
32964697 593 0
32976270 601 0
32983513 393 0
32994689 585 0
33005418 581 0
33015573 530 0
33025892 641 0
33037207 594 0
33049141 618 0
33060269 582 0
33070333 525 0
33081925 616 0
33091876 521 0
33092257 2398 0
33092257 2340 0
33092257 34 0
33092257 0 0
