0 restore_end page_write
0 0 12
0 0 2964
0 0 3833
0 0 4425
0 0 4421
0 0 4558
0 0 4546
0 0 4578
0 0 4646
0 0 4410
0 0 3540
0 0 3738
0 0 4446
0 0 4433
0 0 3697
0 0 3473
0 0 3682
0 0 3618
0 0 3482
0 0 3442
0 0 3385
0 0 3495
0 0 3641
0 0 3061
0 0 3023
0 0 3484
0 0 3348
0 0 3659
0 0 3670
0 0 3703
0 0 3613
0 0 3797
0 0 3857
0 0 3698
0 0 4018
0 0 3815
0 0 3708
0 0 3855
0 0 3993
0 0 3639
0 0 3708
0 0 3870
0 0 3765
0 0 3608
0 0 3564
0 0 3649
0 0 3811
0 0 3713
0 0 3811
0 0 4069
0 0 4026
0 0 3783
0 0 3891
0 0 3621
0 0 3658
0 0 3912
0 0 4085
0 0 3674
0 0 3923
0 0 3808
0 0 3613
0 0 3971
0 0 3976
0 0 3673
0 0 3839
0 0 3604
0 0 3571
0 0 3576
0 0 3592
0 0 3979
0 0 3719
0 0 3581
0 0 3584
0 0 3583
0 0 3637
0 0 3581
0 0 3557
0 0 3803
0 0 3872
0 0 3584
0 0 3629
0 0 3593
0 0 3858
0 0 3914
0 0 3591
0 0 3909
0 0 4182
0 0 3610
0 0 3972
0 0 3697
0 0 3690
0 0 3651
0 0 4072
0 0 3648
0 0 3601
0 0 3695
0 0 3750
0 0 3621
0 0 3567
0 0 3581
0 0 3738
0 0 4085
0 0 3850
0 0 3786
0 0 3618
0 0 4240
0 0 4166
0 0 3996
0 0 3866
0 0 3607
0 0 3873
0 0 3872
0 0 3578
0 0 3557
0 0 3577
0 0 3569
0 0 3586
0 0 3579
0 0 3545
0 0 3577
0 0 3583
0 0 3607
0 0 3574
0 0 3551
0 0 3588
0 0 3566
0 0 3588
0 0 3581
0 0 3543
0 0 3592
0 0 4222
0 0 4897
0 0 3917
0 0 5200
0 0 5173
0 0 5240
0 0 5160
0 0 5249
0 0 5306
0 0 5265
0 0 5014
0 0 5134
0 0 5316
0 0 5211
0 0 5220
0 0 5170
0 0 5030
0 0 5106
0 0 5192
0 0 5271
0 0 5138
0 0 5082
0 0 5188
0 0 5057
0 0 5091
0 0 5255
0 0 5103
0 0 5294
0 0 5244
0 0 5177
0 0 5085
0 0 5041
0 0 5274
0 0 5200
0 0 5221
0 0 5020
0 0 5104
0 0 5317
0 0 5043
0 0 5230
0 0 5130
0 0 4942
0 0 3897
0 0 3725
0 0 3636
0 0 3864
0 0 3889
0 0 3764
0 0 3768
0 0 3848
0 0 3814
0 0 3901
0 0 3554
0 0 3636
0 0 4002
0 0 3786
0 0 4981
0 0 3563
0 0 3915
0 0 4176
0 0 4047
0 0 3878
0 0 3592
0 0 4155
0 0 3864
0 0 4084
0 0 3575
0 0 3774
0 0 3738
0 0 3625
0 0 3971
0 0 3545
0 0 3785
0 0 3859
0 0 3964
0 0 3763
0 0 3631
0 0 3607
0 0 4018
0 0 3745
0 0 4006
0 0 3799
0 0 3801
0 0 3924
0 0 4097
0 0 3790
0 0 3593
0 0 3746
0 0 3565
0 0 3983
0 0 3544
0 0 3753
0 0 3572
0 0 3553
0 0 3571
0 0 3799
0 0 3576
0 0 3649
0 0 3708
0 0 3577
0 0 3730
0 0 3584
0 0 4078
0 0 3969
0 0 3884
0 0 3596
0 0 3590
0 0 3618
0 0 4035
0 0 3905
0 0 3675
0 0 3590
0 0 4015
0 0 3693
0 0 3599
0 0 3829
0 0 3623
0 0 4109
0 0 3703
0 0 3856
0 0 3550
0 0 3751
0 0 3721
0 0 3997
0 0 3770
0 0 3577
0 0 3747
0 0 4011
0 0 4054
0 0 4004
0 0 3613
0 0 3939
0 0 3824
0 0 3897
0 0 3865
0 0 3805
0 0 3718
0 0 3737
0 0 4110
0 0 3618
0 0 4058
0 0 3724
0 0 3749
0 0 3716
0 0 3554
0 0 3927
0 0 3594
0 0 3930
0 0 3983
0 0 3700
0 0 4018
0 0 3892
0 0 3969
0 0 3659
0 0 3813
0 0 3946
0 0 3698
0 0 4065
0 0 3904
0 0 3889
0 0 4016
0 0 4193
0 0 3995
0 0 3629
0 0 3755
0 0 3788
0 0 3716
0 0 3941
0 0 3611
0 0 3699
0 0 3586
0 0 3608
0 0 3826
0 0 3708
0 0 3792
0 0 3721
0 0 3859
0 0 3797
0 0 3683
0 0 3692
0 0 3957
0 0 3713
0 0 3787
0 0 3928
0 0 4185
0 0 3846
0 0 3806
0 0 3773
0 0 4087
0 0 3895
0 0 3657
0 0 3935
0 0 3747
0 0 3969
0 0 4051
0 0 4014
0 0 4035
0 0 3588
0 0 3933
0 0 4007
0 0 5066
0 0 4961
0 0 5010
0 0 5105
0 0 5235
0 0 5326
0 0 5324
0 0 5340
0 0 5281
0 0 5271
0 0 3728
0 0 4011
0 0 4902
0 0 3869
0 0 4781
0 0 4972
0 0 4945
0 0 4948
0 0 4992
0 0 4985
0 0 3582
0 0 3582
0 0 4012
0 0 4142
0 0 3986
0 0 3562
0 0 3729
0 0 3855
0 0 4048
0 0 3769
0 0 3983
0 0 4003
0 0 3882
0 0 3894
0 0 3553
0 0 3808
0 0 3723
0 0 3659
0 0 3995
0 0 3732
0 0 3738
0 0 3985
0 0 3872
0 0 3945
0 0 3790
0 0 3650
0 0 4937
0 0 5166
0 0 5021
0 0 5081
0 0 4347
0 0 4998
0 0 4945
0 0 4970
0 0 3952
0 0 3700
0 0 3661
0 0 3671
0 0 4457
0 0 4977
0 0 4979
0 0 4992
0 0 4961
0 0 4905
0 0 4901
0 0 4979
0 0 4984
0 0 4871
0 0 4945
0 0 4977
0 0 3626
0 0 3777
0 0 3557
0 0 3594
0 0 3933
0 0 3625
0 0 3579
0 0 3544
0 0 4943
0 0 5132
0 0 5110
0 0 5208
0 0 5315
0 0 5176
0 0 5233
0 0 5311
0 0 5303
0 0 5055
0 0 5185
0 0 5296
0 0 5245
0 0 4997
0 0 5167
0 0 5058
0 0 5074
0 0 4999
0 0 5124
0 0 5251
0 0 5339
0 0 5085
0 0 5050
0 0 5281
0 0 5091
0 0 5199
0 0 5239
0 0 5242
0 0 5085
0 0 5052
0 0 5270
0 0 5146
0 0 3771
0 0 3736
0 0 3668
0 0 3730
0 0 3691
0 0 3731
0 0 3717
0 0 3723
0 0 3720
0 0 3709
0 0 3734
0 0 3718
0 0 3723
0 0 3715
0 0 3690
0 0 3749
0 0 3725
0 0 3733
0 0 3724
0 0 3700
0 0 3740
0 0 3738
0 0 3685
0 0 3734
0 0 3703
0 0 3741
0 0 3727
0 0 3725
0 0 3717
0 0 3697
0 0 3741
0 0 3833
0 0 3704
0 0 3721
0 0 3703
0 0 3744
0 0 3727
0 0 3718
0 0 3724
0 0 3678
0 0 3719
0 0 3718
0 0 3710
0 0 3686
0 0 3698
0 0 3722
0 0 3696
0 0 3713
0 0 3723
0 0 3715
0 0 3740
0 0 3724
0 0 3732
0 0 3725
0 0 3949
0 0 3756
0 0 3708
0 0 3724
0 0 3738
0 0 3703
0 0 3721
0 0 3717
0 0 3716
0 0 3727
0 0 3683
0 0 3717
0 0 3724
0 0 3728
0 0 3892
0 0 3738
0 0 3716
0 0 3711
0 0 3712
0 0 3675
0 0 3740
0 0 3716
0 0 3732
0 0 3730
0 0 3690
0 0 3743
0 0 3725
0 0 3720
0 0 3731
0 0 3690
0 0 3735
0 0 3735
0 0 3727
0 0 3715
0 0 3700
0 0 3740
0 0 5070
0 0 5191
0 0 4947
0 0 4988
0 0 5060
0 0 5199
0 0 5243
0 0 5156
0 0 5087
0 0 5221
0 0 3744
0 0 3740
0 0 3707
0 0 3703
0 0 3718
0 0 3847
0 0 3737
0 0 3896
0 0 3716
0 0 3684
0 0 3701
0 0 3707
0 0 3710
0 0 3728
0 0 3690
0 0 3726
0 0 3725
0 0 3701
0 0 3710
0 0 3689
0 0 3742
0 0 3738
0 0 3718
0 0 3719
0 0 3692
0 0 3725
0 0 3863
0 0 3833
0 0 3775
0 0 3740
0 0 3718
0 0 3845
0 0 3745
0 0 3731
0 0 3737
0 0 3753
0 0 3709
0 0 3782
0 0 3683
0 0 3688
0 0 3714
0 0 3899
0 0 3897
0 0 3841
0 0 3681
0 0 3822
0 0 3716
0 0 3712
0 0 3724
0 0 3831
0 0 3812
0 0 3718
0 0 3736
0 0 3708
0 0 3863
0 0 3716
0 0 3834
0 0 3714
0 0 3680
0 0 3732
0 0 3727
0 0 3728
0 0 3716
0 0 3849
0 0 3833
0 0 3862
0 0 3737
0 0 3717
0 0 3690
0 0 3916
0 0 3728
0 0 3728
0 0 3716
0 0 3700
0 0 3723
0 0 3686
0 0 3706
0 0 3716
0 0 3685
0 0 3718
0 0 3717
0 0 3736
0 0 3727
0 0 3715
0 0 3763
0 0 3742
0 0 3888
0 0 3701
0 0 3954
0 0 4030
0 0 3734
0 0 3708
0 0 3782
0 0 3704
0 0 3706
0 0 3729
0 0 3861
0 0 3870
0 0 3769
0 0 3730
0 0 3705
0 0 3790
0 0 3741
0 0 3698
0 0 4006
0 0 3993
0 0 3725
0 0 3801
0 0 3870
0 0 3727
0 0 4062
0 0 3713
0 0 3702
0 0 3726
0 0 3804
0 0 3733
0 0 3923
0 0 3877
0 0 3737
0 0 3831
0 0 3707
0 0 3973
0 0 3727
0 0 3703
0 0 4050
0 0 3711
0 0 3890
0 0 3840
0 0 3927
0 0 3874
0 0 3735
0 0 3661
0 0 3703
0 0 3723
0 0 3732
0 0 3729
0 0 3668
0 0 3848
0 0 3813
0 0 3982
0 0 4033
0 0 3676
0 0 3719
0 0 3759
0 0 3991
0 0 3980
0 0 3917
0 0 3730
0 0 4056
0 0 3720
0 0 3714
0 0 3705
0 0 3724
0 0 3757
0 0 3950
0 0 4162
0 0 3696
0 0 4023
0 0 3818
0 0 4084
0 0 4048
0 0 3721
0 0 3980
0 0 3841
0 0 3766
0 0 3879
0 0 3780
0 0 4084
0 0 3739
0 0 3849
0 0 3903
0 0 4025
0 0 4087
0 0 4159
0 0 3921
0 0 3715
0 0 4120
0 0 4168
0 0 3720
0 0 3811
0 0 3853
0 0 3736
0 0 3947
0 0 3688
0 0 3689
0 0 3716
0 0 3874
0 0 3688
0 0 3694
0 0 4129
0 0 3715
0 0 4418
0 0 4935
0 0 5065
0 0 4963
0 0 5024
0 0 4966
0 0 4852
0 0 4859
0 0 4918
0 0 4625
0 0 4967
0 0 5204
0 0 5221
0 0 5237
0 0 5274
0 0 5114
0 0 5199
0 0 5122
0 0 5197
0 0 5098
0 0 5158
0 0 5230
0 0 5219
0 0 5246
0 0 5079
0 0 4941
0 0 5017
0 0 5155
0 0 5269
0 0 3768
0 0 3865
0 0 3847
0 0 3828
0 0 3726
0 0 3767
0 0 3700
0 0 3708
0 0 3732
0 0 3716
0 0 3749
0 0 3734
0 0 4133
0 0 3767
0 0 3779
0 0 3816
0 0 3805
0 0 3683
0 0 3726
0 0 3722
0 0 4029
0 0 4103
0 0 3913
0 0 3710
0 0 3973
0 0 4039
0 0 3873
0 0 3898
0 0 3790
0 0 3699
0 0 3841
0 0 3802
0 0 3711
0 0 3710
0 0 3701
0 0 3824
0 0 3863
0 0 3704
0 0 3706
0 0 4031
0 0 4951
0 0 4750
0 0 5003
0 0 4659
0 0 3711
0 0 3660
0 0 3746
0 0 3706
0 0 3698
0 0 3752
0 0 4844
0 0 5223
0 0 5206
0 0 5171
0 0 5244
0 0 5237
0 0 5293
0 0 5156
0 0 5136
0 0 5220
0 0 3692
0 0 3972
0 0 3744
0 0 3832
0 0 3950
0 0 3852
0 0 3684
0 0 3761
0 0 3723
0 0 3953
0 0 4020
0 0 3667
0 0 3916
0 0 3772
0 0 3881
0 0 3903
0 0 5024
0 0 4948
0 0 5008
0 0 4941
0 0 5039
0 0 4992
0 0 4965
0 0 4590
0 0 4261
0 0 3720
0 0 3716
0 0 3926
0 0 3932
0 0 3731
0 0 4127
0 0 3893
0 0 3677
0 0 3338
0 0 3615
0 0 3965
0 0 4049
0 0 3818
0 0 3699
0 0 3753
0 0 4025
0 0 3795
0 0 4093
0 0 3722
0 0 4070
0 0 4000
0 0 4062
0 0 4126
0 0 3701
0 0 3719
0 0 3688
0 0 3993
0 0 4031
0 0 3712
0 0 3720
0 0 3845
0 0 4282
0 0 4941
0 0 4933
0 0 4988
0 0 4950
0 0 4996
0 0 4868
0 0 3798
0 0 3823
0 0 3719
0 0 3703
0 0 3824
0 0 3849
0 0 3831
0 0 3705
0 0 3778
0 0 3710
0 0 3716
0 0 4031
0 0 3716
0 0 3839
0 0 4086
0 0 3697
0 0 3696
0 0 4745
0 0 5032
0 0 4910
0 0 4937
0 0 4990
0 0 4991
0 0 4649
0 0 4835
0 0 4911
0 0 4865
0 0 3543
0 0 3567
0 0 4673
0 0 5111
0 0 4958
0 0 4985
0 0 5009
0 0 5095
0 0 4957
0 0 4998
0 0 3686
0 0 3913
0 0 3691
0 0 3679
0 0 3707
0 0 3765
0 0 3699
0 0 3705
0 0 3704
0 0 3713
0 0 4722
0 0 4972
0 0 3625
0 0 3712
0 0 4045
0 0 3685
0 0 3695
0 0 3649
0 0 3980
0 0 3710
0 0 3748
0 0 3947
0 0 3911
0 0 3702
0 0 4135
0 0 3992
0 0 3967
0 0 3725
0 0 3990
0 0 3734
0 0 3923
0 0 3715
0 0 3727
0 0 3789
0 0 3871
0 0 3714
0 0 3692
0 0 3701
0 0 3719
0 0 3802
0 0 4152
0 0 3735
0 0 3946
0 0 3893
0 0 3959
0 0 3991
0 0 4129
0 0 4952
0 0 4991
0 0 4907
0 0 4950
0 0 4819
0 0 4984
0 0 4913
0 0 4775
0 0 4972
0 0 4981
0 0 4945
0 0 4962
0 0 3906
0 0 5067
0 0 5112
0 0 5092
0 0 4008
0 0 3578
0 0 3550
0 0 4563
0 0 4803
0 0 5228
0 0 4962
0 0 3694
0 0 3684
0 0 3836
0 0 3700
0 0 3703
0 0 3703
0 0 3774
0 0 3846
0 0 3884
0 0 3787
0 0 3704
0 0 3724
0 0 3805
0 0 3692
0 0 3683
0 0 3866
0 0 3869
0 0 3823
0 0 3765
0 0 3720
0 0 3871
0 0 3804
0 0 3801
0 0 3733
0 0 3747
0 0 3713
0 0 4153
0 0 5026
0 0 4899
0 0 4904
0 0 4876
0 0 4945
0 0 3746
0 0 3768
0 0 3720
0 0 3766
0 0 4066
0 0 3718
0 0 4062
0 0 3694
0 0 3894
0 0 3615
0 0 3702
0 0 3812
0 0 3720
0 0 3680
0 0 4091
0 0 4962
0 0 4969
0 0 4997
0 0 4981
0 0 4397
0 0 3732
0 0 3765
0 0 3656
0 0 3721
0 0 3685
0 0 3695
0 0 3686
0 0 3667
0 0 3716
0 0 3775
0 0 3941
0 0 3725
0 0 3873
0 0 3715
0 0 4111
0 0 4982
0 0 4918
0 0 4997
0 0 3581
0 0 3704
0 0 5077
0 0 5110
0 0 5078
0 0 5037
0 0 4948
0 0 5289
0 0 5202
0 0 5293
0 0 5134
0 0 5115
0 0 5142
0 0 5259
0 0 5303
0 0 5307
0 0 4732
0 0 3567
0 0 4846
0 0 3966
0 0 4519
0 0 5138
0 0 5270
0 0 5216
0 0 5184
0 0 5194
0 0 5262
0 0 5136
0 0 5031
0 0 5076
0 0 3961
0 0 3707
0 0 4136
0 0 4025
0 0 3764
0 0 3768
0 0 4171
0 0 4917
0 0 4979
0 0 5000
0 0 4985
0 0 4960
0 0 5011
0 0 4275
0 0 3734
0 0 3801
0 0 3737
0 0 3774
0 0 3959
0 0 3855
0 0 3923
0 0 3714
0 0 3747
0 0 3731
0 0 3730
0 0 3668
0 0 4033
0 0 4985
0 0 4968
0 0 4033
0 0 3754
0 0 4039
0 0 3855
0 0 3786
0 0 3720
0 0 3720
0 0 3908
0 0 4094
0 0 3989
0 0 3715
0 0 3779
0 0 3755
0 0 3700
0 0 3899
0 0 4054
0 0 3962
0 0 3715
0 0 3899
0 0 3684
0 0 3738
0 0 3876
0 0 3970
0 0 3723
0 0 3882
0 0 3734
0 0 3884
0 0 4312
0 0 4917
0 0 4991
0 0 3874
0 0 3842
0 0 3857
0 0 3924
0 0 3706
0 0 3804
0 0 3902
0 0 3885
0 0 3886
0 0 3721
0 0 3739
0 0 3803
0 0 3732
0 0 4030
0 0 3744
0 0 3718
0 0 3756
0 0 3874
0 0 3762
0 0 3867
0 0 3854
0 0 4029
0 0 4007
0 0 3721
0 0 3904
0 0 3987
0 0 3881
0 0 4075
0 0 4100
0 0 3879
0 0 4186
0 0 3998
0 0 4027
0 0 3728
0 0 4022
0 0 4107
0 0 3883
0 0 3721
0 0 3782
0 0 4067
0 0 3882
0 0 3976
0 0 3722
0 0 3761
0 0 3985
0 0 3945
0 0 3695
0 0 3951
0 0 4120
0 0 3910
0 0 3725
0 0 3954
0 0 3761
0 0 3801
0 0 3837
0 0 4003
0 0 3760
0 0 4203
0 0 5113
0 0 4974
0 0 4993
0 0 4120
0 0 3668
0 0 3690
0 0 3781
0 0 3703
0 0 3774
0 0 3894
0 0 3840
0 0 3881
0 0 3722
0 0 4085
0 0 3886
0 0 3829
0 0 3986
0 0 3853
0 0 3733
0 0 3785
0 0 3751
0 0 3740
0 0 3812
0 0 3908
0 0 4067
0 0 4041
0 0 3850
0 0 3925
0 0 3864
0 0 3862
0 0 3739
0 0 3777
0 0 3815
0 0 4062
0 0 3689
0 0 3891
0 0 3915
0 0 3905
0 0 3899
0 0 3757
0 0 3651
0 0 4048
0 0 3932
0 0 3716
0 0 4110
0 0 3786
0 0 3832
0 0 3831
0 0 3804
0 0 4138
0 0 4172
0 0 3761
0 0 3733
0 0 3692
0 0 3712
0 0 3731
0 0 3754
0 0 3705
0 0 3727
0 0 3715
0 0 3714
0 0 3720
0 0 3711
0 0 3882
0 0 3700
0 0 3924
0 0 4108
0 0 3737
0 0 3715
0 0 3704
0 0 3709
0 0 3727
0 0 3826
0 0 3753
0 0 3715
0 0 3760
0 0 3850
0 0 3723
0 0 3702
0 0 3745
0 0 3739
0 0 3709
0 0 3700
0 0 3707
0 0 3712
0 0 3777
0 0 3889
0 0 3827
0 0 3701
0 0 3744
0 0 3725
0 0 3716
0 0 3726
0 0 4037
0 0 3974
0 0 4048
0 0 3761
0 0 3789
0 0 3773
0 0 3930
0 0 3834
0 0 3715
0 0 3945
0 0 3856
0 0 3701
0 0 3818
0 0 4049
0 0 3885
0 0 3897
0 0 3723
0 0 3795
0 0 3828
0 0 3762
0 0 3710
0 0 3782
0 0 3663
0 0 3599
0 0 3761
0 0 3708
0 0 3695
0 0 3854
0 0 3706
0 0 3775
0 0 3712
0 0 3762
0 0 4045
0 0 3691
0 0 3948
0 0 3938
0 0 3802
0 0 3776
0 0 3660
0 0 3716
0 0 3877
0 0 3701
0 0 3703
0 0 3949
0 0 3715
0 0 3714
0 0 3895
0 0 3779
0 0 3690
0 0 3712
0 0 3763
0 0 3765
0 0 3693
0 0 3766
0 0 3709
0 0 3706
0 0 3734
0 0 4107
0 0 3979
0 0 3718
0 0 3816
0 0 3848
0 0 3998
0 0 3789
0 0 3717
0 0 3728
0 0 3672
0 0 3756
0 0 3695
0 0 3695
0 0 4055
0 0 3784
0 0 3852
0 0 3718
0 0 3871
0 0 3822
0 0 3698
0 0 3850
0 0 3716
0 0 3888
0 0 3863
0 0 3767
0 0 3799
0 0 3701
0 0 3820
0 0 3905
0 0 4034
0 0 3676
0 0 3701
0 0 3802
0 0 3849
0 0 3944
0 0 3729
0 0 3744
0 0 3751
0 0 3795
0 0 3776
0 0 3682
0 0 3867
0 0 4031
0 0 3706
0 0 4006
0 0 3689
0 0 3646
0 0 3695
0 0 4106
0 0 3781
0 0 3817
0 0 3691
0 0 4077
0 0 4087
0 0 3645
0 0 3686
0 0 4052
0 0 3976
0 0 3974
0 0 3683
0 0 3703
0 0 3718
0 0 3941
0 0 4157
0 0 3955
0 0 3713
0 0 3761
0 0 4365
0 0 3725
0 0 3758
0 0 3770
0 0 3868
0 0 4064
0 0 3888
0 0 3705
0 0 4176
0 0 3841
0 0 4103
0 0 3679
0 0 3735
0 0 4004
0 0 3853
0 0 3859
0 0 3920
0 0 3737
0 0 3713
0 0 4102
0 0 3724
0 0 3709
0 0 3893
0 0 3812
0 0 3920
0 0 3791
0 0 3715
0 0 3939
0 0 4084
0 0 3752
0 0 3755
0 0 3711
0 0 3705
0 0 3763
0 0 3684
0 0 3880
0 0 3711
0 0 4007
0 0 4053
0 0 4032
0 0 3666
0 0 3944
0 0 3755
0 0 3823
0 0 3736
0 0 3717
0 0 4019
0 0 3737
0 0 4243
0 0 3681
0 0 3720
0 0 4030
0 0 3730
0 0 3761
0 0 3776
0 0 3710
0 0 3804
0 0 3931
0 0 3794
0 0 3714
0 0 3736
0 0 3741
0 0 3708
0 0 4045
0 0 3687
0 0 4026
0 0 3940
0 0 3806
0 0 3986
0 0 3709
0 0 3849
0 0 3734
0 0 4238
0 0 3724
0 0 3782
0 0 3804
0 0 3745
0 0 3864
0 0 3798
0 0 3717
0 0 3996
0 0 3805
0 0 3717
0 0 3680
0 0 3717
0 0 3718
0 0 3706
0 0 3694
0 0 3680
0 0 3706
0 0 3689
0 0 3714
0 0 3699
0 0 4012
0 0 3955
0 0 3691
0 0 3693
0 0 3902
0 0 3736
0 0 3708
0 0 3717
0 0 3980
0 0 3733
0 0 3680
0 0 3693
0 0 3814
0 0 3693
0 0 3695
0 0 3732
0 0 3733
0 0 4109
0 0 3749
0 0 3693
0 0 3773
0 0 3742
0 0 3750
0 0 3758
0 0 3709
0 0 3696
0 0 3687
0 0 3809
0 0 3706
0 0 3748
0 0 3715
0 0 3761
0 0 3745
0 0 3835
0 0 3844
0 0 3830
0 0 3847
0 0 3729
0 0 3695
0 0 3682
0 0 3703
0 0 3689
0 0 3728
0 0 3801
0 0 3781
0 0 3868
0 0 3942
0 0 3918
0 0 3713
0 0 3676
0 0 3745
0 0 4137
0 0 3849
0 0 3692
0 0 3671
0 0 3812
0 0 3763
0 0 3730
0 0 3731
0 0 3684
0 0 3749
0 0 3947
0 0 4183
0 0 3760
0 0 3720
0 0 3747
0 0 4187
0 0 3728
0 0 3894
0 0 3710
0 0 4031
0 0 3686
0 0 3772
0 0 3665
0 0 3705
0 0 3723
0 0 3706
0 0 3915
0 0 3958
0 0 3700
0 0 3872
0 0 4073
0 0 3948
0 0 3985
0 0 4026
0 0 3911
0 0 3894
0 0 3974
0 0 4072
0 0 3709
0 0 3855
0 0 3821
0 0 3672
0 0 3704
0 0 3761
0 0 3943
0 0 3979
0 0 3760
0 0 3717
0 0 3705
0 0 3760
0 0 3739
0 0 3747
0 0 3762
0 0 3713
0 0 3703
0 0 3697
0 0 3721
0 0 4033
0 0 3700
0 0 4039
0 0 3820
0 0 3720
0 0 3798
0 0 3824
0 0 3768
0 0 3937
0 0 3702
0 0 3692
0 0 3784
0 0 3907
0 0 3674
0 0 3723
0 0 3725
0 0 3716
0 0 3727
0 0 3920
0 0 3704
0 0 3716
0 0 3717
0 0 3867
0 0 3804
0 0 3703
0 0 4167
0 0 3734
0 0 3695
0 0 3739
0 0 3725
0 0 3795
0 0 3709
0 0 3738
0 0 3809
0 0 3912
0 0 4059
0 0 3715
0 0 3777
0 0 3682
0 0 3825
0 0 3811
0 0 4001
0 0 3779
0 0 3703
0 0 3762
0 0 3741
0 0 3722
0 0 3700
0 0 3724
0 0 3767
0 0 3670
0 0 3698
0 0 3666
0 0 3695
0 0 3857
0 0 3970
0 0 3722
0 0 3740
0 0 3716
0 0 3858
0 0 3763
0 0 3937
0 0 3962
0 0 3701
0 0 3921
0 0 3677
0 0 4109
0 0 3965
0 0 3808
0 0 3772
0 0 3958
0 0 3701
0 0 3710
0 0 3704
0 0 3740
0 0 3783
0 0 3780
0 0 3719
0 0 3739
0 0 3728
0 0 3693
0 0 3824
0 0 3641
0 0 3988
0 0 3938
0 0 3843
0 0 3788
0 0 3716
0 0 3699
0 0 3681
0 0 3645
0 0 3668
0 0 3702
0 0 3674
0 0 3762
0 0 3761
0 0 3740
0 0 3711
0 0 3894
0 0 3728
0 0 3792
0 0 3677
0 0 3689
0 0 3676
0 0 3903
0 0 3864
0 0 3683
0 0 3708
0 0 3944
0 0 3706
0 0 3780
0 0 3681
0 0 3689
0 0 4014
0 0 3684
0 0 3704
0 0 3683
0 0 3698
0 0 3707
0 0 3658
0 0 3688
0 0 3672
0 0 3682
0 0 3695
0 0 3986
0 0 3708
0 0 3902
0 0 3694
0 0 3930
0 0 3718
0 0 3742
0 0 3704
0 0 3983
0 0 4214
0 0 4190
0 0 3676
0 0 3707
0 0 4042
0 0 3712
0 0 3682
0 0 3706
0 0 3738
0 0 3873
0 0 3861
0 0 3771
0 0 3764
0 0 3789
0 0 3703
0 0 3847
0 0 3733
0 0 3858
0 0 4781
0 0 4968
0 0 5024
0 0 4735
0 0 4057
0 0 5061
0 0 5116
0 0 5151
0 0 5104
0 0 5112
0 0 5069
0 0 5062
0 0 5125
0 0 4895
0 0 3759
0 0 3809
0 0 3967
0 0 3755
0 0 3967
0 0 3812
0 0 3865
0 0 3727
0 0 4133
0 0 3861
0 0 3888
0 0 3898
0 0 4118
0 0 3760
0 0 3702
0 0 3705
0 0 3904
0 0 3778
0 0 3807
0 0 3937
0 0 3896
0 0 3991
0 0 3786
0 0 4038
0 0 3770
0 0 3802
0 0 4027
0 0 3889
0 0 3806
0 0 4089
0 0 3907
0 0 3827
0 0 4056
0 0 3757
0 0 3963
0 0 3772
0 0 4130
0 0 3987
0 0 3862
0 0 3654
0 0 3785
0 0 3798
0 0 4104
0 0 5011
0 0 4920
0 0 4997
0 0 4895
0 0 4922
0 0 4978
0 0 4934
0 0 4939
0 0 4898
0 0 4866
0 0 3999
0 0 3836
0 0 3713
0 0 3730
0 0 3832
0 0 3899
0 0 3977
0 0 4957
0 0 5125
0 0 4135
0 0 3543
0 0 3567
0 0 4949
0 0 4987
0 0 5056
0 0 5169
0 0 5014
0 0 3942
0 0 3909
0 0 3917
0 0 3885
0 0 3915
0 0 3916
0 0 3881
0 0 3766
0 0 3994
0 0 3722
0 0 3908
0 0 3791
0 0 3799
0 0 3810
0 0 3942
0 0 3901
0 0 3703
0 0 3899
0 0 3986
0 0 3759
0 0 3810
0 0 3679
0 0 3816
0 0 3713
0 0 4172
0 0 3707
0 0 3693
0 0 3910
0 0 3908
0 0 3992
0 0 3773
0 0 3719
0 0 3771
0 0 3935
0 0 3774
0 0 3859
0 0 3800
0 0 3901
0 0 4063
0 0 3811
0 0 3954
0 0 3709
0 0 3833
0 0 4132
0 0 4104
0 0 4065
0 0 4007
0 0 3795
0 0 3776
0 0 3705
0 0 3728
0 0 3832
0 0 3998
0 0 3887
0 0 3662
0 0 3684
0 0 3684
0 0 3838
0 0 4145
0 0 3886
0 0 3703
0 0 3725
0 0 3749
0 0 3728
0 0 4102
0 0 3916
0 0 3707
0 0 3756
0 0 4167
0 0 3933
0 0 4115
0 0 4258
0 0 3812
0 0 3992
0 0 3716
0 0 3818
0 0 3808
0 0 3684
0 0 4033
0 0 4091
0 0 3682
0 0 3781
0 0 3778
0 0 3712
0 0 3924
0 0 4271
0 0 3913
0 0 3653
0 0 3758
0 0 3698
0 0 3980
0 0 3769
0 0 3930
0 0 3728
0 0 3971
0 0 4245
0 0 3920
0 0 3835
0 0 3690
0 0 3786
0 0 4027
0 0 4162
0 0 3995
0 0 4187
0 0 3731
0 0 3830
0 0 3735
0 0 3699
0 0 3903
0 0 3694
0 0 3765
0 0 3856
0 0 3707
0 0 3822
0 0 3762
0 0 4048
0 0 3804
0 0 3973
0 0 3876
0 0 3773
0 0 4119
0 0 3720
0 0 3748
0 0 3907
0 0 3699
0 0 4005
0 0 3830
0 0 3683
0 0 3773
0 0 3873
0 0 3936
0 0 3811
0 0 3872
0 0 3922
0 0 3779
0 0 3714
0 0 3822
0 0 3802
0 0 3798
0 0 3702
0 0 3788
0 0 3862
0 0 3984
0 0 4340
0 0 3686
0 0 3656
0 0 4029
0 0 3848
0 0 3939
0 0 3637
0 0 3614
0 0 3775
0 0 3743
0 0 4066
0 0 3562
0 0 4018
0 0 3661
0 0 3915
0 0 3952
0 0 3878
0 0 4994
0 0 5159
0 0 5034
0 0 5069
0 0 4907
0 0 5045
0 0 5024
0 0 5090
0 0 4908
0 0 5008
0 0 5038
0 0 5107
0 0 5056
0 0 4969
0 0 4934
0 0 4943
0 0 5030
0 0 5059
0 0 5143
0 0 4825
0 0 3660
0 0 3834
0 0 3609
0 0 3654
0 0 3640
0 0 3641
0 0 3669
0 0 3627
0 0 3690
0 0 3735
0 0 3622
0 0 3671
0 0 3539
0 0 3607
0 0 3670
0 0 3717
0 0 3793
0 0 3519
0 0 3767
0 0 3672
0 0 3525
0 0 3910
0 0 3763
0 0 3600
0 0 3769
0 0 3693
0 0 3768
0 0 3718
0 0 3612
0 0 3931
0 0 3913
0 0 4008
0 0 3809
0 0 3610
0 0 3829
0 0 3708
0 0 3657
0 0 3638
0 0 3637
0 0 3909
0 0 3744
0 0 3588
0 0 3735
0 0 3778
0 0 3589
0 0 3631
0 0 3641
0 0 3639
0 0 3668
0 0 3732
0 0 3687
0 0 3822
0 0 3635
0 0 3673
0 0 3610
0 0 3620
0 0 3651
0 0 3641
0 0 3681
0 0 3687
0 0 3798
0 0 3633
0 0 3627
0 0 3736
0 0 3910
0 0 3772
0 0 3581
0 0 3628
0 0 3694
0 0 3913
0 0 3707
0 0 3606
0 0 3726
0 0 3940
0 0 3866
0 0 3693
0 0 3590
0 0 3605
0 0 3910
0 0 3687
0 0 3780
0 0 3773
0 0 3750
0 0 3709
0 0 3823
0 0 3863
0 0 3501
0 0 3811
0 0 3707
0 0 3660
0 0 3692
0 0 3504
0 0 3517
0 0 3613
0 0 4139
0 0 3772
0 0 3653
0 0 3695
0 0 3770
0 0 3775
0 0 3585
0 0 3494
0 0 3833
0 0 3644
0 0 3745
0 0 3781
0 0 3709
0 0 3607
0 0 3651
0 0 3793
0 0 3755
0 0 3626
0 0 3858
0 0 4078
0 0 4681
0 0 4731
0 0 4824
0 0 4234
0 0 3745
0 0 3593
0 0 3976
0 0 3846
0 0 3898
0 0 3644
0 0 3853
0 0 3865
0 0 3797
0 0 3883
0 0 3919
0 0 3545
0 0 3783
0 0 3708
0 0 3675
0 0 3654
0 0 4028
0 0 3610
0 0 3633
0 0 3678
0 0 3791
0 0 3536
0 0 3927
0 0 3624
0 0 3582
0 0 3841
0 0 3681
0 0 3684
0 0 3458
0 0 3720
0 0 3690
0 0 3663
0 0 3639
0 0 3702
0 0 3637
0 0 3917
0 0 3746
0 0 3577
0 0 4076
0 0 3852
0 0 3792
0 0 3805
0 0 3607
0 0 3659
0 0 3962
0 0 3935
0 0 3688
0 0 3870
0 0 3792
0 0 4477
0 0 4848
0 0 5035
0 0 5093
0 0 4883
0 0 4811
0 0 4908
0 0 4869
0 0 4888
0 0 4851
0 0 4896
0 0 4827
0 0 4658
0 0 3442
0 0 3476
0 0 4264
0 0 4921
0 0 4879
0 0 4947
0 0 4774
0 0 5024
0 0 4917
0 0 4765
0 0 4016
0 0 3852
0 0 3787
0 0 3637
0 0 3572
0 0 3926
0 0 3547
0 0 3816
0 0 3535
0 0 4189
0 0 4932
0 0 4869
0 0 4875
0 0 3878
0 0 3709
0 0 3579
0 0 3611
0 0 3751
0 0 3536
0 0 3591
0 0 3502
0 0 3409
0 0 3642
0 0 3591
0 0 3590
0 0 3621
0 0 3548
0 0 3607
0 0 3607
0 0 3686
0 0 3717
0 0 3748
0 0 3578
0 0 3522
0 0 3705
0 0 3638
0 0 3575
0 0 3658
0 0 3637
0 0 4006
0 0 4117
0 0 3761
0 0 3572
0 0 3598
0 0 3641
0 0 3642
0 0 3792
0 0 3565
0 0 3683
0 0 3776
0 0 3590
0 0 3698
0 0 3556
0 0 3648
0 0 3569
0 0 3724
0 0 3778
0 0 3595
0 0 3840
0 0 3644
0 0 3566
0 0 3952
0 0 3624
0 0 3904
0 0 3559
0 0 3641
0 0 3498
0 0 3489
0 0 3554
0 0 3543
0 0 3563
0 0 3730
0 0 3561
0 0 3515
0 0 3696
0 0 3639
0 0 3800
0 0 3663
0 0 3519
0 0 3653
0 0 3713
0 0 3595
0 0 3549
0 0 3694
0 0 3749
0 0 3766
0 0 3494
0 0 4536
0 0 4919
0 0 4686
0 0 4697
0 0 4901
0 0 4927
0 0 4982
0 0 4799
0 0 4835
0 0 4885
0 0 4991
0 0 5105
0 0 5016
0 0 5019
0 0 4898
0 0 4822
0 0 5012
0 0 4765
0 0 4800
0 0 5034
0 0 4952
0 0 4932
0 0 4931
0 0 4811
0 0 4824
0 0 4862
0 0 4785
0 0 4749
0 0 4855
0 0 4869
0 0 4947
0 0 4922
0 0 4691
0 0 3505
0 0 3531
0 0 3585
0 0 3652
0 0 3871
0 0 3580
0 0 3908
0 0 3586
0 0 3622
0 0 3763
0 0 3842
0 0 3732
0 0 3578
0 0 3652
0 0 3546
0 0 3628
0 0 3689
0 0 4016
0 0 3533
0 0 3763
0 0 3626
0 0 3641
0 0 3538
0 0 3546
0 0 3558
0 0 3715
0 0 3727
0 0 3773
0 0 3693
0 0 3772
0 0 3888
0 0 3501
0 0 3764
0 0 3553
0 0 3960
0 0 3931
0 0 3506
0 0 3775
0 0 3838
0 0 3726
0 0 3919
0 0 3637
0 0 3531
0 0 3666
0 0 3822
0 0 3953
0 0 3782
0 0 3570
0 0 3844
0 0 3507
0 0 3635
0 0 3577
0 0 3731
0 0 3767
0 0 3832
0 0 3684
0 0 3872
0 0 3576
0 0 3940
0 0 3712
0 0 3701
0 0 3893
0 0 3503
0 0 3906
0 0 3731
0 0 3712
0 0 3751
0 0 3530
0 0 3771
0 0 3668
0 0 3926
0 0 4058
0 0 3893
0 0 3806
0 0 3801
0 0 4073
0 0 4395
0 0 3844
0 0 4388
0 0 3953
0 0 3602
0 0 3598
0 0 3680
0 0 3562
0 0 4052
0 0 4052
0 0 3481
0 0 3911
0 0 3388
0 0 4030
0 0 3451
0 0 3531
0 0 3752
0 0 3663
0 0 3701
0 0 3617
0 0 3611
0 0 3690
0 0 3494
0 0 3758
0 0 3544
0 0 3557
0 0 3615
0 0 3801
0 0 3613
0 0 3803
0 0 3577
0 0 3511
0 0 3612
0 0 3620
0 0 3546
0 0 3590
0 0 3589
0 0 3759
0 0 4693
0 0 4681
0 0 4813
0 0 4808
0 0 4956
0 0 4808
0 0 4889
0 0 4818
0 0 4839
0 0 4792
0 0 4864
0 0 4704
0 0 4760
0 0 4813
0 0 4799
0 0 4503
0 0 3930
0 0 4849
0 0 4695
0 0 4844
0 0 4810
0 0 4881
0 0 4921
0 0 4496
0 0 4813
0 0 4911
0 0 4656
0 0 4731
0 0 4536
0 0 4799
0 0 4771
0 0 4981
0 0 4780
0 0 4928
0 0 4843
0 0 4544
0 0 3584
0 0 3461
0 0 3429
0 0 3606
0 0 3588
0 0 3563
0 0 3609
0 0 3735
0 0 4115
0 0 4085
0 0 3756
0 0 3696
0 0 4064
0 0 4120
0 0 3560
0 0 4457
0 0 3554
0 0 3851
0 0 3766
0 0 3685
0 0 3596
0 0 3665
0 0 3920
0 0 4047
0 0 3603
0 0 3504
0 0 3828
0 0 3558
0 0 3466
0 0 3570
0 0 3667
0 0 3657
0 0 3655
0 0 3552
0 0 3736
0 0 3553
0 0 3629
0 0 3641
0 0 3621
0 0 3547
642 0 2877
11624 0 0
23199 0 0
34675 0 0
46653 0 0
58345 0 0
70162 0 0
81216 0 0
93224 0 0
104898 0 0
114793 0 0
114793 0 0
114793 0 0
114793 0 0
114793 0 0
116384 0 0
127922 0 0
139739 0 0
151562 0 0
163384 0 0
175036 0 0
186817 0 0
199267 0 0
211066 0 0
222967 0 0
234541 0 0
246680 0 0
257517 0 0
269316 0 0
281086 0 0
293025 0 0
304570 0 0
316509 0 0
328196 0 0
339954 0 0
351441 0 0
363551 0 0
375556 0 0
387369 0 0
398771 0 0
409710 0 0
420890 0 0
432869 0 0
444545 0 0
455752 0 0
467520 0 0
479196 0 0
490397 0 0
501374 0 0
512848 0 0
524500 0 0
531087 0 0
542659 0 0
554112 0 0
566364 0 0
578396 0 0
589425 0 0
600713 0 0
612232 0 0
624091 0 0
635829 0 0
647376 0 0
659406 0 0
670405 0 0
682430 0 0
693719 0 0
705601 0 0
716702 0 0
727313 0 0
739079 0 0
750955 0 0
760572 0 0
771942 0 0
783882 0 0
795915 0 0
809945 0 0
822573 0 0
834519 0 0
846567 0 0
858208 0 0
869917 0 0
881618 0 0
893558 0 0
903374 0 0
914737 0 0
926586 0 0
937478 0 0
950047 0 0
961313 0 0
972657 0 0
985142 0 0
996889 0 0
1008296 0 0
1020744 0 0
1032656 0 0
1044340 0 0
1055968 0 0
1065887 0 0
1078197 0 0
1088443 0 0
1099796 0 0
1111720 0 0
1123237 0 0
1132443 0 56
1144140 0 56
1155738 0 71
1167611 0 76
1179211 0 57
1191529 0 57
1203665 0 49
1215735 0 54
1227430 0 39
1238935 0 36
1250599 0 33
1262213 0 21
1273360 0 23
1285080 0 14
1296619 0 27
1308595 0 26
1321266 0 10
1333207 0 17
1345208 0 6
1356022 0 11
1367931 0 9
1379650 0 7
1391615 0 4
1403493 0 8
1415529 0 5
1427205 0 10
1438479 0 5
1450632 0 7
1462658 0 2
1474645 0 4
1483082 0 0
1495387 0 4
1507717 0 3
1519217 0 5
1530267 0 1
1542259 0 1
1553930 0 2
1565091 0 3
1576697 0 1
1588884 0 0
1600946 0 2
1612490 0 1
1623773 0 0
1635831 0 0
1647609 0 1
1659077 0 0
1670443 0 0
1682567 0 1
1694221 0 0
1705741 0 0
1718055 0 0
1730166 0 0
1742480 0 1
1754334 0 0
1765638 0 0
1777315 0 0
1788858 0 0
1800371 0 0
1812118 0 0
1820850 0 1
1832539 0 0
1844081 0 0
1856117 0 0
1867832 0 0
1879534 0 0
1890904 0 0
1902358 0 0
1912508 0 0
1923935 0 0
1935437 0 0
1947429 0 0
1958549 0 0
1970341 0 0
1982251 0 0
1994471 0 0
2006161 0 0
2017670 0 0
2029282 0 0
2040332 0 0
2051657 0 1
2063763 0 0
2075776 0 0
2087676 0 0
2099905 0 0
2112060 0 0
2123630 0 0
2135272 0 0
2146977 0 0
2158680 0 0
2170096 0 0
2181419 0 0
2193116 0 0
2204679 0 0
2216034 0 0
2227753 0 0
2239842 0 0
2251853 0 1
2263669 0 0
2272428 0 0
2284225 0 0
2295430 0 0
2307335 0 0
2318842 0 0
2330764 0 0
2343129 0 0
2354797 0 0
2366578 0 0
2376175 0 0
2389519 0 0
2402376 0 0
2413870 0 0
2425735 0 0
2437548 0 0
2449351 0 0
2461396 0 0
2472935 0 0
2485211 0 0
2497446 0 0
2509561 0 0
2521391 0 0
2533178 0 0
2544514 0 0
2555814 0 0
2567606 0 0
2579248 0 0
2591282 0 0
2603184 0 0
2615498 0 0
2625166 0 0
2637119 0 0
2649018 0 0
2661745 0 0
2673684 0 0
2685356 0 0
2696957 0 0
2708640 0 0
2719972 0 0
2732123 0 0
2743860 0 0
2756181 0 0
2767816 0 0
2779841 0 0
2791552 0 0
2803253 0 0
2814636 0 0
2827915 0 0
2841118 0 0
2852892 0 0
2864597 0 0
2877583 0 0
2890709 0 0
2899302 0 0
2911223 0 0
2922653 0 0
2934448 0 0
2946431 0 0
2958177 0 0
2970071 0 0
2981485 0 0
2993411 0 0
3005279 0 0
3016954 0 0
3029125 0 0
3030954 0 0
3041742 0 0
3053121 0 0
3064515 0 0
3076639 0 0
3088017 0 0
3099429 0 0
3111210 0 0
3122685 0 0
3131171 0 0
3142940 0 0
3154432 0 0
3166535 0 0
3178684 0 0
3190413 0 0
3202081 0 0
3213561 0 0
3225201 0 0
3236517 0 0
3248261 0 0
3260062 0 0
3271728 0 0
3283380 0 0
3295456 0 0
3308032 0 0
3319655 0 0
3331689 0 0
3343749 0 0
3355464 0 0
3367145 0 0
3378765 0 0
3388734 0 0
3400567 0 0
3411655 0 0
3423646 0 0
3435335 0 0
3447039 0 0
3458576 0 0
3470506 0 0
3482011 0 0
3493136 0 0
3504854 0 0
3516557 0 0
3528860 0 0
3539184 0 0
3550685 0 0
3562677 0 0
3572997 0 0
3585023 0 0
3596144 0 0
3607926 0 0
3620122 0 0
3631639 0 0
3640798 0 0
3652658 0 0
3664431 0 0
3675719 0 0
3687592 0 0
3699146 0 0
3711045 0 0
3722443 0 0
3734019 0 0
3745764 0 0
3757534 0 0
3769359 0 0
3779026 0 0
3790913 0 0
3802704 0 0
3814086 0 0
3826416 0 0
3838289 0 0
3850228 0 0
3858952 0 0
3871075 0 0
3882627 0 0
3894499 0 0
3906262 0 0
3917588 0 0
3928834 0 0
3941232 0 0
3952785 0 0
3964790 0 0
3976546 0 0
3988235 0 0
3999776 0 0
4011187 0 0
4022718 0 0
4034684 0 0
4044490 0 0
4056095 0 0
4068255 0 0
4080517 0 0
4092021 0 0
4103593 0 0
4114908 0 0
4127056 0 0
4138719 0 0
4150018 0 0
4161861 0 0
4173981 0 0
4185630 0 0
4197336 0 0
4210327 0 0
4221702 0 0
4233249 0 0
4244540 0 0
4256160 0 0
4267645 0 0
4279243 0 0
4290833 0 0
4303011 0 0
4314883 0 0
4326411 0 0
4338004 0 0
4349998 0 0
4361346 0 0
4373320 0 0
4384569 0 0
4396041 0 0
4408802 0 0
4420604 0 0
4432172 0 0
4444262 0 0
4457288 0 0
4469225 0 0
4481449 0 0
4491022 0 0
4502856 0 0
4514299 0 0
4525628 0 0
4537414 0 0
4549562 0 0
4561400 0 0
4574354 0 0
4586242 0 0
4598188 0 0
4609694 0 0
4621481 0 0
4633127 0 0
4644688 0 0
4656144 0 0
4667752 0 0
4679351 0 0
4690873 0 0
4702441 0 0
4714059 0 0
4725929 0 0
4737710 0 0
4749659 0 0
4761195 0 0
4773174 0 0
4784809 0 0
4795974 0 0
4807889 0 0
4819137 0 0
4830603 0 0
4842081 0 0
4853870 0 0
4865805 0 0
4877785 0 0
4889630 0 0
4899074 0 0
4910688 0 0
4922680 0 0
4934764 0 0
4946300 0 0
4957657 0 0
4964676 0 0
4967337 0 0
4969668 0 0
4972128 0 0
4974422 0 0
4976314 0 0
4978416 0 0
4980828 0 0
4983211 0 0
4985598 0 0
4988013 0 0
4990561 0 0
4992984 0 0
4995662 0 0
4998617 0 0
5001535 0 0
5004412 0 0
5007194 0 0
5010125 0 0
5013350 0 0
5016525 0 0
5019573 0 0
5022547 0 0
5025318 0 0
5028807 0 0
5039803 0 0
5049282 0 0
5060750 0 0
5072715 0 0
5084546 0 0
5096222 0 0
5108253 0 0
5119694 0 0
5131957 0 0
5143996 0 0
5155628 0 0
5167415 0 0
5178617 0 0
5190200 0 0
5201587 0 0
5213478 0 0
5225176 0 0
5236617 0 0
5248649 0 0
5260430 0 0
5272756 0 0
5284285 0 0
5295845 0 0
5300995 0 0
5312733 0 0
5324538 0 0
5336160 0 0
5348112 0 0
5359846 0 0
5371193 0 0
5382532 0 0
5394513 0 0
5406551 0 0
5418475 0 0
5430571 0 0
5442331 0 0
5453862 0 0
5464939 0 0
5476862 0 0
5488663 0 0
5500482 0 0
5512282 0 0
5524342 0 0
5536278 0 0
5547663 0 0
5556568 0 0
5562718 0 0
5573636 0 0
5583016 0 0
5594516 0 0
5606218 0 0
5618765 0 0
5630371 0 0
5642553 0 0
5653587 0 0
5665489 0 0
5677191 0 0
5688603 0 0
5700284 0 0
5706214 0 0
5710760 0 0
5719855 0 0
5731349 0 0
5743282 0 0
5755056 0 0
5767088 0 0
5778877 0 0
5790502 0 0
5801069 0 0
5813022 0 0
5823496 0 0
5835729 0 0
5847263 0 0
5858840 0 0
5870624 0 0
5881084 0 0
5892300 0 0
5903944 0 0
5915560 0 0
5927880 0 0
5939480 0 0
5950778 0 0
5962101 0 0
5973868 0 0
5985167 0 0
5997196 0 0
6009209 0 0
6017886 0 0
6030210 0 0
6036933 0 0
6042053 0 0
6052360 0 0
6064535 0 0
6077145 0 0
6089705 0 0
6101679 0 0
6113706 0 0
6125781 0 0
6138646 0 0
6150110 0 0
6161707 0 0
6173557 0 0
6185565 0 0
6197839 0 0
6209399 0 0
6220947 0 0
6232026 0 0
6243888 0 0
6255293 0 0
6266868 0 0
6278519 0 0
6290834 0 0
6302606 0 0
6314542 0 0
6326310 0 0
6338197 0 0
6351623 0 0
6362966 0 0
6374486 0 0
6384345 0 0
6395973 0 0
6406878 0 0
6416193 0 0
6427854 0 0
6435506 0 0
6447566 0 0
6459169 0 0
6470717 0 0
6482377 0 0
6493581 0 0
6505021 0 0
6517442 0 0
6529139 0 0
6540967 0 0
6554040 0 0
6566870 0 0
6578833 0 0
6588642 0 0
6599843 0 0
6611955 0 0
6622408 0 0
6634162 0 0
6646124 0 0
6657691 0 0
6667073 0 0
6677753 0 0
6689533 0 0
6699497 0 0
6711354 0 0
6720824 0 0
6732591 0 0
6743184 0 0
6753634 0 0
6761534 0 0
6773071 0 0
6783159 0 0
6791286 0 0
6796976 0 0
6804422 0 0
6812965 0 0
6819869 0 0
6826915 0 0
6832997 0 0
6839769 0 0
6848859 0 0
6855489 0 0
6863406 0 0
6872997 0 0
6884153 0 0
6890589 0 0
6894059 0 0
6895344 0 0
6902878 0 0
6914492 0 0
6924788 0 0
6937164 0 0
6949783 0 0
6962305 0 0
6974787 0 0
6987386 0 0
6999928 0 0
7010264 0 0
7022586 0 0
7035089 0 0
7047299 0 0
7059871 0 0
7072286 0 0
7084538 0 0
7096475 0 0
7107076 0 0
7119607 0 0
7132103 0 0
7144845 0 0
7157591 0 0
7169673 0 0
7182052 0 0
7194314 0 0
7206793 0 0
7219553 0 0
7232164 0 0
7244824 0 0
7255181 2 0
7267466 3 0
7279740 3 0
7292497 2 0
7304993 3 0
7317484 3 0
7330128 3 0
7342327 3 0
7354787 3 0
7367462 3 0
7380817 2 0
7393530 3 0
7406775 3 0
7419466 3 0
7431887 2 0
7444574 4 0
7457079 3 0
7469460 3 0
7482162 3 0
7495394 3 0
7508626 3 0
7520809 3 0
7533661 3 0
7546313 4 0
7558808 3 0
7571177 3 0
7580621 3 0
7593380 3 0
7605097 3 0
7617417 3 0
7630053 4 0
7642413 3 0
7654674 3 0
7667326 3 0
7677799 3 0
7690061 3 0
7702771 3 0
7715906 3 0
7728393 3 0
7741281 3 0
7754637 2 0
7767717 3 0
7780018 3 0
7792512 3 0
7805341 3 0
7818417 3 0
7831215 3 0
7843925 3 0
7856253 3 0
7869006 3 0
7881584 3 0
7894131 3 0
7907276 2 0
7919928 4 0
7932586 2 0
7944527 3 0
7957355 2 0
7969979 3 0
7982859 4 0
7995471 3 0
8008081 3 0
8020592 2 0
8032679 4 0
8045036 2 0
8054907 3 0
8067321 3 0
8079881 3 0
8092315 3 0
8104781 4 0
8116597 3 0
8129360 3 0
8142113 3 0
8155095 3 0
8167670 3 0
8180487 3 0
8192885 3 0
8204606 3 0
8217149 3 0
8229842 3 0
8239178 3 0
8251636 3 0
8264756 3 0
8278125 3 0
8290488 3 0
8303511 3 0
8317134 3 0
8330236 3 0
8343011 4 0
8355817 3 0
8367927 3 0
8379986 3 0
8392162 3 0
8404557 3 0
8417060 4 0
8429612 3 0
8442278 3 0
8454035 3 0
8466562 3 0
8479212 3 0
8489733 3 0
8502605 3 0
8515259 3 0
8528225 3 0
8540333 3 0
8552500 3 0
8565169 3 0
8578020 3 0
8590818 3 0
8603470 4 0
8615897 3 0
8627883 3 0
8640103 3 0
8652310 3 0
8664809 3 0
8677535 3 0
8689972 3 0
8701726 3 0
8713774 3 0
8726355 3 0
8739136 3 0
8751824 3 0
8764303 3 0
8777327 3 0
8790197 4 0
8802215 3 0
8814890 3 0
8827871 3 0
8840698 3 0
8853449 3 0
8866320 3 0
8878540 3 0
8890930 4 0
8903296 2 0
8915738 4 0
8928036 2 0
8940034 3 0
8952612 3 0
8962557 3 0
8974564 3 0
8986724 3 0
8998990 2 0
9011054 3 0
9023234 3 0
9035244 3 0
9047821 2 0
9059923 3 0
9072361 3 0
9084948 3 0
9097335 3 0
9110233 3 0
9123293 3 0
9135586 3 0
9147611 3 0
9160504 3 0
9173261 3 0
9185857 3 0
9198649 3 0
9211246 3 0
9223400 3 0
9235927 3 0
9248599 3 0
9260954 3 0
9273487 3 0
9286200 3 0
9298467 3 0
9307533 3 0
9317217 3 0
9329242 3 0
9341658 4 0
9353663 3 0
9365593 3 0
9373782 3 0
9385810 4 0
9397533 3 0
9407906 3 0
9420529 3 0
9432519 4 0
9444398 3 0
9453876 4 0
9466283 3 0
9478889 3 0
9491024 4 0
9503730 3 0
9516251 3 0
9528737 3 0
9538914 4 0
9551612 3 0
9564213 3 0
9576569 3 0
9588970 3 0
9601353 3 0
9613574 3 0
9626551 4 0
9639042 3 0
9651239 3 0
9663102 3 0
9675268 3 0
9687483 3 0
9699843 3 0
9712480 3 0
9724914 3 0
9737214 3 0
9749794 3 0
9759387 4 0
9771983 3 0
9784709 3 0
9797118 3 0
9806944 3 0
9819514 3 0
9829715 3 0
9842153 3 0
9854109 4 0
9866380 3 0
9878840 2 0
9891236 4 0
9903468 3 0
9915237 3 0
9927701 3 0
9940287 3 0
9952682 3 0
9965266 3 0
9977977 3 0
9990119 3 0
10001936 3 0
10013971 3 0
10023654 4 0
10035488 2 0
10047212 4 0
10059534 3 0
10071989 3 0
10084279 3 0
10097452 3 0
10110028 3 0
10122642 3 0
10135090 3 0
10147565 3 0
10159998 3 0
10172380 3 0
10184623 3 0
10197176 3 0
10209723 3 0
10221860 4 0
10234245 3 0
10246433 3 0
10258556 3 0
10271028 3 0
10283614 3 0
10295898 3 0
10307959 3 0
10320160 4 0
10331994 3 0
10343920 3 0
10355879 4 0
10368288 3 0
10380351 3 0
10392926 3 0
10405024 3 0
10417299 3 0
10429246 3 0
10441408 4 0
10453803 3 0
10466298 3 0
10478549 3 0
10491016 3 0
10501888 3 0
10513973 4 0
10526471 3 0
10538482 3 0
10550823 3 0
10563408 3 0
10574717 3 0
10584596 4 0
10594123 2 0
10605069 2 0
10614984 3 0
10622597 4 0
10635164 3 0
10647728 3 0
10660557 3 0
10670795 3 0
10681400 4 0
10693359 3 0
10705535 3 0
10717473 2 0
10729336 4 0
10741566 3 0
10753729 3 0
10763392 3 0
10773342 4 0
10785980 3 0
10798331 4 0
10807512 2 0
10818701 3 0
10831235 3 0
10842729 3 0
10852801 3 0
10865564 3 0
10875882 3 0
10886264 3 0
10896187 4 0
10908539 2 0
10920245 4 0
10932620 3 0
10943692 3 0
10956399 3 0
10968647 3 0
10980954 3 0
10990264 4 0
11001334 3 0
11012223 3 0
11022393 3 0
11032698 3 0
11045035 3 0
11058027 3 0
11070545 3 0
11080248 3 0
11091689 3 0
11103262 3 0
11115510 3 0
11124936 3 0
11133359 3 0
11143731 3 0
11155076 3 0
11165002 3 0
11176953 3 0
11186204 3 0
11197755 3 0
11206429 3 0
11218809 4 0
11229855 3 0
11241570 3 0
11253879 3 0
11263613 3 0
11273833 2 0
11285646 3 0
11298235 3 0
11309874 3 0
11322343 3 0
11334728 3 0
11347006 3 0
11359454 3 0
11371792 3 0
11384214 4 0
11396576 3 0
11408785 3 0
11421583 3 0
11434269 3 0
11446952 3 0
11459326 3 0
11471875 3 0
11483792 4 0
11494295 4 0
11504461 2 0
11515825 3 0
11525456 4 0
11537525 3 0
11548481 3 0
11560849 3 0
11570564 3 0
11583192 4 0
11595577 3 0
11605545 3 0
11617685 4 0
11629626 3 0
11641691 3 0
11651744 4 0
11664083 3 0
11674012 3 0
11683807 3 0
11694174 3 0
11705693 4 0
11718208 3 0
11730199 3 0
11742634 2 0
11754567 4 0
11766719 2 0
11778884 4 0
11790647 3 0
11800505 3 0
11812861 3 0
11822976 3 0
11830850 3 0
11843227 3 0
11855198 3 0
11865793 3 0
11876581 3 0
11889112 3 0
11901583 3 0
11914179 3 0
11927112 3 0
11939424 4 0
11950287 3 0
11961871 3 0
11974855 3 0
11987423 3 0
12000297 3 0
12013163 3 0
12026154 3 0
12038478 3 0
12049760 3 0
12062361 3 0
12074753 3 0
12086514 3 0
12098575 3 0
12110691 3 0
12122878 3 0
12134626 3 0
12146783 3 0
12159164 3 0
12170063 4 0
12181174 3 0
12193219 3 0
12205266 3 0
12217506 3 0
12229956 4 0
12242452 3 0
12254731 3 0
12267144 3 0
12279075 3 0
12291655 4 0
12304041 2 0
12316749 3 0
12329170 4 0
12341736 3 0
12354100 3 0
12366761 3 0
12379598 3 0
12391963 4 0
12404726 3 0
12415083 3 0
12427524 3 0
12438335 3 0
12450579 3 0
12460203 3 0
12472247 3 0
12482799 3 0
12493723 3 0
12503404 3 0
12513652 3 0
12525733 3 0
12538043 3 0
12550344 3 0
12561953 4 0
12574218 3 0
12583576 3 0
12596204 3 0
12608262 3 0
12620545 3 0
12630618 3 0
12639333 3 0
12647654 3 0
12656932 3 0
12663524 3 0
12673331 4 0
12682188 2 0
12692100 3 0
12699776 3 0
12710954 4 0
12722795 3 0
12732190 3 0
12744817 3 0
12757010 3 0
12769765 4 0
12782138 3 0
12794578 3 0
12806448 3 0
12818186 3 0
12830366 3 0
12841979 3 0
12852866 3 0
12863064 3 0
12875206 3 0
12887087 4 0
12899294 3 0
12908840 3 0
12921003 3 0
12933871 3 0
12946114 3 0
12954140 3 0
12963302 4 0
12975625 3 0
12985269 3 0
12994391 3 0
13006352 3 0
13018615 4 0
13029444 3 0
13041824 3 0
13054145 3 0
13066889 3 0
13078813 3 0
13090985 3 0
13103239 3 0
13113247 4 0
13125468 2 0
13137388 3 0
13149807 3 0
13161695 3 0
13173972 4 0
13186107 3 0
13198843 3 0
13210193 4 0
13223097 2 0
13233490 4 0
13245207 3 0
13257852 3 0
13269146 3 0
13281781 3 0
13294207 3 0
13305255 3 0
13316952 3 0
13329102 3 0
13341288 4 0
13350993 2 0
13363073 3 0
13375617 4 0
13387747 3 0
13400288 3 0
13412723 3 0
13424761 3 0
13437223 3 0
13447684 3 0
13459685 3 0
13472096 3 0
13484596 3 0
13497190 3 0
13508945 3 0
13521367 4 0
13533703 3 0
13540830 2 0
13553029 3 0
13563129 3 0
13575301 3 0
13585290 3 0
13597121 4 0
13609795 3 0
13621916 3 0
13634025 4 0
13646340 3 0
13656365 3 0
13668897 3 0
13681111 3 0
13693167 3 0
13705315 3 0
13717999 3 0
13730937 4 0
13743729 3 0
13756483 3 0
13768493 4 0
13780774 3 0
13790911 3 0
13803766 3 0
13816086 3 0
13828729 3 0
13841137 4 0
13852665 5 0
13864620 5 0
13876862 5 0
13889322 5 0
13901526 5 0
13913790 5 0
13926400 4 0
13936251 6 0
13949026 5 0
13961370 5 0
13974212 5 0
13986586 5 0
13999339 5 0
14011445 5 0
14023607 5 0
14035858 5 0
14048491 5 0
14060694 5 0
14073572 5 0
14085759 5 0
14098075 5 0
14110146 5 0
14122716 5 0
14135382 5 0
14147855 5 0
14160236 5 0
14169725 4 0
14182280 5 0
14193500 4 0
14204317 5 0
14216843 5 0
14228373 5 0
14240106 6 0
14252533 5 0
14264881 4 0
14276651 5 0
14288919 6 0
14301054 4 0
14311051 5 0
14322952 5 0
14335192 5 0
14347545 5 0
14359914 4 0
14369782 4 0
14380443 4 0
14392562 5 0
14404456 4 0
14412051 5 0
14424241 5 0
14436591 5 0
14448684 5 0
14458715 5 0
14469316 4 0
14481652 6 0
14492847 5 0
14504928 5 0
14517558 5 0
14527549 5 0
14539475 5 0
14551608 4 0
14563709 5 0
14576426 5 0
14588799 5 0
14601053 5 0
14611462 5 0
14623580 5 0
14636168 5 0
14648723 5 0
14660931 5 0
14673561 5 0
14685963 5 0
14695794 5 0
14707901 6 0
14720650 6 0
14730211 6 0
14740594 6 0
14752239 6 0
14764630 5 0
14777127 6 0
14786667 6 0
14797607 6 0
14809864 6 0
14822441 6 0
14834354 6 0
14846780 5 0
14856989 5 0
14869376 6 0
14881131 6 0
14893414 5 0
14905735 6 0
14918491 6 0
14930827 6 0
14943265 6 0
14955724 6 0
14967699 6 0
14979777 5 0
14991703 6 0
15004162 6 0
15016771 6 0
15028955 5 0
15041217 6 0
15053472 6 0
15066006 6 0
15078653 6 0
15091014 6 0
15103561 6 0
15116087 5 0
15128554 5 0
15140749 6 0
15153504 6 0
15166150 6 0
15178647 6 0
15191608 5 0
15200654 6 0
15213071 6 0
15225132 6 0
15237829 6 0
15250423 6 0
15263075 5 0
15275847 6 0
15287534 6 0
15300025 6 0
15311694 6 0
15324551 6 0
15337572 6 0
15350463 5 0
15363165 6 0
15375523 6 0
15387583 5 0
15400543 5 0
15413653 6 0
15427150 6 0
15440273 6 0
15453577 6 0
15466433 6 0
15478997 6 0
15491958 6 0
15505298 5 0
15517990 6 0
15530018 6 0
15539469 6 0
15552166 6 0
15564361 6 0
15576452 5 0
15588459 6 0
15600273 6 0
15612544 6 0
15625090 6 0
15636889 6 0
15648676 5 0
15660734 6 0
15669187 5 0
15679771 6 0
15691629 6 0
15704152 6 0
15715792 6 0
15728248 6 0
15739929 6 0
15751972 5 0
15763209 6 0
15774966 6 0
15786612 6 0
15798400 6 0
15810178 6 0
15821714 6 0
15833612 6 0
15845651 6 0
15857482 6 0
15869257 6 0
15881173 5 0
15892660 6 0
15904617 6 0
15916534 6 0
15928307 5 0
15940404 6 0
15952625 6 0
15965043 6 0
15976660 5 0
15988588 6 0
16000700 6 0
16012746 6 0
16024992 6 0
16037138 6 0
16049610 6 0
16061611 5 0
16073528 6 0
16085786 6 0
16098553 6 0
16111166 6 0
16123387 5 0
16135486 6 0
16147910 6 0
16156775 5 0
16169054 6 0
16182349 6 0
16192162 6 0
16203631 6 0
16215721 6 0
16227702 6 0
16239922 6 0
16251769 6 0
16263894 6 0
16277065 6 0
16290009 5 0
16302958 6 0
16316503 6 0
16329129 6 0
16341695 6 0
16354680 6 0
16367765 5 0
16380757 6 0
16393546 5 0
16405538 6 0
16417251 6 0
16430079 6 0
16442261 6 0
16454696 5 0
16467401 6 0
16479716 6 0
16491433 6 0
16502736 6 0
16514623 6 0
16526717 5 0
16538828 6 0
16550670 4 0
16562441 2 0
16574721 2 0
16586371 2 0
16598117 2 0
16609772 2 0
16622345 2 0
16633894 2 0
16644997 2 0
16657569 2 0
16666115 1 0
16677623 2 0
16690080 3 0
16698289 1 0
16710490 3 0
16722650 2 0
16734573 2 0
16743028 2 0
16755524 2 0
16767563 1 0
16779541 2 0
16791944 2 0
16804248 2 0
16816159 2 0
16828454 3 0
16840684 2 0
16849766 2 0
16862232 2 0
16874747 2 0
16886989 2 0
16898707 2 0
16911036 2 0
16923210 2 0
16935141 2 0
16947121 3 0
16959253 2 0
16971398 2 0
16984101 2 0
16996454 2 0
17008498 3 0
17020117 2 0
17032285 2 0
17044362 2 0
17057006 3 0
17069572 2 0
17079250 2 0
17090986 2 0
17102647 3 0
17113115 2 0
17125123 2 0
17137361 2 0
17149365 2 0
17159146 3 0
17171370 2 0
17183300 2 0
17195234 2 0
17206490 2 0
17216020 2 0
17228339 2 0
17240122 3 0
17252654 2 0
17264784 2 0
17276580 2 0
17287820 3 0
17299618 2 0
17311423 2 0
17323547 2 0
17332587 2 0
17344482 3 0
17356055 2 0
17368224 3 0
17379837 2 0
17392138 2 0
17403854 2 0
17415518 3 0
17427228 2 0
17439569 3 0
17451197 2 0
17463214 2 0
17475262 3 0
17487085 2 0
17499253 2 0
17511502 3 0
17523767 2 0
17535847 3 0
17548313 2 0
17560345 2 0
17569981 3 0
17582246 2 0
17594468 2 0
17606703 3 0
17618295 2 0
17630013 2 0
17642213 3 0
17654329 2 0
17666469 3 0
17677827 2 0
17689701 3 0
17698818 2 0
17711232 3 0
17723064 2 0
17735559 3 0
17746496 2 0
17758767 3 0
17771232 3 0
17783150 2 0
17795559 3 0
17807235 2 0
17819598 3 0
17831432 2 0
17843232 3 0
17854940 3 0
17866801 2 0
17878638 3 0
17891017 3 0
17902951 2 0
17914732 3 0
17926474 2 0
17938341 3 0
17950012 2 0
17961920 3 0
17973824 2 0
17985617 3 0
17997585 3 0
18009339 2 0
18021069 3 0
18033208 2 0
18044856 3 0
18056645 3 0
18065513 1 0
18077459 3 0
18089592 3 0
18101154 2 0
18113401 3 0
18125580 3 0
18137918 2 0
18150647 3 0
18162534 3 0
18174942 2 0
18186745 3 0
18198710 3 0
18210706 2 0
18222888 3 0
18235112 3 0
18247348 2 0
18259962 3 0
18271861 3 0
18284014 2 0
18296073 3 0
18306019 3 0
18318259 2 0
18330540 3 0
18342860 3 0
18355196 3 0
18366905 2 0
18379309 3 0
18391492 3 0
18403818 2 0
18416061 3 0
18427969 3 0
18440159 3 0
18452081 2 0
18464276 3 0
18476216 3 0
18488116 2 0
18500474 3 0
18512538 3 0
18524404 3 0
18536128 2 0
18548323 3 0
18560623 3 0
18573306 3 0
18585602 3 0
18594302 2 0
18606996 2 0
18619150 3 0
18631524 3 0
18643735 3 0
18656146 2 0
18668399 3 0
18680298 4 0
18692041 2 0
18703682 2 0
18715088 1 0
18726955 2 0
18739057 2 0
18751262 2 0
18763556 1 0
18775157 2 0
18786852 2 0
18798629 2 0
18810253 2 0
18821761 1 0
18833521 2 0
18845320 2 0
18854627 1 0
18866184 2 0
18877398 2 0
18889870 2 0
18901796 1 0
18913739 2 0
18926301 2 0
18938244 2 0
18950156 1 0
18961496 2 0
18973500 2 0
18985605 2 0
18996907 2 0
19008846 1 0
19017325 2 0
19029493 1 0
19040696 2 0
19052121 2 0
19064185 2 0
19076335 2 0
19087954 1 0
19099311 2 0
19111509 2 0
19123482 2 0
19134821 2 0
19146602 1 0
19158677 2 0
19170229 2 0
19181852 2 0
19192440 2 0
19204452 1 0
19216589 2 0
19227868 2 0
19237149 1 0
19248965 2 0
19260673 2 0
19272070 2 0
19283861 1 0
19295595 2 0
19307074 2 0
19318831 2 0
19331743 1 0
19341547 2 0
19353125 2 0
19365133 2 0
19376784 2 0
19388273 2 0
19399762 2 0
19411602 2 0
19423148 2 0
19434657 2 0
19446454 2 0
19458439 2 0
19470091 2 0
19481446 2 0
19493194 2 0
19504979 2 0
19516643 2 0
19528951 2 0
19540834 2 0
19552219 1 0
19563640 0 0
19575399 0 0
19586854 0 0
19598545 0 0
19610390 0 0
19622568 0 0
19634351 0 0
19646364 0 0
19657588 0 0
19669168 0 0
19680945 0 0
19692551 0 0
19703489 0 0
19714767 0 0
19726655 0 0
19737967 0 0
19749360 0 0
19760796 0 0
19772390 0 0
19784208 0 0
19796195 0 0
19808106 0 0
19820309 0 0
19832073 0 0
19843705 0 0
19855734 0 0
19867375 0 0
19879143 0 0
19891389 0 0
19903456 0 0
19915029 0 0
19926582 0 0
19938745 0 0
19951475 0 0
19964864 0 0
19978110 0 0
19990723 0 0
20003188 0 0
20014593 0 0
20026401 0 0
20038333 0 0
20050134 0 0
20061997 0 0
20073210 0 0
20084150 0 0
20095916 0 0
20108140 0 0
20120029 0 0
20132110 0 0
20143648 0 0
20154769 0 0
20165922 0 0
20177957 0 0
20190184 0 0
20201698 0 0
20213326 0 0
20225072 0 0
20236735 0 0
20248414 0 0
20260454 0 0
20272342 0 0
20283760 0 0
20295743 0 0
20307423 0 0
20318825 0 0
20331049 0 0
20342311 0 0
20353461 0 0
20365115 0 0
20377160 0 0
20388681 0 0
20400416 0 0
20412501 0 0
20424072 0 0
20435720 0 0
20447284 0 0
20459004 0 0
20470671 0 0
20481913 0 0
20493433 0 0
20505212 0 0
20516638 0 0
20528228 0 0
20539710 0 0
20551024 0 0
20562597 0 0
20574414 0 0
20585786 0 0
20597047 0 0
20608834 0 0
20620693 0 0
20631975 0 0
20643929 0 0
20656120 0 0
20668106 0 0
20680182 0 0
20692066 0 0
20704032 0 0
20715806 0 0
20727389 0 0
20739566 0 0
20751415 0 0
20763217 0 0
20774562 0 0
20786237 0 0
20798209 0 0
20809584 0 0
20821780 0 0
20833173 0 0
20845085 0 0
20856264 0 0
20868001 0 0
20879269 0 0
20890798 0 0
20902371 0 0
20913872 0 0
20925645 0 0
20937722 0 0
20948458 0 0
20959605 0 0
20971587 0 0
20983707 0 0
20995752 0 0
21007450 0 0
21019204 0 0
21030503 0 0
21042146 0 0
21053938 0 0
21065303 0 0
21076904 0 0
21088406 0 0
21100158 0 0
21111889 0 0
21123531 0 0
21135057 0 0
21146131 0 0
21157225 0 0
21168767 0 0
21180035 0 0
21191584 0 0
21202871 0 0
21214472 0 0
21225764 0 0
21237236 0 0
21248338 0 0
21259617 0 0
21271280 0 0
21283477 0 0
21294922 0 0
21306886 0 0
21318022 0 0
21329869 0 0
21341863 0 0
21353555 0 0
21365513 0 0
21376556 0 0
21387896 0 0
21399345 0 0
21411279 0 0
21423010 0 0
21434921 0 0
21443541 0 0
21455568 0 0
21467013 0 0
21478514 0 0
21490539 0 0
21502201 0 0
21513780 0 0
21525202 0 0
21537300 0 0
21548658 0 0
21560709 0 0
21572124 0 0
21583832 0 0
21595392 0 0
21607502 0 0
21619388 0 0
21630566 0 0
21641864 0 0
21653633 0 0
21664854 0 0
21676215 0 0
21688279 0 0
21700164 0 0
21711580 0 0
21722861 0 0
21734622 0 0
21746459 0 0
21757567 0 0
21769305 0 0
21780738 0 0
21792515 0 0
21804205 0 0
21815990 0 0
21827628 0 0
21839116 0 0
21850574 0 0
21862207 0 0
21873555 0 0
21884903 0 0
21896599 0 0
21909079 0 0
21922225 0 0
21935182 0 0
21948381 0 0
21961429 0 0
21974296 0 0
21986420 0 0
21999114 0 0
22012196 0 0
22023986 0 0
22035301 0 0
22047140 0 0
22058961 0 0
22070353 0 0
22082070 0 0
22093414 0 0
22105177 0 0
22116938 0 0
22128319 0 0
22139435 0 0
22150996 0 0
22162503 0 0
22174181 0 0
22186883 0 0
22199448 0 0
22211708 0 0
22224097 0 0
22236329 0 0
22248809 0 0
22261719 0 0
22274215 0 0
22286902 0 0
22299452 0 0
22312167 0 0
22324593 0 0
22337267 0 0
22350047 0 0
22362894 0 0
22375867 0 0
22388723 0 0
22401482 0 0
22413437 0 0
22425622 0 0
22438198 0 0
22451166 0 0
22464020 0 0
22476636 0 0
22488864 0 0
22501288 0 0
22514087 0 0
22526443 0 0
22539267 0 0
22551927 0 0
22563060 0 0
22574409 0 0
22585780 0 0
22597611 0 0
22609718 0 0
22621068 0 0
22632701 0 0
22644577 0 0
22656181 0 0
22667473 0 0
22679018 0 0
22690649 0 0
22702110 0 0
22713687 0 0
22725911 0 0
22739302 0 0
22751821 0 0
22763340 0 0
22774922 0 0
22786681 0 0
22798377 0 0
22810217 0 0
22821534 0 0
22833244 0 0
22844726 0 0
22856358 0 0
22867802 0 0
22879584 0 0
22892043 0 0
22903822 0 0
22915393 0 0
22926925 0 0
22938794 0 0
22950305 0 0
22961876 0 0
22973816 0 0
22985398 0 0
22997174 0 0
23008594 0 0
23020381 0 0
23032092 0 0
23043531 0 0
23055224 0 0
23066904 0 0
23078343 0 0
23090409 0 0
23101587 0 0
23113780 0 0
23125754 0 0
23136948 0 0
23148829 0 0
23160780 0 0
23172958 0 0
23184300 0 0
23195752 0 0
23207399 0 0
23219084 0 0
23231012 0 0
23243004 0 0
23255179 0 0
23266600 0 0
23277839 0 0
23289307 0 0
23300737 0 0
23312604 0 0
23324362 0 0
23336151 0 0
23347883 0 0
23359085 0 0
23370566 0 0
23382013 0 0
23393985 0 0
23405114 0 0
23416564 0 0
23427834 0 0
23439399 0 0
23444044 0 0
23455691 0 0
23467637 0 0
23479110 0 0
23490442 0 0
23501978 0 0
23513674 0 0
23524794 0 0
23536194 0 0
23547730 0 0
23559405 0 0
23571011 0 0
23582984 0 0
23594915 0 0
23606432 0 0
23617711 0 0
23628963 0 0
23640044 0 0
23651226 0 0
23663209 0 0
23675007 0 0
23686475 0 0
23695128 0 0
23707209 0 0
23719082 0 0
23730590 0 0
23742005 0 0
23753920 0 0
23765198 0 0
23776540 0 0
23787596 0 0
23799103 0 0
23810814 0 0
23821999 0 0
23833356 0 0
23844943 0 0
23856155 0 0
23868269 0 0
23879297 0 0
23891028 0 0
23902488 0 0
23913618 0 0
23924726 0 0
23936234 0 0
23947797 0 0
23958979 0 0
23970253 0 0
23981987 0 0
23993125 0 0
24004782 0 0
24015850 0 0
24027625 0 0
24038958 0 0
24050074 0 0
24062002 0 0
24073484 0 0
24084542 0 0
24096348 0 0
24107700 0 0
24119395 0 0
24130568 0 0
24142232 0 0
24153584 0 0
24165114 0 0
24176342 0 0
24187424 0 0
24199042 0 0
24210723 0 0
24221725 0 0
24233215 0 0
24243463 0 0
24255641 0 0
24267095 0 0
24278996 0 0
24290468 0 0
24301566 0 0
24313032 0 0
24324869 0 0
24336193 0 0
24347955 0 0
24359533 0 0
24371100 0 0
24382468 0 0
24395042 0 0
24406548 0 0
24417971 0 0
24429484 0 0
24440988 0 0
24452221 0 0
24463423 0 0
24474638 0 0
24486025 0 0
24497631 0 0
24509020 0 0
24520335 0 0
24532041 0 0
24543409 0 0
24555231 0 0
24566573 0 0
24578518 0 0
24589513 0 0
24600729 0 0
24612003 0 0
24623635 0 0
24634907 0 0
24646394 0 0
24658725 0 0
24671529 0 0
24684207 0 0
24696898 0 0
24709186 0 0
24721727 0 0
24733903 0 0
24746298 0 0
24758887 0 0
24771483 0 0
24784045 0 0
24796822 0 0
24809462 0 0
24822391 0 0
24834868 0 0
24847616 0 0
24860015 0 0
24872561 0 0
24884831 0 0
24897532 0 0
24910716 0 0
24923388 0 0
24935745 0 0
24948272 0 0
24960760 0 0
24973252 0 0
24985463 0 0
24998159 0 0
25010636 0 0
25023251 0 0
25035662 0 0
25048255 0 0
25061068 0 0
25073572 0 0
25085489 0 0
25097947 0 0
25110267 0 0
25122747 0 0
25134699 0 0
25147305 0 0
25159903 0 0
25172154 0 0
25184365 0 0
25196996 0 0
25210013 0 0
25222006 0 0
25233442 0 0
25244893 0 0
25256087 0 0
25267853 0 0
25279474 0 0
25290970 0 0
25301840 0 0
25313175 0 0
25324638 0 0
25335594 0 0
25347171 0 0
25358897 0 0
25370491 0 0
25381899 0 0
25393555 0 0
25405595 0 0
25416933 0 0
25427984 0 0
25439381 0 0
25451033 0 0
25462359 0 0
25473754 0 0
25484989 0 0
25496983 0 0
25508279 0 0
25519600 0 0
25530849 0 0
25542860 0 0
25554213 0 0
25565679 0 0
25576976 0 0
25588370 0 0
25600322 0 0
25611709 0 0
25623133 0 0
25634512 0 0
25646040 0 0
25657154 0 0
25668191 0 0
25680098 0 0
25691494 0 0
25702841 0 0
25713893 0 0
25725489 0 0
25736503 0 0
25747847 0 0
25759142 0 0
25770424 0 0
25781795 0 0
25792924 0 0
25804129 0 0
25815666 0 0
25827162 0 0
25838986 0 0
25850450 0 0
25862037 0 0
25873366 0 0
25885092 0 0
25896624 0 0
25908175 0 0
25919191 0 0
25930259 0 0
25941748 0 0
25953490 0 0
25965450 0 0
25977698 0 0
25989901 0 0
26003114 0 0
26011924 0 0
26025070 0 0
26037437 0 0
26050217 0 0
26062969 0 0
26075763 0 0
26087513 0 0
26100577 0 0
26112875 0 0
26125264 0 0
26137728 0 0
26150508 0 0
26163050 0 0
26175489 0 0
26188160 0 0
26200474 0 0
26211944 0 0
26223319 0 0
26234706 0 0
26246314 0 0
26257570 0 0
26269165 0 0
26280438 0 0
26292099 0 0
26303067 0 0
26314356 0 0
26325681 0 0
26337854 0 0
26349963 0 0
26361471 0 0
26372845 0 0
26384615 0 0
26396137 0 0
26406438 0 0
26418243 0 0
26429897 0 0
26441413 0 0
26452861 0 0
26464651 0 0
26476546 0 0
26487959 0 0
26499384 0 0
26510621 0 0
26521706 0 0
26533054 0 0
26544363 0 0
26555890 0 0
26567449 0 0
26578882 0 0
26586501 0 0
26586501 0 0
26586501 0 0
