1.61 0.34 1.99
0.00 0.00 0.00
0.00 0.00 0.00
17.95 0.00 0.00
0.00 0.00 0.00
0.00 0.00 0.00
0.00 0.00 0.00
0.00 0.00 0.00
0.00 0.00 0.47
0.00 0.00 0.00
0.00 0.00 0.00
0.00 0.00 0.00
0.00 0.00 0.00
0.00 0.00 0.00
0.00 0.00 0.00
0.00 0.00 0.00
69.51 4.00 0.00
86.81 0.00 0.00
82.31 0.00 0.00
77.59 0.00 0.00
77.41 0.00 0.00
79.81 0.00 0.00
78.88 0.00 0.00
77.94 0.00 0.00
78.78 0.00 0.00
77.62 0.00 0.00
78.62 0.00 0.00
65.75 20.00 15.80
49.30 36.00 35.57
52.00 45.50 39.38
48.06 38.50 35.06
52.40 36.00 43.78
52.33 48.00 47.72
50.85 48.00 43.19
57.26 41.50 43.82
55.29 42.50 39.16
52.36 36.00 35.83
55.59 48.00 42.81
55.85 38.00 44.27
50.65 46.00 42.61
58.83 48.00 48.51
60.75 48.00 49.35
59.38 48.00 47.37
60.13 48.00 47.52
60.27 51.00 48.97
58.85 57.00 49.35
57.41 48.00 47.02
59.26 48.00 47.09
55.15 36.00 43.26
53.11 48.00 43.47
51.64 36.00 37.46
55.24 48.00 42.07
51.43 36.00 40.07
48.60 36.00 38.24
46.96 39.00 37.64
52.08 45.00 41.58
49.71 36.00 39.46
53.25 48.00 41.24
54.39 36.00 41.36
54.09 48.00 43.57
55.15 48.00 42.98
54.02 36.00 43.58
54.41 48.00 43.50
53.09 48.00 43.64
53.03 36.00 41.20
54.86 48.00 41.90
55.08 41.00 47.83
54.61 43.00 40.83
51.13 46.00 42.24
53.39 38.00 42.52
48.69 36.00 36.26
48.04 36.00 35.86
44.92 36.00 35.31
46.67 36.00 35.89
48.98 44.50 39.95
48.34 39.50 35.53
50.20 36.00 39.68
50.04 36.00 39.76
54.73 48.00 43.72
53.46 36.00 39.64
51.62 48.00 39.59
53.76 40.00 46.85
49.61 44.00 37.85
51.08 36.00 38.71
50.15 36.00 39.86
51.46 48.00 39.36
51.08 36.00 39.59
51.77 36.00 39.63
49.83 48.00 39.86
56.51 41.00 47.67
54.58 43.00 41.61
55.17 48.00 45.36
54.81 48.00 43.62
55.96 40.00 42.22
50.88 44.00 36.93
56.72 47.00 47.23
54.47 37.00 43.55
55.32 48.00 46.37
52.25 48.00 42.55
56.19 48.00 43.29
54.24 36.00 42.88
56.01 48.00 42.19
56.52 48.00 46.90
53.71 48.00 43.67
56.16 48.00 46.77
56.41 48.00 47.60
57.87 36.00 41.25
55.72 48.00 42.43
54.14 44.00 42.86
56.76 40.00 43.50
52.58 48.00 46.82
56.25 48.00 44.28
54.99 48.00 46.41
55.47 37.50 39.05
54.13 46.50 42.38
53.79 36.00 39.71
55.34 48.00 43.00
52.76 48.00 44.19
55.81 48.00 43.94
55.22 48.00 46.27
57.35 37.50 43.95
56.12 46.50 41.70
54.03 48.00 43.56
54.34 36.00 43.30
54.21 48.00 43.55
50.23 41.50 42.50
49.77 42.50 39.51
48.56 36.00 35.74
47.29 36.00 35.59
51.36 36.00 36.02
48.63 36.00 39.31
45.85 36.00 35.69
44.63 36.00 35.83
47.06 36.00 35.83
46.70 46.00 39.86
52.35 38.00 43.16
49.06 42.50 39.43
52.09 41.50 39.63
49.28 36.00 35.34
52.57 41.50 43.25
43.87 30.50 31.66
48.14 46.00 39.68
47.58 38.00 35.93
51.59 36.00 43.70
49.05 48.00 38.72
51.24 36.00 39.80
49.34 35.64 38.88
52.94 48.00 43.34
54.56 48.00 43.54
51.06 36.00 43.31
49.68 48.00 39.29
51.49 36.00 39.88
50.65 36.00 39.91
48.77 48.00 39.52
52.09 36.00 41.18
51.80 48.00 42.11
52.55 36.00 42.80
53.94 48.00 41.97
55.85 48.00 43.37
55.62 37.00 43.57
51.68 47.00 42.29
54.37 48.00 42.70
53.98 38.50 44.75
52.77 45.50 41.76
55.10 48.00 46.68
54.03 48.00 42.72
56.07 40.00 45.04
53.03 44.00 40.77
55.81 48.00 47.22
53.77 48.00 43.04
56.75 36.00 43.23
56.34 48.00 46.25
55.79 48.00 42.49
54.00 48.00 43.29
54.72 36.00 42.75
57.13 48.00 46.65
52.20 48.00 44.07
54.90 48.00 43.82
55.17 36.00 41.05
56.25 48.00 43.62
55.28 48.00 42.64
56.13 48.00 47.13
54.51 39.00 44.96
57.81 45.00 45.27
54.81 48.00 39.73
56.86 44.00 46.90
58.23 40.00 43.64
55.69 48.00 45.82
60.65 52.00 50.11
60.21 44.00 44.60
57.87 48.00 47.04
52.72 48.00 38.80
55.28 36.00 43.23
56.72 48.00 42.38
54.22 48.00 45.74
56.21 48.00 45.04
55.97 36.00 43.41
54.03 48.00 43.06
54.56 48.00 43.54
55.72 36.00 43.16
54.71 48.00 43.08
54.69 48.00 44.05
56.34 48.00 47.30
53.81 36.50 43.53
55.94 47.50 46.33
57.01 48.00 45.07
56.15 48.00 41.80
53.71 36.00 42.12
57.83 50.50 47.75
57.06 45.50 44.59
52.90 48.00 43.46
58.25 48.00 47.18
55.56 48.00 41.45
55.50 36.00 41.63
53.56 48.00 42.07
56.78 48.00 47.16
53.65 43.50 42.92
54.70 40.50 41.54
56.09 48.00 43.70
55.41 48.00 45.42
54.36 43.50 42.05
53.73 40.50 43.63
55.33 48.00 45.73
55.43 48.00 44.12
56.09 48.00 46.70
55.10 48.00 43.59
55.98 39.00 44.50
55.09 45.00 43.12
55.87 48.00 44.86
56.85 48.00 46.32
56.29 48.00 45.84
54.51 48.00 46.10
52.72 42.00 43.43
56.83 42.00 42.30
52.81 48.00 43.21
55.14 48.00 45.75
54.77 48.00 45.38
54.41 48.00 47.53
56.53 48.00 46.93
55.79 40.00 45.30
54.08 44.00 45.64
52.97 48.00 43.21
52.75 48.00 43.07
56.70 48.00 50.96
58.55 48.00 47.23
59.53 48.00 48.55
59.83 48.00 46.95
52.50 48.00 43.52
52.40 48.00 42.36
53.34 36.00 43.75
56.86 50.50 47.73
49.74 45.50 41.62
51.28 48.00 41.73
53.86 40.50 46.11
52.30 43.50 41.12
54.34 48.00 47.63
54.93 48.00 47.02
52.76 45.00 42.56
53.07 39.00 43.13
56.16 48.00 47.75
55.81 48.00 42.96
59.92 48.00 46.62
57.51 48.00 46.11
55.14 48.00 47.42
53.86 48.00 42.27
51.96 36.00 43.50
53.38 48.00 42.53
52.34 48.00 43.50
53.12 36.00 43.32
51.56 48.00 40.82
53.24 47.50 44.18
54.16 36.50 42.81
52.40 48.00 42.80
54.16 48.00 46.21
51.04 44.00 43.67
58.42 50.00 45.88
52.81 38.00 42.73
53.60 48.00 43.07
54.57 48.00 43.80
56.65 48.00 46.37
54.23 39.00 45.17
55.08 45.00 40.10
55.72 48.00 43.42
55.34 36.00 42.87
56.37 48.00 43.23
56.41 48.00 42.62
59.09 48.00 46.08
53.80 36.00 39.23
53.92 36.00 38.26
56.28 41.50 38.98
56.23 42.50 35.93
53.91 36.00 39.93
61.01 38.00 39.11
55.70 35.00 34.89
57.73 47.00 39.73
56.49 36.00 37.38
55.60 36.00 34.06
61.25 36.00 39.30
56.01 36.00 36.60
56.95 36.00 36.54
53.72 36.00 31.64
55.29 36.00 35.61
53.99 36.00 34.82
58.76 36.00 36.40
55.96 24.00 27.81
57.17 36.00 35.54
54.62 36.00 27.94
56.50 24.00 27.91
59.40 24.00 23.74
57.48 24.00 24.02
57.80 24.00 20.46
56.23 24.00 23.49
53.89 12.00 20.02
57.24 24.00 23.95
54.70 24.00 19.72
51.01 24.00 19.98
51.23 24.00 23.89
56.01 12.00 20.02
55.27 24.00 23.97
54.98 24.00 19.94
58.86 24.00 23.96
63.35 23.76 23.48
56.23 24.00 19.83
54.89 24.00 24.01
55.32 12.00 19.98
54.55 24.00 23.82
56.67 24.00 24.04
58.55 24.00 19.97
51.01 24.00 20.04
52.81 19.50 24.05
50.62 16.50 19.79
52.89 24.00 19.93
54.33 24.00 23.96
58.19 12.00 15.99
74.85 24.00 16.04
73.38 12.00 20.05
68.31 12.00 12.03
66.66 24.00 16.04
66.18 12.00 12.03
69.50 12.00 16.04
67.65 12.00 12.03
68.53 12.00 16.04
68.02 12.00 12.03
66.35 17.50 16.04
68.83 18.50 12.03
70.45 12.00 14.29
74.68 12.00 13.79
67.47 12.00 16.04
70.56 12.00 12.03
73.41 24.00 16.04
70.25 12.00 16.04
73.97 12.00 12.03
69.78 12.00 16.04
69.40 20.50 16.04
75.29 15.50 12.03
68.50 12.00 16.04
69.13 11.26 16.04
31.30 0.00 8.02
18.39 0.00 8.02
11.20 0.00 4.01
16.45 0.00 8.02
15.82 0.00 4.01
15.45 0.00 8.02
11.26 0.00 4.01
12.85 0.00 4.01
16.08 0.00 8.02
14.07 0.00 4.01
17.58 0.00 8.02
13.38 0.00 4.03
15.39 0.00 8.02
12.76 0.00 4.01
12.20 0.00 4.01
10.26 0.00 4.01
10.16 0.00 4.01
9.66 0.00 4.01
9.13 0.00 4.01
9.60 0.00 4.01
7.25 0.00 0.00
9.26 0.00 4.01
9.60 0.00 4.01
9.29 0.00 4.01
9.54 0.00 4.01
9.85 0.00 4.01
9.79 0.00 4.01
9.10 0.00 4.01
7.25 0.00 0.00
10.07 0.00 4.01
9.63 0.00 4.01
9.10 0.00 4.01
8.76 0.00 4.01
9.16 0.00 4.01
10.54 0.00 4.01
12.23 0.00 4.01
12.07 0.00 4.01
12.91 0.00 4.01
14.05 0.00 8.02
12.10 0.00 4.01
12.32 0.00 4.01
11.35 0.00 4.02
11.63 0.00 4.01
13.83 0.00 8.02
12.01 0.00 4.01
11.35 0.00 4.01
11.48 0.00 4.01
11.57 0.00 4.01
14.92 0.00 8.02
12.66 0.00 4.01
12.98 0.00 4.01
14.58 0.00 8.02
13.66 0.00 4.01
13.67 0.00 4.02
15.73 0.00 8.02
16.95 0.00 8.02
13.63 0.00 4.01
16.70 0.00 8.02
12.95 0.00 4.01
12.95 0.00 4.01
15.67 0.00 8.02
13.57 0.00 4.01
16.39 0.00 8.02
14.70 0.00 4.01
17.14 0.00 8.02
16.36 0.00 8.02
13.63 0.00 4.01
13.41 0.00 4.01
15.14 0.00 8.02
13.57 0.00 4.01
13.99 0.00 8.02
13.20 0.00 4.01
13.60 0.00 4.03
15.30 0.00 8.02
12.26 0.00 4.01
15.45 0.00 8.02
11.20 0.00 4.01
11.51 0.00 4.01
11.23 0.00 4.01
11.29 0.00 4.01
11.20 0.00 4.01
13.95 0.00 8.02
11.54 0.00 4.01
12.26 0.00 4.01
11.70 0.00 4.01
11.45 0.00 4.01
13.52 0.00 8.02
11.48 0.00 4.01
11.23 0.00 4.01
12.91 0.00 4.01
13.70 0.00 8.02
10.70 0.00 4.01
12.04 0.00 4.01
12.48 0.00 4.01
11.79 0.00 4.01
14.20 0.00 8.02
12.32 0.00 4.01
12.45 0.00 4.01
14.42 0.00 8.02
11.82 0.00 4.01
12.41 0.00 4.01
11.51 0.00 4.01
14.30 0.00 8.03
12.26 0.00 4.01
11.82 0.00 4.01
11.66 0.00 4.01
13.77 0.00 8.02
12.04 0.00 4.01
12.48 0.00 4.01
14.55 0.00 8.02
11.45 0.00 4.01
11.60 0.00 4.01
12.04 0.00 4.01
12.13 0.00 4.01
14.36 0.00 8.02
12.48 0.00 4.01
14.89 0.00 8.02
12.42 0.00 4.01
12.60 0.00 4.01
13.08 0.00 4.52
14.26 0.00 7.51
12.10 0.00 4.01
12.13 0.00 4.01
14.89 0.00 8.02
13.54 0.00 4.01
14.36 0.00 8.02
12.73 0.00 4.01
12.13 0.00 4.01
13.34 0.00 8.02
13.65 0.00 4.01
11.01 0.00 4.01
12.82 0.00 4.01
14.30 0.00 8.03
13.29 0.00 4.01
16.08 0.00 8.02
14.13 0.00 4.01
15.77 0.00 8.02
13.70 0.00 4.01
15.80 0.00 8.02
12.26 0.00 4.01
13.67 0.00 4.01
15.64 0.00 8.02
13.70 0.00 4.01
15.15 0.00 7.94
13.54 0.00 4.01
15.14 0.00 8.02
13.82 0.00 4.01
15.55 0.00 8.02
12.38 0.00 4.01
15.64 0.00 8.02
12.76 0.00 4.01
16.61 0.00 8.02
13.63 0.00 4.01
14.12 0.00 6.77
14.44 0.00 5.26
12.38 0.00 4.01
14.95 0.00 8.02
12.07 0.00 4.01
12.51 0.00 4.01
15.27 0.00 8.02
13.20 0.00 4.01
12.29 0.00 4.01
15.58 0.00 8.02
13.70 0.00 4.02
15.33 0.00 8.02
13.63 0.00 4.01
15.58 0.00 8.02
12.63 0.00 4.01
14.08 0.00 8.02
13.57 0.00 4.01
13.89 0.00 4.01
15.32 0.00 8.02
14.24 0.00 4.52
15.73 0.00 7.52
15.52 0.00 8.02
13.85 0.00 4.01
15.77 0.00 8.02
13.88 0.00 4.01
16.11 0.00 8.02
14.23 0.00 4.01
16.30 0.00 8.02
14.48 0.00 4.01
16.52 0.00 8.02
15.86 0.00 8.02
13.70 0.00 4.01
15.74 0.00 8.02
13.54 0.00 4.01
15.64 0.00 8.02
14.13 0.00 4.01
16.17 0.00 8.02
14.04 0.00 4.01
15.86 0.00 8.02
12.54 0.00 4.01
16.45 0.00 8.02
12.45 0.00 4.02
15.89 0.00 8.02
13.57 0.00 4.01
13.52 0.00 5.02
14.88 0.00 7.02
13.54 0.00 4.01
14.55 0.00 8.02
14.16 0.00 4.01
14.61 0.00 8.02
12.48 0.00 4.01
16.45 0.00 8.02
13.16 0.00 4.01
15.05 0.00 8.02
12.57 0.00 4.01
13.01 0.00 4.01
16.27 0.00 8.02
13.60 0.00 4.01
15.45 0.00 8.02
12.51 0.00 4.01
15.52 0.00 8.02
14.38 0.00 4.01
15.83 0.00 8.02
12.38 0.00 4.01
15.77 0.00 8.02
12.88 0.00 4.01
15.30 0.00 8.02
13.41 0.00 4.01
14.70 0.00 8.02
13.05 0.00 4.01
13.13 0.00 4.01
15.64 0.00 8.03
12.16 0.00 4.01
15.17 0.00 8.02
12.38 0.00 4.01
14.25 0.00 7.52
14.75 0.00 4.51
12.82 0.00 4.01
14.17 0.00 8.02
13.88 0.00 4.01
15.30 0.00 8.02
13.07 0.00 4.01
15.45 0.00 8.02
12.79 0.00 4.01
15.52 0.00 8.02
13.73 0.00 4.01
15.89 0.00 8.02
13.13 0.00 4.01
14.83 0.00 8.02
12.82 0.00 4.01
14.97 0.00 8.02
14.08 0.00 4.01
14.57 0.00 8.02
14.27 0.00 4.01
15.30 0.00 8.02
13.66 0.00 4.01
15.61 0.00 8.02
12.38 0.00 4.01
16.14 0.00 8.02
13.98 0.00 4.01
16.24 0.00 8.02
13.41 0.00 4.03
15.30 0.00 8.02
14.82 0.00 4.01
15.27 0.00 8.02
13.51 0.00 4.01
16.30 0.00 8.02
14.72 0.00 8.02
13.49 0.00 4.01
16.45 0.00 8.02
14.63 0.00 4.01
15.39 0.00 8.02
13.63 0.00 4.01
15.39 0.00 8.02
12.79 0.00 4.01
15.52 0.00 8.02
13.82 0.00 4.01
14.86 0.00 8.02
14.04 0.00 4.01
15.55 0.00 8.02
13.35 0.00 4.01
15.83 0.00 8.02
13.07 0.00 4.01
14.54 0.00 8.02
13.73 0.00 4.01
14.05 0.00 4.52
15.85 0.00 7.52
15.61 0.00 8.02
14.01 0.00 4.01
15.42 0.00 8.02
13.85 0.00 4.01
15.17 0.00 8.02
13.82 0.00 4.02
15.33 0.00 8.02
13.85 0.00 4.01
16.64 0.00 8.02
13.98 0.00 4.01
15.95 0.00 8.02
13.26 0.00 4.01
16.27 0.00 8.02
15.67 0.00 7.94
13.70 0.00 4.01
16.02 0.00 8.02
13.91 0.00 4.01
16.20 0.00 8.02
13.76 0.00 4.01
16.14 0.00 8.02
13.57 0.00 4.01
16.17 0.00 8.02
16.24 0.00 8.02
13.54 0.00 4.01
16.33 0.00 8.02
13.98 0.00 4.01
16.49 0.00 8.02
13.76 0.00 4.01
16.14 0.00 8.02
16.11 0.00 8.02
14.04 0.00 4.01
15.61 0.00 8.02
15.26 0.00 4.01
16.99 0.00 8.02
17.30 0.00 8.02
17.80 0.00 8.04
18.49 0.00 8.02
19.05 0.00 8.02
20.02 0.00 8.02
0.66 0.00 3.88
0.00 0.00 0.00
0.00 0.00 0.00
0.00 0.00 0.00
0.00 0.00 0.00
0.00 0.00 0.00
0.00 0.00 0.00
0.00 0.00 0.00
0.00 0.00 0.00
0.00 0.00 0.00
0.00 0.00 0.00
