1559 0 0 0
2926.67 0 0 0
3916.25 0 0 0
4653.6 0 0 0
5181.67 0 0 0
5732.86 0 0 0
6267 0 0 0
6681.67 0 0 0
7075 0 0 0
6963.18 0 0 0
6783.67 0 0 0
7108.23 0 0 0
7400.07 0 0 0
7618.07 0 0 0
7829.81 0 0 0
8026.24 0 0 0
8251.17 0 0 0
8423.68 0 0 0
8583.65 0 0 0
8736.05 0 0 0
8862.45 0 0 0
8982.22 0 0 0
9120.08 0 0 0
9227.76 0 0 0
9326.73 0 0 0
9411.89 0 0 0
9483.89 0 0 0
9556.69 0 0 0
9623.7 0 0 0
9689.9 0 0 0
9744.75 0 0 0
9798.94 0 0 0
9855.97 0 0 0
9918.77 0 0 0
9962 0 0 0
10014 0 0 0
10056 0 0 0
10106 0 0 0
10141.3 0 0 0
10198.3 0 0 0
10236.9 0 0 0
10263.3 0 0 0
10297.7 0 0 0
10331.2 0 0 0
10364.3 0 0 0
10395 0 0 0
10426.8 0 0 0
10448 0 0 0
10469.7 0 0 0
10499.7 0 0 0
10523.4 0 0 0
10541.1 0 0 0
10567 0 0 0
10588.5 0 0 0
10609.3 0 0 0
10631.7 0 0 0
10643.5 0 0 0
10661.7 0 0 0
10673.5 0 0 0
10687 0 0 0
10706.8 0 0 0
10729 0 0 0
10744.4 0 0 0
10753.1 0 0 0
10771.1 0 0 0
10783.2 0 0 0
10796.8 0 0 0
10812.6 0 0 0
10827.3 0 0 0
10836.9 0 0 0
10842.2 0 0 0
10851.1 0 0 0
10860.7 0 0 0
10876 0 0 0
10887.3 0 0 0
10894.8 0 0 0
10908.8 0 0 0
10921.5 0 0 0
10925.6 0 0 0
10936.1 0 0 0
10947 0 0 0
10954.9 0 0 0
10966.1 0 0 0
10977.9 0 0 0
10990.2 0 0 0
10992.3 0 0 0
10996.2 0 0 0
11001.9 0 0 0
11013.6 0 0 0
11023.2 0 0 0
11028.8 0 0 0
11036.8 0 0 0
11043.6 0 0 0
11052.5 0 0 0
11054.8 0 0 0
11059.5 0 0 0
11067 0 0 0
11074.9 0 0 0
11082 0 0 0
11086.6 0 0 0
11091.8 0 0 0
11103.3 0 0 0
11107.6 0 0 0
11112.7 0 0 0
11116.4 0 0 0
11126.1 0 0 0
11129.2 0 0 0
11129.7 0 0 0
11136.1 0 0 0
11141.7 0 0 0
11145.8 0 0 0
11149.8 0 0 0
11154.1 0 0 0
11160.6 0 0 0
11161 0 0 0
11165.5 0 0 0
11172.7 0 0 0
11179.1 0 0 0
11186.5 0 0 0
11189.1 0 0 0
11192 0 0 0
11196.4 0 0 0
11200.7 0 0 0
11206.9 0 0 0
11210.5 0 0 0
11214.4 0 0 0
11219.9 0 0 0
11223.5 0 0 0
11230.1 0 0 0
11231.1 0 0 0
11233.4 0 0 0
11237.5 0 0 0
11240.9 0 0 0
11241.6 0 0 0
11245.7 0 0 0
11249 0 0 0
11250.3 0 0 0
11251.2 0 0 0
11256.6 0 0 0
11256.8 0 0 0
11263.5 0 0 0
11265.2 0 0 0
11267.6 0 0 0
11267.3 0 0 0
11269.2 0 0 0
11273.6 0 0 0
11277.4 0 0 0
11281.1 0 0 0
11281.2 0 0 0
11282.4 0 0 0
11290.3 0 0 0
11292.7 0 0 0
11295.4 0 0 0
11297.5 0 0 0
11300.9 0 0 0
11302.7 0 0 0
11304.1 0 0 0
11307.1 0 0 0
11305.8 0 0 0
11306.1 0 0 0
11308.3 0 0 0
11310.3 0 0 0
11312.6 0 0 0
11315.6 0 0 0
11317.8 0 0 0
11317.6 0 0 0
11316.6 0 0 0
11320.7 0 0 0
11324.6 0 0 0
11326.7 0 0 0
11328.9 0 0 0
11330.3 0 0 0
11332.5 0 0 0
11333.7 0 0 0
11337.7 0 0 0
11340 0 0 0
11342.1 0 0 0
11342.9 0 0 0
11349.6 0 0 0
11350.7 0 0 0
11350.1 0 0 0
11350.4 0 0 0
11352.2 0 0 0
11355.9 0 0 0
11356.9 0 0 0
11360 0 0 0
11359.8 0 0 0
11360.9 0 0 0
11361.7 0 0 0
11360.9 0 0 0
11361.3 0 0 0
11361.7 0 0 0
11363.7 0 0 0
11366.7 0 0 0
11369.4 0 0 0
11371.2 0 0 0
11372.8 0 0 0
11373.9 0 0 0
11376.2 0 0 0
11434.1 0 0 0
11478.2 0 0 0
11508.8 0 0 0
11530.7 0 0 0
11550 0 0 0
11570.7 0 0 0
11583.9 0 0 0
11591.9 0 0 0
11599.4 0 0 0
11605.5 0 0 0
11633.3 0 0 0
11665.6 0 0 0
11669.5 0 0 0
11672 0 0 0
11677.9 0 0 0
11680.3 0 0 0
11682.9 0 0 0
11682.6 0 0 0
11683 0 0 0
11681 0 0 0
11683.9 0 0 0
11685.9 0 0 0
11686.6 0 0 0
11685.3 0 0 0
11685 0 0 0
11683.8 0 0 0
11682.8 0 0 0
11683.8 0 0 0
11683.4 0 0 0
11684.9 0 0 0
11687.4 0 0 0
11689.2 0 0 0
11688.6 0 0 0
11686.3 0 0 0
11684.1 0 0 0
11685.8 0 0 0
11685.2 0 0 0
11688.3 0 0 0
11685.7 0 0 0
11688.5 0 0 0
11682.6 0 0 0
11683 0 0 0
11685.6 0 0 0
11684.3 0 0 0
11687 0 0 0
11694.2 0 0 0
11694.1 0 0 0
11690.9 0 0 0
11692.6 0 0 0
11694.1 0 0 0
11691.6 0 0 0
11690 0 0 0
11690.6 0 0 0
11690.4 0 0 0
11687.7 0 0 0
11687.5 0 0 0
11686.1 0 0 0
11688.1 0 0 0
11687 0 0 0
11687.6 0 0 0
11686.3 0 0 0
11685.5 0 0 0
11680.4 0 0 0
11679.7 0 0 0
11683.2 0 0 0
11682.8 0 0 0
11682.4 0 0 0
11679.8 0 0 0
11677 0 0 0
11674.9 0 0 0
11674.4 0 0 0
11675.8 0 0 0
11676.2 0 0 0
11678 0 0 0
11677.3 0 0 0
11677 0 0 0
11678.1 0 0 0
11675.9 0 0 0
11675.3 0 0 0
11677 0 0 0
11676.3 0 0 0
11676.8 0 0 0
11676.7 0 0 0
11674.8 0 0 0
11670.9 0 0 0
11670.8 0 0 0
11671.7 0 0 0
11673.6 0 0 0
11672.7 0 0 0
11671.3 0 0 0
11670 0 0 0
11667.2 0 0 0
11666.9 0 0 0
11667.1 0 0 0
11666.6 0 0 0
11668 0 0 0
11669.9 0 0 0
11664.5 0 0 0
11655.2 0 0 0
11641.9 0 0 0
11637.3 0 0 0
11637.3 0 0 0
11624.3 0 0 0
11622.9 0 0 0
11621.8 0 0 0
11621.7 0 0 0
11617.6 0 0 0
11616.1 0 0 0
11608.1 0 0 0
11595.2 0 0 0
11595.2 0 0 0
11576.9 0 0 0
11576.1 0 0 0
11566.9 0 0 0
11558.9 0 0 0
11557.8 0 0 0
11551.3 0 0 0
11550.7 0 0 0
11530.6 0 0 0
11504.2 0 0 0
11500.6 0 0 0
11501.4 0 0 0
11502.1 0 0 0
11503.5 0 0 0
11494.1 0 0 0
11489.6 0 0 0
11480.7 0 0 0
11477.6 0 0 0
11468.6 0 0 0
11463.6 0 0 0
11458.8 0 0 0
11459.5 0 0 0
11450.4 0 0 0
11440.9 0 0 0
11433.5 0 0 0
11433.8 0 0 0
11423 0 0 0
11424.2 0 0 0
11425.5 0 0 0
11416.2 0 0 0
11410.9 0 0 0
11409.5 0 0 0
11384 0 0 0
11384.7 0 0 0
11377.8 0 0 0
11371.4 0 0 0
11357.4 0 0 0
11357.8 0 0 0
11354.6 0 0 0
11344.3 0 0 0
11339.4 0 0 0
11333.6 0 0 0
11326.5 0 0 0
11320.7 0 0 0
11307.9 0 0 0
11307.4 0 0 0
11295.8 0 0 0
11296 0 0 0
11278.4 0 0 0
11275 0 0 0
11266.8 0 0 0
11262.7 0 0 0
11263.8 0 0 0
11258.9 0 0 0
11246.2 0 0 0
11241.5 0 0 0
11242 0 0 0
11245.8 0 0 0
11244.4 0 0 0
11242.7 0 0 0
11242.3 0 0 0
11232.7 0 0 0
11221.2 0 0 0
11222.5 0 0 0
11218.2 0 0 0
11208.3 0 0 0
11194.4 0 0 0
11197.6 0 0 0
11192.2 0 0 0
11187 0 0 0
11180.1 0 0 0
11174 0 0 0
11164.4 0 0 0
11162.1 0 0 0
11155 0 0 0
11153.2 0 0 0
11141 0 0 0
11142.5 0 0 0
11133.8 0 0 0
11129.4 0 0 0
11133.1 0 0 0
11136 0 0 0
11121.9 0 0 0
11123.2 0 0 0
11121.6 0 0 0
11109.2 0 0 0
11106.8 0 0 0
11106.7 0 0 0
11107.6 0 0 0
11105.8 0 0 0
11106.8 0 0 0
11094.2 0 0 0
11091.3 0 0 0
11092 0 0 0
11091 0 0 0
11091.6 0 0 0
11091.4 0 0 0
11093.8 0 0 0
11080 0 0 0
11072.4 0 0 0
11073.8 0 0 0
11074.4 0 0 0
11072.9 0 0 0
11076 0 0 0
11064.4 0 0 0
11058.6 0 0 0
11051 0 0 0
11040.5 0 0 0
11029.4 0 0 0
11022 0 0 0
11017 0 0 0
11017.9 0 0 0
11016.8 0 0 0
11003.4 0 0 0
10989.5 0 0 0
10977.3 0 0 0
10974.1 0 0 0
10969.7 0 0 0
10955.9 0 0 0
10955.8 0 0 0
10953 0 0 0
10942.2 0 0 0
10942.6 0 0 0
10949 0 0 0
10939.4 0 0 0
10940.2 0 0 0
10933.3 0 0 0
10913.9 0 0 0
10914.4 0 0 0
10906.2 0 0 0
10901.8 0 0 0
10890.6 0 0 0
10873.1 0 0 0
10857.6 0 0 0
10842.6 0 0 0
10833.2 0 0 0
10832.7 0 0 0
10837.3 0 0 0
10827.2 0 0 0
10818.8 0 0 0
10816.3 0 0 0
10815.5 0 0 0
10812.2 0 0 0
10809.7 0 0 0
10810.9 0 0 0
10804.1 0 0 0
10789.7 0 0 0
10783.7 0 0 0
10779.8 0 0 0
10780.7 0 0 0
10784.4 0 0 0
10785.8 0 0 0
10788.8 0 0 0
10778.7 0 0 0
10776.6 0 0 0
10775.8 0 0 0
10769.7 0 0 0
10772.9 0 0 0
10773.2 0 0 0
10773.5 0 0 0
10769.6 0 0 0
10761.7 0 0 0
10758.5 0 0 0
10749.5 0 0 0
10736.9 0 0 0
10726.5 0 0 0
10719.9 0 0 0
10720.7 0 0 0
10721 0 0 0
10722 0 0 0
10709.9 0 0 0
10698.6 0 0 0
10693.5 0 0 0
10682.9 0 0 0
10685.5 0 0 0
10680.7 0 0 0
10677 0 0 0
10656.5 0 0 0
10647 0 0 0
10646.4 0 0 0
10644 0 0 0
10646.5 0 0 0
10644.9 0 0 0
10646.1 0 0 0
10634.6 0 0 0
10633.5 0 0 0
10635 0 0 0
10628 0 0 0
10626.6 0 0 0
10637.2 0 0 0
10643.9 0 0 0
10645 0 0 0
10654.8 0 0 0
10645.1 0 0 0
10634.8 0 0 0
10625.8 0 0 0
10622.8 0 0 0
10612 0 0 0
10610.7 0 0 0
10620.5 0 0 0
10612.2 0 0 0
10618.3 0 0 0
10615.6 0 0 0
10626.3 0 0 0
10633 0 0 0
10635.6 0 0 0
10638.6 0 0 0
10627 0 0 0
10639.5 0 0 0
10663.7 0 0 0
10657.8 0 0 0
10660 0 0 0
10654.4 0 0 0
10648.1 0 0 0
10655 0 0 0
10658.5 0 0 0
10667.8 0 0 0
10668.8 0 0 0
10666.5 0 0 0
10668.2 0 0 0
10661.9 0 0 0
10657.2 0 0 0
10665.1 0 0 0
10671.9 0 0 0
10663.1 0 0 0
10658 0 0 0
10670.8 0 0 0
10665.2 0 0 0
10661.5 0 0 0
10659.6 0 0 0
10662 0 0 0
10649.1 0 0 0
10676 0 0 0
10673.7 0 0 0
10685.5 0 0 0
10686.8 0 0 0
10700 0 0 0
10683.9 0 0 0
10678.9 0 0 0
10681.2 0 0 0
10674.9 0 0 0
10672.2 0 0 0
10670 0 0 0
10671.6 0 0 0
10681.2 0 0 0
10671.6 0 0 0
10684.8 0 0 0
10686.5 0 0 0
10703.5 0 0 0
10709.7 0 0 0
10709.1 0 0 0
10712.1 0 0 0
10712.3 0 0 0
10715.6 0 0 0
10713.1 0 0 0
10712 0 0 0
10713 0 0 0
10712 0 0 0
10712.8 0 0 0
10713.1 0 0 0
10705.6 0 0 0
10707.6 0 0 0
10702.1 0 0 0
10692.7 0 0 0
10691.8 0 0 0
10683 0 0 0
10689 0 0 0
10678.5 0 0 0
10686.1 0 0 0
10675 0 0 0
10672.5 0 0 0
10670.5 0 0 0
10683.8 0 0 0
10686.6 0 0 0
10680.2 0 0 0
10684.9 0 0 0
10688.3 0 0 0
10687.6 0 0 0
10698.7 0 0 0
10704.6 0 0 0
10661.8 0 0 0
10660.5 0 0 0
10669.3 0 0 0
10668.8 0 0 0
10672.3 0 0 0
10685.6 0 0 0
10688.1 0 0 0
10679.7 0 0 0
10677.3 0 0 0
10665 0 0 0
10645.6 0 0 0
10642.5 0 0 0
10628.7 0 0 0
10614.6 0 0 0
10616.1 0 0 0
10614.1 0 0 0
10614.8 0 0 0
10603.6 0 0 0
10621.1 0 0 0
10616.2 0 0 0
10615.5 0 0 0
0 1 0 0
0 0 0 0
0 0 0 0
0 0 0 0
0 0 0 0
0 0 0 0
0 0 0 0
0 0 0 0
0 0 0 0
0 0 0 0
0 0 0 0
0 0 0 0
0 0 0 0
0 0 0 0
0 0 0 0
0 0 0 0
0 0 0 0
0 0 0 0
0 0 0 0
0 0 0 0
0 0 0 0
0 0 0 0
0 0 0 0
0 0 0 0
0 0 0 0
0 0 0 0
0 0 0 0
0 0 0 0
0 0 0 0
0 0 0 0
0 0 0 0
0 0 0 0
0 0 0 0
0 0 0 0
0 0 0 0
0 0 0 0
0 0 0 0
0 0 0 0
0 0 0 0
0 0 0 0
0 0 0 0
0 0 0 0
0 0 0 0
0 0 0 0
0 0 0 0
0 0 0 0
0 0 1 0
0 0 3 0
0 0 3 0
0 0 2 0
0 0 3 0
0 0 2 0
0 0 4 0
0 0 3 0
0 0 3 0
0 0 2 0
0 0 3 0
0 0 2 0
0 0 4 0
0 0 3 0
0 0 2 0
0 0 3 0
0 0 3 0
0 0 3 0
0 0 3 0
0 0 3 0
0 0 3 0
0 0 3 0
0 0 3 0
0 0 3 0
0 0 4 0
0 0 3 0
0 0 3 0
0 0 3 0
0 0 4 0
0 0 3 0
0 0 3 0
0 0 4 0
0 0 3 0
0 0 3 0
0 0 3 0
0 0 2 0
0 0 3 0
0 0 5 0
0 0 6 0
0 0 6 0
0 0 6 0
0 0 6 0
0 0 6 0
0 0 7 0
0 0 6 0
0 0 6 0
0 0 6 0
0 0 6 0
0 0 6 0
0 0 6 0
0 0 6 0
0 0 4 0
0 0 5 0
0 0 6 0
0 0 6 0
0 0 6 0
0 0 6 0
0 0 6 0
0 0 7 0
0 0 6 0
0 0 6 0
0 0 6 0
0 0 6 0
0 0 6 0
0 0 6 0
0 0 6 0
0 0 6 0
0 0 6 0
0 0 7 0
0 0 6 0
0 0 6 0
0 0 6 0
0 0 6 0
0 0 6 0
0 0 6 0
0 0 6 0
0 0 5 0
0 0 6 0
0 0 5 0
0 0 3 0
0 0 3 0
0 0 3 0
0 0 3 0
0 0 3 0
0 0 4 0
0 0 3 0
0 0 3 0
0 0 4 0
0 0 2 0
0 0 4 0
0 0 3 0
0 0 3 0
0 0 3 0
0 0 3 0
0 0 2 0
0 0 4 0
0 0 3 0
0 0 3 0
0 0 3 0
0 0 3 0
0 0 3 0
0 0 3 0
0 0 4 0
0 0 2 0
0 0 2 0
0 0 4 0
0 0 3 0
0 0 3 0
0 0 3 0
0 0 2 0
0 0 4 0
0 0 2 0
0 0 4 0
0 0 3 0
0 0 3 0
0 0 3 0
0 0 3 0
0 0 3 0
0 0 3 0
0 0 3 0
0 0 3 0
0 0 3 0
0 0 3 0
0 0 3 0
0 0 3 0
0 0 4 0
0 0 2 0
0 0 3 0
0 0 3 0
0 0 3 0
0 0 3 0
0 0 3 0
0 0 3 0
0 0 3 0
0 0 4 0
0 0 3 0
0 0 3 0
0 0 3 0
0 0 3 0
0 0 3 0
0 0 3 0
0 0 3 0
0 0 3 0
0 0 4 0
0 0 4 0
0 0 3 0
0 0 3 0
0 0 3 0
0 0 4 0
0 0 3 0
0 0 3 0
0 0 3 0
0 0 3 0
0 0 4 0
0 0 3 0
0 0 4 0
0 0 2 0
0 0 4 0
0 0 3 0
0 0 3 0
0 0 4 0
0 0 3 0
0 0 3 0
0 0 3 0
0 0 3 0
0 0 3 0
0 0 3 0
0 0 3 0
0 0 3 0
0 0 3 0
0 0 3 0
0 0 3 0
0 0 3 0
0 0 3 0
0 0 3 0
0 0 3 0
0 0 3 0
0 0 3 0
0 0 3 0
0 0 3 0
0 0 3 0
0 0 2 0
0 0 2 0
0 0 3 0
0 0 2 0
0 0 2 0
0 0 3 0
0 0 3 0
0 0 3 0
0 0 3 0
0 0 2 0
0 0 3 0
0 0 2 0
0 0 4 0
0 0 3 0
0 0 3 0
0 0 3 0
0 0 3 0
0 0 3 0
0 0 3 0
0 0 3 0
0 0 3 0
0 0 3 0
0 0 2 0
0 0 3 0
0 0 3 0
0 0 2 0
0 0 3 0
0 0 3 0
0 0 3 0
0 0 3 0
0 0 3 0
0 0 3 0
0 0 3 0
0 0 3 0
0 0 3 0
0 0 3 0
0 0 4 0
0 0 3 0
0 0 3 0
0 0 3 0
0 0 3 0
0 0 3 0
0 0 3 0
0 0 2 0
0 0 6 0
0 0 6 0
0 0 6 0
0 0 6 0
0 0 6 0
0 0 7 0
0 0 6 0
0 0 6 0
0 0 6 0
0 0 7 0
0 0 6 0
0 0 5 0
0 0 6 0
0 0 5 0
0 0 6 0
0 0 6 0
0 0 5 0
0 0 6 0
0 0 6 0
0 0 7 0
0 0 6 0
0 0 6 0
0 0 6 0
0 0 6 0
0 0 6 0
0 0 6 0
0 0 6 0
0 0 7 0
0 0 6 0
0 0 6 0
0 0 5 0
0 0 7 0
0 0 6 0
0 0 6 0
0 0 6 0
0 0 6 0
0 0 6 0
0 0 6 0
0 0 7 0
0 0 5 0
0 0 6 0
0 0 5 0
0 0 6 0
0 0 6 0
0 0 6 0
0 0 6 0
0 0 5 0
0 0 7 0
0 0 6 0
0 0 5 0
0 0 3 0
0 0 2 0
0 0 3 0
0 0 3 0
0 0 3 0
0 0 3 0
0 0 3 0
0 0 3 0
0 0 3 0
0 0 3 0
0 0 3 0
0 0 3 0
0 0 2 0
0 0 3 0
0 0 3 0
0 0 4 0
0 0 3 0
0 0 1 0
0 0 4 0
0 0 3 0
0 0 2 0
0 0 3 0
0 0 3 0
0 0 3 0
0 0 4 0
0 0 2 0
0 0 3 0
0 0 3 0
0 0 3 0
0 0 3 0
0 0 4 0
0 0 3 0
0 0 3 0
0 0 3 0
0 0 3 0
0 0 3 0
0 0 3 0
0 0 3 0
0 0 3 0
0 0 3 0
0 0 3 0
0 0 3 0
0 0 3 0
0 0 4 0
0 0 2 0
0 0 3 0
0 0 4 0
0 0 3 0
0 0 3 0
0 0 3 0
0 0 3 0
0 0 3 0
0 0 4 0
0 0 2 0
0 0 4 0
0 0 3 0
0 0 3 0
0 0 3 0
0 0 3 0
0 0 3 0
0 0 3 0
0 0 2 0
0 0 3 0
0 0 3 0
0 0 3 0
0 0 2 0
0 0 3 0
0 0 3 0
0 0 3 0
0 0 2 0
0 0 3 0
0 0 2 0
0 0 3 0
0 0 3 0
0 0 2 0
0 0 3 0
0 0 3 0
0 0 3 0
0 0 3 0
0 0 3 0
0 0 3 0
0 0 3 0
0 0 3 0
0 0 3 0
0 0 3 0
0 0 3 0
0 0 3 0
0 0 3 0
0 0 3 0
0 0 3 0
0 0 3 0
0 0 3 0
0 0 3 0
0 0 3 0
0 0 3 0
0 0 3 0
0 0 3 0
0 0 4 0
0 0 3 0
0 0 2 0
0 0 2 0
0 0 4 0
0 0 3 0
0 0 3 0
0 0 4 0
0 0 3 0
0 0 4 0
0 0 3 0
0 0 3 0
0 0 3 0
0 0 4 0
0 0 2 0
0 0 4 0
0 0 3 0
0 0 3 0
0 0 3 0
0 0 3 0
0 0 2 0
0 0 3 0
0 0 4 0
0 0 3 0
0 0 3 0
0 0 3 0
0 0 3 0
0 0 3 0
0 0 2 0
0 0 2 0
0 0 3 0
0 0 3 0
0 0 4 0
0 0 3 0
0 0 3 0
0 0 3 0
0 0 3 0
0 0 3 0
0 0 3 0
0 0 3 0
0 0 3 0
0 0 3 0
0 0 3 0
0 0 3 0
0 0 4 0
0 0 2 0
0 0 4 0
0 0 3 0
0 0 3 0
0 0 3 0
0 0 3 0
0 0 3 0
0 0 3 0
0 0 3 0
0 0 3 0
0 0 3 0
0 0 2 0
0 0 4 0
0 0 3 0
0 0 3 0
0 0 3 0
0 0 3 0
0 0 3 0
0 0 3 0
0 0 3 0
0 0 3 0
0 0 3 0
0 0 3 0
0 0 5 0
0 0 6 0
0 0 6 0
0 0 6 0
0 0 6 0
0 0 6 0
0 0 6 0
0 0 6 0
0 0 6 0
0 0 6 0
0 0 6 0
0 0 5 0
0 0 3 0
0 0 2 0
0 0 3 0
0 0 4 0
0 0 3 0
0 0 3 0
0 0 3 0
0 0 6 0
0 0 6 0
0 0 6 0
0 0 6 0
0 0 6 0
0 0 6 0
0 0 6 0
0 0 6 0
0 0 6 0
0 0 6 0
0 0 6 0
0 0 1 0
0 0 2 0
0 0 3 0
0 0 2 0
0 0 2 0
0 0 1 0
0 0 2 0
0 0 2 0
0 0 2 0
0 0 2 0
0 0 2 0
0 0 2 0
0 0 2 0
0 0 3 0
0 0 2 0
0 0 2 0
0 0 2 0
0 0 2 0
0 0 1 0
0 0 2 0
0 0 2 0
0 0 2 0
0 0 2 0
0 0 2 0
0 0 2 0
0 0 2 0
0 0 2 0
0 0 2 0
0 0 2 0
0 0 3 0
0 0 2 0
0 0 2 0
0 0 2 0
0 0 2 0
0 0 2 0
0 0 2 0
0 0 2 0
0 0 2 0
0 0 2 0
0 0 3 0
0 0 2 0
0 0 2 0
0 0 2 0
0 0 2 0
0 0 2 0
0 0 2 0
0 0 2 0
0 0 2 0
0 0 3 0
0 0 2 0
0 0 1 0
0 0 2 0
0 0 2 0
0 0 2 0
0 0 2 0
0 0 3 0
0 0 2 0
0 0 2 0
0 0 2 0
0 0 3 0
0 0 2 0
0 0 2 0
0 0 2 0
0 0 2 0
0 0 2 0
0 0 2 0
0 0 2 0
0 0 2 0
0 0 2 0
0 0 2 0
0 0 3 0
0 0 2 0
0 0 3 0
0 0 2 0
0 0 3 0
0 0 2 0
0 0 3 0
0 0 3 0
0 0 3 0
0 0 4 0
0 0 3 0
0 0 2 0
0 0 3 0
0 0 3 0
0 0 3 0
0 0 3 0
0 0 3 0
0 0 3 0
0 0 3 0
0 0 3 0
0 0 4 0
0 0 3 0
0 0 3 0
0 0 3 0
0 0 3 0
0 0 4 0
0 0 3 0
0 0 3 0
0 0 3 0
0 0 3 0
0 0 2 0
0 0 3 0
0 0 3 0
0 0 3 0
0 0 4 0
0 0 3 0
0 0 3 0
0 0 3 0
0 0 3 0
0 0 3 0
0 0 3 0
0 0 3 0
0 0 3 0
0 0 4 0
0 0 2 0
0 0 4 0
0 0 3 0
0 0 3 0
0 0 3 0
0 0 3 0
0 0 2 0
0 0 2 0
0 0 3 0
0 0 4 0
0 0 3 0
0 0 3 0
0 0 3 0
0 0 2 0
0 0 4 0
0 0 3 0
0 0 3 0
0 0 2 0
0 0 3 0
0 0 4 0
0 0 3 0
0 0 3 0
0 0 3 0
0 0 3 0
0 0 3 0
0 0 3 0
0 0 3 0
0 0 3 0
0 0 3 0
0 0 3 0
0 0 3 0
0 0 3 0
0 0 3 0
0 0 3 0
0 0 3 0
0 0 3 0
0 0 3 0
0 0 4 0
0 0 3 0
0 0 4 0
0 0 3 0
0 0 3 0
0 0 3 0
0 0 3 0
0 0 3 0
0 0 3 0
0 0 3 0
0 0 3 0
0 0 3 0
0 0 3 0
0 0 3 0
0 0 3 0
0 0 2 0
0 0 3 0
0 0 3 0
0 0 4 0
0 0 3 0
0 0 3 0
0 0 3 0
0 0 2 0
0 0 3 0
0 0 4 0
0 0 3 0
0 0 3 0
0 0 3 0
0 0 3 0
0 0 3 0
0 0 3 0
0 0 3 0
0 0 3 0
0 0 3 0
0 0 3 0
0 0 3 0
0 0 3 0
0 0 3 0
0 0 3 0
0 0 3 0
0 0 3 0
0 0 3 0
0 0 3 0
0 0 4 0
0 0 3 0
0 0 3 0
0 0 3 0
0 0 3 0
0 0 3 0
0 0 3 0
0 0 3 0
0 0 3 0
0 0 3 0
0 0 3 0
0 0 3 0
0 0 4 0
0 0 2 0
0 0 3 0
0 0 3 0
0 0 3 0
0 0 3 0
0 0 3 0
0 0 3 0
0 0 3 0
0 0 3 0
0 0 3 0
0 0 3 0
0 0 3 0
0 0 3 0
0 0 3 0
0 0 3 0
0 0 3 0
0 0 3 0
0 0 3 0
0 0 3 0
0 0 3 0
0 0 3 0
0 0 3 0
0 0 3 0
0 0 3 0
0 0 4 0
0 0 2 0
0 0 3 0
0 0 3 0
0 0 3 0
0 0 2 0
0 0 3 0
0 0 2 0
0 0 3 0
0 0 4 0
0 0 3 0
0 0 2 0
0 0 3 0
0 0 3 0
0 0 3 0
0 0 3 0
0 0 3 0
0 0 3 0
0 0 3 0
0 0 3 0
0 0 3 0
0 0 3 0
0 0 3 0
0 0 3 0
0 0 3 0
0 0 3 0
0 0 3 0
0 0 2 0
0 0 4 0
0 0 4 0
0 0 2 0
0 0 4 0
0 0 3 0
0 0 3 0
0 0 3 0
0 0 3 0
0 0 3 0
0 0 3 0
0 0 3 0
0 0 2 0
0 0 3 0
0 0 3 0
0 0 3 0
0 0 4 0
0 0 3 0
0 0 3 0
0 0 3 0
0 0 4 0
0 0 3 0
0 0 3 0
0 0 3 0
0 0 3 0
0 0 3 0
0 0 4 0
0 0 3 0
0 0 3 0
0 0 4 0
0 0 5 0
0 0 5 0
0 0 5 0
0 0 5 0
0 0 4 0
0 0 5 0
0 0 5 0
0 0 5 0
0 0 5 0
0 0 5 0
0 0 5 0
0 0 4 0
0 0 2 0
0 0 6 0
0 0 5 0
0 0 4 0
0 0 5 0
0 0 6 0
0 0 5 0
0 0 5 0
0 0 5 0
0 0 4 0
0 0 6 0
0 0 5 0
0 0 5 0
0 0 4 0
0 0 5 0
0 0 5 0
0 0 5 0
0 0 5 0
0 0 5 0
0 0 5 0
0 0 5 0
0 0 5 0
0 0 5 0
0 0 4 0
0 0 6 0
0 0 4 0
0 0 5 0
0 0 5 0
0 0 4 0
0 0 5 0
0 0 5 0
0 0 5 0
0 0 4 0
0 0 5 0
0 0 4 0
0 0 5 0
0 0 5 0
0 0 5 0
0 0 4 0
0 0 5 0
0 0 5 0
0 0 5 0
0 0 5 0
0 0 5 0
0 0 4 0
0 0 5 0
0 0 5 0
0 0 5 0
0 0 5 0
0 0 5 0
0 0 5 0
0 0 5 0
0 0 5 0
0 0 5 0
0 0 4 0
0 0 1 0
0 0 2 0
0 0 1 0
0 0 1 0
0 0 4 0
0 0 6 0
0 0 6 0
0 0 7 0
0 0 6 0
0 0 6 0
0 0 6 0
0 0 3 0
0 0 2 0
0 0 1 0
0 0 2 0
0 0 1 0
0 0 2 0
0 0 1 0
0 0 2 0
0 0 1 0
0 0 1 0
0 0 2 0
0 0 1 0
0 0 7 0
0 0 6 0
0 0 6 0
0 0 6 0
0 0 5 0
0 0 6 0
0 0 3 0
0 0 6 0
0 0 6 0
0 0 6 0
0 0 6 0
0 0 6 0
0 0 7 0
0 0 6 0
0 0 6 0
0 0 6 0
0 0 6 0
0 0 6 0
0 0 6 0
0 0 6 0
0 0 6 0
0 0 2 0
0 0 1 0
0 0 2 0
0 0 2 0
0 0 1 0
0 0 4 0
0 0 6 0
0 0 6 0
0 0 6 0
0 0 7 0
0 0 6 0
0 0 6 0
0 0 6 0
0 0 6 0
0 0 6 0
0 0 6 0
0 0 6 0
0 0 4 0
0 0 1 0
0 0 1 0
0 0 2 0
0 0 1 0
0 0 2 0
0 0 1 0
0 0 2 0
0 0 2 0
0 0 1 0
0 0 2 0
0 0 2 0
0 0 1 0
0 0 2 0
0 0 5 0
0 0 7 0
0 0 6 0
0 0 6 0
0 0 6 0
0 0 6 0
0 0 6 0
0 0 6 0
0 0 6 0
0 0 6 0
0 0 6 0
0 0 6 0
0 0 5 0
0 0 3 0
0 0 2 0
0 0 2 0
0 0 3 0
0 0 2 0
0 0 3 0
0 0 2 0
0 0 2 0
0 0 3 0
0 0 2 0
0 0 3 0
0 0 2 0
0 0 2 0
0 0 3 0
0 0 2 0
0 0 3 0
0 0 2 0
0 0 3 0
0 0 2 0
0 0 2 0
0 0 3 0
0 0 2 0
0 0 3 0
0 0 3 0
0 0 2 0
0 0 3 0
0 0 1 0
0 0 3 0
0 0 2 0
0 0 3 0
0 0 2 0
0 0 2 0
0 0 2 0
0 0 3 0
0 0 2 0
0 0 2 0
0 0 3 0
0 0 2 0
0 0 3 0
0 0 2 0
0 0 3 0
0 0 2 0
0 0 2 0
0 0 2 0
0 0 2 0
0 0 3 0
0 0 2 0
0 0 2 0
0 0 3 0
0 0 2 0
0 0 3 0
0 0 2 0
0 0 2 0
0 0 2 0
0 0 3 0
0 0 3 0
0 0 2 0
0 0 3 0
0 0 3 0
0 0 2 0
0 0 3 0
0 0 2 0
0 0 2 0
0 0 2 0
0 0 3 0
0 0 2 0
0 0 3 0
0 0 3 0
0 0 2 0
0 0 3 0
0 0 3 0
0 0 3 0
0 0 2 0
0 0 3 0
0 0 2 0
0 0 3 0
0 0 3 0
0 0 2 0
0 0 3 0
0 0 3 0
0 0 3 0
0 0 3 0
0 0 2 0
0 0 2 0
0 0 3 0
0 0 2 0
0 0 2 0
0 0 3 0
0 0 2 0
0 0 3 0
0 0 2 0
0 0 2 0
0 0 3 0
0 0 2 0
0 0 3 0
0 0 3 0
0 0 3 0
0 0 2 0
0 0 3 0
0 0 3 0
0 0 3 0
0 0 3 0
0 0 2 0
0 0 3 0
0 0 3 0
0 0 3 0
0 0 3 0
0 0 3 0
0 0 3 0
10617.2 0 1 1
10620.2 0 0 0
10618.2 0 0 0
10629.2 0 0 0
10636 0 0 0
10644.5 0 0 0
10656.1 0 0 0
10669 0 0 0
10682.9 0 0 0
10689.2 0 0 0
10691.6 0 0 0
10698.1 0 0 0
10715.4 0 0 0
10736.4 0 0 0
10753.1 0 0 0
10756.6 0 0 0
10759.9 0 0 0
10774.4 0 0 0
10772.3 0 0 0
10772.8 0 0 0
10784.6 0 0 0
10788.4 0 0 0
10786 0 0 0
10796.5 0 0 0
10796.8 0 0 0
10804.2 0 0 0
10822.3 0 0 0
10820.6 0 0 0
10825.7 0 0 0
10833.6 0 0 0
10844.8 0 0 0
10864.1 0 0 0
10878.8 0 0 0
10891.8 0 0 0
10892.3 0 0 0
10890.8 0 0 0
10888.1 0 0 0
10900.6 0 0 0
10909.7 0 0 0
10913.7 0 0 0
10916 0 0 0
10919.5 0 0 0
10922.5 0 0 0
10926.5 0 0 0
10933.9 0 0 0
10950.6 0 0 0
10957.1 0 0 0
10964.4 0 0 0
10962.7 0 0 0
10948.4 0 0 0
10947.7 0 0 0
10946.7 0 0 0
10959.6 0 0 0
10963.6 0 0 0
10963.6 0 0 0
10972.1 0 0 0
10970.9 0 0 0
10972.8 0 0 0
10973.8 0 0 0
10978.3 0 0 0
10985.9 0 0 0
10990.1 0 0 0
10998.1 0 0 0
11007.1 0 0 0
11019.4 0 0 0
11027.2 0 0 0
11027.6 0 0 0
11026 0 0 0
11025.5 0 0 0
11039.1 0 0 0
11048 0 0 0
11051.2 0 0 0
11061.6 0 0 0
11063.6 0 0 0
11068.7 0 0 0
11073.9 0 0 0
11083.5 0 0 0
11094.7 0 0 0
11090.6 0 0 0
11090.7 0 0 0
11090.8 0 0 0
11093.2 0 0 0
11093.2 0 0 0
11103.6 0 0 0
11105 0 0 0
11105 0 0 0
11114.7 0 0 0
11120.9 0 0 0
11123 0 0 0
11123.2 0 0 0
11123.4 0 0 0
11122.8 0 0 0
11128.5 0 0 0
11141.2 0 0 0
11152.6 0 0 0
11155.9 0 0 0
11168.8 0 0 0
11182.5 0 0 0
11185.6 0 0 0
11193.3 0 0 0
11204.9 0 0 0
11209.1 0 0 0
11208.6 0 0 0
11208.1 0 0 0
11211 0 0 0
11216.3 0 0 0
11227.2 0 0 0
11232.9 0 0 0
11232.9 0 0 0
11244.9 0 0 0
11240.4 0 0 0
11243.7 0 0 0
11246.1 0 0 0
11247 0 0 0
11248.6 0 0 0
11245.9 0 0 0
11246.7 0 0 0
11260.8 0 0 0
11260.9 0 0 0
11272.3 0 0 0
11265.1 0 0 0
11267.8 0 0 0
11269.6 0 0 0
11284.1 0 0 0
11288.2 0 0 0
11287.5 0 0 0
11294.3 0 0 0
11294.8 0 0 0
11304.1 0 0 0
11311 0 0 0
11320.6 0 0 0
11318.6 0 0 0
11322 0 0 0
11320.9 0 0 0
11328.9 0 0 0
11326.2 0 0 0
11341.6 0 0 0
11349.6 0 0 0
11359.4 0 0 0
11372.6 0 0 0
11376.5 0 0 0
11385.4 0 0 0
11389.6 0 0 0
11391.9 0 0 0
11394.7 0 0 0
11393.7 0 0 0
11393.8 0 0 0
11394.3 0 0 0
11394.8 0 0 0
11398.6 0 0 0
11401 0 0 0
11399.5 0 0 0
11397.2 0 0 0
11411.8 0 0 0
11418.4 0 0 0
11418.4 0 0 0
11418.6 0 0 0
11416.4 0 0 0
11414.8 0 0 0
11414.3 0 0 0
11419 0 0 0
11435.4 0 0 0
11441.6 0 0 0
11448.3 0 0 0
11463.8 0 0 0
11470.2 0 0 0
11478.1 0 0 0
11479.3 0 0 0
11490.6 0 0 0
11501.6 0 0 0
11510.9 0 0 0
11506.3 0 0 0
11506.4 0 0 0
11519.6 0 0 0
11517.4 0 0 0
11522.9 0 0 0
11522.7 0 0 0
11517.1 0 0 0
11515.8 0 0 0
11557.4 0 0 0
11555.2 0 0 0
11562.9 0 0 0
11561.5 0 0 0
11556 0 0 0
11552.9 0 0 0
11552.8 0 0 0
11558.8 0 0 0
11559.9 0 0 0
11571.5 0 0 0
11591.4 0 0 0
11603.2 0 0 0
11617.4 0 0 0
11632.6 0 0 0
11634.1 0 0 0
11635.4 0 0 0
11633.9 0 0 0
11641.5 0 0 0
11640.8 0 0 0
11659.4 0 0 0
11663.7 0 0 0
11668.8 0 0 0
11671.4 0 0 0
11676.1 0 0 0
11680.9 0 0 0
11683.7 0 0 0
11687.4 0 0 0
11687 0 0 0
11689.8 0 0 0
11688.5 0 0 0
11688.5 0 0 0
11687.4 0 0 0
11683.3 0 0 0
11682.7 0 0 0
11681.9 0 0 0
11680.6 0 0 0
11682.9 0 0 0
11688.4 0 0 0
11694.5 0 0 0
11699.2 0 0 0
11703.9 0 0 0
11705.9 0 0 0
11709.1 0 0 0
11710.4 0 0 0
11707.6 0 0 0
11709.1 0 0 0
11711.2 0 0 0
11713.5 0 0 0
11718.2 0 0 0
11712.5 0 0 0
11716.5 0 0 0
11719.1 0 0 0
11719.9 0 0 0
11721.6 0 0 0
11720.1 0 0 0
11719.6 0 0 0
11720.2 0 0 0
11719.6 0 0 0
11717 0 0 0
11715 0 0 0
11711.1 0 0 0
11708.9 0 0 0
11709.7 0 0 0
11706 0 0 0
11702.1 0 0 0
11699.3 0 0 0
11697.5 0 0 0
11695.6 0 0 0
11690.4 0 0 0
11690.2 0 0 0
11703 0 0 0
11700.8 0 0 0
11700.4 0 0 0
11697.6 0 0 0
11696.4 0 0 0
11697.1 0 0 0
11693 0 0 0
11692.5 0 0 0
11692.9 0 0 0
11693.3 0 0 0
11693.2 0 0 0
11692.8 0 0 0
11692.4 0 0 0
11690.3 0 0 0
11690.9 0 0 0
11687 0 0 0
11685.3 0 0 0
11682.4 0 0 0
11682.1 0 0 0
11680.8 0 0 0
11679.8 0 0 0
11682.5 0 0 0
11688.1 0 0 0
11686.8 0 0 0
11689.3 0 0 0
11691.7 0 0 0
11694.7 0 0 0
11710 0 0 0
11712.1 0 0 0
11713.9 0 0 0
11715.6 0 0 0
11716.6 0 0 0
11713.9 0 0 0
11710.7 0 0 0
11711 0 0 0
11708.7 0 0 0
11705.2 0 0 0
11704.8 0 0 0
11709.2 0 0 0
11707.5 0 0 0
11705.3 0 0 0
11702.8 0 0 0
11703 0 0 0
11707.2 0 0 0
11706.5 0 0 0
11705.2 0 0 0
11707 0 0 0
11706.3 0 0 0
11704.1 0 0 0
11702.4 0 0 0
11699 0 0 0
11697.6 0 0 0
11697.6 0 0 0
11680.5 0 0 0
11681.7 0 0 0
11680.1 0 0 0
11679.2 0 0 0
11673.2 0 0 0
11672 0 0 0
11670.7 0 0 0
11667.8 0 0 0
11670.2 0 0 0
11669.7 0 0 0
11670.7 0 0 0
11673 0 0 0
11669.2 0 0 0
11670.6 0 0 0
11670.1 0 0 0
11666.5 0 0 0
11666.6 0 0 0
11668.2 0 0 0
11684.9 0 0 0
11686.5 0 0 0
11691.5 0 0 0
11700.3 0 0 0
11705.3 0 0 0
11710.8 0 0 0
11715.5 0 0 0
11723.3 0 0 0
11727.3 0 0 0
11722.2 0 0 0
11721.9 0 0 0
11722.7 0 0 0
11720.6 0 0 0
11717.8 0 0 0
11714.7 0 0 0
11717.8 0 0 0
11716.9 0 0 0
11717.4 0 0 0
11715.3 0 0 0
11714.2 0 0 0
11713.5 0 0 0
11714.5 0 0 0
11714 0 0 0
11702.6 0 0 0
11707.6 0 0 0
11708.7 0 0 0
11706.5 0 0 0
11704 0 0 0
11701.6 0 0 0
11706.4 0 0 0
11704 0 0 0
11701.3 0 0 0
11702.9 0 0 0
11703.2 0 0 0
11702.3 0 0 0
11706.1 0 0 0
11706.5 0 0 0
11707.8 0 0 0
11706.8 0 0 0
11711.8 0 0 0
11713.8 0 0 0
11713.3 0 0 0
11713 0 0 0
11710.8 0 0 0
11711.1 0 0 0
11711.4 0 0 0
11706.2 0 0 0
11701.6 0 0 0
11700.8 0 0 0
11699.1 0 0 0
11699.2 0 0 0
11700.4 0 0 0
11698 0 0 0
11694.8 0 0 0
11692.6 0 0 0
11695.3 0 0 0
11695.7 0 0 0
11701.2 0 0 0
11702.4 0 0 0
11703.3 0 0 0
11705.4 0 0 0
11703.6 0 0 0
11703 0 0 0
11705.5 0 0 0
11705 0 0 0
11706 0 0 0
11707.5 0 0 0
11708 0 0 0
11706.1 0 0 0
11705.3 0 0 0
11707.1 0 0 0
11709.2 0 0 0
11683.2 0 0 0
11681.1 0 0 0
11681.3 0 0 0
11680 0 0 0
11680 0 0 0
11679.1 0 0 0
11670.6 0 0 0
11666.2 0 0 0
11659.4 0 0 0
11653.3 0 0 0
11644.8 0 0 0
11638.5 0 0 0
11630.6 0 0 0
11625.1 0 0 0
11621.4 0 0 0
11615.1 0 0 0
11610.2 0 0 0
11605.1 0 0 0
11600.6 0 0 0
11594.7 0 0 0
11589.1 0 0 0
11581.9 0 0 0
11577.2 0 0 0
11575.7 0 0 0
11570.5 0 0 0
11562.8 0 0 0
11557.9 0 0 0
11550.7 0 0 0
11545.5 0 0 0
11538 0 0 0
11531.4 0 0 0
11533.4 0 0 0
11529.6 0 0 0
11525.7 0 0 0
11520.3 0 0 0
11514.9 0 0 0
11519.9 0 0 0
11513.4 0 0 0
11507.4 0 0 0
11502.2 0 0 0
11502.1 0 0 0
11503.5 0 0 0
11501.5 0 0 0
11501.1 0 0 0
11500.1 0 0 0
11500.9 0 0 0
11501.2 0 0 0
11502.3 0 0 0
11503.8 0 0 0
11503.6 0 0 0
11503.6 0 0 0
11504 0 0 0
11504.2 0 0 0
11502.9 0 0 0
11503.5 0 0 0
11505.6 0 0 0
11512.7 0 0 0
11511 0 0 0
11510.5 0 0 0
11511.2 0 0 0
11511.3 0 0 0
11507.5 0 0 0
11505.1 0 0 0
11506.8 0 0 0
11506.7 0 0 0
11504.6 0 0 0
11503.7 0 0 0
11502.9 0 0 0
11505 0 0 0
11506.3 0 0 0
11508.3 0 0 0
11510.4 0 0 0
11511.9 0 0 0
11511.5 0 0 0
11512.3 0 0 0
11512 0 0 0
11510.7 0 0 0
11510.4 0 0 0
11506.7 0 0 0
11501.1 0 0 0
11503.5 0 0 0
11501.5 0 0 0
11495.6 0 0 0
11492.2 0 0 0
11485.4 0 0 0
11483.5 0 0 0
11484.3 0 0 0
11483 0 0 0
11482.7 0 0 0
11485.8 0 0 0
11486 0 0 0
11483.5 0 0 0
11485 0 0 0
11485.2 0 0 0
11487.4 0 0 0
11485.3 0 0 0
11484.9 0 0 0
11485.5 0 0 0
11485.2 0 0 0
11485.3 0 0 0
11487 0 0 0
11485.6 0 0 0
11482.1 0 0 0
11480 0 0 0
11480.3 0 0 0
11480.5 0 0 0
11479.9 0 0 0
11484.2 0 0 0
11486.8 0 0 0
11490.5 0 0 0
11509.1 0 0 0
11506.5 0 0 0
11504.2 0 0 0
11502.8 0 0 0
11505.8 0 0 0
11507.2 0 0 0
11508.1 0 0 0
11508.1 0 0 0
11505 0 0 0
11505.6 0 0 0
11507.4 0 0 0
11505.1 0 0 0
11506.7 0 0 0
11506.4 0 0 0
11504.8 0 0 0
11505.6 0 0 0
11506.4 0 0 0
11504.4 0 0 0
11499.3 0 0 0
11496 0 0 0
11490 0 0 0
11483.6 0 0 0
11476.3 0 0 0
11470.4 0 0 0
11466 0 0 0
11463.8 0 0 0
11459.8 0 0 0
11463.2 0 0 0
11464.1 0 0 0
11462.4 0 0 0
11461.9 0 0 0
11462.9 0 0 0
11463.7 0 0 0
11462.5 0 0 0
11462.9 0 0 0
11461.4 0 0 0
11461.8 0 0 0
11459 0 0 0
11467.9 0 0 0
11472.2 0 0 0
11476.8 0 0 0
11494.7 0 0 0
11501 0 0 0
11504.3 0 0 0
11507.9 0 0 0
11513.5 0 0 0
11521 0 0 0
11527.6 0 0 0
11517.6 0 0 0
11520.7 0 0 0
11522.5 0 0 0
11519.8 0 0 0
11518.6 0 0 0
11512.5 0 0 0
11510.6 0 0 0
11510.1 0 0 0
11511 0 0 0
11511.8 0 0 0
11509.6 0 0 0
11511.9 0 0 0
11512.2 0 0 0
11513 0 0 0
11513.7 0 0 0
11513.9 0 0 0
11518.7 0 0 0
11521.3 0 0 0
11522.6 0 0 0
11524.4 0 0 0
11524 0 0 0
11524 0 0 0
11525.3 0 0 0
11527.7 0 0 0
11528 0 0 0
11525.6 0 0 0
11525.6 0 0 0
11523.6 0 0 0
11489.3 0 0 0
11485.9 0 0 0
11486.1 0 0 0
11487.2 0 0 0
11488.2 0 0 0
11486 0 0 0
11485.5 0 0 0
11483.9 0 0 0
11485.4 0 0 0
11486.8 0 0 0
11490.3 0 0 0
11489.5 0 0 0
11489.2 0 0 0
11488.6 0 0 0
11513.8 0 0 0
11516.5 0 0 0
11514.1 0 0 0
11514.4 0 0 0
11514.4 0 0 0
11512.9 0 0 0
11511.9 0 0 0
11512.3 0 0 0
11463.4 0 0 0
