0
0
0
0
0
0
0
0
0
0
0
0
0
0
0
0
0
0
0
0
0
0
0
0
0
0
0
0
0
0
0
0
0
0
0
0
0
0
0
0
0
0
0
0
0
0
1.6
6.4
11.2
14.4
19.2
22.4
28.8
33.6
38.4
41.6
46.4
49.6
56
60.8
64
68.8
73.6
78.4
83.2
88
91.2
91.2
91.2
92.8
94.4
96
94.4
94.4
96
97.6
97.6
100.8
99.2
99.2
100.8
99.2
99.2
102.4
107.2
112
116.8
121.6
126.4
132.8
136
140.8
145.6
150.4
153.6
158.4
163.2
163.2
166.4
171.2
176
182.4
187.2
188.8
190.4
190.4
190.4
190.4
190.4
188.8
188.8
188.8
188.8
188.8
190.4
190.4
190.4
193.6
195.2
195.2
195.2
195.2
193.6
193.6
190.4
185.6
180.8
176
171.2
166.4
163.2
158.4
153.6
150.4
142.4
139.2
134.4
129.6
124.8
120
113.6
110.4
107.2
102.4
99.2
99.2
99.2
99.2
100.8
99.2
96
97.6
97.6
96
97.6
94.4
96
94.4
96
96
97.6
96
96
96
96
96
96
96
94.4
96
97.6
97.6
96
96
96
97.6
96
97.6
96
96
97.6
97.6
97.6
97.6
97.6
97.6
97.6
97.6
97.6
99.2
100.8
99.2
100.8
100.8
102.4
102.4
102.4
102.4
102.4
104
102.4
104
102.4
104
104
104
105.6
105.6
105.6
104
102.4
102.4
102.4
102.4
100.8
100.8
100.8
100.8
100.8
99.2
99.2
97.6
99.2
97.6
97.6
97.6
96
94.4
92.8
92.8
91.2
89.6
89.6
89.6
89.6
89.6
88
88
86.4
88
88
88
88
88
88
88
88
89.6
91.2
89.6
91.2
92.8
91.2
91.2
91.2
91.2
92.8
92.8
94.4
92.8
92.8
92.8
92.8
94.4
94.4
94.4
94.4
94.4
94.4
96
94.4
99.2
105.6
110.4
115.2
120
126.4
131.2
136
140.8
147.2
152
155.2
158.4
161.6
166.4
171.2
174.4
179.2
184
192
192
192
192
192
192
190.4
190.4
192
192
190.4
188.8
192
192
193.6
193.6
193.6
195.2
195.2
196.8
193.6
193.6
192
192
192
192
192
190.4
190.4
190.4
188.8
185.6
177.6
172.8
168
163.2
158.4
153.6
148.8
142.4
139.2
134.4
131.2
124.8
120
115.2
112
108.8
99.2
96
92.8
91.2
92.8
92.8
92.8
94.4
92.8
92.8
92.8
92.8
92.8
94.4
94.4
96
96
96
94.4
94.4
97.6
96
96
97.6
97.6
97.6
99.2
96
97.6
99.2
99.2
99.2
99.2
97.6
97.6
99.2
97.6
99.2
99.2
99.2
99.2
99.2
99.2
99.2
97.6
97.6
96
97.6
96
94.4
94.4
94.4
92.8
92.8
91.2
89.6
91.2
88
88
88
88
88
88
88
89.6
89.6
89.6
89.6
91.2
91.2
91.2
91.2
92.8
92.8
94.4
94.4
94.4
96
96
96
97.6
97.6
96
94.4
96
96
96
97.6
97.6
99.2
99.2
99.2
99.2
100.8
99.2
100.8
100.8
100.8
100.8
100.8
97.6
97.6
100.8
102.4
100.8
100.8
100.8
99.2
97.6
94.4
94.4
94.4
96
94.4
96
94.4
94.4
94.4
94.4
94.4
96
96
94.4
94.4
96
94.4
96
96
97.6
99.2
99.2
99.2
97.6
97.6
97.6
97.6
96
97.6
97.6
97.6
97.6
97.6
97.6
97.6
96
97.6
96
96
99.2
104
108.8
113.6
118.4
123.2
128
132.8
139.2
142.4
147.2
150.4
150.4
148.8
148.8
150.4
150.4
150.4
150.4
155.2
156.8
156.8
156.8
156.8
156.8
156.8
156.8
156.8
156.8
156.8
148.8
144
144
144
142.4
137.6
136
134.4
132.8
126.4
120
113.6
107.2
102.4
96
89.6
83.2
76.8
68.8
62.4
64
64
62.4
62.4
62.4
64
64
64
64
65.6
65.6
65.6
65.6
64
64
64
64
64
65.6
67.2
67.2
67.2
67.2
67.2
67.2
67.2
67.2
67.2
68.8
67.2
65.6
65.6
65.6
65.6
65.6
67.2
67.2
67.2
67.2
67.2
67.2
67.2
67.2
67.2
67.2
67.2
67.2
67.2
65.6
65.6
68.8
68.8
70.4
70.4
72
70.4
72
73.6
75.2
76.8
78.4
78.4
80
81.6
83.2
84.8
86.4
88
89.6
91.2
92.8
94.4
94.4
96
96
99.2
99.2
99.2
99.2
97.6
96
97.6
97.6
97.6
99.2
99.2
99.2
99.2
99.2
99.2
97.6
97.6
97.6
99.2
97.6
97.6
97.6
97.6
97.6
97.6
97.6
96
96
97.6
96
96
96
94.4
96
96
96
94.4
94.4
94.4
96
94.4
94.4
94.4
94.4
94.4
96
97.6
97.6
96
96
96
96
97.6
96
96
96
99.2
99.2
99.2
99.2
99.2
99.2
99.2
99.2
99.2
99.2
99.2
99.2
99.2
99.2
99.2
97.6
97.6
97.6
99.2
99.2
97.6
97.6
94.4
94.4
96
96
96
96
96
96
96
96
96
96
96
97.6
97.6
97.6
96
96
96
96
97.6
99.2
97.6
97.6
97.6
97.6
97.6
97.6
97.6
97.6
97.6
97.6
97.6
99.2
97.6
97.6
97.6
97.6
97.6
97.6
97.6
96
96
96
96
96
96
96
96
96
96
96
96
94.4
96
96
96
96
97.6
96
96
96
96
94.4
94.4
92.8
92.8
94.4
94.4
92.8
92.8
92.8
92.8
92.8
92.8
92.8
92.8
92.8
91.2
92.8
92.8
92.8
92.8
94.4
94.4
94.4
96
96
94.4
97.6
97.6
97.6
97.6
97.6
97.6
97.6
97.6
96
96
96
96
97.6
97.6
97.6
97.6
100.8
99.2
97.6
99.2
97.6
97.6
99.2
99.2
99.2
100.8
104
107.2
112
115.2
116.8
120
121.6
124.8
128
131.2
132.8
134.4
132.8
137.6
140.8
142.4
144
148.8
152
153.6
153.6
152
153.6
153.6
155.2
153.6
153.6
153.6
153.6
153.6
153.6
155.2
160
158.4
158.4
158.4
160
156.8
156.8
156.8
155.2
156.8
155.2
155.2
153.6
155.2
153.6
153.6
153.6
153.6
152
152
152
152
152
153.6
150.4
152
152
152
153.6
153.6
153.6
153.6
155.2
155.2
155.2
148.8
144
137.6
132.8
131.2
132.8
134.4
137.6
139.2
142.4
144
140.8
136
129.6
124.8
118.4
113.6
107.2
102.4
97.6
97.6
97.6
97.6
107.2
110.4
110.4
110.4
107.2
107.2
102.4
102.4
107.2
113.6
121.6
128
137.6
144
152
158.4
166.4
174.4
180.8
188.8
187.2
180.8
172.8
166.4
161.6
153.6
155.2
155.2
155.2
155.2
156.8
156.8
155.2
155.2
155.2
155.2
155.2
155.2
152
144
136
136
136
136
134.4
136
132.8
124.8
118.4
112
102.4
96
94.4
96
96
96
96
96
99.2
107.2
115.2
121.6
129.6
136
142.4
144
144
145.6
147.2
147.2
150.4
150.4
145.6
139.2
132.8
128
121.6
115.2
110.4
104
99.2
92.8
88
81.6
76.8
76.8
76.8
78.4
78.4
78.4
78.4
76.8
78.4
76.8
78.4
76.8
76.8
76.8
76.8
76.8
75.2
76.8
75.2
76.8
76.8
76.8
76.8
75.2
73.6
73.6
73.6
75.2
73.6
75.2
73.6
75.2
75.2
75.2
73.6
75.2
76.8
75.2
76.8
76.8
76.8
76.8
76.8
76.8
76.8
78.4
76.8
78.4
80
78.4
80
80
81.6
81.6
83.2
81.6
81.6
83.2
81.6
81.6
83.2
83.2
84.8
84.8
84.8
84.8
84.8
83.2
83.2
83.2
83.2
81.6
80
81.6
80
81.6
81.6
81.6
81.6
81.6
81.6
81.6
81.6
81.6
83.2
83.2
84.8
86.4
86.4
88
