45 GB
0
0
0
0
0
0
3.2
8
12.8
16
20.8
25.6
28.8
33.6
38.4
41.6
46.4
49.6
54.4
59.2
62.4
67.2
72
76.8
80
84.8
86.4
84.8
84.8
86.4
84.8
84.8
86.4
86.4
84.8
86.4
86.4
86.4
86.4
86.4
88
86.4
86.4
84.8
86.4
86.4
84.8
86.4
86.4
84.8
86.4
81.6
76.8
72
68.8
64
59.2
56
51.2
46.4
41.6
38.4
33.6
30.4
25.6
20.8
22.4
22.4
22.4
22.4
22.4
27.2
32
36.8
40
44.8
49.6
54.4
59.2
62.4
67.2
70.4
75.2
80
83.2
88
88
88
88
89.6
88
88
88
88
89.6
88
88
88
88
88
88
88
88
88
89.6
89.6
88
89.6
89.6
91.2
92.8
94.4
96
96
99.2
102.4
104
105.6
107.2
112
113.6
116.8
115.2
115.2
115.2
116.8
116.8
115.2
118.4
118.4
118.4
120
120
121.6
120
118.4
118.4
120
118.4
113.6
113.6
112
115.2
113.6
113.6
112
113.6
113.6
108.8
108.8
108.8
110.4
107.2
107.2
107.2
108.8
107.2
107.2
108.8
108.8
107.2
107.2
105.6
108.8
113.6
113.6
113.6
112
113.6
112
112
108.8
112
110.4
108.8
108.8
108.8
105.6
104
110.4
108.8
108.8
110.4
110.4
105.6
107.2
105.6
108.8
108.8
108.8
108.8
107.2
107.2
108.8
108.8
112
113.6
116.8
116.8
113.6
113.6
116.8
116.8
116.8
116.8
118.4
118.4
118.4
116.8
120
121.6
121.6
123.2
123.2
126.4
123.2
123.2
120
124.8
124.8
129.6
128
128
129.6
131.2
131.2
131.2
132.8
134.4
129.6
129.6
131.2
128
131.2
128
128
128
128
123.2
121.6
118.4
118.4
120
120
120
116.8
121.6
118.4
120
123.2
120
118.4
118.4
116.8
116.8
115.2
116.8
118.4
121.6
121.6
123.2
124.8
120
118.4
115.2
116.8
113.6
113.6
116.8
123.2
131.2
139.2
140.8
136
137.6
137.6
136
136
132.8
136
136
136
139.2
139.2
140.8
142.4
144
145.6
145.6
144
142.4
134.4
131.2
134.4
134.4
134.4
134.4
134.4
137.6
136
134.4
132.8
132.8
134.4
136
136
137.6
137.6
136
129.6
126.4
129.6
132.8
131.2
129.6
132.8
139.2
144
148.8
148.8
150.4
152
152
150.4
150.4
150.4
150.4
150.4
150.4
152
152
150.4
152
155.2
158.4
156.8
150.4
145.6
139.2
140.8
139.2
139.2
140.8
139.2
144
147.2
152
152
152
152
153.6
153.6
152
152
150.4
152
152
153.6
155.2
155.2
156.8
156.8
156.8
158.4
155.2
148.8
142.4
144
142.4
144
144
144
145.6
145.6
145.6
147.2
152
152
150.4
150.4
150.4
150.4
150.4
150.4
148.8
148.8
150.4
148.8
148.8
145.6
142.4
140.8
140.8
140.8
140.8
137.6
134.4
132.8
134.4
134.4
134.4
132.8
132.8
134.4
134.4
137.6
136
137.6
139.2
140.8
144
145.6
142.4
140.8
142.4
148.8
150.4
150.4
150.4
148.8
150.4
150.4
148.8
148.8
148.8
147.2
147.2
145.6
144
144
142.4
140.8
139.2
140.8
140.8
132.8
131.2
131.2
131.2
131.2
134.4
140.8
145.6
144
142.4
144
140.8
142.4
140.8
140.8
142.4
142.4
144
142.4
139.2
140.8
140.8
142.4
140.8
140.8
137.6
131.2
126.4
126.4
128
124.8
124.8
123.2
124.8
123.2
121.6
120
121.6
124.8
126.4
126.4
124.8
123.2
120
121.6
118.4
120
118.4
118.4
121.6
126.4
128
128
128
129.6
131.2
132.8
132.8
131.2
129.6
131.2
128
129.6
134.4
134.4
137.6
136
137.6
137.6
134.4
129.6
129.6
129.6
126.4
128
124.8
124.8
124.8
123.2
126.4
123.2
126.4
124.8
121.6
120
120
120
118.4
116.8
116.8
116.8
120
121.6
124.8
121.6
123.2
123.2
123.2
124.8
126.4
128
129.6
128
129.6
129.6
129.6
128
129.6
129.6
129.6
132.8
131.2
126.4
128
129.6
129.6
129.6
129.6
129.6
128
128
126.4
128
129.6
129.6
128
131.2
128
128
129.6
128
128
132.8
129.6
129.6
129.6
132.8
132.8
129.6
128
126.4
128
126.4
123.2
123.2
129.6
131.2
132.8
132.8
136
139.2
137.6
136
142.4
144
148.8
147.2
145.6
147.2
145.6
152
153.6
156.8
163.2
163.2
158.4
158.4
163.2
169.6
166.4
163.2
166.4
164.8
161.6
163.2
158.4
164.8
171.2
179.2
185.6
185.6
188.8
192
193.6
198.4
203.2
200
198.4
198.4
201.6
208
211.2
212.8
217.6
219.2
225.6
220.8
220.8
216
216
216
214.4
212.8
212.8
211.2
209.6
214.4
214.4
209.6
204.8
198.4
200
204.8
204.8
203.2
201.6
206.4
206.4
209.6
209.6
211.2
211.2
211.2
203.2
200
196.8
196.8
193.6
195.2
193.6
200
198.4
198.4
198.4
200
195.2
192
193.6
193.6
193.6
195.2
195.2
198.4
204.8
209.6
211.2
209.6
211.2
209.6
217.6
214.4
209.6
208
206.4
208
212.8
216
214.4
214.4
212.8
206.4
201.6
195.2
195.2
195.2
198.4
200
206.4
211.2
211.2
212.8
220.8
224
224
224
224
224
224
220.8
222.4
217.6
217.6
217.6
216
217.6
216
211.2
211.2
211.2
209.6
209.6
206.4
204.8
206.4
204.8
206.4
204.8
204.8
206.4
204.8
212.8
217.6
222.4
224
224
224
230.4
222.4
217.6
212.8
206.4
203.2
204.8
200
201.6
201.6
203.2
204.8
204.8
204.8
203.2
203.2
203.2
204.8
203.2
204.8
203.2
211.2
216
222.4
228.8
233.6
232
236.8
236.8
235.2
235.2
233.6
235.2
236.8
240
240
240
240
240
240
240
240
240
240
236.8
230.4
224
216
206.4
198.4
190.4
182.4
176
176
171.2
163.2
156.8
153.6
153.6
150.4
144
140.8
136
129.6
128
124.8
124.8
123.2
124.8
126.4
124.8
126.4
124.8
118.4
113.6
115.2
115.2
108.8
102.4
96
94.4
89.6
86.4
84.8
83.2
83.2
83.2
86.4
86.4
84.8
86.4
84.8
84.8
83.2
84.8
83.2
83.2
84.8
83.2
84.8
84.8
84.8
86.4
84.8
84.8
86.4
84.8
83.2
81.6
83.2
83.2
84.8
84.8
84.8
84.8
86.4
84.8
84.8
84.8
84.8
86.4
86.4
84.8
86.4
86.4
84.8
86.4
84.8
86.4
86.4
84.8
