Linux 3.13.0-68-generic (ds-server2) 	07/20/2016 	_x86_64_	(24 CPU)

02:45:06 PM  CPU    %usr   %nice    %sys %iowait    %irq   %soft  %steal  %guest  %gnice   %idle
02:45:07 PM  all    1.09    0.00    1.55    6.73    0.00    0.00    0.00    0.00    0.00   90.64
02:45:08 PM  all    2.04    0.00    2.09    5.34    0.00    0.04    0.00    0.00    0.00   90.49
02:45:09 PM  all    0.46    0.00    3.01    4.77    0.00    0.00    0.00    0.00    0.00   91.76
02:45:10 PM  all    0.04    0.00    0.63    3.92    0.00    0.00    0.00    0.00    0.00   95.41
02:45:11 PM  all    0.13    0.00    1.17    2.21    0.00    0.00    0.00    0.00    0.00   96.49
02:45:12 PM  all    0.04    0.00    0.50    0.00    0.00    0.00    0.00    0.00    0.00   99.46
02:45:13 PM  all    0.04    0.00    0.54    0.00    0.00    0.00    0.00    0.00    0.00   99.42
02:45:14 PM  all    0.04    0.00    0.50    0.00    0.00    0.00    0.00    0.00    0.00   99.46
02:45:15 PM  all    0.08    0.00    0.46    0.00    0.00    0.00    0.00    0.00    0.00   99.46
02:45:16 PM  all    0.08    0.00    1.17    0.12    0.00    0.00    0.00    0.00    0.00   98.62
02:45:17 PM  all    0.04    0.00    0.50    0.00    0.00    0.00    0.00    0.00    0.00   99.46
02:45:18 PM  all    0.12    0.00    0.50    0.00    0.00    0.00    0.00    0.00    0.00   99.38
02:45:19 PM  all    0.12    0.00    1.25    0.00    0.00    0.00    0.00    0.00    0.00   98.62
02:45:20 PM  all    0.13    0.00    0.50    0.00    0.00    0.00    0.00    0.00    0.00   99.37
02:45:21 PM  all    0.08    0.00    0.58    0.12    0.00    0.00    0.00    0.00    0.00   99.21
02:45:22 PM  all    0.08    0.00    0.50    0.00    0.00    0.00    0.00    0.00    0.00   99.42
02:45:23 PM  all    0.08    0.00    0.46    0.00    0.00    0.00    0.00    0.00    0.00   99.46
02:45:24 PM  all    0.04    0.00    0.50    0.00    0.00    0.00    0.00    0.00    0.00   99.46
02:45:25 PM  all    0.04    0.00    0.58    0.00    0.00    0.00    0.00    0.00    0.00   99.38
02:45:26 PM  all    0.04    0.00    0.54    0.08    0.00    0.00    0.00    0.00    0.00   99.33
02:45:27 PM  all    0.08    0.00    0.46    0.00    0.00    0.00    0.00    0.00    0.00   99.46
02:45:28 PM  all    0.00    0.00    1.21    0.00    0.00    0.00    0.00    0.00    0.00   98.79
02:45:29 PM  all    0.08    0.00    0.54    0.00    0.00    0.00    0.00    0.00    0.00   99.38
02:45:30 PM  all    0.04    0.00    0.54    0.00    0.00    0.00    0.00    0.00    0.00   99.42
02:45:31 PM  all    0.04    0.00    0.54    0.12    0.00    0.00    0.00    0.00    0.00   99.29
02:45:32 PM  all    0.04    0.00    0.54    0.00    0.00    0.00    0.00    0.00    0.00   99.42
02:45:33 PM  all    0.08    0.00    0.54    0.00    0.00    0.00    0.00    0.00    0.00   99.38
02:45:34 PM  all    0.08    0.00    0.54    0.00    0.00    0.00    0.00    0.00    0.00   99.38
02:45:35 PM  all    0.08    0.00    0.54    0.00    0.00    0.00    0.00    0.00    0.00   99.38
02:45:36 PM  all    0.04    0.00    1.21    0.12    0.00    0.00    0.00    0.00    0.00   98.62
02:45:37 PM  all    0.00    0.00    0.58    0.00    0.00    0.00    0.00    0.00    0.00   99.42
02:45:38 PM  all    0.04    0.00    0.58    0.00    0.00    0.00    0.00    0.00    0.00   99.38
02:45:39 PM  all    0.04    0.00    0.50    0.00    0.00    0.00    0.00    0.00    0.00   99.46
02:45:40 PM  all    0.04    0.00    1.21    0.00    0.00    0.00    0.00    0.00    0.00   98.75
02:45:41 PM  all    0.04    0.00    0.58    0.08    0.00    0.00    0.00    0.00    0.00   99.29
02:45:42 PM  all    0.04    0.00    0.50    0.00    0.00    0.00    0.00    0.00    0.00   99.46
02:45:43 PM  all    0.04    0.00    1.21    0.00    0.00    0.00    0.00    0.00    0.00   98.75
02:45:44 PM  all    0.04    0.00    0.50    0.00    0.00    0.00    0.00    0.00    0.00   99.46
02:45:45 PM  all    0.08    0.00    0.58    0.00    0.00    0.00    0.00    0.00    0.00   99.33
02:45:46 PM  all    0.04    0.00    0.50    0.13    0.00    0.00    0.00    0.00    0.00   99.33
02:45:47 PM  all    0.04    0.00    0.54    0.00    0.00    0.00    0.00    0.00    0.00   99.42
02:45:48 PM  all    0.08    0.00    0.54    0.00    0.00    0.00    0.00    0.00    0.00   99.38
02:45:49 PM  all    0.17    0.00    0.54    0.00    0.00    0.00    0.00    0.00    0.00   99.29
02:45:50 PM  all    0.04    0.00    1.29    0.00    0.00    0.00    0.00    0.00    0.00   98.67
02:45:51 PM  all    0.13    0.00    0.46    0.08    0.00    0.00    0.00    0.00    0.00   99.33
02:45:52 PM  all    0.08    0.00    1.29    0.00    0.00    0.00    0.00    0.00    0.00   98.63
02:45:53 PM  all    0.08    0.00    0.50    0.00    0.00    0.00    0.00    0.00    0.00   99.42
02:45:54 PM  all    0.04    0.00    0.54    0.00    0.00    0.00    0.00    0.00    0.00   99.42
02:45:55 PM  all    0.04    0.00    0.50    0.00    0.00    0.00    0.00    0.00    0.00   99.46
02:45:56 PM  all    0.04    0.00    0.50    0.12    0.00    0.00    0.00    0.00    0.00   99.33
02:45:57 PM  all    0.00    0.00    0.58    0.04    0.00    0.00    0.00    0.00    0.00   99.37
02:45:58 PM  all    0.08    0.00    0.50    0.00    0.00    0.00    0.00    0.00    0.00   99.42
02:45:59 PM  all    0.08    0.00    0.50    0.00    0.00    0.00    0.00    0.00    0.00   99.42
02:46:00 PM  all    0.04    0.00    0.50    0.00    0.00    0.00    0.00    0.00    0.00   99.46
02:46:01 PM  all    0.04    0.00    0.54    0.08    0.00    0.00    0.00    0.00    0.00   99.33
02:46:02 PM  all    0.08    0.00    0.46    0.04    0.00    0.00    0.00    0.00    0.00   99.42
02:46:03 PM  all    0.04    0.00    0.54    0.00    0.00    0.00    0.00    0.00    0.00   99.42
02:46:04 PM  all    0.00    0.00    1.17    0.00    0.00    0.00    0.00    0.00    0.00   98.83
02:46:05 PM  all    0.04    0.00    0.58    0.00    0.00    0.00    0.00    0.00    0.00   99.38
02:46:06 PM  all    0.08    0.00    0.58    0.12    0.00    0.00    0.00    0.00    0.00   99.21
02:46:07 PM  all    0.08    0.00    0.50    0.04    0.00    0.00    0.00    0.00    0.00   99.38
02:46:08 PM  all    0.08    0.00    0.54    0.00    0.00    0.00    0.00    0.00    0.00   99.38
02:46:09 PM  all    0.04    0.00    0.58    0.00    0.00    0.00    0.00    0.00    0.00   99.37
02:46:10 PM  all    0.08    0.00    1.21    0.00    0.00    0.00    0.00    0.00    0.00   98.71
02:46:11 PM  all    0.08    0.00    1.17    0.08    0.00    0.00    0.00    0.00    0.00   98.67
02:46:12 PM  all    0.00    0.00    0.58    0.00    0.00    0.00    0.00    0.00    0.00   99.42
02:46:13 PM  all    0.04    0.00    0.50    0.00    0.00    0.00    0.00    0.00    0.00   99.46
02:46:14 PM  all    0.04    0.00    0.50    0.00    0.00    0.00    0.00    0.00    0.00   99.46
02:46:15 PM  all    0.04    0.00    0.58    0.00    0.00    0.00    0.00    0.00    0.00   99.38
02:46:16 PM  all    0.04    0.00    0.50    0.12    0.00    0.00    0.00    0.00    0.00   99.33
02:46:17 PM  all    0.04    0.00    0.54    0.00    0.00    0.00    0.00    0.00    0.00   99.42
02:46:18 PM  all    0.08    0.00    0.54    0.00    0.00    0.00    0.00    0.00    0.00   99.38
02:46:19 PM  all    0.08    0.00    0.58    0.00    0.00    0.00    0.00    0.00    0.00   99.33
02:46:20 PM  all    0.08    0.00    1.21    0.00    0.00    0.00    0.00    0.00    0.00   98.71
02:46:21 PM  all    0.04    0.00    0.50    0.08    0.00    0.00    0.00    0.00    0.00   99.37
02:46:22 PM  all    0.08    0.00    0.54    0.00    0.00    0.00    0.00    0.00    0.00   99.38
02:46:23 PM  all    0.08    0.00    1.17    0.00    0.00    0.00    0.00    0.00    0.00   98.75
02:46:24 PM  all    0.08    0.00    0.46    0.00    0.00    0.00    0.00    0.00    0.00   99.46
02:46:25 PM  all    0.04    0.00    0.58    0.00    0.00    0.00    0.00    0.00    0.00   99.38
02:46:26 PM  all    0.04    0.00    0.50    0.12    0.00    0.00    0.00    0.00    0.00   99.33
02:46:27 PM  all    0.13    0.00    0.50    0.00    0.00    0.00    0.00    0.00    0.00   99.37
02:46:28 PM  all    0.08    0.00    0.54    0.00    0.00    0.00    0.00    0.00    0.00   99.38
02:46:29 PM  all    0.04    0.00    0.50    0.00    0.00    0.00    0.00    0.00    0.00   99.46
02:46:30 PM  all    0.00    0.00    0.00    0.00    0.00    0.00    0.00    0.00    0.00  100.00
02:46:31 PM  all    0.08    0.00    0.50    0.12    0.00    0.00    0.00    0.00    0.00   99.29
02:46:32 PM  all    0.08    0.00    0.54    0.04    0.00    0.00    0.00    0.00    0.00   99.33
02:46:33 PM  all    0.12    0.00    0.50    0.00    0.00    0.04    0.00    0.00    0.00   99.33
02:46:34 PM  all    0.12    0.00    0.50    0.00    0.00    0.00    0.00    0.00    0.00   99.38
02:46:35 PM  all    0.08    0.00    0.54    0.00    0.00    0.00    0.00    0.00    0.00   99.38
02:46:36 PM  all    0.08    0.00    1.21    0.08    0.00    0.00    0.00    0.00    0.00   98.62
02:46:37 PM  all    0.08    0.00    1.17    0.04    0.00    0.00    0.00    0.00    0.00   98.71
02:46:38 PM  all    0.04    0.00    1.21    0.00    0.00    0.00    0.00    0.00    0.00   98.75
02:46:39 PM  all    0.04    0.00    1.17    0.00    0.00    0.00    0.00    0.00    0.00   98.79
02:46:40 PM  all    0.04    0.00    0.54    0.00    0.00    0.00    0.00    0.00    0.00   99.42
02:46:41 PM  all    0.00    0.00    0.54    0.13    0.00    0.00    0.00    0.00    0.00   99.33
02:46:42 PM  all    0.04    0.00    0.54    0.04    0.00    0.00    0.00    0.00    0.00   99.37
02:46:43 PM  all    0.04    0.00    1.21    0.00    0.00    0.00    0.00    0.00    0.00   98.75
02:46:44 PM  all    0.08    0.00    0.46    0.00    0.00    0.00    0.00    0.00    0.00   99.46
02:46:45 PM  all    0.08    0.00    0.58    0.00    0.00    0.00    0.00    0.00    0.00   99.33
02:46:46 PM  all    0.04    0.00    0.50    0.08    0.00    0.00    0.00    0.00    0.00   99.37
02:46:47 PM  all    0.00    0.00    0.58    0.04    0.00    0.00    0.00    0.00    0.00   99.37
02:46:48 PM  all    0.08    0.00    0.50    0.00    0.00    0.00    0.00    0.00    0.00   99.42
02:46:49 PM  all    0.04    0.00    0.63    0.00    0.00    0.00    0.00    0.00    0.00   99.33
02:46:50 PM  all    0.04    0.00    1.25    0.00    0.00    0.00    0.00    0.00    0.00   98.71
02:46:51 PM  all    0.04    0.00    1.13    0.13    0.00    0.00    0.00    0.00    0.00   98.71
02:46:52 PM  all    0.08    0.00    0.54    0.00    0.00    0.00    0.00    0.00    0.00   99.37
02:46:53 PM  all    0.08    0.00    0.58    0.00    0.00    0.00    0.00    0.00    0.00   99.33
02:46:54 PM  all    0.63    0.00    0.58    0.00    0.00    0.00    0.00    0.00    0.00   98.79
02:46:55 PM  all    0.12    0.00    0.54    0.00    0.00    0.00    0.00    0.00    0.00   99.33
02:46:56 PM  all    0.04    0.00    0.54    0.13    0.00    0.00    0.00    0.00    0.00   99.29
02:46:57 PM  all    0.08    0.00    0.54    0.04    0.00    0.00    0.00    0.00    0.00   99.33
02:46:58 PM  all    0.08    0.00    0.54    0.08    0.00    0.00    0.00    0.00    0.00   99.29
02:46:59 PM  all    0.04    0.00    1.13    0.00    0.00    0.00    0.00    0.00    0.00   98.83
02:47:00 PM  all    0.12    0.00    0.50    0.00    0.00    0.00    0.00    0.00    0.00   99.38
02:47:01 PM  all    0.00    0.00    0.50    0.08    0.00    0.00    0.00    0.00    0.00   99.42
02:47:02 PM  all    0.04    0.00    0.54    0.04    0.00    0.00    0.00    0.00    0.00   99.38
02:47:03 PM  all    0.04    0.00    1.08    0.00    0.00    0.00    0.00    0.00    0.00   98.87
02:47:04 PM  all    0.04    0.00    0.50    0.00    0.00    0.00    0.00    0.00    0.00   99.46
02:47:05 PM  all    0.08    0.00    0.54    0.00    0.00    0.00    0.00    0.00    0.00   99.38
02:47:06 PM  all    0.08    0.00    0.54    0.13    0.00    0.00    0.00    0.00    0.00   99.25
02:47:07 PM  all    0.13    0.00    1.17    0.00    0.00    0.00    0.00    0.00    0.00   98.71
02:47:08 PM  all    0.08    0.00    0.50    0.00    0.00    0.00    0.00    0.00    0.00   99.42
02:47:09 PM  all    0.00    0.00    0.00    0.00    0.00    0.00    0.00    0.00    0.00  100.00
02:47:10 PM  all    0.04    0.00    0.50    0.00    0.00    0.00    0.00    0.00    0.00   99.46
02:47:11 PM  all    0.08    0.00    1.17    0.12    0.00    0.00    0.00    0.00    0.00   98.62
02:47:12 PM  all    0.04    0.00    1.17    0.04    0.00    0.00    0.00    0.00    0.00   98.75
02:47:13 PM  all    0.08    0.00    0.50    0.00    0.00    0.00    0.00    0.00    0.00   99.42
02:47:14 PM  all    0.08    0.00    0.58    0.00    0.00    0.00    0.00    0.00    0.00   99.33
02:47:15 PM  all    0.04    0.00    1.21    0.00    0.00    0.00    0.00    0.00    0.00   98.75
02:47:16 PM  all    0.04    0.00    0.54    0.08    0.00    0.00    0.00    0.00    0.00   99.33
02:47:17 PM  all    0.08    0.00    0.50    0.04    0.00    0.00    0.00    0.00    0.00   99.38
02:47:18 PM  all    0.08    0.00    0.50    0.00    0.00    0.00    0.00    0.00    0.00   99.42
02:47:19 PM  all    0.08    0.00    0.62    0.08    0.00    0.00    0.00    0.00    0.00   99.21
02:47:20 PM  all    0.04    0.00    1.25    0.00    0.00    0.00    0.00    0.00    0.00   98.71
02:47:21 PM  all    0.08    0.00    0.50    0.12    0.00    0.00    0.00    0.00    0.00   99.29
02:47:22 PM  all    0.08    0.00    0.54    0.00    0.00    0.00    0.00    0.00    0.00   99.38
02:47:23 PM  all    0.08    0.00    1.13    0.00    0.00    0.00    0.00    0.00    0.00   98.79
02:47:24 PM  all    0.08    0.00    0.54    0.00    0.00    0.00    0.00    0.00    0.00   99.38
02:47:25 PM  all    0.04    0.00    0.58    0.00    0.00    0.00    0.00    0.00    0.00   99.37
02:47:26 PM  all    0.08    0.00    0.54    0.12    0.00    0.00    0.00    0.00    0.00   99.25
02:47:27 PM  all    0.00    0.00    1.17    0.00    0.00    0.00    0.00    0.00    0.00   98.83
02:47:28 PM  all    0.04    0.00    0.54    0.00    0.00    0.00    0.00    0.00    0.00   99.42
02:47:29 PM  all    0.12    0.00    0.54    0.00    0.00    0.00    0.00    0.00    0.00   99.33
02:47:30 PM  all    0.08    0.00    0.54    0.00    0.00    0.00    0.00    0.00    0.00   99.38
02:47:31 PM  all    0.04    0.00    1.13    0.13    0.00    0.00    0.00    0.00    0.00   98.71
02:47:32 PM  all    0.08    0.00    0.54    0.04    0.00    0.00    0.00    0.00    0.00   99.33
02:47:33 PM  all    0.04    0.00    0.50    0.00    0.00    0.00    0.00    0.00    0.00   99.46
02:47:34 PM  all    0.08    0.00    0.50    0.00    0.00    0.00    0.00    0.00    0.00   99.42
02:47:35 PM  all    0.04    0.00    1.13    0.00    0.00    0.00    0.00    0.00    0.00   98.83
02:47:36 PM  all    0.04    0.00    0.54    0.08    0.00    0.00    0.00    0.00    0.00   99.33
02:47:37 PM  all    0.08    0.00    0.54    0.04    0.00    0.00    0.00    0.00    0.00   99.33
02:47:38 PM  all    0.08    0.00    0.54    0.00    0.00    0.00    0.00    0.00    0.00   99.38
02:47:39 PM  all    0.21    0.00    0.50    0.00    0.00    0.00    0.00    0.00    0.00   99.29
02:47:40 PM  all    0.04    0.00    0.58    0.00    0.00    0.00    0.00    0.00    0.00   99.37
02:47:41 PM  all    0.12    0.00    1.21    0.12    0.00    0.00    0.00    0.00    0.00   98.54
02:47:42 PM  all    0.04    0.00    1.21    0.00    0.00    0.00    0.00    0.00    0.00   98.75
02:47:43 PM  all    0.08    0.00    0.50    0.00    0.00    0.00    0.00    0.00    0.00   99.42
02:47:44 PM  all    0.08    0.00    0.54    0.00    0.00    0.00    0.00    0.00    0.00   99.38
02:47:45 PM  all    0.50    0.00    1.50    1.83    0.00    0.00    0.00    0.00    0.00   96.17
02:47:46 PM  all    0.21    0.04    1.33    1.58    0.00    0.00    0.00    0.00    0.00   96.83
02:47:47 PM  all    0.04    0.00    0.58    0.04    0.00    0.00    0.00    0.00    0.00   99.33
02:47:48 PM  all    0.00    0.00    1.13    0.00    0.00    0.00    0.00    0.00    0.00   98.87
02:47:49 PM  all    0.08    0.00    0.50    0.00    0.00    0.00    0.00    0.00    0.00   99.42
02:47:50 PM  all    0.08    0.00    0.58    0.00    0.00    0.00    0.00    0.00    0.00   99.33
02:47:51 PM  all    0.04    0.00    0.50    0.13    0.00    0.00    0.00    0.00    0.00   99.33
02:47:52 PM  all    0.13    0.00    0.54    0.00    0.00    0.00    0.00    0.00    0.00   99.33
02:47:53 PM  all    0.08    0.00    0.54    0.00    0.00    0.00    0.00    0.00    0.00   99.37
02:47:54 PM  all    0.08    0.00    0.50    0.00    0.00    0.00    0.00    0.00    0.00   99.42
02:47:55 PM  all    0.12    0.00    1.12    0.00    0.00    0.00    0.00    0.00    0.00   98.75
02:47:56 PM  all    0.04    0.00    0.54    0.13    0.00    0.00    0.00    0.00    0.00   99.29
02:47:57 PM  all    0.04    0.00    0.50    0.00    0.00    0.00    0.00    0.00    0.00   99.46
02:47:58 PM  all    0.04    0.00    0.50    0.00    0.00    0.00    0.00    0.00    0.00   99.46
02:47:59 PM  all    0.08    0.00    1.17    0.00    0.00    0.00    0.00    0.00    0.00   98.75
02:48:00 PM  all    0.08    0.00    0.50    0.00    0.00    0.00    0.00    0.00    0.00   99.42
02:48:01 PM  all    0.12    0.00    0.50    0.12    0.00    0.00    0.00    0.00    0.00   99.25
02:48:02 PM  all    0.00    0.00    0.54    0.00    0.00    0.00    0.00    0.00    0.00   99.46
02:48:03 PM  all    0.04    0.00    0.54    0.00    0.00    0.00    0.00    0.00    0.00   99.42
02:48:04 PM  all    0.04    0.00    0.58    0.00    0.00    0.00    0.00    0.00    0.00   99.38
02:48:05 PM  all    0.04    0.00    0.92    0.00    0.00    0.00    0.00    0.00    0.00   99.04
02:48:06 PM  all    0.12    0.00    0.54    0.12    0.00    0.00    0.00    0.00    0.00   99.21
02:48:07 PM  all    0.04    0.00    1.21    0.00    0.00    0.00    0.00    0.00    0.00   98.75
02:48:08 PM  all    0.04    0.00    0.54    0.00    0.00    0.00    0.00    0.00    0.00   99.42
02:48:09 PM  all    0.04    0.00    0.54    0.00    0.00    0.00    0.00    0.00    0.00   99.42
02:48:10 PM  all    0.04    0.00    0.50    0.00    0.00    0.00    0.00    0.00    0.00   99.46
02:48:11 PM  all    0.08    0.00    1.08    0.13    0.00    0.00    0.00    0.00    0.00   98.71
02:48:12 PM  all    0.04    0.00    0.50    0.00    0.00    0.00    0.00    0.00    0.00   99.46
02:48:13 PM  all    0.08    0.00    0.54    0.00    0.00    0.00    0.00    0.00    0.00   99.38
02:48:14 PM  all    0.04    0.00    0.54    0.00    0.00    0.00    0.00    0.00    0.00   99.42
02:48:15 PM  all    0.08    0.00    1.67    0.00    0.00    0.00    0.00    0.00    0.00   98.25
02:48:16 PM  all    0.08    0.00    0.54    0.12    0.00    0.00    0.00    0.00    0.00   99.25
02:48:17 PM  all    0.08    0.00    0.54    0.00    0.00    0.00    0.00    0.00    0.00   99.37
02:48:18 PM  all    0.08    0.00    0.50    0.00    0.00    0.00    0.00    0.00    0.00   99.42
02:48:19 PM  all    0.04    0.00    0.62    0.08    0.00    0.00    0.00    0.00    0.00   99.25
02:48:20 PM  all    0.12    0.00    1.17    0.00    0.00    0.00    0.00    0.00    0.00   98.71
02:48:21 PM  all    0.04    0.00    0.50    0.08    0.00    0.00    0.00    0.00    0.00   99.37
02:48:22 PM  all    0.00    0.00    0.54    0.04    0.00    0.00    0.00    0.00    0.00   99.42
02:48:23 PM  all    0.12    0.00    1.08    0.00    0.00    0.00    0.00    0.00    0.00   98.79
02:48:24 PM  all    0.04    0.00    0.54    0.00    0.00    0.00    0.00    0.00    0.00   99.42
02:48:25 PM  all    0.08    0.00    0.54    0.00    0.00    0.00    0.00    0.00    0.00   99.38
02:48:26 PM  all    0.08    0.00    0.54    0.08    0.00    0.00    0.00    0.00    0.00   99.29
02:48:27 PM  all    0.04    0.00    1.21    0.04    0.00    0.00    0.00    0.00    0.00   98.71
02:48:28 PM  all    0.08    0.00    0.50    0.00    0.00    0.00    0.00    0.00    0.00   99.42
02:48:29 PM  all    0.04    0.00    0.50    0.00    0.00    0.00    0.00    0.00    0.00   99.46
02:48:30 PM  all    0.04    0.00    1.25    0.00    0.00    0.00    0.00    0.00    0.00   98.71
02:48:31 PM  all    0.13    0.00    1.13    0.08    0.00    0.00    0.00    0.00    0.00   98.67
02:48:32 PM  all    0.08    0.00    0.54    0.04    0.00    0.00    0.00    0.00    0.00   99.33
02:48:33 PM  all    0.04    0.00    0.50    0.00    0.00    0.00    0.00    0.00    0.00   99.46
02:48:34 PM  all    0.04    0.00    0.50    0.00    0.00    0.00    0.00    0.00    0.00   99.46
02:48:35 PM  all    0.08    0.00    0.50    0.00    0.00    0.00    0.00    0.00    0.00   99.42
02:48:36 PM  all    0.58    0.08    0.58    0.17    0.00    0.00    0.00    0.00    0.00   98.58
02:48:37 PM  all    0.04    0.00    0.50    0.00    0.00    0.00    0.00    0.00    0.00   99.46
02:48:38 PM  all    0.04    0.00    0.50    0.00    0.00    0.00    0.00    0.00    0.00   99.46
02:48:39 PM  all    0.08    0.00    1.17    0.00    0.00    0.00    0.00    0.00    0.00   98.75
02:48:40 PM  all    0.04    0.00    0.58    0.00    0.00    0.00    0.00    0.00    0.00   99.38
02:48:41 PM  all    0.04    0.00    0.58    0.12    0.00    0.00    0.00    0.00    0.00   99.25
02:48:42 PM  all    0.08    0.00    0.54    0.00    0.00    0.00    0.00    0.00    0.00   99.37
02:48:43 PM  all    0.12    0.00    0.54    0.00    0.00    0.00    0.00    0.00    0.00   99.33
02:48:44 PM  all    0.04    0.00    0.58    0.00    0.00    0.00    0.00    0.00    0.00   99.38
02:48:45 PM  all    0.00    0.00    0.54    0.00    0.00    0.00    0.00    0.00    0.00   99.46
02:48:46 PM  all    0.04    0.00    0.54    0.13    0.00    0.00    0.00    0.00    0.00   99.29
02:48:47 PM  all    0.04    0.00    0.54    0.00    0.00    0.00    0.00    0.00    0.00   99.42
02:48:48 PM  all    0.04    0.00    0.62    0.00    0.00    0.00    0.00    0.00    0.00   99.33
02:48:49 PM  all    0.04    0.00    0.00    0.00    0.00    0.00    0.00    0.00    0.00   99.96
02:48:50 PM  all    0.04    0.00    1.25    0.00    0.00    0.00    0.00    0.00    0.00   98.71
02:48:51 PM  all    0.63    0.00    1.17    0.13    0.00    0.00    0.00    0.00    0.00   98.08
02:48:52 PM  all    0.58    0.00    1.29    0.00    0.00    0.00    0.00    0.00    0.00   98.12
02:48:53 PM  all    0.83    0.00    1.50    0.17    0.00    0.00    0.00    0.00    0.00   97.50
02:48:54 PM  all    0.12    0.00    0.46    0.00    0.00    0.00    0.00    0.00    0.00   99.42
02:48:55 PM  all    0.04    0.00    1.21    0.00    0.00    0.00    0.00    0.00    0.00   98.75
02:48:56 PM  all    0.17    0.00    0.50    0.13    0.00    0.00    0.00    0.00    0.00   99.21
02:48:57 PM  all    0.08    0.00    0.58    0.00    0.00    0.00    0.00    0.00    0.00   99.33
02:48:58 PM  all    0.04    0.00    0.50    0.00    0.00    0.00    0.00    0.00    0.00   99.46
02:48:59 PM  all    0.08    0.00    1.17    0.00    0.00    0.00    0.00    0.00    0.00   98.75
02:49:00 PM  all    0.04    0.00    0.54    0.00    0.00    0.00    0.00    0.00    0.00   99.42
02:49:01 PM  all    0.08    0.00    0.50    0.12    0.00    0.00    0.00    0.00    0.00   99.29
02:49:02 PM  all    0.08    0.00    0.50    0.00    0.00    0.00    0.00    0.00    0.00   99.42
02:49:03 PM  all    0.12    0.00    1.21    0.00    0.00    0.00    0.00    0.00    0.00   98.67
02:49:04 PM  all    0.04    0.00    0.54    0.00    0.00    0.00    0.00    0.00    0.00   99.42
02:49:05 PM  all    0.08    0.00    0.12    0.00    0.00    0.00    0.00    0.00    0.00   99.79
02:49:06 PM  all    0.00    0.00    0.08    0.08    0.00    0.00    0.00    0.00    0.00   99.83
02:49:07 PM  all    0.12    0.00    0.58    0.00    0.00    0.00    0.00    0.00    0.00   99.29
02:49:08 PM  all    0.08    0.00    0.50    0.00    0.00    0.00    0.00    0.00    0.00   99.42
02:49:09 PM  all    0.08    0.00    0.54    0.00    0.00    0.00    0.00    0.00    0.00   99.38
02:49:10 PM  all    0.04    0.00    0.50    0.00    0.00    0.00    0.00    0.00    0.00   99.46
02:49:11 PM  all    0.08    0.00    0.54    0.12    0.00    0.00    0.00    0.00    0.00   99.25
02:49:12 PM  all    0.00    0.00    1.33    0.00    0.00    0.00    0.00    0.00    0.00   98.67
02:49:13 PM  all    0.04    0.00    0.50    0.00    0.00    0.00    0.00    0.00    0.00   99.46
02:49:14 PM  all    0.04    0.00    0.58    0.00    0.00    0.00    0.00    0.00    0.00   99.38
02:49:15 PM  all    0.08    0.00    1.13    0.00    0.00    0.00    0.00    0.00    0.00   98.79
02:49:16 PM  all    0.08    0.00    0.54    0.12    0.00    0.00    0.00    0.00    0.00   99.25
02:49:17 PM  all    0.04    0.00    0.54    0.00    0.00    0.00    0.00    0.00    0.00   99.42
02:49:18 PM  all    0.04    0.00    0.54    0.00    0.00    0.00    0.00    0.00    0.00   99.42
02:49:19 PM  all    0.04    0.00    1.33    0.00    0.00    0.00    0.00    0.00    0.00   98.62
02:49:20 PM  all    0.08    0.00    1.33    0.00    0.00    0.00    0.00    0.00    0.00   98.58
02:49:21 PM  all    0.08    0.00    0.54    0.12    0.00    0.00    0.00    0.00    0.00   99.25
02:49:22 PM  all    0.04    0.00    0.54    0.00    0.00    0.00    0.00    0.00    0.00   99.42
02:49:23 PM  all    0.08    0.00    1.17    0.00    0.00    0.00    0.00    0.00    0.00   98.75
02:49:24 PM  all    0.12    0.00    0.54    0.00    0.00    0.00    0.00    0.00    0.00   99.33
02:49:25 PM  all    0.12    0.00    0.50    0.00    0.00    0.00    0.00    0.00    0.00   99.38
02:49:26 PM  all    0.12    0.00    0.50    0.12    0.00    0.00    0.00    0.00    0.00   99.25
02:49:27 PM  all    0.04    0.00    1.21    0.00    0.00    0.00    0.00    0.00    0.00   98.75
02:49:28 PM  all    0.08    0.00    0.50    0.00    0.00    0.00    0.00    0.00    0.00   99.42
02:49:29 PM  all    0.04    0.00    0.50    0.00    0.00    0.00    0.00    0.00    0.00   99.46
02:49:30 PM  all    0.04    0.00    0.54    0.00    0.00    0.00    0.00    0.00    0.00   99.42
02:49:31 PM  all    0.08    0.00    1.12    0.08    0.00    0.00    0.00    0.00    0.00   98.71
02:49:32 PM  all    0.08    0.00    1.21    0.00    0.00    0.00    0.00    0.00    0.00   98.71
02:49:33 PM  all    0.04    0.00    0.50    0.00    0.00    0.00    0.00    0.00    0.00   99.46
02:49:34 PM  all    0.00    0.00    0.00    0.00    0.00    0.00    0.00    0.00    0.00  100.00
02:49:35 PM  all    0.08    0.00    1.21    0.00    0.00    0.00    0.00    0.00    0.00   98.71
02:49:36 PM  all    0.04    0.00    0.50    0.12    0.00    0.00    0.00    0.00    0.00   99.33
02:49:37 PM  all    0.04    0.00    0.58    0.00    0.00    0.00    0.00    0.00    0.00   99.37
02:49:38 PM  all    0.04    0.00    0.50    0.00    0.00    0.00    0.00    0.00    0.00   99.46
02:49:39 PM  all    0.08    0.00    1.13    0.00    0.00    0.00    0.00    0.00    0.00   98.79
02:49:40 PM  all    0.08    0.00    0.46    0.00    0.00    0.00    0.00    0.00    0.00   99.46
02:49:41 PM  all    0.04    0.00    0.54    0.08    0.00    0.00    0.00    0.00    0.00   99.33
02:49:42 PM  all    0.04    0.00    0.50    0.00    0.00    0.00    0.00    0.00    0.00   99.46
02:49:43 PM  all    0.04    0.00    1.17    0.00    0.00    0.00    0.00    0.00    0.00   98.79
02:49:44 PM  all    0.04    0.00    1.29    0.00    0.00    0.00    0.00    0.00    0.00   98.67
02:49:45 PM  all    0.00    0.00    0.54    0.00    0.00    0.00    0.00    0.00    0.00   99.46
02:49:46 PM  all    0.04    0.00    0.54    0.13    0.00    0.00    0.00    0.00    0.00   99.29
02:49:47 PM  all    0.08    0.00    1.17    0.00    0.00    0.00    0.00    0.00    0.00   98.75
02:49:48 PM  all    0.12    0.00    1.17    0.00    0.00    0.00    0.00    0.00    0.00   98.71
02:49:49 PM  all    0.08    0.00    1.17    0.00    0.00    0.00    0.00    0.00    0.00   98.75
02:49:50 PM  all    0.08    0.00    0.63    0.00    0.00    0.00    0.00    0.00    0.00   99.29
02:49:51 PM  all    0.04    0.00    1.17    0.13    0.00    0.00    0.00    0.00    0.00   98.67
02:49:52 PM  all    0.04    0.00    1.25    0.00    0.00    0.00    0.00    0.00    0.00   98.71
02:49:53 PM  all    0.08    0.00    0.50    0.00    0.00    0.00    0.00    0.00    0.00   99.42
02:49:54 PM  all    0.08    0.00    0.50    0.08    0.00    0.00    0.00    0.00    0.00   99.33
02:49:55 PM  all    0.04    0.00    1.25    0.00    0.00    0.00    0.00    0.00    0.00   98.71
02:49:56 PM  all    0.04    0.00    1.25    0.13    0.00    0.00    0.00    0.00    0.00   98.58
02:49:57 PM  all    0.04    0.00    0.58    0.00    0.00    0.00    0.00    0.00    0.00   99.38
02:49:58 PM  all    0.04    0.00    0.54    0.00    0.00    0.00    0.00    0.00    0.00   99.42
02:49:59 PM  all    0.00    0.00    1.21    0.00    0.00    0.00    0.00    0.00    0.00   98.79
02:50:00 PM  all    0.08    0.00    0.58    0.00    0.00    0.00    0.00    0.00    0.00   99.33
02:50:01 PM  all    0.12    0.00    0.50    0.12    0.00    0.00    0.00    0.00    0.00   99.25
02:50:02 PM  all    0.08    0.00    0.46    0.00    0.00    0.00    0.00    0.00    0.00   99.46
02:50:03 PM  all    0.04    0.00    1.13    0.00    0.00    0.00    0.00    0.00    0.00   98.83
02:50:04 PM  all    0.04    0.00    0.54    0.00    0.00    0.00    0.00    0.00    0.00   99.42
02:50:05 PM  all    0.04    0.00    0.50    0.00    0.00    0.00    0.00    0.00    0.00   99.46
02:50:06 PM  all    0.00    0.00    0.58    0.08    0.00    0.00    0.00    0.00    0.00   99.33
02:50:07 PM  all    0.08    0.00    1.29    0.00    0.00    0.00    0.00    0.00    0.00   98.62
02:50:08 PM  all    0.12    0.00    0.50    0.00    0.00    0.00    0.00    0.00    0.00   99.38
02:50:09 PM  all    0.04    0.00    0.58    0.00    0.00    0.00    0.00    0.00    0.00   99.38
02:50:10 PM  all    0.04    0.00    0.54    0.00    0.00    0.00    0.00    0.00    0.00   99.42
02:50:11 PM  all    0.12    0.00    0.50    0.12    0.00    0.00    0.00    0.00    0.00   99.25
02:50:12 PM  all    0.08    0.00    0.54    0.21    0.00    0.00    0.00    0.00    0.00   99.17
02:50:13 PM  all    0.08    0.00    0.50    0.00    0.00    0.00    0.00    0.00    0.00   99.42
02:50:14 PM  all    0.08    0.00    0.54    0.00    0.00    0.00    0.00    0.00    0.00   99.38
02:50:15 PM  all    0.08    0.00    1.13    0.00    0.00    0.00    0.00    0.00    0.00   98.79
02:50:16 PM  all    0.08    0.00    0.50    0.08    0.00    0.00    0.00    0.00    0.00   99.33
02:50:17 PM  all    0.04    0.00    0.50    0.00    0.00    0.00    0.00    0.00    0.00   99.46
02:50:18 PM  all    0.04    0.00    0.54    0.00    0.00    0.00    0.00    0.00    0.00   99.42
02:50:19 PM  all    0.08    0.00    1.21    0.00    0.00    0.00    0.00    0.00    0.00   98.71
02:50:20 PM  all    0.13    0.00    1.17    0.04    0.00    0.00    0.00    0.00    0.00   98.67
02:50:21 PM  all    0.04    0.00    0.50    0.13    0.00    0.00    0.00    0.00    0.00   99.33
02:50:22 PM  all    0.08    0.00    0.50    0.00    0.00    0.00    0.00    0.00    0.00   99.42
02:50:23 PM  all    0.08    0.00    1.13    0.00    0.00    0.00    0.00    0.00    0.00   98.79
02:50:24 PM  all    0.04    0.00    0.58    0.00    0.00    0.00    0.00    0.00    0.00   99.38
02:50:25 PM  all    0.04    0.00    0.58    0.00    0.00    0.00    0.00    0.00    0.00   99.38
02:50:26 PM  all    0.08    0.00    0.58    0.08    0.00    0.00    0.00    0.00    0.00   99.25
02:50:27 PM  all    0.08    0.00    1.17    0.04    0.00    0.00    0.00    0.00    0.00   98.71
02:50:28 PM  all    0.08    0.00    0.50    0.00    0.00    0.00    0.00    0.00    0.00   99.42
