42.44 7.18 18.50
0.00 0.00 0.00
64.03 0.00 0.00
0.00 0.00 0.00
0.00 0.00 0.00
0.00 0.00 0.00
86.82 128.00 0.00
185.59 0.00 0.00
195.34 0.00 0.00
196.60 0.00 0.00
168.08 20.50 5.38
110.08 177.00 117.99
141.10 137.50 127.96
126.09 168.50 141.52
128.59 136.50 164.05
157.62 128.00 136.07
133.10 128.00 165.54
153.12 128.00 136.91
128.09 128.00 152.06
153.60 139.50 128.03
141.10 164.50 127.68
149.61 141.50 128.48
127.09 164.50 128.04
127.09 137.50 150.02
135.60 148.50 145.57
140.61 128.00 155.07
151.12 128.00 148.07
141.11 128.00 150.55
136.60 128.00 146.85
145.60 150.00 128.03
150.60 149.50 128.05
143.10 152.50 128.03
127.59 150.50 128.32
127.09 154.00 145.21
131.10 139.50 157.06
152.62 128.00 140.07
137.10 128.00 162.06
151.62 128.00 138.51
128.09 134.50 152.85
163.11 134.50 128.04
132.10 168.50 127.77
150.10 135.00 128.07
127.09 174.00 127.98
128.09 125.00 156.04
141.60 152.50 130.26
128.60 128.00 169.05
161.12 128.00 129.96
129.59 128.00 170.09
152.61 128.00 125.42
122.59 158.00 142.98
173.11 124.50 127.91
123.59 182.00 128.20
138.10 123.00 143.07
130.10 180.50 116.28
125.09 119.50 181.74
165.13 136.50 117.05
117.58 128.00 185.05
164.63 128.00 116.53
125.09 146.50 164.58
173.62 112.50 127.96
112.08 196.00 128.06
159.61 107.50 132.94
127.09 199.00 123.06
128.09 104.50 177.57
160.12 158.00 108.05
108.57 128.00 194.59
177.64 128.00 104.05
113.08 139.00 184.05
181.62 117.00 115.56
100.08 190.50 140.53
177.62 94.50 128.03
118.09 213.00 128.01
136.10 89.50 167.57
150.61 180.50 91.79
104.57 119.50 208.84
187.65 136.50 91.37
95.56 128.00 208.55
186.64 128.00 93.05
99.58 175.50 163.05
189.12 82.50 127.93
95.58 216.00 128.07
159.61 90.00 152.19
136.60 204.00 104.02
117.58 104.00 196.57
176.14 152.00 92.27
97.56 128.00 208.07
182.14 128.00 90.39
107.58 154.00 180.55
187.13 102.00 121.56
94.08 205.00 134.47
171.11 89.00 139.56
125.59 218.00 116.45
128.59 89.00 177.09
159.12 167.00 96.55
101.07 128.00 200.81
188.12 90.78 37.52
173.12 0.00 128.06
174.60 0.00 128.07
141.07 0.00 0.00
172.61 0.00 128.07
177.12 0.00 47.52
165.08 0.00 80.54
173.61 0.00 116.56
160.58 0.00 11.51
175.12 0.00 128.07
174.59 0.00 35.02
166.59 0.00 93.05
175.12 0.00 119.06
164.58 0.00 9.01
176.62 0.00 128.07
177.11 0.00 43.02
166.08 0.00 85.15
177.12 0.00 128.07
164.58 0.00 0.00
178.11 0.00 128.07
24.51 0.00 87.72
0.00 0.00 0.00
0.00 0.00 0.00
0.00 0.00 0.00
