0 restore_end page_write
0 0 3192
0 0 4647
0 0 3794
0 0 3551
0 0 3551
0 0 3472
0 0 3531
0 0 3578
0 0 3650
0 0 3700
0 0 3511
0 0 3495
0 0 3325
0 0 2970
0 0 2510
0 0 3741
0 0 4705
0 0 4705
0 0 4029
0 0 3539
0 0 3598
0 0 3562
0 0 3605
0 0 3659
0 0 3619
0 0 3569
0 0 3442
0 0 3584
0 0 3639
0 0 3758
0 0 3796
0 0 3854
0 0 3870
0 0 3773
0 0 3881
0 0 3697
0 0 3770
0 0 3793
0 0 4125
0 0 3849
0 0 3750
0 0 3734
0 0 3680
0 0 3752
0 0 3777
0 0 3714
0 0 3839
0 0 3732
0 0 3741
0 0 3847
0 0 3794
0 0 4064
0 0 3711
0 0 3726
0 0 3951
0 0 3714
0 0 3871
0 0 3763
0 0 3765
0 0 3601
0 0 3782
0 0 4031
0 0 3864
0 0 3688
0 0 3700
0 0 3755
0 0 3767
0 0 3693
0 0 3882
0 0 3699
0 0 3798
0 0 3738
0 0 3710
0 0 3716
0 0 3711
0 0 3710
0 0 3876
0 0 3716
0 0 3974
0 0 3751
0 0 3985
0 0 3712
0 0 3707
0 0 3699
0 0 3753
0 0 3719
0 0 3731
0 0 3739
0 0 3731
0 0 3724
0 0 3767
0 0 3713
0 0 3749
0 0 3693
0 0 3744
0 0 3735
0 0 3768
0 0 3931
0 0 4094
0 0 3750
0 0 3790
0 0 3730
0 0 3868
0 0 3674
0 0 3777
0 0 3785
0 0 3834
0 0 3807
0 0 3715
0 0 3724
0 0 3908
0 0 4015
0 0 3907
0 0 3713
0 0 3721
0 0 3721
0 0 3971
0 0 3695
0 0 4011
0 0 3746
0 0 3710
0 0 3728
0 0 3847
0 0 3729
0 0 3733
0 0 3818
0 0 3978
0 0 3753
0 0 3762
0 0 3822
0 0 3860
0 0 3966
0 0 4102
0 0 4105
0 0 3872
0 0 3740
0 0 3888
0 0 4044
0 0 3913
0 0 4217
0 0 3835
0 0 4084
0 0 3889
0 0 3783
0 0 3797
0 0 3988
0 0 3795
0 0 3772
0 0 3719
0 0 3701
0 0 4133
0 0 3701
0 0 4701
0 0 4972
0 0 4982
0 0 4948
0 0 5038
0 0 5058
0 0 4979
0 0 5033
0 0 4603
0 0 3580
0 0 3589
0 0 3562
0 0 3589
0 0 4389
0 0 5215
0 0 5048
0 0 5132
0 0 5074
0 0 4998
0 0 4904
0 0 5147
0 0 4982
0 0 4960
0 0 5267
0 0 5115
0 0 4998
0 0 5035
0 0 5151
0 0 4677
0 0 3709
0 0 3686
0 0 3736
0 0 3893
0 0 4094
0 0 3748
0 0 3702
0 0 3732
0 0 3714
0 0 3731
0 0 3866
0 0 3851
0 0 3738
0 0 3754
0 0 3816
0 0 3956
0 0 3806
0 0 3733
0 0 3889
0 0 3865
0 0 3742
0 0 3855
0 0 3729
0 0 3739
0 0 3883
0 0 3709
0 0 3730
0 0 4029
0 0 3716
0 0 3958
0 0 3803
0 0 3727
0 0 4051
0 0 4007
0 0 3725
0 0 3879
0 0 4070
0 0 4015
0 0 3955
0 0 3784
0 0 3855
0 0 3787
0 0 3781
0 0 3746
0 0 4094
0 0 3742
0 0 4166
0 0 4107
0 0 3776
0 0 3980
0 0 3735
0 0 3755
0 0 4075
0 0 4161
0 0 3907
0 0 3939
0 0 3922
0 0 3814
0 0 4152
0 0 3734
0 0 4174
0 0 3725
0 0 3877
0 0 3762
0 0 3727
0 0 3951
0 0 4016
0 0 4095
0 0 3936
0 0 3917
0 0 4116
0 0 3975
0 0 4208
0 0 4971
0 0 3874
0 0 3689
0 0 3830
0 0 3732
0 0 3871
0 0 3750
0 0 3832
0 0 3757
0 0 3707
0 0 3720
0 0 3743
0 0 3892
0 0 3946
0 0 3698
0 0 3800
0 0 4185
0 0 3732
0 0 4135
0 0 3726
0 0 4017
0 0 3836
0 0 3806
0 0 3793
0 0 3746
0 0 3950
0 0 3857
0 0 3777
0 0 3831
0 0 3836
0 0 3919
0 0 3865
0 0 4004
0 0 3685
0 0 3716
0 0 3785
0 0 3784
0 0 3907
0 0 3683
0 0 3707
0 0 3824
0 0 3844
0 0 3684
0 0 3865
0 0 3901
0 0 3702
0 0 3754
0 0 4013
0 0 3805
0 0 3784
0 0 3744
0 0 3728
0 0 3695
0 0 3818
0 0 3840
0 0 3830
0 0 3721
0 0 3927
0 0 3739
0 0 3959
0 0 3966
0 0 3886
0 0 3700
0 0 3959
0 0 3757
0 0 3927
0 0 3795
0 0 3718
0 0 3772
0 0 3910
0 0 3719
0 0 3763
0 0 3721
0 0 3724
0 0 3727
0 0 3804
0 0 3832
0 0 3824
0 0 4053
0 0 3952
0 0 3716
0 0 3711
0 0 3735
0 0 3760
0 0 3725
0 0 3700
0 0 3687
0 0 3725
0 0 3925
0 0 3950
0 0 3851
0 0 4451
0 0 4969
0 0 4972
0 0 4982
0 0 4843
0 0 3736
0 0 3699
0 0 4053
0 0 3681
0 0 3725
0 0 3764
0 0 3842
0 0 3829
0 0 3899
0 0 3719
0 0 4040
0 0 3951
0 0 3900
0 0 3685
0 0 3997
0 0 3722
0 0 4050
0 0 3724
0 0 3808
0 0 3931
0 0 3754
0 0 3711
0 0 3860
0 0 3733
0 0 3706
0 0 4077
0 0 3813
0 0 3669
0 0 3734
0 0 3727
0 0 4095
0 0 3716
0 0 3816
0 0 3735
0 0 4100
0 0 3787
0 0 3901
0 0 3887
0 0 3929
0 0 3997
0 0 4153
0 0 3724
0 0 3894
0 0 3851
0 0 3877
0 0 3918
0 0 3697
0 0 3783
0 0 3813
0 0 3941
0 0 4012
0 0 3824
0 0 3722
0 0 3826
0 0 4209
0 0 4913
0 0 4957
0 0 4954
0 0 4962
0 0 4898
0 0 4527
0 0 3566
0 0 3575
0 0 3570
0 0 3538
0 0 4897
0 0 4994
0 0 5029
0 0 5234
0 0 5228
0 0 4654
0 0 3657
0 0 3775
0 0 3711
0 0 3787
0 0 3912
0 0 3755
0 0 3778
0 0 3840
0 0 3979
0 0 3934
0 0 3736
0 0 3830
0 0 3730
0 0 3710
0 0 4039
0 0 4075
0 0 3706
0 0 3964
0 0 3797
0 0 3916
0 0 3666
0 0 3824
0 0 4200
0 0 3913
0 0 3869
0 0 3755
0 0 3756
0 0 4040
0 0 3876
0 0 4178
0 0 4033
0 0 3787
0 0 3955
0 0 3810
0 0 3684
0 0 3809
0 0 3914
0 0 3841
0 0 4028
0 0 3849
0 0 4013
0 0 3803
0 0 3858
0 0 3913
0 0 3672
0 0 3689
0 0 3971
0 0 3949
0 0 3920
0 0 3777
0 0 3744
0 0 3749
0 0 3961
0 0 3789
0 0 3843
0 0 4249
0 0 3686
0 0 4020
0 0 3973
0 0 3713
0 0 3892
0 0 3997
0 0 4155
0 0 3825
0 0 3876
0 0 3896
0 0 3887
0 0 4127
0 0 3717
0 0 4111
0 0 3700
0 0 4086
0 0 3792
0 0 3713
0 0 3902
0 0 3795
0 0 3970
0 0 3827
0 0 3718
0 0 4136
0 0 3903
0 0 3891
0 0 3836
0 0 3945
0 0 3987
0 0 4121
0 0 3675
0 0 3707
0 0 3699
0 0 4884
0 0 4955
0 0 4888
0 0 4944
0 0 4938
0 0 4869
0 0 4900
0 0 4921
0 0 4884
0 0 4870
0 0 4503
0 0 3530
0 0 4528
0 0 5120
0 0 5116
0 0 5072
0 0 5239
0 0 5198
0 0 5190
0 0 4996
0 0 4720
0 0 3949
0 0 3835
0 0 3834
0 0 3795
0 0 3917
0 0 3875
0 0 3788
0 0 3861
0 0 3753
0 0 3766
0 0 3757
0 0 4014
0 0 3796
0 0 4174
0 0 3808
0 0 3962
0 0 3814
0 0 3689
0 0 3755
0 0 3811
0 0 3729
0 0 4022
0 0 4141
0 0 4180
0 0 3693
0 0 3832
0 0 3721
0 0 3760
0 0 3707
0 0 3778
0 0 4122
0 0 3705
0 0 3866
0 0 3650
0 0 3739
0 0 4071
0 0 3897
0 0 3769
0 0 3748
0 0 3892
0 0 3907
0 0 3765
0 0 3989
0 0 3683
0 0 3697
0 0 4093
0 0 3882
0 0 3688
0 0 3949
0 0 3939
0 0 4129
0 0 4028
0 0 3686
0 0 3698
0 0 3825
0 0 3841
0 0 3681
0 0 3849
0 0 3702
0 0 3807
0 0 4009
0 0 3814
0 0 3778
0 0 3689
0 0 3706
0 0 3796
0 0 3728
0 0 3719
0 0 3708
0 0 3700
0 0 3837
0 0 3891
0 0 3686
0 0 3923
0 0 3745
0 0 3991
0 0 3744
0 0 3703
0 0 3733
0 0 4012
0 0 3940
0 0 3692
0 0 3844
0 0 3684
0 0 3698
0 0 4018
0 0 3655
0 0 3714
0 0 3906
0 0 3707
0 0 3693
0 0 4884
0 0 4898
0 0 4906
0 0 4938
0 0 4926
0 0 4920
0 0 4906
0 0 4922
0 0 4442
0 0 3535
0 0 4982
0 0 5059
0 0 5055
0 0 5014
0 0 5031
0 0 4837
341 0 10411
2481 0 27548
5485 0 28286
9645 0 28215
14416 0 28221
19831 0 28057
25980 0 28169
32763 0 28063
40359 0 27524
48758 0 26642
55125 0 18137
55125 0 0
55125 0 0
55125 0 0
55125 0 0
57527 0 6382
67772 0 24126
78673 0 22143
89449 0 18604
100851 0 17106
112426 0 15253
124364 0 13733
136326 0 11478
148417 0 10297
159976 0 8710
171476 0 8056
183738 0 7782
195063 0 6331
206607 0 5833
219264 0 6061
231387 0 5460
243967 0 5271
256702 0 5014
269218 0 4571
281251 0 3940
293972 0 3975
306268 0 3545
318189 0 3387
330624 0 3317
343716 0 3332
356625 0 3172
369070 0 2715
381771 0 2783
394491 0 2731
407356 0 2518
420232 0 2482
432496 0 2221
445112 0 2170
457214 0 2028
469505 0 1946
481898 0 2016
494736 0 1903
507829 0 1857
520363 0 1783
533354 0 1871
546866 0 1745
558457 0 1528
571630 0 1759
584631 0 1568
597752 0 1584
609642 0 1287
621649 0 1387
634057 0 1320
646954 0 1345
659439 0 1273
671815 0 1254
683471 0 1186
695520 0 1238
707851 0 1143
719720 0 1123
731278 0 977
744455 0 1211
756557 0 1045
770056 0 1127
783228 0 1153
796134 0 1048
809326 0 1074
820900 0 896
833026 0 952
845315 0 901
858470 0 972
871799 0 989
884312 0 864
897409 0 852
908704 0 801
920673 0 786
932696 0 811
944802 0 847
956517 0 776
968409 0 762
980278 0 776
991733 0 715
1004014 0 705
1016484 0 731
1028285 0 739
1040925 0 722
1052814 0 731
1064841 0 658
1077336 0 643
1089940 0 672
1102968 0 641
1115243 0 717
1127939 0 740
1140366 0 664
1153360 0 701
1165436 0 630
1179069 0 760
1192633 0 706
1205306 0 659
1216643 0 537
1227935 0 531
1239574 0 577
1251022 0 560
1262560 0 551
1274147 0 569
1285717 0 574
1297751 0 520
1309589 0 534
1322264 0 536
1334653 0 531
1347295 0 637
1358958 0 582
1370376 0 455
1382154 0 471
1393613 0 446
1405232 0 466
1416352 0 485
1427940 0 486
1439692 0 502
1451593 0 438
1464203 0 529
1476048 0 429
1487413 0 505
1499293 0 450
1512311 0 530
1523909 0 423
1535789 0 443
1547945 0 453
1559458 0 451
1571675 0 426
1583130 0 409
1594796 0 441
1606132 0 443
1617563 0 415
1629896 0 409
1641351 0 411
1653519 0 473
1665119 0 418
1676023 0 441
1687323 0 433
1699083 0 435
1712541 0 477
1724488 0 419
1735927 0 394
1747158 0 389
1758225 0 417
1769691 0 387
1781301 0 392
1792778 0 393
1804251 0 419
1815643 0 408
1827348 0 388
1838910 0 317
1851220 0 390
1862672 0 401
1874018 0 397
1885653 0 369
1897228 0 373
1908617 0 348
1919904 0 358
1931165 0 394
1943147 0 439
1954776 0 415
1966260 0 370
1977663 0 367
1989542 0 354
2001154 0 358
2012351 0 299
2023721 0 346
2035349 0 342
2046982 0 416
2058284 0 375
2070010 0 394
2081608 0 397
2092933 0 327
2104339 0 408
2116004 0 392
2127591 0 309
2139140 0 333
2150295 0 362
2162262 0 325
2173846 0 305
2184993 0 317
2196697 0 313
2208060 0 311
2219849 0 360
2231060 0 320
2242920 0 308
2254562 0 327
2265929 0 277
2277392 0 313
2288722 0 366
2300251 0 333
2312998 0 338
2324507 0 340
2336367 0 311
2348573 0 323
2359824 0 304
2371991 0 380
2383444 0 278
2395057 0 297
2406814 0 366
2418194 0 299
2429541 0 250
2440739 0 318
2452262 0 288
2465406 0 387
2477771 0 335
2491402 0 343
2504557 0 373
2516954 0 322
2528585 0 275
2541529 0 311
2554573 0 321
2566029 0 337
2577554 0 310
2588928 0 287
2600542 0 304
2612524 0 294
2625280 0 335
2637033 0 344
2649473 0 361
2661559 0 353
2673928 0 349
2685737 0 310
2698191 0 330
2711169 0 340
2723381 0 345
2735558 0 320
2748248 0 324
2760379 0 309
2773099 0 282
2785521 0 340
2797813 0 323
2809593 0 298
2821663 0 248
2834289 0 301
2847604 0 312
2859043 0 284
2871466 0 295
2883771 0 278
2895927 0 331
2907910 0 289
2920745 0 319
2933991 0 324
2946521 0 305
2958072 0 280
2969449 0 247
2981023 0 257
2992619 0 295
3005310 0 305
3017070 0 299
3029368 0 257
3040717 0 270
3051880 0 221
3063305 0 251
3075017 0 251
3086609 0 304
3098077 0 259
3109698 0 276
3121122 0 267
3132580 0 265
3144118 0 293
3155649 0 275
3167542 0 288
3179399 0 243
3190798 0 270
3202232 0 225
3213329 0 253
3224953 0 240
3236521 0 224
3248007 0 235
3259490 0 210
3271499 0 292
3283273 0 229
3294784 0 253
3306881 0 250
3319171 0 270
3331244 0 242
3343637 0 247
3354957 0 216
3366687 0 270
3377983 0 237
3389212 0 209
3400567 0 196
3412355 0 263
3424405 0 239
3435949 0 248
3447576 0 224
3459436 0 273
3470797 0 218
3482747 0 291
3494377 0 230
3506130 0 231
3517659 0 252
3529295 0 229
3540694 0 249
3552551 0 277
3564327 0 196
3575753 0 240
3587674 0 242
3599348 0 266
3611005 0 219
3622608 0 219
3634063 0 211
3645680 0 203
3657357 0 201
3669017 0 232
3680499 0 232
3692186 0 284
3703818 0 221
3715163 0 235
3726204 0 232
3738246 0 257
3750042 0 236
3761654 0 236
3773259 0 188
3784922 0 252
3796544 0 257
3807860 0 269
3819615 0 251
3831198 0 271
3842527 0 200
3853972 0 176
3865452 0 215
3877136 0 289
3888712 0 236
3900401 0 289
3911961 0 201
3923621 0 242
3935100 0 190
3946803 0 184
3958660 0 200
3971002 0 213
3982547 0 243
3994026 0 186
4005954 0 197
4017790 0 177
4029707 0 223
4041128 0 224
4052699 0 190
4064595 0 217
4076034 0 201
4087852 0 197
4099296 0 199
4111028 0 229
4122551 0 245
4134306 0 268
4146654 0 215
4158329 0 223
4169916 0 209
4181315 0 215
4192850 0 201
4205165 0 227
4216545 0 263
4227769 0 226
4239056 0 204
4250661 0 262
4262368 0 231
4274819 0 202
4286138 0 242
4297918 0 247
4309481 0 209
4320549 0 211
4332062 0 236
4344678 0 245
4356658 0 215
4368676 0 185
4380211 0 222
4392308 0 208
4404164 0 182
4415565 0 225
4427124 0 200
4438859 0 195
4450761 0 195
4462593 0 250
4473983 0 209
4485641 0 209
4496810 0 201
4508136 0 186
4519909 0 211
4531523 0 200
4543309 0 159
4554733 0 221
4566507 0 152
4578208 0 266
4589661 0 207
4601369 0 204
4612799 0 192
4624603 0 171
4635872 0 201
4647378 0 219
4658921 0 174
4670400 0 185
4681860 0 212
4693414 0 199
4704805 0 180
4716697 0 201
4728260 0 157
4740262 0 188
4751784 0 186
4764008 0 240
4775892 0 173
4787424 0 202
4798706 0 185
4810625 0 239
4823225 0 239
4834429 0 202
4846120 0 215
4857593 0 211
4869456 0 157
4881074 0 165
4892609 0 173
4904409 0 192
4916016 0 202
4927200 0 170
4938497 0 169
4949910 0 199
4961367 0 205
4972763 0 222
4984423 0 182
4995934 0 177
5007622 0 188
5019309 0 204
5030700 0 202
5042141 0 202
5053353 0 159
5064545 0 205
5075809 0 171
5087398 0 208
5098224 0 212
5109530 0 174
5120904 0 193
5132754 0 205
5144825 0 217
5156648 0 209
5168061 0 202
5179484 0 181
5190860 0 212
5202328 0 205
5213819 0 178
5225866 0 204
5237494 0 199
5249001 0 164
5260715 0 191
5272221 0 206
5284182 0 174
5296143 0 186
5307896 0 238
5319720 0 186
5331270 0 157
5342678 0 188
5354034 0 237
5365515 0 150
5378110 0 183
5389429 0 220
5401073 0 165
5412332 0 184
5423748 0 210
5434964 0 191
5446426 0 196
5458239 0 197
5470675 0 189
5483573 0 161
5495167 0 201
5506951 0 212
5518741 0 186
5529920 0 221
5541304 0 170
5553001 0 176
5564556 0 170
5576238 0 186
5587731 0 150
5599236 0 184
5610312 0 174
5621724 0 192
5633256 0 205
5645066 0 230
5656988 0 191
5668272 0 208
5681023 0 234
5692097 0 186
5703433 0 226
5714782 0 203
5726049 0 204
5737326 0 225
5748754 0 247
5759984 0 165
5770810 0 137
5781944 0 231
5793842 0 189
5805530 0 183
5815208 0 186
5826495 0 182
5838210 0 185
5847331 0 160
5857766 0 132
5868138 0 150
5879878 0 171
5890114 0 162
5900664 0 144
5911465 0 188
5922853 0 203
5932122 0 169
5941268 0 149
5951743 0 177
5963401 0 228
5972418 0 117
5983755 0 193
5993740 0 143
6003537 0 114
6012836 0 152
6024283 0 169
6034388 0 154
6042610 0 122
6053035 0 156
6064664 0 185
6075237 0 156
6086395 0 157
6097142 0 165
6105129 0 127
6115148 0 204
6126491 0 162
6135127 0 130
6146180 0 162
6153950 0 113
6163829 0 155
6173118 0 159
6184772 0 157
6196737 0 186
6207679 0 164
6216229 0 136
6227437 0 157
6239863 0 183
6251390 0 158
6260213 0 148
6270769 0 153
6280485 0 175
6291498 0 193
6301161 0 134
6311750 0 162
6320394 0 146
6331924 0 178
6341929 0 176
6353380 0 174
6364865 0 152
6373246 0 102
6382634 0 147
6392674 0 168
6400797 0 135
6412072 0 204
6421546 0 150
6432863 0 160
6443107 0 170
6453313 0 177
6464118 0 230
6476116 0 199
6487466 0 163
6496043 0 181
6506651 0 153
6518624 0 199
6527888 0 189
6535802 0 108
6547124 0 230
6558626 0 188
6569416 0 158
6579938 0 167
6589061 0 165
6600516 0 220
6612010 0 170
6619918 0 116
6629613 0 153
6638999 0 139
6650658 0 166
6659937 0 172
6670878 0 184
6680285 0 129
6691974 0 194
6701794 0 160
6712506 0 174
6723572 0 202
6735116 0 138
6746735 0 183
6757426 0 166
6769245 0 200
6778183 0 133
6789803 0 196
6800038 0 152
6810372 0 182
6820725 0 196
6832611 0 201
6844075 0 202
6852234 0 130
6864255 0 215
6873491 0 149
6884658 0 160
6895931 0 144
6905210 0 149
6916641 0 224
6927719 0 212
6939846 0 233
6951717 0 174
6961309 0 139
6971373 0 132
6982992 0 176
6990129 0 42
6990129 0 0
6990129 0 0
6990129 0 0
6990129 0 0
6990129 0 0
6990250 1 1
6990250 0 0
6990273 1 1
6990323 1 1
6990323 1 1
6990323 1 1
6990323 0 0
6990408 1 1
6990408 1 1
6990408 0 0
6990408 1 1
6990408 1 1
6990408 0 0
6990474 1 1
6990700 1 1
6990933 1 1
6991031 1 2
6991031 1 1
6991031 0 0
6991118 1 1
6991118 0 0
6991236 1 1
6991309 1 1
6991396 1 1
6991669 1 1
6991669 0 0
6992164 1 1
6992164 1 1
6992194 1 2
6992250 1 1
6992250 1 1
6992250 0 0
6992250 1 1
6992250 1 1
6992306 1 1
6992306 0 0
6992553 1 1
6992923 1 1
6992968 1 1
6993263 1 1
6993263 0 0
6993263 1 1
6993654 1 1
6993654 0 0
6993979 1 1
6994203 1 1
6994824 1 1
6994854 1 1
6994854 1 1
6994854 0 0
6995794 1 3
6995794 1 1
6995794 0 0
6996025 1 1
6997632 2 3
6998131 1 1
6998131 0 0
6998239 1 1
6998733 1 2
6998733 0 0
6998849 1 1
6998849 1 1
6998849 0 0
6998938 1 1
6999111 1 1
6999461 1 1
6999812 1 1
6999865 0 0
7000683 1 3
7001547 1 1
7001564 0 0
7002131 1 2
7002960 1 1
7003891 0 0
7005108 1 1
7005482 1 1
7006747 1 2
7006747 0 0
7006859 1 1
7007047 1 1
7008257 1 1
7008544 0 0
7009436 1 2
7009535 1 1
7009535 1 1
7009845 1 2
7010303 0 0
7010558 1 1
7011552 1 1
7011552 1 1
7011552 0 0
7011619 1 1
7011635 1 1
7011635 1 1
7011720 1 1
7011720 0 0
7011942 1 2
7012924 1 1
7012968 1 1
7013711 1 1
7013769 0 2
7013944 1 1
7014449 1 1
7014449 0 0
7014524 1 1
7017153 1 2
7018482 1 1
7018482 0 0
7018490 1 1
7018852 1 1
7019430 1 2
7020000 1 2
7020127 1 1
7020667 1 1
7020798 1 1
7020814 1 1
7020814 1 2
7020814 0 0
7020983 1 1
7021521 1 2
7021521 0 0
7021521 1 1
7021521 1 1
7021521 0 0
7021730 2 2
7021730 0 0
7022065 1 1
7022892 1 1
7022892 0 0
7024157 1 1
7024395 1 1
7024395 0 0
7025563 1 2
7026173 1 1
7026173 0 0
7026425 1 1
7027813 1 2
7027984 0 0
7028290 1 2
7028290 1 1
7028290 1 1
7028290 0 0
7028965 1 2
7029606 1 1
7030416 1 1
7030416 0 0
7030876 1 1
7031326 1 1
7031464 1 1
7031464 1 1
7032487 1 1
7032810 1 2
7033201 0 1
7034114 1 2
7035418 1 2
7035418 1 1
7035527 1 1
7035816 0 0
7036186 1 3
7036678 1 1
7036678 0 0
7036909 1 2
7037272 1 1
7037272 1 1
7037272 0 0
7037299 1 1
7037698 1 2
7037698 1 1
7037861 1 1
7037861 0 0
7038835 1 2
7038876 1 1
7039523 1 2
7039567 1 1
7039588 0 0
7039813 1 1
7040354 1 2
7040373 1 1
7040373 0 0
7040520 1 2
7040520 0 0
7041454 1 1
7042381 1 1
7044089 1 1
7045065 1 6
7045165 1 2
7045165 0 0
7045206 1 1
7045459 1 1
7045969 0 0
7045982 1 1
7045982 1 1
7045982 0 0
7046493 1 2
7046493 0 0
7046504 1 1
7047035 1 1
7047716 1 1
7047716 0 0
7047735 2 2
7048407 0 0
7050282 1 2
7050790 1 1
7051367 0 0
7053057 1 1
7053057 0 0
7053243 1 1
7055604 1 2
7055778 1 1
7056705 0 2
7057916 1 1
7058034 1 1
7058034 0 0
7058595 2 3
7060629 1 4
7062228 1 6
7062958 0 0
7063429 1 1
7063697 1 1
7063697 0 0
7065458 1 4
7065550 1 2
7065550 0 0
7065553 1 1
7065553 0 0
7065867 1 1
7066250 1 2
7066250 0 0
7066481 1 1
7066486 1 1
7066566 1 1
7067115 0 0
7067701 1 1
7068716 0 1
7068716 1 1
7069579 1 2
7070435 0 1
7072238 1 4
7072708 1 2
7073108 1 3
7073347 1 1
7073347 0 0
7074705 1 1
7074741 1 1
7074918 1 1
7075280 1 2
7075751 0 0
7076607 1 1
7076607 0 0
7077519 1 2
7077558 1 1
7078804 1 2
7079186 1 2
7079186 0 0
7079188 1 1
7080682 1 2
7081779 1 4
7081970 0 1
7082457 1 2
7083031 1 2
7083692 0 1
7083988 1 1
7084125 1 1
7084261 1 1
7085601 1 3
7086163 1 2
7086223 1 2
7086223 0 0
7086588 1 3
7087572 1 2
7087758 1 1
7087758 1 1
7088016 1 1
7088016 0 0
7088326 1 1
7088326 0 0
7088518 1 2
7088691 1 2
7089074 1 1
7089527 1 2
7089707 0 0
7090327 1 1
7090327 0 0
7090360 1 1
7090410 1 1
7090447 1 1
7090447 1 1
7091051 1 3
7091051 0 0
7091764 2 3
7091774 0 0
7092158 1 3
7092158 0 0
7093147 1 3
7093288 1 2
7093473 1 1
7094435 1 2
7094606 1 2
7094606 0 0
7094867 1 1
7096573 1 2
7097428 1 1
7097634 1 1
7097697 1 1
7097697 0 0
7097721 1 1
7097959 1 1
7098670 1 2
7098743 1 1
7098743 0 0
7100046 1 5
7100101 1 1
7100160 0 0
7100215 1 1
7101746 1 4
7103772 1 2
7105326 1 4
7105340 0 0
7106045 1 1
7106045 0 0
7107730 1 2
7107730 0 0
7108578 1 1
7109891 1 4
7110505 1 3
7110587 1 1
7110713 1 2
7110806 0 1
7111017 1 2
7111423 1 2
7111423 0 0
7112960 1 2
7113788 1 1
7114307 1 2
7114461 1 3
7114707 0 0
7116194 1 3
7116433 1 1
7118661 1 1
7120276 1 5
7120628 1 1
7120628 0 0
7121597 1 2
7122701 1 3
7124376 0 0
7124746 1 2
7126517 1 3
7127599 1 5
7128256 1 2
7129730 1 7
7132970 1 7
7133400 0 2
7134434 2 4
7134434 0 0
7134520 1 1
7134665 1 3
7134873 1 1
7135246 1 1
7135593 1 1
7135593 0 0
7135823 1 2
7135869 1 1
7135869 0 0
7135869 1 1
7135988 1 1
7136156 1 1
7136211 1 1
7136211 0 0
7136333 1 1
7136464 1 3
7136702 1 2
7136702 0 0
7136831 1 1
7137360 1 1
7137885 1 1
7137898 1 1
7138077 1 1
7138118 0 0
7138118 1 1
7138889 2 4
7139322 1 1
7139322 0 0
7139548 1 1
7139671 1 1
7139780 1 2
7139780 0 0
7140709 1 4
7141090 1 6
7141283 1 1
7141283 0 0
7141472 1 1
7142150 1 1
7142708 0 1
7142708 1 1
7143548 1 2
7143548 0 0
7143861 1 1
7144193 1 1
7144592 0 0
7144693 1 1
7144693 0 0
7146195 1 3
7148059 1 6
7148492 1 1
7148492 0 0
7152129 1 9
7154289 1 7
7154305 1 1
7155160 1 2
7155698 0 2
7155907 1 1
7155907 0 0
7156191 1 2
7156191 0 0
7156546 1 1
7156702 1 1
7156702 0 0
7156975 1 1
7157651 1 2
7158221 1 1
7158454 1 2
7160226 1 5
7160362 0 1
7162401 1 4
7164201 1 4
7165672 1 5
7167051 0 6
7168508 1 2
7168617 1 1
7169333 1 2
7169333 0 0
7169633 2 2
7169840 0 2
7170609 1 1
7171395 1 4
7171432 0 0
7171613 1 1
7171613 0 0
7172206 2 4
7173064 0 1
7173460 1 2
7173460 0 0
7173799 1 1
7173806 1 1
7174603 1 2
7174943 0 0
7175075 1 1
7175075 0 0
7175075 1 1
7177003 1 3
7178022 1 7
7179419 1 6
7179419 0 0
7179427 1 1
7179961 1 2
7180580 1 4
7181762 0 1
7181847 1 1
7181847 0 0
7182018 1 1
7182447 1 3
7184493 1 7
7184902 0 0
7186649 1 5
7187824 1 7
7189801 1 4
7189801 0 0
7191315 1 7
7191315 0 0
7192811 2 5
7194347 0 4
7195466 1 3
7195466 0 0
7195746 1 1
7195746 0 0
7196605 1 1
7196903 1 2
7196903 0 0
7197253 1 2
7197511 1 1
7197521 1 1
7198233 1 2
7198708 0 0
7199130 1 1
7199292 1 2
7199344 0 0
7200408 1 2
7200616 1 2
7201526 0 2
7201837 1 2
7202583 1 4
7204109 0 3
7204184 1 1
7204188 1 1
7204857 1 4
7206350 1 3
7208806 1 5
7210328 1 6
7210741 1 5
7210884 0 1
7210903 1 1
7210903 0 0
7211444 1 5
7211444 0 0
7211685 1 2
7212595 1 3
7214781 2 5
7215183 0 3
7215504 1 1
7215504 0 0
7215639 1 1
7215679 1 1
7215679 0 0
7216455 1 6
7216473 1 2
7216473 0 0
7218189 1 6
7218271 1 2
7218271 0 0
7218894 1 3
7218894 1 1
7219630 1 3
7220757 1 3
7220757 0 0
7220988 2 2
7221773 0 1
7222974 1 4
7223516 1 2
7223696 1 1
7224596 0 2
7224763 1 5
7224950 1 1
7224950 0 0
7225860 1 5
7225860 0 0
7226349 1 1
7226349 1 1
7226349 0 0
7227364 2 4
7227745 1 3
7228735 0 4
7230939 1 6
7231485 1 3
7231557 1 1
7232559 1 1
7232915 1 2
7233746 1 2
7233746 0 0
7234244 1 1
7234784 1 3
7235236 0 0
7235259 1 1
7235901 1 6
7238542 1 7
7240387 1 5
7240486 1 1
7241621 0 2
7243036 1 6
7243746 0 4
7243892 1 2
7246152 1 15
7247234 1 4
7247234 0 0
7247264 1 1
7247329 1 1
7247645 1 3
7248202 1 3
7248202 0 0
7249293 1 6
7249293 0 0
7249357 1 1
7249830 1 2
7249830 0 0
7250073 1 4
7250359 1 2
7250867 1 2
7250867 0 0
7252016 1 1
7252476 1 1
7252476 0 0
7252593 2 2
7252903 1 3
7252903 0 0
7252909 1 1
7252909 0 0
7253282 1 4
7253995 1 4
7254220 0 1
7255734 1 4
7256425 2 5
7257230 1 4
7258825 1 10
7258949 1 2
7259401 0 2
7260447 1 5
7261416 0 4
7263433 1 6
7263976 1 3
7265329 1 8
7265607 0 0
7267350 2 11
7268817 1 9
7270129 1 8
7272233 1 10
7273886 2 12
7275292 0 5
7276206 1 4
7276206 1 1
7276833 2 6
7277032 1 4
7277778 0 1
7279201 2 7
7279201 0 0
7279363 1 2
7279692 1 2
7280545 1 4
7280829 1 2
7282820 1 16
7284975 1 15
7286339 1 14
7286373 1 1
7286844 1 1
7286984 0 3
7287316 1 6
7287980 1 4
7288233 1 1
7288505 1 6
7288860 0 1
7289045 1 3
7289247 1 3
7289533 1 1
7289857 1 4
7289857 0 0
7290340 1 8
7290733 1 1
7290952 0 2
7291781 1 6
7292185 1 3
7292185 0 0
7292532 1 4
7292532 0 0
7292758 1 1
7293291 1 11
7293529 0 0
7293786 1 4
7294377 1 5
7295013 1 5
7295308 1 2
7295824 1 6
7295824 0 0
7296641 1 8
7297964 1 14
7297964 0 0
7298148 1 2
7298355 1 2
7299168 1 3
7299949 1 9
7300018 1 1
7300086 1 1
7301112 1 7
7301692 1 3
7302970 2 3
7303726 1 7
7305079 1 11
7305395 0 0
7305917 1 4
7306028 1 2
7306190 1 2
7307884 1 18
7308270 1 7
7308767 1 3
7310397 1 12
7311439 1 9
7311968 1 2
7312959 1 11
7313051 0 0
7313442 1 4
7314849 1 6
7316250 0 12
7316296 1 1
7322198 2 30
7325999 1 21
7327024 0 3
7327024 1 1
7327784 1 6
7328191 1 8
7328649 1 2
7328649 0 0
7330541 1 8
7331847 1 4
7333211 0 5
7333375 1 4
7333581 1 2
7333912 1 2
7333912 0 0
7335472 1 12
7337977 1 12
7337995 1 1
7337995 0 0
7339759 1 6
7341703 1 13
7342788 1 12
7343973 1 13
7345517 1 10
7347339 1 13
7349207 1 18
7350488 1 10
7350488 0 0
7351372 1 3
7352398 1 6
7353611 1 9
7355267 0 5
7356571 1 6
7357697 1 16
7359048 1 10
7360846 1 15
7363072 0 19
7364526 2 13
7364805 0 2
7365375 1 4
7365375 1 1
7366198 1 6
7367573 1 14
7367677 1 4
7368252 1 2
7368598 1 7
7369437 1 8
7370520 0 5
7372593 1 18
7373689 1 8
7373689 0 0
7374723 2 8
7377562 1 20
7378628 1 11
7379370 1 10
7379370 0 0
7379833 2 6
7382437 1 27
7384253 1 20
7384318 1 1
7384528 1 4
7384528 0 0
7386491 1 14
7388017 1 19
7389010 1 6
7389371 1 4
7390796 0 7
7390873 1 2
7390873 0 0
7391892 1 15
7393342 1 18
7394582 0 9
7395326 1 6
7395622 1 1
7395622 0 0
7398597 2 23
7404272 0 38
7407968 1 30
7409013 0 5
7409420 1 4
7410039 1 7
7412386 1 24
7414153 0 13
7414743 1 5
7415197 1 5
7415197 0 0
7416425 2 5
7418399 1 16
7419812 1 10
7422076 1 16
7425793 1 35
7429380 1 25
7432367 1 37
7433254 0 6
7434483 2 11
7438334 1 22
7440781 1 20
7442267 1 14
7443484 1 10
7445246 1 24
7446189 1 6
7446839 1 3
7449060 1 15
7450886 1 16
7453332 1 21
7456433 0 17
7457587 1 12
7457587 0 0
7459688 2 21
7461185 0 19
7461545 1 3
7465683 1 39
7465690 1 1
7465690 0 0
7467741 1 14
7468781 1 12
7469146 0 6
7469795 1 5
7469965 1 1
7470169 0 1
7471841 1 15
7476053 1 39
7479916 2 59
7482687 1 34
7484363 1 22
7485439 1 15
7485945 0 4
7486170 1 2
7486170 0 0
7486318 1 5
7487945 1 12
7488846 0 10
7491245 1 24
7491793 1 7
7492786 1 13
7497256 1 44
7497789 1 5
7497789 0 0
7499170 1 13
7500079 1 10
7500131 1 1
7500144 0 0
7500622 1 7
7502216 1 15
7504425 0 20
7505441 1 12
7510279 1 68
7513787 1 36
7516521 0 23
7517130 1 7
7517303 1 3
7520465 1 30
7524569 0 28
7526489 1 20
7526528 1 1
7526598 1 4
7528314 1 10
7530235 0 25
7531875 1 31
7535030 1 45
7535825 1 17
7537705 1 41
7540958 0 31
7543083 1 29
7543877 1 6
7544634 1 13
7545482 0 7
7546138 2 16
7547955 1 27
7549635 0 21
7552804 1 26
7557847 2 80
7561390 0 45
7563201 1 35
7567052 1 70
7568789 1 34
7571076 0 20
7574097 1 43
7574571 1 9
7575379 0 12
7577768 2 26
7579517 0 27
7580373 1 18
7581494 1 18
7585059 2 47
7587779 0 29
7590447 1 32
7591745 0 9
7596614 1 82
7601604 1 54
7605102 2 63
7610050 0 69
7613617 1 36
7620261 0 78
7624533 1 60
7630697 1 110
7633446 0 40
7635352 1 33
7635798 1 8
7635798 0 0
7638017 1 36
7639459 1 27
7639805 0 7
7639824 2 5
7639825 1 3
7639832 1 2
7639834 1 1
7639839 1 3
7639840 1 1
7639840 0 0
7649381 1 137
7656865 1 82
7665209 1 136
7673689 0 70
7679523 1 81
7687786 1 98
7694591 1 96
7702413 0 85
7711862 1 134
7718124 1 73
7725173 0 67
7729793 1 64
7732533 1 36
7739166 0 105
7744179 1 62
7752052 1 107
7762113 1 137
7770895 1 129
7778905 0 86
7785636 1 109
7793083 2 130
7803814 0 164
7811325 1 118
7819003 1 166
7829687 1 180
7835649 1 90
7843831 0 121
7853092 0 138
7860611 1 115
7871201 1 185
7879194 1 113
7889544 0 106
7898725 1 108
7905342 1 82
7910676 0 84
7919448 1 170
7926048 1 78
7934522 0 128
7939317 1 95
7945563 1 89
7955393 1 148
7963291 1 117
7975135 0 156
7984910 0 160
7994970 1 219
8002203 1 143
8013879 0 111
8023396 1 141
8035148 1 191
8043270 1 96
8052302 1 124
8059528 0 105
8067375 1 208
8078354 0 174
8089547 0 178
8101220 0 193
8110319 0 160
8120853 0 191
8130567 0 137
8138204 0 79
8145331 0 133
8149983 0 87
8151065 0 23
8151065 0 0
8151065 0 0
8151065 0 0
8151065 0 0
8151065 0 0
8151065 0 0
8151065 0 0
8151065 0 0
8151065 0 0
8151065 0 0
8151065 0 0
8151065 0 0
8151065 0 0
8151065 0 0
8151065 0 0
8151065 0 0
8151065 0 0
8151065 0 0
8151065 0 0
8151065 0 0
8151065 0 0
8151065 0 0
8151065 0 0
8151065 0 0
8151065 0 0
8151065 0 0
8151065 0 0
8151065 0 0
8151065 1 0
8151236 1 9
8157840 1 130
8166025 1 125
8174328 1 101
8183205 1 151
8192253 2 127
8202182 1 157
8211269 1 142
8222829 0 193
8233025 1 184
8243291 0 174
8253561 1 165
8264365 0 168
8274523 1 164
8284083 0 126
8292747 1 119
8302237 1 180
8314702 0 160
8325181 1 159
8333934 0 121
8343414 1 133
8352894 1 156
8363541 1 144
8370932 1 108
8379616 0 131
8386930 1 117
8396635 1 144
8404633 1 102
8415638 1 209
8425145 1 160
8435964 0 79
8446929 1 185
8459022 0 190
8469217 1 145
8481057 0 111
8491052 1 146
8501235 1 201
8510904 1 143
8522483 0 240
8531737 1 92
8539115 0 111
8542953 1 60
8547353 0 54
8557085 1 163
8563710 1 96
8571641 1 171
8580211 2 130
8588736 1 155
8598140 1 149
8609829 0 191
8619742 1 170
8629254 0 138
8637187 0 103
8648536 1 193
8656390 1 158
8668289 0 154
8679030 0 113
8690144 1 221
8699878 0 136
8705302 1 85
8716972 0 155
8726930 1 135
8736272 0 149
8746499 1 153
8756624 0 140
8767441 1 163
8777554 1 185
8787590 0 112
8797934 1 237
8808558 0 142
8817650 1 171
8824810 1 90
8836406 0 160
8847304 1 168
8855783 0 142
8866343 0 138
8877190 1 239
8887958 0 102
8896511 1 135
8906070 0 133
8915138 1 140
8923323 1 136
8931992 2 133
8941515 1 136
8950872 2 131
8958342 1 103
8967434 2 107
8974361 1 67
8984887 1 125
8992347 2 169
9002328 1 121
9011528 2 144
9019420 1 126
9028422 2 113
9037112 2 147
9046317 1 99
9056560 1 211
9066343 1 138
9075333 0 118
9084349 2 110
9092238 1 146
9102078 1 127
9111561 2 154
9120614 1 124
9130379 0 154
9138200 2 108
9148293 1 107
9158737 1 195
9167767 1 151
9176824 2 144
9187214 0 182
9196967 2 107
9206490 2 137
9215044 1 109
9224961 2 177
9235689 1 155
9246914 0 114
9257780 1 121
9268003 1 104
9278990 0 65
9290050 1 88
9301403 1 93
9312760 0 56
9324104 1 80
9335075 1 77
9346217 0 57
9358002 1 74
9368802 1 67
9379631 1 36
9391215 0 70
9402048 1 63
9411544 1 62
9424510 0 70
9435726 1 66
9447485 1 58
9458499 0 52
9469904 1 56
9481418 1 58
9492797 0 49
9502350 1 61
9513581 1 71
9525589 0 68
9537128 1 76
9548332 1 71
9560133 0 59
9569096 1 54
9581245 0 51
9592032 1 51
9603430 1 63
9612476 1 39
9623611 0 73
9634487 1 64
9645653 1 51
9655254 0 39
9663470 1 32
9674316 1 66
9685368 0 39
9696526 1 50
9707567 1 57
9717790 1 75
9727795 0 58
9739058 1 65
9747779 1 47
9759238 0 54
9770727 1 80
9781774 1 43
9792633 0 72
9804168 1 51
9815075 1 89
9826173 1 68
9836929 0 56
9847795 1 75
9857613 1 54
9869008 0 48
9877476 1 64
9886300 1 64
9896701 0 58
9907870 1 55
9918980 1 65
9929305 0 49
9938693 1 41
9949438 1 68
9960553 0 79
9971633 0 92
9982907 0 103
9994588 0 108
10005745 0 122
10017332 0 110
10028732 0 126
10040191 0 122
10051511 0 138
10062879 0 145
10074170 0 136
10085474 0 178
10096963 0 185
10108510 0 142
10120034 0 178
10131423 0 171
10142352 0 159
10154069 0 170
10165554 0 154
10176968 0 167
10188521 0 169
10200104 0 129
10211472 0 190
10222759 0 125
10234063 0 158
10245893 0 200
10257613 0 156
10268851 0 163
10280310 0 156
10291679 0 188
10303395 0 199
10314669 0 157
10326151 0 165
10337661 0 123
10349277 0 147
10360606 0 152
10372050 0 143
10383790 0 188
10395271 0 137
10406616 0 162
10418072 0 141
10429570 0 170
10438817 0 145
10450720 0 193
10462012 0 167
10473443 0 131
10484596 0 162
10495849 0 151
10507032 0 150
10518473 0 214
10530050 0 150
10541459 0 148
10552850 0 166
10564621 0 172
10575748 0 133
10587039 0 168
10598471 0 143
10609688 0 154
10621099 0 139
10632611 0 130
10643794 0 182
10655227 0 137
10666645 0 125
10678116 0 143
10688606 0 141
10699895 0 112
10711562 0 131
10723258 0 150
10734669 0 182
10745895 0 168
10757270 0 180
10768545 0 169
10779761 0 154
10791552 0 141
10803065 0 128
10814958 0 169
10826330 0 147
10836807 0 128
10846167 0 114
10857731 0 167
10869104 0 185
10880665 0 145
10891955 0 141
10903133 0 166
10914230 0 123
10925908 0 170
10937571 0 105
10948993 0 119
10960715 0 150
10972417 0 172
10983862 0 138
10995255 0 137
11006536 0 158
11017958 0 139
11029665 0 144
11041009 0 123
11052676 0 142
11064227 0 145
11075919 0 148
11085213 0 99
11095591 0 141
11107450 0 172
11119427 0 160
11131293 0 125
11142736 0 104
11154503 0 140
11165779 0 123
11177114 0 105
11188508 0 101
11200705 0 153
11212414 0 114
11224717 0 151
11233466 0 109
11244662 0 109
11255978 0 130
11267847 0 194
11279793 0 170
11291586 0 145
11303440 0 147
11314905 0 119
11326480 0 146
11337707 0 129
11349323 0 128
11361061 0 156
11372661 0 164
11384473 0 149
11396217 0 163
11407463 0 118
11419555 0 149
11432080 0 104
11444703 0 175
11457140 0 177
11469567 0 142
11482431 0 167
11494395 0 194
11505852 0 126
11517951 3 129
11530551 192 179
11542123 175 129
11553434 179 128
11564936 176 138
11576701 169 152
11588111 173 139
11599074 174 114
11610153 167 151
11621405 158 137
11633060 174 147
11644533 169 122
11655851 165 163
11667216 167 129
11678274 171 131
11687150 166 118
11698103 168 122
11709734 165 180
11721292 166 136
11732603 170 115
11743976 169 113
11755634 169 117
11766938 172 111
11778290 167 137
11789755 169 120
11801326 168 158
11813107 165 159
11824493 166 139
11833924 167 108
11845658 170 124
11856868 168 130
11868253 171 129
11873560 175 42
11884875 184 100
11896579 168 139
11907659 171 130
11916969 173 137
11928626 168 160
11938926 167 106
11949405 173 116
11959606 165 135
11968272 147 116
11979770 168 122
11989397 168 116
12000939 168 130
12012567 167 117
12023305 164 104
12034511 172 139
12045877 165 140
12057371 169 117
12068844 173 144
12080483 167 134
12091968 171 147
12101357 172 105
12112482 166 143
12123896 167 111
12135137 170 126
12146699 168 101
12158007 166 154
12169117 169 125
12180537 168 113
12191979 168 145
12203317 171 152
12214596 184 144
12225883 172 129
12237307 169 128
12249049 162 129
12260682 170 121
12272085 172 128
12283314 170 103
12292614 150 129
12302756 166 115
12314141 167 138
12325693 165 161
12335479 168 111
12347364 165 130
12356702 171 114
12366157 167 98
12378152 168 131
12389593 166 155
12401025 168 136
12412413 166 152
12423875 167 157
12435426 167 86
12446500 165 170
12457921 170 173
12469727 166 128
12481321 167 163
12492718 168 149
12504260 167 154
12515497 168 144
12524953 165 107
12535918 170 109
12547263 181 140
12559565 171 133
12571352 174 152
12582647 167 142
12594181 172 122
12605311 172 212
12616338 166 135
12627242 175 109
12638874 168 127
12650474 167 142
12661740 165 140
12672968 168 125
12684232 168 156
12695497 164 133
12706523 167 107
12717730 162 111
12729209 161 95
12740734 166 119
12752237 165 98
12763430 168 115
12774784 166 136
12786234 166 95
12797316 164 113
12808693 167 117
12820240 168 132
12831594 169 117
12842921 171 117
12854357 171 142
12863470 169 106
12875080 171 93
12886188 182 141
12897496 166 154
12908855 169 105
12920436 172 83
12931751 169 106
12942991 168 113
12951286 171 92
12962370 162 145
12973960 170 99
12985334 167 117
12997041 167 121
13008442 167 111
13019849 165 131
13031225 168 143
13042757 164 152
13052116 167 97
13063534 165 113
13074863 161 149
13086284 168 128
13097635 169 143
13109060 172 121
13120510 169 164
13131915 165 142
13142540 170 88
13152763 163 134
13162942 152 98
13174620 170 165
13185056 168 127
13195783 171 143
13207097 162 118
13218475 184 136
13230083 171 128
13241376 165 122
13252610 172 139
13262237 174 139
13274044 168 115
13285962 164 102
13299582 170 161
13311331 172 106
13322659 169 144
13333771 174 112
13345043 172 136
13356427 171 104
13367828 165 115
13379391 168 126
13391866 165 120
13403867 160 175
13415103 169 106
13426222 165 117
13437679 173 118
13449743 163 130
13461155 170 127
13472618 173 89
13483878 168 134
13495616 171 182
13504253 171 110
13515574 164 117
13526799 166 102
13538287 166 117
13549568 165 161
13560421 186 120
13571654 170 119
13583197 174 135
13593277 171 94
13606510 170 166
13619012 171 135
13632821 175 135
13644505 169 124
13655741 168 148
13666843 164 121
13678242 165 148
13689444 162 126
13700680 165 164
13712218 167 95
13724036 165 116
13735006 168 98
13746327 168 140
13757965 169 129
13769345 169 102
13780866 167 93
13792071 167 169
13801787 169 119
13809881 170 102
13820904 168 115
13832810 169 113
13844259 168 139
13856071 171 143
13867534 170 140
13878924 166 108
13890398 165 94
13901972 188 113
13914294 169 127
13926582 169 119
13938758 173 121
13951524 169 142
13964067 169 131
13974118 154 105
13985540 166 104
13997672 174 140
14010342 173 114
14022487 173 122
14034749 170 153
14047099 173 122
14059499 170 100
14072014 165 143
14084062 176 87
14096583 170 151
14109130 167 99
14121454 168 106
14133574 163 135
14146551 166 159
14159216 167 156
14171288 167 131
14183420 166 146
14195819 163 142
14208010 163 129
14220152 165 119
14232848 165 131
14245151 173 130
14256826 166 106
14268797 195 109
14280870 172 113
14293496 177 112
14305569 177 125
14317694 174 94
14329916 173 108
14339423 171 112
14351975 169 119
14364434 170 141
14376641 169 115
14389202 170 140
14401528 175 121
14413683 166 119
14425524 166 137
14436965 173 114
14446590 171 134
14458691 170 99
14470773 168 127
14483165 171 149
14495511 165 113
14507549 170 141
14520157 168 133
14532654 163 113
14544348 172 101
14555706 165 123
14566987 164 102
14578317 167 89
14589240 168 134
14600456 170 85
14611877 166 124
14623647 189 104
14635321 175 110
14646994 177 112
14658245 168 104
14669747 174 115
14681215 173 108
14693581 163 108
14706065 168 139
14718628 172 127
14731236 168 105
14743351 174 128
14755543 170 96
14767838 169 155
14780359 168 120
14792833 168 130
14805226 164 117
14817643 162 104
14829959 172 96
14842146 172 126
14853909 167 116
14866122 173 133
14878274 171 110
14889215 165 138
14900901 176 115
14912453 171 103
14921199 166 92
14932337 170 113
14944037 169 108
14955873 165 108
14967236 169 95
14978744 185 99
14989624 167 108
15000961 167 82
15012222 172 118
15023329 171 94
15034788 169 76
15046210 170 119
15057927 171 116
15069702 167 77
15081508 166 113
15093145 171 141
15104357 169 134
15115962 166 101
15127463 168 97
15139220 172 100
15150615 169 97
15162133 169 124
15173602 166 111
15185315 169 138
15196700 171 81
15208182 168 122
15219674 171 95
15231187 173 121
15242620 173 93
15254275 171 114
15265615 174 132
15276816 171 108
15288466 168 133
15299627 169 126
15310877 168 142
15322433 183 76
15333938 171 117
15345769 170 99
15357472 170 88
15368600 172 89
15379882 168 113
15391235 169 103
15402675 171 130
15414732 170 113
15426053 167 116
15437547 172 117
15448470 163 94
15460505 165 98
15473092 174 120
15484779 164 80
15496471 168 98
15506268 171 57
15518866 172 100
15526133 165 66
15538678 166 130
15551207 173 87
15563680 160 108
15576091 167 133
15588166 170 111
15599050 166 94
15611449 167 118
15623339 166 133
15635839 166 114
15648595 173 134
15661222 174 128
15673639 188 118
15685855 178 104
15698507 173 104
15710290 180 83
15722643 170 117
15734788 173 94
15746465 173 114
15757876 167 112
15769540 167 112
15781256 172 92
15792537 169 108
15803974 174 77
15815532 166 125
15826892 167 106
15838655 166 70
15850251 170 117
15861744 166 96
15873793 166 111
15886452 173 132
15898981 170 67
15911292 165 96
15922576 173 143
15934095 171 94
15945450 167 88
15956937 172 95
15966168 144 101
15978087 171 112
15989867 170 79
16001159 167 99
16012434 168 106
16023816 180 98
16035241 172 131
16046510 173 127
16057910 168 136
16070569 170 141
16082902 167 111
16095177 165 92
16107577 165 103
16120125 170 122
16132102 165 131
16144483 167 106
16153988 148 3819
16161662 151 1970
16172147 150 2129
16181663 161 1426
16192605 152 1216
16204244 164 1090
16215948 163 992
16227107 165 730
16236396 161 632
16246931 158 602
16255311 134 1412
16264666 156 1877
16274777 155 1853
16285866 153 1848
16294766 154 1306
16304092 157 1138
16316017 154 1566
16328235 155 1353
16339099 160 1057
16350737 166 1082
16362399 158 1817
16374266 149 2192
16385037 156 1647
16395653 162 1658
16406289 159 1440
16416098 158 1280
16426524 165 1245
16435682 160 1045
16446323 162 1102
16457771 157 1184
16468971 158 1038
16477552 164 659
16488578 159 807
16497540 157 651
16509720 160 841
16521794 166 700
16531546 165 626
16542154 161 627
16552406 163 524
16564452 162 606
16574251 165 384
16586688 162 579
16599136 167 432
16611514 164 449
16623696 167 473
16636252 164 441
16648357 165 375
16660653 163 401
16672801 170 324
16685047 185 339
16697483 175 314
16709620 170 349
16721913 175 243
16733640 174 239
16745223 166 252
16756941 172 252
16768413 170 228
16779920 163 221
16791395 164 194
16795436 61 91
16795436 0 0
16795436 0 0
