735 0 0 0 0 0 15112 0
1569.5 0 0 0 0 0 27393 0
2283.33 0 0 0 0 0 27715 0
2984.5 0 0 0 0 0 28241 0
3535.8 0 0 0 0 0 28190 0
4049.83 0 0 0 0 0 28092 0
4510.71 0 0 0 0 0 27828 0
4956.38 0 0 0 0 0 26688 0
5362.22 0 0 0 0 0 24487 0
5799.8 0 0 0 0 0 24356 0
5572.18 0 0 0 0 0 7089 0
5498.33 0 0 0 0 0 9628 0
5873.69 0 0 0 0 0 18613 0
6219.71 0 0 0 0 0 16185 0
6539.6 0 0 0 0 0 13949 0
6833.56 0 0 0 0 0 12524 0
7114.47 0 0 0 0 0 10793 0
7324.5 0 0 0 0 0 8889 0
7534 0 0 0 0 0 7661 0
7735.45 0 0 0 0 0 6823 0
8267.45 0 0 0 0 0 6105 0
8726.9 0 0 0 0 0 5491 0
9110.15 0 0 0 0 0 4612 0
9439.85 0 0 0 0 0 4224 0
9717.9 0 0 0 0 0 3712 0
9958.95 0 0 0 0 0 3490 0
10164.2 0 0 0 0 0 3133 0
10340.8 0 0 0 0 0 3062 0
10520.1 0 0 0 0 0 3024 0
10625 0 0 0 0 0 2651 0
11079.4 0 0 0 0 0 2489 0
11421.3 0 0 0 0 0 2084 0
11469.8 0 0 0 0 0 1948 0
11509 0 0 0 0 0 1802 0
11595.1 0 0 0 0 0 2013 0
11619.1 0 0 0 0 0 1790 0
11645 0 0 0 0 0 1639 0
11697.6 0 0 0 0 0 1564 0
11688.6 0 0 0 0 0 1492 0
11695.2 0 0 0 0 0 1446 0
11738.8 0 0 0 0 0 1414 0
11757.4 0 0 0 0 0 1425 0
11769.4 0 0 0 0 0 1230 0
11760.4 0 0 0 0 0 1110 0
11783.1 0 0 0 0 0 1095 0
11784 0 0 0 0 0 1047 0
11794.9 0 0 0 0 0 1089 0
11780.2 0 0 0 0 0 963 0
11753.8 0 0 0 0 0 1007 0
11750.9 0 0 0 0 0 954 0
11696.7 0 0 0 0 0 925 0
11723.2 0 0 0 0 0 958 0
11753.4 0 0 0 0 0 896 0
11774.4 0 0 0 0 0 953 0
11738.2 0 0 0 0 0 911 0
11740.7 0 0 0 0 0 894 0
11702.4 0 0 0 0 0 807 0
11691.4 0 0 0 0 0 733 0
11755.1 0 0 0 0 0 808 0
11751 0 0 0 0 0 829 0
11696.4 0 0 0 0 0 720 0
11709.5 0 0 0 0 0 754 0
11746.2 0 0 0 0 0 726 0
11770.7 0 0 0 0 0 656 0
11778.5 0 0 0 0 0 672 0
11809.5 0 0 0 0 0 617 0
11826.1 0 0 0 0 0 668 0
11822.2 0 0 0 0 0 607 0
11820.1 0 0 0 0 0 597 0
11829.1 0 0 0 0 0 620 0
11852 0 0 0 0 0 577 0
11827.7 0 0 0 0 0 655 0
11809 0 0 0 0 0 541 0
11770 0 0 0 0 0 586 0
11645 0 0 0 0 0 421 0
11633.1 0 0 0 0 0 547 0
11661.8 0 0 0 0 0 537 0
11644.4 0 0 0 0 0 522 0
11610.4 0 0 0 0 0 542 0
11620 0 0 0 0 0 568 0
11662.5 0 0 0 0 0 594 0
11642.7 0 0 0 0 0 550 0
11613.5 0 0 0 0 0 516 0
11582 0 0 0 0 0 519 0
11593.1 0 0 0 0 0 508 0
11598 0 0 0 0 0 539 0
11539 0 0 0 0 0 448 0
11553.9 0 0 0 0 0 476 0
11553.5 0 0 0 0 0 456 0
11550.3 0 0 0 0 0 470 0
11557 0 0 0 0 0 453 0
11580.9 0 0 0 0 0 492 0
11586.5 0 0 0 0 0 425 0
11609.9 0 0 0 0 0 457 0
11704 0 0 0 0 0 424 0
11731.6 0 0 0 0 0 507 0
11733.5 0 0 0 0 0 403 0
11749.5 0 0 0 0 0 416 0
11752.1 0 0 0 0 0 435 0
11756.2 0 0 0 0 0 469 0
11749.4 0 0 0 0 0 443 0
11751.9 0 0 0 0 0 476 0
11762.3 0 0 0 0 0 403 0
11767.1 0 0 0 0 0 371 0
11727.5 0 0 0 0 0 375 0
11711 0 0 0 0 0 413 0
11755.6 0 0 0 0 0 366 0
11789.8 0 0 0 0 0 443 0
11797.4 0 0 0 0 0 322 0
11808.5 0 0 0 0 0 386 0
11786.6 0 0 0 0 0 388 0
11734 0 0 0 0 0 328 0
11741.2 0 0 0 0 0 342 0
11758.3 0 0 0 0 0 388 0
11765.4 0 0 0 0 0 344 0
11755.2 0 0 0 0 0 365 0
11742.2 0 0 0 0 0 351 0
11714.6 0 0 0 0 0 370 0
11685.2 0 0 0 0 0 355 0
11692.2 0 0 0 0 0 385 0
11682.9 0 0 0 0 0 337 0
11678.4 0 0 0 0 0 349 0
11657.8 0 0 0 0 0 327 0
11669.9 0 0 0 0 0 366 0
11677.6 0 0 0 0 0 365 0
11690 0 0 0 0 0 354 0
11687.4 0 0 0 0 0 299 0
11653.6 0 0 0 0 0 343 0
11664.8 0 0 0 0 0 309 0
11671.5 0 0 0 0 0 326 0
11688 0 0 0 0 0 333 0
11745.5 0 0 0 0 0 329 0
11740.5 0 0 0 0 0 302 0
11743.5 0 0 0 0 0 343 0
11758.5 0 0 0 0 0 302 0
11763 0 0 0 0 0 305 0
11773.5 0 0 0 0 0 349 0
11813.4 0 0 0 0 0 332 0
11830.6 0 0 0 0 0 297 0
11817.2 0 0 0 0 0 295 0
11824.2 0 0 0 0 0 347 0
11842.8 0 0 0 0 0 299 0
11859.6 0 0 0 0 0 273 0
11862.1 0 0 0 0 0 306 0
11885.1 0 0 0 0 0 292 0
11874.3 0 0 0 0 0 295 0
11891 0 0 0 0 0 277 0
11888.1 0 0 0 0 0 264 0
11874.7 0 0 0 0 0 301 0
11873.5 0 0 0 0 0 300 0
11897.1 0 0 0 0 0 290 0
11877.9 0 0 0 0 0 248 0
11944.1 0 0 0 0 0 310 0
11951.1 0 0 0 0 0 304 0
11940.6 0 0 0 0 0 264 0
11934.2 0 0 0 0 0 297 0
11931.9 0 0 0 0 0 304 0
11929.7 0 0 0 0 0 275 0
11928.7 0 0 0 0 0 216 0
11935 0 0 0 0 0 284 0
11931.9 0 0 0 0 0 257 0
11933.5 0 0 0 0 0 267 0
11896.6 0 0 0 0 0 262 0
11940.8 0 0 0 0 0 270 0
11936.7 0 0 0 0 0 223 0
11960.6 0 0 0 0 0 277 0
11950.5 0 0 0 0 0 276 0
11957.2 0 0 0 0 0 237 0
11941.7 0 0 0 0 0 268 0
11915.5 0 0 0 0 0 256 0
11900.8 0 0 0 0 0 255 0
11891.9 0 0 0 0 0 258 0
11814.8 0 0 0 0 0 219 0
11805.1 0 0 0 0 0 207 0
11813.5 0 0 0 0 0 211 0
11829.1 0 0 0 0 0 228 0
11786 0 0 0 0 0 253 0
11776.5 0 0 0 0 0 251 0
11798 0 0 0 0 0 291 0
11796.1 0 0 0 0 0 272 0
11787.5 0 0 0 0 0 202 0
11766.6 0 0 0 0 0 240 0
11831.5 0 0 0 0 0 241 0
11776.4 0 0 0 0 0 186 0
11802.6 0 0 0 0 0 239 0
11812.2 0 0 0 0 0 261 0
11810.5 0 0 0 0 0 225 0
11800.6 0 0 0 0 0 194 0
11822.9 0 0 0 0 0 213 0
11823.1 0 0 0 0 0 227 0
11819 0 0 0 0 0 237 0
11804.3 0 0 0 0 0 237 0
11809.6 0 0 0 0 0 184 0
11802.5 0 0 0 0 0 188 0
11801.1 0 0 0 0 0 205 0
11778.5 0 0 0 0 0 243 0
11830.7 0 0 0 0 0 196 0
11854.9 0 0 0 0 0 236 0
11835.1 0 0 0 0 0 211 0
11823 0 0 0 0 0 234 0
11816.1 0 0 0 0 0 223 0
11827.5 0 0 0 0 0 210 0
11799.5 0 0 0 0 0 213 0
11813.6 0 0 0 0 0 234 0
11781.8 0 0 0 0 0 205 0
11740.9 0 0 0 0 0 206 0
11762.3 0 0 0 0 0 197 0
11786.5 0 0 0 0 0 181 0
11805.2 0 0 0 0 0 225 0
11811.1 0 0 0 0 0 195 0
11806.7 0 0 0 0 0 179 0
11820.6 0 0 0 0 0 194 0
11803 0 0 0 0 0 196 0
11818 0 0 0 0 0 205 0
11825.9 0 0 0 0 0 213 0
11813.1 0 0 0 0 0 190 0
11819.1 0 0 0 0 0 178 0
11820.5 0 0 0 0 0 208 0
11849.4 0 0 0 0 0 224 0
11880.8 0 0 0 0 0 226 0
11890.9 0 0 0 0 0 202 0
11912.5 0 0 0 0 0 225 0
11899.8 0 0 0 0 0 228 0
11906.3 0 0 0 0 0 236 0
11893 0 0 0 0 0 174 0
11908.1 0 0 0 0 0 171 0
11887.2 0 0 0 0 0 189 0
11863.1 0 0 0 0 0 196 0
11850.7 0 0 0 0 0 192 0
11853.8 0 0 0 0 0 182 0
11860.9 0 0 0 0 0 188 0
11897.5 0 0 0 0 0 175 0
11954.7 0 0 0 0 0 174 0
11956.5 0 0 0 0 0 189 0
11929.1 0 0 0 0 0 171 0
11946.3 0 0 0 0 0 191 0
11936.8 0 0 0 0 0 176 0
11927.6 0 0 0 0 0 225 0
11933.8 0 0 0 0 0 230 0
11934.5 0 0 0 0 0 159 0
11943.9 0 0 0 0 0 162 0
11925.6 0 0 0 0 0 197 0
11925.2 0 0 0 0 0 192 0
11913.9 0 0 0 0 0 167 0
11927.1 0 0 0 0 0 166 0
11934.1 0 0 0 0 0 176 0
11943.1 0 0 0 0 0 215 0
11956.2 0 0 0 0 0 200 0
11932.5 0 0 0 0 0 184 0
11943.4 0 0 0 0 0 190 0
11957 0 0 0 0 0 193 0
11941.5 0 0 0 0 0 188 0
11935.9 0 0 0 0 0 147 0
11928.5 0 0 0 0 0 177 0
11958.2 0 0 0 0 0 161 0
11948.6 0 0 0 0 0 160 0
11930.5 0 0 0 0 0 200 0
11925.6 0 0 0 0 0 207 0
11905 0 0 0 0 0 178 0
11882.1 0 0 0 0 0 166 0
11892 0 0 0 0 0 162 0
11890.9 0 0 0 0 0 167 0
11921.5 0 0 0 0 0 185 0
11906.1 0 0 0 0 0 150 0
11906 0 0 0 0 0 143 0
11900.5 0 0 0 0 0 168 0
11900.1 0 0 0 0 0 162 0
11921.5 0 0 0 0 0 133 0
11931.9 0 0 0 0 0 161 0
11939.4 0 0 0 0 0 178 0
11890.3 0 0 0 0 0 150 0
11882.4 0 0 0 0 0 155 0
11865.5 0 0 0 0 0 150 0
11862 0 0 0 0 0 114 0
11872.5 0 0 0 0 0 165 0
11861.6 0 0 0 0 0 169 0
11850.9 0 0 0 0 0 145 0
11792.4 0 0 0 0 0 154 0
11791.3 0 0 0 0 0 138 0
11779.8 0 0 0 0 0 121 0
11736.1 0 0 0 0 0 170 0
11697.1 0 0 0 0 0 148 0
11689.9 0 0 0 0 0 157 0
11704.2 0 0 0 0 0 147 0
11684.9 0 0 0 0 0 171 0
11668.6 0 0 0 0 0 124 0
11664 0 0 0 0 0 176 0
11667.8 0 0 0 0 0 189 0
11645.1 0 0 0 0 0 162 0
11637.4 0 0 0 0 0 135 0
11659.7 0 0 0 0 0 178 0
11640.9 0 0 0 0 0 134 0
11589.4 0 0 0 0 0 118 0
11576.5 0 0 0 0 0 132 0
11574.1 0 0 0 0 0 150 0
11606.3 0 0 0 0 0 127 0
11615.4 0 0 0 0 0 108 0
11685.8 0 0 0 0 0 198 0
11694.6 0 0 0 0 0 155 0
11695.2 0 0 0 0 0 135 0
11690.1 0 0 0 0 0 130 0
11731.6 0 0 0 0 0 141 0
11691.8 0 0 0 0 0 124 0
11700 0 0 0 0 0 108 0
11704.8 0 0 0 0 0 130 0
11727 0 0 0 0 0 161 0
11706.1 0 0 0 0 0 139 0
11688.5 0 0 0 0 0 148 0
11702.1 0 0 0 0 0 102 0
11682.5 0 0 0 0 0 116 0
11660.3 0 0 0 0 0 125 0
11672 0 0 0 0 0 121 0
11695.6 0 0 0 0 0 150 0
11710.6 0 0 0 0 0 170 0
11669.5 0 0 0 0 0 119 0
11656.8 0 0 0 0 0 139 0
11667.5 0 0 0 0 0 118 0
11642 0 0 0 0 0 145 0
11654.8 0 0 0 0 0 118 0
11663.5 0 0 0 0 0 111 0
11697 0 0 0 0 0 132 0
11685.5 0 0 0 0 0 122 0
11683.2 0 0 0 0 0 103 0
11644.9 0 0 0 0 0 162 0
11631.8 0 0 0 0 0 90 0
11600.5 0 0 0 0 0 130 0
11598.9 0 0 0 0 0 116 0
11606.4 0 0 0 0 0 116 0
11604.7 0 0 0 0 0 138 0
11615.5 0 0 0 0 0 144 0
11661.7 0 0 0 0 0 123 0
11660.4 0 0 0 0 0 149 0
11676 0 0 0 0 0 122 0
11657.5 0 0 0 0 0 144 0
11676.5 0 0 0 0 0 142 0
11667.6 0 0 0 0 0 124 0
11637 0 0 0 0 0 147 0
11643.1 0 0 0 0 0 145 0
11600.7 0 0 0 0 0 138 0
11599.8 0 0 0 0 0 133 0
11595.6 0 0 0 0 0 123 0
11603.6 0 0 0 0 0 116 0
11613 0 0 0 0 0 117 0
11633.2 0 0 0 0 0 134 0
11640.5 0 0 0 0 0 115 0
11660.5 0 0 0 0 0 145 0
11664.1 0 0 0 0 0 115 0
11648.5 0 0 0 0 0 116 0
11685 0 0 0 0 0 124 0
11678.8 0 0 0 0 0 139 0
11664.2 0 0 0 0 0 98 0
11689.1 0 0 0 0 0 100 0
11685.5 0 0 0 0 0 88 0
11701.3 0 0 0 0 0 96 0
11675.2 0 0 0 0 0 89 0
11662 0 0 0 0 0 100 0
11677.8 0 0 0 0 0 92 0
11686.9 0 0 0 0 0 131 0
11695.8 0 0 0 0 0 104 0
11729.4 0 0 0 0 0 126 0
11720.5 0 0 0 0 0 118 0
11694.3 0 0 0 0 0 98 0
11702.2 0 0 0 0 0 119 0
11717.2 0 0 0 0 0 126 0
11743.2 0 0 0 0 0 115 0
11726.2 0 0 0 0 0 117 0
11728.5 0 0 0 0 0 136 0
11702.2 0 0 0 0 0 104 0
11637.1 0 0 0 0 0 97 0
11658.1 0 0 0 0 0 121 0
11671.2 0 0 0 0 0 119 0
11645.4 0 0 0 0 0 116 0
11649.3 0 0 0 0 0 88 0
11628.8 0 0 0 0 0 109 0
11642.1 0 0 0 0 0 126 0
11660.2 0 0 0 0 0 146 0
11663.9 0 0 0 0 0 113 0
11656.5 0 0 0 0 0 102 0
11672.8 0 0 0 0 0 147 0
11638 0 0 0 0 0 101 0
11625.2 0 0 0 0 0 102 0
11624.1 0 0 0 0 0 106 0
11621.4 0 0 0 0 0 92 0
11599 0 0 0 0 0 124 0
11588.8 0 0 0 0 0 105 0
11598.3 0 0 0 0 0 97 0
11595.4 0 0 0 0 0 117 0
11626.2 0 0 0 0 0 87 0
11662.9 0 0 0 0 0 132 0
11652.8 0 0 0 0 0 122 0
11640.5 0 0 0 0 0 105 0
11599.1 0 0 0 0 0 92 0
11595.1 0 0 0 0 0 91 0
11605.6 0 0 0 0 0 116 0
11589.1 0 0 0 0 0 108 0
11574.8 0 0 0 0 0 94 0
11595.5 0 0 0 0 0 101 0
11585.9 0 0 0 0 0 106 0
11575 0 0 0 0 0 102 0
11561.8 0 0 0 0 0 110 0
11564.2 0 0 0 0 0 134 0
11608.2 0 0 0 0 0 129 0
11600 0 0 0 0 0 117 0
11608.7 0 0 0 0 0 100 0
11584.9 0 0 0 0 0 104 0
11593.1 0 0 0 0 0 98 0
11588 0 0 0 0 0 80 0
11598.5 0 0 0 0 0 124 0
11593.3 0 0 0 0 0 126 0
11600.5 0 0 0 0 0 100 0
11579.6 0 0 0 0 0 110 0
11625.8 0 0 0 0 0 105 0
11610.3 0 0 0 0 0 95 0
11575.5 0 0 0 0 0 122 0
11553.2 0 0 0 0 0 84 0
11559.5 0 0 0 0 0 104 0
11530.8 0 0 0 0 0 73 0
11546.6 0 0 0 0 0 126 0
11564.8 0 0 0 0 0 132 0
11504.1 0 0 0 0 0 82 0
11539.6 0 0 0 0 0 111 0
11534.9 0 0 0 0 0 91 0
11480.6 0 0 0 0 0 83 0
11357 0 0 0 0 0 75 0
11357.1 0 0 0 0 0 89 0
11248.6 0 0 0 0 0 67 0
11118 0 0 0 0 0 99 0
11039.8 0 0 0 0 0 97 0
11074.5 0 0 0 0 0 113 0
11061.9 0 0 0 0 0 97 0
11020.5 0 0 0 0 0 91 0
10910 0 0 0 0 0 97 0
10939 0 0 0 0 0 89 0
10989.3 0 0 0 0 0 117 0
10947.4 0 0 0 0 0 73 0
10907 0 0 0 0 0 97 0
10867 0 0 0 0 0 86 0
10747.5 0 0 0 0 0 67 0
10704.1 0 0 0 0 0 86 0
10778.9 0 0 0 0 0 80 0
10770 0 0 0 0 0 108 0
10736 0 0 0 0 0 110 0
10673.2 0 0 0 0 0 67 0
10821.9 0 0 0 0 0 69 0
10861.5 0 0 0 0 0 100 0
10852 0 0 0 0 0 100 0
10993.8 0 0 0 0 0 117 0
11052.4 0 0 0 0 0 118 0
10902.8 0 0 0 0 0 51 0
10812.1 0 0 0 0 0 78 0
10824.8 0 0 0 0 0 115 0
10858 0 0 0 0 0 86 0
10870.4 0 0 0 0 0 124 0
10863.1 0 0 0 0 0 107 0
10913 0 0 0 0 0 75 0
10918.4 0 0 0 0 0 87 0
10919.5 0 0 0 0 0 82 0
11032.1 0 0 0 0 0 92 0
11089.5 0 0 0 0 0 77 0
11095 0 0 0 0 0 101 0
11081.1 0 0 0 0 0 96 0
11113.4 0 0 0 0 0 84 0
11180.4 0 0 0 0 0 73 0
11121.8 0 0 0 0 0 83 0
11122.2 0 0 0 0 0 99 0
11243.9 0 0 0 0 0 94 0
11180.6 0 0 0 0 0 68 0
11089.2 0 0 0 0 0 86 0
11210 0 0 0 0 0 61 0
11195 0 0 0 0 0 94 0
11202.6 0 0 0 0 0 115 0
11276.5 0 0 0 0 0 92 0
11256 0 0 0 0 0 53 0
11205.5 0 0 0 0 0 106 0
11145.1 0 0 0 0 0 98 0
11113.9 0 0 0 0 0 66 0
11043.1 0 0 0 0 0 85 0
10860.2 0 0 0 0 0 65 0
10812.7 0 0 0 0 0 106 0
10817.5 0 0 0 0 0 100 0
10705.9 0 0 0 0 0 87 0
10659.2 0 0 0 0 0 110 0
10747.4 0 0 0 0 0 141 0
10718.9 0 0 0 0 0 74 0
10694.2 0 0 0 0 0 101 0
10672.7 0 0 0 0 0 74 0
10653.8 0 0 0 0 0 69 0
10760.6 0 0 0 0 0 99 0
10649 0 0 0 0 0 61 0
10712.6 0 0 0 0 0 93 0
10600.2 0 0 0 0 0 78 0
10577.4 0 0 0 0 0 81 0
10503.5 0 0 0 0 0 89 0
10441.6 0 0 0 0 0 71 0
10378.2 0 0 0 0 0 72 0
10394.9 0 0 0 0 0 96 0
10460.8 0 0 0 0 0 89 0
10652.6 0 0 0 0 0 123 0
10671.1 0 0 0 0 0 74 0
10480.7 0 0 0 0 0 51 0
10486.8 0 0 0 0 0 59 0
10501.1 0 0 0 0 0 83 0
10465.9 0 0 0 0 0 90 0
10532.2 0 0 0 0 0 82 0
10576.8 0 0 0 0 0 90 0
10606.5 0 0 0 0 0 98 0
10691.9 0 0 0 0 0 81 0
10594.2 0 0 0 0 0 76 0
10700.1 0 0 0 0 0 83 0
10635.2 0 0 0 0 0 84 0
10730.9 0 0 0 0 0 112 0
10627.2 0 0 0 0 0 68 0
10511.2 0 0 0 0 0 78 0
10628 0 0 0 0 0 62 0
10813.5 0 0 0 0 0 114 0
10870.6 0 0 0 0 0 98 0
10741 0 0 0 0 0 59 0
10719.8 0 0 0 0 0 84 0
10676.5 0 0 0 0 0 108 0
10742.1 0 0 0 0 0 81 0
10778.6 0 0 0 0 0 60 0
10802.6 0 0 0 0 0 119 0
10697.3 0 0 0 0 0 98 0
10711.1 0 0 0 0 0 92 0
10597.8 0 0 0 0 0 96 0
10410.4 0 0 0 0 0 62 0
10409.5 0 0 0 0 0 73 0
10513.1 0 0 0 0 0 67 0
10400.1 0 0 0 0 0 75 0
10451.3 0 0 0 0 0 84 0
10526.6 0 0 0 0 0 111 0
10533.9 0 0 0 0 0 81 0
10654.8 0 0 0 0 0 61 0
10519.9 0 0 0 0 0 64 0
10381.9 0 0 0 0 0 67 0
10215.5 0 0 0 0 0 64 0
10400.7 0 0 0 0 0 94 0
10431.2 0 0 0 0 0 92 0
10280.5 0 0 0 0 0 77 0
10315.9 0 0 0 0 0 99 0
10362 0 0 0 0 0 76 0
10313.5 0 0 0 0 0 103 0
10431.8 0 0 0 0 0 106 0
10369.5 0 0 0 0 0 95 0
10419.1 0 0 0 0 0 109 0
10536.7 0 0 0 0 0 105 0
10563.4 0 0 0 0 0 132 0
10568.4 0 0 0 0 0 76 0
10583 0 0 0 0 0 62 0
10632.1 0 0 0 0 0 72 0
10523.4 0 0 0 0 0 72 0
10489.2 0 0 0 0 0 50 0
10557.7 0 0 0 0 0 103 0
10702.2 0 0 0 0 0 108 0
10811.4 0 0 0 0 0 75 0
10932.8 0 0 0 0 0 84 0
10861.4 0 0 0 0 0 79 0
10815.3 0 0 0 0 0 91 0
11015.4 0 0 0 0 0 86 0
10983.1 0 0 0 0 0 91 0
10978.9 0 0 0 0 0 110 0
10913.2 0 0 0 0 0 66 0
10804.5 0 0 0 0 0 77 0
10840.9 0 0 0 0 0 86 0
10816.4 0 0 0 0 0 68 0
10756.9 0 0 0 0 0 60 0
10707.8 0 0 0 0 0 105 0
10712.8 0 0 0 0 0 92 0
10714.7 0 0 0 0 0 69 0
10720.8 0 0 0 0 0 102 0
10618.2 0 0 0 0 0 41 0
10706.9 0 0 0 0 0 104 0
10683.5 0 0 0 0 0 87 0
10525 0 0 0 0 0 79 0
10547.5 0 0 0 0 0 108 0
10483.9 0 0 0 0 0 112 0
10556.2 0 0 0 0 0 96 0
10613 0 0 0 0 0 91 0
10613.2 0 0 0 0 0 92 0
10735.5 0 0 0 0 0 98 0
10785.6 0 0 0 0 0 88 0
10875 0 0 0 0 0 95 0
10994.5 0 0 0 0 0 105 0
10772 0 0 0 0 0 59 0
10816.2 0 0 0 0 0 112 0
10936.7 0 0 0 0 0 103 0
10963 0 0 0 0 0 94 0
10948.1 0 0 0 0 0 79 0
11054.8 0 0 0 0 0 76 0
11001.6 0 0 0 0 0 96 0
11105.5 0 0 0 0 0 61 0
11186.8 0 0 0 0 0 88 0
11105.7 0 0 0 0 0 89 0
11266.9 0 0 0 0 0 106 0
11203.1 0 0 0 0 0 83 0
11314.3 0 0 0 0 0 61 0
11320 0 0 0 0 0 108 0
11301.5 0 0 0 0 0 94 0
11293.8 0 0 0 0 0 100 0
11288.7 0 0 0 0 0 99 0
11277.2 0 0 0 0 0 81 0
11303.6 0 0 0 0 0 110 0
11141.4 0 0 0 0 0 54 0
11380 0 0 0 0 0 73 0
11378.8 0 0 0 0 0 75 0
11375.1 0 0 0 0 0 85 0
11388.8 0 0 0 0 0 90 0
11370.4 0 0 0 0 0 104 0
11364.1 0 0 0 0 0 89 0
11424.2 0 0 0 0 0 66 0
11505.4 0 0 0 0 0 56 0
11279.7 1 0 0 0 0 39 0
10810 0 0 0 11057.8 0 0 10795.8
10199.1 0 0.05 0 11057.8 0.05 1 11057.8
9665.95 0 0.1 0 11057.8 0.1 1 11057.8
9099.05 0 0.15 0 11057.8 0.15 1 10665.8
8509.45 0 0.2 0 11057.8 0.2 1 11057.8
7908.3 0 0.25 0 11057.8 0.25 1 11057.8
7346.2 0 0.3 0 11057.8 0.3 1 10590.8
6753.95 0 0.35 0 11057.8 0.35 1 11057.8
6172.3 0 0.4 0 11057.8 0.4 2 10949.8
5609.65 0 0.45 0 11057.8 0.45 1 10208.8
5175.95 0 0.45 0 11057.8 0.45 0 11049.8
4599.15 0 0.5 0 11057.8 0.5 1 10903.8
4044.6 0 0.55 0 11057.8 0.55 1 10658.8
3490.75 0 0.6 0 11057.8 0.6 1 10179.8
2896.2 0 0.65 0 11057.8 0.65 1 11047.8
2364.05 0 0.65 0 11057.8 0.65 0 10154.8
1825.05 0 0.7 0 11057.8 0.7 1 10192.8
1299.35 0 0.75 0 11057.8 0.75 1 9531.78
717.7 0 0.8 0 11057.8 0.8 1 11010.8
351.75 0 0.85 0 11057.8 0.85 1 10890.8
361.35 0 0.9 0 11057.8 0.9 1 10603.8
435.95 0 0.9 0 11057.8 0.9 1 9565.78
475.35 0 0.9 0 11057.8 0.9 1 10269.8
473.35 0 0.85 0 11057.8 0.85 0 10705.8
478.55 0 0.85 0 11057.8 0.85 1 10953.8
520.95 0 0.85 0 11057.8 0.85 1 10209.8
517.6 0 0.85 0 11057.8 0.85 1 10657.8
535.4 0 0.85 0 11057.8 0.85 1 10701.8
530.3 0 0.85 0 11057.8 0.85 1 11051.8
548.85 0 0.85 0 11057.8 0.85 1 9837.78
568.6 0 0.9 0 11057.8 0.9 1 10654.8
609.65 0 0.9 0 11057.8 0.9 1 10082.8
638.7 0 0.9 0 11057.8 0.9 1 10077.8
594.8 0 0.9 0 11057.8 0.9 1 11057.8
594.8 0 0.9 0 11057.8 0.9 1 11047.8
568.45 0 0.95 0 11057.8 0.95 1 10681.8
587.75 0 0.95 0 11057.8 0.95 1 9806.78
625.05 0 0.95 0 11057.8 0.95 2 8785.78
750.55 0 0.95 0 11057.8 0.95 2 8500.78
750.35 0 0.95 0 11057.8 0.95 1 10894.8
748.85 0 0.95 0 11057.8 0.95 2 10633.8
679.4 0 0.95 0 11057.8 0.95 1 10954.8
681.4 0 0.95 0 11057.8 0.95 1 10229.8
756.7 0 1 0 11057.8 1 2 9199.78
755.85 0 1 0 11057.8 1 1 10970.8
805.2 0 1 0 11057.8 1 1 9222.78
785.55 0 1 0 11057.8 1 1 11050.8
774.45 0 1 0 11057.8 1 1 10923.8
776.15 0 0.95 0 11057.8 0.95 0 11017.8
750.05 0 0.95 0 11057.8 0.95 1 10359.8
784.5 0 0.95 0 11057.8 0.95 1 9965.78
792.3 0 0.9 0 11057.8 0.9 1 9926.78
853.2 0 0.9 0 11057.8 0.9 1 8859.78
900.75 0 0.9 0 11057.8 0.9 1 10106.8
938.5 0 0.9 0 11057.8 0.9 1 10292.8
1012.2 0 0.9 0 11057.8 0.9 1 9207.78
1041.85 0 0.85 0 11057.8 0.85 0 9213.78
966.3 0 0.85 0 11057.8 0.85 1 10296.8
862.45 0 0.85 0 11057.8 0.85 1 10577.8
858.25 0 0.85 0 11057.8 0.85 1 10978.8
839.85 0 0.85 0 11057.8 0.85 1 11001.8
909.65 0 0.85 0 11057.8 0.85 1 9558.78
985.65 0 0.85 0 11057.8 0.85 1 8709.78
905.45 0 0.8 0 11057.8 0.8 0 10803.8
942.1 0 0.8 0 11057.8 0.8 2 10237.8
857.6 0 0.8 0 11057.8 0.8 1 10912.8
900.3 0 0.8 0 11057.8 0.8 1 10196.8
949.35 0 0.8 0 11057.8 0.8 1 9942.78
953.15 0 0.85 0 11057.8 0.85 1 10941.8
941.05 0 0.85 0 11057.8 0.85 1 10601.8
895.3 0 0.85 0 11057.8 0.85 1 10880.8
881.05 0 0.9 0 11057.8 0.9 1 10211.8
790.25 0 0.9 0 11057.8 0.9 1 10675.8
762.55 0 0.85 0 11057.8 0.85 0 10660.8
766.55 0 0.85 0 11057.8 0.85 1 10212.8
683.5 0 0.85 0 11057.8 0.85 1 10868.8
622.55 0 0.9 0 11057.8 0.9 2 10432.8
617.6 0 0.9 0 11057.8 0.9 1 10395.8
629.5 0 0.85 0 11057.8 0.85 0 10339.8
652.15 0 0.85 0 11057.8 0.85 2 10525.8
649.65 0 0.85 0 11057.8 0.85 1 11051.8
615.5 0 0.85 0 11057.8 0.85 2 10241.8
510.9 0 0.8 0 11057.8 0.8 1 10801.8
533.45 0 0.85 0 11057.8 0.85 1 10352.8
496.75 0 0.85 0 11057.8 0.85 1 10971.8
504.35 0 0.85 0 11057.8 0.85 1 10760.8
598.9 0 0.8 0 11057.8 0.8 1 8305.78
592.5 0 0.8 0 11057.8 0.8 1 10070.8
687.8 0 0.8 0 11057.8 0.8 4 9035.78
732.1 0 0.8 0 11057.8 0.8 1 9715.78
765.35 0 0.8 0 11057.8 0.8 1 10215.8
763.8 0 0.75 0 11057.8 0.75 0 10242.8
763.15 0 0.75 0 11057.8 0.75 1 10688.8
785.1 0 0.8 0 11057.8 0.8 1 10221.8
801.05 0 0.75 0 11057.8 0.75 0 9893.78
792.35 0 0.75 0 11057.8 0.75 1 11042.8
778.9 0 0.75 0 11057.8 0.75 1 10701.8
747.45 0 0.75 0 11057.8 0.75 1 11024.8
720.45 0 0.8 0 11057.8 0.8 1 10879.8
723.85 0 0.8 0 11057.8 0.8 1 10457.8
739.65 0 0.8 0 11057.8 0.8 2 10735.8
714.7 0 0.8 0 11057.8 0.8 1 10740.8
725 0 0.8 0 11057.8 0.8 0 10595.8
726.45 0 0.8 0 11057.8 0.8 1 10323.8
728.75 0 0.8 0 11057.8 0.8 1 10925.8
731.25 0 0.8 0 11057.8 0.8 1 10710.8
701.4 0 0.8 0 11057.8 0.8 0 8902.78
708.3 0 0.8 0 11057.8 0.8 2 9932.78
612.15 0 0.8 0 11057.8 0.8 2 10958.8
549.9 0 0.8 0 11057.8 0.8 1 10960.8
510.4 0 0.75 0 11057.8 0.75 0 11005.8
483.05 0 0.8 0 11057.8 0.8 2 10789.8
482.5 0 0.8 0 11057.8 0.8 1 10699.8
450.05 0 0.8 0 11057.8 0.8 1 10870.8
406.85 0 0.85 0 11057.8 0.85 1 10757.8
435 0 0.85 0 11057.8 0.85 3 10479.8
424 0 0.85 0 11057.8 0.85 1 10921.8
422.4 0 0.85 0 11057.8 0.85 1 11056.8
490.3 0 0.85 0 11057.8 0.85 1 9521.78
460.3 0 0.85 0 11057.8 0.85 1 11057.8
460.6 0 0.85 0 11057.8 0.85 1 10729.8
505.15 0 0.85 0 11057.8 0.85 2 9849.78
516.65 0 0.85 0 11057.8 0.85 1 10365.8
479.95 0 0.85 0 11057.8 0.85 1 11057.8
475.1 0 0.85 0 11057.8 0.85 1 11022.8
473.8 0 0.85 0 11057.8 0.85 1 10736.8
383.3 0 0.9 0 11057.8 0.9 1 10712.8
366.1 0 0.85 0 11057.8 0.85 0 10276.8
376 0 0.85 0 11057.8 0.85 1 10760.8
386.45 0 0.8 0 11057.8 0.8 1 10751.8
383.85 0 0.85 0 11057.8 0.85 1 11057.8
388.85 0 0.85 0 11057.8 0.85 1 10689.8
410.8 0 0.85 0 11057.8 0.85 2 10260.8
531.8 0 0.85 0 11057.8 0.85 2 8450.78
574 0 0.8 0 11057.8 0.8 0 9913.78
579.35 0 0.8 0 11057.8 0.8 1 10372.8
658.35 0 0.8 0 11057.8 0.8 1 9341.78
728 0 0.8 0 11057.8 0.8 3 9663.78
694.35 0 0.75 0 11057.8 0.75 0 10194.8
704.25 0 0.75 0 11057.8 0.75 1 10859.8
702.55 0 0.75 0 11057.8 0.75 1 10763.8
669.45 0 0.75 0 11057.8 0.75 3 10511.8
638.5 0 0.8 0 11057.8 0.8 1 10984.8
672.45 0 0.8 0 11057.8 0.8 2 10378.8
726.5 0 0.8 0 11057.8 0.8 1 9941.78
752.65 0 0.8 0 11057.8 0.8 1 10213.8
829 0 0.8 0 11057.8 0.8 1 9185.78
924.6 0 0.85 0 11057.8 0.85 2 8364.78
946.35 0 0.8 0 11057.8 0.8 1 10325.8
953.1 0 0.85 0 11057.8 0.85 1 10616.8
960.35 0 0.85 0 11057.8 0.85 1 10912.8
994.95 0 0.85 0 11057.8 0.85 1 9997.78
957.05 0 0.85 0 11057.8 0.85 1 11018.8
851.5 0 0.8 0 11057.8 0.8 0 10561.8
798.4 0 0.85 0 11057.8 0.85 1 10975.8
844.75 0 0.85 0 11057.8 0.85 3 9445.78
903.45 0 0.85 0 11057.8 0.85 1 8167.78
971.25 0 0.8 0 11057.8 0.8 3 8307.78
933.25 0 0.85 0 11057.8 0.85 1 10954.8
983 0 0.85 0 11057.8 0.85 1 9864.78
999.1 0 0.85 0 11057.8 0.85 2 10441.8
1015.55 0 0.85 0 11057.8 0.85 2 10182.8
1011.9 0 0.85 0 11057.8 0.85 1 11057.8
978.35 0 0.85 0 11057.8 0.85 1 11049.8
1036.3 0 0.85 0 11057.8 0.85 1 8782.78
1008.85 0 0.85 0 11057.8 0.85 1 10762.8
955.8 0 0.85 0 11057.8 0.85 1 10246.8
864.75 0 0.85 0 11057.8 0.85 1 10185.8
841.3 0 0.9 0 11057.8 0.9 1 10794.8
819.25 0 0.9 0 11057.8 0.9 1 11057.8
869.7 0 0.9 0 11057.8 0.9 2 9903.78
826.4 0 0.9 0 11057.8 0.9 1 10863.8
846.55 0 0.85 0 11057.8 0.85 0 10615.8
857.45 0 0.9 0 11057.8 0.9 2 10343.8
992.65 0 0.9 0 11057.8 0.9 3 8271.78
982.25 0 0.9 0 11057.8 0.9 1 9653.78
863.05 0 0.9 0 11057.8 0.9 1 10551.8
771.95 0 0.95 0 11057.8 0.95 1 10129.8
846.2 0 0.95 0 11057.8 0.95 2 9469.78
814.85 0 0.9 0 11057.8 0.9 1 10491.8
786.3 0 0.95 0 11057.8 0.95 3 11012.8
798.45 0 0.95 0 11057.8 0.95 1 9939.78
811 0 0.9 0 11057.8 0.9 0 10806.8
850.3 0 0.9 0 11057.8 0.9 1 10263.8
874.8 0 0.9 0 11057.8 0.9 4 8292.78
981.5 0 0.9 0 11057.8 0.9 1 8628.78
969.1 0 0.85 0 11057.8 0.85 2 10494.8
929.35 0 0.85 0 11057.8 0.85 3 10980.8
934.6 0 0.85 0 11057.8 0.85 2 10689.8
960.8 0 0.85 0 11057.8 0.85 1 10533.8
903.1 0 0.85 0 11057.8 0.85 1 11057.8
920.15 0 0.85 0 11057.8 0.85 1 10522.8
923.2 0 0.85 0 11057.8 0.85 0 10554.8
909.4 0 0.85 0 11057.8 0.85 1 10619.8
775.6 0 0.85 0 11057.8 0.85 1 10947.8
707.25 0 0.85 0 11057.8 0.85 1 11020.8
682.05 0 0.8 0 11057.8 0.8 0 11055.8
648.3 0 0.8 0 11057.8 0.8 1 10804.8
670 0 0.8 0 11057.8 0.8 2 9035.78
667.1 0 0.85 0 11057.8 0.85 1 10549.8
707.5 0 0.8 0 11057.8 0.8 2 10204.8
775.2 0 0.8 0 11057.8 0.8 2 8585.78
859.05 0 0.8 0 11057.8 0.8 2 9129.78
839.15 0 0.8 0 11057.8 0.8 2 10661.8
734.9 0 0.8 0 11057.8 0.8 2 10377.8
626.55 0 0.85 0 11057.8 0.85 2 10795.8
664.65 0 0.85 0 11057.8 0.85 0 9732.78
677.4 0 0.85 0 11057.8 0.85 3 10725.8
668.45 0 0.85 0 11057.8 0.85 1 10868.8
686.55 0 0.85 0 11057.8 0.85 1 10171.8
707.25 0 0.85 0 11057.8 0.85 1 10643.8
683.25 0 0.8 0 11057.8 0.8 0 11002.8
695.35 0 0.85 0 11057.8 0.85 1 10312.8
752.55 0 0.8 0 11057.8 0.8 1 9475.78
813.1 0 0.8 0 11057.8 0.8 4 9736.78
896.9 0 0.8 0 11057.8 0.8 2 9344.78
949.9 0 0.8 0 11057.8 0.8 0 9995.78
956.3 0 0.8 0 11057.8 0.8 3 10676.8
856.75 0 0.8 0 11057.8 0.8 1 11026.8
906.5 0 0.8 0 11057.8 0.8 1 9554.78
1009.85 0 0.8 0 11057.8 0.8 3 8137.78
943.9 0 0.75 0 11057.8 0.75 3 9904.78
916 0 0.8 0 11057.8 0.8 2 9687.78
996.45 0 0.85 0 11057.8 0.85 4 9052.78
1031.75 0 0.85 0 11057.8 0.85 2 9671.78
1114.15 0 0.75 0 11057.8 0.75 2 9147.78
1054.05 0 0.8 0 11057.8 0.8 2 10934.8
1037.45 0 0.8 0 11057.8 0.8 1 11057.8
1033.35 0 0.8 0 11057.8 0.8 1 10950.8
992.5 0 0.8 0 11057.8 0.8 1 10988.8
1021.55 0 0.8 0 11057.8 0.8 2 10062.8
1032.15 0 0.85 0 11057.8 0.85 2 10790.8
1012.3 0 0.8 0 11057.8 0.8 0 10709.8
1014.2 0 0.85 0 11057.8 0.85 1 9437.78
1024.9 0 0.85 0 11057.8 0.85 3 9522.78
1092 0 0.85 0 11057.8 0.85 4 8002.78
1211.3 0 0.85 0 11057.8 0.85 0 7609.78
1235.6 0 0.9 0 11057.8 0.9 7 10190.8
1284 0 0.9 0 11057.8 0.9 1 10058.8
1273.05 0 0.9 0 11057.8 0.9 2 9773.78
1189.35 0 0.9 0 11057.8 0.9 1 9811.78
1152.65 0 0.95 0 11057.8 0.95 2 10638.8
1185.05 0 0.95 0 11057.8 0.95 4 9039.78
1112.5 0 0.9 0 11057.8 0.9 2 10503.8
1093.15 0 0.9 0 11057.8 0.9 1 10058.8
1065.55 0 0.9 0 11057.8 0.9 2 9699.78
1139.45 0 0.9 0 11057.8 0.9 7 9456.78
1139.85 0 0.9 0 11057.8 0.9 1 11049.8
1160.7 0 0.9 0 11057.8 0.9 2 10533.8
1158.55 0 0.9 0 11057.8 0.9 2 11031.8
1108.8 0 0.9 0 11057.8 0.9 1 11057.8
1206.45 0 0.9 0 11057.8 0.9 8 8837.78
1276.15 0 0.95 0 11057.8 0.95 2 9315.78
1296.8 0 0.95 0 11057.8 0.95 2 9024.78
1275.6 0 0.9 0 11057.8 0.9 1 9946.78
1190.1 0 0.9 0 11057.8 0.9 3 9712.78
1017.85 0 0.95 0 11057.8 0.95 1 11054.8
976.4 0 0.9 0 11057.8 0.9 1 11019.8
946.45 0 0.9 0 11057.8 0.9 1 10657.8
951.15 0 0.85 0 11057.8 0.85 1 9679.78
911.5 0 0.85 0 11057.8 0.85 3 10604.8
931.1 0 0.8 0 11057.8 0.8 1 10246.8
833.85 0 0.8 0 11057.8 0.8 1 10984.8
865.4 0 0.8 0 11057.8 0.8 3 9872.78
900.6 0 0.8 0 11057.8 0.8 3 9354.78
855.05 0 0.85 0 11057.8 0.85 1 10610.8
817.25 0 0.85 0 11057.8 0.85 2 10212.8
865.6 0 0.85 0 11057.8 0.85 1 10082.8
877.1 0 0.85 0 11057.8 0.85 3 10303.8
882.2 0 0.85 0 11057.8 0.85 1 10929.8
884.8 0 0.85 0 11057.8 0.85 1 11005.8
788.85 0 0.85 0 11057.8 0.85 1 10756.8
724.25 0 0.9 0 11057.8 0.9 3 10607.8
683.3 0 0.9 0 11057.8 0.9 3 9843.78
670.3 0 0.9 0 11057.8 0.9 0 10206.8
608.9 0 0.9 0 11057.8 0.9 2 10940.8
625.75 0 0.9 0 11057.8 0.9 1 10717.8
626.8 0 0.9 0 11057.8 0.9 1 10998.8
607.65 0 0.9 0 11057.8 0.9 1 11040.8
597.3 0 0.95 0 11057.8 0.95 3 9886.78
617.3 0 1 0 11057.8 1 4 10204.8
632 0 1.05 0 11057.8 1.05 3 9952.78
651.9 0 1.05 0 11057.8 1.05 2 10586.8
642.3 0 1 0 11057.8 1 2 10064.8
603.15 0 1 0 11057.8 1 4 10137.8
590.6 0 0.95 0 11057.8 0.95 0 10861.8
682.4 0 0.95 0 11057.8 0.95 5 8376.78
684.05 0 0.9 0 11057.8 0.9 0 10049.8
730.3 0 0.95 0 11057.8 0.95 5 9378.78
930.85 0 0.95 0 11057.8 0.95 9 6918.78
968.5 0 0.9 0 11057.8 0.9 2 10252.8
981.55 0 0.9 0 11057.8 0.9 1 10495.8
1068.8 0 0.85 0 11057.8 0.85 4 8862.78
1016.05 0 0.85 0 11057.8 0.85 1 10898.8
984.55 0 0.9 0 11057.8 0.9 3 10836.8
1008 0 0.9 0 11057.8 0.9 5 10471.8
1057.2 0 0.9 0 11057.8 0.9 2 9733.78
1099.65 0 0.9 0 11057.8 0.9 2 10149.8
1150 0 0.9 0 11057.8 0.9 2 10033.8
1142.05 0 0.9 0 11057.8 0.9 4 10045.8
1122.6 0 0.85 0 11057.8 0.85 5 10593.8
1096.5 0 0.8 0 11057.8 0.8 1 10474.8
1115.45 0 0.8 0 11057.8 0.8 2 10207.8
1155.6 0 0.85 0 11057.8 0.85 5 9261.78
1266.6 0 0.85 0 11057.8 0.85 7 7917.78
1334.05 0 0.9 0 11057.8 0.9 4 9512.78
1216.5 0 0.85 0 11057.8 0.85 0 10727.8
1229.65 0 0.9 0 11057.8 0.9 1 9786.78
1145.7 0 0.85 0 11057.8 0.85 1 11057.8
995.25 0 0.85 0 11057.8 0.85 1 9927.78
974.65 0 0.9 0 11057.8 0.9 1 10664.8
956.05 0 0.9 0 11057.8 0.9 1 10867.8
854.8 0 0.9 0 11057.8 0.9 1 10887.8
927.25 0 0.9 0 11057.8 0.9 5 9449.78
954.5 0 0.9 0 11057.8 0.9 2 10291.8
955 0 0.85 0 11057.8 0.85 0 10461.8
895.5 0 0.85 0 11057.8 0.85 2 10923.8
872.75 0 0.85 0 11057.8 0.85 2 10604.8
887.4 0 0.8 0 11057.8 0.8 1 9740.78
864.1 0 0.8 0 11057.8 0.8 1 10511.8
926.7 0 0.8 0 11057.8 0.8 5 9341.78
897.55 0 0.85 0 11057.8 0.85 2 11057.8
913.55 0 0.85 0 11057.8 0.85 2 9887.78
955.3 0 0.85 0 11057.8 0.85 8 8426.78
1007.45 0 0.9 0 11057.8 0.9 7 6874.78
1088 0 0.85 0 11057.8 0.85 12 7901.78
1107.75 0 0.9 0 11057.8 0.9 4 10332.8
1050.25 0 0.9 0 11057.8 0.9 2 10936.8
1061.7 0 0.85 0 11057.8 0.85 0 10828.8
1058.2 0 0.85 0 11057.8 0.85 1 9997.78
1055.6 0 0.85 0 11057.8 0.85 2 10716.8
1053.95 0 0.8 0 11057.8 0.8 0 10900.8
1071.65 0 0.8 0 11057.8 0.8 2 10533.8
1007.45 0 0.8 0 11057.8 0.8 1 10733.8
1025.85 0 0.8 0 11057.8 0.8 3 9923.78
1125.3 0 0.85 0 11057.8 0.85 8 8472.78
1205.05 0 0.85 0 11057.8 0.85 8 9328.78
1209.55 0 0.85 0 11057.8 0.85 3 10514.8
1214.55 0 0.9 0 11057.8 0.9 3 9640.78
1219 0 0.85 0 11057.8 0.85 1 10422.8
1155.45 0 0.85 0 11057.8 0.85 1 10612.8
1228.6 0 0.85 0 11057.8 0.85 2 9594.78
1215.5 0 0.85 0 11057.8 0.85 2 10149.8
1114.55 0 0.9 0 11057.8 0.9 3 10445.8
965.6 0 0.85 0 11057.8 0.85 3 9853.78
955.25 0 0.9 0 11057.8 0.9 3 8108.78
1091.2 0 0.9 0 11057.8 0.9 6 7613.78
1234.3 0 0.95 0 11057.8 0.95 8 8074.78
1361.9 0 0.95 0 11057.8 0.95 3 8276.78
1310.1 0 0.95 0 11057.8 0.95 1 11033.8
1401.9 0 0.95 0 11057.8 0.95 5 8880.78
1474.45 0 1 0 11057.8 1 4 9449.78
1467.55 0 1 0 11057.8 1 5 10671.8
1482.9 0 1 0 11057.8 1 2 10426.8
1438.7 0 1 0 11057.8 1 2 10807.8
1361.55 0 1 0 11057.8 1 6 10015.8
1334.3 0 0.95 0 11057.8 0.95 4 9873.78
1444.15 0 1 0 11057.8 1 7 8317.78
1468.6 0 1 0 11057.8 1 5 9151.78
1539.9 0 1 0 11057.8 1 2 8996.78
1543.65 0 1 0 11057.8 1 1 10537.8
1470.5 0 1 0 11057.8 1 2 11057.8
1463.5 0 1 0 11057.8 1 2 10289.8
1496.05 0 0.95 0 11057.8 0.95 1 9794.78
1484.1 0 0.95 0 11057.8 0.95 1 10092.8
1436.7 0 0.9 0 11057.8 0.9 2 9056.78
1274.8 0 0.9 0 11057.8 0.9 3 10851.8
1165.8 0 0.85 0 11057.8 0.85 2 10254.8
1111.5 0 0.95 0 11057.8 0.95 4 9362.78
1238.6 0 0.9 0 11057.8 0.9 4 8491.78
1140.75 0 0.9 0 11057.8 0.9 1 10837.8
1060.35 0 0.9 0 11057.8 0.9 1 11057.8
1083.85 0 0.9 0 11057.8 0.9 1 10201.8
1165.95 0 0.9 0 11057.8 0.9 2 8784.78
1291.5 0 0.9 0 11057.8 0.9 6 8296.78
1293.85 0 0.9 0 11057.8 0.9 4 9968.78
1308.9 0 0.95 0 11057.8 0.95 10 9572.78
1199.05 0 0.9 0 11057.8 0.9 1 10514.8
1182.25 0 0.9 0 11057.8 0.9 5 9487.78
1152.85 0 0.95 0 11057.8 0.95 1 9584.78
1126.85 0 0.95 0 11057.8 0.95 1 11057.8
1141 0 0.95 0 11057.8 0.95 1 10774.8
1262.05 0 0.9 0 11057.8 0.9 10 7868.78
1259.95 0 0.9 0 11057.8 0.9 2 9836.78
1217.55 0 0.9 0 11057.8 0.9 1 10940.8
1259.6 0 0.95 0 11057.8 0.95 6 8215.78
1292 0 0.95 0 11057.8 0.95 2 10203.8
1256.35 0 0.95 0 11057.8 0.95 2 10967.8
1176.2 0 0.9 0 11057.8 0.9 1 10965.8
1060.95 0 0.95 0 11057.8 0.95 1 10796.8
1049.95 0 0.95 0 11057.8 0.95 1 11057.8
1121.45 0 0.95 0 11057.8 0.95 4 9627.78
1102.9 0 0.95 0 11057.8 0.95 2 10572.8
1112.45 0 0.95 0 11057.8 0.95 7 8593.78
1058.45 0 0.9 0 11057.8 0.9 2 9376.78
1016.75 0 0.95 0 11057.8 0.95 3 10802.8
980.15 0 0.95 0 11057.8 0.95 5 10304.8
1029.2 0 0.95 0 11057.8 0.95 5 9533.78
955.5 0 0.95 0 11057.8 0.95 2 10961.8
958.45 0 0.95 0 11057.8 0.95 6 9525.78
1023.6 0 0.9 0 11057.8 0.9 9 9754.78
1014.35 0 0.9 0 11057.8 0.9 2 10959.8
880.7 0 0.95 0 11057.8 0.95 1 10541.8
821.3 0 0.95 0 11057.8 0.95 4 11024.8
846.35 0 0.95 0 11057.8 0.95 1 10439.8
706.55 0 0.9 0 11057.8 0.9 2 11011.8
705.7 0 0.9 0 11057.8 0.9 9 10220.8
755.75 0 0.9 0 11057.8 0.9 2 9966.78
804.15 0 0.95 0 11057.8 0.95 9 9997.78
806.1 0 0.9 0 11057.8 0.9 1 10757.8
820.4 0 0.9 0 11057.8 0.9 2 10771.8
777.7 0 0.9 0 11057.8 0.9 2 10481.8
772.55 0 0.9 0 11057.8 0.9 1 10675.8
672.6 0 0.9 0 11057.8 0.9 3 10592.8
592.1 0 0.9 0 11057.8 0.9 0 10986.8
660.85 0 0.85 0 11057.8 0.85 8 9427.78
656 0 0.85 0 11057.8 0.85 2 10401.8
579.8 0 0.85 0 11057.8 0.85 1 11057.8
786.65 0 0.85 0 11057.8 0.85 8 6824.78
721.7 0 0.85 0 11057.8 0.85 1 10824.8
706.85 0 0.9 0 11057.8 0.9 6 10051.8
832 0 0.9 0 11057.8 0.9 8 8456.78
925.9 0 0.9 0 11057.8 0.9 2 8663.78
971.35 0 0.85 0 11057.8 0.85 1 10115.8
951.4 0 0.85 0 11057.8 0.85 1 10838.8
991.3 0 0.9 0 11057.8 0.9 5 10213.8
968.85 0 0.9 0 11057.8 0.9 1 10669.8
1103.25 0 0.95 0 11057.8 0.95 18 7278.78
1240.55 0 0.85 0 11057.8 0.85 13 7251.78
1281.4 0 0.9 0 11057.8 0.9 4 9940.78
1317.3 0 0.9 0 11057.8 0.9 5 10053.8
1371.3 0 0.85 0 11057.8 0.85 8 9401.78
1372.55 0 0.85 0 11057.8 0.85 1 10650.8
1442.5 0 0.85 0 11057.8 0.85 8 9193.78
1527.8 0 0.9 0 11057.8 0.9 8 9280.78
1456.8 0 0.9 0 11057.8 0.9 3 10847.8
1533.1 0 0.9 0 11057.8 0.9 8 8875.78
1620 0 0.85 0 11057.8 0.85 5 9319.78
1431.85 0 0.85 0 11057.8 0.85 2 10587.8
1420.85 0 0.85 0 11057.8 0.85 1 11044.8
1435.7 0 0.85 0 11057.8 0.85 4 9754.78
1395.5 0 0.85 0 11057.8 0.85 8 9260.78
1291.95 0 0.85 0 11057.8 0.85 1 10734.8
1245.95 0 0.9 0 11057.8 0.9 1 11035.8
1272.75 0 0.9 0 11057.8 0.9 2 10302.8
1231.95 0 0.9 0 11057.8 0.9 1 11029.8
1260 0 0.9 0 11057.8 0.9 4 10108.8
1104.3 0 0.85 0 11057.8 0.85 5 10392.8
997.95 0 0.9 0 11057.8 0.9 3 9378.78
967 0 0.9 0 11057.8 0.9 7 10559.8
916.8 0 0.9 0 11057.8 0.9 1 11057.8
834 0 0.95 0 11057.8 0.95 1 11057.8
888.05 0 0.95 0 11057.8 0.95 4 9569.78
835.35 0 0.95 0 11057.8 0.95 5 10247.8
747.55 0 0.9 0 11057.8 0.9 0 11036.8
740.2 0 0.9 0 11057.8 0.9 1 10994.8
639.35 0 0.9 0 11057.8 0.9 2 10892.8
607.95 0 0.95 0 11057.8 0.95 10 9947.78
595.45 0 0.95 0 11057.8 0.95 3 10837.8
640.75 0 0.95 0 11057.8 0.95 9 10138.8
603.85 0 0.95 0 11057.8 0.95 1 10492.8
519.3 0 0.9 0 11057.8 0.9 0 10951.8
503.15 0 0.9 0 11057.8 0.9 1 11057.8
559.15 0 0.9 0 11057.8 0.9 4 9915.78
567.6 0 0.9 0 11057.8 0.9 11 10133.8
648.75 0 0.9 0 11057.8 0.9 7 9406.78
751.95 0 0.9 0 11057.8 0.9 20 8044.78
771 0 0.9 0 11057.8 0.9 6 10011.8
725.15 0 0.85 0 11057.8 0.85 1 10295.8
751.2 0 0.85 0 11057.8 0.85 6 10038.8
751.2 0 0.85 0 11057.8 0.85 1 11057.8
754.5 0 0.85 0 11057.8 0.85 1 10991.8
684.45 0 0.85 0 11057.8 0.85 1 10970.8
707.55 0 0.8 0 11057.8 0.8 10 9785.78
731.8 0 0.85 0 11057.8 0.85 4 10551.8
824.15 0 0.85 0 11057.8 0.85 7 9147.78
872.55 0 0.85 0 11057.8 0.85 5 9924.78
892.05 0 0.85 0 11057.8 0.85 7 9557.78
902 0 0.85 0 11057.8 0.85 2 10638.8
868.9 0 0.8 0 11057.8 0.8 2 10800.8
914.15 0 0.8 0 11057.8 0.8 7 9587.78
954.55 0 0.85 0 11057.8 0.85 11 10143.8
963.6 0 0.85 0 11057.8 0.85 1 10876.8
965.75 0 0.85 0 11057.8 0.85 7 9872.78
950.1 0 0.85 0 11057.8 0.85 9 10446.8
1086.3 0 0.85 0 11057.8 0.85 22 6682.78
963.55 0 0.8 0 11057.8 0.8 3 10499.8
983.5 0 0.8 0 11057.8 0.8 3 9612.78
1087.05 0 0.85 0 11057.8 0.85 13 8224.78
1037.1 0 0.85 0 11057.8 0.85 1 11037.8
1037.35 0 0.85 0 11057.8 0.85 1 11052.8
1167.55 0 0.85 0 11057.8 0.85 10 8387.78
1288.05 0 0.85 0 11057.8 0.85 11 8560.78
1333.85 0 0.9 0 11057.8 0.9 5 8869.78
1413.85 0 0.9 0 11057.8 0.9 11 8951.78
1370.05 0 0.85 0 11057.8 0.85 10 10023.8
1340.65 0 0.85 0 11057.8 0.85 2 10512.8
1310.2 0 0.85 0 11057.8 0.85 8 10166.8
1289.3 0 0.85 0 11057.8 0.85 1 11056.8
1293 0 0.9 0 11057.8 0.9 4 10726.8
1219.5 0 0.9 0 11057.8 0.9 1 11057.8
1182.6 0 0.9 0 11057.8 0.9 1 10881.8
1342.25 0 0.95 0 11057.8 0.95 6 7683.78
1354.15 0 0.95 0 11057.8 0.95 7 9634.78
1330.75 0 0.9 0 11057.8 0.9 0 10914.8
1112 0 0.9 0 11057.8 0.9 1 11057.8
1128.7 0 0.95 0 11057.8 0.95 2 10165.8
1083 0 0.95 0 11057.8 0.95 3 10526.8
943.7 0 0.9 0 11057.8 0.9 0 11010.8
956.05 0 0.9 0 11057.8 0.9 2 10790.8
1011.85 0 0.9 0 11057.8 0.9 7 9936.78
880.25 0 0.9 0 11057.8 0.9 2 11019.8
862.2 0 0.9 0 11057.8 0.9 16 8921.78
814.7 0 0.9 0 11057.8 0.9 4 9819.78
868 0 0.85 0 11057.8 0.85 13 7885.78
864.45 0 0.9 0 11057.8 0.9 13 10094.8
949.65 0 0.95 0 11057.8 0.95 14 8808.78
1020.75 0 0.95 0 11057.8 0.95 9 8744.78
1206.9 0 0.9 0 11057.8 0.9 17 7333.78
1300.4 0 0.9 0 11057.8 0.9 10 8856.78
1418.65 0 0.9 0 11057.8 0.9 22 8692.78
1545.05 0 0.9 0 11057.8 0.9 16 8353.78
1473.1 0 0.85 0 11057.8 0.85 8 9122.78
1511.75 0 0.8 0 11057.8 0.8 6 8861.78
1529.7 0 0.85 0 11057.8 0.85 2 10555.8
1540.65 0 0.85 0 11057.8 0.85 1 10838.8
1527.2 0 0.8 0 11057.8 0.8 1 10434.8
1561.3 0 0.8 0 11057.8 0.8 2 9844.78
1581.85 0 0.85 0 11057.8 0.85 6 10599.8
1654.85 0 0.85 0 11057.8 0.85 6 9330.78
1749.5 0 0.8 0 11057.8 0.8 7 8043.78
1819.1 0 0.8 0 11057.8 0.8 6 9627.78
1744.6 0 0.8 0 11057.8 0.8 3 10411.8
1727.05 0 0.75 0 11057.8 0.75 1 10170.8
1645.45 0 0.8 0 11057.8 0.8 6 9517.78
1741.4 0 0.8 0 11057.8 0.8 8 8175.78
1725.85 0 0.7 0 11057.8 0.7 5 9119.78
1690.15 0 0.7 0 11057.8 0.7 9 9458.78
1505.35 0 0.75 0 11057.8 0.75 1 11029.8
1507.35 0 0.75 0 11057.8 0.75 10 8816.78
1468.35 0 0.75 0 11057.8 0.75 11 9472.78
1486.05 0 0.7 0 11057.8 0.7 6 7999.78
1465.05 0 0.7 0 11057.8 0.7 9 9542.78
1409.05 0 0.75 0 11057.8 0.75 13 9981.78
1487.55 0 0.75 0 11057.8 0.75 9 8985.78
1576.3 0 0.75 0 11057.8 0.75 21 9063.78
1676 0 0.8 0 11057.8 0.8 17 8440.78
1657.2 0 0.8 0 11057.8 0.8 4 10220.8
1674.55 0 0.8 0 11057.8 0.8 5 10252.8
1588.2 0 0.8 0 11057.8 0.8 2 11057.8
1471.3 0 0.85 0 11057.8 0.85 5 10381.8
1399.8 0 0.85 0 11057.8 0.85 1 11057.8
1451.3 0 0.85 0 11057.8 0.85 13 9381.78
1437.25 0 0.9 0 11057.8 0.9 4 10451.8
1381.15 0 0.9 0 11057.8 0.9 2 10639.8
1327.55 0 0.9 0 11057.8 0.9 12 9247.78
1285.8 0 0.95 0 11057.8 0.95 4 9954.78
1216.3 0 0.95 0 11057.8 0.95 3 10848.8
1253.25 0 0.9 0 11057.8 0.9 3 10290.8
1263.3 0 0.9 0 11057.8 0.9 13 8615.78
1253.95 0 0.9 0 11057.8 0.9 21 9659.78
1122.4 0 0.95 0 11057.8 0.95 3 10630.8
1061.95 0 0.9 0 11057.8 0.9 2 10751.8
1060.35 0 0.9 0 11057.8 0.9 6 10013.8
962.25 0 0.9 0 11057.8 0.9 5 10947.8
914.85 0 0.85 0 11057.8 0.85 9 10011.8
801.75 0 0.85 0 11057.8 0.85 6 10702.8
772.15 0 0.85 0 11057.8 0.85 9 10812.8
861.5 0 0.85 0 11057.8 0.85 11 8465.78
937.05 0 0.85 0 11057.8 0.85 9 9546.78
1012.85 0 0.85 0 11057.8 0.85 23 8865.78
1148.85 0 0.85 0 11057.8 0.85 16 8337.78
1082.45 0 0.85 0 11057.8 0.85 8 10709.8
1120.95 0 0.85 0 11057.8 0.85 12 9681.78
1160.7 0 0.85 0 11057.8 0.85 9 9844.78
1141 0 0.85 0 11057.8 0.85 5 9641.78
1186.55 0 0.85 0 11057.8 0.85 15 9043.78
1215.5 0 0.85 0 11057.8 0.85 6 10269.8
1209.75 0 0.85 0 11057.8 0.85 11 10405.8
1334.4 0 0.85 0 11057.8 0.85 34 6122.78
1452.75 0 0.85 0 11057.8 0.85 25 7292.78
1511.3 0 0.85 0 11057.8 0.85 19 9459.78
1593.3 0 0.9 0 11057.8 0.9 18 9111.78
1611.8 0 0.85 0 11057.8 0.85 15 9643.78
1688 0 0.9 0 11057.8 0.9 5 9423.78
1687.3 0 0.9 0 11057.8 0.9 5 10025.8
1711.65 0 0.9 0 11057.8 0.9 4 10215.8
1763.6 0 0.9 0 11057.8 0.9 11 9773.78
1634 0 0.9 0 11057.8 0.9 2 11057.8
1573.3 0 0.9 0 11057.8 0.9 1 10760.8
1488.9 0 0.9 0 11057.8 0.9 6 10553.8
1404.95 0 0.9 0 11057.8 0.9 10 10016.8
1399.5 0 0.9 0 11057.8 0.9 2 10818.8
1330.7 0 0.9 0 11057.8 0.9 1 11057.8
1324.8 0 0.9 0 11057.8 0.9 6 9962.78
1346.9 0 0.9 0 11057.8 0.9 17 9199.78
1295.75 0 0.9 0 11057.8 0.9 14 10066.8
1483.05 0 0.9 0 11057.8 0.9 31 6523.78
1469.15 0 0.95 0 11057.8 0.95 1 10683.8
1234.5 0 0.9 0 11057.8 0.9 1 10815.8
1124.45 0 0.9 0 11057.8 0.9 16 9493.78
1075.2 0 0.9 0 11057.8 0.9 11 10444.8
1065.25 0 0.9 0 11057.8 0.9 12 9310.78
1006.8 0 0.9 0 11057.8 0.9 0 10812.8
959.6 0 0.85 0 11057.8 0.85 2 10367.8
933.55 0 0.9 0 11057.8 0.9 3 10546.8
942.1 0 0.9 0 11057.8 0.9 19 10044.8
999.7 0 0.9 0 11057.8 0.9 15 8621.78
1133.45 0 0.9 0 11057.8 0.9 11 8382.78
1185.35 0 0.85 0 11057.8 0.85 14 9722.78
1288.1 0 0.85 0 11057.8 0.85 13 8498.78
1274.4 0 0.85 0 11057.8 0.85 4 10290.8
1353.45 0 0.85 0 11057.8 0.85 12 9237.78
1490.55 0 0.85 0 11057.8 0.85 20 8315.78
1486.7 0 0.8 0 11057.8 0.8 9 10039.8
1550.35 0 0.8 0 11057.8 0.8 24 7926.78
1631.1 0 0.8 0 11057.8 0.8 13 8451.78
1670.9 0 0.8 0 11057.8 0.8 27 5727.78
1761.95 0 0.75 0 11057.8 0.75 8 8862.78
1770 0 0.8 0 11057.8 0.8 2 10654.8
1771.6 0 0.8 0 11057.8 0.8 10 9461.78
1758.4 0 0.75 0 11057.8 0.75 4 10708.8
1677.05 0 0.75 0 11057.8 0.75 1 10937.8
1738.1 0 0.8 0 11057.8 0.8 8 9591.78
1842.5 0 0.8 0 11057.8 0.8 30 8279.78
1931.5 0 0.8 0 11057.8 0.8 19 8766.78
1958.6 0 0.75 0 11057.8 0.75 4 9502.78
1931.4 0 0.75 0 11057.8 0.75 9 9165.78
1873.65 0 0.75 0 11057.8 0.75 9 9537.78
1831 0 0.8 0 11057.8 0.8 13 10575.8
1857.45 0 0.75 0 11057.8 0.75 11 7969.78
1898.1 0 0.75 0 11057.8 0.75 8 9477.78
1811.3 0 0.75 0 11057.8 0.75 2 10973.8
1762.8 0 0.75 0 11057.8 0.75 13 9285.78
1770.05 0 0.75 0 11057.8 0.75 3 9894.78
1678.5 0 0.8 0 11057.8 0.8 15 9757.78
1666.25 0 0.75 0 11057.8 0.75 4 8696.78
1473.65 0 0.75 0 11057.8 0.75 17 9579.78
1404 0 0.75 0 11057.8 0.75 8 10255.8
1410.8 0 0.75 0 11057.8 0.75 5 10518.8
1468.8 0 0.75 0 11057.8 0.75 15 8301.78
1517.55 0 0.8 0 11057.8 0.8 8 9733.78
1614.1 0 0.75 0 11057.8 0.75 4 9006.78
1690.9 0 0.75 0 11057.8 0.75 23 8055.78
1827.25 0 0.8 0 11057.8 0.8 31 5552.78
2006.6 0 0.75 0 11057.8 0.75 29 5179.78
2168.25 0 0.8 0 11057.8 0.8 14 6269.78
2220.7 0 0.8 0 11057.8 0.8 21 8116.78
2247.9 0 0.8 0 11057.8 0.8 13 8993.78
2307.45 0 0.8 0 11057.8 0.8 19 9384.78
2165.2 0 0.8 0 11057.8 0.8 0 10814.8
2254.45 0 0.8 0 11057.8 0.8 24 7692.78
2381 0 0.8 0 11057.8 0.8 26 8442.78
2425.95 0 0.8 0 11057.8 0.8 15 8386.78
2378.85 0 0.8 0 11057.8 0.8 2 10836.8
2347.2 0 0.75 0 11057.8 0.75 7 10390.8
2229.15 0 0.8 0 11057.8 0.8 2 11057.8
2161.85 0 0.8 0 11057.8 0.8 1 10925.8
2166.8 0 0.85 0 11057.8 0.85 4 10156.8
2165.35 0 0.85 0 11057.8 0.85 3 10547.8
2143.7 0 0.9 0 11057.8 0.9 12 8734.78
2242.15 0 0.85 0 11057.8 0.85 18 7764.78
2321.35 0 0.9 0 11057.8 0.9 6 7422.78
2393.1 0 0.9 0 11057.8 0.9 14 6620.78
2313.55 0 0.85 0 11057.8 0.85 25 7143.78
2078.85 0 0.9 0 11057.8 0.9 1 9873.78
1943.85 0 0.9 0 11057.8 0.9 20 8969.78
1984.45 0 0.9 0 11057.8 0.9 12 7304.78
2132.5 0 0.9 0 11057.8 0.9 46 6032.78
2153.55 0 0.9 0 11057.8 0.9 14 8963.78
2258 0 0.95 0 11057.8 0.95 14 8725.78
2203.25 0 0.95 0 11057.8 0.95 4 8787.78
2373.6 0 0.95 0 11057.8 0.95 18 5035.78
2592.65 0 0.95 0 11057.8 0.95 41 4005.78
2871.95 0 0.95 0 11057.8 0.95 25 5250.78
3056.35 0 0.95 0 11057.8 0.95 14 6702.78
3451.45 0 0.95 0 11057.8 0.95 50 3155.78
3747.75 0 0.95 0 11057.8 0.95 34 4999.78
3938.85 0 0.9 0 11057.8 0.9 8 6334.78
4250.4 0 0.9 0 11057.8 0.9 44 4316.78
4281.5 0 0.85 0 11057.8 0.85 18 8112.78
4246.45 0 0.85 0 11057.8 0.85 10 8465.78
4101.65 0 0.85 0 11057.8 0.85 6 10318.8
3940.95 0 0.85 0 11057.8 0.85 19 9834.78
3832.8 0 0.85 0 11057.8 0.85 7 9306.78
3905 0 0.8 0 11057.8 0.8 28 8429.78
3807.85 0 0.8 0 11057.8 0.8 2 10912.8
3701.35 0 0.8 0 11057.8 0.8 14 9434.78
3736.1 0 0.85 0 11057.8 0.85 34 5337.78
3918.4 0 0.8 0 11057.8 0.8 24 5317.78
3951.7 0 0.8 0 11057.8 0.8 14 8059.78
4052.05 0 0.85 0 11057.8 0.85 30 6780.78
4012.75 0 0.8 0 11057.8 0.8 40 5821.78
3874.45 0 0.8 0 11057.8 0.8 28 6771.78
3645.7 0 0.85 0 11057.8 0.85 10 9825.78
3569.8 0 0.85 0 11057.8 0.85 19 8220.78
3365.8 0 0.85 0 11057.8 0.85 23 7235.78
3206.8 0 0.85 0 11057.8 0.85 15 8179.78
3134.05 0 0.9 0 11057.8 0.9 21 7789.78
3113.15 0 0.85 0 11057.8 0.85 23 4734.78
3176.15 0 0.85 0 11057.8 0.85 26 6852.78
3193.65 0 0.9 0 11057.8 0.9 21 8115.78
3211.75 0 0.85 0 11057.8 0.85 8 9956.78
3313.05 0 0.85 0 11057.8 0.85 35 7808.78
3445 0 0.85 0 11057.8 0.85 43 6667.78
3491.2 0 0.9 0 11057.8 0.9 32 7505.78
3604.65 0 0.9 0 11057.8 0.9 21 8643.78
3573.05 0 0.85 0 11057.8 0.85 14 10066.8
3404.6 0 0.8 0 11057.8 0.8 15 8706.78
3198.45 0 0.85 0 11057.8 0.85 8 9440.78
3246.45 0 0.85 0 11057.8 0.85 13 7099.78
3199.2 0 0.8 0 11057.8 0.8 36 7725.78
3356.9 0 0.85 0 11057.8 0.85 42 2667.78
3427.45 0 0.85 0 11057.8 0.85 26 5360.78
3632.95 0 0.85 0 11057.8 0.85 32 5715.78
3676.8 0 0.85 0 11057.8 0.85 10 7343.78
3678.8 0 0.85 0 11057.8 0.85 36 7195.78
3784.3 0 0.8 0 11057.8 0.8 25 6069.78
3902.3 0 0.8 0 11057.8 0.8 21 5429.78
3857.5 0 0.85 0 11057.8 0.85 39 5630.78
3939 0 0.8 0 11057.8 0.8 28 5222.78
4169.85 0 0.8 0 11057.8 0.8 71 3498.78
4424.5 0 0.85 0 11057.8 0.85 40 4863.78
4416 0 0.85 0 11057.8 0.85 15 7978.78
4417.4 0 0.85 0 11057.8 0.85 25 6639.78
4439.85 0 0.8 0 11057.8 0.8 29 7056.78
4441.25 0 0.85 0 11057.8 0.85 21 8615.78
4723.85 0 0.85 0 11057.8 0.85 63 4414.78
4852.4 0 0.85 0 11057.8 0.85 28 6135.78
4872.3 0 0.8 0 11057.8 0.8 25 9042.78
4781.5 0 0.8 0 11057.8 0.8 3 8915.78
4808.2 0 0.8 0 11057.8 0.8 21 7191.78
4667.65 0 0.85 0 11057.8 0.85 31 5478.78
4674.3 0 0.8 0 11057.8 0.8 33 5227.78
4684.6 0 0.8 0 11057.8 0.8 37 5509.78
4743.95 0 0.8 0 11057.8 0.8 24 6156.78
4950.05 0 0.8 0 11057.8 0.8 57 3073.78
5093.75 0 0.85 0 11057.8 0.85 40 3195.78
5236.3 0 0.85 0 11057.8 0.85 49 2578.78
5459.15 0 0.85 0 11057.8 0.85 72 1173.78
5567.15 0 0.9 0 11057.8 0.9 45 3062.78
5554.55 0 0.9 0 11057.8 0.9 54 3750.78
5608.05 0 0.85 0 11057.8 0.85 27 3793.78
5709.25 0 0.85 0 11057.8 0.85 32 5954.78
5615.5 0 0.85 0 11057.8 0.85 9 8514.78
5540.65 0 0.9 0 11057.8 0.9 28 8553.78
5604.85 0 0.85 0 11057.8 0.85 27 7331.78
5705.8 0 0.9 0 11057.8 0.9 55 2395.78
5825.75 0 0.9 0 11057.8 0.9 45 3736.78
6163.2 0 0.95 0 11057.8 0.95 45 2293.78
6512.85 0 0.95 0 11057.8 0.95 67 1922.78
6662.6 0 0.95 0 11057.8 0.95 40 4196.78
6979.05 0 0.85 0 11057.8 0.85 79 -850.217
7132.75 0 0.85 0 11057.8 0.85 40 2153.78
7450.75 0 0.8 0 11057.8 0.8 83 -850.217
7731.05 0 0.75 0 11057.8 0.75 83 550.783
7777.1 0 0.7 0 11057.8 0.7 32 2152.78
7700.4 0 0.65 0 11057.8 0.65 32 4729.78
7518.2 0 0.6 0 11057.8 0.6 32 6222.78
7187.2 0 0.55 0 11057.8 0.55 18 7793.78
6877.35 0 0.5 0 11057.8 0.5 9 9259.78
6583.95 0 0.45 0 11057.8 0.45 6 9618.78
6220.75 0 0.5 0 11057.8 0.5 0 11057.8
5967.45 0 0.5 0 11057.8 0.5 1 11020.8
5864.6 0 0.5 0 11057.8 0.5 7 10571.8
5773.9 0 0.5 0 11057.8 0.5 2 10367.8
5680.65 0 0.5 0 11057.8 0.5 13 9196.78
5414 0 0.5 0 11057.8 0.5 20 7728.78
5394.1 0 0.5 0 11057.8 0.5 51 4134.78
5342.05 0 0.45 0 11057.8 0.45 52 3334.78
5062.9 0 0.45 0 11057.8 0.45 37 7505.78
4889.05 0 0.4 0 11057.8 0.4 21 7673.78
4531.65 0 0.45 0 11057.8 0.45 41 6297.78
4335.05 0 0.5 0 11057.8 0.5 45 6085.78
3849.9 0 0.55 0 11057.8 0.55 17 8852.78
3620.25 0 0.6 0 11057.8 0.6 41 5143.78
3535.6 0 0.6 0 11057.8 0.6 28 3845.78
3595.1 0 0.7 0 11057.8 0.7 64 3539.78
3734.05 0 0.75 0 11057.8 0.75 48 3443.78
3970.1 0 0.75 0 11057.8 0.75 45 3072.78
4225.6 0 0.8 0 11057.8 0.8 28 4149.78
4685.6 0 0.85 0 11057.8 0.85 79 418.783
5173.8 0 0.85 0 11057.8 0.85 70 1293.78
5691.85 0 0.8 0 11057.8 0.8 71 659.783
6145 0 0.8 0 11057.8 0.8 64 1508.78
6599.95 0 0.8 0 11057.8 0.8 54 1268.78
6795.4 0 0.8 0 11057.8 0.8 34 5287.78
6864.75 0 0.75 0 11057.8 0.75 15 6341.78
6716.4 0 0.75 0 11057.8 0.75 29 7101.78
6476.25 0 0.8 0 11057.8 0.8 16 8137.78
6487.35 0 0.75 0 11057.8 0.75 27 7283.78
6649.75 0 0.8 0 11057.8 0.8 44 4425.78
6753.6 0 0.8 0 11057.8 0.8 39 4220.78
6965.75 0 0.8 0 11057.8 0.8 81 1842.78
7170.25 0 0.8 0 11057.8 0.8 29 4762.78
7284.6 0 0.8 0 11057.8 0.8 44 2856.78
7480.2 0 0.85 0 11057.8 0.85 78 -66.2167
7460.3 0 0.8 0 11057.8 0.8 64 3937.78
7656.65 0 0.75 0 11057.8 0.75 95 -483.217
7754 0 0.75 0 11057.8 0.75 76 1125.78
7807.95 0 0.8 0 11057.8 0.8 78 3070.78
7702.05 0 0.8 0 11057.8 0.8 57 2536.78
7617.7 0 0.8 0 11057.8 0.8 50 2980.78
7504.9 0 0.85 0 11057.8 0.85 44 2915.78
7314.25 0 0.8 0 11057.8 0.8 38 5321.78
7106.45 0 0.8 0 11057.8 0.8 36 5424.78
7061.15 0 0.8 0 11057.8 0.8 48 6193.78
7119.4 0 0.85 0 11057.8 0.85 47 5176.78
7207.2 0 0.85 0 11057.8 0.85 51 5345.78
7443.3 0 0.8 0 11057.8 0.8 52 3415.78
7724.5 0 0.85 0 11057.8 0.85 92 1659.78
7810.9 0 0.8 0 11057.8 0.8 45 2697.78
7838.85 0 0.8 0 11057.8 0.8 43 3661.78
7654.05 0 0.8 0 11057.8 0.8 22 5538.78
7686.9 0 0.8 0 11057.8 0.8 56 4105.78
7530.75 0 0.8 0 11057.8 0.8 37 5979.78
7216.5 0 0.75 0 11057.8 0.75 18 6218.78
7055.75 0 0.8 0 11057.8 0.8 27 7152.78
6791 0 0.8 0 11057.8 0.8 39 4811.78
6636.45 0 0.85 0 11057.8 0.85 55 4216.78
6622.55 0 0.8 0 11057.8 0.8 54 3348.78
6580 0 0.75 0 11057.8 0.75 63 3387.78
6532.2 0 0.75 0 11057.8 0.75 39 3936.78
6676.8 0 0.75 0 11057.8 0.75 76 23.7833
6868.3 0 0.75 0 11057.8 0.75 57 1491.78
6971.2 0 0.75 0 11057.8 0.75 52 3366.78
7327.4 0 0.7 0 11057.8 0.7 71 -930.217
7552.45 0 0.7 0 11057.8 0.7 66 675.783
7709.45 0 0.7 0 11057.8 0.7 67 2205.78
7573.65 0 0.7 0 11057.8 0.7 22 6131.78
7103.75 0 0.7 0 11057.8 0.7 1 11057.8
6685.8 0 0.75 0 11057.8 0.75 1 11056.8
6716.6 0 0.75 0 11057.8 0.75 60 3045.78
7040.5 0 0.7 0 11057.8 0.7 70 -939.217
7219.95 0 0.7 0 11057.8 0.7 69 516.783
7517.75 0 0.7 0 11057.8 0.7 48 23.7833
7867.65 0 0.7 0 11057.8 0.7 54 -779.217
8259.3 0 0.65 0 11057.8 0.65 85 -680.217
8429.25 0 0.7 0 11057.8 0.7 61 1412.78
8590.05 0 0.75 0 11057.8 0.75 86 1000.78
8815.9 0 0.7 0 11057.8 0.7 86 -1168.22
8999.05 0 0.75 0 11057.8 0.75 45 -275.217
9237.75 0 0.75 0 11057.8 0.75 67 -837.217
9254.2 0 0.75 0 11057.8 0.75 57 -305.217
9360.75 0 0.8 0 11057.8 0.8 89 -639.217
9557.85 0 0.75 0 11057.8 0.75 77 -575.217
9511.05 0 0.8 0 11057.8 0.8 82 5.78333
9579.5 0 0.75 0 11057.8 0.75 69 -693.217
9686.3 0 0.75 0 11057.8 0.75 67 69.7833
9992.55 0 0.8 0 11057.8 0.8 81 6.78333
10568.8 0 0.75 0 11057.8 0.75 47 -466.217
11151.8 0 0.75 0 11057.8 0.75 99 -603.217
11337.3 0 0.75 0 11057.8 0.75 81 -665.217
11147.9 0 0.75 0 11057.8 0.75 54 2848.78
11163.9 0 0.8 0 11057.8 0.8 78 196.783
11168.9 0 0.8 0 11057.8 0.8 72 -75.2167
11108.4 0 0.8 0 11057.8 0.8 59 429.783
10990 0 0.8 0 11057.8 0.8 71 1687.78
11087.7 0 0.8 0 11057.8 0.8 87 -541.217
11143.6 0 0.75 0 11057.8 0.75 74 -117.217
11072.9 0 0.75 0 11057.8 0.75 66 245.783
11078 0 0.75 0 11057.8 0.75 110 -378.217
11037.2 0 0.75 0 11057.8 0.75 62 -21.2167
11021.3 0 0.7 0 11057.8 0.7 71 13.7833
10804.7 0 0.7 0 11057.8 0.7 54 3692.78
10779.4 0 0.75 0 11057.8 0.75 83 -68.2167
10744 0 0.75 0 11057.8 0.75 100 713.783
10788.3 0 0.75 0 11057.8 0.75 59 -1580.22
10813.4 0 0.75 0 11057.8 0.75 79 -431.217
10817.8 0 0.7 0 11057.8 0.7 57 -81.2167
10664.5 0 0.75 0 11057.8 0.75 55 2599.78
10492.5 0 0.7 0 11057.8 0.7 31 2836.78
10421.2 0 0.7 0 11057.8 0.7 68 758.783
10546.2 0 0.75 0 11057.8 0.75 32 349.783
10487.4 0 0.7 0 11057.8 0.7 53 1373.78
10422.2 0 0.7 0 11057.8 0.7 57 1226.78
10377.7 0 0.75 0 11057.8 0.75 86 1320.78
10550.3 0 0.75 0 11057.8 0.75 40 -1764.22
10576.8 0 0.75 0 11057.8 0.75 88 -1071.22
10659.6 0 0.7 0 11057.8 0.7 117 -1774.22
10703.3 0 0.75 0 11057.8 0.75 58 -627.217
10696.8 0 0.7 0 11057.8 0.7 56 -248.217
10678.7 0 0.7 0 11057.8 0.7 56 340.783
10751.5 0 0.75 0 11057.8 0.75 111 -1442.22
11000.2 0 0.7 0 11057.8 0.7 57 -1282.22
10877.5 0 0.7 0 11057.8 0.7 76 2385.78
10906.1 0 0.7 0 11057.8 0.7 75 142.783
10839.7 0 0.7 0 11057.8 0.7 72 -252.217
10732 0 0.7 0 11057.8 0.7 43 1722.78
10554 0 0.75 0 11057.8 0.75 31 3477.78
10702.1 0 0.75 0 11057.8 0.75 71 -362.217
10914.2 0 0.75 0 11057.8 0.75 72 -1405.22
11010.1 0 0.75 0 11057.8 0.75 45 -1159.22
11082.2 0 0.7 0 11057.8 0.7 69 -1092.22
11157.8 0 0.7 0 11057.8 0.7 77 -137.217
11179.1 0 0.65 0 11057.8 0.65 75 800.783
11154.3 0 0.65 0 11057.8 0.65 63 1816.78
10946.7 0 0.65 0 11057.8 0.65 56 2387.78
10862 0 0.65 0 11057.8 0.65 64 623.783
10802.9 0 0.65 0 11057.8 0.65 40 -592.217
10372.6 0 0.65 0 11057.8 0.65 19 7976.78
9807.65 0 0.7 0 11057.8 0.7 6 11051.8
9272.1 0 0.7 0 11057.8 0.7 1 11051.8
8908.45 0 0.7 0 11057.8 0.7 38 5830.78
8909.9 0 0.7 0 11057.8 0.7 52 -1311.22
9071.1 0 0.7 0 11057.8 0.7 63 -838.217
9103.85 0 0.7 0 11057.8 0.7 70 -512.217
9157.6 0 0.7 0 11057.8 0.7 74 -1327.22
9273.95 0 0.65 0 11057.8 0.65 54 -604.217
9481.85 0 0.65 0 11057.8 0.65 93 -680.217
9513.45 0 0.65 0 11057.8 0.65 76 -994.217
9478.15 0 0.7 0 11057.8 0.7 57 -699.217
9488.9 0 0.65 0 11057.8 0.65 66 -1374.22
9452 0 0.7 0 11057.8 0.7 87 -354.217
9506.5 0 0.65 0 11057.8 0.65 103 -1227.22
9615.4 0 0.7 0 11057.8 0.7 77 -1377.22
9760.6 0 0.65 0 11057.8 0.65 74 -1087.22
9896.65 0 0.65 0 11057.8 0.65 70 -333.217
9991.75 0 0.6 0 11057.8 0.6 89 -1278.22
9999 0 0.65 0 11057.8 0.65 92 -737.217
10470.4 0 0.6 0 11057.8 0.6 119 -1450.22
11061.6 0 0.55 0 11057.8 0.55 51 -774.217
11632.5 0 0.55 0 11057.8 0.55 91 -366.217
11891.5 0 0.5 0 11057.8 0.5 53 652.783
11860 0 0.55 0 11057.8 0.55 64 -681.217
11890.9 0 0.5 0 11057.8 0.5 86 -1457.22
11934.2 0 0.5 0 11057.8 0.5 43 -1379.22
11942.4 0 0.5 0 11057.8 0.5 73 -1490.22
11893.1 0 0.55 0 11057.8 0.55 74 381.783
11909.9 0 0.5 0 11057.8 0.5 68 -1015.22
11919.8 0 0.5 0 11057.8 0.5 72 -1193.22
11932.8 0 0.45 0 11057.8 0.45 62 -959.217
11950.1 0 0.5 0 11057.8 0.5 78 -1720.22
11953.5 0 0.5 0 11057.8 0.5 106 -423.217
11901.5 0 0.5 0 11057.8 0.5 41 -186.217
11893.9 0 0.5 0 11057.8 0.5 77 -1224.22
11834.9 0 0.6 0 11057.8 0.6 84 92.7833
11828.4 0 0.65 0 11057.8 0.65 89 -203.217
11773 0 0.7 0 11057.8 0.7 53 -170.217
11744.1 0 0.75 0 11057.8 0.75 55 -160.217
11680 0 0.8 0 11057.8 0.8 109 -167.217
11647.2 0 0.85 0 11057.8 0.85 53 -119.217
11666.8 0 0.9 0 11057.8 0.9 59 -757.217
11704.1 0 1 0 11057.8 1 60 -94.2167
11632.4 0 1 0 11057.8 1 61 752.783
11597 0 1.1 0 11057.8 1.1 70 -748.217
11556.6 0 1.1 0 11057.8 1.1 66 -572.217
11566.1 0 1.15 0 11057.8 1.15 57 -1681.22
11628.2 0 1.15 0 11057.8 1.15 78 -859.217
11605.2 0 1.2 0 11057.8 1.2 46 -555.217
11448 0 1.25 0 11057.8 1.25 56 1950.78
11419.1 0 1.3 0 11057.8 1.3 47 -382.217
11372.4 0 1.35 0 11057.8 1.35 65 -785.217
11386.5 0 1.35 0 11057.8 1.35 65 -705.217
11393.5 0 1.45 0 11057.8 1.45 40 -327.217
11196.5 0 1.5 0 11057.8 1.5 66 2717.78
11224.4 0 1.45 0 11057.8 1.45 57 -465.217
11164.2 0 1.4 0 11057.8 1.4 64 998.783
11222 0 1.35 0 11057.8 1.35 52 -1324.22
11188.1 0 1.3 0 11057.8 1.3 68 515.783
11231.7 0 1.35 0 11057.8 1.35 86 -1038.22
11268.6 0 1.35 0 11057.8 1.35 88 -857.217
11247.4 0 1.3 0 11057.8 1.3 58 -333.217
11269.5 0 1.2 0 11057.8 1.2 53 -536.217
11275.9 0 1.2 0 11057.8 1.2 89 624.783
11224 0 1.15 0 11057.8 1.15 27 288.783
11190.2 0 1.15 0 11057.8 1.15 69 103.783
11114.8 0 1.2 0 11057.8 1.2 85 -171.217
11148.1 0 1.15 0 11057.8 1.15 40 -1527.22
11131.2 0 1.2 0 11057.8 1.2 86 -217.217
11209.2 0 1.15 0 11057.8 1.15 65 390.783
11237.9 0 1.2 0 11057.8 1.2 84 -955.217
11225 0 1.15 0 11057.8 1.15 49 -528.217
11223 0 1.2 0 11057.8 1.2 94 -663.217
11233.8 0 1.15 0 11057.8 1.15 70 -543.217
11432.5 0 1.1 0 11057.8 1.1 44 -1256.22
11418.5 0 1.15 0 11057.8 1.15 76 -187.217
11527.8 0 1.15 0 11057.8 1.15 53 -1186.22
11482.8 0 1.15 0 11057.8 1.15 61 -423.217
11435.1 0 1.2 0 11057.8 1.2 66 1467.78
11239.4 0 1.15 0 11057.8 1.15 68 2877.78
11208.5 0 1.15 0 11057.8 1.15 58 -241.217
11225.3 0 1.15 0 11057.8 1.15 58 -668.217
11265.2 0 1.15 0 11057.8 1.15 47 -1334.22
11368.8 0 1.15 0 11057.8 1.15 86 -1446.22
11403.6 0 1.15 0 11057.8 1.15 40 -409.217
11492.9 0 1.1 0 11057.8 1.1 38 -1681.22
11557.4 0 1.05 0 11057.8 1.05 33 -1461.22
11517.9 0 1.1 0 11057.8 1.1 28 -737.217
11550.5 0 1 0 11057.8 1 31 -869.217
11633.3 0 1 0 11057.8 1 37 -1265.22
11662.1 0 0.95 0 11057.8 0.95 31 -1531.22
11706.1 0 0.95 0 11057.8 0.95 29 -1409.22
11752.2 0 0.85 0 11057.8 0.85 32 -1584.22
11799.8 0 0.85 0 11057.8 0.85 32 -1495.22
11798.7 0 0.85 0 11057.8 0.85 21 -1234.22
11856.5 0 0.75 0 11057.8 0.75 23 -1344.22
11853.4 0 0.75 0 11057.8 0.75 21 -1123.22
11896.4 0 0.8 0 11057.8 0.8 27 -1282.22
12056.8 0 0.7 0 11057.8 0.7 28 -1740.22
12259.9 0 0.7 0 11057.8 0.7 38 -1185.22
12306 0 0.7 0 11057.8 0.7 28 -1162.22
12317 0 0.65 0 11057.8 0.65 12 -890.217
12312.5 0 0.7 0 11057.8 0.7 35 -1242.22
12325.1 0 0.7 0 11057.8 0.7 24 -1700.22
12376.6 0 0.65 0 11057.8 0.65 31 -1439.22
12349.9 0 0.7 0 11057.8 0.7 27 -1145.22
12332.8 0 0.7 0 11057.8 0.7 33 -1120.22
12361.2 0 0.65 0 11057.8 0.65 23 -1306.22
12365.8 0 0.7 0 11057.8 0.7 51 -959.217
12200.5 0 0.7 0 11057.8 0.7 21 2039.78
12172.2 0 0.65 0 11057.8 0.65 33 -965.217
12174.7 0 0.65 0 11057.8 0.65 31 -1459.22
12186.4 0 0.7 0 11057.8 0.7 26 -1817.22
12183.9 0 0.7 0 11057.8 0.7 34 -1445.22
12183.5 0 0.65 0 11057.8 0.65 23 -1227.22
12181.1 0 0.7 0 11057.8 0.7 41 -1297.22
12063.5 0 0.7 0 11057.8 0.7 22 1228.78
12061.8 0 0.65 0 11057.8 0.65 27 -1247.22
12048 0 0.7 0 11057.8 0.7 34 -1463.22
12054.4 0 0.7 0 11057.8 0.7 28 -1313.22
12069.8 0 0.7 0 11057.8 0.7 10 -1471.22
12087.2 0 0.7 0 11057.8 0.7 23 -1238.22
12101.9 0 0.7 0 11057.8 0.7 33 -1536.22
12086.3 0 0.7 0 11057.8 0.7 22 -1388.22
12097.9 0 0.7 0 11057.8 0.7 25 -1670.22
12123 0 0.7 0 11057.8 0.7 53 -1649.22
12128.4 0 0.7 0 11057.8 0.7 28 -1227.22
12115.6 0 0.7 0 11057.8 0.7 24 -1050.22
12146.8 0 0.7 0 11057.8 0.7 34 -1582.22
12320.5 0 0.7 0 11057.8 0.7 17 -1434.22
12356.2 0 0.75 0 11057.8 0.75 38 -1681.22
12375 0 0.7 0 11057.8 0.7 35 -1834.22
12352.9 0 0.7 0 11057.8 0.7 36 -1374.22
12349.5 0 0.7 0 11057.8 0.7 25 -1379.22
12366.3 0 0.7 0 11057.8 0.7 24 -1562.22
12374 0 0.7 0 11057.8 0.7 33 -1452.22
12495.1 0 0.7 0 11057.8 0.7 25 -1193.22
12464.1 0 0.7 0 11057.8 0.7 21 -626.217
12479.8 0 0.7 0 11057.8 0.7 39 -1776.22
12458.9 0 0.7 0 11057.8 0.7 21 -895.217
12467 0 0.7 0 11057.8 0.7 33 -1634.22
12480.5 0 0.7 0 11057.8 0.7 26 -1509.22
12492.5 0 0.7 0 11057.8 0.7 28 -1776.22
12491.7 0 0.7 0 11057.8 0.7 33 -1371.22
12347.2 0 0.7 0 11057.8 0.7 16 1219.78
12280.4 0 0.75 1 11057.8 0.75 20 0
12306 0 0.7 0 11057.8 0.7 41 0
12320.5 0 0.7 0 11057.8 0.7 27 0
12321.2 0 0.65 0 11057.8 0.65 39 0
12331.9 0 0.6 0 11057.8 0.6 66 0
12328.1 0 0.55 0 11057.8 0.55 49 0
12303 0 0.55 0 11057.8 0.55 58 0
12315.7 0 0.5 0 11057.8 0.5 61 0
12325.5 0 0.45 0 11057.8 0.45 34 0
12340.2 0 0.45 0 11057.8 0.45 86 0
12351.6 0 0.4 0 11057.8 0.4 46 0
12364.8 0 0.35 0 11057.8 0.35 52 0
12399 0 0.35 0 11057.8 0.35 73 0
12397.9 0 0.3 0 11057.8 0.3 74 0
12453.8 0 0.25 0 11057.8 0.25 76 0
12433.8 0 0.2 0 11057.8 0.2 69 0
12427.6 0 0.2 0 11057.8 0.2 62 0
12380.2 0 0.15 0 11057.8 0.15 33 0
12399.2 0 0.1 0 11057.8 0.1 61 0
12510.5 0 0.1 0 11057.8 0.1 86 0
12566 0 0 0 11057.8 0 87 0
12569.7 0 0 0 11057.8 0 77 0
12581 0 0 0 11057.8 0 71 0
12560.7 0 0 0 11057.8 0 62 0
12553.2 0 0 0 11057.8 0 84 0
12577.2 0 0 0 11057.8 0 89 0
12565 0 0 0 11057.8 0 60 0
12566 0 0 0 11057.8 0 68 0
12572 0 0 0 11057.8 0 75 0
12578.9 0 0 0 11057.8 0 86 0
12559.4 0 0 0 11057.8 0 49 0
12584.9 0 0 0 11057.8 0 95 0
12592.7 0 0 0 11057.8 0 59 0
12574.5 0 0 0 11057.8 0 55 0
12550.5 0 0 0 11057.8 0 76 0
12587 0 0 0 11057.8 0 74 0
12571.2 0 0 0 11057.8 0 61 0
12620.6 0 0 0 11057.8 0 68 0
12598.2 0 0 0 11057.8 0 74 0
12603.8 0 0 0 11057.8 0 77 0
12606.9 0 0 0 11057.8 0 70 0
12607.6 0 0 0 11057.8 0 49 0
12595.6 0 0 0 11057.8 0 58 0
12608.4 0 0 0 11057.8 0 61 0
12613.2 0 0 0 11057.8 0 59 0
12412.7 0 0 0 11057.8 0 70 0
12434.1 0 0 0 11057.8 0 62 0
12416.1 0 0 0 11057.8 0 69 0
12268.6 0 0 0 11057.8 0 46 0
12257.7 0 0 0 11057.8 0 80 0
12030.4 0 0 0 11057.8 0 37 0
12014.5 0 0 0 11057.8 0 39 0
12009.9 0 0 0 11057.8 0 60 0
12035.8 0 0 0 11057.8 0 70 0
12042.8 0 0 0 11057.8 0 54 0
12017 0 0 0 11057.8 0 54 0
12037.6 0 0 0 11057.8 0 70 0
12014.5 0 0 0 11057.8 0 58 0
12007.2 0 0 0 11057.8 0 59 0
12017.6 0 0 0 11057.8 0 109 0
12028 0 0 0 11057.8 0 56 0
12004.6 0 0 0 11057.8 0 59 0
12027 0 0 0 11057.8 0 62 0
12043.3 0 0 0 11057.8 0 61 0
12020.4 0 0 0 11057.8 0 55 0
12206.7 0 0 0 11057.8 0 53 0
12015 0 0 0 11057.8 0 45 0
12044.4 0 0 0 11057.8 0 73 0
12181.9 0 0 0 11057.8 0 48 0
12165 0 0 0 11057.8 0 52 0
12391.3 0 0 0 11057.8 0 55 0
12356.7 0 0 0 11057.8 0 67 0
12367.9 0 0 0 11057.8 0 57 0
12368 0 0 0 11057.8 0 74 0
12355.7 0 0 0 11057.8 0 45 0
12368.3 0 0 0 11057.8 0 69 0
12374 0 0 0 11057.8 0 77 0
12395.3 0 0 0 11057.8 0 55 0
12380.4 0 0 0 11057.8 0 70 0
12395.4 0 0 0 11057.8 0 92 0
12399.4 0 0 0 11057.8 0 55 0
12424 0 0 0 11057.8 0 73 0
12424 0 0 0 11057.8 0 96 0
12432.2 0 0 0 11057.8 0 76 0
12444.7 0 0 0 11057.8 0 55 0
12434.1 0 0 0 11057.8 0 60 0
12617.3 0 0 0 11057.8 0 68 0
12583.4 0 0 0 11057.8 0 97 0
12608.6 0 0 0 11057.8 0 93 0
12632.9 0 0 0 11057.8 0 63 0
12627.5 0 0 0 11057.8 0 27 0
12638.1 0 0 0 11057.8 0 56 0
12482.8 0 0 0 11057.8 0 46 0
12482.6 0 0 0 11057.8 0 58 0
12501 0 0 0 11057.8 0 74 0
12488.4 0 0 0 11057.8 0 57 0
12500 0 0 0 11057.8 0 79 0
12510.8 0 0 0 11057.8 0 53 0
12530.5 0 0 0 11057.8 0 79 0
12540.2 0 0 0 11057.8 0 80 0
12543.6 0 0 0 11057.8 0 76 0
12531.4 0 0 0 11057.8 0 59 0
12525.2 0 0 0 11057.8 0 78 0
12511.7 0 0 0 11057.8 0 97 0
12536.4 0 0 0 11057.8 0 53 0
12517.2 0 0 0 11057.8 0 59 0
12532.8 0 0 0 11057.8 0 53 0
12555.8 0 0 0 11057.8 0 74 0
12530.3 0 0 0 11057.8 0 57 0
12533.5 0 0 0 11057.8 0 67 0
12553.7 0 0 0 11057.8 0 41 0
12579 0 0 0 11057.8 0 70 0
12749 0 0 0 11057.8 0 55 0
12726.5 0 0 0 11057.8 0 65 0
12726.9 0 0 0 11057.8 0 62 0
12726 0 0 0 11057.8 0 67 0
12698.6 0 0 0 11057.8 0 45 0
12664.2 0 0 0 11057.8 0 44 0
12684.5 0 0 0 11057.8 0 77 0
12677.1 0 0 0 11057.8 0 92 0
12658.8 0 0 0 11057.8 0 70 0
12531.5 0 0 0 11057.8 0 59 0
12448.2 0 0 0 11057.8 0 39 0
12344.7 0 0 0 11057.8 0 47 0
12335.3 0 0 0 11057.8 0 67 0
12349.6 0 0 0 11057.8 0 53 0
12352.4 0 0 0 11057.8 0 61 0
12358 0 0 0 11057.8 0 48 0
12351.9 0 0 0 11057.8 0 50 0
12356.8 0 0 0 11057.8 0 79 0
12258.5 0 0 0 11057.8 0 35 0
12227.9 0 0 0 11057.8 0 79 0
12222.3 0 0 0 11057.8 0 47 0
12156 0 0 0 11057.8 0 83 0
12158.8 0 0 0 11057.8 0 66 0
12159.7 0 0 0 11057.8 0 56 0
12190.2 0 0 0 11057.8 0 77 0
12202.4 0 0 0 11057.8 0 49 0
12183 0 0 0 11057.8 0 58 0
12172 0 0 0 11057.8 0 56 0
12170.3 0 0 0 11057.8 0 21 0
12309.8 0 0 0 11057.8 0 59 0
12413 0 0 0 11057.8 0 45 0
12533.6 0 0 0 11057.8 0 39 0
12515.7 0 0 0 11057.8 0 32 0
12512.9 0 0 0 11057.8 0 48 0
12505.2 0 0 0 11057.8 0 61 0
12484.2 0 0 0 11057.8 0 33 0
12471.8 0 0 0 11057.8 0 52 0
12478 0 0 0 11057.8 0 61 0
12587.4 0 0 0 11057.8 0 52 0
12589.2 0 0 0 11057.8 0 56 0
12470 0 0 0 11057.8 0 58 0
12543.4 0 0 0 11057.8 0 47 0
12523.9 0 0 0 11057.8 0 28 0
12520.9 0 0 0 11057.8 0 67 0
12488.5 0 0 0 11057.8 0 53 0
12494.5 0 0 0 11057.8 0 29 0
12485.6 0 0 0 11057.8 0 70 0
12483.1 0 0 0 11057.8 0 55 0
12481.4 0 0 0 11057.8 0 53 0
12494.1 0 0 0 11057.8 0 62 0
12462.7 0 0 0 11057.8 0 61 0
12437.5 0 0 0 11057.8 0 73 0
12453.1 0 0 0 11057.8 0 56 0
12433.2 0 0 0 11057.8 0 51 0
12422.4 0 0 0 11057.8 0 48 0
12446.7 0 0 0 11057.8 0 46 0
12307.4 0 0 0 11057.8 0 35 0
12262.8 0 0 0 11057.8 0 67 0
12243.6 0 0 0 11057.8 0 44 0
12281.6 0 0 0 11057.8 0 70 0
12386.6 0 0 0 11057.8 0 40 0
12396 0 0 0 11057.8 0 60 0
12417.7 0 0 0 11057.8 0 64 0
12401.9 0 0 0 11057.8 0 62 0
12419.2 0 0 0 11057.8 0 35 0
12426 0 0 0 11057.8 0 59 0
12464.6 0 0 0 11057.8 0 61 0
12488.2 0 0 0 11057.8 0 79 0
12495.4 0 0 0 11057.8 0 85 0
12458.6 0 0 0 11057.8 0 55 0
12444 0 0 0 11057.8 0 24 0
12395.2 0 0 0 11057.8 0 62 0
12324.9 0 0 0 11057.8 0 70 0
12374.1 0 0 0 11057.8 0 47 0
12377.9 0 0 0 11057.8 0 49 0
12359.2 0 0 0 11057.8 0 74 0
12538.3 0 0 0 11057.8 0 48 0
12504.9 0 0 0 11057.8 0 46 0
12494 0 0 0 11057.8 0 69 0
12472.5 0 0 0 11057.8 0 94 0
12506.9 0 0 0 11057.8 0 53 0
12493.5 0 0 0 11057.8 0 65 0
12476.6 0 0 0 11057.8 0 60 0
12493.5 0 0 0 11057.8 0 66 0
12454.8 0 0 0 11057.8 0 33 0
12263 0 0 0 11057.8 0 45 0
12235 0 0 0 11057.8 0 58 0
12253 0 0 0 11057.8 0 50 0
12267 0 0 0 11057.8 0 58 0
12278 0 0 0 11057.8 0 69 0
12292 0 0 0 11057.8 0 70 0
12334.5 0 0 0 11057.8 0 68 0
12386.9 0 0 0 11057.8 0 48 0
12382 0 0 0 11057.8 0 48 0
12394.3 0 0 0 11057.8 0 49 0
12397.1 0 0 0 11057.8 0 61 0
12382.9 0 0 0 11057.8 0 58 0
12440.8 0 0 0 11057.8 0 57 0
12453.9 0 0 0 11057.8 0 75 0
12477 0 0 0 11057.8 0 67 0
12465.8 0 0 0 11057.8 0 68 0
12475.2 0 0 0 11057.8 0 53 0
12474.9 0 0 0 11057.8 0 64 0
12457.6 0 0 0 11057.8 0 39 0
12496.7 0 0 0 11057.8 0 50 0
12650 0 0 0 11057.8 0 66 0
12648.9 0 0 0 11057.8 0 53 0
12630.5 0 0 0 11057.8 0 52 0
12631.8 0 0 0 11057.8 0 57 0
12641.6 0 0 0 11057.8 0 54 0
12679 0 0 0 11057.8 0 63 0
12681.1 0 0 0 11057.8 0 50 0
12712.4 0 0 0 11057.8 0 62 0
12697.1 0 0 0 11057.8 0 60 0
12706.1 0 0 0 11057.8 0 49 0
12704 0 0 0 11057.8 0 44 0
12715.5 0 0 0 11057.8 0 66 0
12709.1 0 0 0 11057.8 0 57 0
12696.4 0 0 0 11057.8 0 63 0
12529.2 0 0 0 11057.8 0 46 0
12526.2 0 0 0 11057.8 0 78 0
12424.4 0 0 0 11057.8 0 31 0
12434 0 0 0 11057.8 0 58 0
12461.2 0 0 0 11057.8 0 71 0
12473 0 0 0 11057.8 0 47 0
12461.6 0 0 0 11057.8 0 36 0
12402.8 0 0 0 11057.8 0 35 0
12376.8 0 0 0 11057.8 0 54 0
12378.6 0 0 0 11057.8 0 58 0
12231.4 0 0 0 11057.8 0 46 0
12147 0 0 0 11057.8 0 51 0
12140.4 0 0 0 11057.8 0 62 0
12098.2 0 0 0 11057.8 0 49 0
12117.8 0 0 0 11057.8 0 48 0
12115.6 0 0 0 11057.8 0 55 0
12123.5 0 0 0 11057.8 0 43 0
12088.4 0 0 0 11057.8 0 64 0
12078 0 0 0 11057.8 0 68 0
12082.5 0 0 0 11057.8 0 69 0
12204.5 0 0 0 11057.8 0 55 0
12166 0 0 0 11057.8 0 44 0
12136.5 0 0 0 11057.8 0 26 0
12125 0 0 0 11057.8 0 53 0
12097.8 0 0 0 11057.8 0 55 0
12074.6 0 0 0 11057.8 0 44 0
12141.6 0 0 0 11057.8 0 47 0
12197.6 0 0 0 11057.8 0 47 0
12230.5 0 0 0 11057.8 0 48 0
12212.8 0 0 0 11057.8 0 53 0
12352.5 0 0 0 11057.8 0 54 0
12398.5 0 0 0 11057.8 0 73 0
12421.2 0 0 0 11057.8 0 53 0
12460.8 0 0 0 11057.8 0 66 0
12435.6 0 0 0 11057.8 0 63 0
12401.6 0 0 0 11057.8 0 55 0
12403.9 0 0 0 11057.8 0 48 0
12430.1 0 0 0 11057.8 0 63 0
12456.4 0 0 0 11057.8 0 61 0
12462 0 0 0 11057.8 0 53 0
12480.9 0 0 0 11057.8 0 50 0
12496.3 0 0 0 11057.8 0 83 0
12627.5 0 0 0 11057.8 0 81 0
12648.2 0 0 0 11057.8 0 72 0
12663.2 0 0 0 11057.8 0 59 0
12665 0 0 0 11057.8 0 51 0
12638 0 0 0 11057.8 0 50 0
12661.4 0 0 0 11057.8 0 44 0
12647.7 0 0 0 11057.8 0 86 0
12667.7 0 0 0 11057.8 0 51 0
12668.9 0 0 0 11057.8 0 77 0
12678.3 0 0 0 11057.8 0 77 0
12620.2 0 0 0 11057.8 0 35 0
12582.9 0 0 0 11057.8 0 39 0
12600.9 0 0 0 11057.8 0 56 0
12621.7 0 0 0 11057.8 0 55 0
12631.1 0 0 0 11057.8 0 46 0
12640.4 0 0 0 11057.8 0 70 0
12631.7 0 0 0 11057.8 0 43 0
12602.9 0 0 0 11057.8 0 63 0
12602.5 0 0 0 11057.8 0 46 0
12633.6 0 0 0 11057.8 0 67 0
12643.2 0 0 0 11057.8 0 46 0
12637.9 0 0 0 11057.8 0 66 0
12642.9 0 0 0 11057.8 0 63 0
12638.6 0 0 0 11057.8 0 52 0
12636.5 0 0 0 11057.8 0 45 0
12513.5 0 0 0 11057.8 0 48 0
12492.8 0 0 0 11057.8 0 49 0
12457.2 0 0 0 11057.8 0 35 0
12474.6 0 0 0 11057.8 0 54 0
12481.6 0 0 0 11057.8 0 89 0
12507.8 0 0 0 11057.8 0 33 0
12490.4 0 0 0 11057.8 0 64 0
12483.5 0 0 0 11057.8 0 64 0
12466.5 0 0 0 11057.8 0 37 0
12442.9 0 0 0 11057.8 0 50 0
12270.1 0 0 0 11057.8 0 45 0
12260.8 0 0 0 11057.8 0 53 0
12285 0 0 0 11057.8 0 40 0
12154.2 0 0 0 11057.8 0 34 0
12117.3 0 0 0 11057.8 0 51 0
12093 0 0 0 11057.8 0 42 0
11968.5 0 0 0 11057.8 0 41 0
11965.4 0 0 0 11057.8 0 58 0
11972.5 0 0 0 11057.8 0 57 0
11966.5 0 0 0 11057.8 0 36 0
12072 0 0 0 11057.8 0 54 0
11974.5 0 0 0 11057.8 0 35 0
11972 0 0 0 11057.8 0 36 0
11964.5 0 0 0 11057.8 0 42 0
11951.7 0 0 0 11057.8 0 88 0
11986.3 0 0 0 11057.8 0 36 0
12032.3 0 0 0 11057.8 0 32 0
11889.5 0 0 0 11057.8 0 35 0
11919.9 0 0 0 11057.8 0 37 0
11939 0 0 0 11057.8 0 37 0
12088.5 0 0 0 11057.8 0 46 0
12103 0 0 0 11057.8 0 47 0
12110 0 0 0 11057.8 0 42 0
12261.9 0 0 0 11057.8 0 68 0
12273.9 0 0 0 11057.8 0 52 0
12308.6 0 0 0 11057.8 0 54 0
12399.7 0 0 0 11057.8 0 38 0
12410.4 0 0 0 11057.8 0 47 0
12412.9 0 0 0 11057.8 0 62 0
12435.1 0 0 0 11057.8 0 60 0
12465.2 0 0 0 11057.8 0 94 0
12537.3 0 0 0 11057.8 0 52 0
12557.2 0 0 0 11057.8 0 69 0
12539.5 0 0 0 11057.8 0 68 0
12543.5 0 0 0 11057.8 0 62 0
12552.5 0 0 0 11057.8 0 56 0
12556.3 0 0 0 11057.8 0 51 0
12679 0 0 0 11057.8 0 55 0
12695.5 0 0 0 11057.8 0 40 0
12695.4 0 0 0 11057.8 0 40 0
12698.7 0 0 0 11057.8 0 47 0
12683.4 0 0 0 11057.8 0 49 0
12694.4 0 0 0 11057.8 0 61 0
12699.7 0 0 0 11057.8 0 53 0
12672 0 0 0 11057.8 0 34 0
12662 0 0 0 11057.8 0 48 0
12670.8 0 0 0 11057.8 0 55 0
12654.1 0 0 0 11057.8 0 35 0
12643.5 0 0 0 11057.8 0 41 0
12644.3 0 0 0 11057.8 0 52 0
12634.5 0 0 0 11057.8 0 44 0
12663.2 0 0 0 11057.8 0 26 0
12654.6 0 0 0 11057.8 0 52 0
12671 0 0 0 11057.8 0 40 0
12541.2 0 0 0 11057.8 0 43 0
12404 0 0 0 11057.8 0 34 0
12409.8 0 0 0 11057.8 0 52 0
12442.8 0 0 0 11057.8 0 56 0
12396.9 0 0 0 11057.8 0 66 0
12236.5 0 0 0 11057.8 0 47 0
12137.8 0 0 0 11057.8 0 50 0
12017 0 0 0 11057.8 0 35 0
12010.3 0 0 0 11057.8 0 51 0
11985.8 0 0 0 11057.8 0 59 0
12039.3 0 0 0 11057.8 0 57 0
12053.7 0 0 0 11057.8 0 42 0
12044.9 0 0 0 11057.8 0 36 0
12067.3 0 0 0 11057.8 0 43 0
12086.9 0 0 0 11057.8 0 57 0
11984.1 0 0 0 11057.8 0 36 0
11992.5 0 0 0 11057.8 0 50 0
11997 0 0 0 11057.8 0 53 0
11993 0 0 0 11057.8 0 62 0
11967.5 0 0 0 11057.8 0 36 0
12110 0 0 0 11057.8 0 45 0
12209 0 0 0 11057.8 0 59 0
12171.6 0 0 0 11057.8 0 46 0
12167.4 0 0 0 11057.8 0 48 0
12194.6 0 0 0 11057.8 0 48 0
12344.1 0 0 0 11057.8 0 42 0
12434.2 0 0 0 11057.8 0 56 0
12541.2 0 0 0 11057.8 0 49 0
12536.9 0 0 0 11057.8 0 47 0
12521.2 0 0 0 11057.8 0 51 0
12484.6 0 0 0 11057.8 0 37 0
12428.4 0 0 0 11057.8 0 36 0
12327.6 0 0 0 11057.8 0 37 0
12280.7 0 0 0 11057.8 0 42 0
12266.4 0 0 0 11057.8 0 59 0
12346.2 0 0 0 11057.8 0 51 0
12328.1 0 0 0 11057.8 0 55 0
12359.1 0 0 0 11057.8 0 44 0
12411.1 0 0 0 11057.8 0 34 0
12414.9 0 0 0 11057.8 0 55 0
12421.8 0 0 0 11057.8 0 49 0
12448.2 0 0 0 11057.8 0 43 0
12473.5 0 0 0 11057.8 0 32 0
12477.6 0 0 0 11057.8 0 34 0
12470.6 0 0 0 11057.8 0 64 0
12474.7 0 0 0 11057.8 0 45 0
12497 0 0 0 11057.8 0 64 0
12518.3 0 0 0 11057.8 0 56 0
12530.4 0 0 0 11057.8 0 52 0
12535.5 0 0 0 11057.8 0 36 0
12540.7 0 0 0 11057.8 0 56 0
12567.8 0 0 0 11057.8 0 55 0
12683 0 0 0 11057.8 0 60 0
12579.6 0 0 0 11057.8 0 28 0
12614.7 0 0 0 11057.8 0 39 0
12562.2 0 0 0 11057.8 0 64 0
12557.2 0 0 0 11057.8 0 57 0
12519.1 0 0 0 11057.8 0 41 0
12482.1 0 0 0 11057.8 0 49 0
12379.2 0 0 0 11057.8 0 49 0
12318.8 0 0 0 11057.8 0 55 0
12281 0 0 0 11057.8 0 53 0
12273 0 0 0 11057.8 0 51 0
12128 0 0 0 11057.8 0 43 0
12134.6 0 0 0 11057.8 0 24 0
12119.5 0 0 0 11057.8 0 58 0
12098.1 0 0 0 11057.8 0 47 0
12064.8 0 0 0 11057.8 0 29 0
12057.8 0 0 0 11057.8 0 52 0
12069.5 0 0 0 11057.8 0 46 0
12091.5 0 0 0 11057.8 0 28 0
12076.8 0 0 0 11057.8 0 43 0
12060 0 0 0 11057.8 0 45 0
12197.8 0 0 0 11057.8 0 67 0
12140.1 0 0 0 11057.8 0 34 0
12199 0 0 0 11057.8 0 47 0
12199.5 0 0 0 11057.8 0 43 0
12215.6 0 0 0 11057.8 0 58 0
12186.5 0 0 0 11057.8 0 26 0
12309 0 0 0 11057.8 0 24 0
12360.7 0 0 0 11057.8 0 62 0
12385.2 0 0 0 11057.8 0 60 0
12415.5 0 0 0 11057.8 0 74 0
12559.8 0 0 0 11057.8 0 56 0
12546 0 0 0 11057.8 0 52 0
12580 0 0 0 11057.8 0 58 0
12470.1 0 0 0 11057.8 0 30 0
12496.5 0 0 0 11057.8 0 51 0
12483.6 0 0 0 11057.8 0 46 0
12388.6 0 0 0 11057.8 0 69 0
12361.5 0 0 0 11057.8 0 58 0
12202.7 0 0 0 11057.8 0 43 0
12231.2 0 0 0 11057.8 0 53 0
12229.8 0 0 0 11057.8 0 54 0
12263.5 0 0 0 11057.8 0 32 0
12259.5 0 0 0 11057.8 0 57 0
12249 0 0 0 11057.8 0 60 0
12246.9 0 0 0 11057.8 0 48 0
12263 0 0 0 11057.8 0 46 0
12251.4 0 0 0 11057.8 0 40 0
12254.5 0 0 0 11057.8 0 50 0
12270.4 0 0 0 11057.8 0 71 0
12225.1 0 0 0 11057.8 0 58 0
12206.4 0 0 0 11057.8 0 53 0
12219.5 0 0 0 11057.8 0 40 0
12185.5 0 0 0 11057.8 0 46 0
12326.8 0 0 0 11057.8 0 40 0
12339.5 0 0 0 11057.8 0 44 0
12384.1 0 0 0 11057.8 0 43 0
12489.6 0 0 0 11057.8 0 32 0
12504.4 0 0 0 11057.8 0 43 0
12681.6 0 0 0 11057.8 0 65 0
12692.6 0 0 0 11057.8 0 53 0
12700.9 0 0 0 11057.8 0 53 0
12721.5 0 0 0 11057.8 0 54 0
12727.3 0 0 0 11057.8 0 74 0
12716.1 0 0 0 11057.8 0 51 0
12710.8 0 0 0 11057.8 0 55 0
12711.1 0 0 0 11057.8 0 43 0
12543 0 0 0 11057.8 0 29 0
12533.5 0 0 0 11057.8 0 34 0
12546 0 0 0 11057.8 0 36 0
12574.3 0 0 0 11057.8 0 40 0
12421.9 0 0 0 11057.8 0 36 0
12425.3 0 0 0 11057.8 0 33 0
12437.5 0 0 0 11057.8 0 42 0
12407.4 0 0 0 11057.8 0 54 0
12377.9 0 0 0 11057.8 0 46 0
12356.9 0 0 0 11057.8 0 49 0
12338.4 0 0 0 11057.8 0 27 0
12315.9 0 0 0 11057.8 0 38 0
12302.9 0 0 0 11057.8 0 44 0
12267.8 0 0 0 11057.8 0 36 0
12235.5 0 0 0 11057.8 0 36 0
12214 0 0 0 11057.8 0 38 0
12230.3 0 0 0 11057.8 0 65 0
12087.6 0 0 0 11057.8 0 49 0
12091.8 0 0 0 11057.8 0 67 0
12102.5 0 0 0 11057.8 0 46 0
12268.2 0 0 0 11057.8 0 40 0
12229.4 0 0 0 11057.8 0 44 0
12185.2 0 0 0 11057.8 0 49 0
12180.8 0 0 0 11057.8 0 54 0
12321 0 0 0 11057.8 0 41 0
12293.4 0 0 0 11057.8 0 51 0
12268.8 0 0 0 11057.8 0 50 0
12290.1 0 0 0 11057.8 0 41 0
12318.2 0 0 0 11057.8 0 60 0
12144.4 0 0 0 11057.8 0 49 0
12168.9 0 0 0 11057.8 0 81 0
12194.8 0 0 0 11057.8 0 36 0
12207.7 0 0 0 11057.8 0 46 0
12243.4 0 0 0 11057.8 0 50 0
12250.1 0 0 0 11057.8 0 34 0
12248.1 0 0 0 11057.8 0 42 0
12216.7 0 0 0 11057.8 0 49 0
12365.6 0 0 0 11057.8 0 32 0
12363 0 0 0 11057.8 0 41 0
12344.7 0 0 0 11057.8 0 52 0
12345.6 0 0 0 11057.8 0 49 0
12375.8 0 0 0 11057.8 0 39 0
12393.6 0 0 0 11057.8 0 40 0
12399 0 0 0 11057.8 0 37 0
12427.4 0 0 0 11057.8 0 49 0
12435.6 0 0 0 11057.8 0 38 0
12423.5 0 0 0 11057.8 0 46 0
12430.5 0 0 0 11057.8 0 50 0
12428.2 0 0 0 11057.8 0 56 0
12590.2 0 0 0 11057.8 0 54 0
12590.4 0 0 0 11057.8 0 58 0
12593.4 0 0 0 11057.8 0 37 0
12578.1 0 0 0 11057.8 0 51 0
12528.3 0 0 0 11057.8 0 42 0
12565.6 0 0 0 11057.8 0 57 0
12572.5 0 0 0 11057.8 0 26 0
12587.9 0 0 0 11057.8 0 41 0
12616.6 0 0 0 11057.8 0 40 0
12641.7 0 0 0 11057.8 0 63 0
12669.5 0 0 0 11057.8 0 47 0
12673.6 0 0 0 11057.8 0 53 0
12650 0 0 0 11057.8 0 38 0
12666.5 0 0 0 11057.8 0 48 0
12636.4 0 0 0 11057.8 0 60 0
12595.5 0 0 0 11057.8 0 42 0
12579.2 0 0 0 11057.8 0 61 0
12492.6 0 0 0 11057.8 0 42 0
12438.9 0 0 0 11057.8 0 46 0
12427 0 0 0 11057.8 0 38 0
12425.6 0 0 0 11057.8 0 39 0
12425.8 0 0 0 11057.8 0 47 0
12380.4 0 0 0 11057.8 0 30 0
12312.4 0 0 0 11057.8 0 45 0
12313.7 0 0 0 11057.8 0 38 0
12124.4 0 0 0 11057.8 0 40 0
12105.8 0 0 0 11057.8 0 48 0
12115.5 0 0 0 11057.8 0 40 0
11987 0 0 0 11057.8 0 30 0
11965.8 0 0 0 11057.8 0 42 0
11838.5 0 0 0 11057.8 0 41 0
11845.2 0 0 0 11057.8 0 52 0
11751.2 0 0 0 11057.8 0 37 0
11694.9 0 0 0 11057.8 0 27 0
11608 0 0 0 11057.8 0 64 0
11641.9 0 0 0 11057.8 0 39 0
11664.6 0 0 0 11057.8 0 31 0
11606.6 0 0 0 11057.8 0 42 0
11640.1 0 0 0 11057.8 0 51 0
11647 0 0 0 11057.8 0 46 0
11619.2 0 0 0 11057.8 0 40 0
11611.1 0 0 0 11057.8 0 25 0
11638.9 0 0 0 11057.8 0 55 0
11730.9 0 0 0 11057.8 0 46 0
11777.2 0 0 0 11057.8 0 39 0
11952.8 0 0 0 11057.8 0 41 0
11957 0 0 0 11057.8 0 37 0
11951 0 0 0 11057.8 0 28 0
12073.1 0 0 0 11057.8 0 42 0
12068.1 0 0 0 11057.8 0 45 0
12181.9 0 0 0 11057.8 0 63 0
12172.5 0 0 0 11057.8 0 54 0
12299.9 0 0 0 11057.8 0 39 0
12334.4 0 0 0 11057.8 0 55 0
12431.5 0 0 0 11057.8 0 62 0
12409.3 0 0 0 11057.8 0 31 0
12405.2 0 0 0 11057.8 0 43 0
12591.1 0 0 0 11057.8 0 31 0
12610 0 0 0 11057.8 0 40 0
12630 0 0 0 11057.8 0 52 0
12549.9 0 0 0 11057.8 0 25 0
12562.5 0 0 0 11057.8 0 41 0
12572.9 0 0 0 11057.8 0 39 0
12573.7 0 0 0 11057.8 0 41 0
12548.6 0 0 0 11057.8 0 41 0
12559.5 0 0 0 11057.8 0 46 0
12549.9 0 0 0 11057.8 0 31 0
12536.6 0 0 0 11057.8 0 48 0
12536.9 0 0 0 11057.8 0 44 0
12541.8 0 0 0 11057.8 0 38 0
12461.6 0 0 0 11057.8 0 30 0
